"","SITEVISITID","METHOD","OBS_YEAR","REGION","REGION_NAME","ISLAND","ANALYSIS_SEC","ANALYSIS_YEAR","ANALYSIS_STRATA","SEC_NAME","DATE_","REEF_ZONE","DEPTH_BIN","LATITUDE","LONGITUDE","DEPTH","HARD_CORAL","SOFT_CORAL","MA","CCA","TA","SAND","CYANO","OTHER_BENTHIC","ComplexityValue","MEAN_SH","SD_SH_DIFF","MAX_HEIGHT","nCounts","nReps","PISCIVORE","PLANKTIVORE","PRIMARY","SECONDARY","TotFish","Parrotfish","ABAB_abund","ABSO_abund","ABSP_abund","ABSX_abund","ABVA_abund","ACAC_abund","ACAL_abund","ACAN_abund","ACBL_abund","ACDU_abund","ACGU_abund","ACLE_abund","ACLI_abund","ACLU_abund","ACMA_abund","ACMT_abund","ACNC_abund","ACNF_abund","ACNI_abund","ACNR_abund","ACNU_abund","ACOL_abund","ACPY_abund","ACSO_abund","ACSP_abund","ACTH_abund","ACTR_abund","ACXA_abund","AENA_abund","AERO_abund","ALSC_abund","AMBI_abund","AMCH_abund","AMCL_abund","AMCU_abund","AMFA_abund","AMGU_abund","AMME_abund","AMPE_abund","AMPH_abund","AMSC_abund","ANCA_abund","ANCH_abund","ANCO_abund","ANCU_abund","ANLE_abund","ANME_abund","ANMG_abund","ANSP_abund","ANTH_abund","ANTW_abund","APAN_abund","APAP_abund","APAR_abund","APEX_abund","APFR_abund","APFU_abund","APGR_abund","APKA_abund","APLU_abund","APMA_abund","APNO_abund","APSP_abund","APTR_abund","APVI_abund","APXA_abund","ARBI_abund","ARHI_abund","ARMA_abund","ARME_abund","ARNI_abund","ARST_abund","ASTA_abund","AUCH_abund","BACO_abund","BAPO_abund","BAUN_abund","BAVI_abund","BECH_abund","BIGE_abund","BLCH_abund","BLEN_abund","BOAN_abund","BOAX_abund","BOBI_abund","BODI_abund","BOLO_abund","BOMA_abund","BOME_abund","BOMU_abund","BOPR_abund","BOSA_abund","BOXF_abund","BRMU_abund","BUTT_abund","CAAM_abund","CABE_abund","CACA_abund","CACE_abund","CACO_abund","CADU_abund","CAEP_abund","CAJA_abund","CAJN_abund","CALN_abund","CAMC_abund","CAPA_abund","CARD_abund","CARI_abund","CASA_abund","CASO_abund","CATE_abund","CATY_abund","CAVA_abund","CAVE_abund","CAZO_abund","CEAR_abund","CEBC_abund","CEBI_abund","CEFI_abund","CEFL_abund","CEFV_abund","CEHE_abund","CEIN_abund","CELE_abund","CELO_abund","CEMI_abund","CEML_abund","CEMU_abund","CEOC_abund","CEPO_abund","CESH_abund","CESO_abund","CESP_abund","CESS_abund","CESX_abund","CEUR_abund","CEVR_abund","CHAC_abund","CHAG_abund","CHAL_abund","CHAM_abund","CHAP_abund","CHAR_abund","CHAU_abund","CHBE_abund","CHBI_abund","CHBR_abund","CHCA_abund","CHCH_abund","CHCI_abund","CHCL_abund","CHCY_abund","CHEI_abund","CHEP_abund","CHFA_abund","CHFL_abund","CHFN_abund","CHFR_abund","CHFU_abund","CHGL_abund","CHHA_abund","CHIN_abund","CHIO_abund","CHJA_abund","CHJO_abund","CHKL_abund","CHLC_abund","CHLE_abund","CHLI_abund","CHLT_abund","CHLU_abund","CHMA_abund","CHMC_abund","CHMD_abund","CHME_abund","CHMI_abund","CHML_abund","CHMR_abund","CHMU_abund","CHOR_abund","CHOV_abund","CHOX_abund","CHPE_abund","CHPU_abund","CHPW_abund","CHQN_abund","CHQU_abund","CHRA_abund","CHRE_abund","CHSE_abund","CHSO_abund","CHSP_abund","CHTA_abund","CHTE_abund","CHTI_abund","CHTL_abund","CHTR_abund","CHTY_abund","CHUB_abund","CHUD_abund","CHUL_abund","CHUN_abund","CHVA_abund","CHVE_abund","CHVG_abund","CHVR_abund","CHWE_abund","CHXA_abund","CIEX_abund","CIFA_abund","CIFL_abund","CIHU_abund","CIJO_abund","CIKA_abund","CILB_abund","CIOB_abund","CIOX_abund","CIPI_abund","CIPO_abund","CIPU_abund","CISP_abund","CISR_abund","CIST_abund","CIVA_abund","CIVR_abund","CLSP_abund","COAY_abund","COBA_abund","COCE_abund","CODO_abund","COFF_abund","COFL_abund","COGA_abund","CONG_abund","COVE_abund","CTBI_abund","CTCY_abund","CTFL_abund","CTHA_abund","CTMA_abund","CTSP_abund","CTSR_abund","CTST_abund","CYLE_abund","CYPR_abund","DAAL_abund","DAAR_abund","DAAU_abund","DALA_abund","DAMS_abund","DARE_abund","DART_abund","DASY_abund","DATR_abund","DEBA_abund","DIHO_abund","DIHY_abund","DOEX_abund","DOTT_abund","ECBC_abund","ECMI_abund","ECNA_abund","ECNE_abund","ECOP_abund","EMPE_abund","ENCA_abund","ENPA_abund","ENPU_abund","EPFA_abund","EPHE_abund","EPHO_abund","EPIN_abund","EPLA_abund","EPMA_abund","EPMC_abund","EPME_abund","EPML_abund","EPPO_abund","EPQU_abund","EPRE_abund","EPSL_abund","EPSO_abund","EPSP_abund","EPTA_abund","EVSP_abund","EXBR_abund","FICO_abund","FILE_abund","FOFL_abund","FOLO_abund","FUDU_abund","GARD_abund","GEPE_abund","GEWA_abund","GNAU_abund","GOAT_abund","GOBI_abund","GOCI_abund","GOVA_abund","GOVI_abund","GRAL_abund","GRBI_abund","GROU_abund","GRSE_abund","GUCU_abund","GYBR_abund","GYEU_abund","GYFL_abund","GYJA_abund","GYME_abund","GYMT_abund","GYRU_abund","GYSP_abund","GYST_abund","GYUN_abund","GYZE_abund","HABI_abund","HACH_abund","HAHO_abund","HALF_abund","HAMA_abund","HAME_abund","HAML_abund","HAMT_abund","HAOR_abund","HAPR_abund","HASP_abund","HATR_abund","HAWK_abund","HEAC_abund","HECH_abund","HECR_abund","HEDI_abund","HEFA_abund","HEME_abund","HEMO_abund","HEPO_abund","HESI_abund","HETH_abund","HEVA_abund","HIFA_abund","HILO_abund","HOAN_abund","HODO_abund","HOST_abund","HYAC_abund","INAN_abund","INPA_abund","INUM_abund","ISDE_abund","ISSP_abund","KUSA_abund","KYCI_abund","KYHA_abund","KYPA_abund","KYSA_abund","KYVA_abund","LABI_abund","LADI_abund","LAFO_abund","LAPE_abund","LAPH_abund","LARU_abund","LAUN_abund","LAXA_abund","LEAM_abund","LEER_abund","LEHA_abund","LEOB_abund","LEOL_abund","LERU_abund","LETA_abund","LETH_abund","LEXA_abund","LIZA_abund","LUBO_abund","LUFU_abund","LUGI_abund","LUKA_abund","LUMO_abund","LUSE_abund","LUWH_abund","MABI_abund","MABR_abund","MACO_abund","MAGE_abund","MALA_abund","MAMA_abund","MAME_abund","MANE_abund","MANI_abund","MEAT_abund","MENI_abund","MEVI_abund","MOGR_abund","MORA_abund","MUFL_abund","MUMI_abund","MUPF_abund","MUVA_abund","MYAD_abund","MYAM_abund","MYBE_abund","MYCH_abund","MYEA_abund","MYKU_abund","MYMA_abund","MYMU_abund","MYSP_abund","MYVI_abund","MYVL_abund","MYWO_abund","NAAN_abund","NABH_abund","NABR_abund","NACA_abund","NAHE_abund","NALI_abund","NALO_abund","NAMA_abund","NASP_abund","NATH_abund","NATO_abund","NAUN_abund","NAVL_abund","NEAG_abund","NEAR_abund","NEAU_abund","NEED_abund","NEHE_abund","NEMA_abund","NEME_abund","NEOP_abund","NESA_abund","NESP_abund","NOTA_abund","ODNI_abund","OPFA_abund","OPPU_abund","OSCU_abund","OSME_abund","OSWH_abund","OXBI_abund","OXDI_abund","OXLO_abund","OXSP_abund","OXTY_abund","OXUN_abund","PAAR_abund","PABA_abund","PACH_abund","PACL_abund","PACR_abund","PACY_abund","PAFO_abund","PAHE_abund","PAHP_abund","PAIN_abund","PAMI_abund","PAMU_abund","PAPL_abund","PAPO_abund","PAPR_abund","PARR_abund","PASC_abund","PAXA_abund","PEAS_abund","PECA_abund","PEJA_abund","PEMA_abund","PEME_abund","PEOU_abund","PERV_abund","PESP_abund","PIPE_abund","PLAB_abund","PLAL_abund","PLAR_abund","PLDI_abund","PLEW_abund","PLGI_abund","PLGO_abund","PLIM_abund","PLJO_abund","PLLA_abund","PLLD_abund","PLLE_abund","PLLV_abund","PLOR_abund","PLPH_abund","PLPI_abund","PLRH_abund","PLSI_abund","PLTA_abund","PLTE_abund","PLVI_abund","POBR_abund","POCO_abund","POGU_abund","POIM_abund","POPA_abund","POPH_abund","POPU_abund","PORI_abund","POSE_abund","POVA_abund","PRHA_abund","PRME_abund","PROL_abund","PSAT_abund","PSAU_abund","PSBA_abund","PSBI_abund","PSCE_abund","PSCO_abund","PSDI_abund","PSEV_abund","PSFL_abund","PSFU_abund","PSHE_abund","PSHT_abund","PSHW_abund","PSMA_abund","PSMO_abund","PSOC_abund","PSOL_abund","PSOT_abund","PSPA_abund","PSSP_abund","PSTE_abund","PSTH_abund","PSYA_abund","PTAN_abund","PTCR_abund","PTEN_abund","PTEV_abund","PTHE_abund","PTMA_abund","PTMI_abund","PTSP_abund","PTTI_abund","PTTR_abund","PTVO_abund","PTZE_abund","PUFF_abund","PYDI_abund","RABB_abund","RHAC_abund","RHLU_abund","RHRE_abund","SACA_abund","SADI_abund","SAEN_abund","SAFL_abund","SAGR_abund","SAMI_abund","SAPP_abund","SAPU_abund","SASP_abund","SATI_abund","SAXA_abund","SCAL_abund","SCCA_abund","SCDI_abund","SCDM_abund","SCDU_abund","SCFE_abund","SCFO_abund","SCFR_abund","SCFU_abund","SCGH_abund","SCGL_abund","SCLI_abund","SCNI_abund","SCOV_abund","SCPA_abund","SCPP_abund","SCPS_abund","SCRU_abund","SCSC_abund","SCSI_abund","SCSP_abund","SCTI_abund","SCTR_abund","SCXA_abund","SEBA_abund","SECO_abund","SECY_abund","SEOX_abund","SESP_abund","SIAR_abund","SIPN_abund","SISI_abund","SISP_abund","SNDP_abund","SOLD_abund","SPBA_abund","SPDE_abund","SPHE_abund","SPQE_abund","STAL_abund","STAU_abund","STBA_abund","STBN_abund","STFA_abund","STLI_abund","STNI_abund","STSP_abund","STST_abund","STTR_abund","SUBU_abund","SUCH_abund","SUFR_abund","SURG_abund","SWEE_abund","SYBI_abund","SYDE_abund","SYUL_abund","SYVA_abund","TAME_abund","TATR_abund","THAM_abund","THBA_abund","THDQ_abund","THDU_abund","THHA_abund","THLN_abund","THLU_abund","THPU_abund","THQU_abund","THSP_abund","THTR_abund","TRIG_abund","TYCR_abund","UPTA_abund","VAAL_abund","VALO_abund","VAST_abund","WRAS_abund","XAAU_abund","XACA_abund","XAME_abund","ZACO_abund","ZEFL_abund","ZERO_abund","ZESC_abund","ZEVE_abund","ABAB","ABSO","ABSP","ABSX","ABVA","ACAC","ACAL","ACAN","ACBL","ACDU","ACGU","ACLE","ACLI","ACLU","ACMA","ACMT","ACNC","ACNF","ACNI","ACNR","ACNU","ACOL","ACPY","ACSO","ACSP","ACTH","ACTR","ACXA","AENA","AERO","ALSC","AMBI","AMCH","AMCL","AMCU","AMFA","AMGU","AMME","AMPE","AMPH","AMSC","ANCA","ANCH","ANCO","ANCU","ANLE","ANME","ANMG","ANSP","ANTH","ANTW","APAN","APAP","APAR","APEX","APFR","APFU","APGR","APKA","APLU","APMA","APNO","APSP","APTR","APVI","APXA","ARBI","ARHI","ARMA","ARME","ARNI","ARST","ASTA","AUCH","BACO","BAPO","BAUN","BAVI","BECH","BIGE","BLCH","BLEN","BOAN","BOAX","BOBI","BODI","BOLO","BOMA","BOME","BOMU","BOPR","BOSA","BOXF","BRMU","BUTT","CAAM","CABE","CACA","CACE","CACO","CADU","CAEP","CAJA","CAJN","CALN","CAMC","CAPA","CARD","CARI","CASA","CASO","CATE","CATY","CAVA","CAVE","CAZO","CEAR","CEBC","CEBI","CEFI","CEFL","CEFV","CEHE","CEIN","CELE","CELO","CEMI","CEML","CEMU","CEOC","CEPO","CESH","CESO","CESP","CESS","CESX","CEUR","CEVR","CHAC","CHAG","CHAL","CHAM","CHAP","CHAR","CHAU","CHBE","CHBI","CHBR","CHCA","CHCH","CHCI","CHCL","CHCY","CHEI","CHEP","CHFA","CHFL","CHFN","CHFR","CHFU","CHGL","CHHA","CHIN","CHIO","CHJA","CHJO","CHKL","CHLC","CHLE","CHLI","CHLT","CHLU","CHMA","CHMC","CHMD","CHME","CHMI","CHML","CHMR","CHMU","CHOR","CHOV","CHOX","CHPE","CHPU","CHPW","CHQN","CHQU","CHRA","CHRE","CHSE","CHSO","CHSP","CHTA","CHTE","CHTI","CHTL","CHTR","CHTY","CHUB","CHUD","CHUL","CHUN","CHVA","CHVE","CHVG","CHVR","CHWE","CHXA","CIEX","CIFA","CIFL","CIHU","CIJO","CIKA","CILB","CIOB","CIOX","CIPI","CIPO","CIPU","CISP","CISR","CIST","CIVA","CIVR","CLSP","COAY","COBA","COCE","CODO","COFF","COFL","COGA","CONG","COVE","CTBI","CTCY","CTFL","CTHA","CTMA","CTSP","CTSR","CTST","CYLE","CYPR","DAAL","DAAR","DAAU","DALA","DAMS","DARE","DART","DASY","DATR","DEBA","DIHO","DIHY","DOEX","DOTT","ECBC","ECMI","ECNA","ECNE","ECOP","EMPE","ENCA","ENPA","ENPU","EPFA","EPHE","EPHO","EPIN","EPLA","EPMA","EPMC","EPME","EPML","EPPO","EPQU","EPRE","EPSL","EPSO","EPSP","EPTA","EVSP","EXBR","FICO","FILE","FOFL","FOLO","FUDU","GARD","GEPE","GEWA","GNAU","GOAT","GOBI","GOCI","GOVA","GOVI","GRAL","GRBI","GROU","GRSE","GUCU","GYBR","GYEU","GYFL","GYJA","GYME","GYMT","GYRU","GYSP","GYST","GYUN","GYZE","HABI","HACH","HAHO","HALF","HAMA","HAME","HAML","HAMT","HAOR","HAPR","HASP","HATR","HAWK","HEAC","HECH","HECR","HEDI","HEFA","HEME","HEMO","HEPO","HESI","HETH","HEVA","HIFA","HILO","HOAN","HODO","HOST","HYAC","INAN","INPA","INUM","ISDE","ISSP","KUSA","KYCI","KYHA","KYPA","KYSA","KYVA","LABI","LADI","LAFO","LAPE","LAPH","LARU","LAUN","LAXA","LEAM","LEER","LEHA","LEOB","LEOL","LERU","LETA","LETH","LEXA","LIZA","LUBO","LUFU","LUGI","LUKA","LUMO","LUSE","LUWH","MABI","MABR","MACO","MAGE","MALA","MAMA","MAME","MANE","MANI","MEAT","MENI","MEVI","MOGR","MORA","MUFL","MUMI","MUPF","MUVA","MYAD","MYAM","MYBE","MYCH","MYEA","MYKU","MYMA","MYMU","MYSP","MYVI","MYVL","MYWO","NAAN","NABH","NABR","NACA","NAHE","NALI","NALO","NAMA","NASP","NATH","NATO","NAUN","NAVL","NEAG","NEAR","NEAU","NEED","NEHE","NEMA","NEME","NEOP","NESA","NESP","NOTA","ODNI","OPFA","OPPU","OSCU","OSME","OSWH","OXBI","OXDI","OXLO","OXSP","OXTY","OXUN","PAAR","PABA","PACH","PACL","PACR","PACY","PAFO","PAHE","PAHP","PAIN","PAMI","PAMU","PAPL","PAPO","PAPR","PARR","PASC","PAXA","PEAS","PECA","PEJA","PEMA","PEME","PEOU","PERV","PESP","PIPE","PLAB","PLAL","PLAR","PLDI","PLEW","PLGI","PLGO","PLIM","PLJO","PLLA","PLLD","PLLE","PLLV","PLOR","PLPH","PLPI","PLRH","PLSI","PLTA","PLTE","PLVI","POBR","POCO","POGU","POIM","POPA","POPH","POPU","PORI","POSE","POVA","PRHA","PRME","PROL","PSAT","PSAU","PSBA","PSBI","PSCE","PSCO","PSDI","PSEV","PSFL","PSFU","PSHE","PSHT","PSHW","PSMA","PSMO","PSOC","PSOL","PSOT","PSPA","PSSP","PSTE","PSTH","PSYA","PTAN","PTCR","PTEN","PTEV","PTHE","PTMA","PTMI","PTSP","PTTI","PTTR","PTVO","PTZE","PUFF","PYDI","RABB","RHAC","RHLU","RHRE","SACA","SADI","SAEN","SAFL","SAGR","SAMI","SAPP","SAPU","SASP","SATI","SAXA","SCAL","SCCA","SCDI","SCDM","SCDU","SCFE","SCFO","SCFR","SCFU","SCGH","SCGL","SCLI","SCNI","SCOV","SCPA","SCPP","SCPS","SCRU","SCSC","SCSI","SCSP","SCTI","SCTR","SCXA","SEBA","SECO","SECY","SEOX","SESP","SIAR","SIPN","SISI","SISP","SNDP","SOLD","SPBA","SPDE","SPHE","SPQE","STAL","STAU","STBA","STBN","STFA","STLI","STNI","STSP","STST","STTR","SUBU","SUCH","SUFR","SURG","SWEE","SYBI","SYDE","SYUL","SYVA","TAME","TATR","THAM","THBA","THDQ","THDU","THHA","THLN","THLU","THPU","THQU","THSP","THTR","TRIG","TYCR","UPTA","VAAL","VALO","VAST","WRAS","XAAU","XACA","XAME","ZACO","ZEFL","ZERO","ZESC","ZEVE","X2002","X2003","X2004","X2005","X2006","X2007","X2008","X2009","X2010","X2011","X2012","SITE"
"1",1779,"nSPC",2009,"PRIAs","Pacific Remote Island Areas","Wake","Wake",2009,"ForereefMid","Wake","2009-03-22","Forereef","Mid",19.32046,166.60214,14,NA,NA,NA,NA,NA,NA,NA,0,NA,NA,NA,NA,2,1,2.60649299670546,0.474181965021965,37.0786159815557,1.40374040248709,41.5630313457702,6.23442191205004,0,0,0,0,0,0,0,0,0,0,0,0,0,0,0,0,0,0,0,0.0367824757367936,0,0,0,0,0,0,0,0,0,0,0,0,0,0,0,0,0,0,0,0,0,0,0,0,0,0,0,0,0,0,0,0,0,0,0,0,0,0,0,0,0,0,0,0,0,0,0,0,0,0,0,0,0,0,0,0,0,0,0,0,0,0,0,0,0,0,0,0,0,0,0,0,0,0,0,0,0,0,0,0,0,0,0,0,0,0,0,0,0,0,0,0,0,0,0,0,0.00565884242104517,0,0,0,0.0169765272631355,0,0,0,0,0.00848826363156775,0,0,0,0,0,0,0,0,0,0,0,0,0.33953054526271,0.226353696841807,0,0,0,0,0,0,0,0,0,0,0,0,0,0,0,0,0,0.00282942121052258,0,0,0,0,0,0,0,0,0,0,0,0,0,0,0,0,0,0,0,0,0,0,0.00282942121052258,0,0,0,0.0113176848420903,0,0,0,0,0,0,0.00848826363156775,0,0,0,0,0,0.00282942121052258,0,0.0509295817894065,0,0,0,0,0,0,0,0,0,0,0,0,0,0,0,0,0,0,0,0,0,0,0,0,0,0,0,0,0,0,0,0,0,0,0,0,0,0.0198059484736581,0,0,0,0,0.00848826363156775,0,0,0,0,0,0,0,0,0,0,0,0,0,0,0,0,0,0,0,0,0,0,0,0,0,0,0,0,0,0,0,0,0,0,0,0,0,0,0,0,0,0,0,0,0,0,0,0,0,0,0,0,0,0,0,0,0.00565884242104517,0,0,0,0,0,0,0,0,0,0,0,0,0,0,0,0,0,0,0,0,0,0,0,0,0,0.00282942121052258,0,0,0,0,0,0,0,0,0,0,0,0,0,0,0,0,0,0,0,0,0,0,0,0,0,0,0,0,0,0,0,0,0.00282942121052258,0,0,0,0,0,0,0,0,0,0,0,0,0,0,0,0,0,0,0,0,0,0,0,0,0,0,0,0,0,0,0,0,0,0,0,0.00848826363156775,0,0,0,0,0,0,0,0,0,0,0,0,0,0,0,0,0,0,0,0,0,0,0,0,0,0,0,0,0,0,0,0,0,0,0,0,0,0,0,0,0,0,0,0,0,0,0,0,0,0,0,0,0,0,0.00565884242104517,0,0,0,0,0,0.00565884242104517,0.00565884242104517,0,0,0,0,0,0,0,0,0,0,0,0,0,0,0,0,0,0,0,0,0,0,0.00282942121052258,0,0,0,0,0,0,0,0,0,0,0,0,0,0,0,0,0,0,0,0,0,0,0,0,0,0,0,0,0,0,0,0,0,0,0,0,0,0,0,0,0,0,0,0,0,0,0,0,0.00565884242104517,0,0,0,0,0,0,0,0,0,0,0,0,0,0,0,0,0,0,0,0,0,0,0,0,0,0,0,0,0,0,0,0,0,0,0,0,0,0,0,0,0,0,0,0,0,0,0,0,0,0,0,0,0,0,0,0,0,0,0,0,0,0,0,0,0,0,0,0,0,0,0,0,0,0,0,0,0.0198059484736581,0,0.00565884242104517,0,0,0,0,0,0,0,0,0,0,0,0,0,0,0,0,0,0,0,0,0.0113176848420903,0,0,0,0,0,0,0,0,0,0,0,0,0,0,0,0.0113176848420903,0,0,0,0,0,0,0,0,0,0,0,0,0,0,0,0,0,0,0,0,0,0,0.845381989813543,0,0,0,0,0,0,0,0,0,0,0,0,0,0,0,0,0,0,0,0,0,0,0,0,0,0,0,0,0,0,0,0,0,0,0,0,0,0,0,0,0,0,0,0,0,0,0,0,0,0,0,0,0,0,0,0,0,0,0,0,0,0,0,0,0,0,0,0,0,0,0,0,0,0,0,0,0,0,0,0,0,0,0,0,0,0,0,0,0,0,0,0,0,0,0,0,1.6737264362946,0,0,0,0.0986012980061521,0,0,0,0,0.0166549502350164,0,0,0,0,0,0,0,0,0,0,0,0,0.344555597332598,0.111012341194854,0,0,0,0,0,0,0,0,0,0,0,0,0,0,0,0,0,2.61406806815013,0,0,0,0,0,0,0,0,0,0,0,0,0,0,0,0,0,0,0,0,0,0,0.473834272303141,0,0,0,0.167817336275698,0,0,0,0,0,0,3.62035384389991,0,0,0,0,0,0.274226282319535,0,25.0895519144038,0,0,0,0,0,0,0,0,0,0,0,0,0,0,0,0,0,0,0,0,0,0,0,0,0,0,0,0,0,0,0,0,0,0,0,0,0,0.748524718429826,0,0,0,0,0.297548933735355,0,0,0,0,0,0,0,0,0,0,0,0,0,0,0,0,0,0,0,0,0,0,0,0,0,0,0,0,0,0,0,0,0,0,0,0,0,0,0,0,0,0,0,0,0,0,0,0,0,0,0,0,0,0,0,0,0.0695461558911918,0,0,0,0,0,0,0,0,0,0,0,0,0,0,0,0,0,0,0,0,0,0,0,0,0,0.0192672266751746,0,0,0,0,0,0,0,0,0,0,0,0,0,0,0,0,0,0,0,0,0,0,0,0,0,0,0,0,0,0,0,0,0.0174192156537166,0,0,0,0,0,0,0,0,0,0,0,0,0,0,0,0,0,0,0,0,0,0,0,0,0,0,0,0,0,0,0,0,0,0,0,2.52798754532316,0,0,0,0,0,0,0,0,0,0,0,0,0,0,0,0,0,0,0,0,0,0,0,0,0,0,0,0,0,0,0,0,0,0,0,0,0,0,0,0,0,0,0,0,0,0,0,0,0,0,0,0,0,0,0.0436399107154559,0,0,0,0,0,0.0620352706152356,0.870731289795625,0,0,0,0,0,0,0,0,0,0,0,0,0,0,0,0,0,0,0,0,0,0,0.0144052111636416,0,0,0,0,0,0,0,0,0,0,0,0,0,0,0,0,0,0,0,0,0,0,0,0,0,0,0,0,0,0,0,0,0,0,0,0,0,0,0,0,0,0,0,0,0,0,0,0,0.0186140264945133,0,0,0,0,0,0,0,0,0,0,0,0,0,0,0,0,0,0,0,0,0,0,0,0,0,0,0,0,0,0,0,0,0,0,0,0,0,0,0,0,0,0,0,0,0,0,0,0,0,0,0,0,0,0,0,0,0,0,0,0,0,0,0,0,0,0,0,0,0,0,0,0,0,0,0,0,0.202582750791925,0,0.0117081242034977,0,0,0,0,0,0,0,0,0,0,0,0,0,0,0,0,0,0,0,0,0.323584791489532,0,0,0,0,0,0,0,0,0,0,0,0,0,0,0,1.00565184456341,0,0,0,94.83250161,134.1257023,138.4119025,122.8783021,103.3462018,96.47900168,117.984602,102.6093018,107.160202,110.2325019,132.0614023,"WAK-00007"
"2",1780,"nSPC",2009,"PRIAs","Pacific Remote Island Areas","Wake","Wake",2009,"ForereefMid","Wake","2009-03-22","Forereef","Mid",19.31654,166.59824,13,NA,NA,NA,NA,NA,NA,NA,0,NA,NA,NA,NA,2,1,3.03772785913175,5.2512350960425,25.0435516666999,3.35661089906761,36.6891255209418,9.96011623786156,0,0,0,0,0,0,0,0,0,0,0,0,0,0,0,0,0,0,0,0.0311236333157484,0,0,0,0,0,0.0226353696841807,0,0,0,0,0,0,0,0,0,0,0,0,0,0,0,0,0,0,0,0,0,0,0,0,0,0,0,0,0,0,0,0,0,0,0,0,0,0,0,0,0,0,0,0,0,0,0,0,0,0,0,0,0,0,0,0,0,0,0,0,0,0,0,0,0,0,0,0,0,0,0,0,0,0,0,0,0,0,0,0,0,0,0,0,0,0,0,0,0,0,0.0113176848420903,0,0,0,0.0169765272631355,0,0,0,0,0.00565884242104517,0,0,0,0,0,0,0,0,0,0,0,0,0.565884242104517,0.135812218105084,0,0,0,0,0,0,0,0,0,0,0,0,0,0,0,0,0,0.00282942121052258,0,0,0,0,0,0,0,0,0,0,0,0,0,0.00282942121052258,0,0,0,0,0,0,0,0,0.00282942121052258,0,0,0,0,0,0,0,0,0,0,0.0169765272631355,0,0,0,0,0.00282942121052258,0,0,0.0141471060526129,0,0,0,0,0,0,0,0,0,0,0,0,0,0,0,0,0,0,0,0,0,0,0,0,0,0,0,0,0,0,0,0,0,0,0,0,0,0.033953054526271,0,0,0,0,0,0,0,0,0,0,0,0,0,0,0,0,0,0,0,0,0,0,0,0,0,0,0,0,0,0,0,0,0,0,0,0,0,0,0,0,0,0,0,0.00282942121052258,0,0,0,0,0,0,0,0,0,0,0,0,0,0,0,0,0,0.00565884242104517,0,0,0,0,0,0,0,0,0,0,0,0,0,0,0,0,0,0,0,0,0,0,0,0,0,0,0,0,0,0,0,0,0,0,0,0,0,0,0,0.0424413181578388,0,0,0,0,0,0,0,0,0,0,0,0,0,0,0,0,0,0,0.00282942121052258,0,0,0,0,0.00282942121052258,0,0,0,0,0,0,0,0,0,0,0,0,0,0.00282942121052258,0,0,0,0,0,0,0,0,0,0,0,0,0,0,0,0,0.00565884242104517,0,0,0,0,0,0,0,0,0,0,0,0,0,0,0,0,0,0,0,0,0,0,0,0.00565884242104517,0,0,0,0,0,0,0,0,0,0,0,0,0,0,0,0,0,0,0,0,0,0,0,0,0,0,0,0,0,0,0.0113176848420903,0,0,0,0,0,0.00282942121052258,0.00282942121052258,0,0,0,0,0,0,0,0,0,0,0,0,0,0,0,0,0,0,0,0,0,0,0,0,0,0,0,0,0,0,0,0,0,0,0,0,0,0,0,0,0,0,0,0,0,0,0,0,0,0,0,0,0,0,0,0,0,0,0,0,0,0,0,0,0,0,0,0,0,0,0,0.0452707393683613,0,0,0,0,0,0,0,0,0,0,0,0,0,0,0,0,0,0,0,0,0,0,0,0,0,0,0,0,0,0,0.00282942121052258,0.00565884242104517,0,0,0,0,0,0,0,0,0,0,0,0,0,0,0,0,0,0,0,0,0,0,0,0,0,0,0,0,0,0,0,0,0,0,0,0,0,0,0,0,0,0,0,0,0.0650766878420194,0,0,0,0,0,0,0,0,0,0,0,0,0,0,0,0,0,0,0,0,0,0,0.00848826363156775,0,0,0,0,0,0,0,0,0,0,0,0,0,0,0,0.00565884242104517,0,0,0,0,0,0,0,0,0,0,0,0,0,0,0,0,0,0,0,0,0,0,0.410598071531926,0,0,0,0,0,0.258788483946511,0,0,0,0,0,0,0,0,0,0,0,0,0,0,0,0,0,0,0,0,0,0,0,0,0,0,0,0,0,0,0,0,0,0,0,0,0,0,0,0,0,0,0,0,0,0,0,0,0,0,0,0,0,0,0,0,0,0,0,0,0,0,0,0,0,0,0,0,0,0,0,0,0,0,0,0,0,0,0,0,0,0,0,0,0,0,0,0,0,0,2.0484069954739,0,0,0,0.123774296425446,0,0,0,0,0.0214412198090435,0,0,0,0,0,0,0,0,0,0,0,0,0.664291511806492,0.122975134072943,0,0,0,0,0,0,0,0,0,0,0,0,0,0,0,0,0,3.70116071079762,0,0,0,0,0,0,0,0,0,0,0,0,0,0.27473509157586,0,0,0,0,0,0,0,0,0.333200775916839,0,0,0,0,0,0,0,0,0,0,6.25895552706393,0,0,0,0,0.267016246208585,0,0,5.96398999075159,0,0,0,0,0,0,0,0,0,0,0,0,0,0,0,0,0,0,0,0,0,0,0,0,0,0,0,0,0,0,0,0,0,0,0,0,0,0.907535849840094,0,0,0,0,0,0,0,0,0,0,0,0,0,0,0,0,0,0,0,0,0,0,0,0,0,0,0,0,0,0,0,0,0,0,0,0,0,0,0,0,0,0,0,0.552063113739284,0,0,0,0,0,0,0,0,0,0,0,0,0,0,0,0,0,0.113834916046119,0,0,0,0,0,0,0,0,0,0,0,0,0,0,0,0,0,0,0,0,0,0,0,0,0,0,0,0,0,0,0,0,0,0,0,0,0,0,0,3.98289701425875,0,0,0,0,0,0,0,0,0,0,0,0,0,0,0,0,0,0,0.0559036248081253,0,0,0,0,0.0048155202490365,0,0,0,0,0,0,0,0,0,0,0,0,0,0.390946487283056,0,0,0,0,0,0,0,0,0,0,0,0,0,0,0,0,1.44654072143935,0,0,0,0,0,0,0,0,0,0,0,0,0,0,0,0,0,0,0,0,0,0,0,5.44264822971462,0,0,0,0,0,0,0,0,0,0,0,0,0,0,0,0,0,0,0,0,0,0,0,0,0,0,0,0,0,0,0.0817971233817941,0,0,0,0,0,0.110140412162358,0.327117337756217,0,0,0,0,0,0,0,0,0,0,0,0,0,0,0,0,0,0,0,0,0,0,0,0,0,0,0,0,0,0,0,0,0,0,0,0,0,0,0,0,0,0,0,0,0,0,0,0,0,0,0,0,0,0,0,0,0,0,0,0,0,0,0,0,0,0,0,0,0,0,0,0.222282951957804,0,0,0,0,0,0,0,0,0,0,0,0,0,0,0,0,0,0,0,0,0,0,0,0,0,0,0,0,0,0,0.796368047866512,0.915795367904392,0,0,0,0,0,0,0,0,0,0,0,0,0,0,0,0,0,0,0,0,0,0,0,0,0,0,0,0,0,0,0,0,0,0,0,0,0,0,0,0,0,0,0,0,0.551528695412174,0,0,0,0,0,0,0,0,0,0,0,0,0,0,0,0,0,0,0,0,0,0,0.122197697827294,0,0,0,0,0,0,0,0,0,0,0,0,0,0,0,0.215378353914131,0,0,0,89.79070151,125.8595022,132.8734024,119.309702,98.01240169,92.59950161,111.6592019,98.93370175,102.5587019,103.7716018,126.4296022,"WAK-00008"
"3",1781,"nSPC",2009,"PRIAs","Pacific Remote Island Areas","Wake","Wake",2009,"ForereefMid","Wake","2009-03-22","Forereef","Mid",19.3254,166.61186,13,NA,NA,NA,NA,NA,NA,NA,0,NA,NA,NA,NA,2,1,8.94563363350736,9.38980249437793,12.4674999329981,3.21109218931283,34.0140282501963,3.38667783965791,0,0,0,0,0,0,0,0,0,0,0,0,0,0,0,0,0,0,0,0.0113176848420903,0,0,0,0,0,0.0311236333157484,0,0,0,0,0,0,0,0,0,0,0,0,0,0,0,0,0,0,0,0,0,0,0,0,0,0,0,0,0,0,0.0113176848420903,0,0,0,0,0,0,0,0,0,0,0,0,0,0,0,0,0,0,0,0,0,0,0,0,0,0,0,0,0,0,0,0,0,0,0,0,0,0,0,0,0,0,0,0,0,0,0,0,0,0,0,0,0,0,0,0,0,0,0,0.0113176848420903,0,0,0,0.0113176848420903,0,0,0,0,0.0141471060526129,0,0,0,0,0,0,0,0,0,0,0,0,1.41471060526129,0.0113176848420903,0,0,0,0,0,0,0,0,0,0,0,0,0,0,0,0,0,0,0,0,0,0,0,0,0,0,0,0,0,0,0,0.00282942121052258,0,0,0,0,0,0,0,0,0.00565884242104517,0,0,0,0.00565884242104517,0,0,0,0,0,0,0.00282942121052258,0,0,0,0,0,0,0,0.00848826363156775,0,0,0.00565884242104517,0,0,0,0,0,0,0,0,0,0,0,0,0,0,0,0,0,0,0,0,0,0,0,0,0,0,0,0,0,0,0,0,0,0,0.0113176848420903,0,0,0,0,0,0,0,0,0,0,0,0,0,0,0,0,0,0,0,0,0,0,0,0,0,0,0,0,0,0,0,0,0,0,0.00282942121052258,0,0,0,0,0,0,0,0,0,0,0,0,0,0,0,0,0,0,0,0,0,0,0,0,0,0,0.0113176848420903,0,0,0,0,0,0,0,0,0,0.00282942121052258,0,0,0,0,0,0,0,0.00565884242104517,0,0,0,0,0,0,0,0.00848826363156775,0,0,0,0,0,0,0,0,0.00282942121052258,0,0,0,0,0,0,0,0,0,0,0,0,0,0,0,0,0,0,0,0,0,0,0,0.00282942121052258,0,0,0,0,0,0,0,0,0,0,0,0,0,0,0,0,0,0,0,0,0,0,0,0,0,0,0,0,0,0,0,0,0,0,0.0282942121052258,0.00282942121052258,0,0,0,0,0,0,0,0,0,0,0,0,0,0,0,0,0,0,0,0,0,0,0,0,0,0,0,0,0,0,0,0,0,0,0,0,0,0,0,0,0,0,0,0,0,0,0,0,0,0,0,0,0,0.00282942121052258,0.00848826363156775,0,0,0,0,0,0.00282942121052258,0,0,0,0,0,0,0,0,0,0,0,0,0,0,0,0,0,0,0,0,0,0,0,0,0,0,0,0,0,0,0,0,0,0,0,0,0,0,0,0,0,0,0,0,0,0,0,0,0,0,0,0,0,0,0,0,0,0,0,0,0,0,0,0,0,0,0,0,0,0.00848826363156775,0,0,0.0141471060526129,0,0,0,0,0,0,0,0,0,0,0,0,0,0,0,0,0,0,0,0,0,0,0,0,0,0,0,0,0,0,0,0,0,0,0,0,0,0,0,0.00282942121052258,0,0,0,0,0,0,0,0,0,0.00282942121052258,0,0,0,0,0,0,0,0,0,0,0,0,0,0,0,0,0,0,0,0,0,0,0,0,0,0,0.033953054526271,0,0.00565884242104517,0,0,0,0,0,0,0,0,0,0,0,0,0,0,0,0,0,0,0,0,0.0311236333157484,0,0,0,0,0,0,0,0,0,0,0,0,0,0,0,0,0,0,0,0,0,0,0,0,0,0,0,0,0,0,0,0,0,0,0,0,0,0,0.108198756017864,0,0,0,0,0,0.243810093942247,0,0,0,0,0,0,0,0,0,0,0,0,0,0,0,0,0,0,0,0,0,0,0,0,0,0,0,0,0,0,1.32192822492584,0,0,0,0,0,0,0,0,0,0,0,0,0,0,0,0,0,0,0,0,0,0,0,0,0,0,0,0,0,0,0,0,0,0,0,0,0,0,0,0,0,0,0,0,0,0,0,0,0,0,0,0,0,0,0,0,0,0,0,1.69815854788998,0,0,0,0.0680554380373814,0,0,0,0,0.0290037004498215,0,0,0,0,0,0,0,0,0,0,0,0,2.2009218770292,0.0135868806529294,0,0,0,0,0,0,0,0,0,0,0,0,0,0,0,0,0,0,0,0,0,0,0,0,0,0,0,0,0,0,0,0.140994330926856,0,0,0,0,0,0,0,0,0.666401551833678,0,0,0,0.056291121618752,0,0,0,0,0,0,1.67306755240363,0,0,0,0,0,0,0,6.7961591533582,0,0,0.533035888590868,0,0,0,0,0,0,0,0,0,0,0,0,0,0,0,0,0,0,0,0,0,0,0,0,0,0,0,0,0,0,0,0,0,0,0.651548887675779,0,0,0,0,0,0,0,0,0,0,0,0,0,0,0,0,0,0,0,0,0,0,0,0,0,0,0,0,0,0,0,0,0,0,0.740589575954953,0,0,0,0,0,0,0,0,0,0,0,0,0,0,0,0,0,0,0,0,0,0,0,0,0,0,0.183520671014104,0,0,0,0,0,0,0,0,0,5.71041418196132,0,0,0,0,0,0,0,0.0428804443297119,0,0,0,0,0,0,0,0.0578016800255238,0,0,0,0,0,0,0,0,0.515183277548921,0,0,0,0,0,0,0,0,0,0,0,0,0,0,0,0,0,0,0,0,0,0,0,0.0119901315272546,0,0,0,0,0,0,0,0,0,0,0,0,0,0,0,0,0,0,0,0,0,0,0,0,0,0,0,0,0,0,0,0,0,0,6.90217876139193,0.96849148348127,0,0,0,0,0,0,0,0,0,0,0,0,0,0,0,0,0,0,0,0,0,0,0,0,0,0,0,0,0,0,0,0,0,0,0,0,0,0,0,0,0,0,0,0,0,0,0,0,0,0,0,0,0,0.104992266567861,0.0856896227816169,0,0,0,0,0,0.110140412162358,0,0,0,0,0,0,0,0,0,0,0,0,0,0,0,0,0,0,0,0,0,0,0,0,0,0,0,0,0,0,0,0,0,0,0,0,0,0,0,0,0,0,0,0,0,0,0,0,0,0,0,0,0,0,0,0,0,0,0,0,0,0,0,0,0,0,0,0,0,0.0285963150614185,0,0,0.0293048813616245,0,0,0,0,0,0,0,0,0,0,0,0,0,0,0,0,0,0,0,0,0,0,0,0,0,0,0,0,0,0,0,0,0,0,0,0,0,0,0,0.951487946606965,0,0,0,0,0,0,0,0,0,0.762122340647314,0,0,0,0,0,0,0,0,0,0,0,0,0,0,0,0,0,0,0,0,0,0,0,0,0,0,0.436446160065063,0,0.0229185142548609,0,0,0,0,0,0,0,0,0,0,0,0,0,0,0,0,0,0,0,0,0.148117578099175,0,0,0,0,0,0,0,0,0,0,0,0,0,0,0,0,0,0,0,188.9981032,214.6154038,219.1053039,190.4923032,200.0534034,182.2965031,198.6173034,182.1402031,203.3418036,176.228403,195.0492034,"WAK-00012"
"4",1782,"nSPC",2009,"PRIAs","Pacific Remote Island Areas","Wake","Wake",2009,"ForereefShallow","Wake","2009-03-22","Forereef","Shallow",19.32000107,166.62216813,6,NA,NA,NA,NA,NA,NA,NA,0,NA,NA,NA,NA,4,2,1.03845181032378,1.39337224539692,15.8397247377285,1.79984629134776,20.0713950847969,11.4683067875249,0,0,0,0,0,0,0,0,0,0,0,0,0,0,0,0,0,0,0,0.123079822657732,0,0,0,0,0,0,0.00848826363156775,0,0,0,0,0,0,0,0,0,0,0,0,0,0,0.00282942121052258,0,0,0,0,0,0,0,0,0,0,0,0,0,0,0,0,0,0,0,0,0,0,0,0,0,0,0,0,0,0,0,0,0,0,0,0,0,0,0,0,0,0,0,0,0,0,0,0,0,0,0,0,0,0,0,0,0,0,0,0,0,0,0,0,0,0,0,0,0,0,0,0,0,0,0.00565884242104517,0,0,0,0.058003134815713,0,0,0,0,0,0,0,0,0,0,0,0,0,0,0,0,0,0.325383439210097,0,0,0,0,0,0.00141471060526129,0,0,0.00282942121052258,0,0,0,0,0,0,0,0,0,0.00141471060526129,0,0,0,0,0,0,0,0,0,0,0,0,0,0.00282942121052258,0,0,0,0,0,0,0,0,0,0,0,0,0,0,0,0.00282942121052258,0,0,0,0.0141471060526129,0,0,0,0,0,0,0,0,0,0,0,0.250403777131249,0,0,0,0,0,0,0,0,0,0,0,0,0,0,0.00141471060526129,0,0,0,0,0,0,0.00707355302630646,0,0,0,0,0,0,0,0,0,0,0,0.0254647908947033,0,0,0,0,0.00282942121052258,0,0,0,0,0,0,0,0,0,0,0,0,0,0,0,0,0,0,0,0,0,0,0,0,0,0,0,0,0,0,0,0,0,0,0,0,0,0,0,0,0,0,0,0,0,0,0,0,0,0,0,0,0,0,0,0,0.00424413181578388,0,0,0,0,0,0,0,0,0,0,0,0,0,0,0,0,0,0,0,0,0,0,0,0,0,0.00707355302630646,0,0,0,0,0,0,0,0,0,0,0,0,0,0,0,0,0,0,0,0,0,0,0,0,0,0,0,0,0,0,0,0,0,0,0,0,0,0.00565884242104517,0,0,0,0,0,0,0,0,0,0,0,0,0,0,0,0,0,0,0,0,0,0,0,0,0,0,0,0,0,0.00565884242104517,0.00565884242104517,0,0,0,0,0,0,0,0,0,0,0,0,0,0,0,0,0,0,0,0,0,0,0,0,0,0,0,0,0,0,0,0,0,0,0,0,0,0,0,0,0,0,0,0,0,0,0,0,0,0,0,0,0,0.00424413181578388,0.00282942121052258,0,0,0,0,0,0.00282942121052258,0.00424413181578388,0,0,0,0.00141471060526129,0,0,0,0,0,0,0,0,0,0,0,0,0,0,0,0,0,0,0,0,0,0,0.0282942121052258,0,0,0,0,0,0,0,0,0,0,0,0,0,0,0,0,0,0,0,0,0,0,0,0,0,0,0,0,0,0,0,0,0,0,0,0,0,0,0,0,0,0,0,0,0,0,0,0,0,0,0,0,0,0,0,0,0,0,0,0,0,0,0,0,0,0,0.00141471060526129,0,0,0,0,0,0,0,0,0,0,0,0,0,0,0,0,0,0.00990297423682904,0,0,0,0,0,0,0.00141471060526129,0,0,0,0,0,0,0,0,0,0,0,0,0,0,0,0,0,0,0,0,0,0,0,0,0,0,0,0,0.00282942121052258,0,0,0.00141471060526129,0,0,0,0,0,0,0,0,0,0,0,0,0,0,0,0,0,0,0,0,0.00282942121052258,0,0.107518005999858,0,0,0,0,0,0,0,0,0,0,0,0,0,0,0,0,0,0,0,0,0,0,0,0,0,0,0,0,0,0,0,0,0,0,0,0,2.29687551922554,0,0,0,0,0,0,0.269901892548243,0,0,0,0,0,0,0,0,0,0,0,0,0,0,0.00641712730546522,0,0,0,0,0,0,0,0,0,0,0,0,0,0,0,0,0,0,0,0,0,0,0,0,0,0,0,0,0,0,0,0,0,0,0,0,0,0,0,0,0,0,0,0,0,0,0,0,0,0,0,0,0,0,0,0,0,0,0,0,0,0,0,0,0,0,0,0,0,0,0,0,0,0,0.541484717384181,0,0,0,0.295429064886903,0,0,0,0,0,0,0,0,0,0,0,0,0,0,0,0,0,0.537273134823712,0,0,0,0,0,0.099985730124093,0,0,0.00497076158840252,0,0,0,0,0,0,0,0,0,1.56298943177469,0,0,0,0,0,0,0,0,0,0,0,0,0,0.223531678154915,0,0,0,0,0,0,0,0,0,0,0,0,0,0,0,0.0549479267196478,0,0,0,1.28983267901337,0,0,0,0,0,0,0,0,0,0,0,0.413466716799118,0,0,0,0,0,0,0,0,0,0,0,0,0,0,0.124005609277815,0,0,0,0,0,0,0.00987385838277817,0,0,0,0,0,0,0,0,0,0,0,0.80238843430644,0,0,0,0,0.0991829779117849,0,0,0,0,0,0,0,0,0,0,0,0,0,0,0,0,0,0,0,0,0,0,0,0,0,0,0,0,0,0,0,0,0,0,0,0,0,0,0,0,0,0,0,0,0,0,0,0,0,0,0,0,0,0,0,0,0.0632318069571255,0,0,0,0,0,0,0,0,0,0,0,0,0,0,0,0,0,0,0,0,0,0,0,0,0,0.0386285316055991,0,0,0,0,0,0,0,0,0,0,0,0,0,0,0,0,0,0,0,0,0,0,0,0,0,0,0,0,0,0,0,0,0,0,0,0,0,0.009631040498073,0,0,0,0,0,0,0,0,0,0,0,0,0,0,0,0,0,0,0,0,0,0,0,0,0,0,0,0,0,0.429599095286632,0.591564147440776,0,0,0,0,0,0,0,0,0,0,0,0,0,0,0,0,0,0,0,0,0,0,0,0,0,0,0,0,0,0,0,0,0,0,0,0,0,0,0,0,0,0,0,0,0,0,0,0,0,0,0,0,0,0.170558670632998,0.0466583516144681,0,0,0,0,0,0.0809399877909486,0.245468434515652,0,0,0,0.043231317307331,0,0,0,0,0,0,0,0,0,0,0,0,0,0,0,0,0,0,0,0,0,0,0.0696206309027433,0,0,0,0,0,0,0,0,0,0,0,0,0,0,0,0,0,0,0,0,0,0,0,0,0,0,0,0,0,0,0,0,0,0,0,0,0,0,0,0,0,0,0,0,0,0,0,0,0,0,0,0,0,0,0,0,0,0,0,0,0,0,0,0,0,0,0.201538643325683,0,0,0,0,0,0,0,0,0,0,0,0,0,0,0,0,0,7.70035648635388,0,0,0,0,0,0,0.915128190382951,0,0,0,0,0,0,0,0,0,0,0,0,0,0,0,0,0,0,0,0,0,0,0,0,0,0,0,0,0.0130332984874623,0,0,0.00123129391269794,0,0,0,0,0,0,0,0,0,0,0,0,0,0,0,0,0,0,0,0,0.049477837269103,0,0.768940060285699,0,0,0,0,0,0,0,0,0,0,0,0,0,0,0,0,0,169.1023029,193.6152034,211.7592038,164.8395028,191.5822033,169.3522029,186.6760032,169.982903,188.1191034,157.9706027,180.8012031,"WAK-00050"
"5",1783,"nSPC",2009,"PRIAs","Pacific Remote Island Areas","Wake","Wake",2009,"ForereefDeep","Wake","2009-03-22","Forereef","Deep",19.32389103,166.60566978,24,NA,NA,NA,NA,NA,NA,NA,0,NA,NA,NA,NA,2,1,4.04574286897375,7.51856584026756,7.99253107901569,3.81226989801667,23.3691096862737,4.07464127380399,0,0,0,0,0,0.00282942121052258,0,0,0,0,0,0,0,0,0,0,0,0,0,0.0282942121052258,0,0,0,0,0,0.0254647908947033,0,0,0,0,0,0,0,0,0,0,0,0,0,0,0,0,0,0,0,0,0,0,0,0,0,0,0,0,0,0,0.00565884242104517,0,0,0,0,0,0,0,0,0,0,0,0,0,0,0,0,0,0,0,0,0,0,0,0,0,0,0,0,0,0,0,0,0,0,0,0,0,0,0,0,0,0,0,0,0,0,0,0,0,0,0,0,0,0,0,0,0,0,0,0.00565884242104517,0,0,0,0.0254647908947033,0,0,0,0,0.0141471060526129,0,0,0,0,0,0,0,0.00282942121052258,0,0,0,0,0.424413181578388,0.294259805894349,0,0,0,0,0,0,0,0,0,0,0,0,0,0,0,0,0,0,0,0,0,0,0,0,0,0,0,0,0,0,0,0.00282942121052258,0,0,0,0,0,0,0,0,0.00848826363156775,0,0,0,0.00565884242104517,0,0,0,0,0,0,0.00282942121052258,0,0,0,0,0,0,0,0,0,0,0.00282942121052258,0,0,0,0,0,0,0,0,0,0,0,0,0,0,0,0,0,0,0,0,0,0,0,0,0,0,0,0,0,0,0,0,0,0,0,0,0,0,0,0.0424413181578388,0,0,0,0,0,0,0,0,0,0,0,0,0,0,0,0,0,0,0,0,0,0,0,0,0,0,0,0,0,0.00565884242104517,0,0,0,0,0,0,0,0,0,0,0,0.00282942121052258,0,0,0,0,0,0,0,0,0,0,0,0,0,0,0.00565884242104517,0,0,0,0,0,0,0,0,0,0,0,0,0,0,0,0,0,0,0,0,0,0,0,0,0,0,0,0,0,0,0,0,0,0,0,0,0,0,0,0,0,0,0,0,0,0,0,0,0,0,0,0,0,0,0,0.00282942121052258,0,0,0,0,0,0,0,0,0,0,0,0,0,0,0,0,0,0,0,0,0,0,0,0,0,0,0,0,0,0,0,0,0,0,0,0,0,0,0.00282942121052258,0,0,0,0,0,0,0,0,0,0,0,0,0,0,0,0,0,0,0,0,0.00848826363156775,0,0,0,0,0,0,0,0,0,0,0,0,0,0,0,0,0,0,0,0,0,0,0,0,0,0,0,0,0,0,0,0,0.00282942121052258,0.00565884242104517,0,0,0,0,0,0,0.00565884242104517,0,0,0,0.00282942121052258,0,0,0,0,0,0,0,0,0,0,0,0,0,0,0,0,0,0,0,0,0,0,0,0,0,0,0,0,0,0,0,0,0,0,0,0,0,0,0,0,0,0,0,0,0,0,0,0,0,0,0,0,0,0,0,0,0,0,0,0,0,0,0,0,0.00282942121052258,0,0,0.311236333157484,0,0,0,0,0,0,0,0,0,0,0,0,0,0,0,0,0,0,0,0,0,0,0,0,0,0,0,0,0,0,0,0.00282942121052258,0,0,0,0,0,0,0,0.00848826363156775,0,0,0,0,0,0,0,0,0,0,0,0,0,0,0,0,0,0,0,0,0,0,0,0,0,0,0,0,0,0,0,0,0,0,0,0,0.0169765272631355,0,0.0141471060526129,0,0,0,0,0,0,0,0,0,0,0,0,0,0,0,0,0,0,0,0,0.00282942121052258,0,0,0,0,0,0,0,0,0,0,0,0,0,0.00565884242104517,0,0.00848826363156775,0,0,0.00282942121052258,0,0,0,0,0,0.122230996294576,0,0,0,0,0,0,0,0,0,0,0,0,0,0.396096080277346,0,0,0,0,0,0.515325880377931,0,0,0,0,0,0,0,0,0,0,0,0,0,0,0,0,0,0,0,0,0,0,0,0,0,0,0,0,0,0,0.995456873260292,0,0,0,0,0,0,0,0,0,0,0,0,0,0,0,0,0,0,0,0,0,0,0,0,0,0,0,0,0,0,0,0,0,0,0,0,0,0,0,0,0,0,0,0,0,0,0,0,0,0,0,0,0,0,0,0,0,0,0,1.05299792729675,0,0,0,0.120588026530047,0,0,0,0,0.0327400506242041,0,0,0,0,0,0,0,0.17000073349821,0,0,0,0,0.498218633854869,0.0806795311074462,0,0,0,0,0,0,0,0,0,0,0,0,0,0,0,0,0,0,0,0,0,0,0,0,0,0,0,0,0,0,0,0.0419543340689246,0,0,0,0,0,0,0,0,0.537333877242317,0,0,0,0.0205868613468296,0,0,0,0,0,0,0.367092714888365,0,0,0,0,0,0,0,0,0,0,0.21604202289177,0,0,0,0,0,0,0,0,0,0,0,0,0,0,0,0,0,0,0,0,0,0,0,0,0,0,0,0,0,0,0,0,0,0,0,0,0,0,0,1.13819127367358,0,0,0,0,0,0,0,0,0,0,0,0,0,0,0,0,0,0,0,0,0,0,0,0,0,0,0,0,0,1.7906621293648,0,0,0,0,0,0,0,0,0,0,0,1.36479657337444,0,0,0,0,0,0,0,0,0,0,0,0,0,0,0.0759424906828894,0,0,0,0,0,0,0,0,0,0,0,0,0,0,0,0,0,0,0,0,0,0,0,0,0,0,0,0,0,0,0,0,0,0,0,0,0,0,0,0,0,0,0,0,0,0,0,0,0,0,0,0,0,0,0,0.537476110688517,0,0,0,0,0,0,0,0,0,0,0,0,0,0,0,0,0,0,0,0,0,0,0,0,0,0,0,0,0,0,0,0,0,0,0,0,0,0,0.820905134231116,0,0,0,0,0,0,0,0,0,0,0,0,0,0,0,0,0,0,0,0,4.83192966855654,0,0,0,0,0,0,0,0,0,0,0,0,0,0,0,0,0,0,0,0,0,0,0,0,0,0,0,0,0,0,0,0,0.131132808130273,0.0749213433291565,0,0,0,0,0,0,0.331357953413786,0,0,0,0.0505686467461576,0,0,0,0,0,0,0,0,0,0,0,0,0,0,0,0,0,0,0,0,0,0,0,0,0,0,0,0,0,0,0,0,0,0,0,0,0,0,0,0,0,0,0,0,0,0,0,0,0,0,0,0,0,0,0,0,0,0,0,0,0,0,0,0,0.0559598692713873,0,0,1.19254586652166,0,0,0,0,0,0,0,0,0,0,0,0,0,0,0,0,0,0,0,0,0,0,0,0,0,0,0,0,0,0,0,0.805558288121222,0,0,0,0,0,0,0,3.70754855891563,0,0,0,0,0,0,0,0,0,0,0,0,0,0,0,0,0,0,0,0,0,0,0,0,0,0,0,0,0,0,0,0,0,0,0,0,0.170871710480054,0,0.0292703105087444,0,0,0,0,0,0,0,0,0,0,0,0,0,0,0,0,0,0,0,0,0.142740034951214,0,0,0,0,0,0,0,0,0,0,0,0,0,0.399866259849113,0,0.275906771513176,0,0,0.273613340390339,115.204002,149.3931026,155.4856028,134.1295023,124.7426021,114.018802,139.3872024,121.5682021,118.4505022,123.5060021,156.2779027,"WAK-00051"
"6",1784,"nSPC",2009,"PRIAs","Pacific Remote Island Areas","Wake","Wake",2009,"ForereefDeep","Wake","2009-03-22","Forereef","Deep",19.31458645,166.59548208,22,NA,NA,NA,NA,NA,NA,NA,0,NA,NA,NA,NA,2,1,10.1984745180213,2.63311653282077,12.5352772428495,5.83093074018351,31.1977990338751,2.96128955536652,0,0,0,0,0,0,0,0,0,0,0,0,0,0,0,0,0,0,0,0.00565884242104517,0,0,0,0,0,0.00565884242104517,0,0,0,0,0,0,0,0,0,0,0,0,0,0,0,0,0,0,0,0,0,0,0,0,0,0,0,0,0,0,0,0,0,0,0,0,0,0,0,0,0,0,0,0,0,0,0,0,0,0,0,0,0,0,0,0,0,0,0,0,0,0,0,0,0,0,0,0,0,0,0,0,0,0,0,0,0,0,0,0,0,0,0,0,0,0,0,0,0,0,0.0141471060526129,0,0,0,0.0282942121052258,0,0,0,0,0.00848826363156775,0,0,0,0,0,0,0,0.00282942121052258,0,0,0,0,0.282942121052258,0.169765272631355,0,0,0,0,0,0,0,0,0,0,0,0,0,0,0,0,0,0,0,0,0,0,0,0,0,0,0,0,0,0,0,0.00565884242104517,0,0,0,0,0,0,0,0,0.00565884242104517,0,0,0,0.00565884242104517,0,0,0,0,0,0,0.00282942121052258,0,0,0,0,0,0,0,0.0113176848420903,0,0,0,0,0,0,0,0,0,0,0,0,0,0,0,0,0,0,0,0,0,0,0,0,0,0,0,0,0,0,0,0,0,0,0,0,0,0.0282942121052258,0,0,0,0,0,0,0,0,0,0,0,0,0,0,0,0,0,0,0,0,0,0,0,0,0,0,0,0,0,0,0,0,0,0,0,0,0,0,0,0,0,0,0,0,0,0.00282942121052258,0,0,0,0,0,0,0,0,0,0,0,0,0,0,0,0,0,0,0,0,0,0,0,0,0,0,0,0,0,0,0,0,0,0,0,0,0,0,0,0,0,0.00282942121052258,0,0,0,0,0,0,0,0,0,0,0,0,0,0.00565884242104517,0,0,0,0,0,0,0,0,0,0,0,0,0,0,0,0,0,0,0.00282942121052258,0,0,0,0,0.00565884242104517,0,0,0,0,0,0,0,0,0,0,0,0,0,0.00565884242104517,0,0,0,0,0,0,0,0,0,0,0,0,0,0,0,0,0.00282942121052258,0,0,0,0,0,0,0,0,0,0,0,0,0,0,0,0,0,0,0,0,0,0,0,0.00282942121052258,0,0,0,0,0,0,0,0,0,0,0,0,0,0,0,0,0,0,0,0,0,0,0,0,0,0,0,0,0,0.00565884242104517,0.00282942121052258,0,0,0,0,0,0.00565884242104517,0,0,0.0169765272631355,0,0,0,0,0,0,0,0,0,0,0,0,0,0,0,0,0,0,0,0,0,0,0,0,0,0.00565884242104517,0,0,0,0,0,0,0,0,0,0,0,0,0,0,0,0,0,0,0,0,0,0,0,0,0,0,0,0,0,0,0,0,0,0,0,0,0,0,0,0,0.00565884242104517,0,0,0.452707393683613,0,0,0,0,0,0,0,0,0,0,0,0,0,0,0,0,0,0,0,0,0,0,0,0,0,0,0,0,0,0,0,0.00282942121052258,0,0,0,0,0,0,0,0.00565884242104517,0,0,0,0,0,0,0,0,0,0,0,0,0,0,0,0,0,0,0,0,0,0,0,0,0,0,0,0,0,0,0,0,0,0,0,0,0.0452707393683613,0,0.00848826363156775,0,0,0,0,0,0,0,0,0,0,0,0,0,0,0,0,0,0,0,0,0.0254647908947033,0,0,0,0,0,0,0,0,0,0,0,0,0,0,0,0.0113176848420903,0,0,0,0,0,0,0,0,0,0,0,0,0,0,0,0,0,0,0,0,0,0,0.0540993780089321,0,0,0,0,0,0.117273001507377,0,0,0,0,0,0,0,0,0,0,0,0,0,0,0,0,0,0,0,0,0,0,0,0,0,0,0,0,0,0,0,0,0,0,0,0,0,0,0,0,0,0,0,0,0,0,0,0,0,0,0,0,0,0,0,0,0,0,0,0,0,0,0,0,0,0,0,0,0,0,0,0,0,0,0,0,0,0,0,0,0,0,0,0,0,0,0,0,0,0,7.56963913461964,0,0,0,0.56955234983409,0,0,0,0,0.0287218848281673,0,0,0,0,0,0,0,0.17000073349821,0,0,0,0,0.467194030281489,0.0696674237560923,0,0,0,0,0,0,0,0,0,0,0,0,0,0,0,0,0,0,0,0,0,0,0,0,0,0,0,0,0,0,0,0.447063356309831,0,0,0,0,0,0,0,0,0.947668544606282,0,0,0,0.0355060593436684,0,0,0,0,0,0,0.66611874338277,0,0,0,0,0,0,0,5.57545598097862,0,0,0,0,0,0,0,0,0,0,0,0,0,0,0,0,0,0,0,0,0,0,0,0,0,0,0,0,0,0,0,0,0,0,0,0,0,0.482119810656622,0,0,0,0,0,0,0,0,0,0,0,0,0,0,0,0,0,0,0,0,0,0,0,0,0,0,0,0,0,0,0,0,0,0,0,0,0,0,0,0,0,0,0,0,0,1.79063750076568,0,0,0,0,0,0,0,0,0,0,0,0,0,0,0,0,0,0,0,0,0,0,0,0,0,0,0,0,0,0,0,0,0,0,0,0,0,0,0,0,0,0.0274332192308638,0,0,0,0,0,0,0,0,0,0,0,0,0,0.25759163877446,0,0,0,0,0,0,0,0,0,0,0,0,0,0,0,0,0,0,0.0119901315272546,0,0,0,0,0.0239802630545091,0,0,0,0,0,0,0,0,0,0,0,0,0,0.676718332059266,0,0,0,0,0,0,0,0,0,0,0,0,0,0,0,0,0.690217876139193,0,0,0,0,0,0,0,0,0,0,0,0,0,0,0,0,0,0,0,0,0,0,0,1.09998881411292,0,0,0,0,0,0,0,0,0,0,0,0,0,0,0,0,0,0,0,0,0,0,0,0,0,0,0,0,0,0.543599013295138,0.0204346147065911,0,0,0,0,0,0.124598135842637,0,0,3.13681796305634,0,0,0,0,0,0,0,0,0,0,0,0,0,0,0,0,0,0,0,0,0,0,0,0,0,0.0240583026581916,0,0,0,0,0,0,0,0,0,0,0,0,0,0,0,0,0,0,0,0,0,0,0,0,0,0,0,0,0,0,0,0,0,0,0,0,0,0,0,0,0.0802568886880462,0,0,1.72139043850135,0,0,0,0,0,0,0,0,0,0,0,0,0,0,0,0,0,0,0,0,0,0,0,0,0,0,0,0,0,0,0,0.223453540101021,0,0,0,0,0,0,0,2.29517081198375,0,0,0,0,0,0,0,0,0,0,0,0,0,0,0,0,0,0,0,0,0,0,0,0,0,0,0,0,0,0,0,0,0,0,0,0,0.362989027136724,0,0.0595131954788278,0,0,0,0,0,0,0,0,0,0,0,0,0,0,0,0,0,0,0,0,0.175549524841651,0,0,0,0,0,0,0,0,0,0,0,0,0,0,0,0.651329370308894,0,0,0,94.29550159,132.0112023,136.6439025,121.7594021,101.7393018,94.45820164,115.550102,101.1413018,105.6487019,108.0459018,129.6770022,"WAK-00052"
"7",1785,"nSPC",2009,"PRIAs","Pacific Remote Island Areas","Wake","Wake",2009,"ForereefMid","Wake","2009-03-23","Forereef","Mid",19.27116,166.65115,14,NA,NA,NA,NA,NA,NA,NA,0,NA,NA,NA,NA,2,1,9.64761387987554,9.97127035223352,30.5120553608226,22.5288777680811,72.6598173610127,10.2621197196399,0,0,0,0,0,0.00565884242104517,0,0,0,0,0,0,0,0,0,0,0,0,0.00565884242104517,0.0113176848420903,0,0,0,0,0,0.00565884242104517,0.00282942121052258,0,0,0,0,0,0,0,0,0,0,0,0,0,0,0.00282942121052258,0,0,0,0,0,0,0,0,0,0,0,0,0,0,0,0,0,0,0,0,0,0,0,0,0,0,0,0,0,0,0,0,0,0,0,0,0,0,0,0,0,0,0,0,0,0,0,0,0,0,0,0,0,0,0,0,0,0,0,0,0,0,0,0,0,0,0,0,0,0,0,0,0,0,0.00565884242104517,0,0,0,0.0169765272631355,0,0,0,0,0,0,0,0,0,0,0,0,0,0,0,0,0,0.933708999472453,0.268795014999646,0,0,0,0,0,0,0,0,0,0,0,0,0,0,0,0,0,0,0,0,0,0,0,0,0,0,0,0,0,0,0,0.0169765272631355,0,0,0,0,0,0,0,0,0.00282942121052258,0,0,0,0,0,0,0,0,0,0,0.00565884242104517,0,0,0,0,0,0,0,0.033953054526271,0,0,0,0,0,0,0,0,0,0,0,0,0,0,0,0,0,0,0,0,0,0,0,0,0,0,0,0,0,0,0,0,0,0,0,0,0,0,0,0.00565884242104517,0,0,0.0622472666314969,0,0,0,0,0,0,0,0,0,0,0,0,0,0,0,0,0,0,0,0,0,0,0,0,0,0,0,0.00565884242104517,0,0,0,0,0,0,0,0,0,0,0.00282942121052258,0,0,0,0,0,0,0,0,0,0,0,0,0,0,0,0,0,0,0,0,0,0,0,0,0,0,0,0,0,0,0,0,0,0,0,0,0,0,0,0,0,0,0,0.00565884242104517,0,0,0,0,0,0,0,0,0,0,0,0,0,0.0198059484736581,0,0,0,0,0,0,0,0,0,0,0,0,0,0,0,0,0,0,0,0.00848826363156775,0,0,0,0.00282942121052258,0,0,0,0,0,0.00565884242104517,0,0,0,0,0,0,0,0,0,0,0.00565884242104517,0,0,0,0,0,0,0,0,0,0,0,0,0,0,0.00848826363156775,0,0,0,0,0.00282942121052258,0,0,0.0254647908947033,0,0,0,0,0,0,0,0,0,0,0,0,0,0,0,0,0,0,0,0,0,0,0,0,0,0,0,0,0,0,0,0,0,0,0,0,0,0,0,0,0,0,0,0,0,0.00565884242104517,0.00565884242104517,0,0,0,0,0.00282942121052258,0,0,0,0,0.00282942121052258,0,0,0,0,0,0,0,0,0,0,0,0,0,0,0,0,0,0,0.00282942121052258,0,0,0,0,0,0,0,0,0,0,0,0,0,0,0,0,0,0,0,0,0,0,0,0,0,0,0,0,0,0,0,0,0,0,0,0,0,0,0,0,0,0,0,0,0,0.00848826363156775,0,0,0,0,0.00282942121052258,0,0,0.00565884242104517,0,0,0,0,0,0,0,0,0,0,0,0,0,0,0,0,0,0,0,0,0,0,0,0,0,0.00565884242104517,0.0141471060526129,0,0,0,0,0,0,0,0.0198059484736581,0,0,0,0,0,0,0,0,0,0,0,0,0,0,0,0,0,0,0,0,0,0,0,0,0,0,0,0,0,0,0,0,0,0,0,0,0.0141471060526129,0,0.0141471060526129,0,0,0,0.00282942121052258,0,0,0,0,0,0,0,0,0,0,0,0,0,0,0,0,0.0169765272631355,0,0.00848826363156775,0,0,0,0,0,0,0,0,0,0,0,0,0,0.0113176848420903,0,0,0.00282942121052258,0,0,0,0,0,0.567935572482146,0,0,0,0,0,0,0,0,0,0,0,0,1.46534558895631,0.245733651150433,0,0,0,0,0,0.0631170307116115,0.0974594214728254,0,0,0,0,0,0,0,0,0,0,0,0,0,0,0.652170271340614,0,0,0,0,0,0,0,0,0,0,0,0,0,0,0,0,0,0,0,0,0,0,0,0,0,0,0,0,0,0,0,0,0,0,0,0,0,0,0,0,0,0,0,0,0,0,0,0,0,0,0,0,0,0,0,0,0,0,0,0,0,0,0,0,0,0,0,0,0,0,0,0,0,0,3.9221640994311,0,0,0,0.0822662780566335,0,0,0,0,0,0,0,0,0,0,0,0,0,0,0,0,0,1.10958582191854,0.122054157468918,0,0,0,0,0,0,0,0,0,0,0,0,0,0,0,0,0,0,0,0,0,0,0,0,0,0,0,0,0,0,0,1.3615391519699,0,0,0,0,0,0,0,0,0.140994330926856,0,0,0,0,0,0,0,0,0,0,0.734185429776731,0,0,0,0,0,0,0,12.8410037760439,0,0,0,0,0,0,0,0,0,0,0,0,0,0,0,0,0,0,0,0,0,0,0,0,0,0,0,0,0,0,0,0,0,0,0,0,0,0,0,1.12557859878848,0,0,2.91133132301323,0,0,0,0,0,0,0,0,0,0,0,0,0,0,0,0,0,0,0,0,0,0,0,0,0,0,0,0.784985337835965,0,0,0,0,0,0,0,0,0,0,1.26099478075621,0,0,0,0,0,0,0,0,0,0,0,0,0,0,0,0,0,0,0,0,0,0,0,0,0,0,0,0,0,0,0,0,0,0,0,0,0,0,0,0,0,0,0,0.0258150732405659,0,0,0,0,0,0,0,0,0,0,0,0,0,2.05812042264989,0,0,0,0,0,0,0,0,0,0,0,0,0,0,0,0,0,0,0,0.0138156106873841,0,0,0,0.0048155202490365,0,0,0,0,0,3.90724600221684,0,0,0,0,0,0,0,0,0,0,3.61717059393094,0,0,0,0,0,0,0,0,0,0,0,0,0,0,3.27318763267675,0,0,0,0,0.718559545666484,0,0,6.61839291948457,0,0,0,0,0,0,0,0,0,0,0,0,0,0,0,0,0,0,0,0,0,0,0,0,0,0,0,0,0,0,0,0,0,0,0,0,0,0,0,0,0,0,0,0,0,0.0330568901144292,2.03041578907466,0,0,0,0,0.0622990679213183,0,0,0,0,0.168410588356291,0,0,0,0,0,0,0,0,0,0,0,0,0,0,0,0,0,0,0.0144052111636416,0,0,0,0,0,0,0,0,0,0,0,0,0,0,0,0,0,0,0,0,0,0,0,0,0,0,0,0,0,0,0,0,0,0,0,0,0,0,0,0,0,0,0,0,0,0.0404730215693575,0,0,0,0,0.00627676278629307,0,0,0.280906182119593,0,0,0,0,0,0,0,0,0,0,0,0,0,0,0,0,0,0,0,0,0,0,0,0,0,4.54872206441669,5.02177899543178,0,0,0,0,0,0,0,9.52793428986314,0,0,0,0,0,0,0,0,0,0,0,0,0,0,0,0,0,0,0,0,0,0,0,0,0,0,0,0,0,0,0,0,0,0,0,0,0.0909103879129599,0,0.0404807005601075,0,0,0,0.105607580798513,0,0,0,0,0,0,0,0,0,0,0,0,0,0,0,0,0.131520349742546,0,0.0491611935328299,0,0,0,0,0,0,0,0,0,0,0,0,0,0.398420974005382,0,0,0.383469368740345,0,0,0,0,0,0,0,0,0,0,0,"WAK-00009"
"8",1786,"nSPC",2009,"PRIAs","Pacific Remote Island Areas","Wake","Wake",2009,"ForereefMid","Wake","2009-03-23","Forereef","Mid",19.31576,166.64288,12.5,NA,NA,NA,NA,NA,NA,NA,0,NA,NA,NA,NA,4,2,3.27270759491556,1.49400113805982,16.9276015696137,3.4299469853468,25.1242572879359,7.93846823371221,0,0,0,0,0,0,0,0,0,0,0,0,0,0,0,0,0,0,0,0.0353677651315323,0,0,0,0,0,0.00707355302630646,0,0,0,0,0,0,0,0,0,0,0,0,0,0,0,0.00141471060526129,0,0,0,0,0,0,0,0,0,0,0,0,0,0,0,0,0,0,0,0,0,0,0,0,0,0,0,0,0,0,0,0,0,0,0,0,0,0,0,0.00141471060526129,0,0,0,0,0,0,0,0,0,0,0,0,0,0,0,0,0,0,0,0,0,0,0,0,0,0,0,0,0,0,0,0,0,0,0.0113176848420903,0,0,0,0.0155618166578742,0,0,0,0,0,0,0,0,0,0,0,0,0,0,0,0,0,0.445633840657307,0,0,0,0,0,0,0,0,0,0,0,0,0,0,0,0,0,0,0,0,0,0,0,0,0,0,0,0,0,0,0,0,0.00141471060526129,0,0,0,0,0,0,0,0,0.00282942121052258,0,0,0,0,0,0,0,0,0,0,0.0113176848420903,0,0,0,0,0,0,0,0.00282942121052258,0,0,0,0,0,0,0,0,0,0,0,0,0,0,0,0,0,0,0,0,0,0,0,0,0,0.00141471060526129,0,0,0,0,0,0,0,0,0,0,0,0.0113176848420903,0,0.00424413181578388,0,0,0,0,0,0,0,0,0,0,0,0,0,0,0,0,0,0,0,0,0,0,0,0,0,0,0,0,0,0,0,0,0,0,0,0,0,0,0,0,0,0,0,0,0,0,0,0,0,0,0,0,0,0,0,0,0,0,0,0.00424413181578388,0,0,0,0,0,0,0,0,0,0,0,0,0,0,0,0,0,0,0,0,0,0,0,0,0,0.0226353696841807,0,0,0,0,0,0,0,0,0,0,0,0,0,0,0,0,0,0,0,0,0,0,0,0,0,0,0,0,0,0,0,0,0,0,0,0,0,0.00424413181578388,0,0,0,0,0,0,0,0,0,0,0,0,0,0,0,0,0,0,0,0,0,0,0,0,0,0,0,0,0,0.00141471060526129,0.00848826363156775,0,0,0,0,0,0,0,0,0,0,0,0,0,0,0,0,0,0,0,0,0,0,0,0.00141471060526129,0,0,0,0,0,0,0,0,0,0,0,0,0,0,0,0,0,0,0,0,0,0,0,0,0,0,0,0,0,0.00565884242104517,0,0,0,0,0,0,0.00141471060526129,0.00424413181578388,0,0.00424413181578388,0,0.00848826363156775,0,0,0,0,0,0,0,0,0,0,0,0,0,0,0,0,0,0,0,0,0,0,0,0,0,0,0,0,0,0,0,0,0,0,0,0,0,0,0,0,0,0,0,0,0,0,0,0,0,0,0,0,0,0,0,0,0,0,0,0,0,0,0,0,0.00282942121052258,0,0,0,0,0,0,0,0,0,0,0,0,0,0,0,0,0,0,0,0,0,0,0,0,0,0,0,0,0,0,0,0,0,0,0,0,0,0,0,0,0,0,0.0282942121052258,0,0,0,0,0,0,0,0,0,0,0,0,0,0,0,0,0,0,0,0,0,0,0,0,0,0,0,0,0,0,0,0,0,0,0,0,0.0282942121052258,0,0.00141471060526129,0,0,0,0.00424413181578388,0,0,0,0,0,0,0,0,0,0,0,0,0,0,0,0,0.0226353696841807,0,0.0198059484736581,0,0,0,0,0,0,0,0,0,0,0,0,0,0.00282942121052258,0,0,0,0,0,0,0,0,0,0,0,0,0,0,0,0,0,0,0,0,0,0,0.796021088064857,0,0,0,0,0,0.0566884442502436,0,0,0,0,0,0,0,0,0,0,0,0,0,0,0,0.00760548421388471,0,0,0,0,0,0,0,0,0,0,0,0,0,0,0,0,0,0,0,0,0,0,0,0,0,0,0,0,0,0,0,0,0,0,0,0,0,0,0,0.000223976448432205,0,0,0,0,0,0,0,0,0,0,0,0,0,0,0,0,0,0,0,0,0,0,0,0,0,0,0,0,0,0,0,0,0,0,2.54802871511256,0,0,0,0.0765040734343765,0,0,0,0,0,0,0,0,0,0,0,0,0,0,0,0,0,0.56026784100163,0,0,0,0,0,0,0,0,0,0,0,0,0,0,0,0,0,0,0,0,0,0,0,0,0,0,0,0,0,0,0,0,0.0895556462070528,0,0,0,0,0,0,0,0,0.249133384865388,0,0,0,0,0,0,0,0,0,0,1.90078169273831,0,0,0,0,0,0,0,2.06765991042863,0,0,0,0,0,0,0,0,0,0,0,0,0,0,0,0,0,0,0,0,0,0,0,0,0,0.00185170600824265,0,0,0,0,0,0,0,0,0,0,0,0.243428340845076,0,0.371678280213945,0,0,0,0,0,0,0,0,0,0,0,0,0,0,0,0,0,0,0,0,0,0,0,0,0,0,0,0,0,0,0,0,0,0,0,0,0,0,0,0,0,0,0,0,0,0,0,0,0,0,0,0,0,0,0,0,0,0,0,0.0502167101927472,0,0,0,0,0,0,0,0,0,0,0,0,0,0,0,0,0,0,0,0,0,0,0,0,0,0.102413588665015,0,0,0,0,0,0,0,0,0,0,0,0,0,0,0,0,0,0,0,0,0,0,0,0,0,0,0,0,0,0,0,0,0,0,0,0,0,0.00616612877360285,0,0,0,0,0,0,0,0,0,0,0,0,0,0,0,0,0,0,0,0,0,0,0,0,0,0,0,0,0,0.876820876359511,3.93782479168451,0,0,0,0,0,0,0,0,0,0,0,0,0,0,0,0,0,0,0,0,0,0,0,1.1358364864737,0,0,0,0,0,0,0,0,0,0,0,0,0,0,0,0,0,0,0,0,0,0,0,0,0,0,0,0,0,0.402143797527788,0,0,0,0,0,0,0.0550702060811788,0.26746487619403,0,0.219341437072606,0,2.19020074636185,0,0,0,0,0,0,0,0,0,0,0,0,0,0,0,0,0,0,0,0,0,0,0,0,0,0,0,0,0,0,0,0,0,0,0,0,0,0,0,0,0,0,0,0,0,0,0,0,0,0,0,0,0,0,0,0,0,0,0,0,0,0,0,0,0.0229114306799342,0,0,0,0,0,0,0,0,0,0,0,0,0,0,0,0,0,0,0,0,0,0,0,0,0,0,0,0,0,0,0,0,0,0,0,0,0,0,0,0,0,0,6.03768654097389,0,0,0,0,0,0,0,0,0,0,0,0,0,0,0,0,0,0,0,0,0,0,0,0,0,0,0,0,0,0,0,0,0,0,0,0,0.18182077582592,0,0.00123129391269794,0,0,0,0.270833330039706,0,0,0,0,0,0,0,0,0,0,0,0,0,0,0,0,0.116069176953559,0,0.105499921321453,0,0,0,0,0,0,0,0,0,0,0,0,0,0.17527658900958,0,0,0,198.7325034,216.4193039,221.154904,195.4820033,207.9456035,190.5904033,203.4444035,187.4110032,210.6101038,182.0878031,195.8830034,"WAK-00013"
"9",1787,"nSPC",2009,"PRIAs","Pacific Remote Island Areas","Wake","Wake",2009,"ForereefMid","Wake","2009-03-23","Forereef","Mid",19.28729,166.65736,14,NA,NA,NA,NA,NA,NA,NA,0,NA,NA,NA,NA,2,1,4.56745681833016,1.46168784664155,15.4796658697949,1.97996154024493,23.4887720750115,6.60601099081937,0,0,0,0,0,0,0,0,0,0,0,0,0,0,0,0,0,0,0,0.0311236333157484,0,0,0,0,0,0.00848826363156775,0,0,0,0,0,0,0,0,0,0,0,0,0,0,0,0.00282942121052258,0,0,0,0,0,0,0,0,0,0,0,0,0,0,0.00565884242104517,0,0,0,0,0,0,0,0,0,0,0,0,0,0,0,0,0,0,0,0,0,0,0,0,0.00282942121052258,0,0,0,0,0,0,0,0,0,0,0,0,0,0,0,0,0,0,0,0,0,0,0,0,0,0,0,0,0,0,0,0,0,0,0.00565884242104517,0,0,0,0.0254647908947033,0,0,0,0,0.0141471060526129,0,0,0,0,0,0,0,0,0,0,0,0,1.55618166578742,0.0141471060526129,0,0,0,0,0,0,0,0,0,0,0,0,0,0,0,0,0,0,0,0,0,0,0,0,0,0,0,0,0,0,0,0,0,0,0,0,0,0,0,0,0.00282942121052258,0,0,0,0,0,0,0,0,0,0,0.0113176848420903,0,0,0,0,0,0,0,0,0,0,0,0,0,0,0,0,0,0,0,0,0,0,0,0,0,0,0,0,0,0,0,0,0,0.00565884242104517,0,0,0,0,0,0,0,0,0,0,0,0.0452707393683613,0,0,0,0,0,0,0,0,0,0,0,0,0,0,0,0,0,0,0,0,0,0,0,0,0,0,0,0,0,0,0,0,0,0,0,0,0,0,0,0,0,0,0,0,0,0,0,0,0,0,0,0,0,0,0,0,0,0,0,0,0,0,0,0,0,0,0,0,0,0,0,0,0,0,0,0,0,0,0,0,0,0,0,0,0,0,0,0.0367824757367936,0,0,0,0,0,0,0,0,0,0,0,0,0,0,0,0,0,0,0,0,0,0,0,0,0,0,0,0,0,0,0,0,0,0.00282942121052258,0,0,0,0.00848826363156775,0,0,0,0,0,0,0,0,0,0,0,0,0,0,0,0,0,0,0,0,0,0,0,0,0,0,0,0,0,0,0.00848826363156775,0,0,0,0,0,0,0,0,0,0,0,0,0,0,0,0,0,0,0,0,0,0,0,0,0,0,0,0,0,0,0,0,0,0,0,0,0,0,0,0,0,0,0,0,0,0,0,0,0,0,0,0,0,0.00565884242104517,0.00282942121052258,0,0,0,0,0,0.00282942121052258,0,0,0,0,0.00565884242104517,0,0,0,0,0,0,0,0,0,0,0,0,0,0,0,0,0,0,0,0,0,0,0,0,0,0,0,0,0,0,0,0,0,0,0,0,0,0,0,0,0,0,0,0,0,0,0,0,0,0.00282942121052258,0,0,0,0,0,0,0,0,0,0,0,0,0,0,0.00565884242104517,0,0,0,0,0.00565884242104517,0,0,0,0,0,0,0,0,0,0,0,0,0,0,0,0,0,0,0,0,0,0,0,0,0,0,0,0,0,0,0,0,0,0,0,0,0,0.00565884242104517,0,0,0,0,0,0,0,0,0,0,0,0,0,0,0,0,0,0,0,0,0,0,0,0,0,0,0,0,0,0,0,0,0,0,0,0,0.0367824757367936,0,0.0113176848420903,0,0,0,0.00282942121052258,0,0,0,0,0,0,0,0,0,0,0,0,0,0,0,0,0.0707355302630646,0,0.0141471060526129,0,0,0,0,0,0,0,0,0,0,0,0,0,0,0,0,0,0,0,0,0,0,0,0,0,0,0,0,0,0,0,0,0,0,0,0,0.459943286051504,0,0,0,0,0,0.0946755460674172,0,0,0,0,0,0,0,0,0,0,0,0,0,0,0,0.652170271340614,0,0,0,0,0,0,0,0,0,0,0,0,0,0,3.00969212410861,0,0,0,0,0,0,0,0,0,0,0,0,0,0,0,0,0,0,0,0,0,0,0,0,0.00669024453210871,0,0,0,0,0,0,0,0,0,0,0,0,0,0,0,0,0,0,0,0,0,0,0,0,0,0,0,0,0,0,0,0,0,0,1.09621664038419,0,0,0,0.0954393692417298,0,0,0,0,0.0402127509729693,0,0,0,0,0,0,0,0,0,0,0,0,1.354132697144,0.00618935889801815,0,0,0,0,0,0,0,0,0,0,0,0,0,0,0,0,0,0,0,0,0,0,0,0,0,0,0,0,0,0,0,0,0,0,0,0,0,0,0,0,0.223531678154915,0,0,0,0,0,0,0,0,0,0,4.19012189659604,0,0,0,0,0,0,0,0,0,0,0,0,0,0,0,0,0,0,0,0,0,0,0,0,0,0,0,0,0,0,0,0,0,0.00986807378867538,0,0,0,0,0,0,0,0,0,0,0,1.12107062010477,0,0,0,0,0,0,0,0,0,0,0,0,0,0,0,0,0,0,0,0,0,0,0,0,0,0,0,0,0,0,0,0,0,0,0,0,0,0,0,0,0,0,0,0,0,0,0,0,0,0,0,0,0,0,0,0,0,0,0,0,0,0,0,0,0,0,0,0,0,0,0,0,0,0,0,0,0,0,0,0,0,0,0,0,0,0,0,0.137053202248019,0,0,0,0,0,0,0,0,0,0,0,0,0,0,0,0,0,0,0,0,0,0,0,0,0,0,0,0,0,0,0,0,0,0.0054076140822457,0,0,0,0.0118835791754166,0,0,0,0,0,0,0,0,0,0,0,0,0,0,0,0,0,0,0,0,0,0,0,0,0,0,0,0,0,0,6.84615135851216,0,0,0,0,0,0,0,0,0,0,0,0,0,0,0,0,0,0,0,0,0,0,0,0,0,0,0,0,0,0,0,0,0,0,0,0,0,0,0,0,0,0,0,0,0,0,0,0,0,0,0,0,0,0.430530418529749,0.00713957735872033,0,0,0,0,0,0.0310176353076178,0,0,0,0,0.172925269229324,0,0,0,0,0,0,0,0,0,0,0,0,0,0,0,0,0,0,0,0,0,0,0,0,0,0,0,0,0,0,0,0,0,0,0,0,0,0,0,0,0,0,0,0,0,0,0,0,0,0.00899592976925488,0,0,0,0,0,0,0,0,0,0,0,0,0,0,0.0458228613598685,0,0,0,0,0.0093803120386095,0,0,0,0,0,0,0,0,0,0,0,0,0,0,0,0,0,0,0,0,0,0,0,0,0,0,0,0,0,0,0,0,0,0,0,0,0,2.41588909422333,0,0,0,0,0,0,0,0,0,0,0,0,0,0,0,0,0,0,0,0,0,0,0,0,0,0,0,0,0,0,0,0,0,0,0,0,0.277553171896697,0,0.0234162484069955,0,0,0,0.134270749429591,0,0,0,0,0,0,0,0,0,0,0,0,0,0,0,0,0.493391178637872,0,0.0779893174204813,0,0,0,0,0,0,0,0,0,0,0,0,0,0,0,0,0,153.0921026,148.2019027,152.9766027,121.5689021,170.0008029,144.4637024,164.3437028,146.0114025,165.334903,132.3308023,142.8483025,"WAK-00014"
"10",1788,"nSPC",2009,"PRIAs","Pacific Remote Island Areas","Wake","Wake",2009,"ForereefDeep","Wake","2009-03-23","Forereef","Deep",19.26829571,166.66047175,20,NA,NA,NA,NA,NA,NA,NA,0,NA,NA,NA,NA,2,1,2.48447952876074,1.30677101550107,13.2123179225125,10.3268102510248,27.3303787177991,2.91114601496752,0,0,0,0,0,0,0,0,0.00282942121052258,0,0,0,0,0,0,0,0,0,0,0.0113176848420903,0,0.00282942121052258,0,0,0,0.00282942121052258,0,0,0,0,0,0,0,0,0,0,0,0,0,0,0,0,0,0,0,0,0,0,0,0,0,0,0,0,0,0,0.00282942121052258,0,0,0,0,0,0,0,0,0,0,0,0,0,0,0,0,0,0,0,0,0,0,0,0,0,0,0,0,0,0,0.00282942121052258,0,0,0,0,0,0,0,0,0,0,0,0,0,0,0,0,0,0,0,0,0,0,0,0,0,0,0,0,0.00282942121052258,0,0,0,0.00565884242104517,0,0,0,0,0.00848826363156775,0,0,0,0,0,0,0,0,0,0,0,0,0.820532151051549,0.033953054526271,0,0,0,0,0,0,0,0,0,0,0,0,0,0,0,0,0,0,0,0,0,0,0,0,0,0,0,0,0,0,0,0,0,0,0,0,0,0,0,0,0,0,0,0,0.00282942121052258,0,0,0,0,0,0,0.00282942121052258,0,0,0,0,0,0,0,0.00282942121052258,0,0.00282942121052258,0,0,0,0,0,0,0,0,0,0,0,0,0,0,0,0,0,0,0,0,0,0,0,0,0,0,0,0,0,0,0,0,0,0,0,0.00282942121052258,0,0.00282942121052258,0,0,0.00848826363156775,0,0,0,0,0,0,0,0,0,0,0,0,0,0,0,0,0,0,0,0,0,0,0,0,0,0,0,0,0.00282942121052258,0.00282942121052258,0,0,0,0,0,0,0,0,0,0,0,0,0,0,0,0,0.00565884242104517,0,0,0,0,0,0,0,0,0,0,0,0,0,0,0,0,0,0,0,0,0,0,0,0,0,0,0,0,0,0,0,0,0,0,0,0.00848826363156775,0,0,0,0,0,0,0,0,0,0,0,0,0,0,0,0,0,0,0,0,0,0,0,0,0,0,0,0,0,0,0,0,0,0.00565884242104517,0,0,0,0.00282942121052258,0,0,0,0,0,0,0,0,0,0,0,0,0,0,0,0,0,0,0,0,0,0,0,0,0,0,0,0,0,0,0.00565884242104517,0,0,0,0,0,0,0,0,0,0,0,0,0,0,0,0,0,0,0,0,0,0,0,0.0113176848420903,0,0,0,0,0,0,0,0,0.0113176848420903,0,0,0,0,0,0,0,0,0,0,0,0,0,0,0,0,0,0,0,0,0.00282942121052258,0.00565884242104517,0,0,0,0,0,0.00565884242104517,0,0,0.00282942121052258,0,0.00282942121052258,0,0,0,0,0,0,0,0,0,0,0,0,0,0,0,0,0,0,0,0,0,0,0,0,0,0,0,0,0,0,0,0,0,0,0,0,0,0,0,0,0,0,0,0,0,0,0,0,0,0,0,0,0,0,0,0,0,0,0,0,0,0,0,0,0.0226353696841807,0,0,0,0,0,0,0,0,0,0,0,0,0,0,0,0,0,0,0,0,0,0,0,0,0,0,0,0,0,0,0,0,0,0.00565884242104517,0.0113176848420903,0,0,0,0,0,0,0,0.00848826363156775,0,0,0,0,0,0,0,0,0,0,0,0,0,0,0,0,0,0,0,0,0,0,0,0,0,0,0,0,0,0,0,0,0,0,0,0,0,0,0.00848826363156775,0,0,0,0.00282942121052258,0,0,0,0,0,0,0,0,0,0,0,0,0,0,0,0,0.0113176848420903,0,0,0,0,0,0,0,0,0,0,0,0,0,0,0,0.00565884242104517,0,0,0,0,0,0,0,0,0,0,0,3.50682793805788,0,0,0,0,0,0,0,0,0,0,0.204001042392735,0,0.217385030496447,0,0,0,0.0432901445209955,0,0,0,0,0,0,0,0,0,0,0,0,0,0,0,0,0,0,0,0,0,0,0,0,0,0,0,0,0,0,0.584760725710518,0,0,0,0,0,0,0,0,0,0,0,0,0,0,0,0,0,0,0,0,0,0,0,0,0,0,0,0,0,0,0.391157145717067,0,0,0,0,0,0,0,0,0,0,0,0,0,0,0,0,0,0,0,0,0,0,0,0,0,0,0,0,0.734847163315798,0,0,0,0.0160851003891877,0,0,0,0,0.020391300409399,0,0,0,0,0,0,0,0,0,0,0,0,1.24682406831372,0.0166568026663464,0,0,0,0,0,0,0,0,0,0,0,0,0,0,0,0,0,0,0,0,0,0,0,0,0,0,0,0,0,0,0,0,0,0,0,0,0,0,0,0,0,0,0,0,0.0102934306734148,0,0,0,0,0,0,0.258754594169904,0,0,0,0,0,0,0,0.524614657096631,0,0.211467495882241,0,0,0,0,0,0,0,0,0,0,0,0,0,0,0,0,0,0,0,0,0,0,0,0,0,0,0,0,0,0,0,0,0,0,0,0.258863491426718,0,0.159938242368366,0,0,0.309954236209244,0,0,0,0,0,0,0,0,0,0,0,0,0,0,0,0,0,0,0,0,0,0,0,0,0,0,0,0,0.67222606699131,0.740589575954953,0,0,0,0,0,0,0,0,0,0,0,0,0,0,0,0,0.194098295041849,0,0,0,0,0,0,0,0,0,0,0,0,0,0,0,0,0,0,0,0,0,0,0,0,0,0,0,0,0,0,0,0,0,0,0,0.102695823430765,0,0,0,0,0,0,0,0,0,0,0,0,0,0,0,0,0,0,0,0,0,0,0,0,0,0,0,0,0,0,0,0,0,0.0177965605695409,0,0,0,0.00785111761276115,0,0,0,0,0,0,0,0,0,0,0,0,0,0,0,0,0,0,0,0,0,0,0,0,0,0,0,0,0,0,1.93698296696254,0,0,0,0,0,0,0,0,0,0,0,0,0,0,0,0,0,0,0,0,0,0,0,2.76119695233434,0,0,0,0,0,0,0,0,0.0504891016313525,0,0,0,0,0,0,0,0,0,0,0,0,0,0,0,0,0,0,0,0,0.161287619329327,0.107119461289753,0,0,0,0,0,0.331357953413786,0,0,0.740718469869592,0,0.70581455351794,0,0,0,0,0,0,0,0,0,0,0,0,0,0,0,0,0,0,0,0,0,0,0,0,0,0,0,0,0,0,0,0,0,0,0,0,0,0,0,0,0,0,0,0,0,0,0,0,0,0,0,0,0,0,0,0,0,0,0,0,0,0,0,0,0.271191345638638,0,0,0,0,0,0,0,0,0,0,0,0,0,0,0,0,0,0,0,0,0,0,0,0,0,0,0,0,0,0,0,0,0,2.68941335904077,3.57956019127754,0,0,0,0,0,0,0,2.65239142079761,0,0,0,0,0,0,0,0,0,0,0,0,0,0,0,0,0,0,0,0,0,0,0,0,0,0,0,0,0,0,0,0,0,0,0,0,0,0,0.0343777713822913,0,0,0,0.356425585194983,0,0,0,0,0,0,0,0,0,0,0,0,0,0,0,0,0.150128738681662,0,0,0,0,0,0,0,0,0,0,0,0,0,0,0,0.350553178019161,0,0,0,141.3561024,124.1255023,122.0586022,100.7270017,156.3614027,121.568502,139.3078024,115.0554019,141.6544025,113.864902,119.2947021,"WAK-00053"
"11",1789,"nSPC",2009,"PRIAs","Pacific Remote Island Areas","Wake","Wake",2009,"ForereefShallow","Wake","2009-03-23","Forereef","Shallow",19.27683569,166.65600118,3,NA,NA,NA,NA,NA,NA,NA,0,NA,NA,NA,NA,4,2,0.244670067048166,0.354374013511053,16.0868061497625,15.9689687531276,32.6548189834493,8.89240824085175,0,0,0,0,0,0.00141471060526129,0,0,0,0,0.00282942121052258,0,0,0,0,0,0,0,0,0.0183912378683968,0,0,0,0,0,0,0.00565884242104517,0,0,0,0,0,0,0,0,0,0,0,0,0,0,0,0,0,0,0,0,0,0,0,0,0,0,0,0,0,0,0,0,0,0,0,0,0,0,0,0,0,0,0,0,0,0,0,0,0,0,0,0,0,0,0,0,0,0,0,0,0,0,0,0,0,0,0,0,0,0,0,0,0,0,0,0,0,0,0,0,0,0,0,0,0,0,0,0,0,0.00141471060526129,0,0,0,0,0,0,0,0,0,0,0,0,0,0,0,0,0,0,0,0,0,0,0,0,0,0,0,0,0,0,0,0,0,0,0,0,0,0,0,0,0.00424413181578388,0,0,0,0,0,0,0,0,0,0,0,0,0,0.00282942121052258,0,0,0,0,0,0,0,0,0,0,0,0,0,0,0,0.00565884242104517,0,0,0,0,0,0,0,0,0.00141471060526129,0.00141471060526129,0,0.0113176848420903,0,0,0,0,0,0,0,0,0,0,0,0,0,0,0,0,0,0,0,0,0,0,0,0,0,0.00141471060526129,0,0,0,0,0,0,0,0,0,0,0,0.00707355302630646,0,0.00848826363156775,0,0,0.00424413181578388,0,0,0,0,0,0,0,0,0,0,0,0,0,0,0,0,0,0,0,0,0,0,0,0,0,0,0,0,0,0,0,0,0,0,0,0,0,0,0,0,0,0,0,0,0,0,0,0,0,0,0,0,0,0,0,0,0.00282942121052258,0,0,0,0,0,0,0,0,0,0,0,0,0,0,0,0,0,0,0,0,0,0,0,0,0,0.00141471060526129,0,0,0,0,0,0,0,0,0,0,0,0,0,0,0,0,0,0,0,0,0,0,0,0,0,0,0,0,0,0,0,0,0,0,0,0,0,0,0,0,0,0,0,0,0,0,0,0,0,0,0,0.0353677651315323,0,0,0,0,0,0,0,0,0,0,0,0,0,0,0,0,0,0,0,0,0,0,0,0,0,0,0,0,0,0,0,0.00282942121052258,0,0,0,0,0,0,0,0,0.00141471060526129,0,0,0,0,0,0,0,0,0,0,0,0,0,0,0,0,0,0,0,0,0,0,0,0,0,0,0,0,0,0,0,0,0,0,0,0,0,0,0,0,0,0,0,0,0,0,0,0,0,0,0,0,0,0.00141471060526129,0,0,0,0,0,0,0,0,0,0,0.24050080289442,0,0,0,0,0,0,0,0,0,0,0,0,0,0,0,0,0,0,0,0,0,0,0,0,0,0,0,0,0,0,0,0,0,0,0,0,0,0,0,0,0,0,0,0,0,0,0,0,0,0,0,0,0,0,0,0,0,0,0,0,0,0,0,0,0,0,0.00282942121052258,0,0,0,0,0,0,0,0,0.00282942121052258,0,0,0,0,0,0,0,0,0.0141471060526129,0,0,0,0,0,0,0,0,0,0,0,0,0,0,0,0,0,0,0,0,0,0,0,0,0,0,0,0,0,0,0,0,0,0,0,0,0,0,0,0,0,0,0,0,0,0,0,0,0,0,0,0,0,0,0,0,0,0,0,0.0537590029999291,0,0.216450722604978,0,0.00282942121052258,0,0,0,0,0,0,0,0,0,0,0.00141471060526129,0,0,0,0,0,0,0,0,0,0.282942121052258,0,0,0,0,0.0111920585403431,0,0,0,0,0,0,0,0,1.57179027850246,0,0,0,0,0,0,0.217175179080687,0,0,0,0,0,0,0,0,0,0,0,0,0,0,0,0,0,0,0,0,0,0,0,0,0,0,0,0,0,0,0,0,0,0,0,0,0,0,0,0,0,0,0,0,0,0,0,0,0,0,0,0,0,0,0,0,0,0,0,0,0,0,0,0,0,0,0,0,0,0,0,0,0,0,0,0,0,0,0,0,0,0,0,0,0,0,0,0,0,0.244670067048166,0,0,0,0,0,0,0,0,0,0,0,0,0,0,0,0,0,0,0,0,0,0,0,0,0,0,0,0,0,0,0,0,0,0,0,0,0,0,0,0,4.10429218922854,0,0,0,0,0,0,0,0,0,0,0,0,0,0.473834272303141,0,0,0,0,0,0,0,0,0,0,0,0,0,0,0,0.0685611616835109,0,0,0,0,0,0,0,0,0.434451846458556,0.194515857323659,0,3.04743783387252,0,0,0,0,0,0,0,0,0,0,0,0,0,0,0,0,0,0,0,0,0,0,0,0,0,0.00438455954289408,0,0,0,0,0,0,0,0,0,0,0,0.374933947343638,0,0.771455309274017,0,0,0.224848461223211,0,0,0,0,0,0,0,0,0,0,0,0,0,0,0,0,0,0,0,0,0,0,0,0,0,0,0,0,0,0,0,0,0,0,0,0,0,0,0,0,0,0,0,0,0,0,0,0,0,0,0,0,0,0,0,0,0.0398814735603481,0,0,0,0,0,0,0,0,0,0,0,0,0,0,0,0,0,0,0,0,0,0,0,0,0,0.00963361333758729,0,0,0,0,0,0,0,0,0,0,0,0,0,0,0,0,0,0,0,0,0,0,0,0,0,0,0,0,0,0,0,0,0,0,0,0,0,0,0,0,0,0,0,0,0,0,0,0,0,0,0,12.3781435039079,0,0,0,0,0,0,0,0,0,0,0,0,0,0,0,0,0,0,0,0,0,0,0,0,0,0,0,0,0,0,0,0.244641136587598,0,0,0,0,0,0,0,0,0.688238160478757,0,0,0,0,0,0,0,0,0,0,0,0,0,0,0,0,0,0,0,0,0,0,0,0,0,0,0,0,0,0,0,0,0,0,0,0,0,0,0,0,0,0,0,0,0,0,0,0,0,0,0,0,0,0.109732876923455,0,0,0,0,0,0,0,0,0,0,0.598454891574466,0,0,0,0,0,0,0,0,0,0,0,0,0,0,0,0,0,0,0,0,0,0,0,0,0,0,0,0,0,0,0,0,0,0,0,0,0,0,0,0,0,0,0,0,0,0,0,0,0,0,0,0,0,0,0,0,0,0,0,0,0,0,0,0,0,0,0.106162609521261,0,0,0,0,0,0,0,0,0.796368047866512,0,0,0,0,0,0,0,0,4.78811605162321,0,0,0,0,0,0,0,0,0,0,0,0,0,0,0,0,0,0,0,0,0,0,0,0,0,0,0,0,0,0,0,0,0,0,0,0,0,0,0,0,0,0,0,0,0,0,0,0,0,0,0,0,0,0,0,0,0,0,0,0.0332528021963892,0,0.565884666517698,0,0.10326724146787,0,0,0,0,0,0,0,0,0,0,0.166556765408647,0,0,0,0,0,0,0,0,0,0,0,0,0,0,0,"WAK-00054"
"12",1790,"nSPC",2009,"PRIAs","Pacific Remote Island Areas","Wake","Wake",2009,"ForereefShallow","Wake","2009-03-23","Forereef","Shallow",19.294865,166.65395214,5,NA,NA,NA,NA,NA,NA,NA,0,NA,NA,NA,NA,4,2,0.135328022353295,0.617844927763277,5.06663100384108,2.26986697718207,8.08967093113972,2.0389285097603,0,0,0,0,0,0,0,0,0,0,0,0,0,0,0,0,0,0,0,0.103273874184074,0,0,0,0,0,0,0,0,0,0,0,0,0,0,0,0,0,0,0,0,0,0,0,0,0,0,0,0,0,0,0,0,0,0,0,0,0,0,0,0,0,0,0,0,0,0,0,0,0,0,0,0,0,0,0,0,0,0,0,0,0,0,0,0,0,0,0,0,0,0,0,0,0,0,0,0,0,0,0,0,0,0,0,0,0,0,0,0,0,0,0,0,0,0,0,0,0,0,0,0,0.00707355302630646,0,0,0,0,0,0,0,0,0,0,0,0,0,0,0,0,0,0.0396118969473162,0,0,0,0,0,0,0,0,0,0,0,0,0,0,0,0,0,0,0,0,0,0,0,0,0,0,0,0,0,0,0,0,0,0,0,0,0,0,0,0,0,0,0,0,0,0,0,0,0.00282942121052258,0,0,0,0,0,0,0,0,0,0,0,0.00141471060526129,0,0,0,0.0212206590789194,0,0,0,0,0,0,0,0,0,0,0,0,0,0,0,0,0,0,0,0,0,0.00990297423682904,0,0,0,0,0,0,0,0,0,0,0,0.0226353696841807,0,0,0,0,0,0,0,0,0,0,0,0,0,0,0,0,0,0,0,0,0,0,0,0,0,0,0,0,0,0,0,0,0,0,0,0,0,0,0,0,0,0,0,0,0,0,0,0,0,0,0,0,0,0,0,0,0,0,0,0,0,0.00565884242104517,0,0,0,0,0,0,0,0,0,0,0,0,0,0,0,0,0,0,0,0,0,0,0,0,0,0,0,0,0,0,0,0,0,0,0,0,0,0,0,0,0,0,0,0,0,0,0,0,0,0,0,0,0,0,0,0,0,0,0,0,0,0,0,0,0,0,0,0,0,0,0,0,0,0,0,0,0,0,0,0,0,0,0,0,0,0,0,0,0,0,0,0,0,0.00990297423682904,0.00424413181578388,0,0,0,0,0,0,0,0,0,0,0,0,0,0,0,0,0,0,0,0,0,0,0,0,0,0,0,0,0,0,0,0,0,0,0,0,0,0,0,0,0,0,0,0,0,0,0,0,0,0,0,0,0,0,0,0,0,0,0,0,0,0.00141471060526129,0,0,0,0,0,0,0,0,0,0,0,0,0,0,0,0,0,0,0,0,0,0,0,0,0,0,0.364995336157413,0,0,0,0,0,0,0.00141471060526129,0,0,0,0,0,0,0,0,0,0,0,0,0,0,0,0,0,0,0,0,0,0,0,0,0,0,0,0,0,0,0,0,0,0,0,0,0,0,0,0,0,0,0,0,0,0,0,0,0,0,0,0,0,0,0,0,0,0,0,0.00707355302630646,0,0,0,0,0,0,0,0,0,0,0,0,0,0,0,0,0,0.00282942121052258,0,0,0,0,0,0,0,0,0,0.00141471060526129,0,0,0,0,0,0,0,0,0,0,0,0,0,0,0,0,0,0,0,0,0,0,0,0,0,0,0,0,0,0,0,0,0,0,0,0,0,0,0,0,0,0,0,0,0,0,0,0,0,0.0707355302630646,0,0.243330224104942,0,0.00565884242104517,0,0,0,0,0,0,0,0,0,0,0,0,0,0,0,0,0,0,0,0,0,0,0,0,0,0,0,0,0,0,0,0,0,0,1.54915788816141,0,0,0,0,0,0,0,0,0,0,0,0,0,0,0,0,0,0,0,0,0,0,0,0,0,0,0,0,0,0,0,0,0,0,0,0,0,0,0,0,0,0,0,0,0,0,0,0,0,0,0,0,0,0,0,0,0,0,0,0,0,0,0,0,0,0,0,0,0,0,0,0,0,0,0,0,0,0,0,0,0,0,0,0,0,0,0,0,0,0,0,0,0,0,0,0,0,0,0,0,0.016370025312102,0,0,0,0,0,0,0,0,0,0,0,0,0,0,0,0,0,0.0654071642394085,0,0,0,0,0,0,0,0,0,0,0,0,0,0,0,0,0,0,0,0,0,0,0,0,0,0,0,0,0,0,0,0,0,0,0,0,0,0,0,0,0,0,0,0,0,0,0,0,0.0817502926299197,0,0,0,0,0,0,0,0,0,0,0,0.696931997622328,0,0,0,0.0269366558084171,0,0,0,0,0,0,0,0,0,0,0,0,0,0,0,0,0,0,0,0,0,0.0129619420576985,0,0,0,0,0,0,0,0,0,0,0,0.244647494871668,0,0,0,0,0,0,0,0,0,0,0,0,0,0,0,0,0,0,0,0,0,0,0,0,0,0,0,0,0,0,0,0,0,0,0,0,0,0,0,0,0,0,0,0,0,0,0,0,0,0,0,0,0,0,0,0,0,0,0,0,0,0.0667805288630612,0,0,0,0,0,0,0,0,0,0,0,0,0,0,0,0,0,0,0,0,0,0,0,0,0,0,0,0,0,0,0,0,0,0,0,0,0,0,0,0,0,0,0,0,0,0,0,0,0,0,0,0,0,0,0,0,0,0,0,0,0,0,0,0,0,0,0,0,0,0,0,0,0,0,0,0,0,0,0,0,0,0,0,0,0,0,0,0,0,0,0,0,0,0.525501107715452,0.504022686636174,0,0,0,0,0,0,0,0,0,0,0,0,0,0,0,0,0,0,0,0,0,0,0,0,0,0,0,0,0,0,0,0,0,0,0,0,0,0,0,0,0,0,0,0,0,0,0,0,0,0,0,0,0,0,0,0,0,0,0,0,0,0.135328022353295,0,0,0,0,0,0,0,0,0,0,0,0,0,0,0,0,0,0,0,0,0,0,0,0,0,0,0.915512240754478,0,0,0,0,0,0,0.00361045941939586,0,0,0,0,0,0,0,0,0,0,0,0,0,0,0,0,0,0,0,0,0,0,0,0,0,0,0,0,0,0,0,0,0,0,0,0,0,0,0,0,0,0,0,0,0,0,0,0,0,0,0,0,0,0,0,0,0,0,0,0.252747485715886,0,0,0,0,0,0,0,0,0,0,0,0,0,0,0,0,0,1.65786733943665,0,0,0,0,0,0,0,0,0,0.381061170323657,0,0,0,0,0,0,0,0,0,0,0,0,0,0,0,0,0,0,0,0,0,0,0,0,0,0,0,0,0,0,0,0,0,0,0,0,0,0,0,0,0,0,0,0,0,0,0,0,0,0.043753687100512,0,0.751340353000946,0,0.157982389117267,0,0,0,0,0,0,0,0,0,0,0,0,0,0,0,145.6067025,138.2083025,141.4874025,112.5992019,163.0843028,137.1026023,154.1041026,132.2476023,158.7685029,123.4898021,137.5651024,"WAK-00055"
"13",1791,"nSPC",2009,"PRIAs","Pacific Remote Island Areas","Wake","Wake",2009,"ForereefDeep","Wake","2009-03-23","Forereef","Deep",19.30899924,166.65258338,25,NA,NA,NA,NA,NA,NA,NA,0,NA,NA,NA,NA,2,1,12.5377164418987,7.98068213654417,19.0833940911097,9.38136554083743,48.98315821039,4.26804922095038,0,0,0,0,0,0,0,0,0,0,0,0,0,0,0,0,0,0,0,0.0198059484736581,0,0,0,0,0,0.00848826363156775,0,0,0,0,0,0,0,0,0,0,0,0,0,0,0,0,0,0,0,0,0,0,0,0,0,0,0,0,0,0,0.0141471060526129,0,0,0,0,0,0,0,0,0,0,0,0,0,0,0,0,0,0,0,0,0,0,0,0,0,0,0,0,0,0,0,0,0,0,0,0,0,0,0,0,0,0,0,0,0,0,0,0,0,0,0,0,0,0,0,0,0,0,0,0.0141471060526129,0,0,0,0.0198059484736581,0,0,0,0,0.0113176848420903,0,0,0,0,0,0,0,0,0,0,0,0,0.820532151051549,0.0594178454209743,0,0,0,0,0,0,0,0,0,0,0,0,0,0,0,0,0,0,0,0,0,0,0,0,0,0,0,0,0,0,0,0,0,0,0,0,0,0,0,0,0.0113176848420903,0,0,0,0.0169765272631355,0,0,0,0,0,0,0.00282942121052258,0,0,0,0,0,0,0,0.0424413181578388,0,0,0,0,0,0,0,0,0,0,0,0,0,0,0,0,0,0,0,0,0,0,0,0,0,0,0,0.00565884242104517,0,0,0,0,0,0,0,0,0,0.0311236333157484,0,0,0,0,0.00565884242104517,0,0,0,0,0,0,0,0,0,0,0,0,0,0,0,0,0,0,0,0,0,0,0,0,0,0,0,0,0.00282942121052258,0.00282942121052258,0,0,0,0,0,0,0,0,0.00282942121052258,0,0,0,0,0,0,0,0.00848826363156775,0.00282942121052258,0,0,0,0,0,0,0,0,0,0,0,0,0,0,0,0,0,0,0,0,0,0,0,0,0,0,0,0,0,0,0,0,0,0,0.00282942121052258,0,0,0,0,0,0,0,0,0,0,0,0,0,0,0,0,0,0,0,0,0,0,0,0,0,0,0,0,0,0,0,0,0,0,0,0,0,0.0113176848420903,0,0,0,0,0,0.00282942121052258,0,0,0,0,0,0,0,0,0,0,0,0,0,0,0,0,0,0,0,0,0,0,0,0,0.00565884242104517,0.00282942121052258,0,0,0,0,0,0,0,0,0,0,0,0,0,0,0,0,0,0,0,0.00848826363156775,0,0.00565884242104517,0,0,0,0,0,0,0,0,0,0,0,0,0,0,0,0,0,0,0,0,0,0,0,0,0,0,0,0,0,0,0.00848826363156775,0.00565884242104517,0,0,0,0,0,0,0,0,0,0,0.00282942121052258,0,0,0,0,0,0,0,0,0,0,0,0,0,0,0,0,0,0,0,0,0,0,0,0,0,0,0,0,0,0,0,0,0,0,0,0,0,0,0,0,0,0,0,0,0,0,0,0,0,0,0,0,0,0,0,0,0,0,0,0,0,0,0,0,0.0169765272631355,0,0,0.0650766878420194,0,0,0,0,0,0,0,0,0,0,0,0,0,0,0,0,0,0,0,0,0,0,0,0,0,0,0,0,0,0,0.00282942121052258,0,0,0,0,0,0,0,0,0.00565884242104517,0,0,0,0,0,0,0,0,0,0.00282942121052258,0,0,0,0,0,0,0,0,0,0,0,0,0,0,0,0,0,0,0,0,0,0,0,0,0,0,0.0113176848420903,0,0.00848826363156775,0,0,0,0,0,0,0,0,0,0,0,0,0,0,0,0,0,0,0,0,0.0113176848420903,0,0.0141471060526129,0,0,0,0,0,0,0.00282942121052258,0,0,0,0,0,0,0.00565884242104517,0,0,0,0,0,0,0,0,0,0,0,0,0,0,0,0,0,0,0,0,0,0,0.15832530648447,0,0,0,0,0,0.0280520136496051,0,0,0,0,0,0,0,0,0,0,0,0,0,0,0,0,0,0,0,0,0,0,0,0,0,0,0,0,0,0,1.97424704088,0,0,0,0,0,0,0,0,0,0,0,0,0,0,0,0,0,0,0,0,0,0,0,0,0,0,0,0,0,0,0,0,0,0,0,0,0,0,0,0,0,0,0,0,0,0,0,0,0,0,0,0,0,0,0,0,0,0,0,3.50479023999459,0,0,0,0.0670100902018686,0,0,0,0,0.0246975004296102,0,0,0,0,0,0,0,0,0,0,0,0,1.05629650283955,0.0188354569984488,0,0,0,0,0,0,0,0,0,0,0,0,0,0,0,0,0,0,0,0,0,0,0,0,0,0,0,0,0,0,0,0,0,0,0,0,0,0,0,0,0.57562418875474,0,0,0,0.125082390831508,0,0,0,0,0,0,0.501930908636207,0,0,0,0,0,0,0,12.1108809501742,0,0,0,0,0,0,0,0,0,0,0,0,0,0,0,0,0,0,0,0,0,0,0,0,0,0,0,3.09290053555602,0,0,0,0,0,0,0,0,0,0.550884405383495,0,0,0,0,0.478865126642068,0,0,0,0,0,0,0,0,0,0,0,0,0,0,0,0,0,0,0,0,0,0,0,0,0,0,0,0,2.75226056769039,0.269163497623171,0,0,0,0,0,0,0,0,1.01608298734248,0,0,0,0,0,0,0,0.0773493023426611,0.131780292880089,0,0,0,0,0,0,0,0,0,0,0,0,0,0,0,0,0,0,0,0,0,0,0,0,0,0,0,0,0,0,0,0,0,0,0.0192672266751746,0,0,0,0,0,0,0,0,0,0,0,0,0,0,0,0,0,0,0,0,0,0,0,0,0,0,0,0,0,0,0,0,0,0,0,0,0,0.019262080996146,0,0,0,0,0,0.759273951439325,0,0,0,0,0,0,0,0,0,0,0,0,0,0,0,0,0,0,0,0,0,0,0,0,0.86202317477554,1.33019287730988,0,0,0,0,0,0,0,0,0,0,0,0,0,0,0,0,0,0,0,2.60005490709711,0,4.05999018259643,0,0,0,0,0,0,0,0,0,0,0,0,0,0,0,0,0,0,0,0,0,0,0,0,0,0,0,0,0,0,1.29641793693807,0.0252445508156762,0,0,0,0,0,0,0,0,0,0,0.245816445914901,0,0,0,0,0,0,0,0,0,0,0,0,0,0,0,0,0,0,0,0,0,0,0,0,0,0,0,0,0,0,0,0,0,0,0,0,0,0,0,0,0,0,0,0,0,0,0,0,0,0,0,0,0,0,0,0,0,0,0,0,0,0,0,0,0.132997120537671,0,0,0.217453073363017,0,0,0,0,0,0,0,0,0,0,0,0,0,0,0,0,0,0,0,0,0,0,0,0,0,0,0,0,0,0,2.27436103220834,0,0,0,0,0,0,0,0,3.21065628558946,0,0,0,0,0,0,0,0,0,0.555462026724714,0,0,0,0,0,0,0,0,0,0,0,0,0,0,0,0,0,0,0,0,0,0,0,0,0,0,0.0577528760490156,0,0.0689544236242499,0,0,0,0,0,0,0,0,0,0,0,0,0,0,0,0,0,0,0,0,0.10671990445942,0,0.196330142492709,0,0,0,0,0,0,1.99391766905318,0,0,0,0,0,0,0.435951016394763,0,0,0,176.291403,185.1830033,207.5681038,160.8413027,192.9390033,172.248803,184.8393031,173.0845031,184.2919033,164.7807028,180.6926031,"WAK-00056"
"14",1792,"nSPC",2009,"PRIAs","Pacific Remote Island Areas","Wake","Wake",2009,"ForereefMid","Wake","2009-03-24","Forereef","Mid",19.28765,166.61303,11,NA,NA,NA,NA,NA,NA,NA,0,NA,NA,NA,NA,2,1,0.765864798623415,0.854009360454201,9.01768565153126,5.05069111590042,15.6882509265093,3.58299843179175,0,0,0,0,0.00848826363156775,0,0,0,0,0,0,0,0,0,0,0,0,0,0,0,0,0,0,0,0,0,0.0141471060526129,0,0,0,0,0,0,0,0,0,0,0,0,0,0,0,0,0,0,0,0,0,0,0,0,0,0,0,0,0,0,0,0,0,0,0,0,0,0,0,0,0,0,0,0,0,0,0,0,0,0,0,0,0,0,0,0,0,0,0,0,0.00282942121052258,0,0,0,0,0,0,0,0,0,0,0,0,0,0,0,0,0,0,0,0,0,0,0.00282942121052258,0,0,0,0,0,0.00282942121052258,0,0,0,0.00282942121052258,0,0,0,0,0,0,0,0,0,0,0,0,0,0,0,0,0,0.282942121052258,0.0169765272631355,0,0,0,0,0.00565884242104517,0,0,0,0,0,0,0,0,0,0,0,0,0,0,0,0,0,0,0,0,0,0,0,0,0,0,0,0,0,0,0,0,0,0,0,0,0,0,0,0,0,0,0,0,0,0,0.00282942121052258,0,0,0,0,0.00282942121052258,0,0,0.00282942121052258,0,0.00565884242104517,0,0.0622472666314968,0,0,0,0,0,0,0,0,0,0,0,0,0,0,0,0,0,0,0,0,0,0,0,0,0,0,0,0,0,0,0,0,0,0.0169765272631355,0,0,0,0,0.0169765272631355,0,0,0,0,0,0,0,0,0,0,0,0,0,0,0,0,0,0,0,0,0,0,0,0,0,0,0,0,0,0,0,0,0,0,0,0,0,0,0,0,0,0,0,0,0,0,0,0,0,0,0,0,0,0,0,0,0,0,0,0,0,0,0,0,0,0,0,0,0,0,0,0,0,0,0,0,0,0,0,0,0,0,0.0254647908947033,0,0,0,0,0,0,0,0,0,0,0,0,0,0,0,0,0,0,0,0,0,0,0,0,0,0,0,0,0,0,0,0,0,0,0,0,0,0,0,0,0,0,0,0,0,0.00282942121052258,0,0,0,0,0,0,0,0,0,0,0,0,0,0,0,0,0,0,0,0,0,0,0.00282942121052258,0.00282942121052258,0,0,0,0,0,0,0,0,0,0,0,0,0,0,0,0,0,0,0,0,0,0,0.00282942121052258,0,0,0,0,0,0,0,0,0,0,0,0,0,0,0,0,0,0,0,0,0,0,0,0,0,0,0,0,0,0,0.0141471060526129,0,0,0,0,0,0.00282942121052258,0,0,0,0,0.0113176848420903,0,0,0,0,0,0,0,0,0,0,0,0,0,0,0,0,0,0,0,0,0,0,0,0,0,0,0,0,0,0,0,0,0,0,0,0,0,0,0,0,0,0,0,0,0,0,0,0,0,0,0,0,0,0,0,0,0,0,0,0,0,0,0,0,0.00282942121052258,0,0,0,0,0,0,0,0.00282942121052258,0,0,0,0,0,0,0,0,0,0,0,0,0,0,0,0,0,0,0,0,0,0,0,0,0,0,0.00282942121052258,0,0,0,0,0,0,0,0.00565884242104517,0,0,0,0,0,0,0,0,0,0,0,0,0,0,0,0,0,0,0,0,0,0,0,0,0,0,0,0,0,0,0,0,0,0,0,0,0,0,0,0,0,0,0,0,0,0,0,0,0,0,0,0,0,0,0,0,0,0,0,0.00848826363156775,0,0.00282942121052258,0,0,0,0,0,0,0,0,0,0,0,0,0,0.00848826363156775,0,0,0,0,0,0,0,0.267699526630921,0,0,0,0,0,0,0,0,0,0,0,0,0,0,0,0,0,0,0,0,0,0.528854951375524,0,0,0,0,0,0,0,0,0,0,0,0,0,0,0,0,0,0,0,0,0,0,0,0,0,0,0,0,0,0,0,0,0,0,0,0,0,0,0,0,0,0,0,0,0,0,0,0,0,0,0,0,0,0,0,0,0,0,0,0,0.796888023626833,0,0,0,0,0,0,0,0,0,0,0,0,0,0,0,0,0,0,0,0,0,0,0.0278362041200995,0,0,0,0,0,0.734847163315798,0,0,0,0.0299797268438283,0,0,0,0,0,0,0,0,0,0,0,0,0,0,0,0,0,0.467194030281489,0.00742723067762178,0,0,0,0,0.491749211273914,0,0,0,0,0,0,0,0,0,0,0,0,0,0,0,0,0,0,0,0,0,0,0,0,0,0,0,0,0,0,0,0,0,0,0,0,0,0,0,0,0,0,0,0,0,0,0.973643145748139,0,0,0,0,0.318042161130463,0,0,0.888009938743259,0,0.351627170570032,0,0.111688572864168,0,0,0,0,0,0,0,0,0,0,0,0,0,0,0,0,0,0,0,0,0,0,0,0,0,0,0,0,0,0,0,0,0,1.28068862639903,0,0,0,0,1.80546409571515,0,0,0,0,0,0,0,0,0,0,0,0,0,0,0,0,0,0,0,0,0,0,0,0,0,0,0,0,0,0,0,0,0,0,0,0,0,0,0,0,0,0,0,0,0,0,0,0,0,0,0,0,0,0,0,0,0,0,0,0,0,0,0,0,0,0,0,0,0,0,0,0,0,0,0,0,0,0,0,0,0,0,0.158465413142891,0,0,0,0,0,0,0,0,0,0,0,0,0,0,0,0,0,0,0,0,0,0,0,0,0,0,0,0,0,0,0,0,0,0,0,0,0,0,0,0,0,0,0,0,0,0.597257115287616,0,0,0,0,0,0,0,0,0,0,0,0,0,0,0,0,0,0,0,0,0,0,0.474639722654202,0.284077391500203,0,0,0,0,0,0,0,0,0,0,0,0,0,0,0,0,0,0,0,0,0,0,0.0187571617996744,0,0,0,0,0,0,0,0,0,0,0,0,0,0,0,0,0,0,0,0,0,0,0,0,0,0,0,0,0,0,0.153715312158916,0,0,0,0,0,0.0310176353076178,0,0,0,0,0.546232456077384,0,0,0,0,0,0,0,0,0,0,0,0,0,0,0,0,0,0,0,0,0,0,0,0,0,0,0,0,0,0,0,0,0,0,0,0,0,0,0,0,0,0,0,0,0,0,0,0,0,0,0,0,0,0,0,0,0,0,0,0,0,0,0,0,0.0111597761375627,0,0,0,0,0,0,0,0.0399377509997222,0,0,0,0,0,0,0,0,0,0,0,0,0,0,0,0,0,0,0,0,0,0,0,0,0,0,1.16367982838979,0,0,0,0,0,0,0,2.60935528604361,0,0,0,0,0,0,0,0,0,0,0,0,0,0,0,0,0,0,0,0,0,0,0,0,0,0,0,0,0,0,0,0,0,0,0,0,0,0,0,0,0,0,0,0,0,0,0,0,0,0,0,0,0,0,0,0,0,0,0,0.0698990716653073,0,0.067960433939784,0,0,0,0,0,0,0,0,0,0,0,0,0,0.380456792088739,0,0,0,7.500200132,6.168900089,8.264200149,1.780800035,7.899100144,3.445300056,0.494100013,2.852500048,0.886600016,6.632000127,9.266500152,"WAK-00002"
"15",1793,"nSPC",2009,"PRIAs","Pacific Remote Island Areas","Wake","Wake",2009,"ForereefMid","Wake","2009-03-24","Forereef","Mid",19.30782,166.59378,12,NA,NA,NA,NA,NA,NA,NA,0,NA,NA,NA,NA,4,2,4.83046759324437,1.92795106073601,17.155122372754,179.798036035734,203.711577062468,185.002856464233,0,0,0,0,0,0.00141471060526129,0,0,0,0,0,0,0,0,0,0,0,0,0,0.0113176848420903,0,0,0,0,0,0.00141471060526129,0,0,0,0,0,0,0,0,0,0,0,0,0,0,0,0.00282942121052258,0,0,0,0,0,0,0,0,0,0,0,0,0,0,0,0,0,0,0,0,0,0,0,0,0,0,0,0,0,0,0,0,0,0,0,0,0,0,0,0,0,0,0,0,0,0,0,0.00565884242104517,0,0,0,0,0,0.00141471060526129,0,0,0,0,0,0,0,0,0,0,0,0,0,0,0,0,0,0,0,0,0.00424413181578388,0,0,0,0.00565884242104517,0,0,0,0,0,0,0,0,0,0,0,0,0,0,0,0,0,0.905414787367227,0.108932716605119,0,0,0,0,0.00141471060526129,0,0,0,0,0,0,0,0,0,0,0,0,0,0,0,0,0,0,0,0,0,0,0,0,0,0,0.00282942121052258,0,0.00141471060526129,0,0,0,0,0,0,0.00424413181578388,0,0,0,0.00848826363156775,0,0,0.00565884242104517,0,0,0,0.00848826363156775,0,0,0,0,0.00282942121052258,0,0,0.00141471060526129,0,0.00282942121052258,0,0,0,0,0,0,0,0,0,0,0,0,0,0,0,0,0,0,0,0,0,0,0,0,0,0.00141471060526129,0,0,0,0,0,0,0,0,0,0.0481001605788839,0,0.00424413181578388,0,0,0.00282942121052258,0,0,0,0,0,0,0,0,0,0,0,0,0,0,0,0,0,0,0,0,0,0,0,0,0,0,0,0,0,0.00141471060526129,0,0,0,0,0,0.00282942121052258,0,0,0,0,0,0,0,0,0,0,0,0,0,0,0,0,0,0,0,0,0.00282942121052258,0,0,0,0,0,0,0,0,0,0,0,0,0,0,0,0,0,0.00141471060526129,0,0,0,0,0,0,0,0.00282942121052258,0,0,0,0,0,0,0,0,0,0,0,0,0,0.00141471060526129,0,0,0,0,0,0,0,0,0,0,0,0,0,0,0,0,0,0,0,0,0,0,0,0.00282942121052258,0,0,0,0,0,0,0,0,0,0,0,0,0,0.00141471060526129,0,0,0,0,0,0,0,0,0,0,0,0,0,0,0,0,0.00424413181578388,0,0,0,0,0,0.00141471060526129,0,0,0,0,0,0,0,0,0,0,0,0,0,0,0,0,0,0.00424413181578388,0,0,0,0,0,0,0,0,0,0,0,0,0,0,0,0,0,0,0,0,0,0.00282942121052258,0,0,0,0,0,0,0,0.00141471060526129,0.00848826363156775,0,0,0,0,0,0,0.00141471060526129,0,0.00424413181578388,0,0.00282942121052258,0,0,0,0,0,0,0,0,0,0,0,0,0,0,0,0,0,0,0,0,0,0,0,0,0,0,0,0,0,0,0,0,0,0,0,0,0,0,0,0,0,0,0,0,0,0,0,0,0,0,0,0,0,0,0,0,0,0,0,0,0,0,0,0,0.00282942121052258,0,0,0.212206590789194,0,0,0,0,0,0,0,0,0,0,0,0,0,0,0,0,0,0,0,0,0,0,0,0,0,0,0,0,0,0,0,0,0,0,0,0,0,0,0,0.0127323954473516,0,0,0,0,0,0,0,0,0,0.00141471060526129,0,0,0,0,0,0,0,0,0,0,0,0,0,0,0,0,0,0,0,0,0,0,0,0,0,0,0.0198059484736581,0,0.0141471060526129,0,0,0,0,0,0,0,0,0,0,0,0,0,0,0,0,0,0,0,0,0.0127323954473516,0,0.00848826363156775,0,0,0,0,0,0,0,0,0,0,0,0,0,0.00848826363156775,0,0,0,0,0,0,0,0,0.0611154981472878,0,0,0,0,0,0,0,0,0,0,0,0,0,0.125197696299493,0,0,0,0,0,0.0216450722604978,0,0,0,0,0,0,0,0,0,0,0,0,0,0,0,0.145959937276623,0,0,0,0,0,0,0,0,0,0,0,0,0,0,0,0,0,0,0,0,0,0,0,0,0,0,0,0,0,0,0,0,0,0,0,0,0,0,0,0,0,0,0,0,0,0,0,174.669847422491,0,0,0,0,0,0.00813997099340299,0,0,0,0,0,0,0,0,0,0,0,0,0,0,0,0,0,0,0,0,1.68056325902923,0,0,0,0.0160851003891877,0,0,0,0,0,0,0,0,0,0,0,0,0,0,0,0,0,0.961580213106705,0.0447317346277568,0,0,0,0,0.0810725276719731,0,0,0,0,0,0,0,0,0,0,0,0,0,0,0,0,0,0,0,0,0,0,0,0,0,0,0.27473509157586,0,2.17970620675602,0,0,0,0,0,0,0.112451499532353,0,0,0,0.12764888311113,0,0,0.29096380650415,0,0,0,1.54264217869573,0,0,0,0,0.447535062854756,0,0,0.139391391103978,0,0.111355741966165,0,0,0,0,0,0,0,0,0,0,0,0,0,0,0,0,0,0,0,0,0,0,0,0,0,0.283374535909365,0,0,0,0,0,0,0,0,0,1.6390244780708,0,0.608187781144801,0,0,0.251258164829854,0,0,0,0,0,0,0,0,0,0,0,0,0,0,0,0,0,0,0,0,0,0,0,0,0,0,0,0,0,0.0936233598829861,0,0,0,0,0,2.78022564134018,0,0,0,0,0,0,0,0,0,0,0,0,0,0,0,0,0,0,0,0,0.0873474293659586,0,0,0,0,0,0,0,0,0,0,0,0,0,0,0,0,0,0.0209377169578671,0,0,0,0,0,0,0,0.0612637598187192,0,0,0,0,0,0,0,0,0,0,0,0,0,0.0643979096936151,0,0,0,0,0,0,0,0,0,0,0,0,0,0,0,0,0,0,0,0,0,0,0,0.0048155202490365,0,0,0,0,0,0,0,0,0,0,0,0,0,0.0542787582562065,0,0,0,0,0,0,0,0,0,0,0,0,0,0,0,0,0.431616209129145,0,0,0,0,0,0.229663474027942,0,0,0,0,0,0,0,0,0,0,0,0,0,0,0,0,0,1.12039245185481,0,0,0,0,0,0,0,0,0,0,0,0,0,0,0,0,0,0,0,0,0,1.76669668662304,0,0,0,0,0,0,0,0.0978717168552477,0.145951528319962,0,0,0,0,0,0,0.271806976019704,0,1.64111961535342,0,0.688564977850531,0,0,0,0,0,0,0,0,0,0,0,0,0,0,0,0,0,0,0,0,0,0,0,0,0,0,0,0,0,0,0,0,0,0,0,0,0,0,0,0,0,0,0,0,0,0,0,0,0,0,0,0,0,0,0,0,0,0,0,0,0,0,0,0,0.0276693920656364,0,0,0.835596131047432,0,0,0,0,0,0,0,0,0,0,0,0,0,0,0,0,0,0,0,0,0,0,0,0,0,0,0,0,0,0,0,0,0,0,0,0,0,0,0,6.22959948596593,0,0,0,0,0,0,0,0,0,0.381061170323657,0,0,0,0,0,0,0,0,0,0,0,0,0,0,0,0,0,0,0,0,0,0,0,0,0,0,0.174241691013815,0,0.0269856966070557,0,0,0,0,0,0,0,0,0,0,0,0,0,0,0,0,0,0,0,0,0.108657925145729,0,0.0891980695459666,0,0,0,0,0,0,0,0,0,0,0,0,0,0.453780514806007,0,0,0,68.06070112,93.88370162,106.3862019,95.52460161,60.70370102,67.71430121,62.97330111,72.09060127,65.10030114,74.58680127,77.86990136,"WAK-00004"
"16",1794,"nSPC",2009,"PRIAs","Pacific Remote Island Areas","Wake","Wake",2009,"ForereefMid","Wake","2009-03-24","Forereef","Mid",19.30284,166.59486,16,NA,NA,NA,NA,NA,NA,NA,0,NA,NA,NA,NA,2,1,22.9803900900919,4.06169191670645,37.1706966939204,49.6478960820183,113.860674782737,74.1541938870093,0,0,0,0,0,0.00282942121052258,0,0,0,0,0,0,0,0,0,0,0,0,0,0,0,0,0,0,0,0,0,0,0,0,0,0,0,0,0,0,0,0,0,0,0,0,0,0,0,0,0,0,0,0,0,0,0,0,0,0,0,0,0,0,0,0,0,0,0,0,0,0,0,0,0,0,0,0,0,0,0,0,0,0,0,0,0,0,0,0,0,0,0,0.00282942121052258,0,0,0,0,0,0,0,0,0,0,0,0,0,0,0,0,0,0,0,0,0,0,0,0,0,0,0.0141471060526129,0,0,0,0.00565884242104517,0,0,0,0,0.00565884242104517,0,0,0,0,0,0,0,0,0,0,0,0,0.707355302630646,0.243330224104942,0,0,0,0,0,0,0,0,0,0,0,0.00282942121052258,0,0,0,0,0,0.0198059484736581,0,0,0,0,0,0,0,0,0,0,0,0,0,0.00565884242104517,0,0,0,0,0,0,0,0,0,0,0,0,0.00565884242104517,0,0,0.00565884242104517,0,0,0,0.00848826363156775,0,0,0,0,0.00565884242104517,0,0,0.00282942121052258,0,0,0,0,0,0,0,0,0,0,0,0,0,0,0,0,0,0,0,0,0,0,0,0,0,0,0,0.00282942121052258,0,0,0,0,0,0,0,0,0,0.0792237938946324,0,0,0,0,0.00565884242104517,0,0,0,0,0,0,0,0,0,0,0,0,0,0,0,0,0,0,0,0,0,0,0,0,0,0,0,0,0,0.00282942121052258,0,0,0,0,0,0,0,0,0,0,0,0,0,0,0,0,0,0,0,0,0,0,0,0,0,0,0,0,0,0,0,0,0,0,0,0,0.00282942121052258,0,0,0,0,0,0,0,0,0,0,0,0,0,0,0,0.00565884242104517,0,0,0,0,0,0,0,0,0,0,0,0,0,0,0,0,0,0,0,0,0,0,0,0,0,0,0,0,0,0,0,0,0,0,0,0,0,0.00565884242104517,0,0,0,0,0,0,0,0,0,0,0,0,0,0,0,0,0,0,0,0,0,0,0,0,0,0,0,0,0,0,0.00565884242104517,0,0,0,0,0,0,0,0,0,0,0,0,0,0,0,0,0,0,0,0,0.00282942121052258,0,0,0.0113176848420903,0,0,0,0,0,0,0,0,0,0,0,0,0,0,0,0,0,0,0,0,0,0,0,0,0,0,0,0,0,0.00848826363156775,0,0,0,0,0,0,0.00282942121052258,0.00565884242104517,0,0,0,0.00282942121052258,0,0,0,0,0,0,0,0,0,0,0,0,0,0,0,0,0,0,0,0,0,0,0,0,0,0,0,0,0,0,0,0,0,0,0,0,0,0,0,0,0,0,0,0,0,0,0,0,0,0,0,0,0,0,0,0,0,0,0,0,0,0,0,0,0.0141471060526129,0,0,0.424413181578388,0,0,0,0,0,0,0,0,0,0,0,0,0,0,0,0,0,0,0,0,0,0,0,0,0,0,0,0,0,0,0,0,0,0.00282942121052258,0,0,0,0,0,0.00848826363156775,0,0,0,0,0,0,0,0,0,0,0,0,0,0,0,0,0,0,0,0,0,0,0,0,0,0,0,0,0,0,0,0,0,0,0,0,0.0424413181578388,0,0.0113176848420903,0,0,0,0.00282942121052258,0,0,0,0,0,0,0,0,0,0,0,0,0,0,0,0,0.0141471060526129,0,0,0,0,0,0,0,0,0,0,0,0,0,0,0,0,0,0,0,0,0,0,0,0,1.10524266036038,0,0,0,0,0,0,0,0,0,0,0,0,0,0,0,0,0,0,0,0,0,0,0,0,0,0,0,0,0,0,0,0,0,0,0,0,0,0,0,0,0,0,0,0,0,0,0,0,0,0,0,0,0,0,0,0,0,0,0,0,0,0,0,0,0,0,0,0,0,0,0,0,0,0,0,0,0,0,0,0,0,0,0,45.6194276836655,0,0,0,0,0,0,0,0,0,0,0,0,0,0,0,0,0,0,0,0,0,0,0,0,0,0,6.06221651618699,0,0,0,0.111984328099034,0,0,0,0,0.00861240004042249,0,0,0,0,0,0,0,0,0,0,0,0,1.16798507570372,0.0816005077114713,0,0,0,0,0,0,0,0,0,0,0,0.43730299020197,0,0,0,0,0,13.5842711482614,0,0,0,0,0,0,0,0,0,0,0,0,0,0.358222584828211,0,0,0,0,0,0,0,0,0,0,0,0,0.056291121618752,0,0,0.163500585259839,0,0,0,1.49429227645601,0,0,0,0,1.18694585404758,0,0,0.784788730590889,0,0,0,0,0,0,0,0,0,0,0,0,0,0,0,0,0,0,0,0,0,0,0,0,0,0,0,0.56674907181873,0,0,0,0,0,0,0,0,0,2.69299481084235,0,0,0,0,0.948624044175439,0,0,0,0,0,0,0,0,0,0,0,0,0,0,0,0,0,0,0,0,0,0,0,0,0,0,0,0,0,0.372388196362932,0,0,0,0,0,0,0,0,0,0,0,0,0,0,0,0,0,0,0,0,0,0,0,0,0,0,0,0,0,0,0,0,0,0,0,0,13.5838382596687,0,0,0,0,0,0,0,0,0,0,0,0,0,0,0,0.0548664384617276,0,0,0,0,0,0,0,0,0,0,0,0,0,0,0,0,0,0,0,0,0,0,0,0,0,0,0,0,0,0,0,0,0,0,0,0,0,0.0168056517762911,0,0,0,0,0,0,0,0,0,0,0,0,0,0,0,0,0,0,0,0,0,0,0,0,0,0,0,0,0,0,0.884514223941237,0,0,0,0,0,0,0,0,0,0,0,0,0,0,0,0,0,0,0,0,1.16886224508757,0,0,1.71856105897027,0,0,0,0,0,0,0,0,0,0,0,0,0,0,0,0,0,0,0,0,0,0,0,0,0,0,0,0,0,2.31570790217517,0,0,0,0,0,0,0.0839162577047264,0.934711154356269,0,0,0,0.0668672709653461,0,0,0,0,0,0,0,0,0,0,0,0,0,0,0,0,0,0,0,0,0,0,0,0,0,0,0,0,0,0,0,0,0,0,0,0,0,0,0,0,0,0,0,0,0,0,0,0,0,0,0,0,0,0,0,0,0,0,0,0,0,0,0,0,0.0741690724901519,0,0,1.64324408820369,0,0,0,0,0,0,0,0,0,0,0,0,0,0,0,0,0,0,0,0,0,0,0,0,0,0,0,0,0,0,0,0,0,6.86531102169275,0,0,0,0,0,6.59089175693368,0,0,0,0,0,0,0,0,0,0,0,0,0,0,0,0,0,0,0,0,0,0,0,0,0,0,0,0,0,0,0,0,0,0,0,0,0.370757882255,0,0.00985035130158353,0,0,0,0.488923985178303,0,0,0,0,0,0,0,0,0,0,0,0,0,0,0,0,0.185435575342954,0,0,0,0,0,0,0,0,0,0,0,0,0,0,0,0,0,0,0,57.32410096,76.61450131,81.69580153,79.71270135,50.34950084,50.48290088,43.89220078,51.0331009,49.40250086,61.22020106,63.3500011,"WAK-00005"
"17",1795,"nSPC",2009,"PRIAs","Pacific Remote Island Areas","Wake","Wake",2009,"ForereefDeep","Wake","2009-03-24","Forereef","Deep",19.30121019,166.59558635,23,NA,NA,NA,NA,NA,NA,NA,0,NA,NA,NA,NA,2,1,7.90509141964294,29.8206623349885,11.2078419169925,1768.66450686773,1817.59810253936,1767.71357755113,0,0,0,0,0,0,0,0,0,0,0,0,0,0,0,0,0,0,0,0.00565884242104517,0,0,0,0,0,0.00282942121052258,0,0,0,0,0.00282942121052258,0,0,0,0,0,0,0,0,0,0,0,0,0,0,0,0,0,0,0,0,0,0,0,0,0,0.00565884242104517,0,0,0,0,0,0,0,0,0,0,0,0,0,0,0,0,0,0,0,0,0,0,0,0,0,0,0,0,0,0,0,0,0.0594178454209743,0,0,0,0,0,0,0,0,0,0,0,0,0,0,0,0,0,0,0,0,0,0,0,0,0,0,0.00848826363156775,0,0,0,0.0226353696841807,0,0,0,0,0.00565884242104517,0,0,0,0,0,0,0,0.00282942121052258,0,0,0,0,0.424413181578388,0.0877120575262001,0,0,0,0,0.00282942121052258,0,0,0,0,0,0,0,0,0,0,0,0,0,0,0,0,0,0,0,0,0,0,0,0,0,0,0.00565884242104517,0,0,0,0,0,0,0,0,0.00282942121052258,0,0,0,0.0169765272631355,0,0,0,0,0,0,0.0141471060526129,0,0,0,0,0,0,0,0.00282942121052258,0,0,0,0,0,0,0,0,0,0,0,0,0,0,0,0,0,0,0,0,0,0,0,0,0,0,0,0,0,0,0,0,0,0,0,0,0,0.0481001605788839,0,0,0,0,0,0,0,0,0,0,0,0,0,0,0,0,0,0,0,0,0,0,0,0,0,0,0,0,0,0,0,0,0,0,0,0,0,0,0,0,0,0,0,0,0,0,0,0,0,0,0,0,0,0,0,0,0,0,0,0,0,0.00282942121052258,0,0,0,0,0,0,0,0,0,0,0,0,0,0,0,0,0,0,0,0,0,0,0,0,0,0,0,0,0,0,0,0,0,0,0.00282942121052258,0,0,0,0,0,0,0,0,0,0,0,0,0,0,0,0,0,0,0,0,0.00565884242104517,0,0,0,0,0,0,0,0,0,0,0,0,0,0,0,0,0,0,0,0,0,0,0,0,0,0,0,0,0,0,0,0,0,0,0,0,0,0,0,0,0,0,0,0,0,0,0,0.00282942121052258,0,0,0,0,0,0,0,0,0,0,0,0,0,0.0169765272631355,0,0,0,0,0,0,0,0,0,0.00848826363156775,0,0,0,0,0,0,0,0,0,0,0,0,0,0,0,0,0,0,0,0,0.00565884242104517,0.00565884242104517,0,0,0,0,0,0.00565884242104517,0,0,0,0,0,0,0,0,0,0,0,0,0,0,0,0,0,0,0,0,0,0,0,0,0,0,0,0,0,0,0,0,0,0,0,0,0,0,0,0,0,0,0,0,0,0,0,0,0,0,0,0,0,0,0,0,0,0,0,0,0,0,0,0,0,0,0,0,0,0.00282942121052258,0,0,0.113176848420903,0,0,0,0,0,0,0,0,0,0,0,0,0,0,0,0,0,0,0,0,0,0,0,0,0,0,0,0,0,0,0.00282942121052258,0,0,0,0,0,0,0,0,0.00282942121052258,0,0,0,0,0,0,0,0,0,0,0,0,0,0,0,0,0,0,0,0,0,0,0,0,0,0,0,0,0,0,0,0,0,0,0,0,0,0,0.00848826363156775,0,0,0,0,0,0,0,0,0,0,0,0,0,0,0,0,0,0,0,0,0.00565884242104517,0,0,0,0,0,0,0,0,0,0,0,0,0,0,0.00282942121052258,0.0169765272631355,0,0,0,0,0,0,0,0,0,0,0,0,0,0,0,0,0,0,0,0,0,0,0.104339054102006,0,0,0,0,0,0.0221645539947497,0,0,0,0,0.39838250644158,0,0,0,0,0,0,0,0,0,0,0,0,0,0,0,0,0,0,0,0,0,0,0,0,0,1.51144144289603,0,0,0,0,0,0,0,0,0,0,0,0,0,0,0,0,0,0,0,0,0,0,0,0,0,0,0,0,0,0,0,0,1764.38139114717,0,0,0,0,0,0,0,0,0,0,0,0,0,0,0,0,0,0,0,0,0,0,0,0,0,0,5.16305335701779,0,0,0,0.105339437676639,0,0,0,0,0.0123487502148051,0,0,0,0,0,0,0,0.24841099784805,0,0,0,0,0.700791045422234,0.0527927556565356,0,0,0,0,0.162145055343946,0,0,0,0,0,0,0,0,0,0,0,0,0,0,0,0,0,0,0,0,0,0,0,0,0,0,0.54947018315172,0,0,0,0,0,0,0,0,0.028145560809376,0,0,0,0.148088302581172,0,0,0,0,0,0,1.98850353858071,0,0,0,0,0,0,0,0.278782782207957,0,0,0,0,0,0,0,0,0,0,0,0,0,0,0,0,0,0,0,0,0,0,0,0,0,0,0,0,0,0,0,0,0,0,0,0,0,1.49375592403818,0,0,0,0,0,0,0,0,0,0,0,0,0,0,0,0,0,0,0,0,0,0,0,0,0,0,0,0,0,0,0,0,0,0,0,0,0,0,0,0,0,0,0,0,0,0,0,0,0,0,0,0,0,0,0,0,0,0,0,0,0,0.0449898691751003,0,0,0,0,0,0,0,0,0,0,0,0,0,0,0,0,0,0,0,0,0,0,0,0,0,0,0,0,0,0,0,0,0,0,0.0836060014654897,0,0,0,0,0,0,0,0,0,0,0,0,0,0,0,0,0,0,0,0,4.75463546201635,0,0,0,0,0,0,0,0,0,0,0,0,0,0,0,0,0,0,0,0,0,0,0,0,0,0,0,0,0,0,0,0,0,0,0,0,0,0,0,0,0,0,0,0,0,0,0,1.08376899939131,0,0,0,0,0,0,0,0,0,0,0,0,0,27.3991967462651,0,0,0,0,0,0,0,0,0,0.021418732076161,0,0,0,0,0,0,0,0,0,0,0,0,0,0,0,0,0,0,0,0,0.877834749469749,0.0408692294131822,0,0,0,0,0,0.104350872411317,0,0,0,0,0,0,0,0,0,0,0,0,0,0,0,0,0,0,0,0,0,0,0,0,0,0,0,0,0,0,0,0,0,0,0,0,0,0,0,0,0,0,0,0,0,0,0,0,0,0,0,0,0,0,0,0,0,0,0,0,0,0,0,0,0,0,0,0,0,0.0181534692942321,0,0,0.561948234258559,0,0,0,0,0,0,0,0,0,0,0,0,0,0,0,0,0,0,0,0,0,0,0,0,0,0,0,0,0,0,2.48322659465653,0,0,0,0,0,0,0,0,1.34368286537678,0,0,0,0,0,0,0,0,0,0,0,0,0,0,0,0,0,0,0,0,0,0,0,0,0,0,0,0,0,0,0,0,0,0,0,0,0,0,0.0371510510554552,0,0,0,0,0,0,0,0,0,0,0,0,0,0,0,0,0,0,0,0,0.0989556745382059,0,0,0,0,0,0,0,0,0,0,0,0,0,0,0.205664541618939,1.08930305172363,0,0,0,55.24800093,69.8000012,74.9851014,72.13940123,47.87800079,46.64940082,39.4532007,45.43530079,43.66410079,55.19750094,58.45270101,"WAK-00057"
"18",1796,"nSPC",2009,"PRIAs","Pacific Remote Island Areas","Wake","Wake",2009,"ForereefShallow","Wake","2009-03-24","Forereef","Shallow",19.29873451,166.59768485,4.5,NA,NA,NA,NA,NA,NA,NA,0,NA,NA,NA,NA,4,2,7.27652698422951,1.26356603132562,62.0256833792612,6.67036919331686,77.2361455881331,7.67826544741625,0,0.00141471060526129,0,0,0,0.0424413181578388,0,0,0.00141471060526129,0,0.00141471060526129,0,0,0,0,0,0,0,0.00141471060526129,0.0438560287631001,0,0,0,0,0,0,0.0183912378683968,0,0,0,0,0,0,0,0,0,0,0,0,0,0,0,0,0,0,0,0,0,0,0,0,0,0,0,0,0,0,0,0,0,0,0,0,0,0,0,0,0,0,0,0,0,0,0,0,0,0,0,0,0,0,0.00141471060526129,0,0,0,0,0,0,0,0,0,0,0,0,0,0,0,0,0,0,0,0,0,0,0,0,0,0,0,0,0,0,0,0,0,0,0.00141471060526129,0,0,0,0.00282942121052258,0,0,0,0,0,0,0,0,0,0,0,0,0,0,0,0,0,0.1754241150524,0,0,0,0,0,0.00141471060526129,0,0,0,0,0.0141471060526129,0,0,0,0,0,0,0,0,0,0,0,0,0,0,0,0,0,0,0,0,0,0.00282942121052258,0,0,0,0,0,0,0,0,0.00565884242104517,0,0,0,0,0,0,0,0,0,0,0.00424413181578388,0,0,0,0,0.00141471060526129,0,0,0.00282942121052258,0,0,0,0,0,0,0,0,0,0,0,0,0,0,0,0,0,0,0,0,0,0,0,0,0,0,0,0,0,0,0,0,0,0,0,0,0,0.00282942121052258,0,0.0169765272631355,0,0,0.0707355302630646,0,0,0,0,0,0,0,0,0,0,0,0,0,0,0,0,0,0,0,0,0,0,0,0,0,0,0,0,0,0,0,0,0,0,0,0,0,0,0,0,0.00141471060526129,0,0,0,0,0,0,0.00282942121052258,0,0,0,0,0,0,0,0,0.00141471060526129,0,0,0,0,0,0,0,0,0,0.00141471060526129,0,0,0,0,0,0,0,0,0,0,0,0,0,0,0,0.00848826363156775,0,0,0,0,0,0,0,0,0,0,0,0,0,0,0,0,0,0,0,0,0,0,0,0,0,0,0,0,0,0.00282942121052258,0,0,0,0,0,0,0,0.00565884242104517,0,0,0,0,0,0,0,0,0,0,0,0,0,0.00282942121052258,0,0,0,0,0,0,0,0,0,0,0,0,0,0,0,0.00424413181578388,0.00424413181578388,0,0,0,0,0,0,0,0,0,0,0,0,0,0,0,0,0,0,0,0,0,0,0,0.00707355302630646,0,0,0,0,0,0,0,0,0,0,0,0,0,0,0,0,0,0,0,0,0,0,0,0,0,0,0,0,0,0.00141471060526129,0.0212206590789194,0,0,0,0,0.00282942121052258,0.00565884242104517,0.00282942121052258,0,0.00141471060526129,0,0.00707355302630646,0,0,0,0,0,0,0,0,0,0,0,0,0,0,0,0,0,0,0.00707355302630646,0,0,0,0.0127323954473516,0,0,0,0,0,0,0,0,0,0,0,0,0,0,0,0,0,0,0,0,0,0,0,0,0,0,0,0,0,0,0,0,0,0,0,0,0,0,0,0,0,0.00141471060526129,0,0,0,0,0,0,0,0,0,0,0,0,0,0,0,0,0,0,0,0,0,0,0.00282942121052258,0,0,0,0,0,0,0,0,0,0,0.00424413181578388,0.00141471060526129,0,0,0,0,0,0,0,0.0113176848420903,0,0,0,0,0,0,0,0,0,0.00141471060526129,0,0,0,0,0,0,0,0,0,0,0,0,0,0,0,0,0,0,0,0,0,0,0,0,0,0,0.0424413181578388,0,0,0,0,0,0,0,0,0,0,0,0,0,0,0,0,0,0,0,0,0,0,0.00990297423682904,0,0.0820532151051549,0,0,0,0,0,0,0,0,0,0,0,0,0,0.00848826363156775,0,0,0,0,0.170981640809759,0,0,0,4.19737563027999,0,0,1.04135919430503,0,0.0168044984535357,0,0,0,0,0,0,0,0.089107138460772,0.521960964397741,0,0,0,0,0,0,0.740699527162223,0,0,0,0,0,0,0,0,0,0,0,0,0,0,0,0,0,0,0,0,0,0,0,0,0,0,0,0,0,0,0,0,0,0,0,0,0,0,0,0,0,0,0,0,0,0,0,0,0,0,0,0,0,0,0.00610305553142484,0,0,0,0,0,0,0,0,0,0,0,0,0,0,0,0,0,0,0,0,0,0,0,0,0,0,0,0,0,0,0,0,0,0,0.805701301577156,0,0,0,0.0107206099045217,0,0,0,0,0,0,0,0,0,0,0,0,0,0,0,0,0,0.222136161585402,0,0,0,0,0,0.121539337695183,0,0,0,0,29.3833099731896,0,0,0,0,0,0,0,0,0,0,0,0,0,0,0,0,0,0,0,0,0,0.140994330926856,0,0,0,0,0,0,0,0,0.453846383989965,0,0,0,0,0,0,0,0,0,0,0.91784256134347,0,0,0,0,0.924586042766505,0,0,1.08932636291777,0,0,0,0,0,0,0,0,0,0,0,0,0,0,0,0,0,0,0,0,0,0,0,0,0,0,0,0,0,0,0,0,0,0,0,0,0,0.102541263495507,0,2.43640368234852,0,0,4.40621774149091,0,0,0,0,0,0,0,0,0,0,0,0,0,0,0,0,0,0,0,0,0,0,0,0,0,0,0,0,0,0,0,0,0,0,0,0,0,0,0,0,1.92823347535574,0,0,0,0,0,0,0.159932468040547,0,0,0,0,0,0,0,0,0.017386538972798,0,0,0,0,0,0,0,0,0,2.85520709098066,0,0,0,0,0,0,0,0,0,0,0,0,0,0,0,0.0482621449431863,0,0,0,0,0,0,0,0,0,0,0,0,0,0,0,0,0,0,0,0,0,0,0,0,0,0,0,0,0,2.02798578037762,0,0,0,0,0,0,0,0.0126666378617977,0,0,0,0,0,0,0,0,0,0,0,0,0,0.575076280884541,0,0,0,0,0,0,0,0,0,0,0,0,0,0,0,1.03532681420879,0.76453780155711,0,0,0,0,0,0,0,0,0,0,0,0,0,0,0,0,0,0,0,0,0,0,0,6.52120270661928,0,0,0,0,0,0,0,0,0,0,0,0,0,0,0,0,0,0,0,0,0,0,0,0,0,0,0,0,0,0.0978717168552477,0.195607730412884,0,0,0,0,1.31990858406576,0.0236680224159349,0.245936792979009,0,0.0625591264693369,0,0.459729399670032,0,0,0,0,0,0,0,0,0,0,0,0,0,0,0,0,0,0,0.0547427511790827,0,0,0,0.0355711859067865,0,0,0,0,0,0,0,0,0,0,0,0,0,0,0,0,0,0,0,0,0,0,0,0,0,0,0,0,0,0,0,0,0,0,0,0,0,0,0,0,0,0.00557988806878136,0,0,0,0,0,0,0,0,0,0,0,0,0,0,0,0,0,0,0,0,0,0,0.206068819472121,0,0,0,0,0,0,0,0,0,0,2.70021639708042,0.193063858647282,0,0,0,0,0,0,0,6.62798624741153,0,0,0,0,0,0,0,0,0,0.132436638661257,0,0,0,0,0,0,0,0,0,0,0,0,0,0,0,0,0,0,0,0,0,0,0,0,0,0,0.28324322272314,0,0,0,0,0,0,0,0,0,0,0,0,0,0,0,0,0,0,0,0,0,0,0.0749105902460828,0,0.228029280082678,0,0,0,0,0,0,0,0,0,0,0,0,0,0.543640193351829,0,0,0,17.3896003,15.45440026,9.929600176,14.87740027,11.3636002,8.745900147,2.614800062,6.90750012,3.323200054,12.42040021,11.7489002,"WAK-00058"
"19",1797,"nSPC",2009,"PRIAs","Pacific Remote Island Areas","Wake","Wake",2009,"ForereefShallow","Wake","2009-03-24","Forereef","Shallow",19.28590558,166.615487,2,NA,NA,NA,NA,NA,NA,NA,0,NA,NA,NA,NA,2,1,0.796100910052233,0.0632645216365078,40.5533025245173,8.19021726491248,49.6028852211185,22.2935889457377,0,0.00282942121052258,0,0,0,0.0311236333157484,0,0,0,0,0.0141471060526129,0,0,0,0,0,0,0,0,0.0622472666314969,0,0,0,0,0,0,0.00282942121052258,0,0,0,0,0,0,0,0,0,0,0,0,0,0,0,0,0,0,0,0,0,0,0,0,0,0,0,0,0,0,0,0,0,0,0,0,0,0,0,0,0,0,0,0,0,0,0,0,0,0,0,0,0,0,0.00282942121052258,0,0,0,0,0,0,0,0,0,0,0,0,0,0.00565884242104517,0,0,0,0,0,0,0,0,0,0,0,0,0,0,0,0,0,0,0,0,0,0,0,0,0.00848826363156775,0,0,0,0,0,0,0,0,0,0,0,0,0,0,0,0,0,0.0424413181578388,0,0,0,0,0,0.00848826363156775,0,0,0,0,0,0,0,0,0,0,0,0,0.00565884242104517,0,0,0,0,0,0,0,0,0,0,0,0,0,0,0,0,0,0,0,0,0,0,0,0,0,0,0,0,0,0,0,0,0,0.00848826363156775,0,0,0,0,0,0,0,0.00565884242104517,0,0,0,0,0,0,0,0,0,0,0,0,0,0,0,0,0,0,0,0,0,0,0,0,0,0,0,0,0,0,0,0,0,0,0,0,0,0.00565884242104517,0,0,0,0,0.0565884242104517,0,0,0,0,0,0,0,0,0,0,0,0,0,0,0,0,0,0,0,0,0,0,0,0,0,0,0,0.00282942121052258,0,0,0,0,0,0,0,0,0,0,0,0,0,0,0,0,0,0,0,0,0,0,0,0,0,0,0,0,0.00282942121052258,0,0,0,0,0,0,0,0,0,0,0,0,0,0,0,0,0,0,0,0,0,0,0,0,0,0.00282942121052258,0,0,0,0,0,0,0,0,0,0,0,0,0,0,0,0,0,0,0,0,0,0,0,0,0,0,0,0,0,0.00565884242104517,0,0,0,0,0,0,0,0.00565884242104517,0,0,0,0,0,0,0,0,0,0,0,0,0,0.00282942121052258,0,0,0,0,0,0,0,0,0,0,0,0,0,0,0,0,0,0,0,0,0,0,0,0,0,0,0,0,0,0,0,0,0,0,0,0,0,0,0,0,0.00282942121052258,0,0,0,0,0,0,0,0,0,0,0,0,0,0,0,0,0,0,0,0,0,0,0,0,0,0,0,0,0,0,0.00848826363156775,0,0,0,0,0,0,0.00848826363156775,0,0,0,0.00282942121052258,0,0,0,0,0,0,0,0,0,0,0,0,0,0,0,0,0,0,0.00565884242104517,0,0,0,0.00282942121052258,0,0,0,0,0,0,0.0254647908947033,0,0,0,0,0,0,0,0,0,0,0,0,0,0,0,0,0,0,0,0,0,0,0,0,0,0,0,0,0,0,0,0,0,0,0,0,0,0,0,0,0,0,0,0,0,0,0,0,0,0,0,0,0,0,0,0,0,0,0,0.00282942121052258,0,0,0,0,0,0,0,0,0.00282942121052258,0.00282942121052258,0,0.00282942121052258,0,0,0,0,0,0.00848826363156775,0,0,0,0,0,0,0,0,0,0.00565884242104517,0,0,0,0,0,0,0,0,0,0,0,0,0,0,0,0,0,0,0,0,0,0,0,0,0,0,0.0396118969473162,0,0.00565884242104517,0,0,0,0,0,0,0,0,0,0,0,0,0,0,0,0,0,0,0,0,0,0.00282942121052258,0.226353696841807,0,0,0,0,0,0,0,0,0,0,0,0,0,0,0,0,0,0,0.341963281619517,0,0,0,2.93205846493429,0,0,0,0,0.168044984535357,0,0,0,0,0,0,0,0,0.834742316723891,0,0,0,0,0,0,0.0974594214728254,0,0,0,0,0,0,0,0,0,0,0,0,0,0,0,0,0,0,0,0,0,0,0,0,0,0,0,0,0,0,0,0,0,0,0,0,0,0,0,0,0,0,0,0,0,0,0,0,0,0,0,0,0,0,0.00669024453210871,0,0,0,0,0,0,0,0,0,0,0,0,0,0.0947486751543153,0,0,0,0,0,0,0,0,0,0,0,0,0,0,0,0,0,0,0,0,0,0,0,0,0.0805885030918977,0,0,0,0,0,0,0,0,0,0,0,0,0,0,0,0,0,0.0565742771043991,0,0,0,0,0,0.6917206715221,0,0,0,0,0,0,0,0,0,0,0,0,5.22813613630027,0,0,0,0,0,0,0,0,0,0,0,0,0,0,0,0,0,0,0,0,0,0,0,0,0,0,0,0,0,0,0,0,0,4.85932763172725,0,0,0,0,0,0,0,2.5154138102806,0,0,0,0,0,0,0,0,0,0,0,0,0,0,0,0,0,0,0,0,0,0,0,0,0,0,0,0,0,0,0,0,0,0,0,0,0,0.0758291543594969,0,0,0,0,3.82402953190403,0,0,0,0,0,0,0,0,0,0,0,0,0,0,0,0,0,0,0,0,0,0,0,0,0,0,0,0.446146717727644,0,0,0,0,0,0,0,0,0,0,0,0,0,0,0,0,0,0,0,0,0,0,0,0,0,0,0,0,0.0863340103006628,0,0,0,0,0,0,0,0,0,0,0,0,0,0,0,0,0,0,0,0,0,0,0,0,0,0.0192672266751746,0,0,0,0,0,0,0,0,0,0,0,0,0,0,0,0,0,0,0,0,0,0,0,0,0,0,0,0,0,4.05597156075523,0,0,0,0,0,0,0,0.009631040498073,0,0,0,0,0,0,0,0,0,0,0,0,0,0.95449345095684,0,0,0,0,0,0,0,0,0,0,0,0,0,0,0,0,0,0,0,0,0,0,0,0,0,0,0,0,0,0,0,0,0,0,0,0,0,0,0,0,2.72132411485731,0,0,0,0,0,0,0,0,0,0,0,0,0,0,0,0,0,0,0,0,0,0,0,0,0,0,0,0,0,0,0.0613038441197733,0,0,0,0,0,0,0.34995419232459,0,0,0,1.55927431035624,0,0,0,0,0,0,0,0,0,0,0,0,0,0,0,0,0,0,0.0288104223272832,0,0,0,0.0131636797672621,0,0,0,0,0,0,0.12681020954148,0,0,0,0,0,0,0,0,0,0,0,0,0,0,0,0,0,0,0,0,0,0,0,0,0,0,0,0,0,0,0,0,0,0,0,0,0,0,0,0,0,0,0,0,0,0,0,0,0,0,0,0,0,0,0,0,0,0,0,0.157141990530277,0,0,0,0,0,0,0,0,1.89304531117426,0.704987642961681,0,2.75753637661106,0,0,0,0,0,6.25029571529241,0,0,0,0,0,0,0,0,0,3.19829308580669,0,0,0,0,0,0,0,0,0,0,0,0,0,0,0,0,0,0,0,0,0,0,0,0,0,0,0.367811035294542,0,0.0229185142548609,0,0,0,0,0,0,0,0,0,0,0,0,0,0,0,0,0,0,0,0,0,0.201085833663356,1.80995783005949,0,0,0,0,0,0,0,0,0,0,0,0,0,0,0,0,0,0,0,0,0,0,0,0,0,0,0,0,"WAK-00059"
"20",1798,"nSPC",2009,"PRIAs","Pacific Remote Island Areas","Wake","Wake",2009,"ForereefDeep","Wake","2009-03-24","Forereef","Deep",19.29160754,166.60680033,23,NA,NA,NA,NA,NA,NA,NA,0,NA,NA,NA,NA,2,1,1.67197393432013,5.12130926569364,6.1231909820868,5.45831073481802,18.3747849169186,2.17499846103984,0,0,0,0,0,0,0,0,0,0,0,0,0,0,0,0,0,0,0,0,0,0,0,0,0,0.0169765272631355,0,0,0,0,0.00565884242104517,0,0,0,0,0,0,0,0,0,0,0,0,0,0,0,0,0,0,0,0,0,0,0,0,0,0,0,0,0,0,0,0,0,0,0,0,0.00282942121052258,0,0,0.00282942121052258,0,0,0,0,0,0,0,0,0,0,0,0,0,0,0,0,0,0,0,0,0,0,0,0,0,0,0,0,0,0,0,0,0,0,0,0,0,0,0,0,0,0,0,0,0,0.00565884242104517,0,0,0,0.0169765272631355,0,0,0,0,0,0,0,0,0,0,0,0,0,0,0,0,0,1.27323954473516,0.132982796894561,0,0,0,0,0,0,0,0,0,0,0,0,0,0,0,0,0,0,0,0,0,0,0,0,0,0,0,0,0,0,0,0.00848826363156775,0,0,0,0,0,0,0,0,0,0,0,0,0.0282942121052258,0,0,0,0,0,0,0.00565884242104517,0,0,0,0,0,0,0,0,0,0.00565884242104517,0,0,0,0,0,0,0,0,0,0,0,0,0,0,0,0,0,0,0,0,0,0,0,0,0,0.00282942121052258,0,0,0,0,0,0,0,0,0,0.033953054526271,0,0,0,0,0,0,0,0,0,0,0,0,0,0,0,0,0,0,0,0,0,0,0,0,0,0,0,0,0,0,0,0,0,0,0,0,0,0,0,0,0,0,0,0,0,0,0,0,0,0.00282942121052258,0,0,0,0,0,0,0,0,0,0,0,0,0,0,0,0,0,0,0,0,0,0,0,0,0,0,0,0,0,0,0,0,0,0,0,0,0,0.00565884242104517,0,0,0,0,0,0,0,0,0.00282942121052258,0,0,0,0,0.00282942121052258,0,0,0,0,0,0,0,0,0,0,0,0,0,0,0,0,0,0,0.00565884242104517,0,0,0,0,0.0113176848420903,0,0,0,0,0,0,0,0,0,0,0,0,0,0,0,0,0,0,0,0,0,0,0,0,0,0,0,0,0,0,0.00282942121052258,0.00282942121052258,0,0,0,0,0,0,0,0,0,0,0,0,0,0,0,0,0,0,0,0.00282942121052258,0,0,0,0,0,0,0,0,0,0,0,0,0,0,0,0,0,0,0,0,0,0,0,0,0,0,0,0,0,0,0,0,0.00565884242104517,0,0,0,0,0,0,0.00282942121052258,0.00282942121052258,0,0,0,0,0,0,0,0,0,0,0,0,0,0,0,0,0,0,0,0,0,0,0,0,0,0,0,0,0,0,0,0,0,0,0,0,0,0,0,0,0,0,0,0,0,0,0,0,0,0,0,0,0,0,0,0,0,0,0,0,0,0,0,0,0,0,0,0,0.00848826363156775,0,0,0.183912378683968,0,0.00565884242104517,0,0,0,0,0,0,0,0,0,0,0,0,0,0,0,0,0,0,0,0,0,0,0,0,0,0,0,0,0,0,0,0,0,0,0,0,0,0,0,0,0,0,0,0,0,0,0,0,0,0,0,0,0,0,0,0,0,0,0,0,0,0,0,0,0,0,0,0,0,0,0,0,0,0,0,0,0.00848826363156775,0,0,0,0,0,0,0,0,0,0,0,0,0,0,0,0,0,0,0,0,0.0113176848420903,0,0,0,0,0,0,0,0,0,0,0,0,0,0,0,0.0198059484736581,0,0,0,0,0,0,0,0,0,0,0,0,0,0,0,0,0,0,0,0,0,0,0,0,0,0,0,0,0.161169208051666,0,0,0,0,0.965610723621095,0,0,0,0,0,0,0,0,0,0,0,0,0,0,0,0,0,0,0,0,0,0,0,0,0,0,0,0,0,0,0,0,0,0,0,0,0.441296165257351,0,0,0.516226202207119,0,0,0,0,0,0,0,0,0,0,0,0,0,0,0,0,0,0,0,0,0,0,0,0,0,0,0,0,0,0,0,0,0,0,0,0,0,0,0,0,0,0,0,0,0,0.850709611164722,0,0,0,0.135245271514829,0,0,0,0,0,0,0,0,0,0,0,0,0,0,0,0,0,1.49465590156461,0.0689940215079879,0,0,0,0,0,0,0,0,0,0,0,0,0,0,0,0,0,0,0,0,0,0,0,0,0,0,0,0,0,0,0,0.824205274727579,0,0,0,0,0,0,0,0,0,0,0,0,0.277895561200232,0,0,0,0,0,0,2.17499846103984,0,0,0,0,0,0,0,0,0,0.422934991764482,0,0,0,0,0,0,0,0,0,0,0,0,0,0,0,0,0,0,0,0,0,0,0,0,0,1.07058249271299,0,0,0,0,0,0,0,0,0,1.40220190446391,0,0,0,0,0,0,0,0,0,0,0,0,0,0,0,0,0,0,0,0,0,0,0,0,0,0,0,0,0,0,0,0,0,0,0,0,0,0,0,0,0,0,0,0,0,0,0,0,0,0.213367457620782,0,0,0,0,0,0,0,0,0,0,0,0,0,0,0,0,0,0,0,0,0,0,0,0,0,0,0,0,0,0,0,0,0,0,0,0,0,0.0258150732405659,0,0,0,0,0,0,0,0,0.198177188658939,0,0,0,0,0.21259535326352,0,0,0,0,0,0,0,0,0,0,0,0,0,0,0,0,0,0,0.0658281725307364,0,0,0,0,0.0253332757235953,0,0,0,0,0,0,0,0,0,0,0,0,0,0,0,0,0,0,0,0,0,0,0,0,0,0,0,0,0,0,1.13424357440872,0.390594687530355,0,0,0,0,0,0,0,0,0,0,0,0,0,0,0,0,0,0,0,2.29194102193612,0,0,0,0,0,0,0,0,0,0,0,0,0,0,0,0,0,0,0,0,0,0,0,0,0,0,0,0,0,0,0,0,0.2924204274596,0,0,0,0,0,0,0.0448203933684347,0.27065604470659,0,0,0,0,0,0,0,0,0,0,0,0,0,0,0,0,0,0,0,0,0,0,0,0,0,0,0,0,0,0,0,0,0,0,0,0,0,0,0,0,0,0,0,0,0,0,0,0,0,0,0,0,0,0,0,0,0,0,0,0,0,0,0,0,0,0,0,0,0.0830081761969091,0,0,0.891953759369742,0,0.0093803120386095,0,0,0,0,0,0,0,0,0,0,0,0,0,0,0,0,0,0,0,0,0,0,0,0,0,0,0,0,0,0,0,0,0,0,0,0,0,0,0,0,0,0,0,0,0,0,0,0,0,0,0,0,0,0,0,0,0,0,0,0,0,0,0,0,0,0,0,0,0,0,0,0,0,0,0,0,0.0287725763566097,0,0,0,0,0,0,0,0,0,0,0,0,0,0,0,0,0,0,0,0,0.141422437407465,0,0,0,0,0,0,0,0,0,0,0,0,0,0,0,1.24772919430289,0,0,0,9.716800169,6.238500089,9.586900176,2.53450005,8.924700153,3.768300061,2.170800041,5.314900093,0.886600016,7.567800149,9.399800154,"WAK-00060"
"21",1799,"nSPC",2009,"PRIAs","Pacific Remote Island Areas","Wake","Wake",2009,"ForereefMid","Wake","2009-03-25","Forereef","Mid",19.28015,166.62753,17,NA,NA,NA,NA,NA,NA,NA,0,NA,NA,NA,NA,2,1,1.87724555955069,4.51194869987104,6.94202502003562,4.68411836481004,18.0153376442674,4.74909295164869,0,0,0,0,0,0,0,0,0,0,0,0,0,0,0,0,0,0,0,0.00565884242104517,0,0,0,0,0,0.0594178454209743,0,0,0,0,0.00282942121052258,0,0,0,0,0,0,0,0,0,0,0,0,0,0,0,0,0,0,0,0,0,0,0,0,0,0,0,0,0,0,0,0,0,0,0,0,0,0,0,0,0,0,0,0,0,0,0,0,0,0,0,0,0,0,0,0,0,0,0,0,0,0,0,0,0,0,0,0,0,0,0,0,0,0,0,0,0,0,0,0,0,0,0,0,0,0.00282942121052258,0,0,0,0.0254647908947033,0,0,0,0,0.0198059484736581,0,0,0,0,0,0,0,0,0,0,0,0,0.905414787367227,0.0481001605788839,0,0,0,0,0,0,0,0,0,0,0,0,0,0,0,0,0,0,0,0,0,0,0,0,0,0,0,0,0,0,0,0,0,0,0,0,0,0,0,0,0.00565884242104517,0,0,0,0.00848826363156775,0,0,0.00565884242104517,0,0,0,0.00565884242104517,0,0,0,0,0.00282942121052258,0,0,0.00282942121052258,0,0,0,0,0,0,0,0,0,0,0,0,0,0,0,0,0,0,0,0,0,0,0,0,0,0,0,0,0,0,0,0,0,0,0,0,0,0.00565884242104517,0,0,0,0,0.00282942121052258,0,0,0,0,0,0,0,0,0,0,0,0,0,0,0,0,0,0,0,0,0,0,0,0,0,0,0,0,0,0,0,0,0,0,0,0,0,0,0,0,0,0,0,0,0,0,0,0,0,0,0,0,0,0,0,0,0.00282942121052258,0,0,0,0,0,0,0,0,0,0,0,0,0,0,0,0,0,0,0,0,0,0,0,0,0,0.0141471060526129,0,0,0,0,0,0,0,0,0,0,0,0,0,0.0282942121052258,0,0,0,0,0,0,0,0,0,0,0,0,0,0,0,0,0,0,0,0,0,0,0,0,0,0,0,0,0,0,0,0,0,0,0,0,0,0,0,0,0,0,0,0,0,0,0,0,0,0,0,0,0,0,0,0,0,0,0,0,0,0,0,0,0,0,0,0,0,0,0,0,0,0,0,0,0,0,0,0,0,0,0,0,0,0,0,0.0198059484736581,0,0,0,0,0,0,0,0,0,0,0,0,0,0,0,0,0,0,0,0,0.00565884242104517,0.0141471060526129,0,0,0,0,0,0.00848826363156775,0.00282942121052258,0,0,0,0.00565884242104517,0,0,0,0,0,0,0,0,0,0,0,0,0,0,0,0,0,0,0.0113176848420903,0,0,0,0,0,0,0,0,0,0,0,0,0,0,0,0,0,0,0,0,0,0,0,0,0,0,0,0,0,0,0,0.0396118969473162,0,0,0,0,0,0,0,0,0,0,0,0,0,0.00282942121052258,0,0,0,0,0,0,0,0.00282942121052258,0,0,0,0,0,0,0,0,0,0,0,0,0,0,0,0,0,0,0,0,0,0,0,0,0,0,0,0,0,0,0,0,0,0,0.00848826363156775,0,0,0,0,0,0,0,0,0,0,0,0,0,0,0,0,0,0,0,0,0,0,0,0,0,0,0,0,0,0,0,0,0,0,0,0,0.00565884242104517,0,0.0169765272631355,0,0,0,0.00565884242104517,0,0,0,0,0,0,0,0,0,0,0,0,0,0,0,0,0.00848826363156775,0,0,0,0,0,0,0,0,0,0,0,0,0,0,0,0.00565884242104517,0,0,0,0,0,0,0,0,0,0,0,0,0,0,0,0,0,0,0,0,0,0,0.0540993780089321,0,0,0,0,0,1.21519764684887,0,0,0,0,0.168067619905041,0,0,0,0,0,0,0,0,0,0,0,0,0,0,0,0,0,0,0,0,0,0,0,0,0,0,0,0,0,0,0,0,0,0,0,0,0,0,0,0,0,0,0,0,0,0,0,0,0,0,0,0,0,0,0,0,0,0,0,0,0,0,0,0,0,0,0,0,0,0,0,0,0,0,0,0,0,0,0,0,0,0,0,0,0,0.734847163315798,0,0,0,0.1187259367256,0,0,0,0,0.0352344460693007,0,0,0,0,0,0,0,0,0,0,0,0,0.63071194088001,0.01077443596967,0,0,0,0,0,0,0,0,0,0,0,0,0,0,0,0,0,0,0,0,0,0,0,0,0,0,0,0,0,0,0,0,0,0,0,0,0,0,0,0,0.119323859908858,0,0,0,0.112054228947225,0,0,0.320105623340961,0,0,0,2.60426326668068,0,0,0,0,0.318042161130463,0,0,1.00013196487192,0,0,0,0,0,0,0,0,0,0,0,0,0,0,0,0,0,0,0,0,0,0,0,0,0,0,0,0,0,0,0,0,0,0,0,0,0,0.108680894979282,0,0,0,0,0.343468910881727,0,0,0,0,0,0,0,0,0,0,0,0,0,0,0,0,0,0,0,0,0,0,0,0,0,0,0,0,0,0,0,0,0,0,0,0,0,0,0,0,0,0,0,0,0,0,0,0,0,0,0,0,0,0,0,0,0.123855748992585,0,0,0,0,0,0,0,0,0,0,0,0,0,0,0,0,0,0,0,0,0,0,0,0,0,0.0724778878445044,0,0,0,0,0,0,0,0,0,0,0,0,0,2.6552646761725,0,0,0,0,0,0,0,0,0,0,0,0,0,0,0,0,0,0,0,0,0,0,0,0,0,0,0,0,0,0,0,0,0,0,0,0,0,0,0,0,0,0,0,0,0,0,0,0,0,0,0,0,0,0,0,0,0,0,0,0,0,0,0,0,0,0,0,0,0,0,0,0,0,0,0,0,0,0,0,0,0,0,0,0,0,0,0,0.103980606452373,0,0,0,0,0,0,0,0,0,0,0,0,0,0,0,0,0,0,0,0,0.777191275008249,0.221324020230473,0,0,0,0,0,0.186897203763955,0.178309917462687,0,0,0,0.577893456470113,0,0,0,0,0,0,0,0,0,0,0,0,0,0,0,0,0,0,0.0916462092646732,0,0,0,0,0,0,0,0,0,0,0,0,0,0,0,0,0,0,0,0,0,0,0,0,0,0,0,0,0,0,0,1.68874815326123,0,0,0,0,0,0,0,0,0,0,0,0,0,0.0111597761375627,0,0,0,0,0,0,0,0.0399377509997222,0,0,0,0,0,0,0,0,0,0,0,0,0,0,0,0,0,0,0,0,0,0,0,0,0,0,0,0,0,0,0,0,0,0,2.144829684968,0,0,0,0,0,0,0,0,0,0,0,0,0,0,0,0,0,0,0,0,0,0,0,0,0,0,0,0,0,0,0,0,0,0,0,0,0.0213887208838317,0,0.0752507995715817,0,0,0,0.623194734607894,0,0,0,0,0,0,0,0,0,0,0,0,0,0,0,0,0.0923065273163672,0,0,0,0,0,0,0,0,0,0,0,0,0,0,0,0.435951016394763,0,0,0,10.70720018,4.952600069,11.2762002,2.880600049,9.580500177,3.092800049,3.471700058,6.288800112,1.570000027,10.5724002,8.73370014,"WAK-00001"
"22",1800,"nSPC",2009,"PRIAs","Pacific Remote Island Areas","Wake","Wake",2009,"ForereefMid","Wake","2009-03-25","Forereef","Mid",19.29774,166.59816,14,NA,NA,NA,NA,NA,NA,NA,0,NA,NA,NA,NA,4,2,6.72704527209928,5.53362632655083,31.1996660816978,94.8145722951416,138.27490997549,105.534544356172,0,0,0,0,0,0.00141471060526129,0,0,0.00141471060526129,0,0.00282942121052258,0,0,0,0,0,0,0,0.00141471060526129,0.0268795014999645,0,0,0,0,0,0.00848826363156775,0,0,0,0,0,0,0,0,0,0,0,0,0,0,0,0,0,0,0,0,0,0,0,0,0,0,0,0,0,0,0.00707355302630646,0,0,0,0,0,0,0,0,0,0,0,0,0,0,0,0,0,0,0,0,0,0,0,0,0,0,0,0,0,0,0,0,0.00282942121052258,0,0,0,0,0,0,0,0,0,0,0,0,0,0,0,0,0,0,0,0,0,0,0,0,0,0,0.00990297423682904,0,0,0,0.0155618166578742,0,0,0,0,0.00424413181578388,0,0,0,0,0,0,0,0,0,0,0,0,0.594178454209743,0.138641639315607,0,0,0,0,0,0,0,0,0,0,0,0,0,0,0.00565884242104517,0,0,0,0,0,0,0,0,0,0,0,0,0,0,0,0,0.00565884242104517,0,0.00141471060526129,0,0,0,0,0,0,0.00282942121052258,0,0,0,0.00990297423682904,0,0,0,0,0,0,0.00990297423682904,0,0,0,0,0,0,0,0.00282942121052258,0,0.00282942121052258,0,0,0,0,0,0,0,0,0,0,0,0,0,0,0,0,0,0,0,0,0,0,0,0,0,0.00282942121052258,0,0,0,0,0,0,0,0,0,0.0183912378683968,0,0.00141471060526129,0,0,0.0325383439210097,0,0,0,0,0,0,0,0,0,0,0,0,0,0,0,0,0,0,0,0,0,0,0,0,0,0,0,0,0,0,0,0,0,0,0,0,0,0,0,0,0,0,0,0,0,0,0.00141471060526129,0,0,0,0,0,0,0,0,0,0.00141471060526129,0,0,0,0,0,0,0,0,0.00141471060526129,0,0,0,0,0,0,0,0,0,0,0,0,0,0,0,0,0.00848826363156775,0,0,0,0,0,0,0,0,0.00282942121052258,0,0,0,0,0.0113176848420903,0,0,0.00141471060526129,0,0,0,0,0,0,0,0,0,0,0,0,0.00282942121052258,0,0,0,0,0,0,0,0.00282942121052258,0,0,0,0,0,0,0,0,0,0,0,0,0,0,0,0,0,0,0,0,0,0,0,0,0,0,0,0,0,0,0,0.00141471060526129,0,0,0,0,0,0.00141471060526129,0,0.00282942121052258,0,0,0,0,0,0,0,0,0,0,0,0.00141471060526129,0,0,0.00848826363156775,0,0,0,0,0,0,0,0,0.00424413181578388,0,0,0,0,0,0,0,0,0,0,0,0,0,0,0,0,0,0,0,0,0.00424413181578388,0.00990297423682904,0,0,0,0,0,0.00282942121052258,0.00141471060526129,0,0.00282942121052258,0,0.00707355302630646,0,0,0,0,0,0,0,0,0,0,0,0.00141471060526129,0,0,0,0,0,0,0,0,0,0,0,0,0,0,0,0,0,0,0,0,0,0,0,0,0,0,0,0,0,0,0,0,0,0,0,0,0,0,0,0,0,0,0,0,0,0,0,0,0,0,0,0,0.00424413181578388,0,0,0,0,0,0,0,0,0,0,0,0,0,0,0,0,0,0,0,0.00141471060526129,0,0,0,0,0,0,0,0,0,0,0,0,0,0.00141471060526129,0.00141471060526129,0,0,0,0,0,0,0,0.00707355302630646,0,0,0.00565884242104517,0,0,0,0,0,0,0.00848826363156775,0.00141471060526129,0,0,0,0,0,0,0,0,0,0,0,0,0,0,0,0,0,0,0,0,0,0,0,0,0,0.0141471060526129,0,0,0,0,0,0,0,0,0,0,0,0,0,0,0,0,0,0,0,0,0,0,0.00990297423682904,0,0,0,0,0,0,0,0,0,0,0,0,0,0,0.00282942121052258,0.00848826363156775,0,0,0,0,0,0,0,0,0.0777029799939765,0,0,1.04135919430503,0,0.0276929600979898,0,0,0,0,0,0,0,0.414798253913454,0.291645161164803,0,0,0,0,0,0.0510607254625142,0,0,0,0,0,0,0,0,0,0,0,0,0,0,0,0,0,0,0,0,0,0,0,0,0,0,0,0,0,0,1.95798140569601,0,0,0,0,0,0,0,0,0,0,0,0,0,0,0,0,0,0,0,0,0,0,0,0,0,0,0,0,0,0,0,0,86.154426400141,0,0,0,0,0,0,0,0,0,0,0,0,0,0,0,0,0,0,0,0,0,0,0,0,0,0,2.89923217008747,0,0,0,0.140136429461028,0,0,0,0,0.00832747511750818,0,0,0,0,0,0,0,0,0,0,0,0,0.636734363926608,0.0485245737604623,0,0,0,0,0,0,0,0,0,0,0,0,0,0,0.513670141324104,0,0,0,0,0,0,0,0,0,0,0,0,0,0,0,0,0.405794682695801,0,0.0265757356693132,0,0,0,0,0,0,0.39940763856229,0,0,0,0.0863369082485101,0,0,0,0,0,0,3.34990919554729,0,0,0,0,0,0,0,0.586661370181928,0,0.142393170266833,0,0,0,0,0,0,0,0,0,0,0,0,0,0,0,0,0,0,0,0,0,0,0,0,0,0.564239249184584,0,0,0,0,0,0,0,0,0,0.58450583292211,0,0.329452605953813,0,0,1.79918137080033,0,0,0,0,0,0,0,0,0,0,0,0,0,0,0,0,0,0,0,0,0,0,0,0,0,0,0,0,0,0,0,0,0,0,0,0,0,0,0,0,0,0,0,0,0,0,0.0128915503904435,0,0,0,0,0,0,0,0,0,0.0431670051503314,0,0,0,0,0,0,0,0,1.34300941406854,0,0,0,0,0,0,0,0,0,0,0,0,0,0,0,0,0.102978058196514,0,0,0,0,0,0,0,0,0.649906027016893,0,0,0,0,1.58541750927151,0,0,1.41885485850834,0,0,0,0,0,0,0,0,0,0,0,0,0.760569317311938,0,0,0,0,0,0,0,0.0027012170491327,0,0,0,0,0,0,0,0,0,0,0,0,0,0,0,0,0,0,0,0,0,0,0,0,0,0,0,0,0,0,0,0.195297343765177,0,0,0,0,0,0.555798626339079,0,0.963339735286072,0,0,0,0,0,0,0,0,0,0,0,1.67903418288915,0,0,5.20479164303711,0,0,0,0,0,0,0,0,0.0189334131117572,0,0,0,0,0,0,0,0,0,0,0,0,0,0,0,0,0,0,0,0,0.295909018929538,0.0860263794328163,0,0,0,0,0,0.141758304586373,0.0891549587313434,0,0.993261388505571,0,2.96961750010444,0,0,0,0,0,0,0,0,0,0,0,0.0137166096154319,0,0,0,0,0,0,0,0,0,0,0,0,0,0,0,0,0,0,0,0,0,0,0,0,0,0,0,0,0,0,0,0,0,0,0,0,0,0,0,0,0,0,0,0,0,0,0,0,0,0,0,0,0.0272302039413481,0,0,0,0,0,0,0,0,0,0,0,0,0,0,0,0,0,0,0,0.0257474315692522,0,0,0,0,0,0,0,0,0,0,0,0,0,0.398184023933256,0.457632850126891,0,0,0,0,0,0,0,4.83548384796963,0,0,4.27200324532899,0,0,0,0,0,0,4.86996652306467,0.60732454994243,0,0,0,0,0,0,0,0,0,0,0,0,0,0,0,0,0,0,0,0,0,0,0,0,0,0.0684472364909315,0,0,0,0,0,0,0,0,0,0,0,0,0,0,0,0,0,0,0,0,0,0,0.150685661078526,0,0,0,0,0,0,0,0,0,0,0,0,0,0,0.414044051346115,0.484276294915174,0,0,0,25.92910042,23.49070041,12.38850022,23.59750044,15.93470028,13.32550023,10.93100021,15.65010026,14.94370024,20.53050035,16.52770029,"WAK-00003"
"23",1801,"nSPC",2009,"PRIAs","Pacific Remote Island Areas","Wake","Wake",2009,"ForereefMid","Wake","2009-03-25","Forereef","Mid",19.29172,166.60743,13,NA,NA,NA,NA,NA,NA,NA,0,NA,NA,NA,NA,2,1,6.8358093285639,2.61233000179411,16.0356503272934,8.69594698828166,34.1797366459331,6.97772058410013,0,0,0,0,0,0.00565884242104517,0,0,0,0,0,0,0,0,0,0,0,0,0,0.0282942121052258,0,0,0,0,0,0.0254647908947033,0,0,0,0,0,0,0,0,0,0,0,0,0,0,0,0,0,0,0,0,0,0,0,0,0,0,0,0,0,0,0,0,0,0,0,0,0,0,0,0,0,0,0,0,0,0,0,0,0,0,0,0,0,0,0,0,0,0,0,0,0,0,0,0,0,0,0,0,0,0,0,0,0,0,0,0,0,0,0,0,0,0,0,0,0.00282942121052258,0,0,0,0,0,0.00565884242104517,0,0,0,0.0396118969473162,0,0,0,0,0.0113176848420903,0,0,0,0,0,0,0,0,0,0,0.00565884242104517,0,0.848826363156775,0.220694854420762,0,0,0,0,0.00282942121052258,0,0,0,0,0,0,0,0,0,0,0,0,0,0,0,0,0,0,0,0,0,0,0,0,0,0,0,0,0,0,0,0,0,0,0,0.00282942121052258,0,0,0,0.00565884242104517,0,0,0.00565884242104517,0,0,0,0.0141471060526129,0,0,0,0,0,0,0,0.00282942121052258,0,0.00282942121052258,0,0,0,0,0,0,0,0,0,0,0,0,0,0,0,0,0,0,0,0,0,0,0,0,0,0.00848826363156775,0,0,0,0,0,0,0,0,0,0.0396118969473162,0,0,0,0,0.0113176848420903,0,0,0,0,0,0,0,0,0,0,0,0,0,0,0,0,0,0,0,0,0,0,0,0,0,0,0,0,0,0.00282942121052258,0,0,0,0,0,0,0,0,0,0,0,0,0,0,0,0,0,0,0,0,0,0,0,0,0,0,0.00282942121052258,0,0,0,0,0,0,0,0,0.00282942121052258,0,0,0,0,0,0,0,0,0,0,0,0,0,0,0,0,0.0113176848420903,0,0,0,0,0,0,0,0,0.00282942121052258,0,0,0,0,0.00282942121052258,0,0,0.00282942121052258,0,0,0,0,0,0,0,0,0,0,0,0,0.00848826363156775,0,0,0,0,0,0,0,0.00565884242104517,0,0,0,0,0,0,0,0,0,0,0,0,0,0,0,0,0,0,0,0,0,0,0,0,0,0,0,0,0,0.00282942121052258,0.00282942121052258,0,0,0,0,0,0,0,0,0,0,0,0,0,0,0,0,0,0,0,0,0,0,0,0.00282942121052258,0,0,0,0,0,0,0,0,0.00282942121052258,0,0,0,0,0,0,0,0,0,0,0.00282942121052258,0,0,0,0,0,0,0,0,0,0.0113176848420903,0.0113176848420903,0,0,0,0,0,0.0141471060526129,0,0,0,0,0,0,0,0,0,0,0,0,0,0,0,0,0,0,0,0,0,0,0,0.00282942121052258,0,0,0,0,0.00848826363156775,0,0,0,0,0,0,0,0,0,0,0,0,0,0,0,0,0,0,0,0,0,0,0,0,0,0,0,0,0,0,0,0,0,0,0,0,0,0,0,0,0.0113176848420903,0,0,0.169765272631355,0,0,0,0,0,0,0,0,0,0,0,0,0,0,0,0,0,0,0,0,0,0,0,0,0,0,0,0,0,0,0,0,0,0,0,0,0,0,0,0.00282942121052258,0,0,0,0,0,0,0,0,0,0,0,0,0,0,0,0,0,0,0,0,0,0,0,0,0,0,0,0,0,0,0,0,0,0,0,0,0.033953054526271,0,0.0141471060526129,0,0,0,0,0,0,0,0,0,0,0,0,0,0,0,0,0,0,0,0,0.00848826363156775,0,0.00565884242104517,0,0,0,0,0,0,0,0,0,0,0,0,0,0.00848826363156775,0,0,0,0,0,0,0,0,0.436791899374424,0,0,0,0,0,0,0,0,0,0,0,0,0,0.270997811566901,0,0,0,0,0,0.199480985952747,0,0,0,0,0,0,0,0,0,0,0,0,0,0,0,0,0,0,0,0,0,0,0,0,0,0,0,0,0,0,0,0,0,0,0,0,0,0,0,0,0,0,0,0,0,0,0,0,0,0,0,0,0,0,0,0,0,0,0,0,0,0,0,0,0,0,0,0,0,0,0,0,0,0,0,0,0,0,0,0,0,0,0,0,0.0278362041200995,0,0,0,0,0,1.4151417216606,0,0,0,0.257408086979821,0,0,0,0,0.0215539608331969,0,0,0,0,0,0,0,0,0,0,1.11846407161182,0,0.861388993331495,0.0902259982717494,0,0,0,0,0.199971460248186,0,0,0,0,0,0,0,0,0,0,0,0,0,0,0,0,0,0,0,0,0,0,0,0,0,0,0,0,0,0,0,0,0,0,0,0.223531678154915,0,0,0,0.119323859908858,0,0,0.217401603926528,0,0,0,2.9178868435206,0,0,0,0,0,0,0,0.603480232505938,0,0.140159674687791,0,0,0,0,0,0,0,0,0,0,0,0,0,0,0,0,0,0,0,0,0,0,0,0,0,4.63021143606911,0,0,0,0,0,0,0,0,0,0.885452486282422,0,0,0,0,0.781267430026331,0,0,0,0,0,0,0,0,0,0,0,0,0,0,0,0,0,0,0,0,0,0,0,0,0,0,0,0,0,0.938764923547772,0,0,0,0,0,0,0,0,0,0,0,0,0,0,0,0,0,0,0,0,0,0,0,0,0,0,0.123855748992585,0,0,0,0,0,0,0,0,2.68601882813709,0,0,0,0,0,0,0,0,0,0,0,0,0,0,0,0,0.0904280189461807,0,0,0,0,0,0,0,0,0.515183277548921,0,0,0,0,0.21259535326352,0,0,2.40196640114288,0,0,0,0,0,0,0,0,0,0,0,0,3.21383460747804,0,0,0,0,0,0,0,0.009631040498073,0,0,0,0,0,0,0,0,0,0,0,0,0,0,0,0,0,0,0,0,0,0,0,0,0,0,0,0,0,0.690217876139193,0.690217876139193,0,0,0,0,0,0,0,0,0,0,0,0,0,0,0,0,0,0,0,0,0,0,0,1.09998881411292,0,0,0,0,0,0,0,0,0.0126222754078381,0,0,0,0,0,0,0,0,0,0,1.17597819062345,0,0,0,0,0,0,0,0,0,1.04691196345113,0.0528187428809876,0,0,0,0,0,0.569272743703261,0,0,0,0,0,0,0,0,0,0,0,0,0,0,0,0,0,0,0,0,0,0,0,0.0144052111636416,0,0,0,0,0.0425563407065966,0,0,0,0,0,0,0,0,0,0,0,0,0,0,0,0,0,0,0,0,0,0,0,0,0,0,0,0,0,0,0,0,0,0,0,0,0,0,0,0,0.0916457227197369,0,0,0.5584207948354,0,0,0,0,0,0,0,0,0,0,0,0,0,0,0,0,0,0,0,0,0,0,0,0,0,0,0,0,0,0,0,0,0,0,0,0,0,0,0,1.65786733943665,0,0,0,0,0,0,0,0,0,0,0,0,0,0,0,0,0,0,0,0,0,0,0,0,0,0,0,0,0,0,0,0,0,0,0,0,0.388795152945003,0,0.0572376499577985,0,0,0,0,0,0,0,0,0,0,0,0,0,0,0,0,0,0,0,0,0.0446389959188145,0,0.0528187863316724,0,0,0,0,0,0,0,0,0,0,0,0,0,0.323067530871196,0,0,0,9.239700161,6.198000089,9.425500173,2.182300043,8.895000153,3.505300057,1.808600036,5.195500092,0.886600016,7.022000139,9.310800154,"WAK-00006"
"24",1802,"nSPC",2009,"PRIAs","Pacific Remote Island Areas","Wake","Wake",2009,"ForereefDeep","Wake","2009-03-25","Forereef","Deep",19.26797074,166.6550961,25,NA,NA,NA,NA,NA,NA,NA,0,NA,NA,NA,NA,2,1,11.1850304008609,17.472930118959,11.7067737658626,5.77869750481814,46.1434317905006,9.41706875749652,0,0,0,0,0,0,0,0,0,0,0,0,0,0,0,0,0,0,0,0.00565884242104517,0,0,0,0,0,0.0226353696841807,0,0,0,0,0,0,0,0,0,0,0,0,0,0,0,0,0,0,0,0,0,0,0,0,0,0,0,0,0,0,0.00282942121052258,0,0,0,0,0,0,0,0,0,0,0,0,0,0,0,0,0,0,0,0,0,0,0,0,0,0,0,0,0,0,0,0,0,0,0,0,0,0,0,0,0,0,0,0,0,0,0,0,0,0,0,0,0,0,0,0,0,0,0,0.0141471060526129,0,0,0,0.00565884242104517,0,0,0,0,0.0226353696841807,0,0,0,0,0,0,0,0.00282942121052258,0,0,0,0,1.83912378683968,0.311236333157484,0,0,0,0,0.00565884242104517,0,0,0,0,0,0,0,0,0,0,0,0,0,0,0,0,0,0,0,0,0,0,0,0,0,0,0.0169765272631355,0,0,0,0,0,0,0,0,0,0,0,0,0.0113176848420903,0,0,0,0,0,0,0.0113176848420903,0,0,0,0,0,0,0,0.00282942121052258,0,0,0,0,0,0,0,0,0,0,0,0,0,0,0,0,0,0,0,0,0,0,0,0,0,0,0,0,0,0,0,0,0,0,0,0,0,0.0169765272631355,0,0,0,0,0,0,0,0,0,0,0,0,0,0,0,0,0,0,0,0,0,0,0,0,0,0,0,0,0,0,0,0.00282942121052258,0,0,0,0,0,0,0,0,0,0,0,0,0,0.00282942121052258,0,0,0,0,0,0,0,0,0,0,0,0,0,0,0,0,0,0,0,0,0,0,0,0,0,0,0,0,0,0,0,0,0,0,0,0,0,0,0,0,0,0.0198059484736581,0,0,0,0,0,0,0,0,0,0,0,0,0,0.113176848420903,0,0,0,0,0,0,0,0,0,0,0,0,0,0,0,0,0,0,0,0.00848826363156775,0,0,0,0.00565884242104517,0,0,0,0,0,0,0,0,0,0,0,0,0,0,0,0,0,0,0,0,0,0,0,0,0,0,0,0,0,0,0,0,0,0,0,0,0,0,0,0,0,0,0,0,0,0,0,0,0,0,0,0.00282942121052258,0,0,0,0,0,0,0,0,0,0,0,0,0,0,0,0,0,0,0,0,0,0,0,0,0,0,0,0,0,0,0,0,0,0,0,0,0,0,0,0.0113176848420903,0,0,0.00282942121052258,0,0,0,0,0,0.00848826363156775,0,0,0,0,0,0,0,0,0,0,0,0,0,0,0,0,0,0,0,0,0,0,0,0,0,0,0,0,0,0,0,0,0,0,0,0,0,0,0,0,0,0,0,0,0,0,0,0,0,0,0,0,0,0,0,0,0,0,0,0,0.0282942121052258,0,0,0.763943726841098,0,0,0,0,0,0,0,0,0,0,0,0,0,0,0,0,0,0,0,0,0,0,0,0,0,0,0,0,0,0,0.00282942121052258,0.00565884242104517,0,0,0,0,0,0,0,0.00282942121052258,0,0,0,0,0,0,0,0,0,0.00848826363156775,0,0,0,0,0,0,0,0,0,0,0,0,0,0,0,0,0,0,0,0,0,0,0,0,0,0,0,0,0.0141471060526129,0,0,0,0,0,0,0,0,0,0,0,0,0,0,0,0,0,0,0,0,0.0113176848420903,0,0,0,0,0,0,0,0,0,0,0,0,0,0.00282942121052258,0,0.0113176848420903,0,0,0,0,0,0,0,0,0,0,0,0,0,0,0,0,0,0,0,0,0,0,0.178450139994848,0,0,0,0,0,0.614979793065263,0,0,0,0,0,0,0,0,0,0,0,0,0,0,0,0,0,0,0,0,0,0,0,0,0,0,0,0,0,0,0.802140913183153,0,0,0,0,0,0,0,0,0,0,0,0,0,0,0,0,0,0,0,0,0,0,0,0,0,0,0,0,0,0,0,0,0,0,0,0,0,0,0,0,0,0,0,0,0,0,0,0,0,0,0,0,0,0,0,0,0,0,0,8.46889022804966,0,0,0,0.0412580988084822,0,0,0,0,0.0568677012079857,0,0,0,0,0,0,0,0.17000073349821,0,0,0,0,1.95637500180374,0.121063860045235,0,0,0,0,0.399942920496372,0,0,0,0,0,0,0,0,0,0,0,0,0,0,0,0,0,0,0,0,0,0,0,0,0,0,1.11344750685914,0,0,0,0,0,0,0,0,0,0,0,0,0.0710121186873368,0,0,0,0,0,0,2.22143000242635,0,0,0,0,0,0,0,0.888009938743259,0,0,0,0,0,0,0,0,0,0,0,0,0,0,0,0,0,0,0,0,0,0,0,0,0,0,0,0,0,0,0,0,0,0,0,0,0,0.439905527147924,0,0,0,0,0,0,0,0,0,0,0,0,0,0,0,0,0,0,0,0,0,0,0,0,0,0,0,0,0,0,0,0.540842917460736,0,0,0,0,0,0,0,0,0,0,0,0,0,0.906094476643551,0,0,0,0,0,0,0,0,0,0,0,0,0,0,0,0,0,0,0,0,0,0,0,0,0,0,0,0,0,0,0,0,0,0,0,0,0,0,0,0,0,0.130693512193128,0,0,0,0,0,0,0,0,0,0,0,0,0,8.50381413054078,0,0,0,0,0,0,0,0,0,0,0,0,0,0,0,0,0,0,0,0.0245137593453389,0,0,0,0.009631040498073,0,0,0,0,0,0,0,0,0,0,0,0,0,0,0,0,0,0,0,0,0,0,0,0,0,0,0,0,0,0,0,0,0,0,0,0,0,0,0,0,0,0,0,0,0,0,0,0,0,0,0,1.48640546545063,0,0,0,0,0,0,0,0,0,0,0,0,0,0,0,0,0,0,0,0,0,0,0,0,0,0,0,0,0,0,0,0,0,0,0,0,0,0,0,0.297061132025561,0,0,0.188446368267865,0,0,0,0,0,0.0847848305251656,0,0,0,0,0,0,0,0,0,0,0,0,0,0,0,0,0,0,0,0,0,0,0,0,0,0,0,0,0,0,0,0,0,0,0,0,0,0,0,0,0,0,0,0,0,0,0,0,0,0,0,0,0,0,0,0,0,0,0,0,0.122812814143096,0,0,4.57020478494298,0,0,0,0,0,0,0,0,0,0,0,0,0,0,0,0,0,0,0,0,0,0,0,0,0,0,0,0,0,0,1.89304531117426,1.739494773059,0,0,0,0,0,0,0,2.88865888945001,0,0,0,0,0,0,0,0,0,4.222195035095,0,0,0,0,0,0,0,0,0,0,0,0,0,0,0,0,0,0,0,0,0,0,0,0,0,0,0,0,0.0572962856371522,0,0,0,0,0,0,0,0,0,0,0,0,0,0,0,0,0,0,0,0,0.0856573800945285,0,0,0,0,0,0,0,0,0,0,0,0,0,0.220087083110354,0,0.627917316826453,0,0,0,23.97380039,11.6328002,16.07950028,10.00310017,22.92570037,14.26140023,10.48750017,15.17460028,15.47090029,21.98160041,16.16420028,"WAK-00061"
"25",1803,"nSPC",2009,"PRIAs","Pacific Remote Island Areas","Wake","Wake",2009,"ForereefShallow","Wake","2009-03-25","Forereef","Shallow",19.27325101,166.64594457,4,NA,NA,NA,NA,NA,NA,NA,0,NA,NA,NA,NA,4,2,2.93850472059778,8.79764932066726,14.2746519668798,4.95212497426791,30.9629309824128,6.34115877977155,0,0,0,0,0,0.00565884242104517,0,0,0,0,0,0,0,0,0,0,0,0,0,0.0169765272631355,0,0,0,0,0,0.00565884242104517,0.00282942121052258,0,0,0,0,0,0,0,0,0,0,0,0,0,0,0.00141471060526129,0,0,0,0,0,0,0,0,0,0,0,0,0,0,0.00141471060526129,0,0,0,0,0,0,0,0,0,0,0,0,0,0,0,0,0,0,0,0,0,0,0,0,0,0,0,0,0,0,0.00282942121052258,0,0,0,0,0,0,0,0,0,0,0,0,0,0,0,0,0,0,0,0,0,0,0,0,0,0,0,0,0.00707355302630646,0,0,0,0.0268795014999645,0,0,0,0,0,0,0,0,0,0,0,0,0,0,0,0,0,1.06103295394597,0.0424413181578388,0,0,0,0,0.00141471060526129,0,0,0,0,0,0,0,0,0,0,0,0,0,0,0,0,0,0,0,0,0,0,0,0,0,0,0,0,0,0,0,0,0,0,0,0.00282942121052258,0,0,0,0,0,0,0.00424413181578388,0,0,0,0.00707355302630646,0,0,0,0,0.00141471060526129,0,0,0.00848826363156775,0,0,0,0.268795014999645,0,0,0,0,0,0,0,0,0,0,0,0,0,0,0,0,0,0,0,0,0,0,0,0.00282942121052258,0,0,0,0,0,0,0,0,0,0.00707355302630646,0,0.00424413181578388,0,0,0.033953054526271,0,0,0,0,0,0,0,0,0,0,0,0,0,0,0,0,0,0,0,0,0,0,0,0,0,0,0,0.00141471060526129,0,0,0,0,0,0,0,0,0,0,0,0,0,0,0,0,0,0,0,0,0,0,0,0,0,0,0,0,0.00424413181578388,0,0,0,0,0,0,0,0,0,0,0,0,0,0,0,0,0,0,0,0,0,0,0,0,0.00141471060526129,0.0481001605788839,0,0,0,0,0,0,0,0,0,0,0,0,0,0.033953054526271,0,0,0,0,0,0,0,0,0,0,0,0,0,0,0,0,0,0,0,0,0,0,0,0.00565884242104517,0,0,0,0,0,0,0,0,0,0,0,0,0,0,0,0,0,0,0,0,0,0,0,0,0,0,0,0,0,0.00707355302630646,0.00282942121052258,0,0,0,0,0,0,0,0,0,0,0,0,0,0,0,0,0,0,0,0,0,0,0,0.00141471060526129,0,0,0,0,0,0,0,0,0.0438560287631001,0,0,0,0,0,0,0,0,0,0,0,0,0,0,0,0,0,0,0,0,0.00565884242104517,0.0254647908947033,0,0,0,0,0,0.0113176848420903,0.00282942121052258,0,0.00282942121052258,0,0.00141471060526129,0,0,0,0,0,0,0,0,0,0,0,0,0,0,0,0,0,0,0.0198059484736581,0,0,0,0.00707355302630646,0,0,0,0,0,0,0,0,0,0,0,0,0,0,0,0,0,0,0,0,0,0,0,0,0,0,0,0,0,0,0,0,0,0,0,0,0,0,0,0,0,0,0,0,0,0,0,0,0,0,0,0,0,0,0,0,0,0,0,0,0,0,0,0,0,0,0,0,0,0,0,0,0,0,0,0,0.00141471060526129,0,0,0,0,0,0,0,0.00707355302630646,0,0,0,0,0,0,0,0,0,0.00141471060526129,0,0,0,0,0,0,0,0,0,0,0,0,0,0,0,0,0,0,0,0,0,0,0,0,0,0,0.0537590029999291,0,0.0367824757367936,0,0,0,0.00141471060526129,0,0,0,0,0,0,0,0,0,0,0,0,0,0,0,0,0.0664913984472807,0,0.0537590029999291,0,0,0,0,0,0,0,0,0,0,0,0,0,0.00565884242104517,0,0,0.00141471060526129,0,0,0,0,0,0.683340590106336,0,0,0,0,0,0,0,0,0,0,0,0,0,0.304607034463339,0,0,0,0,0,0.208874947313803,0.0465340933104147,0,0,0,0,0,0,0,0,0,0,0,0,0,0,0.326085135670307,0,0,0,0,0,0,0,0,0,0,0,0,0,0,0.158170304510633,0,0,0,0,0,0,0,0,0,0,0,0,0,0,0,0,0,0,0,0,0,0,0,0,0,0,0,0,0,0,0.391157145717067,0,0,0,0,0,0,0,0,0,0,0,0,0,0,0,0,0,0,0,0,0,0,0,0,0,0,0,0,1.82974519851525,0,0,0,0.117283961049486,0,0,0,0,0,0,0,0,0,0,0,0,0,0,0,0,0,1.71456559159945,0.0140374659807052,0,0,0,0,0.0505355130895411,0,0,0,0,0,0,0,0,0,0,0,0,0,0,0,0,0,0,0,0,0,0,0,0,0,0,0,0,0,0,0,0,0,0,0,0.27473509157586,0,0,0,0,0,0,0.211491496390284,0,0,0,1.11998907784268,0,0,0,0,0.489840441582908,0,0,2.67359700752643,0,0,0,0.460624114230656,0,0,0,0,0,0,0,0,0,0,0,0,0,0,0,0,0,0,0,0,0,0,0,0.938408338130784,0,0,0,0,0,0,0,0,0,0.156169006373713,0,0.760472860828405,0,0,1.79607446725082,0,0,0,0,0,0,0,0,0,0,0,0,0,0,0,0,0,0,0,0,0,0,0,0,0,0,0,0.167005142069271,0,0,0,0,0,0,0,0,0,0,0,0,0,0,0,0,0,0,0,0,0,0,0,0,0,0,0,0,0.051620596367758,0,0,0,0,0,0,0,0,0,0,0,0,0,0,0,0,0,0,0,0,0,0,0,0,0.00187449155197121,0.165257863171932,0,0,0,0,0,0,0,0,0,0,0,0,0,5.40729555774487,0,0,0,0,0,0,0,0,0,0,0,0,0,0,0,0,0,0,0,0,0,0,0,0.00797738438007963,0,0,0,0,0,0,0,0,0,0,0,0,0,0,0,0,0,0,0,0,0,0,0,0,0,0,0,0,0,0.992251643797778,0.212318745187989,0,0,0,0,0,0,0,0,0,0,0,0,0,0,0,0,0,0,0,0,0,0,0,0.130836920273233,0,0,0,0,0,0,0,0,0.098116283360718,0,0,0,0,0,0,0,0,0,0,0,0,0,0,0,0,0,0,0,0,0.226471712000498,0.238224452287555,0,0,0,0,0,0.258225672270729,0.298886691231403,0,0.852231375607051,0,0.0684453913703302,0,0,0,0,0,0,0,0,0,0,0,0,0,0,0,0,0,0,0.111583080223728,0,0,0,0.0161066003434854,0,0,0,0,0,0,0,0,0,0,0,0,0,0,0,0,0,0,0,0,0,0,0,0,0,0,0,0,0,0,0,0,0,0,0,0,0,0,0,0,0,0,0,0,0,0,0,0,0,0,0,0,0,0,0,0,0,0,0,0,0,0,0,0,0,0,0,0,0,0,0,0,0,0,0,0,0.193063858647282,0,0,0,0,0,0,0,4.94343868856652,0,0,0,0,0,0,0,0,0,0.277731013362357,0,0,0,0,0,0,0,0,0,0,0,0,0,0,0,0,0,0,0,0,0,0,0,0,0,0,0.34358940430872,0,0.0650962570832244,0,0,0,0.0305577490736439,0,0,0,0,0,0,0,0,0,0,0,0,0,0,0,0,0.0726913341627971,0,0.362121351562825,0,0,0,0,0,0,0,0,0,0,0,0,0,0.384254664117161,0,0,0.259318175228989,9.708400161,4.99250007,10.26100019,2.469400046,9.459500171,2.38640004,2.872800047,5.996700107,1.22740002,9.29730017,8.341500134,"WAK-00062"
"26",1804,"nSPC",2009,"PRIAs","Pacific Remote Island Areas","Wake","Wake",2009,"ForereefShallow","Wake","2009-03-25","Forereef","Shallow",19.27503794,166.64242988,4,NA,NA,NA,NA,NA,NA,NA,0,NA,NA,NA,NA,2,1,1.20607758494828,2.07744126659723,6.19831046544526,5.65849115200435,15.1403204689951,0.873862687235322,0,0,0,0,0,0,0,0,0,0,0,0,0,0,0,0,0,0,0,0.033953054526271,0,0,0,0,0,0,0.00282942121052258,0,0,0,0,0,0,0,0,0,0,0,0,0,0,0,0,0,0,0,0,0,0,0,0,0,0,0,0,0,0,0,0,0,0,0,0,0,0,0,0,0,0,0,0,0,0,0,0,0,0,0,0,0,0,0,0,0,0,0,0,0,0,0,0,0,0,0,0,0,0,0,0,0,0,0,0,0,0,0,0,0,0,0,0,0,0,0,0,0,0.00282942121052258,0,0,0,0.0141471060526129,0,0,0,0,0,0,0,0,0,0,0,0,0,0,0,0,0,0.990297423682904,0,0,0,0,0,0,0,0,0,0,0,0,0,0,0,0,0,0,0,0,0,0,0,0,0,0,0,0,0,0,0,0,0,0,0,0,0,0,0,0,0,0,0,0,0,0,0,0,0.00565884242104517,0,0,0,0.00848826363156775,0,0,0,0,0,0,0,0.00848826363156775,0,0,0,0.223524275631284,0,0,0,0,0,0,0,0,0,0,0,0,0,0,0,0,0,0,0,0,0,0,0,0.00848826363156775,0,0,0,0,0,0,0,0,0,0.00282942121052258,0,0.00282942121052258,0,0,0.0254647908947033,0,0,0,0,0,0,0,0,0,0,0,0,0,0,0,0,0,0,0,0,0,0,0,0,0,0,0,0,0,0,0,0,0,0,0,0,0,0,0,0,0,0,0,0,0,0,0,0,0,0,0,0,0,0,0,0,0.00848826363156775,0,0,0,0,0,0,0,0,0,0,0,0,0,0,0,0,0,0,0,0,0,0,0,0,0,0.0650766878420194,0,0,0,0,0,0,0,0,0,0,0,0,0,0,0,0,0,0,0,0,0,0,0,0,0,0,0,0,0,0,0,0,0,0,0,0,0,0.00282942121052258,0,0,0,0,0,0,0,0,0,0,0,0,0,0,0,0,0,0,0,0,0,0,0,0,0,0,0,0,0,0.00565884242104517,0.00282942121052258,0,0,0,0,0,0,0,0,0,0,0,0,0,0,0,0,0,0,0,0,0,0,0,0.00282942121052258,0,0,0,0,0,0,0,0,0.0226353696841807,0,0,0,0,0,0,0,0,0,0,0,0.00282942121052258,0,0,0,0,0,0,0,0,0.00282942121052258,0.0537590029999291,0,0,0,0,0,0.00565884242104517,0.0113176848420903,0,0.00282942121052258,0,0,0,0,0,0,0,0,0,0,0,0,0,0,0,0,0,0,0,0,0,0,0,0,0.0169765272631355,0,0,0,0,0,0,0,0,0,0,0,0,0,0,0,0,0,0,0,0,0,0,0,0,0,0,0,0,0,0,0,0,0,0,0,0,0,0,0,0,0,0,0,0,0,0,0,0,0,0,0,0,0,0,0,0,0,0,0,0,0,0,0,0,0,0,0,0,0,0,0,0,0,0,0,0,0,0,0,0,0,0,0,0,0,0,0,0,0,0,0,0,0,0,0,0,0,0,0,0,0,0,0,0,0,0,0,0,0,0,0,0,0,0,0,0,0,0,0,0,0.00565884242104517,0.0792237938946324,0,0.0226353696841807,0,0,0,0.00282942121052258,0,0,0,0,0,0,0,0,0,0,0,0,0,0,0,0,0.0311236333157484,0,0.107518005999858,0,0,0,0,0,0,0,0,0,0,0,0,0,0,0,0,0,0,0,0,0,0,0,0,0,0,0,0,0,0,0,0,0,0,0,0,0.535669617931195,0,0,0,0,0,0,0.0974594214728254,0,0,0,0,0,0,0,0,0,0,0,0,0,0,0,0,0,0,0,0,0,0,0,0,0,0,0,0,0,0,0,0,0,0,0,0,0,0,0,0,0,0,0,0,0,0,0,0,0,0,0,0,0,0,0,0,0,0,0,0,0,0,0,0,0,0,0,0,0,0,0,0,0,0,0,0,0,0,0,0,0,0,0,0,0,0,0,0,0,0.36136947706839,0,0,0,0.0562811092325366,0,0,0,0,0,0,0,0,0,0,0,0,0,0,0,0,0,1.16251014566136,0,0,0,0,0,0,0,0,0,0,0,0,0,0,0,0,0,0,0,0,0,0,0,0,0,0,0,0,0,0,0,0,0,0,0,0,0,0,0,0,0,0,0,0,0,0,0,0,0.163500585259839,0,0,0,0.873862687235322,0,0,0,0,0,0,0,2.63163363984485,0,0,0,0.558661861522537,0,0,0,0,0,0,0,0,0,0,0,0,0,0,0,0,0,0,0,0,0,0,0,0.699621915812512,0,0,0,0,0,0,0,0,0,0.0543404474896412,0,0.380456733928957,0,0,1.11960224140824,0,0,0,0,0,0,0,0,0,0,0,0,0,0,0,0,0,0,0,0,0,0,0,0,0,0,0,0,0,0,0,0,0,0,0,0,0,0,0,0,0,0,0,0,0,0,0,0,0,0,0,0,0,0,0,0,0.134969607525301,0,0,0,0,0,0,0,0,0,0,0,0,0,0,0,0,0,0,0,0,0,0,0,0,0,0.205993747695128,0,0,0,0,0,0,0,0,0,0,0,0,0,0,0,0,0,0,0,0,0,0,0,0,0,0,0,0,0,0,0,0,0,0,0,0,0,0.0048155202490365,0,0,0,0,0,0,0,0,0,0,0,0,0,0,0,0,0,0,0,0,0,0,0,0,0,0,0,0,0,0.298614070940315,0.0824584565533279,0,0,0,0,0,0,0,0,0,0,0,0,0,0,0,0,0,0,0,0,0,0,0,0.0528020633354607,0,0,0,0,0,0,0,0,0.0478386708938763,0,0,0,0,0,0,0,0,0,0,0,2.46262211834346,0,0,0,0,0,0,0,0,0.131132808130273,0.446415386637061,0,0,0,0,0,0.305133798956155,0.408441500793458,0,0.125118252938674,0,0,0,0,0,0,0,0,0,0,0,0,0,0,0,0,0,0,0,0,0,0,0,0,0.0433255130327503,0,0,0,0,0,0,0,0,0,0,0,0,0,0,0,0,0,0,0,0,0,0,0,0,0,0,0,0,0,0,0,0,0,0,0,0,0,0,0,0,0,0,0,0,0,0,0,0,0,0,0,0,0,0,0,0,0,0,0,0,0,0,0,0,0,0,0,0,0,0,0,0,0,0,0,0,0,0,0,0,0,0,0,0,0,0,0,0,0,0,0,0,0,0,0,0,0,0,0,0,0,0,0,0,0,0,0,0,0,0,0,0,0,0,0,0,0,0,0,0,0.0576551884730157,0.26713363159281,0,0.0466104154200992,0,0,0,0.167700926916158,0,0,0,0,0,0,0,0,0,0,0,0,0,0,0,0,0.165518574033529,0,0.991050332667024,0,0,0,0,0,0,0,0,0,0,0,0,0,0,0,0,0,0,0,0,0,0,0,0,0,0,0,0,"WAK-00063"
"27",1805,"nSPC",2009,"PRIAs","Pacific Remote Island Areas","Wake","Wake",2009,"ForereefDeep","Wake","2009-03-25","Forereef","Deep",19.28224211,166.62109751,24,NA,NA,NA,NA,NA,NA,NA,0,NA,NA,NA,NA,2,1,2.11081165916247,11.4544672365044,6.4556085483126,2.97467176859084,22.9955592125703,4.77565241998726,0,0,0,0,0,0,0,0,0,0,0,0,0,0,0,0,0,0,0,0,0,0,0,0,0,0.0537590029999291,0,0,0,0,0,0,0,0,0,0,0,0,0,0,0,0,0,0,0,0,0,0,0,0,0,0,0,0,0,0,0.00565884242104517,0,0,0,0,0,0,0,0,0,0,0,0,0,0,0,0,0,0,0,0,0,0,0,0,0,0,0,0,0,0,0,0,0,0,0,0,0,0,0,0,0,0,0,0,0,0,0,0,0,0,0,0,0,0,0,0,0,0,0,0.00282942121052258,0,0,0,0.0226353696841807,0,0,0,0,0.0113176848420903,0,0,0,0,0,0,0,0,0,0,0,0,0.735649514735872,0.0990297423682904,0,0,0,0,0,0,0,0,0,0,0,0,0,0,0,0,0,0,0,0,0,0,0,0,0,0,0,0,0,0,0,0,0,0,0,0,0,0,0,0,0,0,0,0,0.0113176848420903,0,0,0,0,0,0,0.00565884242104517,0,0,0,0,0,0,0,0,0,0,0,0,0,0,0,0,0,0,0,0,0,0,0,0,0,0,0,0,0,0,0,0,0,0,0,0.00282942121052258,0,0,0,0,0,0,0,0,0,0.0367824757367936,0,0,0,0,0,0,0,0,0,0,0,0,0,0,0,0,0,0,0,0,0,0,0,0,0,0,0,0,0,0,0,0,0,0,0,0,0,0,0,0,0,0,0,0,0,0,0,0,0,0,0,0,0,0,0,0,0,0,0,0,0,0.00282942121052258,0,0,0,0,0,0,0,0,0,0,0,0,0,0,0,0,0,0,0,0,0,0,0,0,0,0.00565884242104517,0,0,0,0,0,0,0,0,0.00282942121052258,0,0,0,0,0.00282942121052258,0,0,0,0,0,0,0,0,0,0,0,0,0,0,0,0,0,0,0,0,0,0,0,0,0,0,0,0,0,0,0,0,0,0,0,0,0,0,0,0,0,0,0,0,0,0,0,0,0,0,0,0,0,0,0,0,0,0,0,0,0,0,0,0,0,0,0,0,0,0,0,0,0,0,0,0.0254647908947033,0,0,0,0,0,0,0,0,0,0,0,0.0169765272631355,0,0,0,0,0,0,0,0,0,0,0,0,0,0,0,0,0,0,0,0,0.00282942121052258,0,0,0,0,0,0,0.00848826363156775,0,0,0.00282942121052258,0,0.00848826363156775,0,0,0,0,0,0,0,0,0,0,0,0,0,0,0,0,0,0,0,0,0,0,0,0,0,0,0,0,0,0,0,0,0,0,0,0,0,0,0,0,0,0,0,0,0,0,0,0,0,0,0,0,0,0,0,0,0,0,0,0,0,0,0,0,0.0113176848420903,0,0,0.183912378683968,0,0.00565884242104517,0,0,0,0,0,0,0,0,0,0,0,0,0,0,0,0,0,0,0,0,0,0,0,0,0,0,0,0,0,0.00282942121052258,0,0,0,0,0,0,0,0.0141471060526129,0,0,0,0,0,0,0,0,0,0.00565884242104517,0,0,0,0,0,0,0,0,0,0,0,0,0,0,0,0,0,0,0,0,0,0,0,0,0,0.00282942121052258,0,0,0.0113176848420903,0,0,0,0,0,0,0,0,0,0,0,0,0,0,0,0,0,0,0,0,0.00848826363156775,0,0,0,0,0,0,0,0,0,0,0,0,0,0,0,0.00565884242104517,0,0,0,0,0,0,0,0,0,0,0,0,0,0,0,0,0,0,0,0,0,0,0,0,0,0,0,0,1.33000311011855,0,0,0,0,0,0,0,0,0,0,0,0,0,0,0,0,0,0,0,0,0,0,0,0,0,0,0,0,0,0,0.416608223169161,0,0,0,0,0,0,0,0,0,0,0,0,0,0,0,0,0,0,0,0,0,0,0,0,0,0,0,0,0,0,0,0,0,0,0,0,0,0,0,0,0,0,0,0,0,0,0,0,0,0,0,0,0,0,0,0,0,0,0,1.05377224459221,0,0,0,0.185934750299622,0,0,0,0,0.0321702007783755,0,0,0,0,0,0,0,0,0,0,0,0,0.659181577100288,0.0613489253971559,0,0,0,0,0,0,0,0,0,0,0,0,0,0,0,0,0,0,0,0,0,0,0,0,0,0,0,0,0,0,0,0,0,0,0,0,0,0,0,0,0,0,0,0,0.140199789756601,0,0,0,0,0,0,0.734185429776731,0,0,0,0,0,0,0,0,0,0,0,0,0,0,0,0,0,0,0,0,0,0,0,0,0,0,0,0,0,0,0,0,0,0,0,0.56674907181873,0,0,0,0,0,0,0,0,0,1.0459307416476,0,0,0,0,0,0,0,0,0,0,0,0,0,0,0,0,0,0,0,0,0,0,0,0,0,0,0,0,0,0,0,0,0,0,0,0,0,0,0,0,0,0,0,0,0,0,0,0,0,0,0,0,0,0,0,0,0,0,0,0,0,0.0863340103006628,0,0,0,0,0,0,0,0,0,0,0,0,0,0,0,0,0,0,0,0,0,0,0,0,0,0.0258150732405659,0,0,0,0,0,0,0,0,0.282170254946028,0,0,0,0,0.396354377317877,0,0,0,0,0,0,0,0,0,0,0,0,0,0,0,0,0,0,0,0,0,0,0,0,0,0,0,0,0,0,0,0,0,0,0,0,0,0,0,0,0,0,0,0,0,0,0,0,0,0,0,0,0,0,0,0,0,0,0,0,0,0,0,0,0,0,0,0,0,0,0,0,0,0,0,6.61288635967289,0,0,0,0,0,0,0,0,0,0,0,0.0213280372389841,0,0,0,0,0,0,0,0,0,0,0,0,0,0,0,0,0,0,0,0,0.278705006201077,0,0,0,0,0,0,0.361726185200021,0,0,1.04859980178363,0,0.173269405901626,0,0,0,0,0,0,0,0,0,0,0,0,0,0,0,0,0,0,0,0,0,0,0,0,0,0,0,0,0,0,0,0,0,0,0,0,0,0,0,0,0,0,0,0,0,0,0,0,0,0,0,0,0,0,0,0,0,0,0,0,0,0,0,0,0.065620184020259,0,0,2.36976093862729,0,0.0223195522751254,0,0,0,0,0,0,0,0,0,0,0,0,0,0,0,0,0,0,0,0,0,0,0,0,0,0,0,0,0,0.386127717294564,0,0,0,0,0,0,0,3.09444477134738,0,0,0,0,0,0,0,0,0,0.947022218863143,0,0,0,0,0,0,0,0,0,0,0,0,0,0,0,0,0,0,0,0,0,0,0,0,0,0.0249319482703874,0,0,0.0653672575805766,0,0,0,0,0,0,0,0,0,0,0,0,0,0,0,0,0,0,0,0,0.15613887001407,0,0,0,0,0,0,0,0,0,0,0,0,0,0,0,0.350553178019161,0,0,0,11.7258002,5.640300081,12.07650022,3.058800053,9.94080018,4.024100069,3.718700062,6.621000117,2.041000036,11.60510022,9.391200152,"WAK-00064"
"28",1807,"nSPC",2009,"PRIAs","Pacific Remote Island Areas","Wake","Wake",2009,"ForereefDeep","Wake","2009-03-26","Forereef","Deep",19.31619435,166.62734899,26,NA,NA,NA,NA,NA,NA,NA,0,NA,NA,NA,NA,4,2,6.30565035240243,4.34415425530907,19.0376631575893,2.08628640031646,31.7737541656173,1.98610109603626,0,0,0,0,0,0.00424413181578388,0,0,0,0,0,0,0,0,0,0,0,0,0,0,0,0,0,0,0,0.0254647908947033,0,0,0,0,0,0,0,0,0,0,0,0,0,0,0,0,0,0,0,0,0,0,0,0,0,0,0,0,0,0,0.00707355302630646,0,0,0,0,0,0,0,0,0,0,0,0,0,0,0,0,0,0,0,0,0,0,0,0,0,0.00141471060526129,0,0,0,0,0.00141471060526129,0,0,0,0,0,0,0,0,0,0,0,0,0,0,0,0,0,0,0,0,0,0,0,0,0,0,0,0,0.00848826363156775,0,0,0,0.0325383439210097,0,0,0,0,0.0141471060526129,0,0,0,0,0,0,0,0.00565884242104517,0,0,0,0,0.749796620788485,0.19664477413132,0,0,0,0,0,0,0,0,0,0,0,0,0,0,0,0,0,0,0,0,0,0,0,0,0,0,0,0,0,0,0,0.00424413181578388,0,0,0,0,0,0,0,0,0.00141471060526129,0,0,0,0.00424413181578388,0,0,0,0,0,0,0.00141471060526129,0,0,0,0,0,0,0,0.00141471060526129,0,0,0,0,0,0,0,0,0,0,0,0,0,0,0,0,0,0,0,0,0,0,0,0,0,0,0,0,0,0,0,0,0,0,0,0,0,0.0481001605788839,0,0.00424413181578388,0,0,0.00707355302630646,0,0,0,0,0,0,0,0,0,0,0,0,0,0,0,0,0,0,0,0,0,0,0,0,0,0,0,0.00141471060526129,0,0,0,0,0,0,0,0,0,0,0,0,0,0,0,0,0,0,0.00282942121052258,0,0,0,0,0,0,0,0,0,0.00141471060526129,0,0,0,0,0,0,0,0,0.00141471060526129,0,0,0,0,0,0,0,0,0,0,0,0,0,0,0,0,0.0113176848420903,0,0,0,0,0,0,0,0,0,0,0,0,0,0.00141471060526129,0,0,0,0,0,0,0,0,0,0,0,0,0,0,0,0.0311236333157484,0,0,0.00282942121052258,0.00565884242104517,0,0,0,0.00282942121052258,0,0,0,0,0,0,0,0,0,0,0,0,0,0,0,0,0,0,0,0,0,0,0,0,0,0,0,0,0,0,0,0,0,0,0,0,0,0,0,0,0,0,0,0,0,0,0,0,0,0,0,0,0,0,0,0,0,0,0,0,0,0,0,0,0,0,0,0,0,0,0,0,0,0,0,0,0,0,0,0,0,0,0,0,0.00282942121052258,0,0,0,0,0,0,0.00282942121052258,0.00141471060526129,0,0,0,0.00565884242104517,0,0,0,0,0,0,0,0,0,0,0,0,0,0,0,0,0,0,0,0,0,0,0.00141471060526129,0,0,0,0,0,0,0,0,0,0,0,0,0,0,0,0,0,0,0,0,0,0,0,0,0,0,0.00141471060526129,0,0,0,0,0,0,0,0,0,0.00141471060526129,0,0,0,0,0.0141471060526129,0,0,0.551737136051904,0,0,0,0,0,0,0,0,0,0,0,0,0,0,0,0,0,0,0,0,0,0,0,0,0,0,0,0,0,0,0,0,0,0,0,0,0,0,0,0.00424413181578388,0,0,0,0,0,0,0,0,0,0,0,0,0,0,0,0,0,0,0,0,0,0,0,0,0,0,0,0,0,0,0,0,0,0,0,0,0.0268795014999645,0,0.00565884242104517,0,0,0,0,0,0,0,0,0,0,0,0,0,0,0,0,0,0,0,0,0.0226353696841807,0,0.00141471060526129,0,0,0,0,0,0,0,0,0,0,0,0.00141471060526129,0,0,0,0,0,0,0,0,0,0,0.311236333157484,0,0,0,0,0,0,0,0,0,0,0,0,0,0,0,0,0,0,0,0.265455166202745,0,0,0,0,0,0,0,0,0,0,0,0,0,0,0,0,0,0,0,0,0,0,0,0,0,0,0,0,0,0,1.86607685329112,0,0,0,0,0,0,0,0,0,0,0,0,0,0,0,0,0,0,0,0,0,0,0,0,0,0.226940929659684,0,0,0,0,0.139765710099286,0,0,0,0,0,0,0,0,0,0,0,0,0,0,0,0,0,0,0,0,0,0,0,0,0,0,0,0,3.34605358805495,0,0,0,0.169003725511607,0,0,0,0,0.0335499352469407,0,0,0,0,0,0,0,0.386659158806159,0,0,0,0,0.657356600419501,0.0904884270890254,0,0,0,0,0,0,0,0,0,0,0,0,0,0,0,0,0,0,0,0,0,0,0,0,0,0,0,0,0,0,0,0.290877131491563,0,0,0,0,0,0,0,0,0.13736754578793,0,0,0,0.042218341214064,0,0,0,0,0,0,0.38005342333964,0,0,0,0,0,0,0,0.262307328548315,0,0,0,0,0,0,0,0,0,0,0,0,0,0,0,0,0,0,0,0,0,0,0,0,0,0,0,0,0,0,0,0,0,0,0,0,0,0.859265042126488,0,0.530484714218105,0,0,0.39761854694495,0,0,0,0,0,0,0,0,0,0,0,0,0,0,0,0,0,0,0,0,0,0,0,0,0,0,0,0.0697053179336704,0,0,0,0,0,0,0,0,0,0,0,0,0,0,0,0,0,0,0.0873760637574506,0,0,0,0,0,0,0,0,0,0.0284587290115296,0,0,0,0,0,0,0,0,0.278148751591895,0,0,0,0,0,0,0,0,0,0,0,0,0,0,0,0,0.110090374293405,0,0,0,0,0,0,0,0,0,0,0,0,0,0.198177188658939,0,0,0,0,0,0,0,0,0,0,0,0,0,0,0,14.354556279103,0,0,0.00840282588814554,0.0182253729871871,0,0,0,0.0037583686490846,0,0,0,0,0,0,0,0,0,0,0,0,0,0,0,0,0,0,0,0,0,0,0,0,0,0,0,0,0,0,0,0,0,0,0,0,0,0,0,0,0,0,0,0,0,0,0,0,0,0,0,0,0,0,0,0,0,0,0,0,0,0,0,0,0,0,0,0,0,0,0,0,0,0,0,0,0,0,0,0,0,0,0,0,0.237224219955786,0,0,0,0,0,0,0.0326275040375129,0.0891549587313434,0,0,0,0.837612968526088,0,0,0,0,0,0,0,0,0,0,0,0,0,0,0,0,0,0,0,0,0,0,0.00658183988363104,0,0,0,0,0,0,0,0,0,0,0,0,0,0,0,0,0,0,0,0,0,0,0,0,0,0,0.0112220284539084,0,0,0,0,0,0,0,0,0,0.00510314409529853,0,0,0,0,0.116950737460175,0,0,2.8158463549098,0,0,0,0,0,0,0,0,0,0,0,0,0,0,0,0,0,0,0,0,0,0,0,0,0,0,0,0,0,0,0,0,0,0,0,0,0,0,0,1.60604767269662,0,0,0,0,0,0,0,0,0,0,0,0,0,0,0,0,0,0,0,0,0,0,0,0,0,0,0,0,0,0,0,0,0,0,0,0,0.1190294349798,0,0.0145107217163385,0,0,0,0,0,0,0,0,0,0,0,0,0,0,0,0,0,0,0,0,0.208295001747823,0,0.033980216969892,0,0,0,0,0,0,0,0,0,0,0,0.0898895883693792,0,0,0,0,0,170.7856029,197.5828035,208.2431037,172.3173029,184.3944032,166.1671029,188.0217032,169.3881029,180.5845032,157.9397027,178.5711031,"WAK-00065"
"29",1808,"nSPC",2009,"PRIAs","Pacific Remote Island Areas","Wake","Wake",2009,"ForereefDeep","Wake","2009-03-26","Forereef","Deep",19.28716,166.612566,27,NA,NA,NA,NA,NA,NA,NA,0,NA,NA,NA,NA,4,2,5.00283763867795,7.94870260624274,8.95198903653939,9.38614169570535,31.2896709771654,6.53149240502381,0,0,0,0,0,0.00141471060526129,0,0,0,0,0,0,0,0,0,0,0,0,0,0.00848826363156775,0.00282942121052258,0,0,0,0,0.00141471060526129,0,0,0,0,0,0,0,0,0,0,0,0,0,0,0,0,0,0,0,0,0,0,0,0,0,0,0,0,0,0,0.00565884242104517,0,0,0,0,0,0,0,0,0,0,0,0,0,0,0,0,0.00141471060526129,0,0,0,0,0,0,0,0,0,0,0,0,0,0,0,0,0,0,0,0,0,0,0,0,0,0,0,0,0,0,0,0,0,0,0,0,0,0,0,0,0,0,0.00707355302630646,0,0,0,0.0155618166578742,0,0,0,0,0.00990297423682904,0,0.00282942121052258,0,0,0,0,0,0.00141471060526129,0,0,0,0,1.48544613552436,0.162691719605049,0,0,0,0,0,0,0,0,0,0,0,0,0,0,0,0,0,0,0,0,0,0,0,0,0,0,0,0,0,0,0,0.00141471060526129,0,0,0,0,0,0,0,0,0.00282942121052258,0,0,0,0.0169765272631355,0,0,0,0,0,0,0.00565884242104517,0,0,0,0,0,0,0,0,0,0.00565884242104517,0,0,0,0,0,0,0,0,0,0,0,0,0,0,0,0,0,0,0,0,0,0,0,0,0,0.00424413181578388,0,0,0,0,0,0,0,0,0,0.0183912378683968,0,0,0,0,0,0,0,0,0,0,0,0,0,0,0,0,0,0,0,0,0,0,0,0,0,0,0,0,0,0,0,0,0,0,0.00141471060526129,0,0,0,0,0,0,0,0,0,0,0,0,0,0,0,0,0.00282942121052258,0.00282942121052258,0,0,0,0,0,0,0,0,0.00424413181578388,0,0,0,0,0,0,0,0,0,0,0,0,0,0,0,0,0,0,0,0,0,0,0,0,0,0,0,0,0,0,0,0,0,0,0,0,0,0,0,0.0226353696841807,0,0,0,0,0,0,0,0,0,0,0,0,0,0,0,0,0,0,0,0.00141471060526129,0,0,0,0.00424413181578388,0,0,0,0,0,0,0,0,0,0,0,0,0,0.00565884242104517,0,0,0,0,0,0,0,0,0,0,0,0,0,0,0,0,0.00141471060526129,0.00141471060526129,0,0,0,0,0,0,0,0.00282942121052258,0,0,0,0,0,0,0,0,0,0,0,0,0,0,0,0,0,0,0,0,0.00141471060526129,0,0,0.00424413181578388,0,0,0,0,0,0,0,0,0,0,0,0,0,0,0,0,0,0,0,0,0.00424413181578388,0.00141471060526129,0,0,0,0,0,0.00707355302630646,0.00141471060526129,0,0,0,0.00282942121052258,0,0,0,0,0,0,0,0,0,0,0,0,0,0,0,0,0,0,0,0,0,0,0,0.00282942121052258,0,0,0,0,0,0,0,0,0,0,0,0,0,0,0,0,0,0,0,0,0,0,0,0,0,0.00141471060526129,0.00282942121052258,0,0,0,0,0,0,0,0,0.00141471060526129,0,0,0,0,0.0141471060526129,0,0,0.669158116288591,0,0.00424413181578388,0,0,0,0,0,0,0,0,0,0,0,0,0,0,0,0,0,0,0,0,0,0,0,0,0,0,0,0,0.00282942121052258,0.00424413181578388,0,0,0,0,0,0,0,0.0113176848420903,0,0,0,0,0,0,0,0,0,0,0,0,0,0,0,0,0,0,0,0,0,0,0,0,0,0,0,0,0,0,0,0,0,0,0,0,0,0,0.00707355302630646,0,0,0,0.00141471060526129,0,0,0,0,0,0,0,0,0,0,0,0,0,0,0,0,0.00141471060526129,0,0,0,0,0,0,0,0,0,0,0,0,0,0,0,0.00424413181578388,0,0,0,0,0,0,0,0,0.0970491475209246,0,0,0,0,0,0,0,0,0,0,0,0,0,0.257595036019852,0.294314404676918,0,0,0,0,0.0110822769973749,0,0,0,0,0,0,0,0,0,0,0,0,0,0,0,0,0,0,0,0,0,0,0,0,0,0,0,0,0,0,1.49559173262999,0,0,0,0,0,0,0,0,0,0,0,0,0,0,0,0,0.906472866143535,0,0,0,0,0,0,0,0,0,0,0,0,0,0,0,0,0,0,0,0,0,0,0,0,0,0,0,0,0,0,0,0,0,0,0,0,0,0,0,0,0,0,1.98959130580193,0,0,0,0.103932558708885,0,0,0,0,0.0206762253323133,0,0.013338272285034,0,0,0,0,0,0.103360890113822,0,0,0,0,1.40614453254643,0.0548674287591513,0,0,0,0,0,0,0,0,0,0,0,0,0,0,0,0,0,0,0,0,0,0,0,0,0,0,0,0,0,0,0,0.111765839077458,0,0,0,0,0,0,0,0,0.0177530296718342,0,0,0,0.200559121867523,0,0,0,0,0,0,2.54307230899741,0,0,0,0,0,0,0,0,0,0.222141222707687,0,0,0,0,0,0,0,0,0,0,0,0,0,0,0,0,0,0,0,0,0,0,0,0,0,2.19201709060665,0,0,0,0,0,0,0,0,0,0.811757758054311,0,0,0,0,0,0,0,0,0,0,0,0,0,0,0,0,0,0,0,0,0,0,0,0,0,0,0,0,0,0,0,0,0,0,0.326531372414708,0,0,0,0,0,0,0,0,0,0,0,0,0,0,0,0,0.0970491475209246,0.227716346096794,0,0,0,0,0,0,0,0,0.108828944888213,0,0,0,0,0,0,0,0,0,0,0,0,0,0,0,0,0,0,0,0,0,0,0,0,0,0,0,0,0,0,0,0,0,0,0,0,0,0,0,1.87310343792533,0,0,0,0,0,0,0,0,0,0,0,0,0,0,0,0,0,0,0,0.00270380704112285,0,0,0,0.00662677585551328,0,0,0,0,0,0,0,0,0,0,0,0,0,1.21778505859315,0,0,0,0,0,0,0,0,0,0,0,0,0,0,0,0,0.124143486301163,0.431578055689724,0,0,0,0,0,0,0,0.907762092034013,0,0,0,0,0,0,0,0,0,0,0,0,0,0,0,0,0,0,0,0,0.6806879313896,0,0,0.0189334131117572,0,0,0,0,0,0,0,0,0,0,0,0,0,0,0,0,0,0,0,0,0.130129240721113,0.0102173073532955,0,0,0,0,0,0.322621397186384,0.0550702060811788,0,0,0,0.817352035125323,0,0,0,0,0,0,0,0,0,0,0,0,0,0,0,0,0,0,0,0,0,0,0,0.0415041135640949,0,0,0,0,0,0,0,0,0,0,0,0,0,0,0,0,0,0,0,0,0,0,0,0,0,0.0112220284539084,0.268100716884187,0,0,0,0,0,0,0,0,0.00295320838848295,0,0,0,0,0.0813321466388563,0,0,3.40142843330352,0,0.00782853741245128,0,0,0,0,0,0,0,0,0,0,0,0,0,0,0,0,0,0,0,0,0,0,0,0,0,0,0,0,1.51352583272937,1.38700095157816,0,0,0,0,0,0,0,3.9884200960264,0,0,0,0,0,0,0,0,0,0,0,0,0,0,0,0,0,0,0,0,0,0,0,0,0,0,0,0,0,0,0,0,0,0,0,0,0,0,0.0342240200045808,0,0,0,0.0528037903992567,0,0,0,0,0,0,0,0,0,0,0,0,0,0,0,0,0.0103118020349132,0,0,0,0,0,0,0,0,0,0,0,0,0,0,0,0.277092195898918,0,0,0,10.05490018,6.32120009,10.12780019,3.572400074,9.005800157,3.917900064,2.506100046,5.764400105,0.886600016,8.980800161,9.477500156,"WAK-00066"
"30",2001,"nSPC",2010,"PRIAs","Pacific Remote Island Areas","Johnston","Johnston",2010,"LagoonMid","Johnston","2010-01-24","Lagoon","Mid",16.72178,-169.51051,11.5,27.5,0,2.5,5,45,20,NA,0,3.75,NA,NA,NA,4,2,0,0,23.9488381662904,2.92267863888019,26.8715168051706,15.4041004226083,0,0,0,0,0,0.00424413181578388,0,0,0,0,0,0,0,0,0,0,0,0.00282942121052258,0,0.00848826363156775,0,0.00424413181578388,0,0,0,0,0.00141471060526129,0,0,0,0,0,0,0,0,0,0,0,0,0,0,0,0,0,0,0,0,0,0,0,0,0,0,0,0,0,0,0,0,0,0,0,0,0,0,0,0,0,0,0,0,0,0,0,0,0,0,0,0,0,0,0,0,0,0,0,0,0,0,0,0,0,0,0,0,0,0,0,0,0,0,0,0,0,0,0,0,0,0,0,0,0,0,0,0,0,0,0,0,0,0,0,0,0,0,0,0,0,0,0,0,0,0,0,0,0,0,0,0,0,0,0,0,0,0.00707355302630646,0,0,0,0,0,0.00282942121052258,0,0,0,0,0,0,0,0,0,0,0,0,0,0,0,0,0,0,0,0.00565884242104517,0,0,0,0,0,0,0,0,0,0,0,0,0,0,0,0,0,0,0,0,0.0551737136051904,0,0,0,0,0,0.0127323954473516,0,0,0,0,0.00141471060526129,0,0,0,0,0,0,0,0,0,0,0,0,0,0,0,0,0,0,0,0,0,0,0,0,0,0,0,0,0,0,0,0,0,0,0,0,0,0,0,0,0.024050080289442,0,0,0,0,0,0,0,0,0,0,0,0,0,0,0,0,0,0,0,0,0,0,0,0,0,0,0,0,0.0113176848420903,0,0,0,0,0,0,0,0,0,0,0,0,0,0,0,0,0.00282942121052258,0,0,0,0,0,0,0,0,0,0.00141471060526129,0,0,0,0,0,0,0,0,0,0,0,0,0,0,0,0,0,0,0,0,0,0,0,0,0,0,0,0,0,0,0,0,0,0,0,0,0,0,0,0,0,0,0,0,0,0,0,0,0,0,0,0,0,0,0,0,0,0,0,0,0,0,0,0,0,0,0,0,0,0,0,0,0,0,0,0,0,0,0,0,0,0,0,0,0,0,0,0,0,0,0,0,0,0,0,0,0,0,0,0,0,0,0,0,0,0,0,0,0,0,0,0,0,0,0,0,0,0,0.024050080289442,0,0,0,0,0,0,0,0,0,0,0,0,0,0,0,0,0,0,0,0,0,0,0,0.00141471060526129,0,0,0,0,0,0,0,0,0,0,0,0,0,0,0,0,0,0.00282942121052258,0.00141471060526129,0,0,0,0,0,0.00141471060526129,0,0,0,0,0,0,0,0,0,0,0,0,0,0,0,0,0.00141471060526129,0,0,0,0,0,0,0,0,0,0,0,0,0,0,0,0,0,0,0,0,0,0,0,0,0,0,0,0,0,0,0,0,0,0,0,0,0,0,0,0,0,0,0,0,0,0,0,0,0,0,0,0,0,0,0,0,0,0,0,0,0,0,0,0,0,0,0,0,0,0,0,0,0,0,0,0,0,0,0,0,0,0,0,0,0,0,0,0,0,0,0,0,0,0.0735649514735872,0,0,0,0,0,0,0,0,0,0,0,0,0,0,0,0,0,0,0,0,0,0,0,0,0.00141471060526129,0,0,0,0,0,0,0,0,0,0,0,0,0,0,0,0,0,0,0,0,0,0.00282942121052258,0,0,0,0,0,0,0,0,0,0,0,0,0,0,0,0,0,0,0.0155618166578742,0,0,0.0141471060526129,0,0,0,0,0,0.521674535690101,0,0,0,0,0,0,0,0,0,0,0,0.118235597517149,0,0.340701169928794,0,1.41214926567676,0,0,0,0,0.0724145205763515,0,0,0,0,0,0,0,0,0,0,0,0,0,0,0,0,0,0,0,0,0,0,0,0,0,0,0,0,0,0,0,0,0,0,0,0,0,0,0,0,0,0,0,0,0,0,0,0,0,0,0,0,0,0,0,0,0,0,0,0,0,0,0,0,0,0,0,0,0,0,0,0,0,0,0,0,0,0,0,0,0,0,0,0,0,0,0,0,0,0,0,0,0,0,0,0,0,0,0,0,0,0,0,0,0,0,0,0,0,0,0,0,0,0,0,0,0,0.607696688475916,0,0,0,0,0,0.14339820754503,0,0,0,0,0,0,0,0,0,0,0,0,0,0,0,0,0,0,0,0.281988661853712,0,0,0,0,0,0,0,0,0,0,0,0,0,0,0,0,0,0,0,0,7.3690370667813,0,0,0,0,0,0.692529199518214,0,0,0,0,0.0861028365591886,0,0,0,0,0,0,0,0,0,0,0,0,0,0,0,0,0,0,0,0,0,0,0,0,0,0,0,0,0,0,0,0,0,0,0,0,0,0,0,0,1.51705925870953,0,0,0,0,0,0,0,0,0,0,0,0,0,0,0,0,0,0,0,0,0,0,0,0,0,0,0,0,0.536217573086433,0,0,0,0,0,0,0,0,0,0,0,0,0,0,0,0,0.0611154981472878,0,0,0,0,0,0,0,0,0,0.0619278744962923,0,0,0,0,0,0,0,0,0,0,0,0,0,0,0,0,0,0,0,0,0,0,0,0,0,0,0,0,0,0,0,0,0,0,0,0,0,0,0,0,0,0,0,0,0,0,0,0,0,0,0,0,0,0,0,0,0,0,0,0,0,0,0,0,0,0,0,0,0,0,0,0,0,0,0,0,0,0,0,0,0,0,0,0,0,0,0,0,0,0,0,0,0,0,0,0,0,0,0,0,0,0,0,0,0,0,0,0,0,0,0,0,0,0,0,0,0,0,2.44971197508998,0,0,0,0,0,0,0,0,0,0,0,0,0,0,0,0,0,0,0,0,0,0,0,0.0952886185977734,0,0,0,0,0,0,0,0,0,0,0,0,0,0,0,0,0,0.123290473888352,0.0827106311234199,0,0,0,0,0,0.0109211015080624,0,0,0,0,0,0,0,0,0,0,0,0,0,0,0,0,0.0207520567820475,0,0,0,0,0,0,0,0,0,0,0,0,0,0,0,0,0,0,0,0,0,0,0,0,0,0,0,0,0,0,0,0,0,0,0,0,0,0,0,0,0,0,0,0,0,0,0,0,0,0,0,0,0,0,0,0,0,0,0,0,0,0,0,0,0,0,0,0,0,0,0,0,0,0,0,0,0,0,0,0,0,0,0,0,0,0,0,0,0,0,0,0,0,8.03506335582695,0,0,0,0,0,0,0,0,0,0,0,0,0,0,0,0,0,0,0,0,0,0,0,0,0.0466217879963859,0,0,0,0,0,0,0,0,0,0,0,0,0,0,0,0,0,0,0,0,0,0.0721174293020793,0,0,0,0,0,0,0,0,0,0,0,0,0,0,0,0,0,0,1.0921179971161,0,0,1.0206734233774,0,0,0,0,0,0,0,0,0,0,0,"JOH-00126"
"31",2004,"nSPC",2010,"PRIAs","Pacific Remote Island Areas","Johnston","Johnston",2010,"LagoonMid","Johnston","2010-01-24","Lagoon","Mid",16.70251,-169.53903,17,60,0,0,7.5,27.5,5,NA,0,6,NA,NA,NA,2,1,6.27315370676102,3.90144371086597,35.6511615264611,3.95642032998801,49.7821792740761,4.68141426534733,0,0,0,0,0,0.0141471060526129,0,0,0.0113176848420903,0,0,0,0,0,0,0,0,0,0,0.33953054526271,0,0,0,0,0,0,0,0,0,0,0.00565884242104517,0,0,0,0,0,0,0,0,0,0,0,0,0,0,0,0,0,0,0,0,0,0,0,0,0,0.00565884242104517,0,0,0,0,0,0,0,0,0,0,0,0,0,0,0,0,0,0,0,0,0,0,0,0,0,0,0,0,0,0,0,0,0,0,0,0,0,0,0,0,0,0,0,0,0,0,0,0,0,0,0,0,0,0,0,0,0,0,0,0,0,0,0,0,0,0,0,0,0.0141471060526129,0,0,0,0,0,0,0,0,0,0,0,0,0,0.00282942121052258,0,0,0,0,0.00565884242104517,0,0,0,0,0,0,0,0,0,0,0,0,0,0,0,0,0,0,0,0,0,0,0,0,0,0,0,0,0,0,0,0,0,0,0.0169765272631355,0,0,0,0.00282942121052258,0,0,0,0.00565884242104517,0,0,0,0.0198059484736581,0,0,0,0,0,0.0198059484736581,0,0.00565884242104517,0,0,0.0113176848420903,0,0,0,0,0,0,0,0,0,0,0,0,0,0,0,0,0,0,0,0,0,0,0,0,0,0,0,0,0,0,0,0,0,0,0,0,0,0,0,0,0.101859163578813,0,0,0,0,0,0,0,0,0,0,0,0,0,0,0,0,0,0,0,0,0,0,0,0,0,0,0,0,0,0,0,0,0,0,0,0,0,0,0,0,0,0,0,0,0,0,0,0,0,0,0,0,0,0,0,0,0,0,0,0,0,0,0,0,0,0,0,0,0,0,0,0,0,0,0,0,0,0,0,0,0,0,0,0,0,0,0,0,0,0,0,0,0,0,0,0,0,0,0,0,0,0,0,0,0,0,0,0,0,0,0,0,0,0,0,0,0,0,0,0,0,0,0,0,0,0,0,0,0,0,0,0,0,0,0,0,0,0,0,0,0,0,0,0,0,0,0,0,0,0.0141471060526129,0,0,0,0,0,0,0,0,0,0,0,0,0,0,0,0,0,0,0,0,0,0,0,0,0.0141471060526129,0,0,0,0,0,0,0,0,0,0,0,0,0,0,0,0,0,0,0,0,0,0,0,0.00565884242104517,0,0,0,0,0,0.00565884242104517,0,0,0,0,0,0,0,0,0,0,0,0,0,0,0,0,0,0,0,0,0,0,0,0,0,0,0,0,0,0,0,0,0,0,0,0.0141471060526129,0,0,0,0,0,0,0,0,0,0,0,0,0,0,0,0,0,0,0,0,0,0,0,0,0,0,0,0,0,0,0,0,0,0,0,0,0,0,0,0,0,0,0,0,0,0,0,0,0,0,0,0,0,0,0,0,0,0,0,0,0,0,0,0,0,0,0,0,0,0,0,0,0,0,0,0,0,0,0,0,0,0,0,0,0,0,0,0,0,0,0,0,0,0,0,0,0,0,0,0,0,0,0,0,0,0,0,0,0,0,0,0,0,0,0,0,0,0,0,0,0,0,0,0,0,0,0.00282942121052258,0,0,0,0,0,0,0,0,0,0,0,0,0,0.00565884242104517,0,0,0,0,0,0,0,0,0,0,0,0,0,0,0,0,0,0,0.0962003211577679,0,0,0,0,0,0,0,0,1.88163584052778,0,0,5.91369597202361,0,0,0,0,0,0,0,0,0,0,8.75643605279807,0,0,0,0,0,0,0,0,0,0,0.665267662124123,0,0,0,0,0,0,0,0,0,0,0,0,0,0,0,0,0,0,0,0,0,0,0,0,0,3.17514111468331,0,0,0,0,0,0,0,0,0,0,0,0,0,0,0,0,0,0,0,0,0,0,0,0,0,0,0,0,0,0,0,0,0,0,0,0,0,0,0,0,0,0,0,0,0,0,0,0,0,0,0,0,0,0,0,0,0,0,0,0,0,0,0,0,0,0,0,0,0.0886844874416225,0,0,0,0,0,0,0,0,0,0,0,0,0,0.00213904243515507,0,0,0,0,0.486157350780733,0,0,0,0,0,0,0,0,0,0,0,0,0,0,0,0,0,0,0,0,0,0,0,0,0,0,0,0,0,0,0,0,0,0,0.343054882105236,0,0,0,3.16722241354142,0,0,0,0.119323859908858,0,0,0,1.51419185180591,0,0,0,0,0,0.928787049624009,0,2.78772799048931,0,0,0.410927120782574,0,0,0,0,0,0,0,0,0,0,0,0,0,0,0,0,0,0,0,0,0,0,0,0,0,0,0,0,0,0,0,0,0,0,0,0,0,0,0,0,3.83978488943051,0,0,0,0,0,0,0,0,0,0,0,0,0,0,0,0,0,0,0,0,0,0,0,0,0,0,0,0,0,0,0,0,0,0,0,0,0,0,0,0,0,0,0,0,0,0,0,0,0,0,0,0,0,0,0,0,0,0,0,0,0,0,0,0,0,0,0,0,0,0,0,0,0,0,0,0,0,0,0,0,0,0,0,0,0,0,0,0,0,0,0,0,0,0,0,0,0,0,0,0,0,0,0,0,0,0,0,0,0,0,0,0,0,0,0,0,0,0,0,0,0,0,0,0,0,0,0,0,0,0,0,0,0,0,0,0,0,0,0,0,0,0,0,0,0,0,0,0,0,3.89930466843082,0,0,0,0,0,0,0,0,0,0,0,0,0,0,0,0,0,0,0,0,0,0,0,0,1.78154426303969,0,0,0,0,0,0,0,0,0,0,0,0,0,0,0,0,0,0,0,0,0,0,0,0.381154474391094,0,0,0,0,0,3.09801259207771,0,0,0,0,0,0,0,0,0,0,0,0,0,0,0,0,0,0,0,0,0,0,0,0,0,0,0,0,0,0,0,0,0,0,0,0.294863636311906,0,0,0,0,0,0,0,0,0,0,0,0,0,0,0,0,0,0,0,0,0,0,0,0,0,0,0,0,0,0,0,0,0,0,0,0,0,0,0,0,0,0,0,0,0,0,0,0,0,0,0,0,0,0,0,0,0,0,0,0,0,0,0,0,0,0,0,0,0,0,0,0,0,0,0,0,0,0,0,0,0,0,0,0,0,0,0,0,0,0,0,0,0,0,0,0,0,0,0,0,0,0,0,0,0,0,0,0,0,0,0,0,0,0,0,0,0,0,0,0,0,0,0,0,0,0,0.206264806247096,0,0,0,0,0,0,0,0,0,0,0,0,0,0.120619487712381,0,0,0,0,0,0,0,0,0,0,0,0,0,0,0,0,0,0,5.92023776536321,0,0,0,65.09420119,69.82920123,53.68600097,67.78250116,86.55080148,95.3639017,67.63200117,67.22050125,85.75130149,91.69320156,90.98550152,"JOH-00120"
"32",2007,"nSPC",2010,"PRIAs","Pacific Remote Island Areas","Johnston","Johnston",2010,"ForereefMid","Johnston","2010-01-25","Forereef","Mid",16.77455,-169.50465,13,10,0,3,5,73.25,8.75,NA,0,2.25,NA,NA,NA,4,2,16.5729667961176,25.3549507881021,18.4728387037188,6.52506754958003,66.9258238375185,8.07351608429398,0,0,0,0,0,0.00424413181578388,0,0,0,0,0,0,0,0,0,0,0,0,0,0.0297089227104871,0,0.00282942121052258,0,0,0,0,0,0,0,0,0,0,0,0,0,0,0,0,0,0,0,0,0,0,0,0,0,0,0,0,0,0,0,0,0,0,0.0297089227104871,0,0,0,0,0,0,0,0,0,0,0,0,0,0,0,0,0.00141471060526129,0,0,0,0,0,0,0,0,0,0,0.00282942121052258,0,0,0,0,0,0,0,0,0,0,0,0,0,0,0,0,0,0,0,0,0,0,0,0,0,0,0,0,0,0,0,0,0,0,0,0,0,0,0,0,0.00707355302630646,0,0,0,0,0.00141471060526129,0,0,0,0,0,0,0,0.192400642315536,0.0452707393683613,0,0,0,0,0.00141471060526129,0,0,0,0,0,0,0,0,0,0,0,0,0,0,0,0,0,0,0,0,0,0,0,0,0,0,0,0,0,0,0,0,0,0,0.00565884242104517,0,0,0,0.00141471060526129,0,0,0,0.00141471060526129,0,0,0,0.0466854499736226,0,0,0,0,0,0.00424413181578388,0,0.00282942121052258,0,0,0,0,0.00707355302630646,0,0,0,0,0,0,0,0,0,0,0,0,0,0,0,0,0,0,0,0,0,0,0,0,0,0,0,0,0.00424413181578388,0,0,0,0,0,0.00282942121052258,0,0,0,0.0565884242104517,0,0,0.00848826363156775,0,0,0,0,0,0,0,0,0,0,0,0,0,0,0,0,0,0,0,0,0,0,0,0,0,0.00282942121052258,0,0,0,0,0,0,0,0,0,0,0,0,0,0,0,0,0.00565884242104517,0,0,0,0,0,0,0,0,0,0.00141471060526129,0,0,0,0,0,0,0,0,0,0,0,0,0,0,0,0,0,0,0,0,0,0,0,0,0,0.0127323954473516,0,0,0,0,0,0,0,0,0,0,0,0,0,0.107518005999858,0,0,0,0,0,0,0,0,0,0,0,0,0,0,0,0,0,0,0,0,0,0,0.00141471060526129,0,0,0,0,0,0,0,0,0,0,0,0,0,0,0,0,0,0,0,0,0,0,0,0,0,0,0,0,0,0,0.00141471060526129,0.00424413181578388,0,0,0,0,0,0.033953054526271,0,0.0424413181578388,0.0749796620788485,0,0,0,0,0,0,0,0,0,0,0,0,0,0,0.0198059484736581,0,0,0,0,0,0,0,0,0,0,0,0,0.024050080289442,0,0,0,0,0,0,0,0,0,0,0,0,0,0,0,0,0.00282942121052258,0,0,0,0,0,0.00141471060526129,0,0,0,0.00424413181578388,0,0.00424413181578388,0,0,0,0,0,0,0,0,0,0,0,0,0,0,0,0,0,0,0,0,0,0,0.0113176848420903,0.00141471060526129,0,0,0,0,0,0,0,0,0,0,0,0,0,0,0,0,0,0,0,0,0,0,0,0,0,0,0,0,0,0,0,0,0,0,0,0,0,0,0,0,0.00565884242104517,0,0,0,0,0,0,0,0,0,0,0,0,0,0,0,0,0,0,0,0,0,0,0,0,0,0,0,0,0,0,0,0,0,0.00141471060526129,0,0,0,0,0,0,0,0,0,0,0,0,0,0,0,0,0,0,0.00141471060526129,0.00565884242104517,0,0,0,0,0,0,0,0,0,0,0,0,0,0,0,0,0,0,0,0,0,0,0,0,0,0,0,0,0,0,0,0.00424413181578388,0,0.00282942121052258,0,0,0,0,0,0,0,0,0,0,0,0.0424413181578388,0,0,0.00141471060526129,0,0.00424413181578388,0,0,0,0,0,0,0,0,0,0,0,0,0.00282942121052258,0.0127323954473516,0,0,0,0,0,0,0,0,0.299847912785131,0,0,0,0,0,0,0,0,0,0,0,0,0,1.04674129831094,0,0.0960530365899824,0,0,0,0,0,0,0,0,0,0,0,0,0,0,0,0,0,0,0,0,0,0,0,0,0,0,0,0,0,0,0,0,0,0,15.1264168337354,0,0,0,0,0,0,0,0,0,0,0,0,0,0,0,0,0.527320922073591,0,0,0,0,0,0,0,0,0,0,0.920707243125859,0,0,0,0,0,0,0,0,0,0,0,0,0,0,0,0,0,0,0,0,0,0,0,0,0,0,0,0,0,0,0,0,0,0,0,0,0,0,0,0,0.031755744511164,0,0,0,0,0.0158723609477438,0,0,0,0,0,0,0,0.178592217981822,0.0169241829707408,0,0,0,0,0.0810725276719731,0,0,0,0,0,0,0,0,0,0,0,0,0,0,0,0,0,0,0,0,0,0,0,0,0,0,0,0,0,0,0,0,0,0,0.127247672515836,0,0,0,0.945687637109321,0,0,0,0.0209771670344623,0,0,0,2.42249671340379,0,0,0,0,0,0.16179714531872,0,0.65470169384376,0,0,0,0,0.205942292390105,0,0,0,0,0,0,0,0,0,0,0,0,0,0,0,0,0,0,0,0,0,0,0,0,0,0,0,0,0.227450097560884,0,0,0,0,0,0.506981907218936,0,0,0,1.64177165740573,0,0,0.174112444980301,0,0,0,0,0,0,0,0,0,0,0,0,0,0,0,0,0,0,0,0,0,0,0,0,0,0.0605906281814214,0,0,0,0,0,0,0,0,0,0,0,0,0,0,0,0,0.122230996294576,0,0,0,0,0,0,0,0,0,0.0520155533945531,0,0,0,0,0,0,0,0,0,0,0,0,0,0,0,0,0,0,0,0,0,0,0,0,0,0.0861192348557364,0,0,0,0,0,0,0,0,0,0,0,0,0,7.73713548515759,0,0,0,0,0,0,0,0,0,0,0,0,0,0,0,0,0,0,0,0,0,0,0.000735826548104429,0,0,0,0,0,0,0,0,0,0,0,0,0,0,0,0,0,0,0,0,0,0,0,0,0,0,0,0,0,0,0.124143486301163,0.336462231489151,0,0,0,0,0,1.47501591915505,0,4.74945122206363,12.1330403414959,0,0,0,0,0,0,0,0,0,0,0,0,0,0,5.13386220968712,0,0,0,0,0,0,0,0,0,0,0,0,0.0356091147607899,0,0,0,0,0,0,0,0,0,0,0,0,0,0,0,0,0.445583929667153,0,0,0,0,0,0.473645110641481,0,0,0,0.229770363308757,0,0.199573175747455,0,0,0,0,0,0,0,0,0,0,0,0,0,0,0,0,0,0,0,0,0,0,0.0177839051997805,0.00156542958589552,0,0,0,0,0,0,0,0,0,0,0,0,0,0,0,0,0,0,0,0,0,0,0,0,0,0,0,0,0,0,0,0,0,0,0,0,0,0,0,0,0.0328100920101295,0,0,0,0,0,0,0,0,0,0,0,0,0,0,0,0,0,0,0,0,0,0,0,0,0,0,0,0,0,0,0,0,0,1.24161329732826,0,0,0,0,0,0,0,0,0,0,0,0,0,0,0,0,0,0,0.16195197990282,4.54337975387805,0,0,0,0,0,0,0,0,0,0,0,0,0,0,0,0,0,0,0,0,0,0,0,0,0,0,0,0,0,0,0,0.196608557539825,0,0.845330743196189,0,0,0,0,0,0,0,0,0,0,0,0.12787001579193,0,0,0.0142076564521055,0,0.0125852655444045,0,0,0,0,0,0,0,0,0,0,0,0,0.269389036218116,0.635272566635115,0,0,0,144.0474025,162.5581027,181.9323031,163.3085028,115.108502,121.606202,116.2971019,139.7816025,132.7812023,109.4755019,126.8474023,"JOH-00106"
"33",2010,"nSPC",2010,"PRIAs","Pacific Remote Island Areas","Johnston","Johnston",2010,"ForereefDeep","Johnston","2010-01-25","Forereef","Deep",16.76768,-169.52347,24,6,0,4,3.5,79,7.5,NA,0,1.5,NA,NA,NA,2,1,0.802079449648228,0.823102201755425,13.0222866797543,8.47506736233141,23.1225356934893,1.50982544450879,0,0,0,0,0,0,0,0,0,0,0,0,0,0,0,0,0,0,0,0.067906109052542,0,0,0,0,0,0,0,0,0,0,0,0,0,0,0,0,0,0,0,0,0,0,0,0,0,0,0,0,0,0,0,0,0,0,0,0,0,0,0,0,0,0,0,0,0,0,0,0,0,0,0,0,0,0,0,0,0,0,0,0,0,0,0,0,0.00565884242104517,0,0,0,0,0,0,0,0,0,0,0,0,0,0,0,0,0,0.00282942121052258,0,0,0,0,0,0,0,0,0,0,0,0,0,0,0,0,0,0,0,0,0,0,0.0707355302630646,0,0,0,0,0.00282942121052258,0,0,0,0,0,0,0,0.424413181578388,0.311236333157484,0,0,0,0,0.00282942121052258,0,0,0,0,0,0,0,0,0,0,0,0,0,0,0,0,0,0,0,0,0,0,0,0,0,0,0,0,0,0,0,0,0,0,0.00565884242104517,0,0,0,0.00282942121052258,0,0,0,0,0,0,0,0.0113176848420903,0,0,0,0,0,0,0,0,0,0,0,0,0.00282942121052258,0,0,0,0,0,0,0,0,0,0,0,0,0,0,0,0,0,0,0,0,0,0,0,0,0,0,0,0,0.00282942121052258,0,0,0,0,0,0,0,0,0,0.0424413181578388,0,0,0,0,0,0,0,0,0,0,0,0,0,0,0,0,0,0,0,0,0,0,0,0,0,0,0,0,0.00282942121052258,0,0,0,0,0,0,0,0,0,0,0,0,0,0,0,0,0.00848826363156775,0,0,0,0,0,0,0,0,0,0,0,0,0,0,0,0,0,0,0,0,0,0,0,0,0,0,0,0,0,0,0,0,0,0,0,0.0254647908947033,0,0,0,0,0,0,0,0,0,0,0,0,0,0,0,0,0,0,0,0,0,0,0,0,0,0,0,0,0,0,0,0,0,0,0,0,0.00282942121052258,0,0,0,0,0,0,0,0,0,0,0,0,0,0,0,0,0,0,0,0,0,0,0,0,0,0,0,0,0,0,0,0.033953054526271,0,0,0,0,0,0.00282942121052258,0,0,0,0,0,0,0,0,0,0,0,0,0,0,0,0,0,0.0113176848420903,0,0,0,0,0,0,0,0,0,0,0,0,0.0509295817894065,0,0,0,0,0,0,0,0,0,0,0,0,0,0,0,0,0.00282942121052258,0,0,0,0,0,0,0.00282942121052258,0,0,0,0,0.00565884242104517,0,0,0,0,0,0,0,0,0,0,0,0,0,0,0,0,0,0,0,0,0,0,0,0.00282942121052258,0,0,0,0,0,0,0,0,0,0,0,0,0,0,0,0,0,0,0,0,0,0,0,0,0,0,0,0,0,0.00282942121052258,0,0,0.0141471060526129,0,0,0,0,0,0,0,0.0113176848420903,0,0,0,0,0,0,0,0,0,0,0,0,0,0,0,0,0,0,0,0,0,0,0,0,0,0,0,0,0,0,0,0,0,0.00282942121052258,0,0,0,0,0,0,0,0,0,0,0,0,0,0,0,0,0,0,0,0,0,0,0,0,0,0,0,0,0,0,0,0,0,0,0,0,0,0,0,0,0,0,0,0,0,0,0,0,0,0,0,0.00848826363156775,0,0,0,0,0,0,0,0,0,0,0,0,0,0.0141471060526129,0,0,0.00282942121052258,0,0,0,0,0,0,0,0,0,0,0,0,0,0,0,0,0,0,0,0,0,0,0,0,0,0,0,0,0,0,0,0,0,0,0,0,0,0,2.09670876752229,0,0,0,0,0,0,0,0,0,0,0,0,0,0,0,0,0,0,0,0,0,0,0,0,0,0,0,0,0,0,0,0,0,0,0,0,0,0,0,0,0,0,0,0,0,0,0,0,0,0,0,0,0,0,0,0,0,0,0,0,0,0,0,0,4.67115994844503,0,0,0,0,0,0,0,0,0,0,0,0,0,0,0,0,0,0.0112604776697079,0,0,0,0,0,0,0,0,0,0,0,0,0,0,0,0,0,0,0,0,0,0,0.19980505800594,0,0,0,0,0.0317447218954876,0,0,0,0,0,0,0,0.633266908233112,0.140374659807052,0,0,0,0,0.162145055343946,0,0,0,0,0,0,0,0,0,0,0,0,0,0,0,0,0,0,0,0,0,0,0,0,0,0,0,0,0,0,0,0,0,0,0.165935807958107,0,0,0,0.901878010854074,0,0,0,0,0,0,0,0.607947433654712,0,0,0,0,0,0,0,0,0,0,0,0,0.0162718058579526,0,0,0,0,0,0,0,0,0,0,0,0,0,0,0,0,0,0,0,0,0,0,0,0,0,0,0,0,0.0105783570797808,0,0,0,0,0,0,0,0,0,1.56290437058362,0,0,0,0,0,0,0,0,0,0,0,0,0,0,0,0,0,0,0,0,0,0,0,0,0,0,0,0,0.0987593485969018,0,0,0,0,0,0,0,0,0,0,0,0,0,0,0,0,0.0423705826275757,0,0,0,0,0,0,0,0,0,0,0,0,0,0,0,0,0,0,0,0,0,0,0,0,0,0,0,0,0,0,0,0,0,0,0,0.199784582848636,0,0,0,0,0,0,0,0,0,0,0,0,0,0,0,0,0,0,0,0,0,0,0,0,0,0,0,0,0,0,0,0,0,0,0,0,0.00897555647300519,0,0,0,0,0,0,0,0,0,0,0,0,0,0,0,0,0,0,0,0,0,0,0,0,0,0,0,0,0,0,0,2.18201544554924,0,0,0,0,0,0.0984573053481269,0,0,0,0,0,0,0,0,0,0,0,0,0,0,0,0,0,5.4280223940192,0,0,0,0,0,0,0,0,0,0,0,0,0.0331888278573089,0,0,0,0,0,0,0,0,0,0,0,0,0,0,0,0,0.660634088772922,0,0,0,0,0,0,0.141445360875306,0,0,0,0,0.203758053706007,0,0,0,0,0,0,0,0,0,0,0,0,0,0,0,0,0,0,0,0,0,0,0,0.0291932443545248,0,0,0,0,0,0,0,0,0,0,0,0,0,0,0,0,0,0,0,0,0,0,0,0,0,0,0,0,0,0.0224440569078167,0,0,0.0335022714363376,0,0,0,0,0,0,0,0.0726138771769284,0,0,0,0,0,0,0,0,0,0,0,0,0,0,0,0,0,0,0,0,0,0,0,0,0,0,0,0,0,0,0,0,0,1.40625826774346,0,0,0,0,0,0,0,0,0,0,0,0,0,0,0,0,0,0,0,0,0,0,0,0,0,0,0,0,0,0,0,0,0,0,0,0,0,0,0,0,0,0,0,0,0,0,0,0,0,0,0,0.94551787183669,0,0,0,0,0,0,0,0,0,0,0,0,0,0.206069884359664,0,0,0.0975432900888749,0,0,0,0,0,0,0,0,0,0,0,0,0,0,0,0,0,0,0,151.5586027,165.1302027,190.7105033,165.1304028,119.1056021,124.1948021,120.439302,144.2314026,138.6056024,113.964002,129.3264023,"JOH-00112"
"34",2011,"nSPC",2010,"PRIAs","Pacific Remote Island Areas","Johnston","Johnston",2010,"ForereefDeep","Johnston","2010-01-24","Forereef","Deep",16.7124,-169.56126,20,16.25,0,2.5,16.25,52.5,12.5,NA,0,2,NA,NA,NA,4,2,12.5234846009384,13.188271658637,28.9854573935169,5.00390060015069,59.7011142532431,1.0023790911317,0,0,0,0,0,0.0169765272631355,0,0,0,0,0,0,0,0,0,0,0,0.0268795014999645,0,0.0905414787367227,0,0.00141471060526129,0,0,0,0,0.00282942121052258,0,0,0,0,0,0,0,0,0,0,0,0,0,0,0,0,0,0,0,0,0,0,0,0,0,0,0,0,0,0.0226353696841807,0,0,0,0,0,0,0,0.00141471060526129,0,0,0,0,0,0,0,0,0.00282942121052258,0,0,0,0,0,0,0,0,0,0,0,0,0,0,0,0,0,0,0,0,0,0,0,0,0,0,0,0,0,0,0,0,0,0,0,0,0,0,0,0,0,0,0,0,0,0,0,0,0,0,0,0.0282942121052258,0,0,0,0,0.00141471060526129,0,0,0,0,0,0,0,0.396118969473162,0.0721502408683259,0,0,0,0,0,0,0,0,0,0,0,0,0,0,0,0,0,0,0,0,0,0,0,0,0,0,0,0,0,0,0,0,0,0,0,0,0,0,0,0,0,0,0,0,0,0,0,0,0,0,0,0.00424413181578388,0,0,0,0,0,0,0,0,0,0,0,0,0,0,0,0,0,0,0,0,0,0,0,0,0,0,0,0,0,0,0,0,0,0,0,0,0,0,0,0,0,0.00424413181578388,0,0,0,0,0,0.0226353696841807,0,0,0,0.0622472666314969,0,0,0,0,0,0,0,0,0,0,0,0,0,0,0,0,0,0,0,0,0,0,0,0,0,0,0,0,0.00848826363156775,0,0,0,0,0,0,0,0,0,0,0,0,0,0,0.00141471060526129,0,0.00565884242104517,0,0,0,0,0,0,0,0,0,0,0,0,0,0,0,0,0,0,0,0,0,0,0,0,0,0,0,0,0,0,0,0,0,0,0,0,0,0,0,0,0,0,0,0,0,0,0,0,0,0.0565884242104517,0,0,0,0,0,0,0,0,0,0,0,0,0,0,0,0,0,0,0,0,0,0,0,0,0,0,0,0,0,0,0,0,0,0,0,0,0,0,0,0,0,0,0,0,0,0,0,0,0,0,0,0,0,0.0565884242104517,0.0127323954473516,0,0,0.0155618166578742,0,0,0,0,0,0.0254647908947033,0,0,0,0,0,0,0,0,0,0,0,0,0,0,0.0311236333157484,0,0,0,0,0,0,0,0,0,0,0,0,0.00707355302630646,0,0,0.00141471060526129,0,0,0,0,0,0,0,0,0,0,0,0,0,0.00565884242104517,0,0,0,0,0,0,0.00141471060526129,0,0,0.00424413181578388,0,0.00282942121052258,0,0,0,0,0,0,0.00141471060526129,0,0,0,0,0,0,0,0,0,0,0,0,0,0,0,0,0,0,0,0,0,0,0,0,0,0,0,0,0,0,0,0,0,0,0,0,0,0,0,0,0,0,0,0,0,0,0,0,0,0,0,0,0,0,0,0,0,0,0,0,0,0,0,0,0,0,0,0,0,0,0,0,0,0,0,0,0,0,0,0,0,0,0,0,0,0,0,0,0,0,0,0.00141471060526129,0.00141471060526129,0,0,0,0,0,0.00141471060526129,0,0,0,0,0,0,0,0,0,0,0,0.00141471060526129,0,0,0,0,0,0,0,0,0,0,0,0,0,0,0,0,0,0,0,0,0,0,0,0,0,0,0,0,0,0,0,0,0.00565884242104517,0,0,0,0,0,0,0,0,0,0,0,0.00141471060526129,0,0.00282942121052258,0,0,0,0,0,0,0,0,0,0,0,0,0,0,0,0,0,0.00141471060526129,0.0155618166578742,0,0,0.00707355302630646,0,0,0,0,0,1.78681486221014,0,0,0,0,0,0,0,0,0,0,0,0.987764994963318,0,8.88430853239176,0,0.134195294044063,0,0,0,0,0.238524694888468,0,0,0,0,0,0,0,0,0,0,0,0,0,0,0,0,0,0,0,0,0,0,0,0,0,0,0,0,0,6.62880337977744,0,0,0,0,0,0,0,4.09560029857126,0,0,0,0,0,0,0,0,0.555684204408885,0,0,0,0,0,0,0,0,0,0,0,0,0,0,0,0,0,0,0,0,0,0,0,0,0,0,0,0,0,0,0,0,0,0,0,0,0,0,0,0,0,0,0,0,0,0,0,0,0,0,0,0.234770487819385,0,0,0,0,0.0223916851265252,0,0,0,0,0,0,0,0.41773716223216,0.0329174863632197,0,0,0,0,0,0,0,0,0,0,0,0,0,0,0,0,0,0,0,0,0,0,0,0,0,0,0,0,0,0,0,0,0,0,0,0,0,0,0,0,0,0,0,0,0,0,0,0,0,0,0,0.487157716881181,0,0,0,0,0,0,0,0,0,0,0,0,0,0,0,0,0,0,0,0,0,0,0,0,0,0,0,0,0,0,0,0,0,0,0,0,0,0,0,0,0,0.309887265124307,0,0,0,0,0,2.88457941733127,0,0,0,3.64535555210703,0,0,0,0,0,0,0,0,0,0,0,0,0,0,0,0,0,0,0,0,0,0,0,0,0,0,0,0,0.378361869475306,0,0,0,0,0,0,0,0,0,0,0,0,0,0,0.185969885936686,0,0.0868985989281749,0,0,0,0,0,0,0,0,0,0,0,0,0,0,0,0,0,0,0,0,0,0,0,0,0,0,0,0,0,0,0,0,0,0,0,0,0,0,0,0,0,0,0,0,0,0,0,0,0,4.12262741485616,0,0,0,0,0,0,0,0,0,0,0,0,0,0,0,0,0,0,0,0,0,0,0,0,0,0,0,0,0,0,0,0,0,0,0,0,0,0,0,0,0,0,0,0,0,0,0,0,0,0,0,0,0,4.47083976638566,2.22211863555263,0,0,0.277946205942911,0,0,0,0,0,4.14003019151729,0,0,0,0,0,0,0,0,0,0,0,0,0,0,5.34106708529487,0,0,0,0,0,0,0,0,0,0,0,0,0.00411963728252088,0,0,0.0923034229278068,0,0,0,0,0,0,0,0,0,0,0,0,0,0.946818061618455,0,0,0,0,0,0,0.110608770625714,0,0,0.333003327617358,0,0.0980763998253532,0,0,0,0,0,0,0.0161849260545451,0,0,0,0,0,0,0,0,0,0,0,0,0,0,0,0,0,0,0,0,0,0,0,0,0,0,0,0,0,0,0,0,0,0,0,0,0,0,0,0,0,0,0,0,0,0,0,0,0,0,0,0,0,0,0,0,0,0,0,0,0,0,0,0,0,0,0,0,0,0,0,0,0,0,0,0,0,0,0,0,0,0,0,0,0,0,0,0,0,0,0,2.49017731677252,0.35249382148084,0,0,0,0,0,0.408318607775882,0,0,0,0,0,0,0,0,0,0,0,0.106902766474635,0,0,0,0,0,0,0,0,0,0,0,0,0,0,0,0,0,0,0,0,0,0,0,0,0,0,0,0,0,0,0,0,0.225546745912566,0,0,0,0,0,0,0,0,0,0,0,0.105706133254285,0,0.0707578014260676,0,0,0,0,0,0,0,0,0,0,0,0,0,0,0,0,0,0.166556765408647,0.675441237500428,0,0,0.925745823155299,130.3720022,146.0221024,163.2169028,161.5793028,101.2000018,110.0835019,111.2531018,123.4445022,127.3115022,111.4724019,120.4511021,"JOH-00110"
"35",2012,"nSPC",2010,"PRIAs","Pacific Remote Island Areas","Johnston","Johnston",2010,"LagoonShallow","Johnston","2010-01-25","Lagoon","Shallow",16.78178,-169.46387,5.5,47.5,0,0,17.5,35,0,NA,0,4,NA,NA,NA,4,2,3.95283323968714,1.27830230018884,11.8122925575928,3.19590583783407,20.2393339353029,1.23720739009874,0,0,0,0,0,0.024050080289442,0,0,0,0,0,0,0,0,0,0,0,0,0,0.0396118969473162,0,0,0,0,0,0,0.0127323954473516,0,0,0,0,0,0,0,0,0,0,0,0,0,0,0,0,0,0,0,0,0,0,0,0,0,0,0,0,0,0.00282942121052258,0,0,0,0,0,0,0,0,0,0,0,0,0,0,0,0,0,0,0,0,0,0,0,0,0,0,0,0,0,0,0,0,0,0,0,0,0,0,0,0,0,0,0,0,0,0,0,0,0,0,0,0,0.00282942121052258,0,0,0,0,0,0,0,0,0,0,0,0,0,0,0,0.00141471060526129,0,0,0,0,0,0,0,0,0,0,0,0,0.00141471060526129,0,0,0,0,0,0.00141471060526129,0,0,0,0,0,0,0,0,0,0.00282942121052258,0,0,0,0,0,0,0,0,0,0,0,0,0,0,0,0.00707355302630646,0,0,0,0,0,0,0,0,0.00424413181578388,0,0,0,0,0,0,0,0,0,0,0,0.0325383439210097,0,0,0,0,0,0.0381971863420549,0,0,0,0,0.00565884242104517,0,0,0,0,0,0,0,0,0,0,0,0,0,0,0,0,0,0,0,0,0,0,0,0,0,0,0,0,0,0,0,0,0,0,0,0,0,0,0,0,0.0947856105525066,0,0,0,0,0,0,0,0,0,0,0,0,0,0,0,0,0,0,0,0,0,0,0,0,0,0,0,0,0.00707355302630646,0,0,0,0,0,0,0,0,0,0,0,0,0,0,0,0,0,0,0,0,0,0,0,0,0,0,0.00848826363156775,0,0,0,0,0,0,0,0,0,0,0,0,0,0,0,0,0,0,0,0,0,0,0,0,0,0,0,0,0,0,0,0,0,0,0,0,0,0,0,0,0,0,0,0,0,0,0,0,0,0,0,0,0,0,0,0,0,0,0,0,0,0,0,0,0,0,0,0,0,0,0,0,0,0,0,0,0,0,0,0,0,0,0,0,0,0,0,0,0,0,0,0,0,0.0127323954473516,0.00141471060526129,0,0,0,0,0,0,0,0,0,0,0,0,0,0,0,0,0,0,0,0,0,0,0,0.00565884242104517,0,0,0,0,0,0,0,0,0,0,0,0,0,0,0,0,0,0,0,0,0,0,0,0,0,0,0,0,0,0.0155618166578742,0,0,0,0,0,0,0,0,0,0.00141471060526129,0,0,0,0,0,0,0,0,0,0,0,0,0,0,0,0,0,0,0,0,0,0,0,0,0,0.0155618166578742,0,0,0,0,0,0,0,0,0,0,0,0,0,0,0,0,0,0,0,0,0,0,0,0,0,0,0,0,0,0,0,0,0,0,0,0,0,0,0,0,0,0,0,0,0,0,0,0,0,0,0,0,0,0,0,0,0,0,0,0,0,0,0,0,0,0,0,0,0,0,0,0,0,0,0,0,0,0,0,0,0,0,0,0,0,0,0,0,0,0,0,0,0,0,0,0,0,0,0,0,0,0,0,0,0,0,0,0,0,0,0,0,0,0,0,0,0,0,0,0,0,0,0,0,0,0,0,0,0,0,0,0,0,0,0,0,0,0,0.00141471060526129,0,0.0127323954473516,0,0,0.00141471060526129,0,0,0,0,0,0,0,0,0,0,0,0,0,0,0.00141471060526129,0.101859163578813,0,0,0.00282942121052258,0,0,0,0,0,1.2069957206438,0,0,0,0,0,0,0,0,0,0,0,0,0,0.941218666191663,0,0,0,0,0,0,0.376783331780648,0,0,0,0,0,0,0,0,0,0,0,0,0,0,0,0,0,0,0,0,0,0,0,0,0,0,0,0,0,1.04719496216061,0,0,0,0,0,0,0,0,0,0,0,0,0,0,0,0,0,0,0,0,0,0,0,0,0,0,0,0,0,0,0,0,0,0,0,0,0,0,0,0,0,0,0,0,0,0,0,0,0,0,0,0,0.0673090638969205,0,0,0,0,0,0,0,0,0,0,0,0,0,0,0,0.00669933480722482,0,0,0,0,0,0,0,0,0,0,0,0,0.000985487407625016,0,0,0,0,0,0.0810725276719731,0,0,0,0,0,0,0,0,0,0.253284327047767,0,0,0,0,0,0,0,0,0,0,0,0,0,0,0,0.302965828888174,0,0,0,0,0,0,0,0,0.0751200650230345,0,0,0,0,0,0,0,0,0,0,0,1.23720739009874,0,0,0,0,0,1.20802394361331,0,0,0,0,0.237312200682348,0,0,0,0,0,0,0,0,0,0,0,0,0,0,0,0,0,0,0,0,0,0,0,0,0,0,0,0,0,0,0,0,0,0,0,0,0,0,0,0,2.60106428346373,0,0,0,0,0,0,0,0,0,0,0,0,0,0,0,0,0,0,0,0,0,0,0,0,0,0,0,0,0.158669825467707,0,0,0,0,0,0,0,0,0,0,0,0,0,0,0,0,0,0,0,0,0,0,0,0,0,0,0.196013740510379,0,0,0,0,0,0,0,0,0,0,0,0,0,0,0,0,0,0,0,0,0,0,0,0,0,0,0,0,0,0,0,0,0,0,0,0,0,0,0,0,0,0,0,0,0,0,0,0,0,0,0,0,0,0,0,0,0,0,0,0,0,0,0,0,0,0,0,0,0,0,0,0,0,0,0,0,0,0,0,0,0,0,0,0,0,0,0,0,0,0,0,0,0,1.27731681278121,0.124143486301163,0,0,0,0,0,0,0,0,0,0,0,0,0,0,0,0,0,0,0,0,0,0,0,0.408542774887704,0,0,0,0,0,0,0,0,0,0,0,0,0,0,0,0,0,0,0,0,0,0,0,0,0,0,0,0,0,2.90563827752654,0,0,0,0,0,0,0,0,0,0.0625591264693369,0,0,0,0,0,0,0,0,0,0,0,0,0,0,0,0,0,0,0,0,0,0,0,0,0,0.143518541897057,0,0,0,0,0,0,0,0,0,0,0,0,0,0,0,0,0,0,0,0,0,0,0,0,0,0,0,0,0,0,0,0,0,0,0,0,0,0,0,0,0,0,0,0,0,0,0,0,0,0,0,0,0,0,0,0,0,0,0,0,0,0,0,0,0,0,0,0,0,0,0,0,0,0,0,0,0,0,0,0,0,0,0,0,0,0,0,0,0,0,0,0,0,0,0,0,0,0,0,0,0,0,0,0,0,0,0,0,0,0,0,0,0,0,0,0,0,0,0,0,0,0,0,0,0,0,0,0,0,0,0,0,0,0,0,0,0,0,0.174859717987096,0,0.192426352561395,0,0,0.031558922926128,0,0,0,0,0,0,0,0,0,0,0,0,0,0,0.0785207170883593,4.56871516513088,0,0,0.273613340390339,0,0,0,0,0,0,0,0,0,0,0,"JOH-00119"
"36",2013,"nSPC",2010,"PRIAs","Pacific Remote Island Areas","Johnston","Johnston",2010,"ForereefMid","Johnston","2010-01-25","Forereef","Mid",16.68651,-169.55745,15,5.75,0,0,6.25,59.25,28.75,NA,0,1,NA,NA,NA,4,2,0.127377006121214,3.65447832329902,47.2416187519288,1.11168565810655,52.1351597394556,6.3365133974899,0,0,0,0,0,0,0,0,0.00141471060526129,0,0,0,0,0,0,0,0,0.00707355302630646,0,0.00990297423682904,0,0.0523442923946678,0,0,0,0,0.00424413181578388,0,0,0,0,0,0,0,0,0,0,0,0,0,0,0,0,0,0,0,0,0,0,0,0,0,0,0,0,0,0,0,0,0,0,0,0,0,0,0,0,0,0,0,0,0,0,0,0,0,0,0,0,0,0,0,0,0,0,0,0,0,0,0,0,0,0,0,0,0,0,0,0,0,0.00141471060526129,0,0.00282942121052258,0,0,0,0,0,0,0,0,0,0,0,0,0,0,0,0,0,0,0,0,0,0,0.00282942121052258,0,0,0,0,0,0,0,0,0,0,0,0,0.103273874184074,0,0,0,0,0,0,0,0,0,0,0,0,0,0,0,0,0,0,0,0,0,0,0,0,0,0,0,0,0,0,0,0,0,0,0,0,0,0,0,0,0,0,0,0,0,0,0,0,0.00141471060526129,0,0,0,0,0,0,0,0,0,0,0,0,0,0,0,0,0,0,0,0,0,0,0,0,0,0,0,0,0,0,0,0,0,0,0,0,0,0,0,0,0,0,0,0,0,0.00141471060526129,0,0,0,0,0,0,0,0,0,0,0,0,0,0,0,0,0,0,0,0,0,0,0,0,0,0,0,0,0,0,0,0,0,0,0,0,0,0,0,0,0,0,0,0,0,0,0,0,0,0,0,0,0,0,0,0,0,0,0,0,0,0,0,0.00141471060526129,0,0,0,0,0,0,0,0,0,0,0,0,0.00141471060526129,0,0,0,0,0,0,0,0,0,0,0,0,0,0,0.0834679257104162,0,0,0,0,0,0,0,0,0,0,0,0,0,0,0,0,0,0,0,0,0,0,0,0,0,0,0,0,0,0,0,0,0,0,0,0,0,0,0,0,0,0,0,0,0,0,0,0,0,0,0,0,0,0,0,0,0,0,0,0,0.0297089227104871,0,0,0,0,0,0,0.0212206590789194,0.00282942121052258,0,0,0,0,0,0,0,0,0,0,0,0,0,0,0,0,0,0,0,0,0,0,0,0,0,0,0,0,0,0,0,0,0,0,0,0,0.00282942121052258,0,0,0,0,0.00282942121052258,0,0,0,0,0.00141471060526129,0,0,0,0,0,0,0,0,0,0,0,0,0,0,0,0,0.00141471060526129,0,0.00848826363156775,0,0,0,0,0,0,0,0,0,0,0,0,0,0,0,0,0,0,0,0,0,0,0.0113176848420903,0,0,0,0,0,0,0,0,0,0,0,0,0,0,0,0,0,0,0,0,0,0,0,0,0,0,0,0,0,0,0,0,0,0.00141471060526129,0,0,0,0,0,0,0,0.00141471060526129,0,0,0,0,0,0,0,0,0,0,0,0,0,0,0,0,0,0,0,0,0,0,0,0,0,0,0,0,0,0,0,0,0,0,0,0,0,0,0,0,0,0,0,0,0,0,0,0,0,0,0,0,0,0.00424413181578388,0,0,0,0,0,0,0,0,0,0,0,0,0,0,0,0,0,0,0,0,0,0,0,0,0,0,0,0,0,0,0,0.00282942121052258,0,0,0,0,0,0,0,0,0,0,0,0,0,0.00565884242104517,0,0,0.00141471060526129,0,0,0,0,0,0,0,0,0,0,0.00282942121052258,0,0,0,0,0.00141471060526129,0,0,0,0,0,0,0,0,0,0,0,2.0484479421558,0,0,0,0,0,0,0,0,1.86434229128083,0,1.53748643502094,0,34.5985891391786,0,0,0,0,0.259383777246694,0,0,0,0,0,0,0,0,0,0,0,0,0,0,0,0,0,0,0,0,0,0,0,0,0,0,0,0,0,0,0,0,0,0,0,0,0,0,0,0,0,0,0,0,0,0,0,0,0,0,0,0,0,0,0,0,0,0,0,0,0,0,0,0,0,0,0,0,0,0,0,0,0,0.183617672059171,0,0.0112604776697079,0,0,0,0,0,0,0,0,0,0,0,0,0,0,0,0,0,0,0,0,0,0,0.00430620002021125,0,0,0,0,0,0,0,0,0,0,0,0,0.130011338739271,0,0,0,0,0,0,0,0,0,0,0,0,0,0,0,0,0,0,0,0,0,0,0,0,0,0,0,0,0,0,0,0,0,0,0,0,0,0,0,0,0,0,0,0,0,0,0,0,0.0088765148359171,0,0,0,0,0,0,0,0,0,0,0,0,0,0,0,0,0,0,0,0,0,0,0,0,0,0,0,0,0,0,0,0,0,0,0,0,0,0,0,0,0,0,0,0,0,0.00789521694584222,0,0,0,0,0,0,0,0,0,0,0,0,0,0,0,0,0,0,0,0,0,0,0,0,0,0,0,0,0,0,0,0,0,0,0,0,0,0,0,0,0,0,0,0,0,0,0,0,0,0,0,0,0,0,0,0,0,0,0,0,0,0,0,0.00141596158420334,0,0,0,0,0,0,0,0,0,0,0,0,0.127377006121214,0,0,0,0,0,0,0,0,0,0,0,0,0,0,0.529641761405751,0,0,0,0,0,0,0,0,0,0,0,0,0,0,0,0,0,0,0,0,0,0,0,0,0,0,0,0,0,0,0,0,0,0,0,0,0,0,0,0,0,0,0,0,0,0,0,0,0,0,0,0,0,0,0,0,0,0,0,0,0.0491938290057156,0,0,0,0,0,0,3.52124851793278,0.387383452121338,0,0,0,0,0,0,0,0,0,0,0,0,0,0,0,0,0,0,0,0,0,0,0,0,0,0,0,0,0,0,0,0,0,0,0,0,0.00321846662696944,0,0,0,0,0.00825894794905605,0,0,0,0,0.0232316533303702,0,0,0,0,0,0,0,0,0,0,0,0,0,0,0,0,0.00465231462913713,0,0.0200660391979052,0,0,0,0,0,0,0,0,0,0,0,0,0,0,0,0,0,0,0,0,0,0,0.0448577656937725,0,0,0,0,0,0,0,0,0,0,0,0,0,0,0,0,0,0,0,0,0,0,0,0,0,0,0,0,0,0,0,0,0,0.00373400227375914,0,0,0,0,0,0,0,0.0200642221720115,0,0,0,0,0,0,0,0,0,0,0,0,0,0,0,0,0,0,0,0,0,0,0,0,0,0,0,0,0,0,0,0,0,0,0,0,0,0,0,0,0,0,0,0,0,0,0,0,0,0,0,0,0,6.3365133974899,0,0,0,0,0,0,0,0,0,0,0,0,0,0,0,0,0,0,0,0,0,0,0,0,0,0,0,0,0,0,0,0.155722289279289,0,0,0,0,0,0,0,0,0,0,0,0,0,0.0314623713995962,0,0,0.0103118020349132,0,0,0,0,0,0,0,0,0,0,0.00868329431014043,0,0,0,0,0.193905639744862,0,0,0,166.9847029,189.9716032,181.3493032,193.9278033,161.8884027,193.9968034,144.8241024,167.7917031,180.5221031,186.4806032,183.1164032,"JOH-00121"
"37",2014,"nSPC",2010,"PRIAs","Pacific Remote Island Areas","Johnston","Johnston",2010,"BackreefShallow","Johnston","2010-01-25","Backreef","Shallow",16.71873,-169.55585,3.5,72.5,0,0,0,18.75,8.75,NA,0,4,NA,NA,NA,4,2,1.85999272056792,1.12942497886393,27.3118386538791,3.87431279800802,34.1755691513189,4.31617916986246,0,0,0,0,0,0,0,0,0,0,0,0,0,0,0,0,0,0.00424413181578388,0,0.237671381683897,0,0.00141471060526129,0,0,0,0,0.0297089227104871,0,0,0,0,0,0,0,0,0,0,0,0,0,0,0,0,0,0,0,0,0,0,0,0,0,0,0,0,0,0,0,0,0,0,0,0,0,0,0,0,0,0,0,0,0,0,0,0,0,0,0,0,0,0,0,0,0,0,0,0,0,0,0,0,0,0,0,0,0,0,0,0,0,0.00424413181578388,0,0,0,0,0,0,0,0,0,0,0,0,0,0,0,0,0,0,0,0,0,0,0,0,0,0,0,0,0,0,0,0,0,0,0,0,0,0,0,0,0,0,0,0.00282942121052258,0,0,0,0,0,0,0,0,0,0.00141471060526129,0,0,0,0,0,0,0,0,0,0,0,0,0,0,0,0.00707355302630646,0,0,0,0,0,0,0,0,0,0,0,0,0,0,0,0,0,0,0,0,0.0282942121052258,0,0,0,0,0,0.0254647908947033,0,0,0,0,0,0,0,0,0,0,0,0,0,0,0,0,0,0,0,0,0,0,0,0,0,0,0,0,0,0,0,0,0,0,0,0.00282942121052258,0,0,0,0,0,0,0,0,0,0.0622472666314969,0,0,0.00424413181578388,0,0,0,0,0,0,0,0,0,0,0,0,0,0,0,0,0,0,0,0,0,0,0,0,0,0.00565884242104517,0,0,0,0,0,0,0,0,0,0,0,0,0,0,0,0,0.00141471060526129,0,0,0,0,0,0,0,0,0,0.00565884242104517,0,0,0,0,0,0,0,0,0,0,0,0,0,0,0,0,0,0,0,0,0,0,0,0,0,0,0,0,0,0,0,0,0,0,0,0,0,0,0,0.0113176848420903,0,0,0,0,0,0,0,0,0,0,0,0,0,0,0,0,0,0,0,0,0,0,0,0,0,0,0,0,0,0,0,0,0,0,0,0,0,0,0,0,0,0,0,0,0,0,0,0,0,0,0,0,0,0,0,0,0,0.00141471060526129,0,0,0,0,0,0,0,0,0,0,0,0,0,0,0,0,0,0,0,0,0.0311236333157484,0,0,0,0,0,0,0,0,0,0,0,0,0,0,0,0,0,0,0,0,0,0,0,0.00141471060526129,0,0,0,0,0,0.00565884242104517,0,0,0,0,0,0,0,0,0,0.00282942121052258,0,0.00141471060526129,0.00141471060526129,0,0,0,0,0,0,0,0,0,0,0,0,0,0,0,0,0,0,0,0,0,0,0,0,0,0,0,0,0,0,0,0,0,0,0,0,0,0,0,0,0,0,0,0,0,0,0,0,0,0,0,0,0,0,0,0,0,0,0,0,0,0,0,0,0,0,0,0,0,0,0,0,0,0,0,0,0,0,0,0,0,0,0,0,0,0,0,0,0,0,0,0,0,0,0,0,0,0,0,0,0,0,0,0,0,0,0,0,0,0,0,0,0,0,0,0,0.0325383439210097,0,0,0,0,0,0,0,0,0,0,0,0,0,0,0,0,0,0,0,0,0,0,0,0,0.00141471060526129,0,0,0,0,0,0,0,0,0,0,0,0,0,0,0,0,0,0,0,0,0,0.00565884242104517,0,0,0.00141471060526129,0,0,0,0.00141471060526129,0,0,0,0,0,0,0,0,0,0,0,0.0254647908947033,0,0,0.127323954473516,0,0,0,0,0,0,0,0,0,0,0,0,0,0,0,0,0,0.155962893941577,0,7.77426943296096,0,0.638976985816347,0,0,0,0,1.52733467878026,0,0,0,0,0,0,0,0,0,0,0,0,0,0,0,0,0,0,0,0,0,0,0,0,0,0,0,0,0,0,0,0,0,0,0,0,0,0,0,0,0,0,0,0,0,0,0,0,0,0,0,0,0,0,0,0,0,0,0,0,0,0,0,0,0,0,0,0,0,0,0,0,0,0.209556945302111,0,0,0,0,0,0,0,0,0,0,0,0,0,0,0,0,0,0,0,0,0,0,0,0,0,0,0,0,0,0,0,0,0,0,0,0,0,0,0,0,0,0,0,0.129284590143336,0,0,0,0,0,0,0,0,0,0.126642163523884,0,0,0,0,0,0,0,0,0,0,0,0,0,0,0,0.409661269548014,0,0,0,0,0,0,0,0,0,0,0,0,0,0,0,0,0,0,0,0,2.23721361850992,0,0,0,0,0,1.8010733968849,0,0,0,0,0,0,0,0,0,0,0,0,0,0,0,0,0,0,0,0,0,0,0,0,0,0,0,0,0,0,0,0,0,0,0,0.186524500345522,0,0,0,0,0,0,0,0,0,3.5855981761408,0,0,0.0834306815940141,0,0,0,0,0,0,0,0,0,0,0,0,0,0,0,0,0,0,0,0,0,0,0,0,0,0.128544209290313,0,0,0,0,0,0,0,0,0,0,0,0,0,0,0,0,0.0388514899969882,0,0,0,0,0,0,0,0,0,0.184607179833656,0,0,0,0,0,0,0,0,0,0,0,0,0,0,0,0,0,0,0,0,0,0,0,0,0,0,0,0,0,0,0,0,0,0,0,0,0,0,0,1.04599429726992,0,0,0,0,0,0,0,0,0,0,0,0,0,0,0,0,0,0,0,0,0,0,0,0,0,0,0,0,0,0,0,0,0,0,0,0,0,0,0,0,0,0,0,0,0,0,0,0,0,0,0,0,0,0,0,0,0,0.0500186639160066,0,0,0,0,0,0,0,0,0,0,0,0,0,0,0,0,0,0,0,0,0.820224587157537,0,0,0,0,0,0,0,0,0,0,0,0,0,0,0,0,0,0,0,0,0,0,0,0.0461657986938066,0,0,0,0,0,1.85999272056792,0,0,0,0,0,0,0,0,0,0.264107878464852,0,0.0684453913703302,0.0168350562026094,0,0,0,0,0,0,0,0,0,0,0,0,0,0,0,0,0,0,0,0,0,0,0,0,0,0,0,0,0,0,0,0,0,0,0,0,0,0,0,0,0,0,0,0,0,0,0,0,0,0,0,0,0,0,0,0,0,0,0,0,0,0,0,0,0,0,0,0,0,0,0,0,0,0,0,0,0,0,0,0,0,0,0,0,0,0,0,0,0,0,0,0,0,0,0,0,0,0,0,0,0,0,0,0,0,0,0,0,0,0,0,0,0,0,0,0,2.07896555135253,0,0,0,0,0,0,0,0,0,0,0,0,0,0,0,0,0,0,0,0,0,0,0,0,0.0212206590789194,0,0,0,0,0,0,0,0,0,0,0,0,0,0,0,0,0,0,0,0,0,0.146954971844111,0,0,0.0247389186345515,0,0,0,0.0210797149341133,0,0,0,0,0,0,0,0,0,0,0,1.30360061960535,0,0,7.18969210961378,0,0,0,0,0,0,0,0,0,0,0,"JOH-00100"
"38",2015,"nSPC",2010,"PRIAs","Pacific Remote Island Areas","Johnston","Johnston",2010,"ForereefDeep","Johnston","2010-01-25","Forereef","Deep",16.73732,-169.55008,20,27.5,0,7.5,5,45,15,NA,0,2.5,NA,NA,NA,2,1,0.709487978868077,1.67929306656009,5.47773813440114,4.42495851434264,12.2914776941719,0.267857933968289,0,0,0,0,0,0,0,0,0,0,0,0,0,0,0,0,0,0,0,0.033953054526271,0,0.00848826363156775,0,0,0,0,0,0,0,0,0,0,0,0,0,0,0,0,0,0,0,0,0,0,0,0,0,0,0,0,0,0,0,0,0,0,0,0,0,0,0,0,0,0,0,0,0,0,0,0,0,0,0,0,0,0,0,0,0,0,0,0,0,0,0.00282942121052258,0,0,0,0,0,0,0,0,0,0,0,0,0,0,0,0,0,0.00282942121052258,0,0,0,0,0,0,0,0,0,0,0,0,0,0,0,0,0,0,0,0,0,0,0.0509295817894065,0,0,0,0,0,0,0,0,0,0,0,0,0.390460127052117,0.155618166578742,0,0,0,0,0,0,0,0,0,0,0,0,0,0,0,0,0,0,0,0,0,0,0,0,0,0,0,0,0,0,0,0,0,0,0,0,0,0,0,0,0,0,0,0,0,0,0,0,0,0,0,0.00848826363156775,0,0,0,0,0,0,0,0,0,0,0,0,0,0,0,0,0,0,0,0,0,0,0,0,0,0,0,0,0,0,0,0,0,0,0,0,0,0,0,0,0,0.00848826363156775,0,0,0,0,0,0,0,0,0,0.00848826363156775,0,0,0.033953054526271,0,0,0,0,0,0,0,0,0,0,0,0,0,0,0,0,0,0,0,0,0,0,0,0,0,0,0,0,0,0,0,0,0,0,0,0,0,0,0,0,0,0,0.00848826363156775,0,0,0,0,0,0,0,0,0,0,0,0,0,0,0,0,0,0,0,0,0,0,0,0,0,0,0,0,0,0,0,0,0,0,0,0.0537590029999291,0,0,0,0,0,0,0,0,0,0,0,0,0,0,0,0,0,0,0,0,0,0,0,0,0,0,0,0,0,0,0,0,0,0,0,0,0.00282942121052258,0,0,0,0,0,0,0,0,0,0,0,0,0,0,0,0,0,0,0,0,0,0,0,0,0,0,0,0,0,0,0.00282942121052258,0.00282942121052258,0,0,0,0,0,0,0,0,0,0,0,0,0,0,0,0,0,0,0,0,0,0,0,0.00848826363156775,0,0,0,0,0,0,0,0,0,0,0,0,0.0990297423682904,0,0,0,0,0,0,0,0,0,0,0,0,0,0,0,0,0.00282942121052258,0.00282942121052258,0,0,0,0,0.00282942121052258,0,0,0,0,0,0,0.00282942121052258,0,0,0,0,0,0,0,0,0,0,0,0,0,0,0,0,0,0,0,0,0,0,0,0,0,0,0,0,0,0,0,0,0,0,0,0,0,0,0,0,0,0,0,0,0,0,0,0,0,0,0,0,0,0,0,0.00565884242104517,0,0,0,0,0,0,0,0.00565884242104517,0,0,0,0,0,0,0,0,0,0,0,0,0,0,0,0,0,0,0,0,0,0,0,0,0,0,0,0,0,0,0,0,0,0.00282942121052258,0,0,0,0,0,0,0,0,0,0,0,0,0,0,0,0,0,0,0,0,0,0,0,0,0,0,0,0,0,0,0,0,0,0,0,0,0,0,0,0,0,0,0,0.00282942121052258,0,0,0,0,0,0,0,0,0,0,0,0,0,0,0,0,0,0,0,0,0,0.00565884242104517,0,0,0.00282942121052258,0,0,0,0,0,0,0,0,0,0,0,0,0,0,0,0.00848826363156775,0,0,0.00282942121052258,0,0,0,0,0,0,0,0,0,0,0,0,0,0,0,0,0,0,0,0.821666267455157,0,1.93899360618243,0,0,0,0,0,0,0,0,0,0,0,0,0,0,0,0,0,0,0,0,0,0,0,0,0,0,0,0,0,0,0,0,0,0,0,0,0,0,0,0,0,0,0,0,0,0,0,0,0,0,0,0,0,0,0,0,0,0,0,0,0,0,0.439864084924809,0,0,0,0,0,0,0,0,0,0,0,0,0,0,0,0,0,0.00599897092383779,0,0,0,0,0,0,0,0,0,0,0,0,0,0,0,0,0,0,0,0,0,0,0.161460407640857,0,0,0,0,0,0,0,0,0,0,0,0,0.644727761788455,0.0833632371256269,0,0,0,0,0,0,0,0,0,0,0,0,0,0,0,0,0,0,0,0,0,0,0,0,0,0,0,0,0,0,0,0,0,0,0,0,0,0,0,0,0,0,0,0,0,0,0,0,0,0,0,0.267857933968289,0,0,0,0,0,0,0,0,0,0,0,0,0,0,0,0,0,0,0,0,0,0,0,0,0,0,0,0,0,0,0,0,0,0,0,0,0,0,0,0,0,0.230657529445133,0,0,0,0,0,0,0,0,0,0.0640524373638102,0,0,0.559963681340207,0,0,0,0,0,0,0,0,0,0,0,0,0,0,0,0,0,0,0,0,0,0,0,0,0,0,0,0,0,0,0,0,0,0,0,0,0,0,0,0,0,0,0.106103295394597,0,0,0,0,0,0,0,0,0,0,0,0,0,0,0,0,0,0,0,0,0,0,0,0,0,0,0,0,0,0,0,0,0,0,0,0.414659317839353,0,0,0,0,0,0,0,0,0,0,0,0,0,0,0,0,0,0,0,0,0,0,0,0,0,0,0,0,0,0,0,0,0,0,0,0,0.00897555647300519,0,0,0,0,0,0,0,0,0,0,0,0,0,0,0,0,0,0,0,0,0,0,0,0,0,0,0,0,0,0,0.248286972602325,0.248286972602325,0,0,0,0,0,0,0,0,0,0,0,0,0,0,0,0,0,0,0,0,0,0,0,1.5070221457285,0,0,0,0,0,0,0,0,0,0,0,0,0.142951413703475,0,0,0,0,0,0,0,0,0,0,0,0,0,0,0,0,0.161287619329327,0.0839162577047264,0,0,0,0,0.548200359538751,0,0,0,0,0,0,0.0245455119434045,0,0,0,0,0,0,0,0,0,0,0,0,0,0,0,0,0,0,0,0,0,0,0,0,0,0,0,0,0,0,0,0,0,0,0,0,0,0,0,0,0,0,0,0,0,0,0,0,0,0,0,0,0,0,0,0.0279673285255436,0,0,0,0,0,0,0,0.0142633253898791,0,0,0,0,0,0,0,0,0,0,0,0,0,0,0,0,0,0,0,0,0,0,0,0,0,0,0,0,0,0,0,0,0,2.93933730991427,0,0,0,0,0,0,0,0,0,0,0,0,0,0,0,0,0,0,0,0,0,0,0,0,0,0,0,0,0,0,0,0,0,0,0,0,0,0,0,0,0,0,0,0.0424413181578388,0,0,0,0,0,0,0,0,0,0,0,0,0,0,0,0,0,0,0,0,0,0.0291098327778203,0,0,0.063117845852256,0,0,0,0,0,0,0,0,0,0,0,0,0,0,0,0.23498797160292,0,0,0.227411420933014,130.2415023,151.2174025,164.4015028,160.0204028,100.1214018,114.6715019,104.4663017,130.3719023,126.4533021,105.8528018,120.1976022,"JOH-00111"
"39",2018,"nSPC",2010,"PRIAs","Pacific Remote Island Areas","Johnston","Johnston",2010,"LagoonShallow","Johnston","2010-01-26","Lagoon","Shallow",16.7304,-169.5137,4,8.25,0,0,11.75,58.75,21.25,NA,0,6,NA,NA,NA,4,2,0,1.94080681380617,15.5380623994783,1.99936740819233,19.4782366214768,9.33453660454865,0,0,0,0,0,0.0127323954473516,0,0,0,0,0,0,0,0,0,0,0,0,0,0.0282942121052258,0,0.00141471060526129,0,0,0,0,0.00424413181578388,0,0,0,0,0,0,0,0,0,0,0,0,0,0,0,0,0,0,0,0,0,0,0,0,0,0,0,0,0,0,0,0,0,0,0,0,0,0,0,0,0,0,0,0,0,0,0,0,0,0,0,0,0,0,0,0,0,0,0,0,0,0,0,0,0,0,0,0,0,0,0,0,0,0,0,0,0,0,0,0,0,0,0.00141471060526129,0,0,0,0,0,0,0,0,0,0,0,0,0,0,0,0,0,0,0,0,0,0,0,0,0,0,0,0,0,0,0,0,0,0,0.00424413181578388,0,0,0,0,0,0,0,0,0,0,0,0,0,0,0,0,0,0,0,0,0,0,0,0,0,0.00565884242104517,0,0,0,0,0,0,0,0,0,0.00565884242104517,0,0,0.00282942121052258,0,0,0,0,0,0,0,0.107518005999858,0,0,0,0,0,0.00424413181578388,0,0,0,0,0,0,0,0,0,0,0,0,0,0,0,0,0,0,0,0,0,0,0,0,0,0,0,0,0,0,0,0,0,0,0,0,0,0,0,0,0,0,0,0,0,0.0155618166578742,0,0,0.00848826363156775,0,0,0,0,0,0,0,0,0,0,0,0,0,0,0,0,0,0,0,0,0,0,0,0,0,0.00141471060526129,0,0,0,0,0,0,0,0,0,0,0,0,0,0,0,0,0,0,0,0,0,0,0,0,0,0,0.00848826363156775,0,0,0,0,0,0,0,0,0,0,0,0,0,0,0,0,0,0,0,0,0,0,0,0,0,0.00565884242104517,0,0,0,0,0,0,0,0,0,0,0,0,0,0,0,0,0,0,0,0,0,0,0,0,0,0,0,0,0,0,0,0,0,0,0,0,0,0,0,0,0,0,0,0,0,0,0,0,0,0,0,0,0,0,0,0,0,0,0,0,0,0,0,0,0,0,0,0.0169765272631355,0,0,0,0.00282942121052258,0,0,0,0,0,0,0,0,0,0,0,0,0,0,0,0,0,0,0,0,0.0198059484736581,0,0,0,0,0,0,0,0,0,0,0,0,0,0,0,0,0,0,0,0,0,0,0.00141471060526129,0,0,0,0,0,0,0,0,0,0,0,0,0,0,0,0,0,0,0.00141471060526129,0.00141471060526129,0,0,0,0,0,0,0,0,0,0,0,0,0,0,0,0,0,0,0,0,0,0,0.00141471060526129,0,0,0,0,0,0,0,0,0,0,0,0,0,0,0,0,0,0,0,0,0,0,0,0,0,0,0,0,0,0,0,0,0,0,0,0,0,0,0,0,0,0,0,0,0,0,0,0,0,0,0,0,0,0,0,0,0,0,0,0,0,0,0,0,0,0,0,0,0,0,0,0,0,0,0,0,0,0,0,0,0,0,0,0,0,0,0,0,0,0,0,0,0,0.0155618166578742,0.00141471060526129,0,0,0,0,0,0,0,0,0,0,0,0,0,0,0,0,0,0,0,0,0,0,0,0.00282942121052258,0,0,0,0,0,0,0,0,0,0,0,0,0,0,0,0,0,0,0,0,0,0,0,0,0.00141471060526129,0,0.0311236333157484,0,0,0,0,0,0,0,0,0,0,0,0,0,0.00707355302630646,0,0,0,0,0,0,0,0,1.05813279720518,0,0,0,0,0,0,0,0,0,0,0,0,0,0.448015022175328,0,0.323165601030405,0,0,0,0,0.146189132209238,0,0,0,0,0,0,0,0,0,0,0,0,0,0,0,0,0,0,0,0,0,0,0,0,0,0,0,0,0,0,0,0,0,0,0,0,0,0,0,0,0,0,0,0,0,0,0,0,0,0,0,0,0,0,0,0,0,0,0,0,0,0,0,0,0,0,0,0,0,0,0,0,0,0,0,0,0,0,0,0,0,0,0.0181036293428032,0,0,0,0,0,0,0,0,0,0,0,0,0,0,0,0,0,0,0,0,0,0,0,0,0,0,0,0,0,0,0,0,0,0,0.250823927838519,0,0,0,0,0,0,0,0,0,0,0,0,0,0,0,0,0,0,0,0,0,0,0,0,0,0.0969022607885724,0,0,0,0,0,0,0,0,0,0.428244677279493,0,0,2.07792693700779,0,0,0,0,0,0,0,5.18690215894199,0,0,0,0,0,0.182000949882073,0,0,0,0,0,0,0,0,0,0,0,0,0,0,0,0,0,0,0,0,0,0,0,0,0,0,0,0,0,0,0,0,0,0,0,0,0,0,0,0,0,0,0,0,0,0.431560299556168,0,0,0.131034106050726,0,0,0,0,0,0,0,0,0,0,0,0,0,0,0,0,0,0,0,0,0,0,0,0,0,0.0936233598829861,0,0,0,0,0,0,0,0,0,0,0,0,0,0,0,0,0,0,0,0,0,0,0,0,0,0,0.0862723124027898,0,0,0,0,0,0,0,0,0,0,0,0,0,0,0,0,0,0,0,0,0,0,0,0,0,0.0123618827398337,0,0,0,0,0,0,0,0,0,0,0,0,0,0,0,0,0,0,0,0,0,0,0,0,0,0,0,0,0,0,0,0,0,0,0,0,0,0,0,0,0,0,0,0,0,0,0,0,0,0,0,0,0,0,0,0,0,0,0,0,0,0,0,0,0,0,0,1.80977270775545,0,0,0,0.241267933395414,0,0,0,0,0,0,0,0,0,0,0,0,0,0,0,0,0,0,0,0,3.54088152653293,0,0,0,0,0,0,0,0,0,0,0,0,0,0,0,0,0,0,0,0,0,0,0.0736813804086414,0,0,0,0,0,0,0,0,0,0,0,0,0,0,0,0,0,0,0.172385211248231,0.029090977118109,0,0,0,0,0,0,0,0,0,0,0,0,0,0,0,0,0,0,0,0,0,0,0.00972405879562911,0,0,0,0,0,0,0,0,0,0,0,0,0,0,0,0,0,0,0,0,0,0,0,0,0,0,0,0,0,0,0,0,0,0,0,0,0,0,0,0,0,0,0,0,0,0,0,0,0,0,0,0,0,0,0,0,0,0,0,0,0,0,0,0,0,0,0,0,0,0,0,0,0,0,0,0,0,0,0,0,0,0,0,0,0,0,0,0,0,0,0,0,0,1.31708622016652,0.752621288432353,0,0,0,0,0,0,0,0,0,0,0,0,0,0,0,0,0,0,0,0,0,0,0,0.0494653563129611,0,0,0,0,0,0,0,0,0,0,0,0,0,0,0,0,0,0,0,0,0,0,0,0,0.0142076564521055,0,0.259315463646971,0,0,0,0,0,0,0,0,0,0,0,0,0,0.237477786877602,0,0,0,0,0,0,0,0,0,0,0,0,0,0,"JOH-00116"
"40",2019,"nSPC",2010,"PRIAs","Pacific Remote Island Areas","Johnston","Johnston",2010,"LagoonMid","Johnston","2010-01-26","Lagoon","Mid",16.72109,-169.49561,6,5.5,0,5,42,17.5,30,NA,0,6,NA,NA,NA,4,2,0,0.0933272802233679,5.05431495034218,1.4807897520566,6.62843198262215,3.8117434402954,0,0,0,0,0,0.00707355302630646,0,0,0,0,0,0,0,0,0,0,0,0,0,0.0183912378683968,0,0,0,0,0,0,0.00282942121052258,0,0,0,0,0,0,0,0,0,0,0,0,0,0,0,0,0,0,0,0,0,0,0,0,0,0,0,0,0,0,0,0,0,0,0,0,0,0,0,0,0,0,0,0,0,0,0,0,0,0,0,0,0,0,0,0,0,0,0,0,0,0,0,0,0,0,0,0,0,0,0,0,0,0,0,0.00424413181578388,0,0,0,0,0,0,0,0,0,0,0,0,0,0,0,0,0,0,0,0,0,0,0.00282942121052258,0,0,0,0,0,0,0,0,0,0,0,0,0,0,0,0,0,0,0.00848826363156775,0,0,0,0,0,0,0,0,0,0.00141471060526129,0,0,0,0,0,0,0,0,0,0,0,0,0,0,0,0,0,0,0,0,0,0,0,0,0,0,0,0,0,0,0,0,0,0,0,0,0.0537590029999291,0,0,0,0,0,0.00707355302630646,0,0,0,0,0,0,0,0,0,0,0,0,0,0,0,0,0,0,0,0,0,0,0,0,0,0,0,0,0,0,0,0,0,0,0,0,0,0,0,0,0,0,0,0,0,0.0113176848420903,0,0,0.00565884242104517,0,0,0,0,0,0,0,0,0,0,0,0,0,0,0,0,0,0,0,0,0,0,0,0,0,0.00565884242104517,0,0,0,0,0,0,0,0,0,0,0,0,0,0,0,0,0,0,0,0,0,0,0,0,0,0,0,0,0,0,0,0,0,0,0,0,0,0,0,0,0,0,0,0,0,0,0,0,0,0,0,0,0,0,0,0,0,0,0,0,0,0,0,0,0,0,0,0,0,0,0,0,0,0,0,0,0,0,0,0,0,0,0,0,0,0,0,0,0,0,0,0,0,0,0,0,0,0,0,0,0,0,0,0,0,0,0,0,0,0,0,0,0,0,0,0,0,0,0,0,0,0,0,0,0.00141471060526129,0,0,0,0,0,0,0,0,0,0,0,0,0,0,0,0,0,0,0,0,0.00565884242104517,0,0,0,0,0,0,0,0,0,0,0,0,0,0,0,0,0,0,0,0,0,0,0,0.00282942121052258,0,0,0,0,0,0,0,0,0,0,0,0,0,0,0,0.00141471060526129,0,0.00282942121052258,0.00141471060526129,0,0,0.00141471060526129,0,0,0.00141471060526129,0,0,0,0,0,0,0,0,0,0,0,0,0,0,0,0,0.00141471060526129,0,0,0,0,0,0,0,0,0,0,0,0,0,0,0,0,0,0,0,0,0,0,0,0,0,0,0,0,0,0,0,0,0,0,0,0,0,0,0,0,0,0,0,0,0,0,0,0,0,0,0,0,0,0,0,0,0,0,0,0,0,0,0,0,0,0,0,0,0,0,0,0,0,0,0,0,0,0,0,0,0,0,0,0,0,0,0,0,0,0,0,0,0,0.0212206590789194,0,0,0,0,0,0,0,0,0,0,0,0,0,0,0,0,0,0,0,0,0,0,0,0,0.00282942121052258,0,0,0,0,0,0,0,0,0,0,0,0,0,0,0,0,0,0,0,0,0,0.00848826363156775,0,0,0,0,0,0,0,0,0,0,0,0,0,0,0,0,0,0.00141471060526129,0.00848826363156775,0,0,0,0,0,0,0,0,0.214293288931954,0,0,0,0,0,0,0,0,0,0,0,0,0,0.287450936182972,0,0,0,0,0,0,0.0426992669218267,0,0,0,0,0,0,0,0,0,0,0,0,0,0,0,0,0,0,0,0,0,0,0,0,0,0,0,0,0,0,0,0,0,0,0,0,0,0,0,0,0,0,0,0,0,0,0,0,0,0,0,0,0,0,0,0,0,0,0,0,0,0,0,0,0,0,0,0,0,0,0,0,0,0,0,0.0244670025469957,0,0,0,0,0,0,0,0,0,0,0,0,0,0,0,0,0,0,0,0,0,0,0.0170138595093454,0,0,0,0,0,0,0,0,0,0,0,0,0,0,0,0,0,0,0.513262819097072,0,0,0,0,0,0,0,0,0,0.126642163523884,0,0,0,0,0,0,0,0,0,0,0,0,0,0,0,0,0,0,0,0,0,0,0,0,0,0,0,0,0,0,0,0,0,0,0,0,1.85430299927051,0,0,0,0,0,0.185708658550789,0,0,0,0,0,0,0,0,0,0,0,0,0,0,0,0,0,0,0,0,0,0,0,0,0,0,0,0,0,0,0,0,0,0,0,0,0,0,0,0,0,0,0,0,0,0.297666429031818,0,0,0.0933272802233679,0,0,0,0,0,0,0,0,0,0,0,0,0,0,0,0,0,0,0,0,0,0,0,0,0,0.186711251339857,0,0,0,0,0,0,0,0,0,0,0,0,0,0,0,0,0,0,0,0,0,0,0,0,0,0,0,0,0,0,0,0,0,0,0,0,0,0,0,0,0,0,0,0,0,0,0,0,0,0,0,0,0,0,0,0,0,0,0,0,0,0,0,0,0,0,0,0,0,0,0,0,0,0,0,0,0,0,0,0,0,0,0,0,0,0,0,0,0,0,0,0,0,0,0,0,0,0,0,0,0,0,0,0,0,0,0,0,0,0,0,0,0,0,0,0,0,0,0,0,0,0,0,0,0.0609404401666324,0,0,0,0,0,0,0,0,0,0,0,0,0,0,0,0,0,0,0,0,0.146108490269099,0,0,0,0,0,0,0,0,0,0,0,0,0,0,0,0,0,0,0,0,0,0,0,0.033248837668811,0,0,0,0,0,0,0,0,0,0,0,0,0,0,0,0.0298577365926631,0,0.139050376696168,0.0369866184771328,0,0,0.00182047099999343,0,0,0.0228984481444696,0,0,0,0,0,0,0,0,0,0,0,0,0,0,0,0,0.0145966221772624,0,0,0,0,0,0,0,0,0,0,0,0,0,0,0,0,0,0,0,0,0,0,0,0,0,0,0,0,0,0,0,0,0,0,0,0,0,0,0,0,0,0,0,0,0,0,0,0,0,0,0,0,0,0,0,0,0,0,0,0,0,0,0,0,0,0,0,0,0,0,0,0,0,0,0,0,0,0,0,0,0,0,0,0,0,0,0,0,0,0,0,0,0,1.9556199700249,0,0,0,0,0,0,0,0,0,0,0,0,0,0,0,0,0,0,0,0,0,0,0,0,0.0181436635124761,0,0,0,0,0,0,0,0,0,0,0,0,0,0,0,0,0,0,0,0,0,0.0702654341198978,0,0,0,0,0,0,0,0,0,0,0,0,0,0,0,0,0,0.0424766819894886,0.212872236652763,0,0,0,0,0,0,0,0,0,0,0,0,0,0,"JOH-00127"
"41",2023,"nSPC",2010,"PRIAs","Pacific Remote Island Areas","Johnston","Johnston",2010,"LagoonDeep","Johnston","2010-01-26","Lagoon","Deep",16.76081,-169.44568,23,3.75,0,8.75,6.25,23.75,57.5,NA,0,1,NA,NA,NA,4,2,0,0,12.3330009667335,0.887495532472238,13.2204964992057,6.70438393051461,0,0,0,0,0,0,0,0,0,0,0,0,0,0,0,0,0,0,0,0,0,0.00565884242104517,0,0,0,0,0,0,0,0,0,0,0,0,0,0,0,0,0,0,0,0,0,0,0,0,0,0,0,0,0,0,0,0,0,0,0,0,0,0,0,0,0,0,0,0,0,0,0,0,0,0,0,0,0,0,0,0,0,0,0,0,0,0,0,0,0,0,0,0,0,0,0,0,0,0,0,0,0,0,0,0,0,0,0,0,0,0,0,0,0,0,0,0,0,0,0,0,0,0,0,0,0,0,0,0,0,0,0,0,0,0,0,0,0,0,0,0,0,0,0,0,0,0,0,0,0,0,0,0,0,0,0,0,0,0,0,0,0,0,0,0,0,0,0,0,0,0,0,0,0,0,0,0,0,0,0,0,0,0,0,0,0,0,0,0,0,0,0,0,0,0,0,0,0,0,0,0,0,0,0,0,0,0,0,0,0,0,0,0,0,0,0,0,0,0,0,0,0,0,0,0,0,0,0,0,0,0,0,0,0,0,0,0,0,0,0,0,0,0,0,0,0,0,0,0,0,0,0,0,0,0,0,0,0,0,0,0,0,0,0,0,0,0,0,0,0,0,0,0,0,0,0,0,0,0,0,0,0,0,0,0,0,0,0,0,0,0,0,0,0,0,0,0,0,0,0,0,0,0,0,0,0,0,0,0,0,0,0,0,0,0,0,0,0,0,0,0,0,0,0,0,0,0,0,0,0,0,0,0,0,0,0,0,0,0,0,0,0,0,0,0,0,0,0,0,0,0.00141471060526129,0,0,0,0,0,0,0,0,0,0,0,0,0,0,0,0,0,0,0,0,0,0,0,0,0,0,0,0,0,0,0,0,0,0,0,0,0,0,0,0,0,0,0,0,0,0,0.00424413181578388,0,0,0,0,0,0,0,0,0,0,0,0,0,0,0,0,0,0,0,0,0,0,0,0.00141471060526129,0,0,0,0,0,0,0,0,0,0,0,0,0,0,0,0,0,0.00282942121052258,0,0,0,0,0,0,0,0,0,0,0,0,0.00424413181578388,0,0,0,0,0,0,0,0,0,0,0.00707355302630646,0.00848826363156775,0,0,0,0,0,0,0,0,0,0,0,0,0,0,0,0,0,0,0,0,0,0,0,0,0,0,0,0,0,0,0,0,0,0,0,0,0,0,0,0,0,0,0,0,0,0,0,0,0,0,0,0,0,0,0,0,0,0,0,0,0,0,0,0,0,0,0,0,0,0,0,0,0,0,0,0,0,0,0,0,0,0,0,0,0,0,0,0,0,0,0,0,0,0,0,0,0,0,0,0,0,0,0,0,0,0,0,0,0,0,0,0,0,0,0,0,0,0.00282942121052258,0,0,0,0,0,0,0,0,0,0,0,0,0,0,0,0,0,0,0,0,0,0,0,0,0,0,0,0,0,0,0,0.00424413181578388,0,0.00141471060526129,0,0,0,0,0,0,0,0,0,0,0,0,0,0,0,0,0,0,0,0,0,0,0,0,0,0,0,0,0,0,0,0,0,0,0,0,0,0,0,0,0,0,0,0,0,0,0,0,0,0,0,0,0,0,0,4.57974612584343,0,0,0,0,0,0,0,0,0,0,0,0,0,0,0,0,0,0,0,0,0,0,0,0,0,0,0,0,0,0,0,0,0,0,0,0,0,0,0,0,0,0,0,0,0,0,0,0,0,0,0,0,0,0,0,0,0,0,0,0,0,0,0,0,0,0,0,0,0,0,0,0,0,0,0,0,0,0,0,0,0,0,0,0,0,0,0,0,0,0,0,0,0,0,0,0,0,0,0,0,0,0,0,0,0,0,0,0,0,0,0,0,0,0,0,0,0,0,0,0,0,0,0,0,0,0,0,0,0,0,0,0,0,0,0,0,0,0,0,0,0,0,0,0,0,0,0,0,0,0,0,0,0,0,0,0,0,0,0,0,0,0,0,0,0,0,0,0,0,0,0,0,0,0,0,0,0,0,0,0,0,0,0,0,0,0,0,0,0,0,0,0,0,0,0,0,0,0,0,0,0,0,0,0,0,0,0,0,0,0,0,0,0,0,0,0,0,0,0,0,0,0,0,0,0,0,0,0,0,0,0,0,0,0,0,0,0,0,0,0,0,0,0,0,0,0,0,0,0,0,0,0,0,0,0,0,0,0,0,0,0,0,0,0,0,0,0,0,0,0,0,0,0,0,0,0,0,0,0,0,0,0,0,0,0,0,0,0,0,0,0,0,0,0,0,0,0,0,0,0,0,0,0,0,0,0,0,0,0,0,0,0,0,0,0,0,0,0,0,0,0,0,0,0,0,0.0664425488325427,0,0,0,0,0,0,0,0,0,0,0,0,0,0,0,0,0,0,0,0,0,0,0,0,0,0,0,0,0,0,0,0,0,0,0,0,0,0,0,0,0,0,0,0,0,0,0.668331448714871,0,0,0,0,0,0,0,0,0,0,0,0,0,0,0,0,0,0,0,0,0,0,0,0.380539461660544,0,0,0,0,0,0,0,0,0,0,0,0,0,0,0,0,0,0.107781246782531,0,0,0,0,0,0,0,0,0,0,0,0,0.0359434323604,0,0,0,0,0,0,0,0,0,0,0.0929004413919272,0.0541415407475917,0,0,0,0,0,0,0,0,0,0,0,0,0,0,0,0,0,0,0,0,0,0,0,0,0,0,0,0,0,0,0,0,0,0,0,0,0,0,0,0,0,0,0,0,0,0,0,0,0,0,0,0,0,0,0,0,0,0,0,0,0,0,0,0,0,0,0,0,0,0,0,0,0,0,0,0,0,0,0,0,0,0,0,0,0,0,0,0,0,0,0,0,0,0,0,0,0,0,0,0,0,0,0,0,0,0,0,0,0,0,0,0,0,0,0,0,0,6.70438393051461,0,0,0,0,0,0,0,0,0,0,0,0,0,0,0,0,0,0,0,0,0,0,0,0,0,0,0,0,0,0,0,0.220504717315414,0,0.309781605041831,0,0,0,0,0,0,0,0,0,0,0,0,0,0,0,0,0,0,0,0,0,0,0,0,0,0,0,0,0,0,0,0,0,0,0,0,0,0,0,0,0,0,0,0,0,"JOH-00139"
"42",2025,"nSPC",2010,"PRIAs","Pacific Remote Island Areas","Johnston","Johnston",2010,"LagoonDeep","Johnston","2010-01-26","Lagoon","Deep",16.69573,-169.4566,19,8,0,1.5,8,26.25,56.25,NA,0,1,NA,NA,NA,4,2,9.01969592934515,0.474184246236342,2.76471603911457,1.1025864088031,13.3611826234992,0.0320451691274246,0,0,0,0,0,0,0,0,0,0,0,0,0,0,0,0,0,0,0,0.0311236333157484,0,0.00282942121052258,0,0,0,0,0,0,0,0,0,0,0,0,0,0,0,0,0,0,0,0,0,0,0,0,0,0,0,0,0,0,0,0,0,0,0,0,0,0,0,0,0,0,0.00141471060526129,0,0,0,0,0,0,0,0,0,0,0,0,0,0,0,0,0,0,0,0,0,0,0,0,0,0,0,0,0,0,0,0,0,0,0,0,0,0,0,0,0,0,0,0,0,0,0,0,0,0,0,0,0,0,0,0,0,0,0,0,0.00565884242104517,0,0,0,0,0,0,0,0,0,0,0,0,0.141471060526129,0,0,0,0,0,0,0,0,0,0,0,0,0,0,0,0,0,0,0,0,0,0,0,0,0,0,0,0,0,0,0,0,0,0,0,0,0,0,0,0,0.00282942121052258,0,0,0,0,0,0,0,0,0,0,0,0.00141471060526129,0,0,0,0,0,0,0,0,0,0,0,0,0,0,0,0,0,0,0,0,0,0,0,0,0,0,0,0,0,0,0,0,0,0,0,0,0,0,0,0,0,0.00141471060526129,0,0,0,0,0,0,0,0,0,0.00990297423682904,0,0,0.00424413181578388,0,0,0,0,0,0,0,0,0,0,0,0,0,0,0,0,0,0,0,0,0,0,0,0,0,0.00141471060526129,0,0,0,0,0,0,0,0,0,0,0,0,0,0,0,0,0,0,0,0,0,0,0,0,0,0,0.00141471060526129,0,0,0,0,0,0,0,0,0,0,0,0,0,0,0,0,0,0,0,0,0,0,0,0,0,0.00424413181578388,0,0,0,0,0,0,0,0,0,0,0,0,0,0,0,0,0,0,0,0,0,0,0,0,0,0,0,0,0,0,0,0,0,0,0,0,0,0,0,0,0,0,0,0,0,0,0,0,0,0,0,0,0,0,0,0,0,0,0,0,0.00141471060526129,0,0,0,0,0,0,0.00565884242104517,0,0,0,0,0,0,0,0,0,0,0,0,0,0,0,0,0,0,0,0,0,0,0,0,0.00848826363156775,0,0,0,0,0,0,0,0,0,0,0,0,0,0,0,0,0,0,0,0,0,0,0,0,0,0,0,0,0,0.00282942121052258,0,0,0,0,0,0.00424413181578388,0,0,0,0,0,0.00565884242104517,0,0,0,0,0,0,0.00141471060526129,0,0,0,0,0,0,0,0,0,0,0,0,0,0,0,0.00141471060526129,0,0,0,0,0,0,0,0,0,0,0,0,0,0,0,0,0,0,0,0,0,0,0,0,0,0,0,0,0,0,0.00424413181578388,0,0,0,0,0,0,0,0,0,0,0,0,0,0,0,0,0,0,0,0,0,0,0,0,0,0,0,0,0,0,0,0,0,0,0,0,0,0,0,0,0,0,0,0,0.00282942121052258,0,0,0,0,0,0,0,0,0,0,0,0,0,0,0,0,0,0,0,0,0,0,0,0,0,0,0,0,0,0,0,0,0,0,0,0.00848826363156775,0,0,0,0,0,0,0,0,0,0,0,0,0,0,0,0,0,0,0,0,0,0,0,0,0,0,0,0,0,0,0,0,0,0,0,0,0,0,0,0,0,0,0,0,0,0,0,0,0,0,0,0,0,0,0,0,0,0,0,0,0,0,0,0,0,0,0,0,0,0,0,0.402877726142596,0,0.173079970513251,0,0,0,0,0,0,0,0,0,0,0,0,0,0,0,0,0,0,0,0,0,0,0,0,0,0,0,0,0,0,0,0,0,0,0,0,0,0,0,0,0,0,7.45747264288822,0,0,0,0,0,0,0,0,0,0,0,0,0,0,0,0,0,0,0,0,0,0,0,0,0,0,0,0,0,0,0,0,0,0,0,0,0,0,0,0,0,0,0,0,0,0,0,0,0,0,0,0,0,0,0,0,0,0,0,0,0.0210602772213085,0,0,0,0,0,0,0,0,0,0,0,0,0.166072877951623,0,0,0,0,0,0,0,0,0,0,0,0,0,0,0,0,0,0,0,0,0,0,0,0,0,0,0,0,0,0,0,0,0,0,0,0,0,0,0,0,0.0117980901640244,0,0,0,0,0,0,0,0,0,0,0,0.0320451691274246,0,0,0,0,0,0,0,0,0,0,0,0,0,0,0,0,0,0,0,0,0,0,0,0,0,0,0,0,0,0,0,0,0,0,0,0,0,0,0,0,0,0.0520436663910498,0,0,0,0,0,0,0,0,0,0.240523438264104,0,0,0.0834306815940141,0,0,0,0,0,0,0,0,0,0,0,0,0,0,0,0,0,0,0,0,0,0,0,0,0,0.0385873963946906,0,0,0,0,0,0,0,0,0,0,0,0,0,0,0,0,0,0,0,0,0,0,0,0,0,0,0.017386538972798,0,0,0,0,0,0,0,0,0,0,0,0,0,0,0,0,0,0,0,0,0,0,0,0,0,0.0184205223779257,0,0,0,0,0,0,0,0,0,0,0,0,0,0,0,0,0,0,0,0,0,0,0,0,0,0,0,0,0,0,0,0,0,0,0,0,0,0,0,0,0,0,0,0,0,0,0,0,0,0,0,0,0,0,0,0,0,0,0,0,0.000496984374409978,0,0,0,0,0,0,0.224680686690705,0,0,0,0,0,0,0,0,0,0,0,0,0,0,0,0,0,0,0,0,0,0,0,0,1.89512945784588,0,0,0,0,0,0,0,0,0,0,0,0,0,0,0,0,0,0,0,0,0,0,0,0,0,0,0,0,0,0.14128795453249,0,0,0,0,0,1.42093533192444,0,0,0,0,0,0.0892894165804941,0,0,0,0,0,0,0.0109211015080624,0,0,0,0,0,0,0,0,0,0,0,0,0,0,0,0.00361045941939586,0,0,0,0,0,0,0,0,0,0,0,0,0,0,0,0,0,0,0,0,0,0,0,0,0,0,0,0,0,0,0.0438555601945999,0,0,0,0,0,0,0,0,0,0,0,0,0,0,0,0,0,0,0,0,0,0,0,0,0,0,0,0,0,0,0,0,0,0,0,0,0,0,0,0,0,0,0,0,0.796368047866512,0,0,0,0,0,0,0,0,0,0,0,0,0,0,0,0,0,0,0,0,0,0,0,0,0,0,0,0,0,0,0,0,0,0,0,0.0198086245591355,0,0,0,0,0,0,0,0,0,0,0,0,0,0,0,0,0,0,0,0,0,0,0,0,0,0,0,0,0,0,0,0,0,0,0,0,0,0,0,0,0,0,0,0,0,0,0,0,0,0,0,0,115.9116022,109.2551019,105.5394019,96.58070168,135.6616023,136.7541024,111.0660019,124.1920023,129.1271023,127.7315022,133.9134022,"JOH-00134"
"43",2027,"nSPC",2010,"PRIAs","Pacific Remote Island Areas","Johnston","Johnston",2010,"ForereefMid","Johnston","2010-01-26","Forereef","Mid",16.77859,-169.43379,15.5,42.5,0,2.5,45,6.25,3.75,NA,0,3.25,NA,NA,NA,4,2,21.0419745252786,19.3688344539619,17.8902402663869,10.9784523100905,69.2795015557179,0.683591273581895,0,0,0,0,0,0.0820532151051549,0,0,0,0,0,0,0,0,0,0,0,0,0,0.00565884242104517,0,0,0,0,0,0,0,0,0,0,0,0,0,0,0,0,0,0,0,0,0,0,0,0,0,0,0,0,0,0,0,0,0,0,0,0,0.0268795014999645,0,0,0,0,0,0,0,0.00141471060526129,0,0,0,0,0,0,0,0,0.00707355302630646,0,0,0,0,0,0,0,0,0,0,0.00424413181578388,0,0,0,0,0,0,0,0,0,0,0,0,0,0,0,0,0,0,0,0,0,0,0,0,0,0,0,0,0,0,0,0,0,0,0,0,0,0,0,0,0.0113176848420903,0,0,0,0,0.00141471060526129,0,0,0,0,0,0,0,0.0481001605788839,0,0,0,0,0,0.00282942121052258,0,0,0,0,0,0,0,0,0,0,0,0,0,0,0,0,0,0,0,0,0,0,0,0,0,0,0,0,0,0,0,0,0,0,0,0.00141471060526129,0,0,0,0,0,0,0,0,0,0,0.00282942121052258,0,0,0,0,0,0.0198059484736581,0,0.00424413181578388,0,0,0.00141471060526129,0,0,0,0,0,0,0,0,0,0,0,0,0,0,0,0.00141471060526129,0,0,0,0,0,0,0,0,0,0,0,0,0,0,0.00424413181578388,0,0,0,0,0,0.00424413181578388,0,0,0,0.058003134815713,0,0,0,0,0,0,0,0,0,0,0,0,0,0,0,0,0,0,0,0,0,0,0,0,0,0,0,0,0.00424413181578388,0,0,0,0,0,0,0,0,0,0,0,0,0,0,0,0,0,0,0,0,0,0,0,0,0,0,0.00424413181578388,0,0,0,0,0,0,0,0,0,0,0,0,0,0,0,0,0,0,0,0,0,0,0,0,0,0.00565884242104517,0,0,0,0,0,0,0,0,0,0,0,0,0,0.00565884242104517,0,0,0,0,0,0,0,0,0,0,0,0,0,0,0,0,0,0,0,0,0,0,0.00707355302630646,0,0,0,0,0,0,0,0,0,0,0,0,0,0,0,0,0,0,0,0,0,0,0,0,0,0,0,0,0,0,0.0254647908947033,0.00141471060526129,0,0,0.0297089227104871,0,0,0,0,0.0113176848420903,0.0198059484736581,0,0,0,0,0,0,0,0,0,0,0,0.00141471060526129,0.00282942121052258,0,0.0113176848420903,0,0,0,0,0,0,0,0,0,0,0,0,0.0127323954473516,0,0,0,0,0,0,0,0,0,0,0,0,0,0,0,0,0.00141471060526129,0,0,0,0,0,0,0,0,0,0.00848826363156775,0,0.00141471060526129,0,0,0,0,0,0,0,0,0,0,0,0,0,0,0,0,0,0,0,0,0,0,0.00141471060526129,0,0,0,0,0,0,0,0,0,0,0,0,0,0,0,0,0,0,0,0,0,0,0,0,0,0,0,0,0,0,0.00282942121052258,0,0,0,0,0,0,0,0,0,0,0.00282942121052258,0,0,0,0,0,0,0,0,0,0,0,0,0,0,0,0,0,0,0,0,0,0,0,0,0,0,0,0,0,0,0,0,0,0,0,0,0,0,0,0,0,0,0,0,0,0,0,0,0,0,0,0,0.00141471060526129,0,0,0,0,0,0,0,0,0,0,0,0,0,0,0,0,0,0,0,0,0,0,0,0,0.00565884242104517,0,0,0,0,0,0,0,0.00565884242104517,0,0,0,0,0,0,0,0,0,0,0,0.00141471060526129,0,0.00707355302630646,0,0,0.00141471060526129,0,0,0,0,0,0,0,0,0,0,0,0,0,0,0.00282942121052258,0.0367824757367936,0,0,0,0,0,0,0,0,6.88196584258895,0,0,0,0,0,0,0,0,0,0,0,0,0,0.246767583590203,0,0,0,0,0,0,0,0,0,0,0,0,0,0,0,0,0,0,0,0,0,0,0,0,0,0,0,0,0,0,0,0,0,0,0,0,17.1943212534602,0,0,0,0,0,0,0,2.52881321240505,0,0,0,0,0,0,0,0,1.23819624974866,0,0,0,0,0,0,0,0,0,0,3.77717998395801,0,0,0,0,0,0,0,0,0,0,0,0,0,0,0,0,0,0,0,0,0,0,0,0,0,0,0,0,0,0,0,0,0,0,0,0,0,0,0,0,0.0722133659654044,0,0,0,0,0.0158723609477438,0,0,0,0,0,0,0,0.0483618820408573,0,0,0,0,0,0.199971460248186,0,0,0,0,0,0,0,0,0,0,0,0,0,0,0,0,0,0,0,0,0,0,0,0,0,0,0,0,0,0,0,0,0,0,0,0.236917136151571,0,0,0,0,0,0,0,0,0,0,0.405860260219538,0,0,0,0,0,1.06621413797728,0,0.412140079463883,0,0,0.0513658900978218,0,0,0,0,0,0,0,0,0,0,0,0,0,0,0,0.102177473464997,0,0,0,0,0,0,0,0,0,0,0,0,0,0,0.779390527526764,0,0,0,0,0,0.381460180914722,0,0,0,3.17875004143733,0,0,0,0,0,0,0,0,0,0,0,0,0,0,0,0,0,0,0,0,0,0,0,0,0,0,0,0,0.160804789379464,0,0,0,0,0,0,0,0,0,0,0,0,0,0,0,0,0,0,0,0,0,0,0,0,0,0,0.115806158377488,0,0,0,0,0,0,0,0,0,0,0,0,0,0,0,0,0,0,0,0,0,0,0,0,0,0.0426174496281938,0,0,0,0,0,0,0,0,0,0,0,0,0,0.263978208330852,0,0,0,0,0,0,0,0,0,0,0,0,0,0,0,0,0,0,0,0,0,0,0.00999406871289658,0,0,0,0,0,0,0,0,0,0,0,0,0,0,0,0,0,0,0,0,0,0,0,0,0,0,0,0,0,0,3.99141412903566,0.0971481739010218,0,0,2.5739493840622,0,0,0,0,0.834960218610492,2.85822549836117,0,0,0,0,0,0,0,0,0,0,0,3.46206966588963,7.8859695770541,0,4.02540794716989,0,0,0,0,0,0,0,0,0,0,0,0,0.0238552746390975,0,0,0,0,0,0,0,0,0,0,0,0,0,0,0,0,0.0806438096646634,0,0,0,0,0,0,0,0,0,0.763567734288379,0,0.043231317307331,0,0,0,0,0,0,0,0,0,0,0,0,0,0,0,0,0,0,0,0,0,0,0.00361045941939586,0,0,0,0,0,0,0,0,0,0,0,0,0,0,0,0,0,0,0,0,0,0,0,0,0,0,0,0,0,0,0.0224440569078167,0,0,0,0,0,0,0,0,0,0,0.0153864706589764,0,0,0,0,0,0,0,0,0,0,0,0,0,0,0,0,0,0,0,0,0,0,0,0,0,0,0,0,0,0,0,0,0,0,0,0,0,0,0,0,0,0,0,0,0,0,0,0,0,0,0,0,0.277731013362357,0,0,0,0,0,0,0,0,0,0,0,0,0,0,0,0,0,0,0,0,0,0,0,0,0.0608396295792619,0,0,0,0,0,0,0,0.373965733163254,0,0,0,0,0,0,0,0,0,0,0,0.105706133254285,0,0.115459866475125,0,0,0.0247389186345515,0,0,0,0,0,0,0,0,0,0,0,0,0,0,0.333113530817294,1.89492341682587,0,0,0,224.390804,240.2848041,244.7135043,237.4255041,210.5656036,235.3924041,192.2748033,223.382304,231.001504,206.7813035,227.752504,"JOH-00107"
"44",2028,"nSPC",2010,"PRIAs","Pacific Remote Island Areas","Johnston","Johnston",2010,"LagoonMid","Johnston","2010-01-26","Lagoon","Mid",16.70556,-169.49425,12,5,0,20,31.25,27.5,16.25,NA,0,6,NA,NA,NA,4,2,0.815094003484925,0.845238418326544,20.9213760662066,1.54203995574132,24.1237484437594,1.72337598249453,0,0,0,0,0,0.0353677651315323,0,0,0.00141471060526129,0,0,0,0,0,0,0,0,0,0,0.0410266075525775,0,0,0,0,0,0,0,0,0,0,0,0,0,0,0,0,0,0,0,0,0,0,0,0,0,0,0,0,0,0,0,0,0,0,0,0,0.00141471060526129,0,0,0,0,0,0,0,0,0,0,0,0,0.00141471060526129,0,0,0,0,0,0,0,0,0,0,0,0,0,0,0,0,0,0,0,0,0,0,0,0,0,0,0,0,0,0,0,0,0.00141471060526129,0,0,0,0,0,0,0,0,0,0,0,0,0,0,0,0,0,0,0,0,0,0,0.00707355302630646,0,0,0,0,0,0,0,0,0,0,0,0,0,0,0,0,0,0,0.00282942121052258,0,0,0,0,0,0,0,0,0,0,0,0,0,0,0,0,0,0,0,0,0,0,0,0,0,0,0,0,0,0,0,0,0,0,0,0,0,0,0,0,0,0,0,0,0,0,0.0212206590789194,0,0,0,0,0,0,0,0.00141471060526129,0,0,0,0,0,0,0,0,0,0,0,0,0,0,0,0,0,0,0,0,0,0,0,0,0,0,0,0,0,0,0,0,0,0.00141471060526129,0,0,0,0,0,0,0,0,0,0.172594693841878,0,0,0,0,0,0,0,0,0,0,0,0,0,0,0,0,0,0,0,0,0,0,0,0,0,0,0,0,0.00990297423682904,0,0,0,0,0,0,0,0,0,0,0,0,0,0,0,0,0,0,0,0,0,0,0,0,0,0,0.00565884242104517,0,0,0,0,0,0,0,0,0,0,0,0,0,0,0,0,0,0,0,0,0,0,0,0,0,0,0,0,0,0,0,0,0,0,0,0,0,0,0,0,0,0,0,0,0,0,0,0,0,0,0,0,0,0,0,0,0,0,0,0,0,0,0,0,0,0,0,0,0,0,0,0,0,0,0,0,0,0,0,0,0,0,0,0,0,0,0,0,0,0,0,0,0,0.00848826363156775,0,0,0,0,0,0,0,0,0,0,0,0,0,0,0,0,0,0,0,0,0,0,0,0,0.0410266075525775,0,0,0,0,0,0,0,0,0,0,0,0,0,0,0,0,0,0,0,0,0,0,0,0,0,0,0,0,0,0,0,0,0,0,0,0,0,0,0,0.00141471060526129,0,0.00424413181578388,0,0,0,0,0,0,0.00141471060526129,0,0,0,0,0,0,0,0,0,0,0,0,0,0,0,0,0.00141471060526129,0,0,0,0,0,0,0,0,0,0,0,0,0,0,0,0,0,0,0,0,0,0,0,0,0,0,0,0,0,0,0,0,0,0,0,0,0,0,0,0,0,0,0,0,0,0,0,0,0,0,0,0,0,0,0,0,0,0,0,0,0,0,0,0,0,0,0,0,0,0,0,0,0,0,0,0,0,0,0,0,0,0,0,0,0,0,0,0,0,0,0,0,0,0.0141471060526129,0,0,0,0,0,0,0,0,0,0,0,0,0,0,0,0,0,0,0,0,0,0,0,0,0,0,0,0,0,0,0,0,0,0,0,0,0,0,0,0,0,0,0,0,0,0,0.00565884242104517,0,0,0,0,0,0,0,0,0,0,0,0,0,0,0,0,0,0,0.0410266075525775,0,0,0.00707355302630646,0,0,0,0,0,1.40979448590801,0,0,0.694661183696627,0,0,0,0,0,0,0,0,0,0,0.561420019539451,0,0,0,0,0,0,0,0,0,0,0,0,0,0,0,0,0,0,0,0,0,0,0,0,0,0,0,0,0,0,0,0,0,0,0,0,0.815094003484925,0,0,0,0,0,0,0,0,0,0,0,0,0.59177855780566,0,0,0,0,0,0,0,0,0,0,0,0,0,0,0,0,0,0,0,0,0,0,0,0,0,0,0,0,0,0,0,0,0.00563023883485394,0,0,0,0,0,0,0,0,0,0,0,0,0,0,0,0,0,0,0,0,0,0,0.031755744511164,0,0,0,0,0,0,0,0,0,0,0,0,0,0,0,0,0,0,0.131608040761514,0,0,0,0,0,0,0,0,0,0,0,0,0,0,0,0,0,0,0,0,0,0,0,0,0,0,0,0,0,0,0,0,0,0,0,0,0,0,0,0,0,0,0,0,0,0,0.848379931110895,0,0,0,0,0,0,0,0.392394365295445,0,0,0,0,0,0,0,0,0,0,0,0,0,0,0,0,0,0,0,0,0,0,0,0,0,0,0,0,0,0,0,0,0,0.0266463571922175,0,0,0,0,0,0,0,0,0,4.15883325455025,0,0,0,0,0,0,0,0,0,0,0,0,0,0,0,0,0,0,0,0,0,0,0,0,0,0,0,0,0.433800417045736,0,0,0,0,0,0,0,0,0,0,0,0,0,0,0,0,0,0,0,0,0,0,0,0,0,0,0.115247360351679,0,0,0,0,0,0,0,0,0,0,0,0,0,0,0,0,0,0,0,0,0,0,0,0,0,0,0,0,0,0,0,0,0,0,0,0,0,0,0,0,0,0,0,0,0,0,0,0,0,0,0,0,0,0,0,0,0,0,0,0,0,0,0,0,0,0,0,0,0,0,0,0,0,0,0,0,0,0,0,0,0,0,0,0,0,0,0,0,0,0,0,0,0,0.845238418326544,0,0,0,0,0,0,0,0,0,0,0,0,0,0,0,0,0,0,0,0,0,0,0,0,10.0192737870985,0,0,0,0,0,0,0,0,0,0,0,0,0,0,0,0,0,0,0,0,0,0,0,0,0,0,0,0,0,0,0,0,0,0,0,0,0,0,0,0.0389904437071976,0,0.0920822699165696,0,0,0,0,0,0,0.0161849260545451,0,0,0,0,0,0,0,0,0,0,0,0,0,0,0,0,0.0145966221772624,0,0,0,0,0,0,0,0,0,0,0,0,0,0,0,0,0,0,0,0,0,0,0,0,0,0,0,0,0,0,0,0,0,0,0,0,0,0,0,0,0,0,0,0,0,0,0,0,0,0,0,0,0,0,0,0,0,0,0,0,0,0,0,0,0,0,0,0,0,0,0,0,0,0,0,0,0,0,0,0,0,0,0,0,0,0,0,0,0,0,0,0,0,0.874996051383634,0,0,0,0,0,0,0,0,0,0,0,0,0,0,0,0,0,0,0,0,0,0,0,0,0,0,0,0,0,0,0,0,0,0,0,0,0,0,0,0,0,0,0,0,0,0,0.0811049607289421,0,0,0,0,0,0,0,0,0,0,0,0,0,0,0,0,0,0,1.23448892374761,0,0,0.689748080530189,89.40400163,86.65350153,70.13130127,86.09350149,107.7078018,121.1869022,91.09310157,97.1331018,109.487902,114.1709019,114.7771019,"JOH-00124"
"45",2030,"nSPC",2010,"PRIAs","Pacific Remote Island Areas","Johnston","Johnston",2010,"ForereefDeep","Johnston","2010-01-26","Forereef","Deep",16.782,-169.43864,27,25,0,7.5,52.5,5,10,NA,0,2,NA,NA,NA,2,1,2.56533067416967,0.915947442114651,6.50561078810606,2.57115534397593,12.5580442483663,1.31687224431154,0,0,0,0,0,0.0169765272631355,0,0,0,0,0,0,0,0,0,0,0,0.00282942121052258,0,0.0141471060526129,0,0,0,0,0,0,0,0,0,0,0,0,0,0,0,0,0,0,0,0,0,0,0,0,0,0,0,0,0,0,0,0,0,0,0,0,0.00565884242104517,0,0,0,0,0,0,0,0,0,0,0,0,0,0,0,0,0,0,0,0,0,0,0,0,0,0,0,0,0,0,0,0,0,0,0,0,0,0,0,0,0,0,0,0,0,0,0,0,0,0,0,0,0,0,0,0,0,0,0,0,0,0,0,0,0,0,0,0,0.0763943726841098,0,0,0,0,0,0,0,0,0,0,0,0,0.475342763367794,0.0113176848420903,0,0,0,0,0,0,0,0,0,0,0,0,0,0,0,0,0,0,0,0,0,0,0,0,0,0,0,0,0,0,0,0,0,0,0,0,0,0,0,0,0,0,0,0,0,0,0,0,0,0,0,0.0113176848420903,0,0,0,0,0,0.0113176848420903,0,0,0,0,0,0,0,0,0,0,0,0,0,0,0,0,0,0,0,0,0,0,0,0,0,0,0,0,0,0,0,0,0,0,0,0.00565884242104517,0,0,0,0,0,0,0,0,0,0.0537590029999291,0,0,0,0,0,0,0,0,0,0,0,0,0,0,0,0,0,0,0,0,0,0,0,0,0,0,0,0,0.00282942121052258,0,0,0,0,0,0,0,0,0,0,0,0,0,0,0,0,0.00565884242104517,0,0,0,0,0,0,0,0,0,0,0,0,0,0,0,0,0,0,0,0,0,0,0,0,0,0,0,0,0,0,0,0,0,0,0,0.00565884242104517,0,0,0,0,0,0,0,0,0,0,0,0,0,0,0,0,0,0,0,0,0,0,0,0,0,0,0,0,0,0,0,0,0,0,0,0,0,0,0,0,0,0,0,0,0,0,0,0,0,0,0,0,0,0,0,0,0,0,0,0,0,0,0,0,0,0,0,0,0,0,0,0,0,0,0,0,0,0.00282942121052258,0,0,0,0,0,0,0,0,0,0,0,0,0,0,0.00282942121052258,0,0,0,0,0,0,0,0,0,0,0,0,0.0282942121052258,0,0,0,0,0,0,0,0,0,0,0,0,0,0,0,0,0.00848826363156775,0,0,0,0,0,0,0,0,0,0.00282942121052258,0,0.00565884242104517,0,0,0,0,0,0,0,0,0,0,0,0,0,0,0,0,0,0,0,0,0,0,0,0.00282942121052258,0,0,0,0,0,0,0,0,0,0,0,0,0,0,0,0,0,0,0,0,0,0,0,0,0,0,0,0,0,0.00282942121052258,0,0,0.00565884242104517,0,0,0,0,0,0,0,0.00565884242104517,0,0,0,0,0,0,0,0,0,0,0,0,0,0,0,0,0,0,0,0,0,0,0,0,0,0,0,0,0,0,0,0,0,0,0,0,0,0,0,0,0,0,0,0,0,0,0,0,0,0,0,0,0.00282942121052258,0,0,0,0,0,0,0,0,0,0,0,0,0,0,0,0,0,0,0,0,0,0,0,0,0,0,0,0,0,0,0,0,0.00565884242104517,0,0,0,0,0,0,0,0,0,0,0,0,0,0.00282942121052258,0,0,0.00565884242104517,0,0,0,0,0,0,0,0,0,0,0,0.00282942121052258,0,0,0.00565884242104517,0.0254647908947033,0,0,0,0,0,0,0,0,1.64318636801099,0,0,0,0,0,0,0,0,0,0,0,0.103975262627718,0,0.267136489170157,0,0,0,0,0,0,0,0,0,0,0,0,0,0,0,0,0,0,0,0,0,0,0,0,0,0,0,0,0,0,0,0,0,0,0,0,1.39545780863429,0,0,0,0,0,0,0,0,0,0,0,0,0,0,0,0,0,0,0,0,0,0,0,0,0,0,0,0,0,0,0,0,0,0,0,0,0,0,0,0,0,0,0,0,0,0,0,0,0,0,0,0,0,0,0,0,0,0,0,0,0,0,0,0,0,0,0,0,0.160934528040794,0,0,0,0,0,0,0,0,0,0,0,0,0.43376045748947,0.00204001269278678,0,0,0,0,0,0,0,0,0,0,0,0,0,0,0,0,0,0,0,0,0,0,0,0,0,0,0,0,0,0,0,0,0,0,0,0,0,0,0,0,0,0,0,0,0,0,0,0,0,0,0,0.761410217586826,0,0,0,0,0,0.489217503108309,0,0,0,0,0,0,0,0,0,0,0,0,0,0,0,0,0,0,0,0,0,0,0,0,0,0,0,0,0,0,0,0,0,0,0,0.24869933379403,0,0,0,0,0,0,0,0,0,1.51372902994474,0,0,0,0,0,0,0,0,0,0,0,0,0,0,0,0,0,0,0,0,0,0,0,0,0,0,0,0,0.0987593485969018,0,0,0,0,0,0,0,0,0,0,0,0,0,0,0,0,0.108189993537357,0,0,0,0,0,0,0,0,0,0,0,0,0,0,0,0,0,0,0,0,0,0,0,0,0,0,0,0,0,0,0,0,0,0,0,0.0162567225071786,0,0,0,0,0,0,0,0,0,0,0,0,0,0,0,0,0,0,0,0,0,0,0,0,0,0,0,0,0,0,0,0,0,0,0,0,0,0,0,0,0,0,0,0,0,0,0,0,0,0,0,0,0,0,0,0,0,0,0,0,0,0,0,0,0,0,0,0,0,0,0,0,0,0,0,0,0,0.252155334786203,0,0,0,0,0,0,0,0,0,0,0,0,0,0,0.178449202155441,0,0,0,0,0,0,0,0,0,0,0,0,0.00790455403583694,0,0,0,0,0,0,0,0,0,0,0,0,0,0,0,0,1.16987286553538,0,0,0,0,0,0,0,0,0,0.125118252938674,0,0.219380330072089,0,0,0,0,0,0,0,0,0,0,0,0,0,0,0,0,0,0,0,0,0,0,0,0.0291932443545248,0,0,0,0,0,0,0,0,0,0,0,0,0,0,0,0,0,0,0,0,0,0,0,0,0,0,0,0,0,0.0146825995367817,0,0,0.0256577046149927,0,0,0,0,0,0,0,0.0125535255725861,0,0,0,0,0,0,0,0,0,0,0,0,0,0,0,0,0,0,0,0,0,0,0,0,0,0,0,0,0,0,0,0,0,0,0,0,0,0,0,0,0,0,0,0,0,0,0,0,0,0,0,0,0.555462026724714,0,0,0,0,0,0,0,0,0,0,0,0,0,0,0,0,0,0,0,0,0,0,0,0,0,0,0,0,0,0,0,0,0.301971676345749,0,0,0,0,0,0,0,0,0,0,0,0,0,0.0890123556576626,0,0,0.126235691704512,0,0,0,0,0,0,0,0,0,0,0,0.220087083110354,0,0,0.666227061634587,1.32132766384468,0,0,0,224.669904,240.4265041,245.0448043,237.3964041,210.3895036,235.4504041,192.4551033,223.539004,231.307604,206.8102035,228.397504,"JOH-00114"
"46",2031,"nSPC",2010,"PRIAs","Pacific Remote Island Areas","Johnston","Johnston",2010,"LagoonMid","Johnston","2010-01-26","Lagoon","Mid",16.76082,-169.44568,10.5,18.75,0,0,48.75,2.5,30,NA,0,6,NA,NA,NA,4,2,2.09801000756356,0.0788952843053794,11.6993301928346,4.4646498390083,18.3408853237118,1.50547244224745,0,0,0,0,0,0.0127323954473516,0,0,0,0,0,0,0,0,0,0,0,0,0,0.0537590029999291,0,0.00141471060526129,0,0,0,0,0.00141471060526129,0,0,0,0,0,0,0,0,0,0,0,0,0,0,0,0,0,0,0,0,0,0,0,0,0,0,0,0,0,0,0,0,0,0,0,0,0,0,0,0,0,0,0.00141471060526129,0,0,0,0,0,0,0,0,0,0,0,0,0,0,0,0,0,0,0,0,0,0,0,0,0,0,0,0,0,0,0,0,0,0,0,0,0,0,0,0,0,0,0,0,0,0,0,0,0,0,0,0,0,0,0,0,0,0,0,0,0,0,0,0,0,0,0,0,0,0,0,0,0,0,0.00282942121052258,0,0,0,0,0,0,0,0,0,0,0,0,0,0,0,0,0,0,0,0,0,0,0,0,0,0.00848826363156775,0,0,0,0,0,0,0,0,0.00424413181578388,0,0,0,0,0,0,0,0,0,0,0,0.0226353696841807,0,0,0,0,0,0.00565884242104517,0,0,0,0,0.00282942121052258,0,0.00141471060526129,0,0,0,0,0,0,0,0,0,0,0,0,0,0,0,0,0,0,0,0,0,0,0,0,0,0,0,0,0,0,0,0,0,0,0,0,0,0,0.0424413181578388,0,0,0.00282942121052258,0,0,0,0,0,0,0,0,0,0,0,0,0,0,0,0,0,0,0,0,0,0,0,0,0,0.00848826363156775,0,0,0,0,0,0,0,0,0,0,0,0,0,0,0,0,0,0,0,0,0,0,0,0,0,0,0.00990297423682904,0,0,0,0,0,0,0,0,0,0,0,0,0,0.00141471060526129,0,0,0,0,0,0,0,0,0,0,0,0,0,0,0,0,0,0,0,0,0,0,0,0,0,0,0,0,0,0,0,0,0,0,0,0,0,0,0,0,0,0,0,0,0,0,0,0,0,0,0,0,0,0,0,0,0,0,0,0,0,0,0,0,0,0,0,0,0,0,0,0,0,0,0,0,0,0,0,0,0,0,0,0,0,0,0,0,0,0,0,0,0,0,0,0,0,0,0,0,0,0,0,0,0.0297089227104871,0,0,0,0,0,0,0,0,0,0,0,0,0,0,0,0,0,0,0,0,0,0,0,0,0,0,0,0,0,0,0,0,0,0,0,0,0,0,0,0.00141471060526129,0,0.00282942121052258,0,0,0,0,0,0,0.00282942121052258,0,0,0,0,0,0,0,0,0,0,0,0,0,0,0,0,0,0,0,0,0,0,0,0,0,0,0,0,0,0,0,0,0,0,0,0,0,0,0,0,0,0,0,0,0,0,0,0,0,0,0,0,0,0,0,0,0,0,0,0,0,0,0,0,0,0,0,0,0,0,0,0,0,0,0,0,0,0,0,0,0,0,0,0,0,0,0,0,0,0,0,0.00141471060526129,0,0,0,0,0,0,0,0,0,0,0,0,0,0,0,0,0,0,0.00282942121052258,0,0,0,0,0,0,0,0,0,0,0,0,0,0,0,0,0,0,0,0,0,0,0,0,0,0,0,0,0,0,0,0,0,0,0,0,0,0,0,0,0,0,0,0,0,0,0.00848826363156775,0,0,0,0,0,0,0,0,0,0,0,0,0,0,0,0,0,0,0.0381971863420549,0,0,0,0,0,0,0,0,1.0303337338118,0,0,0,0,0,0,0,0,0,0,0,0,0,2.06478025539169,0,0.375109821363229,0,0,0,0,0.059857878803931,0,0,0,0,0,0,0,0,0,0,0,0,0,0,0,0,0,0,0,0,0,0,0,0,0,0,0,0,0,0,0,0,0,0,0,0,0,0,0,0,0,0,1.0372414113418,0,0,0,0,0,0,0,0,0,0,0,0,0,0,0,0,0,0,0,0,0,0,0,0,0,0,0,0,0,0,0,0,0,0,0,0,0,0,0,0,0,0,0,0,0,0,0,0,0,0,0,0,0,0,0,0,0,0,0,0,0,0,0,0,0,0,0,0,0,0,0,0,0,0,0.245874605636957,0,0,0,0,0,0,0,0,0,0,0,0,0,0,0,0,0,0,0,0,0,0,0,0,0,0.33144542552004,0,0,0,0,0,0,0,0,0.0925208894587564,0,0,0,0,0,0,0,0,0,0,0,1.24337875232039,0,0,0,0,0,0.158078371368832,0,0,0,0,0.134580420486705,0,0.0411884584780209,0,0,0,0,0,0,0,0,0,0,0,0,0,0,0,0,0,0,0,0,0,0,0,0,0,0,0,0,0,0,0,0,0,0,0,0,0,0,2.09742164914829,0,0,0.0377068258273585,0,0,0,0,0,0,0,0,0,0,0,0,0,0,0,0,0,0,0,0,0,0,0,0,0,0.256530182541415,0,0,0,0,0,0,0,0,0,0,0,0,0,0,0,0,0,0,0,0,0,0,0,0,0,0,0.252066386345134,0,0,0,0,0,0,0,0,0,0,0,0,0,2.09801000756356,0,0,0,0,0,0,0,0,0,0,0,0,0,0,0,0,0,0,0,0,0,0,0,0,0,0,0,0,0,0,0,0,0,0,0,0,0,0,0,0,0,0,0,0,0,0,0,0,0,0,0,0,0,0,0,0,0,0,0,0,0,0,0,0,0,0,0,0,0,0,0,0,0,0,0,0,0,0,0,0,0,0,0,0,0,0,0,0,0,0,0,0,0,0,0,0,0,0,0,0,0,0,0,0,2.5486078215109,0,0,0,0,0,0,0,0,0,0,0,0,0,0,0,0,0,0,0,0,0,0,0,0,0,0,0,0,0,0,0,0,0,0,0,0,0,0,0,0.0498398852276653,0,0.191353614327781,0,0,0,0,0,0,0.0474174885649257,0,0,0,0,0,0,0,0,0,0,0,0,0,0,0,0,0,0,0,0,0,0,0,0,0,0,0,0,0,0,0,0,0,0,0,0,0,0,0,0,0,0,0,0,0,0,0,0,0,0,0,0,0,0,0,0,0,0,0,0,0,0,0,0,0,0,0,0,0,0,0,0,0,0,0,0,0,0,0,0,0,0,0,0,0,0,0,0,0,0,0,1.46966865495714,0,0,0,0,0,0,0,0,0,0,0,0,0,0,0,0,0,0,0.262093689927063,0,0,0,0,0,0,0,0,0,0,0,0,0,0,0,0,0,0,0,0,0,0,0,0,0,0,0,0,0,0,0,0,0,0,0,0,0,0,0,0,0,0,0,0,0,0,0.198032503231158,0,0,0,0,0,0,0,0,0,0,0,0,0,0,0,0,0,0,2.01774659055731,0,0,0,0,0,0,0,0,0,0,0,0,0,0,"JOH-00131"
"47",2034,"nSPC",2010,"PRIAs","Pacific Remote Island Areas","Johnston","Johnston",2010,"LagoonMid","Johnston","2010-01-27","Lagoon","Mid",16.69072,-169.50139,12,0.75,0,10,22.25,64.5,2.5,NA,0,1.5,NA,NA,NA,4,2,8.46248507969363,0.582428799396698,27.5758166683207,1.18759818266437,37.8083287300754,4.82196432151679,0,0,0,0,0,0,0,0,0,0,0,0,0,0,0,0,0,0,0,0.2631361725786,0,0.0325383439210097,0,0,0,0,0.00141471060526129,0,0,0,0,0,0,0,0,0,0,0,0,0,0,0,0,0,0,0,0,0,0,0,0,0,0,0,0,0,0,0,0,0,0,0,0,0,0.00282942121052258,0,0,0,0,0,0,0,0,0,0,0,0,0,0,0,0,0,0,0,0,0,0,0,0,0,0,0,0,0,0,0,0,0,0,0,0,0,0.00141471060526129,0,0,0,0,0,0,0,0,0,0,0,0,0,0,0,0,0,0,0,0,0,0,0.00848826363156775,0,0,0,0,0,0,0,0,0,0,0,0,0,0,0,0,0,0,0,0,0,0,0,0,0,0,0,0,0,0,0,0,0,0,0,0,0,0,0,0,0,0,0,0,0,0,0,0,0,0,0,0,0,0,0,0,0,0,0,0,0,0.00282942121052258,0,0,0,0.0693208196578033,0,0,0,0,0,0,0,0,0,0,0,0,0,0,0,0,0,0,0,0,0,0,0,0,0,0,0,0,0,0,0,0,0,0,0,0,0,0,0,0,0,0.00282942121052258,0,0,0,0,0,0.00990297423682904,0,0,0,0.0183912378683968,0,0,0,0,0,0,0,0,0,0,0,0,0,0,0,0,0,0,0,0,0,0,0,0,0,0,0,0,0,0,0,0,0,0,0,0,0,0,0,0,0,0,0,0,0,0,0,0,0,0,0,0,0,0,0,0.00424413181578388,0,0,0,0,0,0,0,0,0,0,0,0,0,0,0,0,0,0,0,0,0,0,0,0,0,0.0127323954473516,0,0,0,0,0,0,0,0,0,0,0,0,0,0,0,0,0,0,0,0,0,0,0,0,0,0,0,0,0,0,0,0,0,0,0,0,0,0,0,0,0,0,0,0,0,0,0,0,0,0,0,0,0,0,0,0,0,0,0,0,0.00424413181578388,0,0,0,0,0,0,0.00282942121052258,0,0,0,0,0,0,0,0,0,0,0,0,0,0,0,0,0,0,0,0,0,0,0,0,0.00565884242104517,0,0,0,0,0,0,0,0,0,0,0,0,0,0,0,0,0,0,0,0,0,0,0,0,0,0,0,0,0,0.00141471060526129,0,0,0,0,0,0,0,0,0,0.00424413181578388,0,0.00848826363156775,0.00282942121052258,0,0,0,0,0,0.00282942121052258,0,0,0,0,0,0,0,0,0,0,0,0,0,0,0,0.00565884242104517,0,0,0,0,0,0,0,0,0,0,0,0,0,0,0,0,0,0,0,0,0,0,0,0,0,0,0,0,0,0,0.00141471060526129,0,0,0,0,0,0,0,0,0,0,0.00141471060526129,0,0,0,0,0,0,0,0,0,0,0,0,0,0,0,0,0,0,0,0,0,0,0.00141471060526129,0,0,0,0,0,0,0,0,0,0,0,0,0,0,0,0,0,0.00141471060526129,0,0,0,0,0,0,0,0,0,0,0,0.0297089227104871,0,0,0,0,0,0,0,0,0,0,0,0,0,0,0,0,0,0,0,0,0,0,0,0,0,0,0,0,0,0,0,0,0,0,0,0,0,0,0,0,0,0,0,0,0,0,0.0127323954473516,0,0,0,0,0.00141471060526129,0,0,0,0,0,0,0,0,0,0,0,0,0,0,0,0,0,0,0,0,0,0,0,0,0,0,0,0,0,0,0,0,0,0,0,0,9.37406837047277,0,8.58206138792495,0,0,0,0,0.0305016525077665,0,0,0,0,0,0,0,0,0,0,0,0,0,0,0,0,0,0,0,0,0,0,0,0,0,0,0,0,0,0,0,0,0,0,0,0,0,8.32313257659309,0,0,0,0,0,0,0,0,0,0,0,0,0,0,0,0,0,0,0,0,0,0,0,0,0,0,0,0,0,0,0,0,0,0,0,0,0,0.00941838185607089,0,0,0,0,0,0,0,0,0,0,0,0,0,0,0,0,0,0,0,0,0,0,0.0411331390283167,0,0,0,0,0,0,0,0,0,0,0,0,0,0,0,0,0,0,0,0,0,0,0,0,0,0,0,0,0,0,0,0,0,0,0,0,0,0,0,0,0,0,0,0,0,0,0,0,0,0,0,0,0,0,0,0,0,0,0,0,0,0.0419543340689246,0,0,0,2.85658347108387,0,0,0,0,0,0,0,0,0,0,0,0,0,0,0,0,0,0,0,0,0,0,0,0,0,0,0,0,0,0,0,0,0,0,0,0,0,0,0,0,0,0.29155247420906,0,0,0,0,0,2.42559396154304,0,0,0,0.374759668754927,0,0,0,0,0,0,0,0,0,0,0,0,0,0,0,0,0,0,0,0,0,0,0,0,0,0,0,0,0,0,0,0,0,0,0,0,0,0,0,0,0,0,0,0,0,0,0,0,0,0,0,0,0,0,0,0.0394608984126069,0,0,0,0,0,0,0,0,0,0,0,0,0,0,0,0,0,0,0,0,0,0,0,0,0,0.181063010053911,0,0,0,0,0,0,0,0,0,0,0,0,0,0,0,0,0,0,0,0,0,0,0,0,0,0,0,0,0,0,0,0,0,0,0,0,0,0,0,0,0,0,0,0,0,0,0,0,0,0,0,0,0,0,0,0,0,0,0,0,0.0123362490274283,0,0,0,0,0,0,0.582428799396698,0,0,0,0,0,0,0,0,0,0,0,0,0,0,0,0,0,0,0,0,0,0,0,0,1.91631578471611,0,0,0,0,0,0,0,0,0,0,0,0,0,0,0,0,0,0,0,0,0,0,0,0,0,0,0,0,0,0.139352503100538,0,0,0,0,0,0,0,0,0,0.100270441367312,0,0.150917614793997,0.0739732369542656,0,0,0,0,0,0.0541310106548502,0,0,0,0,0,0,0,0,0,0,0,0,0,0,0,0.0203845986060538,0,0,0,0,0,0,0,0,0,0,0,0,0,0,0,0,0,0,0,0,0,0,0,0,0,0,0,0,0,0,0.00734129976839086,0,0,0,0,0,0,0,0,0,0,0.0200642221720115,0,0,0,0,0,0,0,0,0,0,0,0,0,0,0,0,0,0,0,0,0,0,0.0785709952651387,0,0,0,0,0,0,0,0,0,0,0,0,0,0,0,0,0,0.21041636959953,0,0,0,0,0,0,0,0,0,0,0,1.75496448083339,0,0,0,0,0,0,0,0,0,0,0,0,0,0,0,0,0,0,0,0,0,0,0,0,0,0,0,0,0,0,0,0,0,0,0,0,0,0,0,0,0,0,0,0,0,0,0.105509584874896,0,0,0,0,0.0100682124355236,0,0,0,0,0,0,0,0,0,0,0,0,0,0,0,0,0,107.904802,91.15960161,85.84350154,89.70730155,119.002002,127.5992023,102.7055018,106.5531019,119.9100021,120.5373021,119.311002,"JOH-00122"
"48",2035,"nSPC",2010,"PRIAs","Pacific Remote Island Areas","Johnston","Johnston",2010,"BackreefShallow","Johnston","2010-01-27","Backreef","Shallow",16.74967,-169.53238,3,28.75,0,0,16.25,42.5,12.5,NA,0,5,NA,NA,NA,4,2,0.710740775844567,0.217765150351303,7.62392751590595,4.80085877725581,13.3532922193576,5.14624142317552,0,0.00282942121052258,0,0,0,0.00282942121052258,0,0,0,0,0,0,0,0,0,0,0,0,0,0.0495148711841452,0,0.00141471060526129,0,0,0,0,0,0,0,0,0,0,0,0,0,0,0,0,0,0,0,0,0,0,0,0,0,0,0,0,0,0,0,0,0,0,0,0,0,0,0,0,0,0,0,0,0,0,0,0,0,0,0,0,0,0,0,0,0,0,0,0,0,0,0,0,0,0,0,0,0,0,0,0,0,0,0,0,0,0,0,0,0,0,0,0,0,0,0,0,0,0,0,0,0,0,0,0,0,0,0,0,0,0,0,0,0,0,0,0,0,0,0,0,0,0,0,0,0,0,0,0,0,0,0.00990297423682904,0,0,0,0,0,0,0,0,0,0.00565884242104517,0,0,0,0,0,0,0,0,0,0,0,0,0,0,0,0.00424413181578388,0,0,0,0,0,0,0,0,0.00424413181578388,0,0,0,0,0,0,0,0,0,0,0,0.0834679257104162,0,0,0,0,0,0.0254647908947033,0,0,0,0,0.00565884242104517,0,0,0,0,0,0,0,0,0,0,0,0,0,0,0,0,0,0,0,0,0,0,0,0,0,0,0,0,0,0,0,0,0,0,0,0,0,0,0,0,0.0169765272631355,0,0,0.00282942121052258,0,0,0,0,0,0,0,0,0,0,0,0,0,0,0,0,0,0,0,0,0,0,0,0,0,0.00707355302630646,0,0,0,0,0,0,0,0,0,0,0,0,0,0,0,0,0,0,0,0,0,0,0,0,0,0,0.00707355302630646,0,0,0,0,0,0,0,0,0,0,0,0,0,0,0,0,0,0,0,0,0,0,0,0,0,0,0,0,0,0,0,0,0,0,0,0,0,0,0,0,0,0,0,0,0,0,0,0,0,0,0,0,0,0,0,0,0,0,0,0,0,0,0,0,0,0,0,0,0,0,0,0,0,0,0,0,0,0,0,0,0,0,0,0,0,0,0,0,0,0,0,0,0,0.00141471060526129,0.00141471060526129,0,0,0,0,0,0.00424413181578388,0,0,0,0,0,0,0,0,0,0,0,0,0,0,0,0,0,0.00707355302630646,0,0,0,0,0,0,0,0,0,0,0,0,0,0,0,0,0,0,0,0,0,0,0.00282942121052258,0,0,0,0,0,0,0.00565884242104517,0,0,0,0,0,0,0,0,0,0,0,0.00141471060526129,0,0,0,0,0,0,0.00141471060526129,0,0,0,0,0,0,0,0,0,0,0,0,0,0,0,0,0.00424413181578388,0,0,0,0,0,0,0,0,0,0,0,0,0,0,0,0,0,0,0,0,0,0,0,0,0,0,0,0,0,0,0,0,0,0,0,0,0,0,0,0,0,0,0,0,0,0,0,0,0,0,0,0,0,0,0,0,0,0,0,0,0,0,0,0,0,0,0,0,0,0,0,0,0,0,0.00141471060526129,0,0,0,0,0,0,0,0,0,0,0,0,0,0,0,0,0,0,0.0113176848420903,0,0,0,0,0,0,0,0,0,0,0,0,0,0,0,0,0,0,0,0,0,0,0,0,0.00141471060526129,0,0,0,0,0,0,0,0,0,0,0,0,0,0,0,0,0,0,0,0,0,0.0113176848420903,0,0,0.00282942121052258,0,0,0,0,0,0,0,0,0,0,0,0,0,0,0.00141471060526129,0.00848826363156775,0,0,0,0,0.130298242050018,0,0,0,0.155405959987953,0,0,0,0,0,0,0,0,0,0,0,0,0,0.967301609565416,0,0.163442515157126,0,0,0,0,0,0,0,0,0,0,0,0,0,0,0,0,0,0,0,0,0,0,0,0,0,0,0,0,0,0,0,0,0,0,0,0,0,0,0,0,0,0,0,0,0,0,0,0,0,0,0,0,0,0,0,0,0,0,0,0,0,0,0,0,0,0,0,0,0,0,0,0,0,0,0,0,0,0,0,0,0,0,0,0,0,0,0,0,0,0,0,0,0,0,0,0,0,0,0,0,0,0,0,0,0,0,0,0,0,0,0,0,0,0,0,0,0,0,0,0,0,0,0.433414495105642,0,0,0,0,0,0,0,0,0,0.461900894572064,0,0,0,0,0,0,0,0,0,0,0,0,0,0,0,0.0894928949316432,0,0,0,0,0,0,0,0,0.12445185596858,0,0,0,0,0,0,0,0,0,0,0,4.31184053972114,0,0,0,0,0,1.01711761485244,0,0,0,0,0.189172748204521,0,0,0,0,0,0,0,0,0,0,0,0,0,0,0,0,0,0,0,0,0,0,0,0,0,0,0,0,0,0,0,0,0,0,0,0,0,0,0,0,0.406194538403833,0,0,0.0240734242906347,0,0,0,0,0,0,0,0,0,0,0,0,0,0,0,0,0,0,0,0,0,0,0,0,0,0.251552009636108,0,0,0,0,0,0,0,0,0,0,0,0,0,0,0,0,0,0,0,0,0,0,0,0,0,0,0.225486941668702,0,0,0,0,0,0,0,0,0,0,0,0,0,0,0,0,0,0,0,0,0,0,0,0,0,0,0,0,0,0,0,0,0,0,0,0,0,0,0,0,0,0,0,0,0,0,0,0,0,0,0,0,0,0,0,0,0,0,0,0,0,0,0,0,0,0,0,0,0,0,0,0,0,0,0,0,0,0,0,0,0,0,0,0,0,0,0,0,0,0,0,0,0,0.193691726060669,0.156148573515312,0,0,0,0,0,0.268311894129411,0,0,0,0,0,0,0,0,0,0,0,0,0,0,0,0,0,0.317309401253632,0,0,0,0,0,0,0,0,0,0,0,0,0,0,0,0,0,0,0,0,0,0,0.0676016062044451,0,0,0,0,0,0,0.710740775844567,0,0,0,0,0,0,0,0,0,0,0,0.0842052941781453,0,0,0,0,0,0,0.0109211015080624,0,0,0,0,0,0,0,0,0,0,0,0,0,0,0,0,0.0389173031501539,0,0,0,0,0,0,0,0,0,0,0,0,0,0,0,0,0,0,0,0,0,0,0,0,0,0,0,0,0,0,0,0,0,0,0,0,0,0,0,0,0,0,0,0,0,0,0,0,0,0,0,0,0,0,0,0,0,0,0,0,0,0,0,0,0,0,0,0,0,0,0,0,0,0,1.13718051610417,0,0,0,0,0,0,0,0,0,0,0,0,0,0,0,0,0,0,0.834400883454379,0,0,0,0,0,0,0,0,0,0,0,0,0,0,0,0,0,0,0,0,0,0,0,0,0.00727868606406935,0,0,0,0,0,0,0,0,0,0,0,0,0,0,0,0,0,0,0,0,0,0.252214358037037,0,0,0.063117845852256,0,0,0,0,0,0,0,0,0,0,0,0,0,0,0.0785207170883593,0.181585252797135,0,0,0,0,0,0,0,0,0,0,0,0,0,0,"JOH-00144"
"49",2036,"nSPC",2010,"PRIAs","Pacific Remote Island Areas","Johnston","Johnston",2010,"LagoonDeep","Johnston","2010-01-27","Lagoon","Deep",16.67791,-169.48006,24,8.75,0,0,3.75,8.75,78.75,NA,0,1,NA,NA,NA,4,2,2.21152881126321,4.13572608497302,4.54406700339413,3.4606459412195,14.3519678408499,1.22242203607645,0,0,0,0,0,0,0,0,0,0,0,0,0,0,0,0,0,0,0,0.00848826363156775,0,0.00141471060526129,0,0,0,0,0,0,0,0,0,0,0,0,0,0,0,0,0,0,0,0,0,0,0,0,0,0,0,0,0,0,0,0,0,0,0.00141471060526129,0,0,0,0,0,0,0,0,0,0,0,0,0,0,0,0,0,0,0,0,0,0,0,0,0,0,0,0,0,0,0.00141471060526129,0,0,0,0,0,0,0,0,0,0.00141471060526129,0,0,0,0,0,0,0,0,0,0,0,0,0,0,0,0,0,0,0,0,0,0,0,0,0,0,0,0,0,0,0,0,0,0,0,0,0,0,0,0,0,0,0,0,0,0,0,0,0,0,0,0,0,0,0,0,0,0,0,0,0,0,0,0,0,0,0,0,0,0,0,0,0,0,0,0,0,0,0,0,0,0.00565884242104517,0,0,0,0,0,0,0,0.00848826363156775,0,0,0,0,0,0,0,0,0,0.00282942121052258,0,0,0,0,0,0,0,0,0,0,0,0,0,0,0,0,0,0,0,0,0,0,0,0,0,0,0,0,0,0,0,0,0,0,0,0.00141471060526129,0,0,0,0,0,0,0,0,0,0,0,0,0.0169765272631355,0,0,0,0,0,0,0,0,0,0,0,0,0,0,0,0,0,0,0,0,0,0,0,0,0,0,0,0,0,0,0,0,0,0,0,0,0,0,0,0,0,0,0.00848826363156775,0,0,0,0,0,0,0,0,0,0,0,0,0,0,0,0,0,0,0,0,0,0,0,0,0,0,0,0,0,0,0,0,0,0,0,0.00282942121052258,0,0,0,0,0,0,0,0,0,0,0,0,0,0,0,0,0,0,0,0,0,0,0,0,0,0,0,0,0,0,0,0,0,0,0,0,0,0,0,0,0,0,0,0,0,0,0,0,0,0,0,0,0,0,0,0,0,0,0,0,0,0,0,0,0,0,0,0,0.00282942121052258,0,0,0,0,0,0,0,0,0.0155618166578742,0,0,0,0,0,0,0,0,0,0,0,0,0,0,0.00990297423682904,0,0,0,0,0,0,0,0,0,0,0,0,0,0,0,0,0,0,0,0,0,0,0,0,0,0,0,0,0,0,0.00282942121052258,0,0,0,0,0.00282942121052258,0,0,0,0,0,0,0.00707355302630646,0,0,0,0,0,0,0,0,0,0,0,0,0,0,0,0,0,0,0,0,0,0,0,0,0,0,0,0,0,0,0,0,0,0,0,0,0,0,0,0,0,0,0,0,0,0,0,0,0,0,0,0,0,0,0,0,0,0,0,0,0,0,0,0,0,0,0,0,0,0,0,0,0,0,0,0,0,0,0,0,0,0,0,0,0,0,0,0,0,0,0,0,0,0,0,0,0,0,0,0,0,0,0,0,0,0,0,0,0,0,0,0,0,0,0,0,0,0,0,0,0,0,0,0,0,0,0,0,0,0,0,0,0,0,0,0,0,0,0,0,0,0,0,0,0,0,0,0,0,0.00424413181578388,0,0,0,0,0,0,0,0,0,0,0,0,0,0,0,0,0,0,0,0,0,0,0,0,0,0,0,0,0,0,0,0,0,0,0,0,0,0,0,0,0,0,0,0,0,0,0,0,0,0,0,0,0,0,0,0.204428984520781,0,1.23278818800305,0,0,0,0,0,0,0,0,0,0,0,0,0,0,0,0,0,0,0,0,0,0,0,0,0,0,0,0,0,0,0,0,0,0,0.950685526735588,0,0,0,0,0,0,0,0,0,0,0,0,0,0,0,0,0,0,0,0,0,0,0,0,0,0,0,0,0,0,1.78363476616207,0,0,0,0,0,0,0,0,0,1.22242203607645,0,0,0,0,0,0,0,0,0,0,0,0,0,0,0,0,0,0,0,0,0,0,0,0,0,0,0,0,0,0,0,0,0,0,0,0,0,0,0,0,0,0,0,0,0,0,0,0,0,0,0,0,0,0,0,0,0,0,0,0,0,0,0,0,0,0,0,0,0,0,0,0,0,0,0,0,0,0,0,0,0,0.221556069156497,0,0,0,0,0,0,0,0.342611877673945,0,0,0,0,0,0,0,0,0,0.171564859560113,0,0,0,0,0,0,0,0,0,0,0,0,0,0,0,0,0,0,0,0,0,0,0,0,0,0,0,0,0,0,0,0,0,0,0,0.376086808773722,0,0,0,0,0,0,0,0,0,0,0,0,0.424713458763388,0,0,0,0,0,0,0,0,0,0,0,0,0,0,0,0,0,0,0,0,0,0,0,0,0,0,0,0,0,0,0,0,0,0,0,0,0,0,0,0,0,0,0.177599232607989,0,0,0,0,0,0,0,0,0,0,0,0,0,0,0,0,0,0,0,0,0,0,0,0,0,0,0,0,0,0,0,0,0,0,0,0.0192672266751746,0,0,0,0,0,0,0,0,0,0,0,0,0,0,0,0,0,0,0,0,0,0,0,0,0,0,0,0,0,0,0,0,0,0,0,0,0,0,0,0,0,0,0,0,0,0,0,0,0,0,0,0,0,0,0,0,0,0,0,0,0,0,0,0,0,0,0,0,0.575196051615958,0,0,0,0,0,0,0,0,3.71101262620963,0,0,0,0,0,0,0,0,0,0,0,0,0,0,1.30923174317789,0,0,0,0,0,0,0,0,0,0,0,0,0,0,0,0,0,0,0,0,0,0,0,0,0,0,0,0,0,0,0.0379190143380263,0,0,0,0,1.26084328452762,0,0,0,0,0,0,0.126616457699825,0,0,0,0,0,0,0,0,0,0,0,0,0,0,0,0,0,0,0,0,0,0,0,0,0,0,0,0,0,0,0,0,0,0,0,0,0,0,0,0,0,0,0,0,0,0,0,0,0,0,0,0,0,0,0,0,0,0,0,0,0,0,0,0,0,0,0,0,0,0,0,0,0,0,0,0,0,0,0,0,0,0,0,0,0,0,0,0,0,0,0,0,0,0,0,0,0,0,0,0,0,0,0,0,0,0,0,0,0,0,0,0,0,0,0,0,0,0,0,0,0,0,0,0,0,0,0,0,0,0,0,0,0,0,0,0,0,0,0,0,0,0,0,0,0,0,0,0,0,0.203789628572131,0,0,0,0,0,0,0,0,0,0,0,0,0,0,0,0,0,0,0,0,0,0,0,0,0,0,0,0,0,0,0,0,0,0,0,0,114.3780021,106.5170019,102.6040019,93.51100163,131.2664022,133.0321023,109.9532019,119.2908022,126.6518023,126.9151022,130.7032022,"JOH-00440"
"50",2037,"nSPC",2010,"PRIAs","Pacific Remote Island Areas","Johnston","Johnston",2010,"LagoonDeep","Johnston","2010-01-27","Lagoon","Deep",16.68097,-169.54224,22,1.25,0,11.25,8.75,17.5,61.25,NA,0,1,NA,NA,NA,4,2,0,0,25.038722911735,0.165908043933836,25.2046309556688,5.25975255930096,0,0,0,0,0,0,0,0,0.00282942121052258,0,0,0,0,0,0,0,0,0,0,0.00282942121052258,0,0.0155618166578742,0,0,0,0,0.00424413181578388,0,0,0,0,0,0,0,0,0,0,0,0,0,0,0,0,0,0,0,0,0,0,0,0,0,0,0,0,0,0,0,0,0,0,0,0,0,0,0,0,0,0,0,0,0,0,0,0,0,0,0,0,0,0,0,0,0,0,0,0,0,0,0,0,0,0,0,0,0,0,0,0,0,0,0,0,0,0,0,0,0,0,0,0,0,0,0,0,0,0,0,0,0,0,0,0,0,0,0,0,0,0,0,0,0,0,0,0,0,0,0,0,0,0,0,0,0,0,0,0,0,0,0,0,0,0,0,0,0,0,0,0,0,0,0,0,0,0,0,0,0,0,0,0,0,0,0,0,0,0,0,0,0,0,0,0,0.00282942121052258,0,0,0,0,0,0,0,0,0,0,0,0,0,0,0,0,0,0,0,0,0,0,0,0,0,0,0,0,0,0,0,0,0,0,0,0,0,0,0,0,0,0,0,0,0,0,0,0,0,0,0,0,0,0,0,0.00424413181578388,0,0,0,0,0,0,0,0,0,0,0,0,0,0,0,0,0,0,0,0,0,0,0,0,0,0,0,0,0,0,0,0,0,0,0,0,0,0,0,0,0,0,0,0,0,0,0,0,0,0,0,0,0,0,0,0,0,0,0,0,0,0,0,0,0,0,0,0,0,0,0,0,0,0,0,0,0,0,0,0,0,0,0,0,0,0,0,0,0,0,0,0,0,0,0,0,0,0,0,0,0,0,0,0,0,0,0,0,0,0,0,0,0,0,0,0,0,0,0,0,0,0,0,0,0,0,0,0,0,0,0,0,0,0,0,0,0,0,0,0,0,0,0,0,0,0,0,0,0,0,0,0,0,0,0,0,0,0,0,0,0,0,0,0,0,0,0,0,0,0,0,0,0,0,0,0,0,0,0.00141471060526129,0,0,0,0,0,0,0,0,0,0,0,0,0,0,0,0,0,0,0,0,0,0,0,0,0,0,0,0,0,0,0,0,0,0,0,0,0,0,0,0,0,0,0,0,0,0,0,0,0,0,0,0,0,0,0,0,0,0,0,0,0,0,0,0,0.00141471060526129,0,0,0,0,0,0,0,0,0,0,0,0,0,0,0,0,0,0,0,0,0,0,0,0,0,0,0,0,0,0,0,0,0,0,0,0,0,0,0,0,0,0,0,0,0,0,0,0,0,0,0,0,0,0,0,0,0,0,0,0,0,0,0,0,0.00141471060526129,0,0,0,0,0,0,0,0,0,0,0,0,0,0,0,0,0,0,0,0,0,0,0,0,0,0,0,0,0,0,0,0,0,0,0,0,0,0,0,0,0,0,0,0,0,0,0,0,0,0,0,0,0,0,0,0,0,0,0,0,0,0,0.00282942121052258,0,0,0,0,0,0,0,0,0,0,0,0,0,0,0,0,0,0,0,0,0,0,0,0,0,0,0,0,0,0,0,0,0.00282942121052258,0,0,0,0,0,0,0,0,0,0,0,2.22274867673915,0,0,0,0,0,0,0,0,0,0,0.294314404676918,0,15.7242064092874,0,0,0,0,0.357787042332703,0,0,0,0,0,0,0,0,0,0,0,0,0,0,0,0,0,0,0,0,0,0,0,0,0,0,0,0,0,0,0,0,0,0,0,0,0,0,0,0,0,0,0,0,0,0,0,0,0,0,0,0,0,0,0,0,0,0,0,0,0,0,0,0,0,0,0,0,0,0,0,0,0,0,0,0,0,0,0,0,0,0,0,0,0,0,0,0,0,0,0,0,0,0,0,0,0,0,0,0,0,0,0,0,0,0,0,0,0,0,0,0,0,0,0,0,0,0,0,0,0,0,0,0,0,0,0,0,0,0,0,0,0,0,0,0,0,0,0,0,0,0,0,0,0,0,0,0,0,0,0,0,0,0,0,0,5.25975255930096,0,0,0,0,0,0,0,0,0,0,0,0,0,0,0,0,0,0,0,0,0,0,0,0,0,0,0,0,0,0,0,0,0,0,0,0,0,0,0,0,0,0,0,0,0,0,0,0,0,0,0,0,0,0,0,0.753017666358716,0,0,0,0,0,0,0,0,0,0,0,0,0,0,0,0,0,0,0,0,0,0,0,0,0,0,0,0,0,0,0,0,0,0,0,0,0,0,0,0,0,0,0,0,0,0,0,0,0,0,0,0,0,0,0,0,0,0,0,0,0,0,0,0,0,0,0,0,0,0,0,0,0,0,0,0,0,0,0,0,0,0,0,0,0,0,0,0,0,0,0,0,0,0,0,0,0,0,0,0,0,0,0,0,0,0,0,0,0,0,0,0,0,0,0,0,0,0,0,0,0,0,0,0,0,0,0,0,0,0,0,0,0,0,0,0,0,0,0,0,0,0,0,0,0,0,0,0,0,0,0,0,0,0,0,0,0,0,0,0,0,0,0,0,0,0,0,0,0,0,0,0,0,0,0,0,0,0,0.184264705413143,0,0,0,0,0,0,0,0,0,0,0,0,0,0,0,0,0,0,0,0,0,0,0,0,0,0,0,0,0,0,0,0,0,0,0,0,0,0,0,0,0,0,0,0,0,0,0,0,0,0,0,0,0,0,0,0,0,0,0,0,0,0,0,0,0.00361045941939586,0,0,0,0,0,0,0,0,0,0,0,0,0,0,0,0,0,0,0,0,0,0,0,0,0,0,0,0,0,0,0,0,0,0,0,0,0,0,0,0,0,0,0,0,0,0,0,0,0,0,0,0,0,0,0,0,0,0,0,0,0,0,0,0,0.0646044607260007,0,0,0,0,0,0,0,0,0,0,0,0,0,0,0,0,0,0,0,0,0,0,0,0,0,0,0,0,0,0,0,0,0,0,0,0,0,0,0,0,0,0,0,0,0,0,0,0,0,0,0,0,0,0,0,0,0,0,0,0,0,0,0.0976931237884396,0,0,0,0,0,0,0,0,0,0,0,0,0,0,0,0,0,0,0,0,0,0,0,0,0,0,0,0,0,0,0,0,0.242631447625953,0,0,0,94.82670172,90.12900159,79.09610143,88.75810154,109.7028019,126.7682023,93.84420162,103.0428019,113.359102,117.669002,120.017202,"JOH-00132"
"51",2038,"nSPC",2010,"PRIAs","Pacific Remote Island Areas","Johnston","Johnston",2010,"BackreefShallow","Johnston","2010-01-27","Backreef","Shallow",16.72787,-169.55009,4.5,36.25,0,0,16.25,47,0.5,NA,0,5.5,NA,NA,NA,4,2,0.193392643303907,1.32212836471623,13.9597126968134,3.511977853212,18.9872115580456,4.7172723962356,0,0.00282942121052258,0,0,0,0.0113176848420903,0,0,0,0,0,0,0,0,0,0,0,0,0,0.195230063526058,0,0,0,0,0,0,0.00141471060526129,0,0,0,0,0,0,0,0,0,0,0,0,0,0,0,0,0,0,0,0,0,0,0,0,0,0,0,0,0,0,0,0,0,0,0,0,0,0,0,0,0,0,0,0,0,0,0,0,0,0,0,0,0,0,0,0,0,0,0,0,0,0,0,0,0,0,0,0,0,0,0,0,0,0,0,0,0,0,0,0,0,0,0,0,0,0,0,0,0,0,0,0,0,0,0,0,0,0,0,0,0,0,0,0,0,0,0,0,0,0,0,0,0,0,0,0,0,0,0,0,0,0,0,0,0,0,0,0,0,0,0,0,0,0,0,0,0,0,0,0,0,0,0,0.00707355302630646,0,0,0,0,0,0,0,0,0.00282942121052258,0,0,0,0,0,0,0,0.00141471060526129,0,0,0,0.0905414787367227,0,0,0,0,0,0.0452707393683613,0,0,0,0,0.00424413181578388,0,0,0,0,0,0,0,0,0,0,0,0,0,0,0,0,0,0,0,0,0,0,0,0,0,0,0,0,0,0,0,0,0,0,0,0,0,0,0,0,0.0452707393683613,0,0,0.00424413181578388,0,0,0,0,0,0,0,0,0,0,0,0,0,0,0,0,0,0,0,0,0,0,0,0,0,0.00565884242104517,0,0,0,0,0,0,0,0,0,0,0,0,0,0,0.00141471060526129,0,0.00282942121052258,0,0,0,0,0,0,0,0,0,0.0113176848420903,0,0,0,0,0,0,0,0,0,0,0,0,0,0,0,0,0,0,0,0,0,0,0,0,0,0,0,0,0,0,0,0,0,0,0,0,0,0,0,0,0,0,0,0,0,0,0,0,0,0,0,0,0,0,0,0,0,0,0,0,0,0,0,0,0,0,0,0,0,0,0,0,0,0,0,0,0,0,0,0,0,0,0,0,0,0,0,0,0,0,0,0,0,0.0113176848420903,0.00141471060526129,0,0,0,0,0,0,0,0,0,0,0,0,0,0,0.00141471060526129,0,0,0,0,0,0,0,0,0.0268795014999645,0,0,0,0,0,0,0,0,0,0,0,0,0,0,0,0,0,0,0,0,0,0,0.00141471060526129,0,0,0,0,0,0,0.00141471060526129,0,0,0,0,0,0,0,0,0,0.00565884242104517,0,0,0,0,0,0,0,0,0,0,0,0,0,0,0,0,0,0,0,0,0,0,0,0,0,0.00848826363156775,0,0,0,0,0,0,0,0,0,0,0,0,0,0,0,0,0,0,0,0,0,0,0,0,0,0,0,0,0,0,0,0,0,0,0,0,0,0,0,0,0,0,0,0,0,0,0,0,0,0,0,0,0,0,0,0,0,0,0,0,0,0,0,0.00141471060526129,0,0,0,0,0,0,0,0,0,0,0,0,0,0,0,0,0,0,0,0,0,0,0,0,0,0,0,0,0,0.0367824757367936,0,0,0,0,0,0,0,0,0,0,0,0,0,0,0,0,0,0,0,0,0,0,0,0,0,0,0,0,0,0,0,0,0,0,0,0,0,0,0,0,0,0,0,0,0,0,0.00990297423682904,0,0,0.00141471060526129,0,0,0,0,0,0,0,0,0,0,0,0,0,0,0,0.0410266075525775,0,0,0,0,0.17759399817875,0,0,0,0.580349658043314,0,0,0,0,0,0,0,0,0,0,0,0,0,4.80203310402048,0,0,0,0,0,0,0.0487297107364127,0,0,0,0,0,0,0,0,0,0,0,0,0,0,0,0,0,0,0,0,0,0,0,0,0,0,0,0,0,0,0,0,0,0,0,0,0,0,0,0,0,0,0,0,0,0,0,0,0,0,0,0,0,0,0,0,0,0,0,0,0,0,0,0,0,0,0,0,0,0,0,0,0,0,0,0,0,0,0,0,0,0,0,0,0,0,0,0,0,0,0,0,0,0,0,0,0,0,0,0,0,0,0,0,0,0,0,0,0,0,0,0,0,0,0,0,0,0,0,0,0,0,0,0,0,0,0,0,0,0,0,0,0,0,0,0,0,0,0,0,0,0,0,0.160199006223817,0,0,0,0,0,0,0,0,0.0829679039790533,0,0,0,0,0,0,0,0.014072780404688,0,0,0,3.72170363292512,0,0,0,0,0,1.70874469950498,0,0,0,0,0.104686127372573,0,0,0,0,0,0,0,0,0,0,0,0,0,0,0,0,0,0,0,0,0,0,0,0,0,0,0,0,0,0,0,0,0,0,0,0,0,0,0,0,1.08851795158499,0,0,0.0768908945737796,0,0,0,0,0,0,0,0,0,0,0,0,0,0,0,0,0,0,0,0,0,0,0,0,0,0.161223465358674,0,0,0,0,0,0,0,0,0,0,0,0,0,0,0.054040140203369,0,0.062388737692023,0,0,0,0,0,0,0,0,0,0.236334313473483,0,0,0,0,0,0,0,0,0,0,0,0,0,0,0,0,0,0,0,0,0,0,0,0,0,0,0,0,0,0,0,0,0,0,0,0,0,0,0,0,0,0,0,0,0,0,0,0,0,0,0,0,0,0,0,0,0,0,0,0,0,0,0,0,0,0,0,0,0,0,0,0,0,0,0,0,0,0,0,0,0,0,0,0,0,0,0,0,0,0,0,0,0,1.0047034207818,0.124143486301163,0,0,0,0,0,0,0,0,0,0,0,0,0,0,0.240534049360658,0,0,0,0,0,0,0,0,1.07544384616046,0,0,0,0,0,0,0,0,0,0,0,0,0,0,0,0,0,0,0,0,0,0,0.00983813898657931,0,0,0,0,0,0,0.139352503100538,0,0,0,0,0,0,0,0,0,0.610979039764021,0,0,0,0,0,0,0,0,0,0,0,0,0,0,0,0,0,0,0,0,0,0,0,0,0,0.101173473496296,0,0,0,0,0,0,0,0,0,0,0,0,0,0,0,0,0,0,0,0,0,0,0,0,0,0,0,0,0,0,0,0,0,0,0,0,0,0,0,0,0,0,0,0,0,0,0,0,0,0,0,0,0,0,0,0,0,0,0,0,0,0,0,0.094274693116641,0,0,0,0,0,0,0,0,0,0,0,0,0,0,0,0,0,0,0,0,0,0,0,0,0,0,0,0,0,0.995568763310481,0,0,0,0,0,0,0,0,0,0,0,0,0,0,0,0,0,0,0,0,0,0,0,0,0,0,0,0,0,0,0,0,0,0,0,0,0,0,0,0,0,0,0,0,0,0,0.150887817387064,0,0,0.0142076564521055,0,0,0,0,0,0,0,0,0,0,0,0,0,0,0,1.34562854555225,0,0,0,0,0,0,0,0,0,0,0,0,0,0,"JOH-00142"
"52",2039,"nSPC",2010,"PRIAs","Pacific Remote Island Areas","Johnston","Johnston",2010,"BackreefMid","Johnston","2010-01-27","Backreef","Mid",16.75345,-169.52954,8,48.75,0,0,7.5,15,28.75,NA,0,5,NA,NA,NA,4,2,8.37035639438161,0.342320562234562,74.5966624908578,3.40366986370265,86.7130093111766,72.6617274257751,0,0,0,0,0,0,0,0,0,0,0,0,0,0,0,0,0,0,0,0.0198059484736581,0,0,0,0,0,0,0.00282942121052258,0,0,0,0,0,0,0,0,0,0,0,0,0,0,0,0,0,0,0,0,0,0,0,0,0,0,0,0,0,0.00707355302630646,0,0,0,0,0,0,0,0,0,0,0,0,0,0,0,0,0,0,0,0,0,0,0,0,0,0,0,0,0,0,0,0,0,0,0,0,0,0,0,0,0,0,0,0,0,0,0,0,0,0,0,0,0,0,0,0,0,0,0,0,0,0,0,0,0,0,0,0,0,0,0,0,0,0,0,0,0,0,0,0,0,0,0.00141471060526129,0,0,0,0,0,0,0,0,0,0,0,0,0,0,0.00707355302630646,0,0,0,0,0,0,0,0,0,0,0,0,0,0,0,0.00565884242104517,0,0,0,0,0,0,0,0,0.00565884242104517,0,0,0,0.0353677651315323,0,0,0,0,0,0,0,0.0551737136051904,0,0,0,0,0,0.00848826363156775,0,0,0,0,0.00848826363156775,0,0.00141471060526129,0,0,0,0,0,0,0,0,0,0,0,0,0,0,0,0,0,0,0,0,0,0,0,0,0,0,0,0,0,0,0,0,0,0,0,0,0,0,0.0127323954473516,0,0,0.0141471060526129,0,0,0,0,0,0,0,0,0,0,0,0,0,0,0,0,0,0,0,0,0,0,0,0,0,0.00707355302630646,0,0,0,0,0,0,0,0,0,0,0,0,0,0,0,0,0,0,0,0,0,0,0,0,0,0,0.00424413181578388,0,0,0,0,0,0,0,0,0,0,0,0,0,0,0,0,0,0,0,0,0,0,0,0,0,0,0,0,0,0,0,0,0,0,0,0,0,0,0,0,0,0,0,0,0,0,0,0,0,0,0,0,0,0,0,0,0,0,0,0,0,0,0,0,0,0,0,0,0,0,0,0,0,0,0,0.00141471060526129,0,0,0,0,0,0,0,0,0,0,0,0,0,0,0,0,0,0,0,0,0,0,0,0,0,0,0,0,0,0,0,0,0,0,0,0,0,0,0,0,0,0,0.00707355302630646,0,0,0,0,0,0,0,0,0,0,0,0,0,0,0,0.00141471060526129,0,0,0,0,0,0,0.00141471060526129,0,0,0,0,0,0,0.00565884242104517,0,0,0,0,0,0,0,0,0,0,0,0,0.00424413181578388,0,0,0.00848826363156775,0,0,0,0,0,0,0,0,0,0,0,0,0,0,0,0,0,0,0,0.00424413181578388,0,0,0,0,0,0,0,0,0,0,0,0,0,0,0,0,0,0,0,0,0,0,0,0,0,0,0,0,0,0,0,0,0,0,0,0,0,0,0,0,0.00141471060526129,0,0,0,0,0,0,0,0,0,0,0,0,0,0,0,0,0,0,0,0,0,0,0,0,0,0,0,0,0,0,0,0,0,0,0,0,0,0,0,0,0,0,0,0,0,0,0,0,0,0,0,0,0.0183912378683968,0,0,0,0,0,0,0,0,0,0,0,0,0,0,0,0,0,0,0,0,0,0,0,0,0,0,0,0,0,0,0,0,0,0,0,0,0,0,0,0,0,0,0,0,0,0,0.0113176848420903,0,0,0.00424413181578388,0,0,0,0,0,0,0,0,0,0,0,0,0,0,0,0.00141471060526129,0,0,0,0,0,0,0,0,0,0,0,0,0,0,0,0,0,0,0,0,0,0,0.637002640900167,0,0,0,0,0,0,0.144829041152703,0,0,0,0,0,0,0,0,0,0,0,0,0,0,0,0,0,0,0,0,0,0,0,0,0,0,0,0,0,5.99423564514279,0,0,0,0,0,0,0,0,0,0,0,0,0,0,0,0,0,0,0,0,0,0,0,0,0,0,0,0,0,0,0,0,0,0,0,0,0,0,0,0,0,0,0,0,0,0,0,0,0,0,0,0,0,0,0,0,0,0,0,0,0,0,0,0,0,0,0,0,0,0,0,0,0,0,0,0,0,0,0,0,0,0,0.000618935889801815,0,0,0,0,0,0,0,0,0,0,0,0,0,0,0.471046335218667,0,0,0,0,0,0,0,0,0,0,0,0,0,0,0,0.28781209437737,0,0,0,0,0,0,0,0,0.17017044945082,0,0,0,67.7718467913761,0,0,0,0,0,0,0,3.85228293835214,0,0,0,0,0,0.627700867663889,0,0,0,0,0.456242529744424,0,0.0294778297194638,0,0,0,0,0,0,0,0,0,0,0,0,0,0,0,0,0,0,0,0,0,0,0,0,0,0,0,0,0,0,0,0,0,0,0,0,0,0,0.541831332393864,0,0,0.312223796625296,0,0,0,0,0,0,0,0,0,0,0,0,0,0,0,0,0,0,0,0,0,0,0,0,0,0.447330314080883,0,0,0,0,0,0,0,0,0,0,0,0,0,0,0,0,0,0,0,0,0,0,0,0,0,0,0.12029461186758,0,0,0,0,0,0,0,0,0,0,0,0,0,0,0,0,0,0,0,0,0,0,0,0,0,0,0,0,0,0,0,0,0,0,0,0,0,0,0,0,0,0,0,0,0,0,0,0,0,0,0,0,0,0,0,0,0,0,0,0,0,0,0,0,0,0,0,0,0,0,0,0,0,0,0,0.011859300029996,0,0,0,0,0,0,0,0,0,0,0,0,0,0,0,0,0,0,0,0,0,0,0,0,0,0,0,0,0,0,0,0,0,0,0,0,0,0,0,0,0,0,0.541931015934079,0,0,0,0,0,0,0,0,0,0,0,0,0,0,0,0.0237491381902883,0,0,0,0,0,0,0.0736813804086414,0,0,0,0,0,0,2.36426144920882,0,0,0,0,0,0,0,0,0,0,0,0,0.087272931354327,0,0,0.163994292468612,0,0,0,0,0,0,0,0,0,0,0,0,0,0,0,0,0,0,0,0.0622561703461424,0,0,0,0,0,0,0,0,0,0,0,0,0,0,0,0,0,0,0,0,0,0,0,0,0,0,0,0,0,0,0,0,0,0,0,0,0,0,0,0,0.00907673464711605,0,0,0,0,0,0,0,0,0,0,0,0,0,0,0,0,0,0,0,0,0,0,0,0,0,0,0,0,0,0,0,0,0,0,0,0,0,0,0,0,0,0,0,0,0,0,0,0,0,0,0,0,0.873603403578298,0,0,0,0,0,0,0,0,0,0,0,0,0,0,0,0,0,0,0,0,0,0,0,0,0,0,0,0,0,0,0,0,0,0,0,0,0,0,0,0,0,0,0,0,0,0,0.434986596770425,0,0,0.132049709582077,0,0,0,0,0,0,0,0,0,0,0,0,0,0,0,0.0693410347018229,0,0,0,0,0,0,0,0,0,0,0,0,0,0,"JOH-00452"
"53",2041,"nSPC",2010,"PRIAs","Pacific Remote Island Areas","Johnston","Johnston",2010,"BackreefShallow","Johnston","2010-01-27","Backreef","Shallow",16.7265,-169.51645,5,31.25,0,0,13.75,33.75,21.25,NA,0,5.25,NA,NA,NA,4,2,0.549637525068571,10.7931304835892,18.7215551606543,5.23325510759412,35.2975782769061,6.35606694286987,0,0,0,0,0,0.0565884242104517,0,0,0.00141471060526129,0,0,0,0,0,0,0,0,0,0,0.0141471060526129,0,0.00141471060526129,0,0,0,0,0.00141471060526129,0,0,0,0.00282942121052258,0,0,0,0,0,0,0,0,0,0,0,0,0,0,0,0,0,0,0,0,0,0,0,0,0,0,0,0,0,0,0,0,0,0,0,0,0,0,0,0,0,0,0.00141471060526129,0,0,0,0,0,0,0,0,0,0,0,0,0,0,0,0,0,0,0,0,0,0,0,0,0,0,0,0,0,0,0,0,0,0,0,0,0,0,0,0,0,0,0,0,0,0,0,0,0,0,0,0,0,0,0,0,0,0,0,0,0,0,0,0,0,0,0,0,0,0,0.00848826363156775,0,0,0,0,0,0.00282942121052258,0,0,0,0,0,0,0,0,0,0,0,0,0,0,0,0,0,0,0,0.0113176848420903,0,0,0,0,0,0,0,0,0.00282942121052258,0.00282942121052258,0,0,0,0,0,0,0.00565884242104517,0,0,0,0.0551737136051904,0,0,0,0,0,0.00707355302630646,0,0.00141471060526129,0,0,0.00565884242104517,0,0,0,0,0,0,0,0,0,0,0,0,0,0,0,0.00141471060526129,0,0,0,0,0,0,0,0,0,0,0,0,0,0,0,0,0,0,0,0,0,0,0,0,0.0834679257104162,0,0,0.00282942121052258,0,0,0,0,0,0,0,0,0,0,0,0,0,0,0,0,0,0,0,0,0,0,0,0,0,0.00848826363156775,0,0,0,0,0,0,0,0,0,0,0,0,0,0,0.00282942121052258,0,0,0,0,0,0,0,0,0,0,0,0.0113176848420903,0,0,0,0,0,0,0,0,0,0,0,0,0,0,0,0,0,0,0,0,0,0,0,0,0,0,0,0,0,0,0,0,0,0,0,0,0,0,0,0,0,0,0,0,0,0,0,0,0,0,0,0,0,0,0,0,0,0,0,0,0,0,0,0,0,0,0,0,0,0,0,0,0,0,0,0,0,0,0,0,0,0,0,0,0,0,0,0,0,0,0,0,0,0.0509295817894065,0,0,0,0,0,0,0,0,0,0,0,0,0,0,0,0,0,0,0,0,0,0,0,0,0.0198059484736581,0,0,0,0,0,0,0,0,0,0,0,0,0,0,0,0,0,0,0,0,0,0,0,0.00141471060526129,0,0,0,0,0,0,0,0,0,0,0,0.00424413181578388,0,0,0,0.00141471060526129,0,0.00141471060526129,0.00141471060526129,0,0,0,0,0,0,0,0,0,0,0,0,0,0,0,0,0,0,0,0,0,0,0,0,0,0,0,0,0,0,0,0,0,0,0,0,0,0,0,0,0,0,0,0,0,0,0,0,0,0,0,0,0,0,0,0,0,0,0,0,0,0,0,0,0,0,0,0,0,0,0,0,0,0,0,0,0,0,0,0,0,0,0,0,0,0,0.00282942121052258,0,0,0,0,0,0,0,0,0,0,0,0,0,0,0,0,0,0,0,0,0,0,0,0,0,0,0,0,0,0.0198059484736581,0,0,0,0,0,0,0,0,0,0,0,0,0,0,0,0,0,0,0,0,0,0,0,0,0.00141471060526129,0,0,0,0,0,0,0,0,0,0,0,0,0,0,0,0,0,0,0,0.00141471060526129,0,0.00990297423682904,0,0,0,0,0.0113176848420903,0,0,0,0,0,0,0,0,0,0,0,0,0.00141471060526129,0.00848826363156775,0,0,0.00282942121052258,0,0,0,0,0,4.35090709871597,0,0,0.492660147517832,0,0,0,0,0,0,0,0,0,0,0.546539767594668,0,0.196698000262853,0,0,0,0,0.0724145205763515,0,0,0,0.417056686431029,0,0,0,0,0,0,0,0,0,0,0,0,0,0,0,0,0,0,0,0,0,0,0,0,0,0,0,0,0,0,0,0,0,0,0,0,0,0,0,0,0,0,0.191860935936654,0,0,0,0,0,0,0,0,0,0,0,0,0,0,0,0,0,0,0,0,0,0,0,0,0,0,0,0,0,0,0,0,0,0,0,0,0,0,0,0,0,0,0,0,0,0,0,0,0,0,0,0,0,0,0,0,0,0,0,0,0,0,0,0,0,0,0,0,0,0,0.748650251324176,0,0,0,0,0,0.0893151177166494,0,0,0,0,0,0,0,0,0,0,0,0,0,0,0,0,0,0,0,0.548673679421395,0,0,0,0,0,0,0,0,0.0616805929725043,0.27473509157586,0,0,0,0,0,0,0.320105623340961,0,0,0,4.25006397521511,0,0,0,0,0,0.389202129809877,0,0.392394365295445,0,0,0.318773803087413,0,0,0,0,0,0,0,0,0,0,0,0,0,0,0,0.102177473464997,0,0,0,0,0,0,0,0,0,0,0,0,0,0,0,0,0,0,0,0,0,0,0,0,3.76322075147377,0,0,0.081058997730936,0,0,0,0,0,0,0,0,0,0,0,0,0,0,0,0,0,0,0,0,0,0,0,0,0,0.53062135683518,0,0,0,0,0,0,0,0,0,0,0,0,0,0,0.213367457620782,0,0,0,0,0,0,0,0,0,0,0,0.232569566255056,0,0,0,0,0,0,0,0,0,0,0,0,0,0,0,0,0,0,0,0,0,0,0,0,0,0,0,0,0,0,0,0,0,0,0,0,0,0,0,0,0,0,0,0,0,0,0,0,0,0,0,0,0,0,0,0,0,0,0,0,0,0,0,0,0,0,0,0,0,0,0,0,0,0,0,0,0,0,0,0,0,0,0,0,0,0,0,0,0,0,0,0,0,10.7120714858582,0,0,0,0,0,0,0,0,0,0,0,0,0,0,0,0,0,0,0,0,0,0,0,0,1.95368527587341,0,0,0,0,0,0,0,0,0,0,0,0,0,0,0,0,0,0,0,0,0,0,0,0.0952886185977734,0,0,0,0,0,0,0,0,0,0,0,0.144409131511136,0,0,0,0.286785258383187,0,0.0548450825180222,0.068956390205888,0,0,0,0,0,0,0,0,0,0,0,0,0,0,0,0,0,0,0,0,0,0,0,0,0,0,0,0,0,0,0,0,0,0,0,0,0,0,0,0,0,0,0,0,0,0,0,0,0,0,0,0,0,0,0,0,0,0,0,0,0,0,0,0,0,0,0,0,0,0,0,0,0,0,0,0,0,0,0,0,0,0,0,0,0,0,0.295813336442324,0,0,0,0,0,0,0,0,0,0,0,0,0,0,0,0,0,0,0,0,0,0,0,0,0,0,0,0,0,2.10600296765476,0,0,0,0,0,0,0,0,0,0,0,0,0,0,0,0,0,0,0,0,0,0,0,0,0.0466217879963859,0,0,0,0,0,0,0,0,0,0,0,0,0,0,0,0,0,0,0,0.00420082219128857,0,0.172682949882553,0,0,0,0,0.0424949356897782,0,0,0,0,0,0,0,0,0,0,0,0,0.132004553451819,0.369556869541067,0,0,0.227411420933014,0,0,0,0,0,0,0,0,0,0,0,"JOH-00115"
"54",2045,"nSPC",2010,"PRIAs","Pacific Remote Island Areas","Johnston","Johnston",2010,"LagoonDeep","Johnston","2010-01-28","Lagoon","Deep",16.708,-169.43166,20.5,6.25,0,1.25,12.5,57.5,22.5,NA,0,1,NA,NA,NA,4,2,0.00516120381853846,0.0477413899693897,6.67071202281445,2.07124346577864,8.79485808238102,0,0,0,0,0,0,0,0,0,0,0,0,0,0,0,0,0,0,0,0,0.00424413181578388,0,0.00990297423682904,0,0,0,0,0,0,0,0,0,0,0,0,0,0,0,0,0,0,0,0,0,0,0,0,0,0,0,0,0,0,0,0,0,0,0,0,0,0,0,0,0,0,0,0,0,0,0,0,0,0,0,0,0,0,0,0,0,0,0,0,0,0,0.00141471060526129,0,0,0,0,0,0,0,0,0,0,0,0,0,0,0,0,0,0,0,0,0,0,0,0,0,0,0,0,0,0,0,0,0,0,0,0,0,0,0,0,0.00141471060526129,0,0,0,0,0,0,0,0,0,0,0,0,0.0452707393683613,0,0,0,0,0,0,0,0,0,0,0,0,0,0,0,0,0,0,0,0,0,0,0,0,0,0,0,0,0,0,0,0,0,0,0,0,0,0,0,0,0,0,0,0,0,0,0,0,0,0,0,0,0,0,0,0,0,0,0,0,0,0,0,0,0,0,0,0,0,0,0,0,0,0,0,0,0,0,0,0,0,0,0,0,0,0,0,0,0,0,0,0,0,0,0.00141471060526129,0,0,0,0,0,0.00282942121052258,0,0,0,0,0,0,0,0,0,0,0,0,0,0,0,0,0,0,0,0,0,0,0,0,0,0,0,0,0,0,0,0,0,0,0,0,0,0,0,0,0,0,0,0,0,0,0,0,0,0,0,0,0,0,0,0,0,0.00141471060526129,0,0,0,0,0,0,0,0,0,0,0,0,0,0,0,0,0,0,0,0,0,0,0,0,0,0,0,0.00282942121052258,0,0,0,0,0,0,0,0,0,0,0,0,0,0,0,0,0,0,0,0,0,0,0,0,0,0,0,0,0,0,0,0,0,0,0,0,0,0,0,0,0,0,0,0,0,0,0,0,0,0,0,0,0,0,0,0,0,0,0,0,0,0,0,0,0,0,0,0,0,0,0,0.00141471060526129,0,0,0,0,0,0,0,0,0,0,0,0,0,0,0,0,0,0,0,0,0,0,0,0,0,0,0,0,0,0,0,0,0,0,0,0,0,0,0,0,0,0,0,0,0,0,0,0,0,0,0.00141471060526129,0,0,0,0,0,0,0,0,0,0,0,0.00141471060526129,0.00141471060526129,0,0,0,0,0,0,0,0,0,0,0,0,0,0,0,0,0,0,0,0,0,0.00707355302630646,0,0,0,0,0,0,0,0,0,0,0,0,0,0,0,0,0,0,0,0,0,0,0,0,0,0,0,0,0,0,0,0,0,0,0,0,0,0,0,0,0,0,0,0,0,0,0,0,0,0,0,0,0,0,0,0,0,0,0,0,0,0,0,0,0,0,0,0,0,0,0,0,0,0,0,0,0,0,0,0,0,0,0,0,0,0,0,0,0,0,0,0,0,0,0,0,0,0,0,0,0,0,0,0,0,0,0,0,0,0,0,0,0,0,0,0,0,0,0,0,0,0,0,0,0,0,0,0,0,0,0,0,0,0,0,0,0,0,0,0,0,0,0,0,0,0,0,0,0,0,0,0,0,0,0,0,0,0,0,0,0,0,0,0,0,0,0,0,0,0,0,0,0,0,0,0,0,0,0,0,0,0,0,0.216696942405012,0,6.29005556294377,0,0,0,0,0,0,0,0,0,0,0,0,0,0,0,0,0,0,0,0,0,0,0,0,0,0,0,0,0,0,0,0,0,0,0,0,0,0,0,0,0,0,0,0,0,0,0,0,0,0,0,0,0,0,0,0,0,0,0,0,0,0,1.32190558955615,0,0,0,0,0,0,0,0,0,0,0,0,0,0,0,0,0,0,0,0,0,0,0,0,0,0,0,0,0,0,0,0,0,0,0,0,0,0,0,0,0.00402127509729693,0,0,0,0,0,0,0,0,0,0,0,0,0.0477413899693897,0,0,0,0,0,0,0,0,0,0,0,0,0,0,0,0,0,0,0,0,0,0,0,0,0,0,0,0,0,0,0,0,0,0,0,0,0,0,0,0,0,0,0,0,0,0,0,0,0,0,0,0,0,0,0,0,0,0,0,0,0,0,0,0,0,0,0,0,0,0,0,0,0,0,0,0,0,0,0,0,0,0,0,0,0,0,0,0,0,0,0,0,0,0,0.661147317486299,0,0,0,0,0,0.159938242368366,0,0,0,0,0,0,0,0,0,0,0,0,0,0,0,0,0,0,0,0,0,0,0,0,0,0,0,0,0,0,0,0,0,0,0,0,0,0,0,0,0,0,0,0,0,0,0,0,0,0,0,0,0,0,0,0,0,0.00614378156148365,0,0,0,0,0,0,0,0,0,0,0,0,0,0,0,0,0,0,0,0,0,0,0,0,0,0,0,0.0192672266751746,0,0,0,0,0,0,0,0,0,0,0,0,0,0,0,0,0,0,0,0,0,0,0,0,0,0,0,0,0,0,0,0,0,0,0,0,0,0,0,0,0,0,0,0,0,0,0,0,0,0,0,0,0,0,0,0,0,0,0,0,0,0,0,0,0,0,0,0,0,0,0,0.010476845589831,0,0,0,0,0,0,0,0,0,0,0,0,0,0,0,0,0,0,0,0,0,0,0,0,0,0,0,0,0,0,0,0,0,0,0,0,0,0,0,0,0,0,0,0,0,0,0,0,0,0,0.00516120381853846,0,0,0,0,0,0,0,0,0,0,0,0.00592358416602093,0.0122727559717022,0,0,0,0,0,0,0,0,0,0,0,0,0,0,0,0,0,0,0,0,0,0.0341063647719806,0,0,0,0,0,0,0,0,0,0,0,0,0,0,0,0,0,0,0,0,0,0,0,0,0,0,0,0,0,0,0,0,0,0,0,0,0,0,0,0,0,0,0,0,0,0,0,0,0,0,0,0,0,0,0,0,0,0,0,0,0,0,0,0,0,0,0,0,0,0,0,0,0,0,0,0,0,0,0,0,0,0,0,0,0,0,0,0,0,0,0,0,0,0,0,0,0,0,0,0,0,0,0,0,0,0,0,0,0,0,0,0,0,0,0,0,0,0,0,0,0,0,0,0,0,0,0,0,0,0,0,0,0,0,0,0,0,0,0,0,0,0,0,0,0,0,0,0,0,0,0,0,0,0,0,0,0,0,0,0,0,0,0,0,119.2844022,116.237202,112.223802,101.9921018,141.7534024,144.8455025,115.107202,131.5706024,134.4596024,133.1665023,138.0961023,"JOH-00447"
"55",2046,"nSPC",2010,"PRIAs","Pacific Remote Island Areas","Johnston","Johnston",2010,"LagoonMid","Johnston","2010-01-28","Lagoon","Mid",16.71442,-169.46956,13.5,3.75,0,17.5,42.5,1.25,35,NA,0,4.25,NA,NA,NA,4,2,0.874064474971197,0.117552206239263,8.05970054617034,3.37259871609341,12.4239159434742,1.48050996242836,0,0,0,0,0,0.0141471060526129,0,0,0.00141471060526129,0,0,0,0,0,0,0,0,0,0,0.0311236333157484,0,0.00282942121052258,0,0,0,0,0,0,0,0,0,0,0,0,0,0,0,0,0,0,0,0,0,0,0,0,0,0,0,0,0,0,0,0,0,0,0.00141471060526129,0,0,0,0,0,0,0,0,0,0,0,0,0.00282942121052258,0,0,0,0,0,0,0,0,0,0,0,0,0,0,0,0,0,0,0,0,0,0,0,0,0,0,0,0.00424413181578388,0,0,0,0,0,0,0,0,0,0,0,0,0,0,0,0,0,0,0,0,0,0,0,0,0,0,0,0.00424413181578388,0,0,0,0,0,0,0,0,0,0,0,0,0,0,0,0,0,0,0.00141471060526129,0,0,0,0,0,0,0,0,0,0,0,0,0,0,0,0,0,0,0,0,0,0,0,0,0,0.00282942121052258,0,0,0,0,0,0,0,0,0,0,0,0,0,0,0,0,0,0,0,0,0.00848826363156775,0,0,0,0,0,0,0,0,0,0,0,0,0,0,0,0,0,0,0,0,0,0,0,0,0,0,0,0,0,0,0,0,0,0,0,0,0,0,0,0,0,0.00141471060526129,0,0,0,0,0,0,0,0,0,0.0763943726841098,0,0,0.00424413181578388,0,0,0,0,0,0,0,0,0,0,0,0,0,0,0,0,0,0,0,0,0,0,0,0,0,0.00990297423682904,0,0,0,0,0,0,0,0,0,0,0,0,0,0,0,0,0,0,0,0,0,0,0,0,0,0,0.00424413181578388,0,0,0,0,0,0,0,0,0,0,0,0,0,0,0,0,0,0,0,0,0,0,0,0,0,0,0,0,0,0,0,0,0,0,0,0,0,0,0,0,0,0,0,0,0,0,0,0,0,0,0,0,0,0,0,0,0,0,0,0,0,0,0.00141471060526129,0,0,0,0,0,0,0,0,0,0,0,0,0,0,0,0,0,0,0,0,0,0,0,0,0,0,0,0,0,0,0,0,0,0,0,0,0,0,0,0,0,0,0,0,0,0,0,0,0,0,0,0,0,0,0,0.00565884242104517,0,0,0,0,0,0,0,0,0,0,0,0,0,0,0,0,0,0,0,0,0,0,0,0,0,0,0,0,0,0.00282942121052258,0,0,0,0,0,0.00141471060526129,0,0,0,0.00141471060526129,0,0.00424413181578388,0,0,0,0,0,0,0,0,0,0,0,0,0,0,0,0,0,0,0,0,0,0,0,0,0,0,0,0,0,0,0,0,0,0,0,0,0,0,0,0,0,0,0,0,0,0,0,0,0,0,0,0,0,0,0,0,0,0,0,0,0,0,0,0,0,0,0,0,0,0,0,0,0,0,0,0,0,0,0,0,0,0,0,0,0,0,0,0,0,0,0,0,0,0,0,0,0,0,0,0,0,0,0,0,0,0,0,0,0,0,0,0,0,0,0,0,0,0.0113176848420903,0,0,0,0,0,0,0,0,0,0,0,0,0,0,0,0,0,0,0,0,0,0,0,0,0,0,0,0,0,0,0,0,0,0,0,0,0,0,0,0,0,0,0,0,0,0,0.00707355302630646,0,0,0,0,0,0,0,0,0,0,0,0,0,0,0,0,0,0,0,0,0,0,0,0,0,0,0,1.13583577719916,0,0,0.334366516561722,0,0,0,0,0,0,0,0,0,0,0.876023633386944,0,0.27213503040535,0,0,0,0,0,0,0,0,0,0,0,0,0,0,0,0,0,0,0,0,0,0,0,0,0,0,0,0,0,0,0,0,0,0,0.050133807073947,0,0,0,0,0,0,0,0,0,0,0,0,1.44602183681656,0,0,0,0,0,0,0,0,0,0,0,0,0,0,0,0,0,0,0,0,0,0,0,0,0,0,0,0.493424766534931,0,0,0,0,0,0,0,0,0,0,0,0,0,0,0,0,0,0,0,0,0,0,0,0,0,0,0,0.0200980044216744,0,0,0,0,0,0,0,0,0,0,0,0,0,0,0,0,0,0,0.173188107259318,0,0,0,0,0,0,0,0,0,0,0,0,0,0,0,0,0,0,0,0,0,0,0,0,0,0.0817502926299197,0,0,0,0,0,0,0,0,0,0,0,0,0,0,0,0,0,0,0,0,0.53273950109066,0,0,0,0,0,0,0,0,0,0,0,0,0,0,0,0,0,0,0,0,0,0,0,0,0,0,0,0,0,0,0,0,0,0,0,0,0,0,0,0,0,0.0631617355667378,0,0,0,0,0,0,0,0,0,3.36359329969956,0,0,0.117552206239263,0,0,0,0,0,0,0,0,0,0,0,0,0,0,0,0,0,0,0,0,0,0,0,0,0,0.650461095765335,0,0,0,0,0,0,0,0,0,0,0,0,0,0,0,0,0,0,0,0,0,0,0,0,0,0,0.0880502909156089,0,0,0,0,0,0,0,0,0,0,0,0,0,0,0,0,0,0,0,0,0,0,0,0,0,0,0,0,0,0,0,0,0,0,0,0,0,0,0,0,0,0,0,0,0,0,0,0,0,0,0,0,0,0,0,0,0,0,0,0,0,0,0.0044877782365026,0,0,0,0,0,0,0,0,0,0,0,0,0,0,0,0,0,0,0,0,0,0,0,0,0,0,0,0,0,0,0,0,0,0,0,0,0,0,0,0,0,0,0,0,0,0,0,0,0,0,0,0,0,0,0,0.577138322067572,0,0,0,0,0,0,0,0,0,0,0,0,0,0,0,0,0,0,0,0,0,0,0,0,0,0,0,0,0,0.661470394947222,0,0,0,0,0,0.162460272950028,0,0,0,0.417701594636753,0,0.322380363717729,0,0,0,0,0,0,0,0,0,0,0,0,0,0,0,0,0,0,0,0,0,0,0,0,0,0,0,0,0,0,0,0,0,0,0,0,0,0,0,0,0,0,0,0,0,0,0,0,0,0,0,0,0,0,0,0,0,0,0,0,0,0,0,0,0,0,0,0,0,0,0,0,0,0,0,0,0,0,0,0,0,0,0,0,0,0,0,0,0,0,0,0,0,0,0,0,0,0,0,0,0,0,0,0,0,0,0,0,0,0,0,0,0,0,0,0,0,0.454345694802766,0,0,0,0,0,0,0,0,0,0,0,0,0,0,0,0,0,0,0,0,0,0,0,0,0,0,0,0,0,0,0,0,0,0,0,0,0,0,0,0,0,0,0,0,0,0,0.125395620548943,0,0,0,0,0,0,0,0,0,0,0,0,0,0,0,0,0,0,0,0,0,0,107.510402,90.6381016,84.67500152,89.68010155,118.791602,127.5105023,102.3328018,105.8149019,119.3140021,120.1222021,118.578602,"JOH-00436"
"56",2047,"nSPC",2010,"PRIAs","Pacific Remote Island Areas","Johnston","Johnston",2010,"LagoonMid","Johnston","2010-01-28","Lagoon","Mid",16.73486,-169.46269,8.5,17.5,0,7.5,36.25,5,33.75,NA,0,5.5,NA,NA,NA,4,2,0.470314697964317,0.156736274985684,11.0611588418036,3.3814389717932,15.0696487865468,4.40499190818604,0,0,0,0,0,0.00282942121052258,0,0,0,0,0,0,0,0,0,0,0,0,0,0.0155618166578742,0,0.0141471060526129,0,0,0,0,0.00848826363156775,0,0,0,0,0,0,0,0,0,0,0,0,0,0,0,0,0,0,0,0,0,0,0,0,0,0,0,0,0,0,0,0,0,0,0,0,0,0,0,0,0,0,0,0,0,0,0,0,0,0,0,0,0,0,0,0,0,0,0,0,0,0,0,0,0,0,0,0,0,0,0.00141471060526129,0,0,0,0,0.00141471060526129,0,0,0,0,0,0,0,0,0,0,0,0,0,0,0,0,0,0,0,0,0,0,0,0,0,0,0,0,0,0,0,0,0,0,0,0,0,0,0,0,0,0.00990297423682904,0,0,0,0,0,0,0,0,0,0.00141471060526129,0,0,0,0,0,0,0,0,0,0,0,0,0,0,0,0,0,0,0,0,0,0,0,0,0,0,0,0,0,0,0,0,0,0,0,0,0.0198059484736581,0,0,0,0,0,0.00424413181578388,0,0,0,0,0.00141471060526129,0,0,0,0,0,0,0,0,0,0,0,0,0,0,0,0,0,0,0,0,0,0,0,0,0,0,0,0,0,0,0,0,0,0,0,0,0,0,0,0,0.0141471060526129,0,0,0.00565884242104517,0,0,0,0,0,0,0,0,0,0,0,0,0,0,0,0,0,0,0,0,0,0,0,0,0,0.00565884242104517,0,0,0,0,0,0,0,0,0,0,0,0,0,0,0,0,0,0,0,0,0,0,0,0,0,0,0.00141471060526129,0,0,0,0,0,0,0,0,0,0,0,0,0,0,0,0,0,0,0,0,0,0,0,0,0,0,0,0,0,0,0,0,0,0,0,0,0,0,0,0,0,0,0,0,0,0,0,0,0,0,0,0,0,0,0,0,0,0,0,0,0,0,0,0,0,0,0,0,0,0,0,0,0,0,0,0,0,0,0,0,0,0,0,0,0,0,0,0,0,0,0,0,0,0,0,0,0,0.00848826363156775,0,0,0,0,0,0,0,0,0,0,0,0,0,0,0,0,0,0,0,0,0.00848826363156775,0,0,0,0,0,0,0,0,0,0,0,0,0,0,0,0,0,0,0,0,0,0,0,0,0,0,0,0,0,0.00141471060526129,0,0,0,0,0,0,0,0,0,0,0,0.00848826363156775,0,0,0,0.0113176848420903,0,0,0.00141471060526129,0,0,0,0,0,0,0,0,0,0,0,0,0,0,0,0,0,0,0,0,0,0,0,0,0,0,0,0,0,0,0,0,0,0,0,0,0,0,0,0,0,0,0,0,0,0,0,0,0,0,0,0,0,0,0,0,0,0,0,0,0,0,0,0,0,0,0,0,0,0,0,0,0,0,0,0,0,0,0,0,0,0,0,0,0,0,0,0,0,0,0,0,0,0,0,0,0,0,0.00141471060526129,0,0,0,0,0,0,0,0,0,0,0,0.0466854499736226,0,0,0,0,0,0,0,0,0,0,0,0,0,0,0,0,0,0,0,0,0,0,0,0,0,0,0,0,0,0,0,0,0,0,0,0,0,0,0,0,0,0,0,0,0,0,0.00565884242104517,0,0,0,0,0,0,0,0,0,0,0,0,0,0,0,0,0,0.00141471060526129,0.00565884242104517,0,0,0,0,0,0,0,0,0.216415354839846,0,0,0,0,0,0,0,0,0,0,0,0,0,0.458151979836009,0,4.03309398069861,0,0,0,0,0.49663259495825,0,0,0,0,0,0,0,0,0,0,0,0,0,0,0,0,0,0,0,0,0,0,0,0,0,0,0,0,0,0,0,0,0,0,0,0,0,0,0,0,0,0,0,0,0,0,0,0,0,0,0,0,0,0,0,0,0,0,0,0,0,0,0,0,0,0,0,0,0,0,0.0915605635985568,0,0,0,0,0.00563023883485394,0,0,0,0,0,0,0,0,0,0,0,0,0,0,0,0,0,0,0,0,0,0,0,0,0,0,0,0,0,0,0,0,0,0,0,0,0,0,0,0,0,0.877920831930554,0,0,0,0,0,0,0,0,0,0.154302158707046,0,0,0,0,0,0,0,0,0,0,0,0,0,0,0,0,0,0,0,0,0,0,0,0,0,0,0,0,0,0,0,0,0,0,0,0,1.46031928985522,0,0,0,0,0,0.211327416344772,0,0,0,0,0.0272961638589081,0,0,0,0,0,0,0,0,0,0,0,0,0,0,0,0,0,0,0,0,0,0,0,0,0,0,0,0,0,0,0,0,0,0,0,0,0,0,0,0,0.754654737006952,0,0,0.156736274985684,0,0,0,0,0,0,0,0,0,0,0,0,0,0,0,0,0,0,0,0,0,0,0,0,0,0.940310086928615,0,0,0,0,0,0,0,0,0,0,0,0,0,0,0,0,0,0,0,0,0,0,0,0,0,0,0.013078105191551,0,0,0,0,0,0,0,0,0,0,0,0,0,0,0,0,0,0,0,0,0,0,0,0,0,0,0,0,0,0,0,0,0,0,0,0,0,0,0,0,0,0,0,0,0,0,0,0,0,0,0,0,0,0,0,0,0,0,0,0,0,0,0,0,0,0,0,0,0,0,0,0,0,0,0,0,0,0,0,0,0,0,0,0,0,0,0,0,0,0,0,0,0,0,0,0,0,0.300111983496039,0,0,0,0,0,0,0,0,0,0,0,0,0,0,0,0,0,0,0,0,0.569717729846892,0,0,0,0,0,0,0,0,0,0,0,0,0,0,0,0,0,0,0,0,0,0,0,0,0,0,0,0,0,0.470314697964317,0,0,0,0,0,0,0,0,0,0,0,0.504030655593409,0,0,0,0.0482925919930603,0,0,0.0312325625103807,0,0,0,0,0,0,0,0,0,0,0,0,0,0,0,0,0,0,0,0,0,0,0,0,0,0,0,0,0,0,0,0,0,0,0,0,0,0,0,0,0,0,0,0,0,0,0,0,0,0,0,0,0,0,0,0,0,0,0,0,0,0,0,0,0,0,0,0,0,0,0,0,0,0,0,0,0,0,0,0,0,0,0,0,0,0,0,0,0,0,0,0,0,0,0,0,0,0,0.058512021941919,0,0,0,0,0,0,0,0,0,0,0,2.74630744079728,0,0,0,0,0,0,0,0,0,0,0,0,0,0,0,0,0,0,0,0,0,0,0,0,0,0,0,0,0,0,0,0,0,0,0,0,0,0,0,0,0,0,0,0,0,0,0.189824453780105,0,0,0,0,0,0,0,0,0,0,0,0,0,0,0,0,0,0.132004553451819,0.121870317596153,0,0,0,0,0,0,0,0,0,0,0,0,0,0,"JOH-00128"
"57",2049,"nSPC",2010,"PRIAs","Pacific Remote Island Areas","Johnston","Johnston",2010,"BackreefShallow","Johnston","2010-01-28","Backreef","Shallow",16.7662,-169.50941,6,36,0,0,38.75,25,0.25,NA,0,4.75,NA,NA,NA,4,2,1.52816636105045,0.0669942959444258,10.0268751180827,3.73284331135021,15.3548790864278,6.12028029175426,0,0,0,0,0,0.00565884242104517,0,0,0,0,0,0,0,0,0,0,0,0,0,0.0509295817894065,0,0,0,0,0,0,0,0,0,0,0,0,0,0,0,0,0,0,0,0,0,0,0,0,0,0,0,0,0,0,0,0,0,0,0,0,0,0,0,0,0,0,0,0,0,0,0,0.00141471060526129,0,0,0,0,0,0.00141471060526129,0,0,0,0,0,0,0,0,0,0,0,0,0,0,0,0,0,0,0,0,0,0,0,0,0,0,0,0,0,0,0,0,0,0,0,0,0,0,0,0,0,0,0,0,0,0,0,0,0,0,0,0,0,0,0,0,0,0,0,0,0,0,0,0,0,0,0,0,0,0,0.00565884242104517,0,0,0,0,0,0,0,0,0,0.00424413181578388,0,0,0,0,0,0,0,0,0,0,0,0,0,0,0,0.00565884242104517,0,0,0,0,0,0,0,0,0.00424413181578388,0,0,0,0.00282942121052258,0,0,0,0,0,0,0,0.0622472666314969,0,0,0,0,0,0.0226353696841807,0,0,0,0,0.00424413181578388,0,0,0,0,0,0,0,0,0,0,0,0,0,0,0,0,0,0,0,0,0,0,0,0,0,0,0,0,0,0,0,0,0,0,0,0,0,0,0,0,0.0381971863420549,0,0,0.00282942121052258,0,0,0,0,0,0,0,0,0,0,0,0,0,0,0,0,0,0,0,0,0,0,0,0,0,0.00565884242104517,0,0,0,0,0,0,0,0,0,0,0,0,0,0,0,0,0.00282942121052258,0,0,0,0,0,0,0,0,0,0.0282942121052258,0,0,0,0,0,0,0,0,0,0,0,0,0,0,0,0,0,0,0,0,0,0,0,0,0,0,0,0,0,0,0,0,0,0,0,0,0,0,0,0,0,0,0,0,0,0,0,0,0,0,0,0,0,0,0,0,0,0,0,0,0,0,0,0,0,0,0,0,0,0,0,0,0,0,0,0,0,0,0,0,0,0,0,0,0,0,0,0,0,0,0,0,0,0,0,0,0,0,0,0,0,0,0,0,0,0,0,0,0,0,0,0,0,0,0,0,0,0,0.0113176848420903,0,0,0,0,0,0,0,0,0,0,0,0,0,0,0,0.00141471060526129,0,0,0,0,0,0,0.00848826363156775,0,0,0,0,0,0,0.00707355302630646,0,0,0,0,0,0,0,0,0,0.00141471060526129,0,0.00424413181578388,0,0,0,0,0,0,0.00141471060526129,0,0,0,0,0,0,0,0,0,0,0,0,0,0,0,0,0.00424413181578388,0,0,0,0,0,0,0,0,0,0,0,0,0,0,0,0,0,0,0,0,0,0,0,0,0,0,0,0,0,0,0,0,0,0,0,0,0,0,0,0,0,0,0,0,0,0,0,0,0,0,0,0,0,0,0,0,0,0,0,0,0,0,0,0,0,0,0,0,0,0,0,0,0,0,0,0,0,0,0,0,0,0,0,0,0,0,0,0,0,0,0,0,0,0.00282942121052258,0,0,0,0,0,0,0,0,0,0,0,0,0,0,0,0,0,0,0,0,0,0,0,0,0.00141471060526129,0,0,0,0,0,0,0,0,0,0,0,0,0,0,0,0,0,0,0,0,0,0.0268795014999645,0,0,0,0,0,0,0,0,0,0,0,0,0,0,0,0,0,0.00141471060526129,0.0311236333157484,0,0,0,0,0,0,0,0,0.277636956282529,0,0,0,0,0,0,0,0,0,0,0,0,0,1.09509943722542,0,0,0,0,0,0,0,0,0,0,0,0,0,0,0,0,0,0,0,0,0,0,0,0,0,0,0,0,0,0,0,0,0,0,0,0,0,0,0,0,0,0,0,0,0,0,0,0.0844911035868976,0,0,0,0,0,0.126827840930893,0,0,0,0,0,0,0,0,0,0,0,0,0,0,0,0,0,0,0,0,0,0,0,0,0,0,0,0,0,0,0,0,0,0,0,0,0,0,0,0,0,0,0,0,0,0,0,0,0,0,0,0,0,0,0,0,0,0,0,0,0,0,0,0,0,0,0,0,0,0,0.239325800986144,0,0,0,0,0,0,0,0,0,0.227412911607074,0,0,0,0,0,0,0,0,0,0,0,0,0,0,0,0.190451094593184,0,0,0,0,0,0,0,0,0.12445185596858,0,0,0,3.30889662651047,0,0,0,0,0,0,0,2.64133246921678,0,0,0,0,0,0.82310134178841,0,0,0,0,0.170021990438996,0,0,0,0,0,0,0,0,0,0,0,0,0,0,0,0,0,0,0,0,0,0,0,0,0,0,0,0,0,0,0,0,0,0,0,0,0,0,0,0,0.895644795927292,0,0,0.0669942959444258,0,0,0,0,0,0,0,0,0,0,0,0,0,0,0,0,0,0,0,0,0,0,0,0,0,0.112107186617051,0,0,0,0,0,0,0,0,0,0,0,0,0,0,0,0,0.0470744953900695,0,0,0,0,0,0,0,0,0,0.479487639647462,0,0,0,0,0,0,0,0,0,0,0,0,0,0,0,0,0,0,0,0,0,0,0,0,0,0,0,0,0,0,0,0,0,0,0,0,0,0,0,0,0,0,0,0,0,0,0,0,0,0,0,0,0,0,0,0,0,0,0,0,0,0,0,0,0,0,0,0,0,0,0,0,0,0,0,0,0,0,0,0,0,0,0,0,0,0,0,0,0,0,0,0,0,0,0,0,0,0,0,0,0,0,0,0,0,0,0,0,0,0,0,0,0,0,0,0,0,0,0.456780051585895,0,0,0,0,0,0,0,0,0,0,0,0,0,0,0,0.0402115678487922,0,0,0,0,0,0,0.2938717600379,0,0,0,0,0,0,1.40133852011956,0,0,0,0,0,0,0,0,0,0.113477893263893,0,0.143123800518717,0,0,0,0,0,0,0.0161849260545451,0,0,0,0,0,0,0,0,0,0,0,0,0,0,0,0,0.045072737754939,0,0,0,0,0,0,0,0,0,0,0,0,0,0,0,0,0,0,0,0,0,0,0,0,0,0,0,0,0,0,0,0,0,0,0,0,0,0,0,0,0,0,0,0,0,0,0,0,0,0,0,0,0,0,0,0,0,0,0,0,0,0,0,0,0,0,0,0,0,0,0,0,0,0,0,0,0,0,0,0,0,0,0,0,0,0,0,0,0,0,0,0,0,0.170051196027009,0,0,0,0,0,0,0,0,0,0,0,0,0,0,0,0,0,0,0,0,0,0,0,0,0.00458366236104659,0,0,0,0,0,0,0,0,0,0,0,0,0,0,0,0,0,0,0,0,0,0.475559272077035,0,0,0,0,0,0,0,0,0,0,0,0,0,0,0,0,0,0.102832270809469,1.18143358530734,0,0,0,0,0,0,0,0,0,0,0,0,0,0,"JOH-00147"
"58",2050,"nSPC",2010,"PRIAs","Pacific Remote Island Areas","Johnston","Johnston",2010,"BackreefShallow","Johnston","2010-01-28","Backreef","Shallow",16.76044,-169.51276,14,11.75,0,0,13.75,31.25,43.25,NA,0,1.5,NA,NA,NA,4,2,2.22353772370703,0.187731873516813,3.95523415561479,2.52865792456536,8.895161677404,2.98239901528008,0,0,0,0,0,0.00141471060526129,0,0,0,0,0,0,0,0,0,0,0,0,0,0.00990297423682904,0,0.00424413181578388,0,0,0,0,0.00424413181578388,0,0,0,0,0,0,0,0,0,0,0,0,0,0,0,0,0,0,0,0,0,0,0,0,0,0,0,0,0,0.00707355302630646,0,0,0,0,0,0,0,0,0,0,0,0,0,0,0,0,0,0,0,0,0,0,0,0,0,0,0,0,0,0,0,0,0,0,0,0,0,0,0,0,0,0,0,0,0,0.00282942121052258,0,0,0,0,0,0,0,0,0,0,0,0,0,0,0,0,0,0,0,0,0,0,0,0,0,0,0,0,0,0,0,0,0,0,0,0,0,0,0,0,0,0.00848826363156775,0,0,0,0,0,0,0,0,0,0.00282942121052258,0,0,0,0,0,0,0,0,0,0,0,0,0,0,0,0,0,0,0,0,0,0,0,0,0.00282942121052258,0,0,0,0,0,0,0,0,0,0,0,0.0749796620788485,0,0,0,0,0,0.00282942121052258,0,0,0,0,0,0,0,0,0,0,0,0,0,0,0,0,0,0,0,0,0,0,0,0,0,0,0,0,0,0,0,0,0,0,0,0,0,0,0,0,0,0,0,0,0,0.00141471060526129,0,0,0.00990297423682904,0,0,0,0,0,0,0,0,0,0,0,0,0,0,0,0,0,0,0,0,0,0,0,0,0,0.00424413181578388,0,0,0,0,0,0,0,0,0,0,0,0,0,0,0,0,0,0,0,0,0,0,0,0,0,0,0.00565884242104517,0,0,0,0,0,0,0,0,0,0,0,0,0,0,0,0,0,0,0,0,0,0,0,0,0,0,0,0,0,0,0,0,0,0,0,0,0,0,0,0,0,0,0,0,0,0,0,0,0,0,0,0,0,0,0,0,0,0,0,0,0,0,0,0,0,0,0,0,0,0,0,0,0,0,0,0,0,0,0,0,0,0,0,0,0,0,0,0,0,0,0,0,0,0,0,0,0,0.0113176848420903,0,0,0,0,0,0,0,0,0,0,0,0,0,0,0,0,0,0,0,0,0.00282942121052258,0,0,0,0,0,0,0,0,0,0,0,0,0,0,0,0,0,0,0,0,0,0,0,0,0,0,0,0,0,0.00565884242104517,0,0,0,0,0,0.00282942121052258,0,0,0,0,0,0.00565884242104517,0,0,0,0,0,0,0.00141471060526129,0,0,0,0,0,0,0,0,0,0,0,0,0,0,0,0,0,0,0,0,0,0,0,0,0,0,0,0,0,0,0,0,0,0,0,0,0,0,0,0,0,0,0,0,0,0,0,0,0,0,0,0,0,0,0,0,0,0,0,0,0,0,0,0,0,0,0,0,0,0,0,0,0,0,0,0,0,0,0,0,0,0,0,0,0,0,0,0,0,0,0,0,0,0,0,0,0,0,0,0,0,0,0,0,0,0,0,0,0,0,0.0155618166578742,0,0,0,0,0,0,0,0,0,0,0,0,0,0,0,0,0,0,0,0,0,0,0,0,0.00141471060526129,0,0,0,0,0,0,0,0.00282942121052258,0,0,0,0,0,0,0,0,0,0,0,0,0,0.0155618166578742,0,0,0.00282942121052258,0,0,0,0,0,0,0,0,0,0,0,0,0,0,0,0,0,0,0,0,0,0,0,0,0.0611154981472878,0,0,0,0,0,0,0,0,0,0,0,0,0,0.201905802600653,0,0.380827545653573,0,0,0,0,0.168445468344275,0,0,0,0,0,0,0,0,0,0,0,0,0,0,0,0,0,0,0,0,0,0,0,0,0,0,0,0,0,1.57772204946313,0,0,0,0,0,0,0,0,0,0,0,0,0,0,0,0,0,0,0,0,0,0,0,0,0,0,0,0,0,0,0,0,0,0,0,0,0,0,0,0,0,0,0,0,0,0.0150486206909248,0,0,0,0,0,0,0,0,0,0,0,0,0,0,0,0,0,0,0,0,0,0,0,0,0,0,0,0,0,0,0,0,0,0,0,0,0,0,0,0,0,0.470004933431533,0,0,0,0,0,0,0,0,0,0.18425671163183,0,0,0,0,0,0,0,0,0,0,0,0,0,0,0,0,0,0,0,0,0,0,0,0,0.0460452818898974,0,0,0,0,0,0,0,0,0,0,0,2.62755620885857,0,0,0,0,0,0.116722873863301,0,0,0,0,0,0,0,0,0,0,0,0,0,0,0,0,0,0,0,0,0,0,0,0,0,0,0,0,0,0,0,0,0,0,0,0,0,0,0,0,0,0,0,0,0,0.0537816383696133,0,0,0.187731873516813,0,0,0,0,0,0,0,0,0,0,0,0,0,0,0,0,0,0,0,0,0,0,0,0,0,0.337632182149663,0,0,0,0,0,0,0,0,0,0,0,0,0,0,0,0,0,0,0,0,0,0,0,0,0,0,0.0838165133257723,0,0,0,0,0,0,0,0,0,0,0,0,0,0,0,0,0,0,0,0,0,0,0,0,0,0,0,0,0,0,0,0,0,0,0,0,0,0,0,0,0,0,0,0,0,0,0,0,0,0,0,0,0,0,0,0,0,0,0,0,0,0,0,0,0,0,0,0,0,0,0,0,0,0,0,0,0,0,0,0,0,0,0,0,0,0,0,0,0,0,0,0,0,0,0,0,0,0.490190318324392,0,0,0,0,0,0,0,0,0,0,0,0,0,0,0,0,0,0,0,0,0.0917105665283864,0,0,0,0,0,0,0,0,0,0,0,0,0,0,0,0,0,0,0,0,0,0,0,0,0,0,0,0,0,0.457340005031602,0,0,0,0,0,0.188475669212299,0,0,0,0,0,0.213555735530664,0,0,0,0,0,0,0.0109211015080624,0,0,0,0,0,0,0,0,0,0,0,0,0,0,0,0,0,0,0,0,0,0,0,0,0,0,0,0,0,0,0,0,0,0,0,0,0,0,0,0,0,0,0,0,0,0,0,0,0,0,0,0,0,0,0,0,0,0,0,0,0,0,0,0,0,0,0,0,0,0,0,0,0,0,0,0,0,0,0,0,0,0,0,0,0,0,0,0,0,0,0,0,0,0,0,0,0,0,0,0,0,0,0,0,0,0,0,0,0,0,0.354842806421507,0,0,0,0,0,0,0,0,0,0,0,0,0,0,0,0,0,0,0,0,0,0,0,0,0.00265258238486492,0,0,0,0,0,0,0,0.134270749429591,0,0,0,0,0,0,0,0,0,0,0,0,0,0.365078377416798,0,0,0.0735105636789889,0,0,0,0,0,0,0,0,0,0,0,0,0,0,0,0,0,0,0,0,0,0,0,0,0,0,0,0,0,0,"JOH-00464"
"59",2051,"nSPC",2010,"PRIAs","Pacific Remote Island Areas","Johnston","Johnston",2010,"BackreefShallow","Johnston","2010-01-28","Backreef","Shallow",16.7374,-169.54233,4,25,0,0,20,22.5,32.5,NA,0,3.25,NA,NA,NA,4,2,0.586391291596975,1.72879837066788,8.28901799374327,2.78417852938456,13.3883861853927,5.28673959573052,0,0,0,0,0,0,0,0,0,0,0,0,0,0,0,0,0,0,0,0.0141471060526129,0,0,0,0,0,0,0,0,0,0,0,0,0,0,0,0,0,0,0,0,0,0,0,0,0,0,0,0,0,0,0,0,0,0,0,0,0,0,0,0,0,0,0,0,0,0,0,0,0,0,0,0,0,0.00141471060526129,0,0,0,0,0,0,0,0,0,0,0,0,0,0,0,0,0,0,0,0,0,0,0,0,0,0,0,0,0.00141471060526129,0,0,0,0,0,0,0,0,0,0,0,0,0,0,0,0,0,0,0,0,0,0,0,0,0,0,0,0,0,0,0,0,0,0,0,0,0,0,0,0,0,0.00707355302630646,0,0,0,0,0,0,0,0,0,0.00282942121052258,0,0,0,0,0,0,0,0,0,0,0,0,0,0,0,0.00282942121052258,0,0,0,0,0,0,0,0,0.0113176848420903,0,0,0,0,0,0,0,0,0,0,0,0.0905414787367227,0,0,0,0,0,0.0155618166578742,0,0,0,0,0.00141471060526129,0,0,0,0,0,0,0,0,0,0,0,0,0,0,0,0,0,0,0,0,0,0,0,0,0,0,0,0,0,0,0.00141471060526129,0,0,0,0,0,0,0,0,0,0.0523442923946678,0,0,0.0169765272631355,0,0,0,0,0,0,0,0,0,0,0,0,0,0,0,0,0,0,0,0,0,0,0,0,0,0.00707355302630646,0,0,0,0,0,0,0,0,0,0,0,0,0,0,0,0,0,0,0,0,0,0,0,0,0,0,0.00707355302630646,0,0,0,0,0,0,0,0,0,0,0,0,0,0,0,0,0,0,0,0,0,0,0,0,0,0,0,0,0,0,0,0,0,0,0,0,0,0,0,0,0,0,0,0,0,0,0,0,0,0,0,0,0,0,0,0,0,0,0,0,0,0,0,0,0,0,0,0,0,0,0,0,0,0,0,0,0,0,0,0,0,0,0,0,0,0,0,0,0,0,0,0,0,0.0113176848420903,0.00282942121052258,0,0,0.00707355302630646,0,0,0,0,0.00565884242104517,0,0,0,0,0,0,0,0,0,0,0,0,0,0,0,0.00707355302630646,0,0,0,0,0,0,0,0,0,0,0,0,0,0,0,0,0,0,0,0,0,0,0,0,0,0,0,0,0,0.00282942121052258,0.00141471060526129,0,0,0,0,0,0,0,0,0.00282942121052258,0,0,0,0,0,0,0,0,0.00141471060526129,0,0,0,0,0,0,0,0,0,0,0,0,0,0,0,0,0.00990297423682904,0,0,0,0,0,0,0,0,0,0,0,0,0,0,0,0,0,0,0,0,0,0,0,0,0,0,0,0,0,0,0,0,0,0,0,0,0,0,0,0,0,0,0,0,0,0,0,0,0,0,0,0,0,0,0,0,0,0,0,0,0,0,0,0.00141471060526129,0,0,0,0,0,0,0,0,0,0,0,0,0,0,0,0,0,0,0,0,0,0,0,0,0,0,0,0,0,0.0282942121052258,0,0,0,0.00141471060526129,0,0,0,0,0,0,0,0,0,0,0,0,0,0,0,0,0,0,0,0,0.00565884242104517,0,0,0,0,0,0,0,0,0,0,0,0,0,0,0,0,0,0,0,0,0,0.0141471060526129,0,0,0.00141471060526129,0,0,0,0,0,0,0,0,0,0,0,0,0,0,0.00141471060526129,0.0127323954473516,0,0,0,0,0,0,0,0,0,0,0,0,0,0,0,0,0,0,0,0,0,0,0.239155541614728,0,0,0,0,0,0,0,0,0,0,0,0,0,0,0,0,0,0,0,0,0,0,0,0,0,0,0,0,0,0,0,0,0,0,0,0,0,0,0,0,0,0,0,0,0,0,0,0,0,0,0,0,0,0.277842102204443,0,0,0,0,0,0,0,0,0,0,0,0,0,0,0,0,0,0,0,0,0,0,0,0,0,0,0,0,0.00563023883485394,0,0,0,0,0,0,0,0,0,0,0,0,0,0,0,0,0,0,0,0,0,0,0,0,0,0,0,0,0,0,0,0,0,0,0,0,0,0,0,0,0,0.31074746839628,0,0,0,0,0,0,0,0,0,0.205065823910012,0,0,0,0,0,0,0,0,0,0,0,0,0,0,0,0.0596619299544288,0,0,0,0,0,0,0,0,0.289296993903115,0,0,0,0,0,0,0,0,0,0,0,4.11555892916792,0,0,0,0,0,0.502179043088751,0,0,0,0,0.0672902102433523,0,0,0,0,0,0,0,0,0,0,0,0,0,0,0,0,0,0,0,0,0,0,0,0,0,0,0,0,0,0,0.0757601579197711,0,0,0,0,0,0,0,0,0,1.46906661613664,0,0,0.270628666165307,0,0,0,0,0,0,0,0,0,0,0,0,0,0,0,0,0,0,0,0,0,0,0,0,0,0.281584247794349,0,0,0,0,0,0,0,0,0,0,0,0,0,0,0,0,0,0,0,0,0,0,0,0,0,0,0.109085726055136,0,0,0,0,0,0,0,0,0,0,0,0,0,0,0,0,0,0,0,0,0,0,0,0,0,0,0,0,0,0,0,0,0,0,0,0,0,0,0,0,0,0,0,0,0,0,0,0,0,0,0,0,0,0,0,0,0,0,0,0,0,0,0,0,0,0,0,0,0,0,0,0,0,0,0,0,0,0,0,0,0,0,0,0,0,0,0,0,0,0,0,0,0,0.749296578909318,0.387383452121338,0,0,0.282342536093748,0,0,0,0,0.708873125593252,0,0,0,0,0,0,0,0,0,0,0,0,0,0,0,0.336158208302274,0,0,0,0,0,0,0,0,0,0,0,0,0,0,0,0,0,0,0,0,0,0,0,0,0,0,0,0,0,0.308549189392533,0.0102173073532955,0,0,0,0,0,0,0,0,0.163317778491558,0,0,0,0,0,0,0,0,0.0109211015080624,0,0,0,0,0,0,0,0,0,0,0,0,0,0,0,0,0.103459226463989,0,0,0,0,0,0,0,0,0,0,0,0,0,0,0,0,0,0,0,0,0,0,0,0,0,0,0,0,0,0,0,0,0,0,0,0,0,0,0,0,0,0,0,0,0,0,0,0,0,0,0,0,0,0,0,0,0,0,0,0,0,0,0,0.0522944720699266,0,0,0,0,0,0,0,0,0,0,0,0,0,0,0,0,0,0,0,0,0,0,0,0,0,0,0,0,0,1.17040297499891,0,0,0,0.000777691563691216,0,0,0,0,0,0,0,0,0,0,0,0,0,0,0,0,0,0,0,0,0.0317461059820634,0,0,0,0,0,0,0,0,0,0,0,0,0,0,0,0,0,0,0,0,0,0.151657134346792,0,0,0.0189859879276842,0,0,0,0,0,0,0,0,0,0,0,0,0,0,0.0585652778822433,0.564884341002922,0,0,0,0,0,0,0,0,0,0,0,0,0,0,"JOH-00450"
"60",2052,"nSPC",2010,"PRIAs","Pacific Remote Island Areas","Johnston","Johnston",2010,"BackreefShallow","Johnston","2010-01-28","Backreef","Shallow",16.73411,-169.5452,4,43.5,0,0,21.25,30,5.25,NA,0,5,NA,NA,NA,4,2,2.96378547232318,7.81354819196697,8.11673107872673,5.85834277763964,24.7524075206565,2.00530335725033,0,0,0,0,0,0.00141471060526129,0,0,0,0,0,0,0,0,0,0,0,0,0,0.0848826363156775,0,0,0,0,0,0,0.00141471060526129,0,0,0,0,0,0,0,0,0,0,0,0,0,0,0,0,0,0,0,0,0,0,0,0,0,0,0,0,0,0.00565884242104517,0,0,0,0,0,0,0,0,0,0,0.00141471060526129,0,0.00141471060526129,0,0,0,0,0,0,0,0,0,0,0,0,0,0,0,0,0,0,0,0,0,0,0,0,0,0,0,0,0,0,0,0,0,0,0,0,0,0,0,0,0,0,0,0,0,0,0,0,0,0,0,0,0,0,0,0,0,0,0,0,0,0,0,0,0,0,0,0,0,0.00707355302630646,0,0,0,0,0,0,0,0,0,0,0,0,0,0,0.00565884242104517,0,0,0,0,0,0,0,0,0,0,0,0,0,0,0,0,0,0,0,0,0,0,0,0,0.00848826363156775,0,0,0,0,0,0,0,0.00282942121052258,0,0,0,0.0735649514735872,0,0,0,0,0,0.0169765272631355,0,0,0,0,0.00565884242104517,0,0,0,0,0,0,0,0,0,0,0,0,0,0,0,0,0,0,0,0,0,0,0,0,0,0,0,0,0,0,0.00282942121052258,0,0,0,0,0,0,0,0,0,0.058003134815713,0,0,0.00848826363156775,0,0,0,0,0,0,0,0,0,0,0,0,0,0,0,0,0,0,0,0,0,0,0,0,0,0.00282942121052258,0,0,0,0,0,0,0,0,0,0,0,0,0,0,0,0,0,0,0,0,0,0,0,0,0,0,0.00990297423682904,0,0,0,0,0,0,0,0,0,0,0,0,0,0,0,0,0,0,0,0,0,0,0,0,0,0,0,0,0,0,0,0,0,0,0,0,0,0,0,0.00282942121052258,0,0,0,0,0,0,0,0,0,0,0,0,0,0,0,0,0,0,0,0,0,0,0.00282942121052258,0,0,0,0,0,0,0,0,0,0,0,0,0,0,0,0,0,0,0,0,0,0,0,0,0,0,0,0,0,0,0.0169765272631355,0.00424413181578388,0,0,0.00141471060526129,0,0,0.0141471060526129,0,0.0282942121052258,0.00282942121052258,0,0,0,0,0,0,0,0,0,0,0,0,0,0,0.0198059484736581,0,0,0,0,0,0,0,0,0,0,0,0,0,0,0,0,0,0,0,0,0,0,0.00282942121052258,0,0,0,0,0,0,0.00141471060526129,0,0,0,0,0,0,0,0,0,0.00424413181578388,0,0,0,0,0,0,0,0,0,0,0,0,0,0,0,0,0,0,0,0,0,0,0,0,0,0.00848826363156775,0,0,0,0,0,0,0,0,0,0,0,0,0,0,0,0,0,0,0,0,0,0,0,0,0,0,0,0,0,0,0,0,0,0,0,0,0,0,0,0,0,0,0,0,0,0,0,0,0,0,0,0,0,0,0,0,0,0,0,0,0,0,0,0,0,0,0,0,0,0,0,0,0,0,0,0,0,0,0,0,0,0,0,0,0,0,0,0,0,0,0,0,0,0.00424413181578388,0,0,0,0,0,0,0,0,0,0,0,0,0,0,0,0,0,0,0,0,0,0,0,0,0.00282942121052258,0,0,0,0,0,0,0,0,0,0,0,0,0,0,0,0,0,0,0,0,0,0.00707355302630646,0,0,0.00141471060526129,0,0,0,0,0,0,0,0,0,0,0,0,0,0,0,0.0396118969473162,0,0,0,0,0,0,0,0,0.0777029799939765,0,0,0,0,0,0,0,0,0,0,0,0,0,1.88186657875095,0,0,0,0,0,0,0.0487297107364127,0,0,0,0,0,0,0,0,0,0,0,0,0,0,0,0,0,0,0,0,0,0,0,0,0,0,0,0,0,2.77262977534028,0,0,0,0,0,0,0,0,0,0,0.10534509150409,0,1.42603409102965,0,0,0,0,0,0,0,0,0,0,0,0,0,0,0,0,0,0,0,0,0,0,0,0,0,0,0,0,0,0,0,0,0,0,0,0,0,0,0,0,0,0,0,0,0,0,0,0,0,0,0,0,0,0,0,0,0,0,0,0,0,0,0,0,0,0,0,0,0,0.00534760608788768,0,0,0,0,0,0,0,0,0,0,0,0,0,0,0.276422015585526,0,0,0,0,0,0,0,0,0,0,0,0,0,0,0,0,0,0,0,0,0,0,0,0,0.210215576494889,0,0,0,0,0,0,0,0.108700801963264,0,0,0,1.63889541060069,0,0,0,0,0,0.806887802398591,0,0,0,0,0.152437222371458,0,0,0,0,0,0,0,0,0,0,0,0,0,0,0,0,0,0,0,0,0,0,0,0,0,0,0,0,0,0,0.1040873327821,0,0,0,0,0,0,0,0,0,1.33255836041377,0,0,0.135314333082654,0,0,0,0,0,0,0,0,0,0,0,0,0,0,0,0,0,0,0,0,0,0,0,0,0,0.248239538964028,0,0,0,0,0,0,0,0,0,0,0,0,0,0,0,0,0,0,0,0,0,0,0,0,0,0,0.246728740865516,0,0,0,0,0,0,0,0,0,0,0,0,0,0,0,0,0,0,0,0,0,0,0,0,0,0,0,0,0,0,0,0,0,0,0,0,0,0,0,0.0967662053998724,0,0,0,0,0,0,0,0,0,0,0,0,0,0,0,0,0,0,0,0,0,0,0.00545451708590967,0,0,0,0,0,0,0,0,0,0,0,0,0,0,0,0,0,0,0,0,0,0,0,0,0,0,0,0,0,0,1.00186607789888,0.593395910671922,0,0,0.210756053550463,0,0,0.96778829027031,0,5.82005817442187,0.754195795075801,0,0,0,0,0,0,0,0,0,0,0,0,0,0,1.04770979649504,0,0,0,0,0,0,0,0,0,0,0,0,0,0,0,0,0,0,0,0,0,0,0.152073671417157,0,0,0,0,0,0,0.191155696982906,0,0,0,0,0,0,0,0,0,0.538988204674356,0,0,0,0,0,0,0,0,0,0,0,0,0,0,0,0,0,0,0,0,0,0,0,0,0,0.0950180388915112,0,0,0,0,0,0,0,0,0,0,0,0,0,0,0,0,0,0,0,0,0,0,0,0,0,0,0,0,0,0,0,0,0,0,0,0,0,0,0,0,0,0,0,0,0,0,0,0,0,0,0,0,0,0,0,0,0,0,0,0,0,0,0,0,0,0,0,0,0,0,0,0,0,0,0,0,0,0,0,0,0,0,0,0,0,0,0,0,0,0,0,0,0,0.366407946649647,0,0,0,0,0,0,0,0,0,0,0,0,0,0,0,0,0,0,0,0,0,0,0,0,0.00723624474591151,0,0,0,0,0,0,0,0,0,0,0,0,0,0,0,0,0,0,0,0,0,0.176943555117221,0,0,0.0189859879276842,0,0,0,0,0,0,0,0,0,0,0,0,0,0,0,1.12946438441433,0,0,0,0,0,0,0,0,0,0,0,0,0,0,"JOH-00143"
"61",2056,"nSPC",2010,"PRIAs","Pacific Remote Island Areas","Johnston","Johnston",2010,"LagoonDeep","Johnston","2010-01-29","Lagoon","Deep",16.70135,-169.41284,23,5,0,2.5,2.5,20,70,NA,0,1,NA,NA,NA,2,1,0,0.740208985268084,0.393396000525706,0.60834301752907,1.74194800332286,0,0,0,0,0,0,0,0,0,0,0,0,0,0,0,0,0,0,0,0,0,0,0.00282942121052258,0,0,0,0,0,0,0,0,0,0,0,0,0,0,0,0,0,0,0,0,0,0,0,0,0,0,0,0,0,0,0,0,0,0,0,0,0,0,0,0,0,0,0,0,0,0,0,0,0,0,0,0,0,0,0,0,0,0,0,0,0,0,0,0,0,0,0,0,0,0,0,0,0,0,0,0,0,0,0,0,0,0,0,0,0,0,0,0,0,0,0,0,0,0,0,0,0,0,0,0,0,0,0,0,0,0,0,0,0,0,0,0,0,0,0,0,0,0,0,0,0,0,0.00282942121052258,0,0,0,0,0,0,0,0,0,0,0,0,0,0,0,0,0,0,0,0,0,0,0,0,0,0,0,0,0,0,0,0,0,0,0,0,0,0,0,0,0,0,0.00282942121052258,0,0,0,0,0,0,0,0,0,0,0,0,0,0,0,0,0,0,0,0,0,0,0,0,0,0,0,0,0,0,0,0,0,0,0,0,0,0,0,0,0,0,0,0,0,0,0,0,0,0,0,0,0,0,0,0,0,0,0.0452707393683613,0,0,0,0,0,0,0,0,0,0,0,0,0,0,0,0,0,0,0,0,0,0,0,0,0,0,0,0,0,0,0,0,0,0,0,0,0,0,0,0,0,0,0,0,0,0,0,0,0,0,0,0,0,0,0,0,0,0,0,0,0,0,0,0,0,0,0,0,0,0,0,0,0,0,0,0,0,0,0.00282942121052258,0,0,0,0,0,0,0,0,0,0,0,0,0,0,0,0,0,0,0,0,0,0,0,0,0,0,0,0,0,0,0,0,0,0,0,0,0,0,0,0,0,0,0,0,0,0,0,0,0,0,0,0,0,0,0,0,0,0,0,0,0,0,0,0,0,0,0,0.00282942121052258,0,0,0,0,0,0,0,0,0,0,0,0,0,0,0,0,0,0,0,0,0,0,0,0,0,0,0,0,0,0,0,0,0,0,0,0,0,0,0,0,0,0,0,0,0,0,0,0,0,0,0,0,0,0,0,0.00565884242104517,0,0,0,0,0,0,0,0,0.00282942121052258,0,0,0,0,0,0,0,0,0,0,0,0,0,0,0,0,0,0,0,0,0,0,0,0,0,0.00565884242104517,0,0,0,0,0,0,0,0,0,0,0,0,0,0,0,0,0,0,0,0,0,0,0,0,0,0,0,0,0,0,0,0,0,0,0,0,0,0,0,0,0,0,0,0,0,0,0,0,0,0,0,0,0,0,0,0,0,0,0,0,0,0,0,0,0,0,0,0,0,0,0,0,0,0,0,0,0,0,0,0,0,0,0,0,0,0,0,0,0,0,0,0,0,0,0,0,0,0,0,0,0,0,0,0,0,0,0,0,0,0,0,0,0,0,0,0,0,0,0,0,0,0,0,0,0,0,0.00565884242104517,0,0,0,0,0,0,0,0,0,0,0,0,0,0,0,0,0,0,0,0,0,0,0,0,0,0,0,0,0,0,0,0,0,0,0,0,0,0,0,0,0,0,0,0,0,0,0,0,0,0,0,0,0,0,0,0,0,0.393396000525706,0,0,0,0,0,0,0,0,0,0,0,0,0,0,0,0,0,0,0,0,0,0,0,0,0,0,0,0,0,0,0,0,0,0,0,0,0,0,0,0,0,0,0,0,0,0,0,0,0,0,0,0,0,0,0,0,0,0,0,0,0,0,0,0,0,0,0,0,0,0,0,0,0,0,0,0,0,0,0,0,0,0,0,0,0,0,0,0,0,0,0,0,0,0,0,0,0,0,0,0,0,0,0,0,0,0,0,0,0,0,0,0,0,0,0,0,0,0,0,0,0,0,0.199971460248186,0,0,0,0,0,0,0,0,0,0,0,0,0,0,0,0,0,0,0,0,0,0,0,0,0,0,0,0,0,0,0,0,0,0,0,0,0,0,0,0,0,0,0.0817502926299197,0,0,0,0,0,0,0,0,0,0,0,0,0,0,0,0,0,0,0,0,0,0,0,0,0,0,0,0,0,0,0,0,0,0,0,0,0,0,0,0,0,0,0,0,0,0,0,0,0,0,0,0,0,0,0,0,0,0,0.627868641922731,0,0,0,0,0,0,0,0,0,0,0,0,0,0,0,0,0,0,0,0,0,0,0,0,0,0,0,0,0,0,0,0,0,0,0,0,0,0,0,0,0,0,0,0,0,0,0,0,0,0,0,0,0,0,0,0,0,0,0,0,0,0,0,0,0,0,0,0,0,0,0,0,0,0,0,0,0,0,0.012907536620283,0,0,0,0,0,0,0,0,0,0,0,0,0,0,0,0,0,0,0,0,0,0,0,0,0,0,0,0,0,0,0,0,0,0,0,0,0,0,0,0,0,0,0,0,0,0,0,0,0,0,0,0,0,0,0,0,0,0,0,0,0,0,0,0,0,0,0,0.112340343345353,0,0,0,0,0,0,0,0,0,0,0,0,0,0,0,0,0,0,0,0,0,0,0,0,0,0,0,0,0,0,0,0,0,0,0,0,0,0,0,0,0,0,0,0,0,0,0,0,0,0,0,0,0,0,0,0.0514522500142089,0,0,0,0,0,0,0,0,0.022485299282155,0,0,0,0,0,0,0,0,0,0,0,0,0,0,0,0,0,0,0,0,0,0,0,0,0,0.0609522311553531,0,0,0,0,0,0,0,0,0,0,0,0,0,0,0,0,0,0,0,0,0,0,0,0,0,0,0,0,0,0,0,0,0,0,0,0,0,0,0,0,0,0,0,0,0,0,0,0,0,0,0,0,0,0,0,0,0,0,0,0,0,0,0,0,0,0,0,0,0,0,0,0,0,0,0,0,0,0,0,0,0,0,0,0,0,0,0,0,0,0,0,0,0,0,0,0,0,0,0,0,0,0,0,0,0,0,0,0,0,0,0,0,0,0,0,0,0,0,0,0,0,0,0,0,0,0,0.178823947578964,0,0,0,0,0,0,0,0,0,0,0,0,0,0,0,0,0,0,0,0,0,0,0,0,0,0,0,0,0,0,0,0,0,0,0,0,135.7192025,124.7382022,118.8722021,112.067602,149.1449026,150.6783026,126.0664022,138.5146025,143.7025025,137.9228024,147.2268025,"JOH-00135"
"62",2057,"nSPC",2010,"PRIAs","Pacific Remote Island Areas","Johnston","Johnston",2010,"LagoonShallow","Johnston","2010-01-29","Lagoon","Shallow",16.74938,-169.4929,2,10,0,0.25,8.5,40,41.25,NA,0,2.25,NA,NA,NA,4,2,0,0.204568189015387,11.0407792867621,2.52693982175656,13.7722872975341,6.79117938948147,0,0,0,0,0,0.00141471060526129,0,0,0,0,0,0,0,0,0,0,0,0,0,0.00424413181578388,0,0.0155618166578742,0,0,0,0,0.0155618166578742,0,0,0,0,0,0,0,0,0,0,0,0,0,0,0,0,0,0,0,0,0,0,0,0,0,0,0,0,0,0,0,0,0,0,0,0,0,0,0,0,0,0,0,0,0,0,0,0,0,0,0,0,0,0,0,0,0,0,0,0,0,0,0,0,0,0,0,0,0,0,0,0,0,0,0,0.00141471060526129,0,0,0,0,0,0,0,0,0,0,0,0,0,0,0,0,0,0,0,0,0,0,0,0,0,0,0,0,0,0,0,0,0,0,0,0,0,0,0,0,0,0.0183912378683968,0,0,0,0,0,0.00282942121052258,0,0,0,0.00565884242104517,0,0,0,0,0,0,0,0,0,0,0,0,0,0,0,0.00565884242104517,0,0,0,0,0,0,0,0,0,0,0,0,0.00141471060526129,0,0,0,0,0,0,0,0.0594178454209743,0,0,0,0,0,0.00282942121052258,0,0.00141471060526129,0,0,0,0,0,0,0,0,0,0,0,0,0,0,0,0,0,0,0,0,0,0,0,0,0,0,0,0,0,0,0,0,0,0,0,0,0,0,0,0,0,0,0,0.00565884242104517,0,0,0.0113176848420903,0,0,0,0,0,0,0,0,0,0,0,0,0,0,0,0,0,0,0,0,0,0,0,0,0,0.00141471060526129,0,0,0,0,0,0,0,0,0,0,0,0,0,0,0,0,0,0,0,0,0,0,0,0,0,0,0.00707355302630646,0,0,0,0,0,0,0,0,0,0,0,0,0,0,0,0,0,0,0,0,0,0,0,0,0,0,0,0,0,0,0,0,0,0,0,0,0,0,0,0,0,0,0,0,0,0,0,0,0,0,0,0,0,0,0,0,0,0,0,0,0,0,0,0,0,0,0,0,0,0,0,0,0,0,0,0,0,0,0,0,0,0,0,0,0,0,0,0,0,0,0,0,0,0,0,0,0,0.116006269631426,0,0,0,0,0,0,0,0,0,0,0,0,0,0,0,0,0,0,0,0,0.00990297423682904,0,0,0,0,0,0,0,0,0,0,0,0,0,0,0,0,0,0,0,0,0,0,0,0,0,0,0,0,0,0,0,0,0,0,0,0,0,0,0,0,0,0.00424413181578388,0,0,0,0,0,0,0,0,0,0,0,0,0,0,0,0,0,0,0,0,0,0,0,0,0,0,0,0,0,0,0,0,0,0,0,0,0,0,0,0,0,0,0,0,0,0,0,0,0,0,0,0,0,0,0,0,0,0,0,0,0,0,0,0,0,0,0,0,0,0,0,0,0,0,0,0,0,0,0,0,0,0,0,0,0,0,0,0,0,0,0,0,0,0,0,0,0,0,0,0,0,0,0,0,0,0,0,0,0,0,0,0,0,0,0,0,0,0.176838825657662,0,0,0,0.0141471060526129,0,0,0,0,0,0,0,0,0,0,0,0,0,0,0,0,0,0,0,0,0.00565884242104517,0,0,0,0,0,0,0,0,0,0,0,0,0,0,0,0,0,0,0,0,0,0,0,0,0.00424413181578388,0,0.00707355302630646,0,0,0,0,0,0,0,0,0,0,0,0,0,0.00282942121052258,0,0,0,0,0,0,0,0,0.0777029799939765,0,0,0,0,0,0,0,0,0,0,0,0,0,0.114602357264016,0,1.63084800781051,0,0,0,0,0.533087277147417,0,0,0,0,0,0,0,0,0,0,0,0,0,0,0,0,0,0,0,0,0,0,0,0,0,0,0,0,0,0,0,0,0,0,0,0,0,0,0,0,0,0,0,0,0,0,0,0,0,0,0,0,0,0,0,0,0,0,0,0,0,0,0,0,0,0,0,0,0,0,0,0,0,0,0,0.00941838185607089,0,0,0,0,0,0,0,0,0,0,0,0,0,0,0,0,0,0,0,0,0,0,0,0,0,0,0,0,0,0,0,0,0,0,0,0,0,0,0,0,0,0.881725780288411,0,0,0,0,0,0.0127936040950362,0,0,0,0.228529865219536,0,0,0,0,0,0,0,0,0,0,0,0,0,0,0,0.163500585259839,0,0,0,0,0,0,0,0,0,0,0,0,1.34649665518105,0,0,0,0,0,0,0,2.37346409034012,0,0,0,0,0,0.079039185684416,0,0.696931997622328,0,0,0,0,0,0,0,0,0,0,0,0,0,0,0,0,0,0,0,0,0,0,0,0,0,0,0,0,0,0,0,0,0,0,0,0,0,0,0,0,0,0,0,0.147152538316859,0,0,0.204568189015387,0,0,0,0,0,0,0,0,0,0,0,0,0,0,0,0,0,0,0,0,0,0,0,0,0,0.029513326648899,0,0,0,0,0,0,0,0,0,0,0,0,0,0,0,0,0,0,0,0,0,0,0,0,0,0,0.0360354251005457,0,0,0,0,0,0,0,0,0,0,0,0,0,0,0,0,0,0,0,0,0,0,0,0,0,0,0,0,0,0,0,0,0,0,0,0,0,0,0,0,0,0,0,0,0,0,0,0,0,0,0,0,0,0,0,0,0,0,0,0,0,0,0,0,0,0,0,0,0,0,0,0,0,0,0,0,0,0,0,0,0,0,0,0,0,0,0,0,0,0,0,0,0,0,0,0,0,0.899694293661668,0,0,0,0,0,0,0,0,0,0,0,0,0,0,0,0,0,0,0,0,1.00321074911392,0,0,0,0,0,0,0,0,0,0,0,0,0,0,0,0,0,0,0,0,0,0,0,0,0,0,0,0,0,0,0,0,0,0,0,0,0,0,0,0,0,0.0677734951726256,0,0,0,0,0,0,0,0,0,0,0,0,0,0,0,0,0,0,0,0,0,0,0,0,0,0,0,0,0,0,0,0,0,0,0,0,0,0,0,0,0,0,0,0,0,0,0,0,0,0,0,0,0,0,0,0,0,0,0,0,0,0,0,0,0,0,0,0,0,0,0,0,0,0,0,0,0,0,0,0,0,0,0,0,0,0,0,0,0,0,0,0,0,0,0,0,0,0,0,0,0,0,0,0,0,0,0,0,0,0,0,0,0,0,0,0,0,3.03600634811041,0,0,0,0.0352122958498968,0,0,0,0,0,0,0,0,0,0,0,0,0,0,0,0,0,0,0,0,0.0106103295394597,0,0,0,0,0,0,0,0,0,0,0,0,0,0,0,0,0,0,0,0,0,0,0,0,0.0205224192330153,0,0.0972015118531113,0,0,0,0,0,0,0,0,0,0,0,0,0,0.0366456081555366,0,0,0,0,0,0,0,0,0,0,0,0,0,0,"JOH-00428"
"63",2059,"nSPC",2010,"PRIAs","Pacific Remote Island Areas","Johnston","Johnston",2010,"LagoonShallow","Johnston","2010-01-29","Lagoon","Shallow",16.73808,-169.51056,4,15,0,0,0,41.25,43.75,NA,0,2.5,NA,NA,NA,4,2,0,1.035086368033,8.17792486377286,4.2238636541094,13.4368748859153,6.58077710616084,0,0.00282942121052258,0,0,0,0,0,0,0,0,0,0,0,0,0,0,0,0,0,0.0127323954473516,0,0.00141471060526129,0,0,0,0,0.00424413181578388,0,0,0,0,0,0,0,0,0,0,0,0,0,0,0,0,0,0,0,0,0,0,0,0,0,0,0,0,0,0,0,0,0,0,0,0,0,0,0,0,0,0,0,0,0,0,0,0,0,0,0,0,0,0,0,0,0,0,0,0,0,0,0,0,0,0,0,0,0,0,0,0,0,0,0,0.00282942121052258,0,0,0,0,0,0,0,0,0,0,0,0,0,0,0,0,0,0,0,0,0,0,0,0,0,0,0,0,0,0,0,0,0,0,0,0,0,0,0,0,0,0.0226353696841807,0,0,0,0,0,0,0,0,0,0.00141471060526129,0,0,0,0,0,0,0,0,0,0,0,0,0,0,0,0.00565884242104517,0,0,0,0,0,0,0,0,0,0.00282942121052258,0,0,0,0,0,0,0.00141471060526129,0,0,0,0.0622472666314969,0,0,0,0,0,0.00707355302630646,0,0,0,0,0,0,0,0,0,0,0,0,0,0,0,0,0,0,0,0,0,0,0,0,0,0,0,0,0,0,0,0,0,0,0,0,0,0,0,0,0,0,0,0,0,0,0,0,0.0650766878420194,0,0,0,0,0,0,0,0,0,0,0,0,0,0,0,0,0,0,0,0,0,0,0,0,0,0.00565884242104517,0,0,0,0,0,0,0,0,0,0,0,0,0,0,0,0,0,0,0,0,0,0,0,0,0,0,0.00282942121052258,0,0,0,0,0,0,0,0,0,0,0,0,0,0,0,0,0,0,0,0,0,0,0,0,0,0,0,0,0,0,0,0,0,0,0,0,0,0,0,0,0,0,0,0,0,0,0,0,0,0,0,0,0,0,0,0,0,0,0,0,0,0,0,0,0,0,0,0,0,0,0,0,0,0,0,0,0,0,0,0,0,0,0,0,0,0,0,0,0,0,0,0,0,0.00282942121052258,0,0,0,0.0297089227104871,0,0,0.00565884242104517,0,0,0,0,0,0,0,0,0,0,0,0,0,0,0,0,0,0.0141471060526129,0,0,0,0,0,0,0,0,0,0,0,0,0,0,0,0,0,0,0,0,0,0,0,0,0,0,0,0,0,0,0,0,0,0,0,0,0,0,0,0,0,0.00424413181578388,0,0,0,0,0,0,0.00141471060526129,0,0,0,0,0,0,0,0,0,0,0,0,0,0,0,0,0,0,0,0,0,0,0,0,0,0,0,0,0,0,0,0,0,0,0,0,0,0,0,0,0,0,0,0,0,0,0,0,0,0,0,0,0,0,0,0,0,0,0,0,0,0,0,0,0,0,0,0,0,0,0,0,0,0,0,0,0,0,0,0,0.00141471060526129,0,0,0,0,0,0,0,0,0,0,0.00141471060526129,0,0,0,0,0,0,0,0,0,0,0,0,0,0,0,0,0,0,0.100444452973552,0,0,0,0.0565884242104517,0,0,0,0,0,0,0,0,0,0,0,0,0,0,0,0,0,0,0,0,0.00141471060526129,0,0,0,0,0,0,0,0,0,0,0,0,0,0,0,0,0,0,0,0,0,0.00282942121052258,0,0,0,0,0.00565884242104517,0,0,0,0,0,0,0,0,0,0,0,0,0.00141471060526129,0.00565884242104517,0,0,0,0,0.260004852124915,0,0,0,0,0,0,0,0,0,0,0,0,0,0,0,0,0,0.346425851401325,0,0.134195294044063,0,0,0,0,0.179573636411793,0,0,0,0,0,0,0,0,0,0,0,0,0,0,0,0,0,0,0,0,0,0,0,0,0,0,0,0,0,0,0,0,0,0,0,0,0,0,0,0,0,0,0,0,0,0,0,0,0,0,0,0,0,0,0,0,0,0,0,0,0,0,0,0,0,0,0,0,0,0,0,0,0,0,0,0.0112604776697079,0,0,0,0,0,0,0,0,0,0,0,0,0,0,0,0,0,0,0,0,0,0,0,0,0,0,0,0,0,0,0,0,0,0,0,0,0,0,0,0,0,1.18915471653396,0,0,0,0,0,0,0,0,0,0.0184902706267425,0,0,0,0,0,0,0,0,0,0,0,0,0,0,0,0.123704626698844,0,0,0,0,0,0,0,0,0,0.333200775916839,0,0,0,0,0,0,0.0408751463149599,0,0,0,2.92435419540664,0,0,0,0,0,0.256492911898023,0,0,0,0,0,0,0,0,0,0,0,0,0,0,0,0,0,0,0,0,0,0,0,0,0,0,0,0,0,0,0,0,0,0,0,0,0,0,0,0,0,0,0,0,0,0,0,0,0.754794308216529,0,0,0,0,0,0,0,0,0,0,0,0,0,0,0,0,0,0,0,0,0,0,0,0,0,0.363567884218703,0,0,0,0,0,0,0,0,0,0,0,0,0,0,0,0,0,0,0,0,0,0,0,0,0,0,0.0379712453414447,0,0,0,0,0,0,0,0,0,0,0,0,0,0,0,0,0,0,0,0,0,0,0,0,0,0,0,0,0,0,0,0,0,0,0,0,0,0,0,0,0,0,0,0,0,0,0,0,0,0,0,0,0,0,0,0,0,0,0,0,0,0,0,0,0,0,0,0,0,0,0,0,0,0,0,0,0,0,0,0,0,0,0,0,0,0,0,0,0,0,0,0,0,0.280292059816475,0,0,0,0.416587287879856,0,0,0.159933272120323,0,0,0,0,0,0,0,0,0,0,0,0,0,0,0,0,0,0.614808192778083,0,0,0,0,0,0,0,0,0,0,0,0,0,0,0,0,0,0,0,0,0,0,0,0,0,0,0,0,0,0,0,0,0,0,0,0,0,0,0,0,0,0.164150204685746,0,0,0,0,0,0,0.0109211015080624,0,0,0,0,0,0,0,0,0,0,0,0,0,0,0,0,0,0,0,0,0,0,0,0,0,0,0,0,0,0,0,0,0,0,0,0,0,0,0,0,0,0,0,0,0,0,0,0,0,0,0,0,0,0,0,0,0,0,0,0,0,0,0,0,0,0,0,0,0,0,0,0,0,0,0,0,0,0,0,0,0.201538643325683,0,0,0,0,0,0,0,0,0,0,0.703129133871728,0,0,0,0,0,0,0,0,0,0,0,0,0,0,0,0,0,0,3.12565484116573,0,0,0,0.530768069588475,0,0,0,0,0,0,0,0,0,0,0,0,0,0,0,0,0,0,0,0,0.00727868606406935,0,0,0,0,0,0,0,0,0,0,0,0,0,0,0,0,0,0,0,0,0,0.0209001522260975,0,0,0,0,0.146185725089223,0,0,0,0,0,0,0,0,0,0,0,0,0.0297818697890973,0.0508794531821284,0,0,0,0,0,0,0,0,0,0,0,0,0,0,"JOH-00117"
"64",2060,"nSPC",2010,"PRIAs","Pacific Remote Island Areas","Johnston","Johnston",2010,"LagoonShallow","Johnston","2010-01-29","Lagoon","Shallow",16.71768,-169.54195,6,29.5,0,0.5,12.5,38.25,19.25,NA,0,5,NA,NA,NA,4,2,0.401070456591576,1.10998033194387,19.1914114000268,3.90629830329397,24.6087604918562,6.0493494937983,0,0.00282942121052258,0,0,0,0.0438560287631001,0,0,0.00565884242104517,0,0,0,0,0,0,0,0,0,0,0.0113176848420903,0,0.00707355302630646,0,0,0,0,0.00990297423682904,0,0,0,0,0,0,0,0,0,0,0,0,0,0,0,0,0,0,0,0,0,0,0,0,0,0,0,0,0,0.00141471060526129,0,0,0,0,0,0,0,0,0,0,0.00141471060526129,0,0,0,0,0,0,0,0,0,0,0,0,0,0,0,0,0,0,0,0,0,0,0,0,0,0,0,0,0,0,0,0,0,0,0.00282942121052258,0,0,0,0,0,0,0,0,0,0,0,0,0,0,0,0,0,0,0,0,0,0,0,0,0,0,0,0,0,0,0,0,0,0,0,0,0,0,0,0,0,0.00707355302630646,0,0,0,0,0,0.00707355302630646,0,0,0,0.00141471060526129,0,0,0,0,0,0,0,0,0,0,0,0,0,0,0,0.00282942121052258,0,0,0,0,0,0,0,0,0,0.00282942121052258,0,0,0.00141471060526129,0,0,0,0,0,0,0,0.0495148711841452,0,0,0,0,0,0.024050080289442,0,0.00141471060526129,0,0,0.00565884242104517,0,0,0,0,0,0,0,0,0,0,0,0,0,0,0,0,0,0,0,0,0,0,0,0,0,0,0,0,0,0,0,0,0,0,0,0,0.00141471060526129,0,0,0,0.0254647908947033,0,0,0,0,0,0,0,0,0,0,0,0,0,0,0,0,0,0,0,0,0,0,0,0,0,0,0,0,0.00141471060526129,0,0,0,0,0,0,0,0,0,0,0,0,0,0,0,0,0,0,0,0,0,0,0,0,0,0,0.00424413181578388,0,0,0,0,0,0,0,0,0,0,0,0,0,0,0,0,0,0,0,0,0,0,0,0,0,0.00282942121052258,0,0,0,0,0,0,0,0,0,0,0,0,0,0,0,0,0,0,0,0,0,0,0,0,0,0,0,0,0,0,0,0,0,0,0,0,0,0,0,0,0,0,0,0,0,0,0,0,0,0,0,0,0,0,0,0,0,0,0,0,0,0,0,0,0,0,0,0.00565884242104517,0,0,0,0,0,0,0,0,0,0,0,0,0,0,0,0,0,0,0,0,0,0,0,0,0.0113176848420903,0,0,0,0,0,0,0,0,0,0,0,0,0,0,0,0,0,0,0,0,0,0,0.00141471060526129,0,0,0,0,0,0,0,0,0,0,0,0,0,0,0,0,0.00141471060526129,0,0.00141471060526129,0.00141471060526129,0,0,0,0,0,0.00141471060526129,0,0,0,0,0,0,0,0,0,0,0,0,0,0,0,0,0.00282942121052258,0,0,0,0,0,0,0,0,0,0,0,0,0,0,0,0,0,0,0,0,0,0,0,0,0,0,0,0,0,0,0,0,0,0,0,0,0,0,0,0,0,0,0,0,0,0,0,0,0,0,0,0,0,0,0,0,0,0,0,0,0,0,0,0.00565884242104517,0,0,0,0,0,0,0,0,0,0,0,0,0,0,0,0,0,0,0,0,0,0,0,0,0,0,0,0,0,0.0141471060526129,0,0,0,0,0,0,0,0,0,0,0,0,0,0,0,0,0,0,0,0,0,0,0,0,0.00565884242104517,0,0,0,0,0,0,0,0,0,0,0,0,0,0,0,0,0,0,0,0,0,0.00707355302630646,0,0,0,0,0.0183912378683968,0,0,0,0,0,0,0,0,0,0,0,0,0,0.00990297423682904,0,0,0.00282942121052258,0,0.19099272232118,0,0,0,3.80115055751143,0,0,3.41007000795361,0,0,0,0,0,0,0,0,0,0,0.272568606360647,0,0.811225350138799,0,0,0,0,0.578625433297318,0,0,0,0,0,0,0,0,0,0,0,0,0,0,0,0,0,0,0,0,0,0,0,0,0,0,0,0,0,0.401070456591576,0,0,0,0,0,0,0,0,0,0,0.156275922513228,0,0,0,0,0,0,0,0,0,0,0,0,0,0,0,0,0,0,0,0,0,0,0,0,0,0,0,0,0,0,0,0,0,0,0.0112604776697079,0,0,0,0,0,0,0,0,0,0,0,0,0,0,0,0,0,0,0,0,0,0,0,0,0,0,0,0,0,0,0,0,0,0,0,0,0,0,0,0,0,0.405362638359865,0,0,0,0,0,0.216553376098332,0,0,0,0.102532911955006,0,0,0,0,0,0,0,0,0,0,0,0,0,0,0,0.140994330926856,0,0,0,0,0,0,0,0,0,0.223531678154915,0,0,1.46185046028132,0,0,0,0,0,0,0,3.09319417844152,0,0,0,0,0,1.00235931513343,0,0.194267004886483,0,0,0.205463560391287,0,0,0,0,0,0,0,0,0,0,0,0,0,0,0,0,0,0,0,0,0,0,0,0,0,0,0,0,0,0,0,0,0,0,0,0,0.253490953609468,0,0,0,0.948835085263906,0,0,0,0,0,0,0,0,0,0,0,0,0,0,0,0,0,0,0,0,0,0,0,0,0,0,0,0,0.0767409488599845,0,0,0,0,0,0,0,0,0,0,0,0,0,0,0,0,0,0,0,0,0,0,0,0,0,0,0.0922493339944647,0,0,0,0,0,0,0,0,0,0,0,0,0,0,0,0,0,0,0,0,0,0,0,0,0,0.0076579699773399,0,0,0,0,0,0,0,0,0,0,0,0,0,0,0,0,0,0,0,0,0,0,0,0,0,0,0,0,0,0,0,0,0,0,0,0,0,0,0,0,0,0,0,0,0,0,0,0,0,0,0,0,0,0,0,0,0,0,0,0,0,0,0,0,0,0,0,1.10998033194387,0,0,0,0,0,0,0,0,0,0,0,0,0,0,0,0,0,0,0,0,0,0,0,0,1.16295154963247,0,0,0,0,0,0,0,0,0,0,0,0,0,0,0,0,0,0,0,0,0,0,0.01567177189162,0,0,0,0,0,0,0,0,0,0,0,0,0,0,0,0,0.113477893263893,0,0.102300293679141,0.0568183146838066,0,0,0,0,0,0.0161849260545451,0,0,0,0,0,0,0,0,0,0,0,0,0,0,0,0,0.0353486789593098,0,0,0,0,0,0,0,0,0,0,0,0,0,0,0,0,0,0,0,0,0,0,0,0,0,0,0,0,0,0,0,0,0,0,0,0,0,0,0,0,0,0,0,0,0,0,0,0,0,0,0,0,0,0,0,0,0,0,0,0,0,0,0,0.652842735187573,0,0,0,0,0,0,0,0,0,0,0,0,0,0,0,0,0,0,0,0,0,0,0,0,0,0,0,0,0,1.49430485507546,0,0,0,0,0,0,0,0,0,0,0,0,0,0,0,0,0,0,0,0,0,0,0,0,0.0186741799894491,0,0,0,0,0,0,0,0,0,0,0,0,0,0,0,0,0,0,0,0,0,0.13889359136314,0,0,0,0,0.126363931856786,0,0,0,0,0,0,0,0,0,0,0,0,0,0.523544664337178,0,0,0.983079493246332,0,0,0,0,0,0,0,0,0,0,0,"JOH-00424"
"65",2063,"nSPC",2010,"PRIAs","Pacific Remote Island Areas","Johnston","Johnston",2010,"LagoonDeep","Johnston","2010-01-29","Lagoon","Deep",16.71932,-169.41367,25,5,0,5,30,20,40,NA,0,1,NA,NA,NA,2,1,13.0030350404383,0,2.71732391855119,3.65304256273218,19.3734015217217,0,0,0,0,0,0,0,0,0,0,0,0,0,0,0,0,0,0,0,0,0.00848826363156775,0,0.00282942121052258,0,0,0,0,0,0,0,0,0,0,0,0,0,0,0,0,0,0,0,0,0,0,0,0,0,0,0,0,0,0,0,0,0,0,0,0,0,0,0,0,0,0,0.00565884242104517,0,0,0,0,0,0,0,0,0,0,0,0,0,0,0,0,0,0,0,0.00282942121052258,0,0,0,0,0,0,0,0,0,0,0,0,0,0,0,0,0,0,0,0,0,0,0,0,0,0,0,0,0,0,0,0,0,0,0,0,0,0,0,0,0,0,0,0,0,0,0,0,0,0,0,0,0,0,0,0,0,0,0,0.00565884242104517,0,0,0,0,0,0,0,0,0,0,0,0,0,0,0,0,0,0,0,0,0,0,0,0,0,0,0,0,0,0,0,0,0,0,0,0,0,0,0,0,0,0,0,0,0,0,0,0,0,0,0,0,0,0,0,0,0,0,0,0,0,0,0,0,0,0,0,0,0,0,0,0,0,0,0,0,0,0,0,0,0,0,0,0,0,0,0,0,0.00282942121052258,0,0,0,0,0,0,0,0,0,0,0,0,0,0,0,0,0,0,0,0,0,0,0,0,0,0,0,0,0,0,0,0,0,0,0,0,0,0,0,0,0,0,0,0,0,0,0,0,0,0,0,0,0,0,0,0,0,0,0,0,0,0,0,0,0,0,0,0,0,0,0,0,0,0,0,0,0,0,0,0,0,0,0,0,0,0,0,0,0,0,0,0,0,0,0,0,0,0,0,0,0,0,0,0,0,0,0,0,0,0,0,0,0,0,0,0,0,0,0,0,0,0,0,0,0,0,0,0,0,0,0,0,0,0,0,0,0,0,0,0,0,0,0,0,0,0,0,0,0,0,0.00282942121052258,0,0,0,0,0,0,0,0,0,0.00282942121052258,0,0,0,0,0,0,0,0,0,0,0,0,0,0,0,0,0,0,0,0,0,0,0,0,0,0,0,0,0,0,0,0,0,0,0,0,0,0,0,0,0,0,0,0,0,0,0,0,0,0,0,0,0,0,0,0,0,0,0,0,0,0,0,0.00282942121052258,0,0,0,0,0,0,0,0,0,0,0,0,0,0,0,0,0,0,0,0,0,0,0,0,0,0,0,0,0,0,0,0,0,0,0,0,0,0,0,0,0,0,0,0,0,0,0,0,0,0,0,0,0,0,0,0,0,0,0,0,0,0,0,0,0,0,0,0,0,0,0,0,0,0,0,0,0,0,0,0,0,0,0,0,0,0,0,0,0,0,0,0,0,0,0,0,0,0,0,0,0,0,0,0,0,0,0,0,0,0,0,0,0,0,0,0,0,0,0,0,0,0,0,0,0,0,0,0,0,0,0,0,0,0,0,0,0,0,0,0,0,0,0,0,0,0,0,0,0,0,0,0,0.00282942121052258,0,0,0,0,0,0,0,0,0,0,0,0,0,0,0,0,0,0,0,0,0,0,0,0,0,0,0,0,0,0,0,0,0,0,0,0,0,0,0,0,0,0,0,0,0,0,0,0,0,0,0,0,0,0,0,0.626001518073203,0,1.61668267782379,0,0,0,0,0,0,0,0,0,0,0,0,0,0,0,0,0,0,0,0,0,0,0,0,0,0,0,0,0,0,0,0,0,0,0,0,0,0,0,0,0,0,13.0030350404383,0,0,0,0,0,0,0,0,0,0,0,0,0,0,0,0,0,0,0,1.115357841188,0,0,0,0,0,0,0,0,0,0,0,0,0,0,0,0,0,0,0,0,0,0,0,0,0,0,0,0,0,0,0,0,0,0,0,0,0,0,0,0,0,0,0,0,0,0,0,0,0,0,0,0,0,0,0,0,0,0,0,0.692752429037273,0,0,0,0,0,0,0,0,0,0,0,0,0,0,0,0,0,0,0,0,0,0,0,0,0,0,0,0,0,0,0,0,0,0,0,0,0,0,0,0,0,0,0,0,0,0,0,0,0,0,0,0,0,0,0,0,0,0,0,0,0,0,0,0,0,0,0,0,0,0,0,0,0,0,0,0,0,0,0,0,0,0,0,0,0,0,0,0,0.126323471133476,0,0,0,0,0,0,0,0,0,0,0,0,0,0,0,0,0,0,0,0,0,0,0,0,0,0,0,0,0,0,0,0,0,0,0,0,0,0,0,0,0,0,0,0,0,0,0,0,0,0,0,0,0,0,0,0,0,0,0,0,0,0,0,0,0,0,0,0,0,0,0,0,0,0,0,0,0,0,0,0,0,0,0,0,0,0,0,0,0,0,0,0,0,0,0,0,0,0,0,0,0,0,0,0,0,0,0,0,0,0,0,0,0,0,0,0,0,0,0,0,0,0,0,0,0,0,0,0,0,0,0,0,0,0,0,0,0,0,0,0,0,0,0,0,0,0,0,0,0,0,0.216627561430635,0,0,0,0,0,0,0,0,0,0.474639722654202,0,0,0,0,0,0,0,0,0,0,0,0,0,0,0,0,0,0,0,0,0,0,0,0,0,0,0,0,0,0,0,0,0,0,0,0,0,0,0,0,0,0,0,0,0,0,0,0,0,0,0,0,0,0,0,0,0,0,0,0,0,0,0,1.2957164536957,0,0,0,0,0,0,0,0,0,0,0,0,0,0,0,0,0,0,0,0,0,0,0,0,0,0,0,0,0,0,0,0,0,0,0,0,0,0,0,0,0,0,0,0,0,0,0,0,0,0,0,0,0,0,0,0,0,0,0,0,0,0,0,0,0,0,0,0,0,0,0,0,0,0,0,0,0,0,0,0,0,0,0,0,0,0,0,0,0,0,0,0,0,0,0,0,0,0,0,0,0,0,0,0,0,0,0,0,0,0,0,0,0,0,0,0,0,0,0,0,0,0,0,0,0,0,0,0,0,0,0,0,0,0,0,0,0,0,0,0,0,0,0,0,0,0,0,0,0,0,0,0,0.206264806247096,0,0,0,0,0,0,0,0,0,0,0,0,0,0,0,0,0,0,0,0,0,0,0,0,0,0,0,0,0,0,0,0,0,0,0,0,136.3870025,125.3577022,118.7747021,114.537202,150.1465026,151.8376026,127.1807022,142.2400026,147.4193026,138.2626024,148.6623025,"JOH-00138"
"66",2064,"nSPC",2010,"PRIAs","Pacific Remote Island Areas","Johnston","Johnston",2010,"BackreefMid","Johnston","2010-01-29","Backreef","Mid",16.76691,-169.42522,9,30,0,5,45,15,5,NA,0,1.75,NA,NA,NA,4,2,0.0550702060811788,3.81382171488974,5.7574458814907,2.03568802935657,11.6620258318182,0,0,0,0,0,0,0,0,0,0,0,0,0,0,0,0,0,0,0,0,0.0509295817894065,0,0.0113176848420903,0,0,0,0,0.0381971863420549,0,0,0,0,0,0,0,0,0,0,0,0,0,0,0,0,0,0,0,0,0,0,0,0,0,0,0,0,0,0,0,0,0,0,0,0,0,0,0,0,0,0,0,0,0,0,0,0,0,0,0,0,0,0,0,0,0,0,0,0,0,0,0,0,0,0,0,0,0,0,0,0,0,0,0,0.00282942121052258,0,0,0,0,0,0,0,0,0,0,0,0,0,0,0,0,0,0,0,0,0,0,0.00990297423682904,0,0,0,0,0,0,0,0,0,0,0,0,0.183912378683968,0,0,0,0,0,0,0,0,0,0,0,0,0,0,0,0,0,0,0,0,0,0,0,0,0,0,0,0,0,0,0,0,0,0,0,0,0,0,0,0,0.00848826363156775,0.00141471060526129,0,0,0,0,0,0,0.0113176848420903,0,0,0,0,0,0,0,0,0,0,0,0,0,0,0.00282942121052258,0,0,0,0,0,0,0,0,0,0,0,0,0,0,0,0,0,0,0,0,0,0.00707355302630646,0,0,0,0,0,0,0,0,0.00282942121052258,0,0,0,0,0,0,0,0,0,0.00141471060526129,0,0,0,0,0,0,0,0,0,0,0,0,0,0,0,0,0,0,0,0,0,0,0,0,0,0,0,0,0,0,0,0,0,0,0,0,0,0,0,0,0,0,0,0,0,0,0,0,0,0,0,0,0,0,0,0.00141471060526129,0,0,0,0,0,0,0,0,0,0,0,0,0,0,0,0,0,0,0,0,0,0,0,0,0,0.0169765272631355,0,0,0,0,0,0,0,0,0,0,0,0,0,0,0,0,0,0,0,0,0,0,0,0,0,0,0,0,0,0,0,0,0,0,0,0,0,0,0,0,0,0,0,0,0,0,0,0,0,0,0,0,0,0,0,0,0,0,0,0,0,0,0,0,0,0,0,0.0410266075525775,0.00141471060526129,0,0,0,0,0,0,0,0,0,0,0,0,0,0,0,0,0,0,0,0,0,0,0,0.00424413181578388,0,0,0,0,0,0,0,0,0,0,0,0,0.0169765272631355,0,0,0,0,0.00141471060526129,0,0,0,0,0,0,0,0,0,0,0,0,0.0141471060526129,0,0,0,0,0,0.00141471060526129,0,0,0.00141471060526129,0,0.00282942121052258,0,0,0,0,0,0,0,0,0,0,0,0,0,0,0,0,0,0,0,0,0,0,0.0311236333157484,0.0183912378683968,0,0,0,0,0,0.00990297423682904,0,0,0,0,0,0,0,0,0,0,0,0,0,0,0,0,0,0,0,0,0,0,0,0,0,0,0,0,0,0,0,0,0,0,0,0,0,0,0,0,0,0,0,0,0,0,0,0,0,0,0,0,0,0,0,0,0,0.00141471060526129,0,0,0,0,0,0,0,0,0,0,0,0,0,0,0,0,0,0,0,0,0,0,0,0,0,0,0,0,0,0,0,0,0,0,0,0,0,0,0,0,0,0,0,0,0,0,0,0,0,0,0,0,0,0,0.00141471060526129,0,0,0,0,0,0,0,0.00141471060526129,0,0,0,0,0,0,0,0,0,0,0,0,0,0.00282942121052258,0,0,0.0141471060526129,0,0.0721502408683259,0,0,0,0,0,0,0,0,0,0,0,0,0,0.00141471060526129,0,0,0,0,0,0,0,0,0,0,0,0,0,0,0,0,0,0,0,0,0,0,2.43864191518443,0,0.735599561927933,0,0,0,0,1.95198234779343,0,0,0,0,0,0,0,0,0,0,0,0,0,0,0,0,0,0,0,0,0,0,0,0,0,0,0,0,0,0,0,0,0,0,0,0,0,0,0,0,0,0,0,0,0,0,0,0,0,0,0,0,0,0,0,0,0,0,0,0,0,0,0,0,0,0,0,0,0,0,0,0,0,0,0,0.0150486206909248,0,0,0,0,0,0,0,0,0,0,0,0,0,0,0,0,0,0,0,0,0,0,0.0262807505938872,0,0,0,0,0,0,0,0,0,0,0,0,0.249656809931671,0,0,0,0,0,0,0,0,0,0,0,0,0,0,0,0,0,0,0,0,0,0,0,0,0,0,0,0,0,0,0,0,0,0,0,0,0,0,0,0,0.120861680208067,0.13736754578793,0,0,0,0,0,0,0.253498459418638,0,0,0,0,0,0,0,0,0,0,0,0,0,0,0.21604202289177,0,0,0,0,0,0,0,0,0,0,0,0,0,0,0,0,0,0,0,0,0,0.00670517804285318,0,0,0,0,0,0,0,0,0.252184331899031,0,0,0,0,0,0,0,0,0,0.0106754062273017,0,0,0,0,0,0,0,0,0,0,0,0,0,0,0,0,0,0,0,0,0,0,0,0,0,0,0,0,0,0,0,0,0,0,0,0,0,0,0,0,0,0,0,0,0,0,0,0,0,0,0,0,0,0,0,0.00951251632991507,0,0,0,0,0,0,0,0,0,0,0,0,0,0,0,0,0,0,0,0,0,0,0,0,0,0.131747188651926,0,0,0,0,0,0,0,0,0,0,0,0,0,0,0,0,0,0,0,0,0,0,0,0,0,0,0,0,0,0,0,0,0,0,0,0,0,0,0,0,0,0,0,0,0,0,0,0,0,0,0,0,0,0,0,0,0,0,0,0,0,0,0,0,0,0,0,3.52098595669065,0.0561701716726763,0,0,0,0,0,0,0,0,0,0,0,0,0,0,0,0,0,0,0,0,0,0,0,0.376032527726348,0,0,0,0,0,0,0,0,0,0,0,0,0.043178948267422,0,0,0,0,0.0397963778194861,0,0,0,0,0,0,0,0,0,0,0,0,0.110044077387138,0,0,0,0,0,0.0550702060811788,0,0,0.0013414657137075,0,0.0372371873985474,0,0,0,0,0,0,0,0,0,0,0,0,0,0,0,0,0,0,0,0,0,0,0.0824014876909441,0.0951938950658796,0,0,0,0,0,0.0313216475322299,0,0,0,0,0,0,0,0,0,0,0,0,0,0,0,0,0,0,0,0,0,0,0,0,0,0,0,0,0,0,0,0,0,0,0,0,0,0,0,0,0,0,0,0,0,0,0,0,0,0,0,0,0,0,0,0,0,0.176005553904062,0,0,0,0,0,0,0,0,0,0,0,0,0,0,0,0,0,0,0,0,0,0,0,0,0,0,0,0,0,0,0,0,0,0,0,0,0,0,0,0,0,0,0,0,0,0,0,0,0,0,0,0,0,0,0.00727868606406935,0,0,0,0,0,0,0,0.103132403123548,0,0,0,0,0,0,0,0,0,0,0,0,0,0.00506170820315349,0,0,0.0657837279108719,0,0.191197713887882,0,0,0,0,0,0,0,0,0,0,0,0,0,0.108987754098691,0,0,0,12.02200022,5.311100076,9.013000154,9.104700158,8.274000155,5.727000104,10.20840016,12.99100024,4.834600095,10.75600018,5.642200087,"JOH-00152"
"67",2066,"nSPC",2010,"PRIAs","Pacific Remote Island Areas","Johnston","Johnston",2010,"BackreefMid","Johnston","2010-01-29","Backreef","Mid",16.7774,-169.4368,8,65,0,2.5,28.75,3.75,0,NA,0,3,NA,NA,NA,4,2,2.9853529167065,2.84011010813892,10.5585494157616,3.0587875969903,19.4428000375974,1.98911181854333,0,0,0,0,0,0.00141471060526129,0,0,0,0,0,0,0,0,0,0,0,0,0,0.155618166578742,0,0,0,0,0,0,0,0,0,0,0,0,0,0,0,0,0,0,0,0,0,0,0,0,0,0,0,0,0,0,0,0,0,0,0,0,0.00990297423682904,0,0,0,0,0,0,0,0,0,0,0,0,0,0,0,0,0,0,0,0,0,0,0,0,0,0,0,0.00141471060526129,0,0,0,0,0,0,0,0,0,0,0,0,0.00141471060526129,0,0,0,0,0.00141471060526129,0,0,0,0,0,0,0.00141471060526129,0,0,0,0,0,0,0,0,0,0,0,0,0,0,0,0.0127323954473516,0,0,0,0,0,0,0,0,0,0,0,0,0.0424413181578388,0.00282942121052258,0,0,0,0,0,0,0,0,0,0,0,0,0,0,0,0,0,0,0,0,0,0,0,0,0,0,0,0,0,0,0,0,0,0,0,0,0,0,0,0.0226353696841807,0.00141471060526129,0,0,0,0,0,0,0.00848826363156775,0,0,0,0.0424413181578388,0,0,0,0,0,0,0,0,0,0,0,0,0,0,0,0,0,0,0,0,0,0,0,0,0,0,0,0,0,0,0,0,0.00565884242104517,0,0,0,0,0,0,0,0,0.00424413181578388,0,0,0,0,0,0,0,0,0,0.0183912378683968,0,0,0,0,0,0,0,0,0,0,0,0,0,0,0,0,0,0,0,0,0,0,0,0,0,0,0,0,0.00424413181578388,0,0,0,0,0,0,0,0,0,0,0,0,0,0,0,0,0,0,0,0,0,0,0,0,0,0,0.0198059484736581,0,0,0,0,0,0,0,0,0,0,0,0,0,0,0,0,0,0,0,0,0,0,0,0,0,0.00282942121052258,0,0,0,0,0,0,0,0,0,0,0,0,0,0,0,0,0,0,0,0,0,0,0,0,0,0,0,0,0,0,0,0,0,0,0,0,0.00282942121052258,0,0,0,0,0,0,0,0,0,0,0,0,0,0,0,0,0,0,0,0,0,0,0,0,0,0,0,0,0,0,0.0367824757367936,0.00707355302630646,0,0,0,0,0,0,0,0,0,0,0,0,0,0,0,0,0,0,0,0,0,0,0,0.00565884242104517,0,0,0,0,0,0.00141471060526129,0,0,0,0,0,0,0,0,0,0,0,0,0,0,0,0,0,0,0,0,0,0,0,0.00424413181578388,0.00424413181578388,0,0,0,0,0.00141471060526129,0.00141471060526129,0,0,0.00707355302630646,0,0.00282942121052258,0,0,0,0.0198059484736581,0,0,0,0,0,0,0,0,0,0,0,0,0,0,0,0,0,0,0.00282942121052258,0.0198059484736581,0,0,0,0,0,0.0410266075525775,0,0,0,0,0,0,0,0,0,0,0,0,0,0,0,0,0,0,0,0,0,0,0,0,0,0,0,0,0,0,0,0,0,0,0,0,0,0,0,0,0,0,0,0,0,0,0,0,0,0,0,0,0,0,0,0,0,0.00141471060526129,0,0,0,0,0,0,0,0,0,0,0,0,0,0,0,0,0,0,0,0,0,0,0,0,0,0,0,0,0,0.00848826363156775,0,0,0,0,0,0,0,0,0,0,0,0,0,0,0,0,0,0,0,0,0,0,0,0,0.00282942121052258,0,0,0,0,0,0,0,0.00282942121052258,0,0,0,0,0,0,0,0,0,0,0,0,0,0.00990297423682904,0,0,0.00141471060526129,0,0.0622472666314969,0,0,0,0,0,0,0,0,0,0,0,0,0.00282942121052258,0.00282942121052258,0,0,0,0,0,0,0,0,0.0353677651315323,0,0,0,0,0,0,0,0,0,0,0,0,0,5.06235573002805,0,0,0,0,0,0,0,0,0,0,0,0,0,0,0,0,0,0,0,0,0,0,0,0,0,0,0,0,0,0,0,0,0,0,0,0,1.9181565948026,0,0,0,0,0,0,0,0,0,0,0,0,0,0,0,0,0,0,0,0,0,0,0,0,0,0,0,0.322730856825232,0,0,0,0,0,0,0,0,0,0,0,0,0.0451642129146952,0,0,0,0,0.00941838185607089,0,0,0,0,0,0,0.0426038517153364,0,0,0,0,0,0,0,0,0,0,0,0,0,0,0,0.043423714025907,0,0,0,0,0,0,0,0,0,0,0,0,0.0295646222287505,0.00123787177960363,0,0,0,0,0,0,0,0,0,0,0,0,0,0,0,0,0,0,0,0,0,0,0,0,0,0,0,0,0,0,0,0,0,0,0,0,0,0,0,0.31287465193517,0.13736754578793,0,0,0,0,0,0,0.2646989576257,0,0,0,1.58951897587629,0,0,0,0,0,0,0,0,0,0,0,0,0,0,0,0,0,0,0,0,0,0,0,0,0,0,0,0,0,0,0,0,0.00993967756762203,0,0,0,0,0,0,0,0,0.280604028834943,0,0,0,0,0,0,0,0,0,0.363492913494626,0,0,0,0,0,0,0,0,0,0,0,0,0,0,0,0,0,0,0,0,0,0,0,0,0,0,0,0,0.0901039548303205,0,0,0,0,0,0,0,0,0,0,0,0,0,0,0,0,0,0,0,0,0,0,0,0,0,0,0.452256915831068,0,0,0,0,0,0,0,0,0,0,0,0,0,0,0,0,0,0,0,0,0,0,0,0,0,0.0233502229530192,0,0,0,0,0,0,0,0,0,0,0,0,0,0,0,0,0,0,0,0,0,0,0,0,0,0,0,0,0,0,0,0,0,0,0,0,0.00545451708590967,0,0,0,0,0,0,0,0,0,0,0,0,0,0,0,0,0,0,0,0,0,0,0,0,0,0,0,0,0,0,2.80930761413057,0.593722119105672,0,0,0,0,0,0,0,0,0,0,0,0,0,0,0,0,0,0,0,0,0,0,0,0.980641807078135,0,0,0,0,0,1.08683016359716,0,0,0,0,0,0,0,0,0,0,0,0,0,0,0,0,0,0,0,0,0,0,0,0.761946608173862,0.0373287730115369,0,0,0,0,0.274100179769375,0.0311495339606592,0,0,0.15842139007785,0,0.0467084300487179,0,0,0,0.1563496293928,0,0,0,0,0,0,0,0,0,0,0,0,0,0,0,0,0,0,0.00722091883879172,0.140333443935364,0,0,0,0,0,0.21770191248473,0,0,0,0,0,0,0,0,0,0,0,0,0,0,0,0,0,0,0,0,0,0,0,0,0,0,0,0,0,0,0,0,0,0,0,0,0,0,0,0,0,0,0,0,0,0,0,0,0,0,0,0,0,0,0,0,0,0.094274693116641,0,0,0,0,0,0,0,0,0,0,0,0,0,0,0,0,0,0,0,0,0,0,0,0,0,0,0,0,0,0.198079000359543,0,0,0,0,0,0,0,0,0,0,0,0,0,0,0,0,0,0,0,0,0,0,0,0,0.0309397209370645,0,0,0,0,0,0,0,0.119939165114052,0,0,0,0,0,0,0,0,0,0,0,0,0,0.0610466215843258,0,0,0.0142076564521055,0,0.160363813304091,0,0,0,0,0,0,0,0,0,0,0,0,0.298561318860466,0.12393956113348,0,0,0,2.940100051,0.613600007,0.294400005,1.441000025,1.048200019,0.80030002,1.966100031,3.166800065,0.187000002,0.785200012,0.324400003,"JOH-00153"
"68",2067,"nSPC",2010,"PRIAs","Pacific Remote Island Areas","Johnston","Johnston",2010,"ForereefMid","Johnston","2010-01-29","Forereef","Mid",16.7581,-169.41562,13,31.25,0,5,61.25,2.5,0,NA,0,3,NA,NA,NA,4,2,5.88681543808708,2.69446013587989,54.7591933479366,2.4692466596989,65.8097155816025,0.589422803118528,0,0,0,0,0,0.0565884242104517,0,0,0,0,0,0,0,0,0,0,0,0,0,1.01576221457761,0,0,0,0,0,0,0.00424413181578388,0,0,0,0,0,0,0,0,0,0,0,0,0,0,0,0,0,0,0,0,0,0,0,0,0,0,0,0,0,0.0127323954473516,0,0,0,0,0,0,0,0,0,0,0,0,0,0,0,0,0,0,0,0,0,0,0,0,0,0,0,0,0,0,0,0,0,0,0,0,0,0,0,0,0,0,0,0,0,0,0,0,0,0,0,0,0,0,0,0,0,0,0,0,0,0,0,0,0,0,0,0,0.0311236333157484,0,0,0,0,0,0,0,0,0,0,0,0,0.282942121052258,0,0,0,0,0,0,0,0,0,0,0,0,0,0,0,0,0,0,0,0,0,0,0,0,0,0,0,0,0,0,0,0.00282942121052258,0,0,0,0,0,0,0,0,0,0,0,0,0,0,0,0,0,0,0,0,0.00282942121052258,0,0,0,0,0,0.0183912378683968,0,0,0,0,0,0,0,0,0,0,0,0,0,0,0,0,0,0,0,0,0,0,0,0,0,0,0,0,0,0,0,0,0,0,0,0.00282942121052258,0,0,0,0,0,0,0,0,0,0.116006269631426,0,0,0,0,0,0,0,0,0,0,0,0,0,0,0,0,0,0,0,0,0,0,0,0,0,0,0,0,0.00565884242104517,0,0,0,0,0,0,0,0,0,0,0,0,0,0.00141471060526129,0,0,0,0,0,0,0,0,0,0,0,0,0.00990297423682904,0,0,0,0,0,0,0,0,0,0,0,0,0,0,0,0,0,0,0,0,0,0,0,0,0,0.00141471060526129,0,0,0,0,0,0,0,0,0,0,0,0,0,0.0113176848420903,0,0,0,0,0,0,0,0,0,0,0,0,0,0,0,0,0,0,0,0,0,0,0.00141471060526129,0,0,0,0,0,0,0,0,0,0,0,0,0,0,0,0,0,0,0,0,0,0,0,0,0,0,0,0,0,0,0,0,0,0,0,0,0,0,0,0.00141471060526129,0.00990297423682904,0,0,0,0,0,0,0,0,0,0,0,0,0,0,0.00990297423682904,0,0,0,0,0,0,0,0,0,0,0,0,0,0,0,0,0,0,0,0,0,0,0,0,0,0,0,0,0,0.00141471060526129,0.00282942121052258,0,0,0,0,0,0,0,0,0.00141471060526129,0,0,0,0,0,0.00424413181578388,0,0,0.00282942121052258,0,0,0,0,0,0,0,0,0,0,0,0,0,0,0,0,0,0,0,0,0,0,0,0,0,0,0,0,0,0,0,0,0,0,0,0,0,0,0,0,0,0,0,0,0,0,0,0,0,0,0,0,0,0,0,0,0,0,0,0,0,0,0,0,0,0,0,0,0,0,0,0,0,0,0,0,0,0,0,0,0,0,0,0,0,0,0,0,0,0,0,0,0,0,0,0,0,0,0,0,0,0,0,0,0,0,0,0,0,0,0.00282942121052258,0.00141471060526129,0,0,0,0,0,0,0,0,0,0,0,0,0,0,0,0,0,0,0,0,0,0,0,0.00141471060526129,0,0,0,0,0,0,0,0,0,0,0,0,0,0,0,0,0,0,0,0.00565884242104517,0,0.00707355302630646,0,0,0.00282942121052258,0,0.00565884242104517,0,0,0,0,0,0,0,0,0,0,0,0,0,0.186741799894491,0,0,0,0,0,0,0,0,4.21155810409774,0,0,0,0,0,0,0,0,0,0,0,0,0,35.7982005653347,0,0,0,0,0,0,0.146189132209238,0,0,0,0,0,0,0,0,0,0,0,0,0,0,0,0,0,0,0,0,0,0,0,0,0,0,0,0,0,5.5960915174382,0,0,0,0,0,0,0,0,0,0,0,0,0,0,0,0,0,0,0,0,0,0,0,0,0,0,0,0,0,0,0,0,0,0,0,0,0,0,0,0,0,0,0,0,0,0,0,0,0,0,0,0,0,0,0,0,0,0,0,0,0,0,0,0,0,0,0,0,0.129596192183095,0,0,0,0,0,0,0,0,0,0,0,0,0.257869204995212,0,0,0,0,0,0,0,0,0,0,0,0,0,0,0,0,0,0,0,0,0,0,0,0,0,0,0,0,0,0,0,0.108700801963264,0,0,0,0,0,0,0,0,0,0,0,0,0,0,0,0,0,0,0,0,0.320804083047399,0,0,0,0,0,1.13169058753023,0,0,0,0,0,0,0,0,0,0,0,0,0,0,0,0,0,0,0,0,0,0,0,0,0,0,0,0,0,0,0,0,0,0,0,0.0761919275964969,0,0,0,0,0,0,0,0,0,5.04464298234977,0,0,0,0,0,0,0,0,0,0,0,0,0,0,0,0,0,0,0,0,0,0,0,0,0,0,0,0,0.312748565269298,0,0,0,0,0,0,0,0,0,0,0,0,0,0.00918915975230496,0,0,0,0,0,0,0,0,0,0,0,0,0.185393394110015,0,0,0,0,0,0,0,0,0,0,0,0,0,0,0,0,0,0,0,0,0,0,0,0,0,0.00963361333758729,0,0,0,0,0,0,0,0,0,0,0,0,0,1.30634377289828,0,0,0,0,0,0,0,0,0,0,0,0,0,0,0,0,0,0,0,0,0,0,0.00272725854295483,0,0,0,0,0,0,0,0,0,0,0,0,0,0,0,0,0,0,0,0,0,0,0,0,0,0,0,0,0,0,0,0,0,0,0,0,0,0,0,0.156979790112826,0.973267367873577,0,0,0,0,0,0,0,0,0,0,0,0,0,0,1.82259932634612,0,0,0,0,0,0,0,0,0,0,0,0,0,0,0,0,0,0,0,0,0,0,0,0,0,0,0,0,0,0.290723920648877,0.0413668413139547,0,0,0,0,0,0,0,0,0.0389904437071976,0,0,0,0,0,0.0600507654015931,0,0,0.0624651250207613,0,0,0,0,0,0,0,0,0,0,0,0,0,0,0,0,0,0,0,0,0,0,0,0,0,0,0,0,0,0,0,0,0,0,0,0,0,0,0,0,0,0,0,0,0,0,0,0,0,0,0,0,0,0,0,0,0,0,0,0,0,0,0,0,0,0,0,0,0,0,0,0,0,0,0,0,0,0,0,0,0,0,0,0,0,0,0,0,0,0,0,0,0,0,0,0,0,0,0,0,0,0,0,0,0,0,0,0,0,0,0.101953634087081,0.106614320582455,0,0,0,0,0,0,0,0,0,0,0,0,0,0,0,0,0,0,0,0,0,0,0,0.0154698604685322,0,0,0,0,0,0,0,0,0,0,0,0,0,0,0,0,0,0,0,0.347454534038353,0,0.0511769603428886,0,0,0.0418707249610412,0,0.0341768617440233,0,0,0,0,0,0,0,0,0,0,0,0,0,7.01698424229744,0,0,0,199.7034036,200.3031034,194.0204034,197.0942034,193.8294033,206.9582036,182.0904031,201.7237036,211.6020037,176.521703,205.6694036,"JOH-00413"
"69",2069,"nSPC",2010,"PRIAs","Pacific Remote Island Areas","Howland","Howland",2010,"ForereefDeep","Howland","2010-02-03","Forereef","Deep",0.81498,-176.62407,20,11.5,25,0,21,8.75,8.75,NA,0,2,NA,NA,NA,4,2,29.1931685863654,50.3316785900091,9.67771571087735,12.7431921189997,101.945755006252,3.51329171197691,0,0,0,0,0,0,0,0,0,0,0,0,0,0,0,0,0.00565884242104517,0,0,0,0,0,0,0,0,0.0438560287631001,0,0,0,0,0,0,0,0,0,0,0,0,0,0,0,0,0,0,0,0,0,0,0,0,0,0,0,0,0,0,0.0169765272631355,0.00141471060526129,0,0,0,0,0,0,0,0,0,0,0,0.00141471060526129,0,0,0,0,0,0,0.0113176848420903,0,0,0,0,0,0,0,0,0,0,0,0,0,0,0,0,0,0,0,0,0,0,0,0,0,0,0,0,0,0,0,0,0,0,0.0466854499736226,0,0,0,0,0.00707355302630646,0,0,0,0.00565884242104517,0,0,0,0.00141471060526129,0.0127323954473516,0.0212206590789194,0,0,0,0,0,0,0.00565884242104517,0,0,0.00424413181578388,0,0,0,0,0,0,0,0,0,0,0,0,0,0,0,0,0,0,0,0,0,0,0,0,0,0,0,0,0,0,0,0,0,0,0.00565884242104517,0.24050080289442,0,0,0.00141471060526129,0,0,0,0,0.00282942121052258,0,0,0,0,0,0,0,0,0,0,0,0,0,0,0,0,0,0,0,0,0,0,0,0,0,0,0,0,0,0,0,0,0,0,0,0,0.00282942121052258,0,0,0,0,0,0,0,0,0,0,0,0,0,0,0,0,0,0,0,0.0254647908947033,0.00424413181578388,0.00424413181578388,0.024050080289442,0,0,0,0,0,0,0,0,0,0,0,0,0,0,0,0,0,0,0,0,0,0,0,0,0,0,0,0,0,0.00141471060526129,0,0,0,0,0,0,0,0,0,0,0,0,0,0,0,0,0,0,0.00141471060526129,0,0,0,0,0,0,0,0,0,0,0,0.00848826363156775,0,0,0,0,0,0,0,0,0,0,0,0,0,0,0,0,0,0,0,0,0.00141471060526129,0,0,0,0,0,0,0,0,0,0,0,0,0,0,0,0,0,0,0,0,0,0,0,0,0,0,0,0,0,0,0,0,0,0,0,0.00141471060526129,0.00282942121052258,0,0,0,0.00141471060526129,0,0.00141471060526129,0,0,0,0,0,0,0,0,0,0,0.00848826363156775,0.0113176848420903,0,0,0.00141471060526129,0,3.81971863420549,0,0,0,0,0,0,0,0,0,0,0,0.00707355302630646,0,0,0,0,0,0,0,0.00141471060526129,0.033953054526271,0,0,0,0,0,0,0.0325383439210097,0,0,0,0,0,0,0.00990297423682904,0.00424413181578388,0,0,0,0,0,0,0.00141471060526129,0,0,0,0,0,0,0,0,0,0,0,0.00141471060526129,0,0,0,0,0,0,0,0,0,0,0,0.00141471060526129,0,0,0,0,0,0.00848826363156775,0,0,0,0,0,0,0,0,0,0,0,0,0,0,0,0,0.00424413181578388,0,0,0,0,0,0,0,0,0,0,0,0.00565884242104517,0,0,0,0,0,0,0,0,0,0,0,0,0,0,0,0.00141471060526129,0,0,0,0,0,0,0,0,0,0,0,3.81971863420549,0,0,0,0,0,0,0,0.00141471060526129,0,0,0,0,0.0141471060526129,0,0,0,0,0,0,0,0,0,0,0,0,0,0,0,0.0282942121052258,0,0,0,0,0,0,0,0,0,0.00282942121052258,0,0,0,0,0,0,0,0,0.00282942121052258,0,0,0,0,0,0,0,0,0,0,0,0,0,0,0,0,0,0,0.00424413181578388,0,0,0,0,0,0,0,0,0,0,0,0,0,0,0,0,0,0,0,0,0,0,0.00141471060526129,0,0,0,0,0,0,0,0,0.00565884242104517,0,0,0,0,0,0,0,0,0,0,0,0,0,0,0,0,0,0,0,0,0,0,0,0,0,0,0,0,0,0,0,0,0,0,0.00990297423682904,0,0,0,0,0,0,0,0,0,0,0,0,0,0,0,0,0,0.394400200416847,0,0,0,0,0,0,0,0,1.36467851587986,0,0,0,0,0,0,0,0,0,0,0,0,0,0,0,0,0,0,0,0,0,0,0,0,0,0,0,0,0,0,3.00279965403978,0.151274705675773,0,0,0,0,0,0,0,0,0,0,0,3.46511581811807,0,0,0,0,0,0,0.502984919018462,0,0,0,0,0,0,0,0,0,0,0,0,0,0,0,0,0,0,0,0,0,0,0,0,0,0,0,0,0,0,0,0,0,0,13.5591555124996,0,0,0,0,3.88585411155169,0,0,0,0.0412580988084822,0,0,0,0.0210791880183933,0.0441044947259692,4.05161704028847,0,0,0,0,0,0,1.21863837983946,0,0,0.235871036342292,0,0,0,0,0,0,0,0,0,0,0,0,0,0,0,0,0,0,0,0,0,0,0,0,0,0,0,0,0,0,0,0,0,0,0.418641138764545,0.530885716440958,0,0,0.0543504009816321,0,0,0,0,0.179111292414106,0,0,0,0,0,0,0,0,0,0,0,0,0,0,0,0,0,0,0,0,0,0,0,0,0,0,0,0,0,0,0,0,0,0,0,0,0.0130246551231898,0,0,0,0,0,0,0,0,0,0,0,0,0,0,0,0,0,0,0,0.565835934644632,0.0441682046465583,0.618536593433694,1.23013008995909,0,0,0,0,0,0,0,0,0,0,0,0,0,0,0,0,0,0,0,0,0,0,0,0,0,0,0,0,0,0.101943843739956,0,0,0,0,0,0,0,0,0,0,0,0,0,0,0,0,0,0,0.0235372476950347,0,0,0,0,0,0,0,0,0,0,0,3.49084612602049,0,0,0,0,0,0,0,0,0,0,0,0,0,0,0,0,0,0,0,0,0.0069695922761857,0,0,0,0,0,0,0,0,0,0,0,0,0,0,0,0,0,0,0,0,0,0,0,0,0,0,0,0,0,0,0,0,0,0,0,0.00392555880638058,0.00343332697453209,0,0,0,0.00240776012451825,0,0.00159141359918387,0,0,0,0,0,0,0,0,0,0,11.1862274822631,5.65770778191841,0,0,1.93236619639266,0,1.66671512744239,0,0,0,0,0,0,0,0,0,0,0,1.17687210743495,0,0,0,0,0,0,0,0.266697232260668,7.87688129821643,0,0,0,0,0,0,3.8036908105752,0,0,0,0,0,0,15.2536626295705,1.75237413421783,0,0,0,0,0,0,1.25402928637106,0,0,0,0,0,0,0,0,0,0,0,0.263047753165771,0,0,0,0,0,0,0,0,0,0,0,0.00631113770391906,0,0,0,0,0,0.0659255278690907,0,0,0,0,0,0,0,0,0,0,0,0,0,0,0,0,0.780322680344571,0,0,0,0,0,0,0,0,0,0,0,0.0326403491709061,0,0,0,0,0,0,0,0,0,0,0,0,0,0,0,0.131780292880089,0,0,0,0,0,0,0,0,0,0,0,2.90335398675354,0,0,0,0,0,0,0,0.00510314409529853,0,0,0,0,0.0942969933734644,0,0,0,0,0,0,0,0,0,0,0,0,0,0,0,0.808558040488618,0,0,0,0,0,0,0,0,0,0.240279202360337,0,0,0,0,0,0,0,0,1.54540468333866,0,0,0,0,0,0,0,0,0,0,0,0,0,0,0,0,0,0,3.51329171197691,0,0,0,0,0,0,0,0,0,0,0,0,0,0,0,0,0,0,0,0,0,0,0.0142393092066712,0,0,0,0,0,0,0,0,0.203300704586953,0,0,0,0,0,0,0,0,0,0,0,0,0,0,0,0,0,0,0,0,0,0,0,0,0,0,0,0,0,0,0,0,0,0,0.282504831405707,0,55.98090097,70.86600122,82.8596014,69.7013012,58.36610101,50.7624009,66.66800112,64.6640011,57.21160102,59.94150102,65.71860114,"HOW-00108"
"70",2072,"nSPC",2010,"PRIAs","Pacific Remote Island Areas","Howland","Howland",2010,"ForereefMid","Howland","2010-02-03","Forereef","Mid",0.81008,-176.62241,13,26.25,27.5,1.5,22.25,20,2.5,NA,0,2,NA,NA,NA,4,2,15.8078299336869,15.3216122355829,9.37288661995995,9.43566761159521,49.937996400825,0,0,0,0,0,0,0,0,0,0,0,0,0,0,0,0,0,0.00565884242104517,0,0,0,0,0,0,0,0,0.0311236333157484,0,0,0,0.00141471060526129,0,0,0,0,0,0,0,0,0,0,0,0,0,0,0,0,0,0,0,0,0,0,0,0,0,0,0.0141471060526129,0,0,0,0,0,0,0,0,0,0,0,0,0.00141471060526129,0,0,0,0,0,0,0.0169765272631355,0,0,0,0,0.00424413181578388,0,0,0,0,0,0,0,0,0,0,0,0,0,0,0,0,0,0,0,0,0,0,0,0,0,0,0,0,0,0,0,0,0,0,0.00424413181578388,0,0,0,0.0183912378683968,0,0,0,0,0.0198059484736581,0.0226353696841807,0,0,0,0,0,0,0,0,0,0.0113176848420903,0,0.0353677651315323,0,0,0,0,0,0,0,0,0,0,0,0,0,0,0,0,0,0,0,0,0,0,0,0,0,0,0,0.00141471060526129,0,0,0,0,0.00282942121052258,0.233427249868113,0,0,0.00282942121052258,0,0,0,0,0,0,0,0,0,0,0,0,0,0,0,0,0,0,0,0,0,0,0,0.00707355302630646,0,0,0,0.0155618166578742,0,0,0,0,0,0,0,0,0,0,0,0,0,0.00141471060526129,0,0,0,0,0,0,0,0,0,0,0,0,0,0,0,0,0,0,0,0.0381971863420549,0.00282942121052258,0,0.00282942121052258,0.00282942121052258,0.00282942121052258,0,0,0,0,0,0,0,0,0,0,0,0,0,0,0,0,0,0,0,0,0,0,0,0,0,0,0,0,0,0,0,0,0,0,0,0,0,0,0,0,0.00282942121052258,0,0,0,0,0,0.00141471060526129,0,0,0,0,0,0,0,0,0,0.00141471060526129,0,0.00282942121052258,0,0,0,0,0,0,0,0,0,0,0,0,0,0,0,0,0,0,0,0,0,0,0,0.00282942121052258,0,0,0,0,0,0,0,0,0,0,0,0,0,0,0,0,0,0,0,0,0,0,0,0,0,0,0,0,0,0,0,0,0.00424413181578388,0.00282942121052258,0,0,0,0.00141471060526129,0,0.00282942121052258,0,0,0,0,0,0,0.127323954473516,0,0,0,0.00141471060526129,0.00141471060526129,0,0,0.00141471060526129,0,1.98059484736581,0,0,0,0,0,0,0,0,0,0,0.00141471060526129,0.0155618166578742,0,0,0,0,0,0,0,0,0.024050080289442,0,0,0,0,0,0,0,0,0,0,0,0,0,0,0.00424413181578388,0,0,0,0,0,0,0.00141471060526129,0,0,0,0,0,0,0,0,0,0,0,0,0,0,0,0,0,0,0,0,0,0,0,0.00848826363156775,0,0,0,0,0,0.0155618166578742,0,0,0,0,0,0,0,0,0,0,0,0,0,0,0,0,0,0,0,0,0,0,0,0.0183912378683968,0,0,0,0,0.0268795014999645,0.00707355302630646,0,0,0,0,0,0,0,0,0.00141471060526129,0,0,0,0,0,0.00282942121052258,0,0,0,0,0,0,0,0,0,0,0,3.46604098289017,0,0,0,0,0,0,0,0.00282942121052258,0,0,0,0,0.00565884242104517,0,0,0,0,0,0,0,0,0,0,0,0,0,0,0,0.00565884242104517,0,0,0,0,0.00141471060526129,0,0,0,0,0,0,0,0,0,0,0,0,0,0.00565884242104517,0,0,0,0,0,0,0,0,0,0,0,0,0,0,0,0,0,0,0,0,0,0,0,0,0,0,0,0,0,0,0,0,0,0,0,0,0,0,0,0,0,0.0113176848420903,0,0,0,0,0,0,0,0,0.00565884242104517,0,0,0,0,0,0,0,0,0,0,0,0,0,0,0,0,0,0,0.00141471060526129,0,0,0,0,0,0,0,0,0,0,0,0,0,0,0,0.0141471060526129,0,0,0,0,0,0,0,0,0,0,0,0,0,0,0,0,0,0.452449830854304,0,0,0,0,0,0,0,0,1.46348827074904,0,0,0,0.759255871896757,0,0,0,0,0,0,0,0,0,0,0,0,0,0,0,0,0,0,0,0,0,0,0,0,0,0,3.51704625169695,0,0,0,0,0,0,0,0,0,0,0,0,3.46511581811807,0,0,0,0,0,0,0.854602724883691,0,0,0,0,0.0183091665942745,0,0,0,0,0,0,0,0,0,0,0,0,0,0,0,0,0,0,0,0,0,0,0,0,0,0,0,0,0,0,0,0,0,0,1.87790481155877,0,0,0,0.101937565481086,0,0,0,0,0.0804064740342524,5.20419311344217,0,0,0,0,0,0,0,0,0,0.481553613776669,0,0.0556982882976213,0,0,0,0,0,0,0,0,0,0,0,0,0,0,0,0,0,0,0,0,0,0,0,0,0,0,0,0.0209771670344623,0,0,0,0,0.27473509157586,0.500226108203735,0,0,0.0594971163183395,0,0,0,0,0,0,0,0,0,0,0,0,0,0,0,0,0,0,0,0,0,0,0,1.96197182647722,0,0,0,0.0346015578677228,0,0,0,0,0,0,0,0,0,0,0,0,0,0.0029310940847141,0,0,0,0,0,0,0,0,0,0,0,0,0,0,0,0,0,0,0,1.0874605235213,0.0171136870087654,0,0.225166706934366,0.00535289876946158,0.055523620694441,0,0,0,0,0,0,0,0,0,0,0,0,0,0,0,0,0,0,0,0,0,0,0,0,0,0,0,0,0,0,0,0,0,0,0,0,0,0,0,0,1.11851364415172,0,0,0,0,0,0.0305577490736439,0,0,0,0,0,0,0,0,0,0.017386538972798,0,1.20704110377291,0,0,0,0,0,0,0,0,0,0,0,0,0,0,0,0,0,0,0,0,0,0,0,0.0160873816477288,0,0,0,0,0,0,0,0,0,0,0,0,0,0,0,0,0,0,0,0,0,0,0,0,0,0,0,0,0,0,0,0,0.0416236940922265,0.0042039983025692,0,0,0,0.00599506576362728,0,0.00732698967583812,0,0,0,0,0,0,0.263743932254621,0,0,0,0.783659630991117,0.47724672547842,0,0,0.593225918973164,0,0.763826305860861,0,0,0,0,0,0,0,0,0,0,0.345108938069597,3.12465095083403,0,0,0,0,0,0,0,0,6.50707868588934,0,0,0,0,0,0,0,0,0,0,0,0,0,0,1.86127521969591,0,0,0,0,0,0,1.14128212496861,0,0,0,0,0,0,0,0,0,0,0,0,0,0,0,0,0,0,0,0,0,0,0,0.107548847366669,0,0,0,0,0,0.265435973426682,0,0,0,0,0,0,0,0,0,0,0,0,0,0,0,0,0,0,0,0,0,0,0,0.205470930579781,0,0,0,0,0.222354301540042,0.0863490012162078,0,0,0,0,0,0,0,0,0.00138381968867812,0,0,0,0,0,0.540084447738488,0,0,0,0,0,0,0,0,0,0,0,3.75129615578203,0,0,0,0,0,0,0,0.0110568122064802,0,0,0,0,0.0630398750239573,0,0,0,0,0,0,0,0,0,0,0,0,0,0,0,0.369626532794797,0,0,0,0,0.131780292880089,0,0,0,0,0,0,0,0,0,0,0,0,0,2.57991181343598,0,0,0,0,0,0,0,0,0,0,0,0,0,0,0,0,0,0,0,0,0,0,0,0,0,0,0,0,0,0,0,0,0,0,0,0,0,0,0,0,0,0.126931999710839,0,0,0,0,0,0,0,0,0.30139107911335,0,0,0,0,0,0,0,0,0,0,0,0,0,0,0,0,0,0,0.0143354040341732,0,0,0,0,0,0,0,0,0,0,0,0,0,0,0,0.272645315943972,0,47.00330082,58.36330102,71.35840119,55.15800097,48.45720084,42.29530074,53.45970089,51.99590088,44.4441008,53.98220091,51.78870088,"HOW-00127"
"71",2077,"nSPC",2010,"PRIAs","Pacific Remote Island Areas","Howland","Howland",2010,"ForereefDeep","Howland","2010-02-03","Forereef","Deep",0.8009,-176.6212,21,35,3.75,1.25,47.5,7.5,5,NA,0,3,NA,NA,NA,4,2,36.6060521185968,188.704117386037,5.75003380166006,3.76899176598777,234.829195072281,0,0,0,0,0,0,0,0,0,0,0,0,0,0,0,0,0,0,0,0,0,0,0,0,0,0,0.0169765272631355,0,0,0,0,0,0,0.0212206590789194,0,0,0,0,0,0,0,0,0,0,0,0,0,0,0,0,0,0,0,0,0,0,0,0.00424413181578388,0.00141471060526129,0,0,0,0,0,0,0,0.00141471060526129,0,0,0,0,0,0,0,0,0,0,0.00990297423682904,0,0,0,0,0,0,0,0,0,0,0,0,0,0,0,0,0,0,0,0,0,0,0,0,0,0,0,0,0,0,0,0,0,0,0.0268795014999645,0,0,0,0,0.00424413181578388,0.00141471060526129,0,0,0.0141471060526129,0,0,0,0,0.0367824757367936,0.024050080289442,0,0,0,0,0,0,0,0,0,0.00707355302630646,0,0.00282942121052258,0,0,0,0,0,0,0,0,0,0,0,0,0,0,0,0,0,0,0,0,0,0,0,0,0,0,0,0,0,0,0,0,0,0.234841960473374,0,0,0.00282942121052258,0,0,0,0,0,0,0,0,0,0,0,0,0,0,0,0,0,0,0,0,0,0,0,0.00141471060526129,0,0,0,0,0,0,0,0,0,0,0,0,0,0,0,0,0,0,0,0,0,0,0,0,0,0,0,0,0,0,0,0,0,0,0,0,0,0.0198059484736581,0.00141471060526129,0.00141471060526129,0.0183912378683968,0.00141471060526129,0.00990297423682904,0,0,0,0,0,0.00990297423682904,0,0,0,0,0,0,0,0,0,0,0,0,0,0,0,0,0,0,0,0,0.00565884242104517,0.00141471060526129,0,0,0,0,0,0,0.00141471060526129,0,0,0,0,0,0.00141471060526129,0,0,0,0,0,0.00282942121052258,0,0,0,0,0,0,0,0,0,0,0,0.00282942121052258,0,0,0,0,0,0,0,0,0,0,0,0,0,0,0,0,0,0,0,0,0.00424413181578388,0,0,0,0,0,0,0,0,0,0,0,0.00141471060526129,0,0,0,0,0,0,0,0,0,0,0,0,0,0,0,0,0,0,0,0,0,0,0,0,0.00424413181578388,0,0,0,0,0,0,0,0,0,0,0,0,0,0,0,0,0.00282942121052258,0,0,0,0.00282942121052258,0.00141471060526129,0,0,0,0,0,0,0,0,0,0,0,0.00282942121052258,0.00848826363156775,0,0,0,0,0,0,0,0,0.00282942121052258,0,0,0,0,0,0,0,0,0,0,0,0,0,0.0311236333157484,0.00424413181578388,0,0,0,0,0,0,0.0226353696841807,0,0,0,0,0,0,0,0,0,0,0,0,0,0,0,0,0,0,0,0,0,0,0,0.00565884242104517,0,0,0,0,0,0.0141471060526129,0,0,0,0,0.00141471060526129,0,0,0,0,0,0,0,0,0,0,0,0,0,0,0,0,0,0,0.00565884242104517,0,0,0,0,0.00848826363156775,0,0,0,0,0,0,0,0,0,0,0,0,0,0,0,0,0,0,0,0,0,0,0,0,0,0,0,2.24938986236545,0,0,0,0,0,0,0,0.00282942121052258,0,0,0,0,0.0183912378683968,0,0,0,0,0,0,0,0,0,0,0,0,0,0,0,0,0,0,0,0,0.00282942121052258,0,0,0,0,0.00565884242104517,0,0,0,0,0,0,0,0,0.00282942121052258,0,0,0,0,0,0,0,0,0,0,0,0,0,0,0,0,0,0,0,0,0,0,0,0,0,0,0,0,0,0,0,0,0,0,0,0,0,0,0,0,0,0.00141471060526129,0,0,0,0,0,0,0,0,0.00282942121052258,0,0,0,0,0,0,0,0,0,0,0,0,0,0,0,0,0,0,0,0,0,0,0,0,0,0,0,0.00424413181578388,0,0,0,0.00141471060526129,0,0.00282942121052258,0.0212206590789194,0,0,0,0,0,0,0,0,0,0,0,0,0,0,0,0,0,0,0,0,0,0,0,0,0,0,0.530044529515069,0,0,0,0,0,0,0.0985459113412911,0,0,0,0,0,0,0,0,0,0,0,0,0,0,0,0,0,0,0,0,0,0,0,0.482354069127469,0.0823727265044559,0,0,0,0,0,0,0,0.151274705675773,0,0,0,0,0,0,0,0,0,0,0.926077537329719,0,0,0,0,0,0,0,0,0,0,0,0,0,0,0,0,0,0,0,0,0,0,0,0,0,0,0,0,0,0,0,0,0,0,17.8861146896589,0,0,0,0,2.6102910094081,0.00373129922137666,0,0,0.0711212369369553,0,0,0,0,0.0756604443469179,3.79963383373525,0,0,0,0,0,0,0,0,0,0.609784360814,0,0.00197097481525003,0,0,0,0,0,0,0,0,0,0,0,0,0,0,0,0,0,0,0,0,0,0,0,0,0,0,0,0,0,0,0,0,0,0.569903717876185,0,0,0.191717946769562,0,0,0,0,0,0,0,0,0,0,0,0,0,0,0,0,0,0,0,0,0,0,0,0.194267004886483,0,0,0,0,0,0,0,0,0,0,0,0,0,0,0,0,0,0,0,0,0,0,0,0,0,0,0,0,0,0,0,0,0,0,0,0,0,1.03638574065135,0.0654475660415102,0.0799691211841828,0.596805763768246,0.0149490314994408,0.287939971809461,0,0,0,0,0,0.0596859020292176,0,0,0,0,0,0,0,0,0,0,0,0,0,0,0,0,0,0,0,0,1.99664460423406,0.167005142069271,0,0,0,0,0,0,0.184478149749224,0,0,0,0,0,0.0546007428718391,0,0,0,0,0,0.0540949967686787,0,0,0,0,0,0,0,0,0,0,0,0.559849171478496,0,0,0,0,0,0,0,0,0,0,0,0,0,0,0,0,0,0,0,0,0.0624394989001012,0,0,0,0,0,0,0,0,0,0,0,0.193532410799745,0,0,0,0,0,0,0,0,0,0,0,0,0,0,0,0,0,0,0,0,0,0,0,0,0.00918626461046941,0,0,0,0,0,0,0,0,0,0,0,0,0,0,0,0,24.8786392337203,0,0,0,0.902944860723197,0.0446090857020565,0,0,0,0,0,0,0,0,0,0,0,1.00005612240377,1.34274788015082,0,0,0,0,0,0,0,0,0.302512581902028,0,0,0,0,0,0,0,0,0,0,0,0,0,122.64689669591,1.48940292515664,0,0,0,0,0,0,43.5660666699498,0,0,0,0,0,0,0,0,0,0,0,0,0,0,0,0,0,0,0,0,0,0,0,0.0613488384256493,0,0,0,0,0,0.315217854963544,0,0,0,0,0.102300293679141,0,0,0,0,0,0,0,0,0,0,0,0,0,0,0,0,0,0,0.0288104223272832,0,0,0,0,0.0446695005000018,0,0,0,0,0,0,0,0,0,0,0,0,0,0,0,0,0,0,0,0,0,0,0,0,0,0,0,2.04231959063525,0,0,0,0,0,0,0,0.0162072076359944,0,0,0,0,0.0870141228340551,0,0,0,0,0,0,0,0,0,0,0,0,0,0,0,0,0,0,0,0,0.2951878560514,0,0,0,0,0.597434108065046,0,0,0,0,0,0,0,0,0.40042874386103,0,0,0,0,0,0,0,0,0,0,0,0,0,0,0,0,0,0,0,0,0,0,0,0,0,0,0,0,0,0,0,0,0,0,0,0,0,0,0,0,0,0.00534718022095792,0,0,0,0,0,0,0,0,0.150985838172875,0,0,0,0,0,0,0,0,0,0,0,0,0,0,0,0,0,0,0,0,0,0,0,0,0,0,0,0.00601848721513075,0,0,0,0.307890259861656,0,0.0792213912226039,0.407037244563114,0,48.78930084,58.71700102,72.95010122,56.03790099,49.47870085,40.56960071,54.49710091,54.80620092,43.80780079,55.05740093,51.45640087,"HOW-00105"
"72",2078,"nSPC",2010,"PRIAs","Pacific Remote Island Areas","Howland","Howland",2010,"ForereefMid","Howland","2010-02-03","Forereef","Mid",0.79838,-176.62007,12,62.5,3.75,2.5,22.5,2.5,6.25,NA,0,3.75,NA,NA,NA,4,2,12.0051880724533,51.8027764327709,13.1291985748073,4.18486950459079,81.1220325846224,0,0,0,0,0,0,0,0,0,0,0,0,0,0,0,0,0,0.00565884242104517,0,0,0,0,0,0.00141471060526129,0,0,0,0,0,0,0,0,0,0,0,0,0,0,0,0,0,0,0,0,0,0,0,0,0,0,0,0,0,0,0,0,0,0.00282942121052258,0,0,0,0,0,0,0,0,0,0,0,0,0,0,0,0,0,0,0,0.0113176848420903,0,0,0,0,0,0,0.00141471060526129,0,0,0,0,0,0,0,0,0,0,0,0,0,0,0,0,0.00424413181578388,0,0,0,0,0,0,0,0,0,0,0,0,0,0,0,0.00565884242104517,0,0,0,0.0226353696841807,0,0,0,0,0.0367824757367936,0.0198059484736581,0,0,0,0,0,0,0,0,0,0.00707355302630646,0.00141471060526129,0.162691719605049,0,0,0,0,0,0,0,0,0,0,0,0,0,0,0,0,0,0,0,0,0,0,0,0,0,0,0,0,0,0,0,0,0,0.244744934710204,0,0,0.00990297423682904,0,0,0,0,0,0,0,0,0,0,0,0,0,0,0,0,0,0,0,0,0,0,0,0,0,0,0,0,0,0,0,0,0,0,0,0,0,0,0,0,0,0,0,0,0,0,0,0,0,0,0,0,0,0,0,0,0,0,0,0,0,0.0183912378683968,0,0,0.0268795014999645,0,0.0183912378683968,0,0,0,0,0,0,0,0,0,0,0,0,0,0,0,0,0,0,0,0,0,0,0,0,0,0,0.00424413181578388,0.00141471060526129,0,0,0,0,0,0,0,0,0,0,0,0,0,0,0,0,0,0,0,0,0,0,0,0,0,0,0,0,0.00424413181578388,0,0.00282942121052258,0,0,0,0,0,0,0,0,0,0,0,0,0,0,0,0,0,0,0,0,0,0,0,0,0,0,0,0,0,0,0,0,0,0,0,0,0,0,0,0,0,0,0,0,0,0,0,0,0,0,0,0,0,0,0,0,0,0,0,0,0,0.00424413181578388,0,0,0,0,0,0,0,0,0.237671381683897,0,0,0,0,0,0,0,0.00282942121052258,0,0,0,0,0,0,0,0,0,0,0,0,0,0.0282942121052258,0,0,0,0,0,0,0,0,0.0127323954473516,0,0,0,0,0,0,0,0,0,0,0,0,0,0.00990297423682904,0.00141471060526129,0,0,0,0,0,0,0.00565884242104517,0,0,0,0,0,0,0,0,0,0,0,0,0,0,0,0.00141471060526129,0,0,0,0,0,0,0,0.0127323954473516,0,0,0,0,0,0.0127323954473516,0.00282942121052258,0,0,0,0,0,0,0,0,0,0,0,0,0,0,0,0,0,0,0,0,0,0,0.0113176848420903,0,0,0,0,0.0198059484736581,0,0,0,0,0,0,0,0,0,0,0,0,0,0.00141471060526129,0,0,0,0,0,0,0,0,0,0,0,0,0,1.69765272631355,0,0,0,0,0,0,0,0,0,0,0,0,0.00990297423682904,0,0,0,0,0,0,0,0,0,0,0,0,0,0,0,0,0,0,0,0,0,0,0,0,0,0.00707355302630646,0,0,0,0,0,0,0,0,0.00141471060526129,0,0,0,0,0,0,0,0,0,0,0,0,0,0,0,0,0,0,0,0,0,0,0,0,0,0,0,0,0,0,0,0,0,0,0,0,0,0,0,0,0,0.0155618166578742,0,0,0,0,0,0,0,0,0.00990297423682904,0,0,0,0,0,0,0,0,0,0,0,0,0,0,0,0,0,0,0.00141471060526129,0,0,0,0,0,0,0,0,0,0,0,0,0,0,0,0.0183912378683968,0,0,0,0,0,0,0,0,0,0,0,0,0,0,0,0,0,0.272918292524019,0,0,0,0,0,0.309830110815854,0,0,0,0,0,0,0,0,0,0,0,0,0,0,0,0,0,0,0,0,0,0,0,0,0,0,0,0,0,0,0,0,0,0.390271263186314,0,0,0,0,0,0,0,0,0,0,0,0,0,0,0,0,0,0,0,0.713920837523322,0,0,0,0,0,0,0.0490392771276487,0,0,0,0,0,0,0,0,0,0,0,0,0,0,0,0,0.580772619287687,0,0,0,0,0,0,0,0,0,0,0,0,0,0,0,4.75776312319724,0,0,0,0.147038118029946,0,0,0,0,0.127356937256086,2.25737416287373,0,0,0,0,0,0,0,0,0,0.396736593410675,0.0106689002380942,0.133588293033613,0,0,0,0,0,0,0,0,0,0,0,0,0,0,0,0,0,0,0,0,0,0,0,0,0,0,0,0,0,0,0,0,0,0.543952549475393,0,0,0.452776204217033,0,0,0,0,0,0,0,0,0,0,0,0,0,0,0,0,0,0,0,0,0,0,0,0,0,0,0,0,0,0,0,0,0,0,0,0,0,0,0,0,0,0,0,0,0,0,0,0,0,0,0,0,0,0,0,0,0,0,0,0,0,1.04581768435124,0,0,3.56300024950996,0,0.623925827022622,0,0,0,0,0,0,0,0,0,0,0,0,0,0,0,0,0,0,0,0,0,0,0,0,0,0,1.18536104740856,0.255317935432273,0,0,0,0,0,0,0,0,0,0,0,0,0,0,0,0,0,0,0,0,0,0,0,0,0,0,0,0,0.0674848037626505,0,1.42491219962202,0,0,0,0,0,0,0,0,0,0,0,0,0,0,0,0,0,0,0,0,0,0,0,0,0,0,0,0,0,0,0,0,0,0,0,0,0,0,0,0,0,0,0,0,0,0,0,0,0,0,0,0,0,0,0,0,0,0,0,0,0,0.00874107905541708,0,0,0,0,0,0,0,0,0.462582979123125,0,0,0,0,0,0,0,0.530938560161547,0,0,0,0,0,0,0,0,0,0,0,0,0,4.00101166240526,0,0,0,0,0,0,0,0,1.93234970634684,0,0,0,0,0,0,0,0,0,0,0,0,0,34.669636720211,2.05425742351169,0,0,0,0,0,0,12.5113355169233,0,0,0,0,0,0,0,0,0,0,0,0,0,0,0,0.162681250416954,0,0,0,0,0,0,0,0.140200709876827,0,0,0,0,0,0.424097440515562,0.382415746645418,0,0,0,0,0,0,0,0,0,0,0,0,0,0,0,0,0,0,0,0,0,0,0.0779342173338673,0,0,0,0,0.235288353609747,0,0,0,0,0,0,0,0,0,0,0,0,0,0.00200579761443076,0,0,0,0,0,0,0,0,0,0,0,0,0,1.54732487004318,0,0,0,0,0,0,0,0,0,0,0,0,0.0525153359305198,0,0,0,0,0,0,0,0,0,0,0,0,0,0,0,0,0,0,0,0,0,0,0,0,0,0.50739100417073,0,0,0,0,0,0,0,0,0.51725356504866,0,0,0,0,0,0,0,0,0,0,0,0,0,0,0,0,0,0,0,0,0,0,0,0,0,0,0,0,0,0,0,0,0,0,0,0,0,0,0,0,0,0.207750628587864,0,0,0,0,0,0,0,0,0.608802034794208,0,0,0,0,0,0,0,0,0,0,0,0,0,0,0,0,0,0,0.0100682124355236,0,0,0,0,0,0,0,0,0,0,0,0,0,0,0,0.765622740554684,0,50.31810086,57.06750098,73.27150123,55.07010097,50.22560087,41.08980072,52.98600088,54.99590092,43.65950078,55.63350094,50.08090085,"HOW-00406"
"73",2079,"nSPC",2010,"PRIAs","Pacific Remote Island Areas","Howland","Howland",2010,"ForereefShallow","Howland","2010-02-03","Forereef","Shallow",0.80582,-176.62128,4,53.75,5,1.25,37.5,2.5,0,NA,0,3,NA,NA,NA,4,2,26.2003706446588,13.8714385332884,20.3406478654591,32.8511411033398,93.2635981467461,4.68447255997603,0,0,0,0,0,0.00848826363156775,0,0,0,0,0.00282942121052258,0,0.0254647908947033,0,0,0,0.0226353696841807,0,0,0,0,0,0,0,0,0,0,0,0,0.00141471060526129,0,0,0,0,0,0,0,0,0,0,0,0,0,0,0,0,0,0,0,0,0,0,0,0,0,0,0.00282942121052258,0,0,0,0,0,0,0,0,0.00282942121052258,0,0,0,0.00141471060526129,0,0,0,0,0,0,0.0268795014999645,0,0,0,0,0,0,0.00141471060526129,0,0.00141471060526129,0,0,0,0,0,0,0,0,0,0,0,0,0,0,0,0,0,0,0,0,0,0,0,0,0,0.0282942121052258,0,0,0,0,0.00565884242104517,0,0,0,0.0481001605788839,0,0,0,0,0.0113176848420903,0.00848826363156775,0,0,0,0,0,0,0,0,0,0.0113176848420903,0,0.410266075525775,0,0,0,0,0,0,0,0,0,0,0,0,0,0,0,0,0,0,0,0,0,0,0,0,0,0,0,0,0,0,0,0,0.00141471060526129,0.172594693841878,0,0,0.00424413181578388,0,0,0,0,0.00282942121052258,0,0,0,0,0,0,0,0,0,0,0,0,0,0,0,0,0,0,0.00565884242104517,0,0,0,0,0,0,0,0,0,0,0,0,0,0,0,0,0,0,0,0,0,0.00282942121052258,0,0,0,0,0,0,0,0,0,0,0,0,0,0,0,0.0141471060526129,0,0.00282942121052258,0.00707355302630646,0,0.00848826363156775,0,0,0,0,0,0,0,0,0,0,0,0,0,0,0,0,0,0,0,0,0,0,0,0,0,0,0,0,0,0,0,0,0.00282942121052258,0,0,0,0,0,0,0,0,0,0,0,0,0,0,0,0,0,0,0,0.00990297423682904,0,0,0,0.00141471060526129,0,0,0,0,0,0,0,0,0,0,0,0,0,0,0,0,0,0,0,0.00141471060526129,0,0,0,0,0,0,0,0,0,0,0,0,0,0,0.00141471060526129,0,0,0,0,0,0.00565884242104517,0,0,0,0,0,0,0,0,0,0,0,0,0,0,0,0,0,0,0.00141471060526129,0,0,0,0.00282942121052258,0,0,0,0,0,0,0,0,0.0141471060526129,0,0,0,0.00282942121052258,0.0396118969473162,0,0,0.0735649514735872,0,0,0,0,0,0,0,0,0,0,0,0,0,0.0311236333157484,0,0,0.0509295817894065,0.0452707393683613,0,0.00565884242104517,0,0,0.0141471060526129,0,0,0,0,0,0,0.00848826363156775,0,0,0,0,0,0,0,0,0,0,0,0,0,0,0,0,0,0,0,0,0,0,0,0,0,0,0,0,0,0,0.00141471060526129,0,0,0,0,0,0,0,0.00282942121052258,0,0,0,0,0,0.00282942121052258,0.00282942121052258,0,0,0,0,0,0,0,0,0,0,0,0,0,0,0,0,0,0,0,0,0,0,0.1315680862893,0,0,0,0,0.00707355302630646,0.0141471060526129,0,0,0,0,0,0,0,0,0,0,0,0,0,0,0.00565884242104517,0,0,0,0,0,0,0,0,0,0,0,0.55881068907821,0,0,0,0,0,0,0,0,0,0,0,0,0.00141471060526129,0.0424413181578388,0,0,0,0,0,0,0,0,0,0,0,0,0,0,0,0,0,0,0,0,0,0,0,0,0,0,0,0,0,0,0,0,0,0.00282942121052258,0,0,0,0,0,0,0,0,0.00282942121052258,0,0,0,0,0,0,0,0,0,0.00141471060526129,0,0,0,0,0,0,0,0,0,0,0,0,0,0,0,0,0,0,0,0,0,0,0.0198059484736581,0,0,0,0,0,0,0,0,0,0,0,0,0,0,0,0,0,0,0,0.0509295817894065,0,0,0,0,0,0,0,0.00707355302630646,0,0,0,0,0,0,0,0,0,0,0,0,0.00141471060526129,0,0,0.024050080289442,0,0,0,0,0,0,0.52903103083746,0,0,0,0,0.0228600257282962,0,5.65310218201386,0,0,0,1.60333606155785,0,0,0,0,0,0,0,0,0,0,0,0,0.0695832987769358,0,0,0,0,0,0,0,0,0,0,0,0,0,0,0,0,0,0,0,0,0,0,0,0,0,0,0.842233104380955,0,0,0,0,0,0,0,0,0.18481410612181,0,0,0,2.4528496200579,0,0,0,0,0,0,0.613292487745761,0,0,0,0,0,0,0.0490392771276487,0,0.0623451348811407,0,0,0,0,0,0,0,0,0,0,0,0,0,0,0,0,0,0,0,0,0,0,0,0,0,8.95175402778634,0,0,0,0,0.316447198479719,0,0,0,0.182278426228734,0,0,0,0,0.042882439618087,0.825437012894179,0,0,0,0,0,0,0,0,0,0.457430900831244,0,0.542383069529916,0,0,0,0,0,0,0,0,0,0,0,0,0,0,0,0,0,0,0,0,0,0,0,0,0,0,0,0,0,0,0,0,0.111765839077458,0.374083720027733,0,0,0.360899223942845,0,0,0,0,0.27473509157586,0,0,0,0,0,0,0,0,0,0,0,0,0,0,0,0,0,0,0.777068019545934,0,0,0,0,0,0,0,0,0,0,0,0,0,0,0,0,0,0,0,0,0,0.0213602724474526,0,0,0,0,0,0,0,0,0,0,0,0,0,0,0,0.419603227602543,0,0.194259936821447,0.661266770935614,0,0.297548933735355,0,0,0,0,0,0,0,0,0,0,0,0,0,0,0,0,0,0,0,0,0,0,0,0,0,0,0,0,0,0,0,0,1.89302998134237,0,0,0,0,0,0,0,0,0,0,0,0,0,0,0,0,0,0,0,2.583264696108,0,0,0,0.0353318759714055,0,0,0,0,0,0,0,0,0,0,0,0,0,0,0,0,0,0,0,0.0261241252878032,0,0,0,0,0,0,0,0,0,0,0,0,0,0,0.0663816169043124,0,0,0,0,0,0.388196590083699,0,0,0,0,0,0,0,0,0,0,0,0,0,0,0,0,0,0,0.00444914014238521,0,0,0,0.00785111761276115,0,0,0,0,0,0,0,0,0.0169588433805697,0,0,0,3.25408032212115,6.31025754694221,0,0,18.2190390701825,0,0,0,0,0,0,0,0,0,0,0,0,0,4.21094040284039,0,0,6.66069642727063,10.2145460632395,0,0.341200295017352,0,0,1.89325830136861,0,0,0,0,0,0,1.39197464661658,0,0,0,0,0,0,0,0,0,0,0,0,0,0,0,0,0,0,0,0,0,0,0,0,0,0,0,0,0,0,0.191829084138567,0,0,0,0,0,0,0,0.0204346147065911,0,0,0,0,0,0.101872214398312,0.221217541251428,0,0,0,0,0,0,0,0,0,0,0,0,0,0,0,0,0,0,0,0,0,0,0.596023430982436,0,0,0,0,0.0300728783227394,0.103964272067602,0,0,0,0,0,0,0,0,0,0,0,0,0,0,0.683109992277678,0,0,0,0,0,0,0,0,0,0,0,0.339380373731962,0,0,0,0,0,0,0,0,0,0,0,0,0.00907673464711605,0.0934340848635642,0,0,0,0,0,0,0,0,0,0,0,0,0,0,0,0,0,0,0,0,0,0,0,0,0,0,0,0,0,0,0,0,0,0.298235991521496,0,0,0,0,0,0,0,0,2.02959667379003,0,0,0,0,0,0,0,0,0,2.65487588618601,0,0,0,0,0,0,0,0,0,0,0,0,0,0,0,0,0,0,0,0,0,0,0.244785849929027,0,0,0,0,0,0,0,0,0,0,0,0,0,0,0,0,0,0,0,0.164247193915533,0,0,0,0,0,0,0,0.107761336223963,0,0,0,0,0,0,0,0,0,0,0,0,0.166556765408647,0,0,0.79585172564098,0,44.09230077,54.01950092,67.65190112,51.77500092,46.9488008,39.5974007,47.59970079,47.31060079,41.45100074,52.9450009,48.01940082,"HOW-00117"
"74",2081,"nSPC",2010,"PRIAs","Pacific Remote Island Areas","Howland","Howland",2010,"ForereefDeep","Howland","2010-02-04","Forereef","Deep",0.80846,-176.61009,22,30,0,1.25,27.5,15,1.25,NA,0,2.25,NA,NA,NA,4,2,28.8480995983835,63.4196146126164,14.6800457918852,36.2276784599122,143.175438462797,0,0,0,0,0,0,0,0,0,0,0,0,0,0,0,0,0,0.0127323954473516,0,0,0,0,0,0,0,0,0.00141471060526129,0,0,0,0,0,0,0,0,0,0,0,0,0,0,0,0,0,0,0,0,0,0,0,0,0,0,0,0,0,0,0.00990297423682904,0,0,0,0,0,0,0,0,0.00565884242104517,0,0,0,0,0,0,0,0,0,0,0.0183912378683968,0,0,0,0,0,0,0,0,0.00424413181578388,0,0,0,0,0,0,0,0,0,0,0,0,0,0,0.00282942121052258,0,0,0,0,0,0.00141471060526129,0,0,0,0,0,0,0,0,0,0.00848826363156775,0,0,0,0.00990297423682904,0,0,0,0,0.0410266075525775,0.0212206590789194,0,0,0,0,0,0,0,0,0,0.00990297423682904,0,0.116006269631426,0,0,0,0,0,0,0,0,0,0,0,0,0,0,0,0,0,0,0,0,0,0,0,0,0,0,0,0,0,0,0,0,0,0.264550883183862,0,0,0.00282942121052258,0,0,0,0,0.00282942121052258,0,0,0,0,0,0,0,0,0,0,0,0,0,0,0,0,0,0,0.024050080289442,0,0,0,0,0,0,0,0,0.0282942121052258,0,0,0,0,0,0,0,0,0.00141471060526129,0,0,0,0,0,0,0,0,0,0,0,0,0,0,0,0,0,0,0,0.00424413181578388,0,0,0.0169765272631355,0,0,0,0,0,0,0,0.00141471060526129,0,0,0,0,0,0,0,0,0,0,0,0,0,0,0,0,0,0,0,0,0,0,0,0,0,0,0,0.00141471060526129,0,0,0,0,0,0,0.00282942121052258,0,0,0,0,0,0,0,0,0,0,0,0,0,0,0,0.00282942121052258,0,0,0,0,0,0,0,0,0,0,0,0,0,0,0,0,0,0,0,0,0,0,0,0,0,0.00424413181578388,0,0,0,0,0,0,0,0,0.00141471060526129,0,0,0,0,0,0,0,0,0,0,0,0,0,0,0,0,0,0,0,0,0,0,0,0.00141471060526129,0.00424413181578388,0,0,0,0.00141471060526129,0,0.00141471060526129,0,0,0,0,0,0,0,0,0,0,0.00707355302630646,0.00282942121052258,0.0212206590789194,0,0.00565884242104517,0,0,0,0,0,0,0,0,0,0,0,0,0.00282942121052258,0.00282942121052258,0,0,0.0537590029999291,0,0,0.00424413181578388,0,0.0749796620788485,0.193815352920797,0,0.00282942121052258,0,0,0,0,0.00990297423682904,0,0,0,0,0,0,0,0.00424413181578388,0,0,0,0,0,0,0.00848826363156775,0,0,0,0,0,0,0,0,0,0,0,0.00424413181578388,0,0,0,0.00141471060526129,0,0,0,0,0,0,0,0.00141471060526129,0,0,0,0,0,0.00990297423682904,0.00424413181578388,0,0.00141471060526129,0,0,0,0,0,0,0,0,0,0,0,0,0,0,0,0,0,0,0,0,0.0565884242104517,0,0,0,0,0.00565884242104517,0,0,0,0,0,0,0,0,0,0,0,0,0,0,0,0,0,0,0,0,0,0,0,0,0,0,0,1.05395940091966,0,0,0,0,0,0,0,0.00141471060526129,0.00141471060526129,0,0,0,0.00848826363156775,0,0,0,0,0,0,0,0,0,0,0,0,0,0,0,0,0,0,0,0,0,0,0,0,0,0.00565884242104517,0,0,0,0,0,0,0,0,0.0183912378683968,0,0,0,0,0,0,0,0,0,0,0,0,0,0,0,0,0,0,0,0,0,0,0,0,0,0,0,0,0,0,0,0,0,0,0,0,0,0,0,0,0,0.00141471060526129,0,0,0,0,0,0,0,0,0,0,0,0,0,0,0,0,0,0,0,0,0,0,0,0,0,0,0,0.00141471060526129,0,0,0,0,0,0,0,0,0,0,0,0,0.00141471060526129,0,0,0,0,0,0,0,0,0,0,0,0,0,0,0,0,0,0,0,0,0.939224470890121,0,0,0,0,0,0,0,0,0.106342240015826,0,0,0,0,0,0,0,0,0,0,0,0,0,0,0,0,0,0,0,0,0,0,0,0,0,0,0,0,0,0,1.73611517089409,0,0,0,0,0,0,0,0,0.328056856916099,0,0,0,0,0,0,0,0,0,0,1.22714109920853,0,0,0,0,0,0,0,0,0.287288224630203,0,0,0,0,0,0,0,0,0,0,0,0,0,0,0.313066809210036,0,0,0,0,0,0.0981107726399819,0,0,0,0,0,0,0,0,0,4.34050345000843,0,0,0,0.0602943799423594,0,0,0,0,0.150808490903965,4.89314006842212,0,0,0,0,0,0,0,0,0,0.932238615899777,0,0.130777828945201,0,0,0,0,0,0,0,0,0,0,0,0,0,0,0,0,0,0,0,0,0,0,0,0,0,0,0,0,0,0,0,0,0,0.66567849408389,0,0,0.179111292414106,0,0,0,0,0.333200775916839,0,0,0,0,0,0,0,0,0,0,0,0,0,0,0,0,0,0,9.30408396050097,0,0,0,0,0,0,0,0,0.15655290245843,0,0,0,0,0,0,0,0,0.0118766770515908,0,0,0,0,0,0,0,0,0,0,0,0,0,0,0,0,0,0,0,0.204413142412607,0,0,1.11370843851089,0,0,0,0,0,0,0,0.0436050722016489,0,0,0,0,0,0,0,0,0,0,0,0,0,0,0,0,0,0,0,0,0,0,0,0,0,0,0,0.539630131601379,0,0,0,0,0,0,0.410719965314353,0,0,0,0,0,0,0,0,0,0,0,0,0,0,0,0.030464644164349,0,0,0,0,0,0,0,0,0,0,0,0,0,0,0,0,0,0,0,0,0,0,0,0,0,0.0606052120319701,0,0,0,0,0,0,0,0,0.25759163877446,0,0,0,0,0,0,0,0,0,0,0,0,0,0,0,0,0,0,0,0,0,0,0,0.00599506576362728,0.0140022127739318,0,0,0,0.00240776012451825,0,0.00452387520175862,0,0,0,0,0,0,0,0,0,0,11.5389474773937,0.759206074486025,12.9723509924236,0,3.71761124259796,0,0,0,0,0,0,0,0,0,0,0,0,0.43101158738777,0.721565603067736,0,0,10.7799060451345,0,0,0.14768595802219,0,4.44182165879196,37.2749194984646,0,0.656207141369647,0,0,0,0,1.18013833598627,0,0,0,0,0,0,0,2.06683274244524,0,0,0,0,0,0,17.7974793006359,0,0,0,0,0,0,0,0,0,0,0,0.272593230032651,0,0,0,0.223949792370959,0,0,0,0,0,0,0,0.0102173073532955,0,0,0,0,0,0.193219060728174,0.545974415523527,0,0.524299900891813,0,0,0,0,0,0,0,0,0,0,0,0,0,0,0,0,0,0,0,0,0.426684931087671,0,0,0,0,0.0449318788147018,0,0,0,0,0,0,0,0,0,0,0,0,0,0,0,0,0,0,0,0,0,0,0,0,0,0,0,0.918694463612224,0,0,0,0,0,0,0,0.00295320838848295,0.0394292063297327,0,0,0,0.0604794840757659,0,0,0,0,0,0,0,0,0,0,0,0,0,0,0,0,0,0,0,0,0,0,0,0,0,1.06841196663302,0,0,0,0,0,0,0,0,5.31355966246146,0,0,0,0,0,0,0,0,0,0,0,0,0,0,0,0,0,0,0,0,0,0,0,0,0,0,0,0,0,0,0,0,0,0,0,0,0,0,0,0,0,0.0210037905713108,0,0,0,0,0,0,0,0,0,0,0,0,0,0,0,0,0,0,0,0,0,0,0,0,0,0,0,0.0100682124355236,0,0,0,0,0,0,0,0,0,0,0,0,0.132004553451819,0,0,0,0,120.7296021,130.6010023,129.1553022,132.3837023,118.8103021,139.0926024,126.3435021,129.1600022,140.1843024,131.2387023,132.2708023,"HOW-00104"
"75",2082,"nSPC",2010,"PRIAs","Pacific Remote Island Areas","Howland","Howland",2010,"ForereefShallow","Howland","2010-02-04","Forereef","Shallow",0.81667,-176.61421,5,27.5,0,2.5,42.5,27.5,0,NA,0,2.25,NA,NA,NA,4,2,1.51936326936772,4.40626763498484,17.1084058475346,3.56192998121758,26.5959667331047,6.93021407840189,0,0,0,0,0.0169765272631355,0,0,0,0,0,0,0,0.00565884242104517,0,0,0,0.111762137815642,0,0,0,0,0,0,0,0,0,0,0,0,0,0,0,0,0,0,0,0,0,0,0,0.00282942121052258,0.00282942121052258,0,0,0,0,0,0,0,0,0,0,0,0,0,0,0.00141471060526129,0,0,0,0,0,0,0,0,0.00282942121052258,0,0,0,0,0,0,0,0,0,0,0.0113176848420903,0,0,0,0,0,0,0,0,0,0,0,0,0,0,0,0,0,0,0,0,0,0,0,0.00282942121052258,0,0,0,0,0,0.00141471060526129,0,0,0,0,0,0,0,0,0,0.00282942121052258,0,0,0,0.00990297423682904,0,0,0,0,0.0141471060526129,0,0,0,0,0,0,0,0,0,0,0.00141471060526129,0,0.033953054526271,0,0,0,0,0,0,0,0,0,0,0,0,0,0,0,0,0,0,0,0,0,0,0,0,0,0,0,0,0,0,0,0,0,0.145715192341913,0,0,0.00565884242104517,0,0,0,0,0,0,0,0,0,0,0,0,0,0,0,0,0,0,0,0,0,0,0,0,0,0,0,0,0,0,0,0,0.00424413181578388,0,0,0,0,0,0,0,0,0,0,0,0,0.00141471060526129,0,0,0,0,0,0,0,0,0,0,0,0,0,0,0,0.0113176848420903,0,0.00141471060526129,0.0523442923946678,0,0.00990297423682904,0,0,0,0,0,0,0,0,0,0,0,0,0,0,0,0,0,0,0,0,0,0,0,0,0,0,0,0,0,0,0,0,0,0,0,0,0,0,0,0,0,0,0,0,0,0,0,0,0,0,0,0,0,0,0,0,0.024050080289442,0,0,0,0,0,0,0,0,0,0,0,0,0,0,0,0,0,0,0,0,0,0,0,0,0,0,0,0,0,0,0,0,0,0,0.00141471060526129,0,0,0,0,0,0,0,0,0,0,0,0,0,0,0,0,0,0,0,0,0,0,0,0,0,0,0,0,0,0,0,0,0,0,0,0,0,0,0,0,0,0,0,0,0,0,0,0,0,0,0,0,0,0,0,0,0,0,0.0198059484736581,0.00282942121052258,0,0,0,0,0,0,0,0,0.00141471060526129,0,0,0,0,0,0,0,0,0,0,0,0,0,0,0,0,0,0,0,0,0,0,0,0,0,0,0,0,0,0,0,0,0,0,0,0,0,0,0,0,0,0,0,0,0,0.00141471060526129,0,0,0,0,0,0.00141471060526129,0.00282942121052258,0,0,0,0,0,0,0,0,0,0,0,0,0,0,0,0,0,0,0,0,0,0,0.185327089289229,0,0,0,0,0,0,0,0,0,0,0,0,0,0,0,0,0,0,0,0,0,0,0,0,0,0,0,0,0,0,0,0,0,0,0,0,0,0,0,0,0,0,0,0,0,0,0.0424413181578388,0,0,0,0,0,0,0,0,0,0,0,0,0,0,0,0,0,0,0,0,0,0,0,0,0,0,0,0,0,0,0,0,0,0,0,0,0,0,0,0,0,0,0,0,0,0,0,0,0,0,0,0,0.00424413181578388,0,0,0,0,0.00424413181578388,0,0,0,0,0,0,0,0,0,0,0,0,0,0,0,0,0,0.0141471060526129,0,0,0,0,0,0,0,0,0,0,0,0,0,0,0,0,0,0,0,0,0,0,0,0,0,0.00565884242104517,0,0.00707355302630646,0,0,0,0,0,0,0,0,0,0,0,0,0.00141471060526129,0,0.00141471060526129,0.00282942121052258,0,0,0,0,0,0.172037084322501,0,0,0,0,0,0,0,0.553719251795922,0,0,0,4.48670412867051,0,0,0,0,0,0,0,0,0,0,0,0,0,0,0,0,0,0,0,0,0,0,0,0.0808622782193567,0.0733958935562585,0,0,0,0,0,0,0,0,0,0,0,0,0,0,0.118835690841949,0,0,0,0,0,0,0,0,0.0752454629135916,0,0,0,0,0,0,0,0,0,0,0.61777403852899,0,0,0,0,0,0,0,0,0,0,0,0,0,0,0,0,0,0,0,0,0,0,0,0.453701010265961,0,0,0,0,0,0.0494541743882946,0,0,0,0,0,0,0,0,0,1.02360206127101,0,0,0,0.0634764008799524,0,0,0,0,0.0691239579270895,0,0,0,0,0,0,0,0,0,0,0.0822537607929486,0,0.025403675396556,0,0,0,0,0,0,0,0,0,0,0,0,0,0,0,0,0,0,0,0,0,0,0,0,0,0,0,0,0,0,0,0,0,0.566253764514611,0,0,0.364526009081771,0,0,0,0,0,0,0,0,0,0,0,0,0,0,0,0,0,0,0,0,0,0,0,0,0,0,0,0,0,0,0,0,0.0121983167758589,0,0,0,0,0,0,0,0,0,0,0,0,0.00145287908826208,0,0,0,0,0,0,0,0,0,0,0,0,0,0,0,0.723523104199866,0,0.0519653891478823,3.21908246312539,0,0.143800076307536,0,0,0,0,0,0,0,0,0,0,0,0,0,0,0,0,0,0,0,0,0,0,0,0,0,0,0,0,0,0,0,0,0,0,0,0,0,0,0,0,0,0,0,0,0,0,0,0,0,0,0,0,0,0,0,0,0.420047630049789,0,0,0,0,0,0,0,0,0,0,0,0,0,0,0,0,0,0,0,0,0,0,0,0,0,0,0,0,0,0,0,0,0,0,0.0418030007327449,0,0,0,0,0,0,0,0,0,0,0,0,0,0,0,0,0,0,0,0,0,0,0,0,0,0,0,0,0,0,0,0,0,0,0,0,0,0,0,0,0,0,0,0,0,0,0,0,0,0,0,0,0,0,0,0,0,0,3.43307843728732,0.474639722654202,0,0,0,0,0,0,0,0,0.103862271824423,0,0,0,0,0,0,0,0,0,0,0,0,0,0,0,0,0,0,0,0,0,0,0,0,0,0,0,0,0,0,0,0,0,0,0,0,0,0,0,0,0,0,0,0,0,0.0102173073532955,0,0,0,0,0,0.0419581288523632,0.252713627609452,0,0,0,0,0,0,0,0,0,0,0,0,0,0,0,0,0,0,0,0,0,0,1.27691588366387,0,0,0,0,0,0,0,0,0,0,0,0,0,0,0,0,0,0,0,0,0,0,0,0,0,0,0,0,0,0,0,0,0,0,0,0,0,0,0,0,0,0,0,0,0,0,0.0934340848635642,0,0,0,0,0,0,0,0,0,0,0,0,0,0,0,0,0,0,0,0,0,0,0,0,0,0,0,0,0,0,0,0,0,0,0,0,0,0,0,0,0,0,0,0,0,0,0,0,0,0,0,0,6.30098630562652,0,0,0,0,0.629227772775364,0,0,0,0,0,0,0,0,0,0,0,0,0,0,0,0,0,0.138137796824565,0,0,0,0,0,0,0,0,0,0,0,0,0,0,0,0,0,0,0,0,0,0,0,0,0,0.0319318677494929,0,0.0369888820141012,0,0,0,0,0,0,0,0,0,0,0,0,0.0785207170883593,0,0.161659299766892,0.0414531243563528,0,115.652402,127.0021022,129.3661022,129.4993022,118.3016021,138.8955024,123.7957021,122.8534021,139.6411023,128.6757022,133.4844023,"HOW-00112"
"76",2083,"nSPC",2010,"PRIAs","Pacific Remote Island Areas","Howland","Howland",2010,"ForereefMid","Howland","2010-02-04","Forereef","Mid",0.80604,-176.60976,12,23.75,0,1.75,40,9.5,0,NA,0,4,NA,NA,NA,4,2,26.6722133210331,17.660330647658,8.85625859330524,16.9405873708835,70.1293899328799,0,0,0,0,0,0,0,0,0,0,0,0,0,0,0,0,0.00707355302630646,0.0297089227104871,0,0,0.0169765272631355,0,0,0,0,0,0,0,0,0,0,0,0,0,0,0,0,0,0,0,0,0,0,0,0,0,0,0,0,0,0,0,0,0,0,0,0,0.0268795014999645,0,0,0,0,0,0,0,0,0.00424413181578388,0,0,0,0,0,0,0,0,0,0,0.0212206590789194,0,0,0,0,0,0,0,0,0,0,0,0,0,0,0,0,0,0,0,0,0,0,0,0,0,0,0,0,0,0.00141471060526129,0,0,0,0,0,0,0,0,0,0.00565884242104517,0,0,0,0.00848826363156775,0,0,0,0.00424413181578388,0.0254647908947033,0.0113176848420903,0,0,0,0,0,0,0,0,0,0.00707355302630646,0,0.113176848420903,0,0,0,0,0,0,0,0,0,0,0,0,0,0,0,0,0,0,0,0,0,0,0,0,0,0,0,0,0,0,0,0,0,0.0778090832893711,0,0,0,0,0,0,0,0,0,0,0,0,0,0,0,0,0,0,0,0,0,0,0,0,0,0,0,0,0,0,0.0990297423682904,0,0,0,0,0.00424413181578388,0,0,0,0,0,0,0,0,0,0,0,0,0,0,0,0,0,0,0.00141471060526129,0,0,0,0,0,0,0,0,0,0.0212206590789194,0,0,0.0155618166578742,0,0,0,0,0,0,0,0,0,0,0,0,0,0,0,0,0,0,0,0,0,0,0,0,0,0,0,0,0,0.00141471060526129,0,0,0,0,0,0,0,0,0,0,0,0,0,0,0,0,0,0,0.00141471060526129,0,0,0,0,0,0.0141471060526129,0,0.00141471060526129,0,0.0169765272631355,0,0,0,0,0,0,0,0,0.00141471060526129,0,0,0,0,0,0,0,0,0,0,0.00141471060526129,0,0,0,0,0,0.00707355302630646,0,0,0,0,0,0,0,0,0.00141471060526129,0,0,0,0,0,0,0,0,0,0,0,0,0,0,0,0,0,0,0,0,0,0,0,0,0.00141471060526129,0,0,0,0.00424413181578388,0,0,0,0,0,0,0,0,0,0,0,0,0.00990297423682904,0,0,0,0,0,0,0,0,0,0,0,0,0,0,0,0,0.00565884242104517,0.0268795014999645,0,0,0,0,0,0,0,0.00848826363156775,0.024050080289442,0,0.0113176848420903,0,0,0,0,0,0,0,0,0,0,0,0,0.00141471060526129,0,0,0,0,0,0,0.00282942121052258,0,0,0,0,0,0,0,0,0,0,0,0.00141471060526129,0,0,0,0,0,0,0,0,0,0,0,0.0113176848420903,0,0,0,0,0,0.00424413181578388,0.00990297423682904,0,0,0,0.00282942121052258,0,0,0,0,0,0,0,0,0,0,0,0,0,0,0,0,0,0,0.190985931710274,0,0,0,0,0.0113176848420903,0,0,0,0,0,0,0,0,0,0,0,0,0,0,0,0.00141471060526129,0,0,0,0,0,0,0,0,0,0,0,1.29446020381408,0,0,0,0,0,0,0,0.00282942121052258,0,0,0,0,0,0.410266075525775,0,0,0,0,0,0,0,0,0,0,0,0,0,0,0,0,0,0,0,0,0,0,0,0,0.00141471060526129,0,0,0,0,0,0,0,0,0.00848826363156775,0,0,0,0,0,0,0,0,0,0,0,0,0,0,0,0,0,0,0,0,0,0,0,0,0,0,0,0,0,0,0,0,0,0,0,0,0,0,0,0,0,0.0311236333157484,0,0,0,0,0,0,0,0,0,0,0,0,0,0,0,0,0,0,0,0,0,0,0,0,0,0,0,0.00565884242104517,0,0,0,0,0,0,0,0,0,0,0,0,0,0,0,0,0,0,0,0,0,0,0,0,0,0,0,0,0,0,0,0,3.25611322177108,1.38252803999044,0,0,0.545984032736182,0,0,0,0,0,0,0,0,0,0,0,0,0,0,0,0,0,0,0,0,0,0,0,0,0,0,0,0,0,0,0,0,0,0,0,0,5.41003938896377,0,0,0,0,0,0,0,0,0.353154170744905,0,0,0,0,0,0,0,0,0,0,1.98181639992305,0,0,0,0,0,0,0,0,0,0,0,0,0,0,0,0,0,0,0,0,0,0,0,0,0,0,0,0,0,0.0632299185180043,0,0,0,0,0,0,0,0,0,3.12923869884035,0,0,0,0.0688023022463528,0,0,0,0.00790469550689747,0.0797938677344196,2.06185954582638,0,0,0,0,0,0,0,0,0,0.53526423170774,0,0.119353474923474,0,0,0,0,0,0,0,0,0,0,0,0,0,0,0,0,0,0,0,0,0,0,0,0,0,0,0,0,0,0,0,0,0,0.170233824783818,0,0,0,0,0,0,0,0,0,0,0,0,0,0,0,0,0,0,0,0,0,0,0,0,0,0,0,0,0,0,0.098913736098659,0,0,0,0,0.00842341578594711,0,0,0,0,0,0,0,0,0,0,0,0,0,0,0,0,0,0,1.46031877801857,0,0,0,0,0,0,0,0,0,0.566393254438412,0,0,1.41338181726118,0,0,0,0,0,0,0,0,0,0,0,0,0,0,0,0,0,0,0,0,0,0,0,0,0,0,0,0,0,0.0697053179336704,0,0,0,0,0,0,0,0,0,0,0,0,0,0,0,0,0,0,0.0388514899969882,0,0,0,0,0,4.22857211620536,0,0.00410074840015165,0,0.260516767595444,0,0,0,0,0,0,0,0,0.131712978700476,0,0,0,0,0,0,0,0,0,0,0.0823451826974222,0,0,0,0,0,0.0802299360770942,0,0,0,0,0,0,0,0,0.118853091782393,0,0,0,0,0,0,0,0,0,0,0,0,0,0,0,0,0,0,0,0,0,0,0,0,0.000729519933409242,0,0,0,0.0150429267577571,0,0,0,0,0,0,0,0,0,0,0,0,14.0618599967678,0,0,0,0,0,0,0,0,0,0,0,0,0,0,0,0,1.51957255594942,3.58399849579406,0,0,0,0,0,0,0,1.60018339356401,5.72703087240984,0,2.62482856547859,0,0,0,0,0,0,0,0,0,0,0,0,0.688238160478757,0,0,0,0,0,0,3.02787401269747,0,0,0,0,0,0,0,0,0,0,0,0.295892947817062,0,0,0,0,0,0,0,0,0,0,0,0.142930994997112,0,0,0,0,0,0.117369274002497,1.14725919278357,0,0,0,1.14151770694514,0,0,0,0,0,0,0,0,0,0,0,0,0,0,0,0,0,0,2.01855678361438,0,0,0,0,0.0908994391839548,0,0,0,0,0,0,0,0,0,0,0,0,0,0,0,0.191833060420705,0,0,0,0,0,0,0,0,0,0,0,1.1917318420394,0,0,0,0,0,0,0,0.0066151867902018,0,0,0,0,0,0.645007349817797,0,0,0,0,0,0,0,0,0,0,0,0,0,0,0,0,0,0,0,0,0,0,0,0,0.444250060595333,0,0,0,0,0,0,0,0,1.60489298134778,0,0,0,0,0,0,0,0,0,0,0,0,0,0,0,0,0,0,0,0,0,0,0,0,0,0,0,0,0,0,0,0,0,0,0,0,0,0,0,0,0,0.463908704107436,0,0,0,0,0,0,0,0,0,0,0,0,0,0,0,0,0,0,0,0,0,0,0,0,0,0,0,0.0497314633778107,0,0,0,0,0,0,0,0,0,0,0,0,0,0,0,0,0,125.3342021,134.9932024,133.7781023,136.1835023,131.3901023,145.0650026,133.3955022,132.4785023,153.2790026,141.2586024,141.3567024,"HOW-00114"
"77",2085,"nSPC",2010,"PRIAs","Pacific Remote Island Areas","Howland","Howland",2010,"ForereefDeep","Howland","2010-02-04","Forereef","Deep",0.81117,-176.61102,22,16.25,0,0.5,54.5,16.25,12.5,NA,0,1.75,NA,NA,NA,4,2,15.6898711478278,12.0825870596212,10.0723046333202,11.9489986367998,49.7937614775691,3.14755780514778,0,0,0,0,0,0,0,0,0,0,0,0,0,0,0,0,0.00707355302630646,0,0,0,0,0,0,0,0,0.00141471060526129,0,0,0,0,0.00141471060526129,0,0,0,0,0,0,0,0,0,0,0.00141471060526129,0,0,0,0,0,0,0,0,0,0,0,0,0,0,0.00424413181578388,0,0,0,0,0,0,0,0,0.00424413181578388,0,0,0,0,0,0,0,0,0,0,0.0226353696841807,0,0,0,0,0,0,0,0,0,0,0,0,0,0,0,0,0,0,0,0,0,0,0,0,0,0,0,0,0,0,0,0,0,0,0,0,0,0,0,0.00282942121052258,0,0,0,0.00424413181578388,0,0,0,0,0.0254647908947033,0.0268795014999645,0,0,0,0,0,0,0,0,0,0.0183912378683968,0,0.0466854499736226,0,0,0,0,0,0,0,0,0,0,0,0,0,0,0,0,0,0,0,0,0,0,0,0,0,0,0,0,0,0,0,0,0,0.123079822657732,0,0,0.00565884242104517,0,0,0,0,0,0,0,0,0,0,0,0,0,0,0,0,0,0,0,0,0,0,0,0,0,0,0,0,0,0,0,0,0.0396118969473162,0,0,0,0,0,0,0,0,0.00141471060526129,0,0,0,0,0,0,0,0,0,0,0,0.00565884242104517,0,0,0,0,0,0,0,0.0127323954473516,0,0,0.0254647908947033,0.00141471060526129,0,0,0,0,0,0,0,0,0,0,0,0,0,0,0,0,0,0,0,0,0,0.00141471060526129,0,0,0,0,0,0,0,0,0,0,0,0,0,0,0,0,0.00141471060526129,0,0,0.00141471060526129,0,0,0,0,0,0.00282942121052258,0,0,0,0,0,0,0,0,0,0.00565884242104517,0,0,0,0,0,0,0,0,0,0,0,0,0,0,0,0,0,0,0,0,0,0,0,0,0,0.00848826363156775,0,0,0,0,0,0,0,0,0.00141471060526129,0,0,0,0,0,0,0,0,0,0,0,0,0,0,0,0,0,0,0,0,0,0,0,0,0.00282942121052258,0,0,0,0,0,0.00282942121052258,0,0,0,0,0,0,0,0,0,0,0,0,0,0,0.00282942121052258,0,0,0,0,0,0,0,0,0,0,0,0,0.00282942121052258,0.00848826363156775,0,0,0,0,0,0,0,0,0.0254647908947033,0,0.0141471060526129,0,0,0,0,0,0,0,0,0,0,0,0,0.00565884242104517,0,0,0,0,0,0,0.00282942121052258,0,0,0,0,0,0,0,0,0,0,0,0.0169765272631355,0,0,0,0.00141471060526129,0,0,0,0,0,0,0,0,0,0,0,0,0,0.00424413181578388,0.00424413181578388,0,0.00141471060526129,0,0.00282942121052258,0,0,0,0,0,0,0,0,0,0,0,0,0,0,0,0,0,0,0.0183912378683968,0,0,0,0,0.00424413181578388,0,0,0,0,0,0,0,0,0,0,0,0,0,0,0,0.00282942121052258,0,0,0,0,0,0,0,0,0,0,0,0.721502408683259,0,0,0,0,0,0,0,0.00424413181578388,0,0,0,0,0.0113176848420903,0,0,0,0,0,0,0,0,0,0,0,0,0,0,0,0,0,0,0,0,0.00141471060526129,0,0,0,0,0.0127323954473516,0,0,0,0,0,0,0,0,0.0127323954473516,0,0,0,0,0,0,0,0,0,0,0,0,0,0,0,0,0,0,0.00141471060526129,0,0,0,0,0.00141471060526129,0,0,0,0,0,0,0,0,0,0,0,0,0,0,0,0,0,0.0113176848420903,0,0,0,0,0,0,0,0,0,0,0,0,0,0,0,0,0,0,0,0,0,0,0,0,0,0,0,0,0,0,0,0,0,0,0,0,0.00282942121052258,0,0,0,0,0,0,0.00141471060526129,0,0,0,0,0,0,0,0,0,0,0,0,0,0,0,0,0,0.359788404026794,0,0,0,0,0,0,0,0,0.106342240015826,0,0,0,0,0.133442577841271,0,0,0,0,0,0,0,0,0,0,0.261082012779761,0,0,0,0,0,0,0,0,0,0,0,0,0,0,0.850566457201247,0,0,0,0,0,0,0,0,0.180109799563929,0,0,0,0,0,0,0,0,0,0,1.80351535514778,0,0,0,0,0,0,0,0,0,0,0,0,0,0,0,0,0,0,0,0,0,0,0,0,0,0,0,0,0,0,0,0,0,0,0,0,0,0,0,1.07242024036878,0,0,0,0.0320037229312595,0,0,0,0,0.0670914994290711,2.36107645348536,0,0,0,0,0,0,0,0,0,1.13707807937099,0,0.033725569060945,0,0,0,0,0,0,0,0,0,0,0,0,0,0,0,0,0,0,0,0,0,0,0,0,0,0,0,0,0,0,0,0,0,0.264110625243504,0,0,0.415729422502716,0,0,0,0,0,0,0,0,0,0,0,0,0,0,0,0,0,0,0,0,0,0,0,0,0,0,0,0,0,0,0,0,0.233874291817616,0,0,0,0,0,0,0,0,0.0029310940847141,0,0,0,0,0,0,0,0,0,0,0,0.0293489151822775,0,0,0,0,0,0,0,0.481116811766355,0,0,1.32021190298305,0.00620617498216999,0,0,0,0,0,0,0,0,0,0,0,0,0,0,0,0,0,0,0,0,0,0.37447997435607,0,0,0,0,0,0,0,0,0,0,0,0,0,0,0,0,0.404558203282183,0,0,6.79973796513396,0,0,0,0,0,0.062388737692023,0,0,0,0,0,0,0,0,0,0.104796976765929,0,0,0,0,0,0,0,0,0,0,0,0,0,0,0,0,0,0,0,0,0,0,0,0,0,0.0631829562258167,0,0,0,0,0,0,0,0,0.118853091782393,0,0,0,0,0,0,0,0,0,0,0,0,0,0,0,0,0,0,0,0,0,0,0,0,0.0054076140822457,0,0,0,0,0,0.00238734836460527,0,0,0,0,0,0,0,0,0,0,0,0,0,0,2.74243714497463,0,0,0,0,0,0,0,0,0,0,0,0,0.690217876139193,1.84060997937111,0,0,0,0,0,0,0,0,4.50484525028962,0,2.46430138915632,0,0,0,0,0,0,0,0,0,0,0,0,2.69657751284436,0,0,0,0,0,0,4.77354480066405,0,0,0,0,0,0,0,0,0,0,0,0.908958354491285,0,0,0,0.0326718821137476,0,0,0,0,0,0,0,0,0,0,0,0,0,0.0886164804668313,0.233380123543866,0,0.186805852127185,0,0.468203291434068,0,0,0,0,0,0,0,0,0,0,0,0,0,0,0,0,0,0,0.114791776198466,0,0,0,0,0.0437898665317872,0,0,0,0,0,0,0,0,0,0,0,0,0,0,0,0.444148394521783,0,0,0,0,0,0,0,0,0,0,0,0.566968051899208,0,0,0,0,0,0,0,0.00593004244407376,0,0,0,0,0.0798461455622345,0,0,0,0,0,0,0,0,0,0,0,0,0,0,0,0,0,0,0,0,0.191833060420705,0,0,0,0,1.5004270043478,0,0,0,0,0,0,0,0,2.84342146961437,0,0,0,0,0,0,0,0,0,0,0,0,0,0,0,0,0,0,2.47571637245939,0,0,0,0,0.671841432688391,0,0,0,0,0,0,0,0,0,0,0,0,0,0,0,0,0,0.0807247810274661,0,0,0,0,0,0,0,0,0,0,0,0,0,0,0,0,0,0,0,0,0,0,0,0,0,0,0,0,0,0,0,0,0,0,0,0,0.0151725859557639,0,0,0,0,0,0,0.0404160388108172,0,118.869302,129.6857023,128.8395022,132.3357023,117.8152021,138.3406024,125.7412021,127.5159022,140.0424023,130.1808022,132.9965023,"HOW-00100"
"78",2086,"nSPC",2010,"PRIAs","Pacific Remote Island Areas","Howland","Howland",2010,"ForereefMid","Howland","2010-02-04","Forereef","Mid",0.79638,-176.61092,12.5,48.75,0,0,18.75,32.5,0,NA,0,4,NA,NA,NA,4,2,24.3466633267454,63.5112015508138,6.84999112029006,18.9638952171609,113.67175121501,0.844797299225005,0,0,0,0,0,0,0,0,0,0,0,0,0,0,0,0.00707355302630646,0.0113176848420903,0,0,0,0,0,0,0,0,0.00282942121052258,0,0,0,0.00141471060526129,0.00282942121052258,0,0,0,0,0,0,0,0,0,0.00282942121052258,0,0,0,0,0,0,0,0,0,0,0,0,0,0,0,0.0127323954473516,0,0,0,0,0,0,0,0,0.00282942121052258,0,0,0,0,0,0,0,0,0,0,0.0381971863420549,0,0,0,0,0,0,0,0,0,0,0,0,0,0,0,0,0,0,0,0,0,0,0,0,0,0,0,0,0,0,0,0,0,0,0,0,0,0,0,0.00848826363156775,0,0,0,0.0183912378683968,0,0,0,0,0.0396118969473162,0.00848826363156775,0,0,0,0,0,0,0,0,0,0.00424413181578388,0,0.0848826363156775,0,0,0,0,0,0,0,0,0,0,0,0,0,0,0,0,0,0,0,0,0,0,0,0,0,0,0,0,0,0,0,0,0,0.0806385044998936,0,0,0.00565884242104517,0,0,0,0,0,0,0,0,0,0,0,0,0,0,0,0,0,0,0,0,0,0.00141471060526129,0,0.00141471060526129,0,0,0,0,0,0,0,0,0.00848826363156775,0,0,0,0,0,0,0,0,0,0,0,0,0,0,0,0,0,0,0,0,0,0,0,0,0,0,0,0,0.00565884242104517,0.00141471060526129,0,0.00848826363156775,0,0,0,0,0,0,0,0.00141471060526129,0,0,0,0,0,0,0,0,0,0,0,0,0,0,0,0,0,0,0,0,0,0,0,0,0,0,0,0,0.00141471060526129,0,0,0,0,0,0,0,0,0,0,0,0.00141471060526129,0,0,0,0,0,0,0,0,0,0.00848826363156775,0,0.00282942121052258,0,0,0,0,0,0,0,0,0,0,0,0,0,0,0,0,0,0.00141471060526129,0,0,0,0,0,0.00282942121052258,0,0,0,0,0,0,0,0,0,0,0,0,0,0,0,0,0,0,0,0,0,0,0,0,0,0,0,0,0,0,0,0,0.00282942121052258,0,0,0,0,0.00141471060526129,0,0,0,0,0,0,0,0,0.141471060526129,0,0,0,0.00565884242104517,0,0,0,0.00141471060526129,0,0,0,0,0,0,0,0,0,0,0,0,0,0.0113176848420903,0.00141471060526129,0,0,0,0,0,0,0.0820532151051549,0.0325383439210097,0,0.0311236333157484,0,0,0,0,0,0,0,0,0,0,0,0.00424413181578388,0,0,0,0,0,0,0,0.00565884242104517,0,0,0,0,0,0,0,0,0,0,0,0,0,0,0,0,0,0,0,0,0,0,0,0.00141471060526129,0,0,0,0,0,0.00282942121052258,0.00141471060526129,0,0,0,0,0,0,0,0,0,0,0,0,0,0,0,0.00424413181578388,0,0,0,0,0,0,0.16410643021031,0,0,0,0,0.0183912378683968,0,0,0,0,0,0,0,0,0,0,0,0,0,0,0,0.00141471060526129,0,0,0,0,0,0,0,0,0,0,0,0.551737136051904,0,0,0,0,0,0,0,0,0,0,0,0,0,1.27323954473516,0,0,0,0,0,0,0,0,0,0,0,0,0,0,0,0,0,0,0,0,0,0,0,0,0,0,0,0,0,0,0,0,0,0.00990297423682904,0,0,0,0,0,0,0,0,0,0,0,0,0,0,0,0,0,0,0,0,0,0,0,0.00282942121052258,0,0,0,0,0,0,0,0,0,0,0,0,0,0,0,0,0,0.00424413181578388,0,0,0,0,0,0,0,0,0,0,0,0,0,0,0,0,0,0,0,0,0,0,0,0,0,0,0,0,0,0,0,0,0,0,0,0,0,0,0,0,0,0,0,0.00282942121052258,0,0,0,0,0,0,0,0,0,0,0,0,0,0,0,0,4.46347509786229,0.345855103156512,0,0,0,0,0,0,0,0,0.177316431957998,0,0,0,0.568757230255238,0.0735295837084557,0,0,0,0,0,0,0,0,0,0.0172083767286993,0,0,0,0,0,0,0,0,0,0,0,0,0,0,0,2.82049084982687,0,0,0,0,0,0,0,0,0.204882759234707,0,0,0,0,0,0,0,0,0,0,2.06166918633029,0,0,0,0,0,0,0,0,0,0,0,0,0,0,0,0,0,0,0,0,0,0,0,0,0,0,0,0,0,0,0,0,0,0,0,0,0,0,0,2.8278993010601,0,0,0,0.126803066042409,0,0,0,0,0.11583524121526,1.39555036469093,0,0,0,0,0,0,0,0,0,0.262388210865622,0,0.059129244457501,0,0,0,0,0,0,0,0,0,0,0,0,0,0,0,0,0,0,0,0,0,0,0,0,0,0,0,0,0,0,0,0,0,0.246517850040717,0,0,0.501658283570842,0,0,0,0,0,0,0,0,0,0,0,0,0,0,0,0,0,0,0,0,0,0.0175104352292452,0,1.72512726276438,0,0,0,0,0,0,0,0,0.0519734839872435,0,0,0,0,0,0,0,0,0,0,0,0,0,0,0,0,0,0,0,0,0,0,0,0,0,0,0,0,0.162638783846145,0.0374906983496241,0,0.351498016520934,0,0,0,0,0,0,0,0.0119922279193114,0,0,0,0,0,0,0,0,0,0,0,0,0,0,0,0,0,0,0,0,0,0,0,0,0,0,0,0,0.755622501372822,0,0,0,0,0,0,0,0,0,0,0,0.0235372476950347,0,0,0,0,0,0,0,0,0,0.104890841929256,0,1.72832837910128,0,0,0,0,0,0,0,0,0,0,0,0,0,0,0,0,0,0.0435849951560624,0,0,0,0,0,0.0284492643875625,0,0,0,0,0,0,0,0,0,0,0,0,0,0,0,0,0,0,0,0,0,0,0,0,0,0,0,0,0,0,0,0,0.0181596032974036,0,0,0,0,0.00135060852456635,0,0,0,0,0,0,0,0,0.199137522512002,0,0,0,13.3509380087812,0,0,0,0.485234454138692,0,0,0,0,0,0,0,0,0,0,0,0,0,2.9440043918325,2.75284752642098,0,0,0,0,0,0,23.2545972054564,8.76435644937141,0,8.51792631045578,0,0,0,0,0,0,0,0,0,0,0,8.06614799661276,0,0,0,0,0,0,0,13.6702838164713,0,0,0,0,0,0,0,0,0,0,0,0,0,0,0,0,0,0,0,0,0,0,0,0.0155088176538089,0,0,0,0,0,0.0622990679213183,0.0891549587313434,0,0,0,0,0,0,0,0,0,0,0,0,0,0,0,0.329198630770366,0,0,0,0,0,0,1.68735432025441,0,0,0,0,0.133136448454489,0,0,0,0,0,0,0,0,0,0,0,0,0,0,0,0.312368101641693,0,0,0,0,0,0,0,0,0,0,0,0.830033630418605,0,0,0,0,0,0,0,0,0,0,0,0,0,3.38704196297589,0,0,0,0,0,0,0,0,0,0,0,0,0,0,0,0,0,0,0,0,0,0,0,0,0,0,0,0,0,0,0,0,0,2.4483225064876,0,0,0,0,0,0,0,0,0,0,0,0,0,0,0,0,0,0,0,0,0,0,0,0.844797299225005,0,0,0,0,0,0,0,0,0,0,0,0,0,0,0,0,0,0.0375696572046384,0,0,0,0,0,0,0,0,0,0,0,0,0,0,0,0,0,0,0,0,0,0,0,0,0,0,0,0,0,0,0,0,0,0,0,0,0,0,0,0,0,0,0,0.158371600132652,0,104.7524018,109.5678019,94.24640164,107.6424018,117.5082021,127.3606022,118.087102,109.7214019,133.9504023,116.808402,122.1083021,"HOW-00123"
"79",2087,"nSPC",2010,"PRIAs","Pacific Remote Island Areas","Howland","Howland",2010,"ForereefMid","Howland","2010-02-04","Forereef","Mid",0.81356,-176.61226,13.5,61.25,0,0,33.75,5,0,NA,0,2.5,NA,NA,NA,4,2,20.9092378429891,11.8211344403789,11.4159095904076,4.17246907524346,48.3187509490191,4.64328787269143,0,0,0,0,0.00565884242104517,0,0,0,0,0,0,0,0,0,0,0,0.0297089227104871,0,0,0,0,0,0,0,0,0,0,0,0,0,0,0,0,0,0,0,0,0,0,0,0.00282942121052258,0,0,0,0,0,0,0,0,0,0,0,0,0,0,0,0.00990297423682904,0,0,0,0,0,0,0,0,0.00141471060526129,0,0,0,0,0,0,0,0,0,0,0.0127323954473516,0,0,0,0,0,0,0,0,0,0,0,0,0,0,0,0,0,0,0,0,0,0,0,0.00141471060526129,0,0,0,0,0,0.00282942121052258,0,0,0,0,0,0,0,0,0,0.00707355302630646,0,0,0,0.00990297423682904,0,0,0,0,0.0127323954473516,0.00424413181578388,0,0,0,0,0,0,0,0,0,0.00141471060526129,0,0.215036011999716,0,0,0,0,0,0,0,0,0,0,0,0,0,0,0,0,0,0,0,0,0,0,0,0,0,0,0,0,0,0,0,0,0,0.0212206590789194,0,0,0.00707355302630646,0,0,0,0,0,0,0,0,0,0,0,0,0,0,0,0,0,0,0,0,0,0.00141471060526129,0,0,0,0,0,0,0,0,0,0,0.00990297423682904,0,0,0,0,0,0,0,0,0,0,0,0,0,0,0,0,0,0,0,0,0,0,0,0,0,0,0,0,0.0113176848420903,0.00282942121052258,0.00141471060526129,0.0169765272631355,0,0.00848826363156775,0,0,0,0,0,0,0,0,0,0,0,0,0,0,0,0,0,0,0,0,0,0,0,0,0,0,0,0,0,0,0,0,0,0,0,0,0,0,0,0,0,0,0,0,0,0,0,0,0,0,0,0,0,0,0,0,0.00565884242104517,0,0,0,0,0,0,0,0,0,0,0,0,0,0,0,0,0,0,0,0.00424413181578388,0,0,0,0,0,0.00707355302630646,0,0,0,0,0,0,0,0,0,0,0,0,0,0,0,0,0,0,0,0,0,0,0,0,0,0,0,0,0,0,0,0,0.00141471060526129,0.00565884242104517,0,0,0,0.00141471060526129,0,0,0,0,0,0,0,0,0,0,0,0,0.00424413181578388,0,0,0,0.00141471060526129,0,0,0,0,0,0,0,0,0,0,0,0,0.00282942121052258,0.0198059484736581,0,0,0,0,0,0,0,0.0212206590789194,0.0268795014999645,0,0,0,0,0,0,0,0,0,0,0,0,0,0,0,0,0,0,0,0,0,0.00282942121052258,0,0,0,0,0,0,0,0,0,0,0,0,0,0,0,0,0,0,0,0,0,0,0,0,0,0,0,0,0,0,0.00282942121052258,0,0,0,0,0,0,0,0,0,0,0,0,0,0,0,0,0,0,0,0,0,0,0.103273874184074,0,0,0,0,0.00990297423682904,0,0,0,0,0,0,0,0,0,0,0,0,0,0,0,0.00282942121052258,0,0,0,0,0,0,0,0,0,0,0,0.162691719605049,0,0,0,0,0,0,0,0,0,0,0,0,0,0.304162780131178,0,0,0,0,0,0,0,0,0,0,0,0,0,0,0.0424413181578388,0,0,0,0,0.00141471060526129,0,0,0,0,0,0,0,0,0,0,0,0,0,0.00141471060526129,0,0,0,0,0,0,0,0,0,0,0,0,0,0.00424413181578388,0,0,0,0,0.00141471060526129,0,0,0,0,0,0,0,0,0,0,0,0,0,0,0,0,0,0,0,0,0,0,0.0183912378683968,0,0,0,0,0,0,0,0,0,0,0,0,0,0,0,0,0,0,0,0,0,0,0,0,0,0.00141471060526129,0,0,0,0,0,0,0,0,0,0,0.00141471060526129,0,0,0,0.00282942121052258,0,0,0,0,0,0,0,0,0.0865907743918412,0,0,0,0,0,0,0,0,0,0,0,1.75605893394528,0,0,0,0,0,0,0,0,0,0,0,0,0,0,0,0,0,0,0,0,0,0,0,0.0629886894425754,0,0,0,0,0,0,0,0,0,0,0,0,0,0,0,3.01955548644849,0,0,0,0,0,0,0,0,0.0376227314567958,0,0,0,0,0,0,0,0,0,0,0.951336589660277,0,0,0,0,0,0,0,0,0,0,0,0,0,0,0,0,0,0,0,0,0,0,0,0.0910297014514441,0,0,0,0,0,0.177494155138801,0,0,0,0,0,0,0,0,0,1.31057936764801,0,0,0,0.0588010621601588,0,0,0,0,0.0378112451211455,0.24755900198985,0,0,0,0,0,0,0,0,0,0.0549589592017773,0,0.274038498386986,0,0,0,0,0,0,0,0,0,0,0,0,0,0,0,0,0,0,0,0,0,0,0,0,0,0,0,0,0,0,0,0,0,0.0376675186914451,0,0,0.473140136032449,0,0,0,0,0,0,0,0,0,0,0,0,0,0,0,0,0,0,0,0,0,0.0740180178265379,0,0,0,0,0,0,0,0,0,0,0.0284627391436708,0,0,0,0,0,0,0,0,0,0,0,0,0,0,0,0,0,0,0,0,0,0,0,0,0,0,0,0,0.671779148616543,0.0749813966992483,0.0649627057917817,1.05058474005902,0,0.433623544112853,0,0,0,0,0,0,0,0,0,0,0,0,0,0,0,0,0,0,0,0,0,0,0,0,0,0,0,0,0,0,0,0,0,0,0,0,0,0,0,0,0,0,0,0,0,0,0,0,0,0,0,0,0,0,0,0,0.0883813213732076,0,0,0,0,0,0,0,0,0,0,0,0,0,0,0,0,0,0,0,0.122906642357154,0,0,0,0,0,0.0330590988948064,0,0,0,0,0,0,0,0,0,0,0,0,0,0,0,0,0,0,0,0,0,0,0,0,0,0,0,0,0,0,0,0,0.00392555880638058,0.0225968114656179,0,0,0,0.00135060852456635,0,0,0,0,0,0,0,0,0,0,0,0,14.7056027258566,0,0,0,1.37121857248731,0,0,0,0,0,0,0,0,0,0,0,0,0.248286972602325,2.21082997493362,0,0,0,0,0,0,0,1.02597565009378,5.10260315009811,0,0,0,0,0,0,0,0,0,0,0,0,0,0,0,0,0,0,0,0,0,3.00449948419392,0,0,0,0,0,0,0,0,0,0,0,0,0,0,0,0,0,0,0,0,0,0,0,0,0,0,0,0,0,0,0.199763729357058,0,0,0,0,0,0,0,0,0,0,0,0,0,0,0,0,0,0,0,0,0,0,1.21942631699318,0,0,0,0,0.0900239561354152,0,0,0,0,0,0,0,0,0,0,0,0,0,0,0,0.323613353300794,0,0,0,0,0,0,0,0,0,0,0,0.145371205458244,0,0,0,0,0,0,0,0,0,0,0,0,0,0.563297904637312,0,0,0,0,0,0,0,0,0,0,0,0,0,0,1.30434054268123,0,0,0,0,0.131780292880089,0,0,0,0,0,0,0,0,0,0,0,0,0,0.0908380020795855,0,0,0,0,0,0,0,0,0,0,0,0,0,1.98841198650543,0,0,0,0,2.65487588618601,0,0,0,0,0,0,0,0,0,0,0,0,0,0,0,0,0,0,0,0,0,0,0.235694811137731,0,0,0,0,0,0,0,0,0,0,0,0,0,0,0,0,0,0,0,0,0,0,0,0,0,0.0142076564521055,0,0,0,0,0,0,0,0,0,0,0.00119701098560379,0,0,0,0.339026579124877,0,0,0,0,118.085802,129.1532023,129.7176022,130.7178022,118.5858021,138.9949024,124.8491021,127.2451022,139.9638023,129.7753022,133.3861023,"HOW-00122"
"80",2091,"nSPC",2010,"PRIAs","Pacific Remote Island Areas","Howland","Howland",2010,"ForereefDeep","Howland","2010-02-05","Forereef","Deep",0.78957,-176.61537,21.5,22.5,0,0,47.5,18.25,11.75,NA,0,2.25,NA,NA,NA,4,2,58.1334463320336,157.306058535553,6.25705512731415,10.2790736087053,231.975633603606,1.96046492683977,0,0,0,0,0,0,0,0,0,0,0,0,0,0,0,0.00141471060526129,0.00707355302630646,0,0,0,0,0.00282942121052258,0,0,0,0,0,0,0,0.00141471060526129,0.0169765272631355,0,0.00282942121052258,0,0,0,0,0,0,0,0,0,0,0,0,0,0.00141471060526129,0,0,0,0,0,0,0,0,0,0.00707355302630646,0,0,0,0,0,0,0,0,0.00282942121052258,0,0,0,0,0,0,0,0,0,0,0.0127323954473516,0,0,0,0,0,0,0,0,0.00141471060526129,0,0,0,0,0,0,0,0,0,0,0,0,0,0,0,0,0,0,0,0,0,0,0,0,0,0.224938986236545,0,0,0,0,0.00282942121052258,0,0,0,0.00990297423682904,0,0,0,0,0.155618166578742,0.0353677651315323,0,0,0,0,0,0,0,0,0,0.0183912378683968,0,0,0,0,0,0,0,0,0,0,0,0.0424413181578388,0,0,0,0,0,0,0,0,0,0,0,0,0,0,0,0,0,0,0,0,0,0,0,0.0481001605788839,0,0,0.00141471060526129,0,0,0,0,0,0,0,0,0,0,0,0,0,0,0,0,0,0,0,0,0,0,0,0,0,0,0,0,0,0,0,0,0,0,0,0,0,0,0,0,0,0.00141471060526129,0,0,0,0,0,0,0,0,0,0,0,0,0,0,0,0,0,0,0,0.0113176848420903,0,0,0.00848826363156775,0.00141471060526129,0,0,0,0,0,0,0.00141471060526129,0,0,0,0,0,0,0,0,0,0,0,0,0,0,0,0,0,0,0,0,0.00141471060526129,0,0,0,0,0,0.00141471060526129,0,0.00141471060526129,0,0,0.00565884242104517,0,0,0,0,0,0,0,0,0.00141471060526129,0,0,0,0,0,0,0,0,0,0.00565884242104517,0,0.00282942121052258,0,0,0,0,0,0,0,0,0,0,0,0,0,0,0,0,0,0.00282942121052258,0,0,0,0,0,0.00141471060526129,0,0,0,0,0,0,0,0,0.00282942121052258,0,0,0,0,0,0,0,0,0,0,0,0,0,0,0,0,0,0,0,0,0,0,0,0.00141471060526129,0.00424413181578388,0,0,0,0.00141471060526129,0,0.00141471060526129,0,0,0,0,0,0,0,0,0,0,0.00707355302630646,0,0,0,0.0141471060526129,0,0,0,0,0,0,0,0,0,0,0,0,0.0325383439210097,0.00282942121052258,0,0,0,0,0,0,0,0.0481001605788839,0.033953054526271,0,0.00141471060526129,0,0,0,0,0,0,0,0,0,0,0,0.0297089227104871,0.00282942121052258,0,0,0,0,0,0,0.00282942121052258,0,0,0,0,0,0,0,0,0,0,0,0.0353677651315323,0,0,0,0.00141471060526129,0,0,0,0,0,0,0,0.00565884242104517,0,0,0,0,0,0.0127323954473516,0,0,0.00282942121052258,0,0,0,0,0,0,0,0,0,0,0,0,0,0,0,0,0,0,0,0,0.00848826363156775,0,0,0,0,0.00424413181578388,0,0,0,0,0,0,0,0,0,0,0,0,0,0,0,0,0,0,0,0,0,0,0,0,0,0,0,2.75868568025952,0,0,0,0,0,0,0,0.00141471060526129,0,0,0,0.00141471060526129,0.00424413181578388,0.0848826363156775,0,0,0,0,0,0,0,0,0,0,0,0,0,0,0,0,0,0,0,0.00424413181578388,0,0,0,0,0.024050080289442,0,0,0,0,0,0,0,0,0.00424413181578388,0,0,0,0,0,0,0,0,0,0,0,0,0,0,0,0,0,0,0,0,0,0,0,0.00424413181578388,0,0,0,0,0,0,0,0,0,0,0,0,0,0,0.0848826363156775,0,0,0,0,0,0,0,0,0,0,0,0.00565884242104517,0,0.00141471060526129,0,0,0,0,0,0,0,0,0,0,0,0,0,0,0,0,0,0,0,0,0,0,0,0,0,0,0,0,0,0.00424413181578388,0,0,0.00141471060526129,0,0,0,0,0,0,0,0,0,0,0,0,0,0,0,0,0.879808587441156,0.362916454532032,0,0,0,0,0.268390588088126,0,0,0,0,0,0,0,0.568757230255238,0.823413067728104,0,0.00960022616730313,0,0,0,0,0,0,0,0,0,0,0,0,0,0.0256685092218609,0,0,0,0,0,0,0,0,0,1.50772782755722,0,0,0,0,0,0,0,0,0.109669470803014,0,0,0,0,0,0,0,0,0,0,0.713269408317676,0,0,0,0,0,0,0,0,0.0623451348811407,0,0,0,0,0,0,0,0,0,0,0,0,0,0,0,0,0,0,0,0,0,0,0,0,0,68.7304818938534,0,0,0,0,0.938007376213317,0,0,0,0.0444736334255515,0,0,0,0,0.21271063062428,8.57184495385598,0,0,0,0,0,0,0,0,0,1.19057473406468,0,0,0,0,0,0,0,0,0,0,0,0.103473165893747,0,0,0,0,0,0,0,0,0,0,0,0,0,0,0,0,0,0,0,0,0,0,0,0.0564647785035518,0,0,0.13736754578793,0,0,0,0,0,0,0,0,0,0,0,0,0,0,0,0,0,0,0,0,0,0,0,0,0,0,0,0,0,0,0,0,0,0,0,0,0,0,0,0,0,0.00064059866815403,0,0,0,0,0,0,0,0,0,0,0,0,0,0,0,0,0,0,0,0.329784684267653,0,0,0.829506624234218,0.00179772221826214,0,0,0,0,0,0,0.0119922279193114,0,0,0,0,0,0,0,0,0,0,0,0,0,0,0,0,0,0,0,0,0.60661522154,0,0,0,0,0,0.218649660638341,0,1.07587656933747,0,0,2.628317422946,0,0,0,0,0,0,0,0,0.0235372476950347,0,0,0,0,0,0,0,0,0,0.0688227650028192,0,1.03947054987548,0,0,0,0,0,0,0,0,0,0,0,0,0,0,0,0,0,0.0697091204438656,0,0,0,0,0,0.00645376831014149,0,0,0,0,0,0,0,0,0.339238124580603,0,0,0,0,0,0,0,0,0,0,0,0,0,0,0,0,0,0,0,0,0,0,0,0.00870960782685831,0.00174702419251746,0,0,0,0.00599506576362728,0,0.0028031144740795,0,0,0,0,0,0,0,0,0,0,10.5768673033767,0,0,0,6.51996894400837,0,0,0,0,0,0,0,0,0,0,0,0,4.45490969939538,0.690217876139193,0,0,0,0,0,0,0,3.54858092909459,6.15697139786056,0,0.246430138915632,0,0,0,0,0,0,0,0,0,0,0,58.1338072287694,1.51637594813424,0,0,0,0,0,0,10.7294211237019,0,0,0,0,0,0,0,0,0,0,0,2.97071401751245,0,0,0,0.162681250416954,0,0,0,0,0,0,0,0.0369630597638057,0,0,0,0,0,0.200304265865648,0,0,0.637777794155706,0,0,0,0,0,0,0,0,0,0,0,0,0,0,0,0,0,0,0,0,0.0618119652053003,0,0,0,0,0.0389173031501539,0,0,0,0,0,0,0,0,0,0,0,0,0,0,0,0,0,0,0,0,0,0,0,0,0,0,0,1.33296508971278,0,0,0,0,0,0,0,0.00151204269490327,0,0,0,0.0446098694522938,0.0209663587277578,0.186868169727128,0,0,0,0,0,0,0,0,0,0,0,0,0,0,0,0,0,0,0,0.370702844623279,0,0,0,0,3.32344125914635,0,0,0,0,0,0,0,0,1.6860976530319,0,0,0,0,0,0,0,0,0,0,0,0,0,0,0,0,0,0,0,0,0,0,0,1.96046492683977,0,0,0,0,0,0,0,0,0,0,0,0,0,0,22.4904642724992,0,0,0,0,0,0,0,0,0,0,0,0.393247672828723,0,0.361960054460607,0,0,0,0,0,0,0,0,0,0,0,0,0,0,0,0,0,0,0,0,0,0,0,0,0,0,0,0,0,0.492564768434474,0,0,0.0404160388108172,0,111.153302,122.9169021,123.6962021,119.8642021,130.4777023,140.1954025,120.361702,117.389302,140.4882024,139.4596024,131.8752023,"HOW-00107"
"81",2092,"nSPC",2010,"PRIAs","Pacific Remote Island Areas","Howland","Howland",2010,"ForereefMid","Howland","2010-02-05","Forereef","Mid",0.80368,-176.62112,14,10,55,0.25,17.5,9.5,7.75,NA,0,1.75,NA,NA,NA,4,2,23.4198418011787,38.3883514273009,5.90522524032763,6.29425872494842,74.0076771937557,0.420126751067395,0,0,0,0,0,0,0,0,0,0,0,0,0,0,0,0.00848826363156775,0.00707355302630646,0,0,0,0,0,0,0,0,0.033953054526271,0,0,0,0.00424413181578388,0,0,0,0,0,0,0,0,0,0,0,0,0,0,0,0,0,0,0,0,0,0.00141471060526129,0,0,0,0,0.00848826363156775,0,0,0,0,0,0,0,0,0.00141471060526129,0,0,0,0,0,0,0,0,0,0,0.0226353696841807,0,0,0,0,0,0,0,0,0.00141471060526129,0,0,0,0,0,0,0,0,0,0,0,0,0,0,0,0,0,0,0,0,0,0,0,0,0,0.138641639315607,0,0,0,0,0.00565884242104517,0,0,0,0.0353677651315323,0,0,0,0,0.0396118969473162,0.0212206590789194,0,0,0,0,0,0,0,0,0,0.00848826363156775,0,0.0735649514735872,0,0,0,0,0,0.00141471060526129,0,0,0,0,0,0,0,0,0,0,0,0,0,0,0,0,0,0,0,0,0,0,0,0,0,0,0.00848826363156775,0.16410643021031,0,0,0.00565884242104517,0,0,0,0,0,0,0,0,0,0,0,0,0,0,0,0,0,0,0,0,0,0,0,0,0,0,0,0,0,0,0,0,0,0,0,0,0,0,0,0,0,0.00282942121052258,0,0,0,0,0,0,0,0,0,0,0,0,0,0,0,0,0,0,0,0.024050080289442,0.00565884242104517,0.00282942121052258,0.00848826363156775,0,0.00565884242104517,0,0,0,0,0,0,0,0,0,0,0,0,0,0,0,0,0,0,0,0,0,0,0,0,0,0,0.00282942121052258,0,0,0,0,0,0,0,0.00141471060526129,0,0,0,0.00141471060526129,0,0,0,0,0,0,0,0.00282942121052258,0,0,0,0,0,0,0,0.00141471060526129,0,0,0,0.00282942121052258,0,0,0,0,0,0,0,0,0,0,0,0,0,0,0,0,0,0,0,0,0,0,0,0.00141471060526129,0,0,0,0,0,0,0,0,0,0,0,0,0,0,0,0,0,0,0,0,0,0,0,0,0,0,0,0,0,0,0,0,0.00282942121052258,0.00282942121052258,0,0,0,0.00565884242104517,0,0,0,0,0,0,0,0,0.091956189341984,0,0,0,0.00282942121052258,0,0,0,0.00141471060526129,0,0.141471060526129,0,0,0,0,0,0,0,0,0,0,0,0.0183912378683968,0,0,0,0,0,0,0,0,0.0183912378683968,0,0,0,0,0,0,0,0,0,0,0,0,0,0.0113176848420903,0.00141471060526129,0,0,0,0,0,0,0,0,0,0,0,0,0,0,0,0,0,0,0,0,0,0,0,0,0,0,0,0,0,0,0.00990297423682904,0,0,0,0,0,0.00990297423682904,0.00424413181578388,0,0,0,0,0,0,0,0,0,0,0,0,0,0,0,0,0,0,0,0,0,0,0.0169765272631355,0,0,0,0,0.0183912378683968,0.00141471060526129,0,0,0,0,0,0,0,0,0,0,0,0,0,0,0,0,0,0,0,0,0,0,0,0,0,0,2.01596261249734,0,0,0,0,0,0,0,0.00141471060526129,0,0,0,0,0.00424413181578388,0,0,0,0,0,0,0,0,0,0,0,0,0,0,0,0.0141471060526129,0,0,0,0,0,0,0,0,0,0,0,0,0,0,0.024050080289442,0,0,0,0.00282942121052258,0,0,0,0,0,0,0,0,0,0,0,0,0,0,0,0,0,0,0,0,0,0,0,0.00141471060526129,0,0,0,0,0,0,0,0,0,0,0,0,0.00282942121052258,0,0,0,0,0.00707355302630646,0,0,0.00282942121052258,0,0,0,0,0,0.00424413181578388,0.00141471060526129,0,0,0,0,0,0,0,0,0,0,0,0,0,0,0,0,0,0,0,0,0,0,0,0,0,0,0,0,0,0,0,0,0,0.00848826363156775,0,0,0,0,0,0,0,0,0,0,0,0,0,0,0,0,4.6162848976053,0.46684225051369,0,0,0,0,0,0,0,0,0.77054292740146,0,0,0,0.909641054530533,0,0,0,0,0,0,0,0,0,0,0,0,0,0,0,0,0,0,0,0,0,0.00104173940836972,0,0,0,0,2.4340223287475,0,0,0,0,0,0,0,0,0.0376227314567958,0,0,0,0,0,0,0,0,0,0,0.892402056448121,0,0,0,0,0,0,0,0,0.0283833509161997,0,0,0,0,0,0,0,0,0,0,0,0,0,0,0,0,0,0,0,0,0,0,0,0,0,17.1811210014313,0,0,0,0,3.16645472,0,0,0,0.157038076928404,0,0,0,0,0.0765868967339273,2.94788981598066,0,0,0,0,0,0,0,0,0,0.32982205142528,0,0.0647501726343251,0,0,0,0,0,0.099985730124093,0,0,0,0,0,0,0,0,0,0,0,0,0,0,0,0,0,0,0,0,0,0,0,0,0,0,0.728581475565825,0.385982567986465,0,0,0.342315816211366,0,0,0,0,0,0,0,0,0,0,0,0,0,0,0,0,0,0,0,0,0,0,0,0,0,0,0,0,0,0,0,0,0,0,0,0,0,0,0,0,0,0.0058621881694282,0,0,0,0,0,0,0,0,0,0,0,0,0,0,0,0,0,0,0,0.690270571295164,0.112895973878997,0.221645735700172,0.708100907157053,0,0.0853780960697963,0,0,0,0,0,0,0,0,0,0,0,0,0,0,0,0,0,0,0,0,0,0,0,0,0,0,0.305134403473936,0,0,0,0,0,0,0,0.360308886228953,0,0,0,0.403313016646312,0,0,0,0,0,0,0,0.062388737692023,0,0,0,0,0,0,0,0.00254217102059849,0,0,0,0.860026171869745,0,0,0,0,0,0,0,0,0,0,0,0,0,0,0,0,0,0,0,0,0,0,0,0.0137166096154319,0,0,0,0,0,0,0,0,0,0,0,0,0,0,0,0,0,0,0,0,0,0,0,0,0,0,0,0,0,0,0,0,0.0147046735904856,0.00517866007579446,0,0,0,0.00660741184446972,0,0,0,0,0,0,0,0,0.101888731030463,0,0,0,2.0716434646318,0,0,0,0.593225918973164,0,0.0366311017020306,0,0,0,0,0,0,0,0,0,0,0,2.62474825931229,0,0,0,0,0,0,0,0,2.55551179937878,0,0,0,0,0,0,0,0,0,0,0,0,0,10.9029498081144,0.0892246010777203,0,0,0,0,0,0,0,0,0,0,0,0,0,0,0,0,0,0,0,0,0,0,0,0,0,0,0,0,0,0,0.103270213276149,0,0,0,0,0,0.422229647053246,0.325726250787769,0,0,0,0,0,0,0,0,0,0,0,0,0,0,0,0,0,0,0,0,0,0,0.0792926767456018,0,0,0,0,0.166556351646797,0.0145966221772624,0,0,0,0,0,0,0,0,0,0,0,0,0,0,0,0,0,0,0,0,0,0,0,0,0,0,1.40894070805773,0,0,0,0,0,0,0,0.00151204269490327,0,0,0,0,0.0319881653270503,0,0,0,0,0,0,0,0,0,0,0,0,0,0,0,0.348109350373015,0,0,0,0,0,0,0,0,0,0,0,0,0,0,2.44826869107494,0,0,0,0.991537841941598,0,0,0,0,0,0,0,0,0,0,0,0,0,0,0,0,0,0,0,0,0,0,0,0.420126751067395,0,0,0,0,0,0,0,0,0,0,0,0,8.29040407082977,0,0,0,0,0.0536240871661566,0,0,0.00655595474003939,0,0,0,0,0,0.200825526911988,0.0307156025987633,0,0,0,0,0,0,0,0,0,0,0,0,0,0,0,0,0,0,0,0,0,0,0,0,0,0,0,0,0,0,0,0,0,0.19218707868683,0,44.96620078,55.25100095,68.96640114,53.93290096,47.73500082,39.8275007,49.16340082,48.98630082,41.98360075,53.31790091,49.16280084,"HOW-00429"
"82",2093,"nSPC",2010,"PRIAs","Pacific Remote Island Areas","Howland","Howland",2010,"ForereefShallow","Howland","2010-02-05","Forereef","Shallow",0.81251,-176.62303,3,53.75,5,0,30,11.25,0,NA,0,3,NA,NA,NA,4,2,4.18025273694481,4.94236728956033,16.2597131517215,6.99878309005302,32.3811162682796,4.2881473293856,0,0,0,0,0,0,0,0,0,0,0,0,0,0,0,0,0.0693208196578033,0,0,0,0,0,0,0,0,0,0,0,0,0,0,0,0,0,0,0,0,0,0,0,0,0,0,0,0,0,0,0,0,0,0,0,0,0,0,0,0.00141471060526129,0,0,0,0,0,0,0,0,0.00282942121052258,0,0,0,0,0,0,0,0,0,0,0.0155618166578742,0,0,0,0,0,0,0,0,0,0,0,0,0,0,0,0,0,0,0,0,0,0,0,0.00141471060526129,0,0,0,0,0,0,0,0,0,0,0,0,0,0,0,0.00848826363156775,0,0,0,0.0169765272631355,0,0,0,0,0.00141471060526129,0.00565884242104517,0,0,0,0,0,0,0,0,0,0.00565884242104517,0,0.261721461973339,0,0,0,0,0,0.00141471060526129,0,0,0,0,0,0,0,0,0,0,0,0,0,0,0,0,0,0,0,0,0,0,0,0,0,0,0,0.178253536262923,0,0,0,0,0,0,0,0,0,0,0,0,0,0,0,0,0,0,0,0,0,0,0,0,0,0,0,0,0,0,0.325383439210097,0,0.00282942121052258,0,0,0.00707355302630646,0,0,0,0,0,0,0,0,0,0,0,0,0,0,0,0,0,0,0,0,0,0,0,0,0,0,0,0,0.00848826363156775,0,0,0.0198059484736581,0,0,0,0,0,0,0,0,0,0,0,0,0,0,0,0,0,0,0,0,0,0,0,0,0,0,0,0,0,0,0,0,0,0,0,0,0,0,0,0,0,0,0,0,0,0,0,0,0.00282942121052258,0,0,0,0,0,0,0,0,0,0.0169765272631355,0,0,0,0,0,0,0,0,0,0,0,0,0,0,0,0,0,0,0,0,0,0,0,0,0,0.00141471060526129,0,0,0,0,0,0,0,0,0.00141471060526129,0,0,0,0,0,0,0,0,0,0,0,0,0,0,0,0,0,0,0,0,0,0,0,0,0.00141471060526129,0,0,0,0.00424413181578388,0,0,0,0,0,0,0,0,0,0,0,0,0,0.00565884242104517,0,0,0.00141471060526129,0.00141471060526129,0,0,0,0,0,0,0,0,0,0,0,0.00848826363156775,0.0198059484736581,0,0,0,0,0,0,0,0,0.0113176848420903,0,0,0,0,0,0,0,0,0,0,0,0,0,0,0,0,0,0,0,0,0,0,0,0,0,0,0,0,0,0,0,0.00141471060526129,0,0,0,0,0,0,0,0,0,0,0,0,0,0.00990297423682904,0,0,0,0,0,0.00282942121052258,0.00282942121052258,0,0,0,0,0,0,0,0,0,0,0,0,0,0,0,0,0,0,0,0,0,0,0.168350562026094,0,0,0,0,0.00282942121052258,0,0,0,0,0,0,0,0,0,0,0,0,0,0,0,0.00282942121052258,0,0,0,0,0,0,0,0,0,0,0,0.141471060526129,0,0,0,0,0,0,0,0,0,0,0,0,0,0.00141471060526129,0,0,0,0,0,0,0,0,0,0,0,0,0,0,0,0,0,0,0,0,0,0,0,0,0,0,0,0,0,0,0,0,0,0,0,0,0,0,0,0,0,0,0.00141471060526129,0,0,0,0,0,0,0,0,0,0.00141471060526129,0,0,0,0,0,0,0,0,0,0,0,0,0,0,0,0,0,0,0,0,0,0,0.0325383439210097,0,0,0.0636619772367581,0,0,0,0,0,0.00141471060526129,0,0.00141471060526129,0,0,0,0,0,0,0,0,0.0141471060526129,0,0,0,0,0,0,0.00424413181578388,0.033953054526271,0,0,0,0,0,0,0,0,0,0,0,0,0.00141471060526129,0,0,0,0,0,0,0,0,0,0,0,0,0,0,0,0,0,0,0,0,4.98796835985393,0,0,0,0,0,0,0,0,0,0,0,0,0,0,0,0,0,0,0,0,0,0,0,0,0,0,0,0,0,0,0,0,0,0,0,0,0,0,0,0.401070456591576,0,0,0,0,0,0,0,0,0.140064111074149,0,0,0,0,0,0,0,0,0,0,0.747095812301301,0,0,0,0,0,0,0,0,0,0,0,0,0,0,0,0,0,0,0,0,0,0,0,0.213537275169344,0,0,0,0,0,0,0,0,0,0,0,0,0,0,0,0.552915146933197,0,0,0,0.0921747175563528,0,0,0,0,0.00669933480722482,1.36668609989276,0,0,0,0,0,0,0,0,0,0.364317862195238,0,0.256591721318662,0,0,0,0,0,0.099985730124093,0,0,0,0,0,0,0,0,0,0,0,0,0,0,0,0,0,0,0,0,0,0,0,0,0,0,0,0.400655380499993,0,0,0,0,0,0,0,0,0,0,0,0,0,0,0,0,0,0,0,0,0,0,0,0,0,0,0,0,0,0,0.453506705175586,0,0.161206692277889,0,0,0.00552235021296721,0,0,0,0,0,0,0,0,0,0,0,0,0,0,0,0,0,0,0,0,0,0,0,0,0,0,0,0,0.666781143370008,0,0,2.7039724991387,0,0,0,0,0,0,0,0,0,0,0,0,0,0,0,0,0,0,0,0,0,0,0,0,0,0,0,0,0,0,0,0,0,0,0,0,0,0,0,0,0,0,0,0,0,0,0,0,0.0777029799939765,0,0,0,0,0,0,0,0,0,0.319699078986515,0,0,0,0,0,0,0,0,0,0,0,0,0,0,0,0,0,0,0,0,0,0,0,0,0,0.0137166096154319,0,0,0,0,0,0,0,0,0.193532410799745,0,0,0,0,0,0,0,0,0,0,0,0,0,0,0,0,0,0,0,0,0,0,0,0,0.00684926559042375,0,0,0,0.00510897717365095,0,0,0,0,0,0,0,0,0,0,0,0,0,2.36931385509817,0,0,0.715903253037017,0.325566568307552,0,0,0,0,0,0,0,0,0,0,0,1.94933556771217,2.64330801787345,0,0,0,0,0,0,0,0,1.80370624253473,0,0,0,0,0,0,0,0,0,0,0,0,0,0,0,0,0,0,0,0,0,0,0,0,0,0,0,0,0,0,0,0.0300818013720712,0,0,0,0,0,0,0,0,0,0,0,0,0,0.0887810230257458,0,0,0,0,0,0.0466583516144681,0.407134998372999,0,0,0,0,0,0,0,0,0,0,0,0,0,0,0,0,0,0,0,0,0,0,0.674333867879736,0,0,0,0,0.015738634460177,0,0,0,0,0,0,0,0,0,0,0,0,0,0,0,0.427749069185594,0,0,0,0,0,0,0,0,0,0,0,0.0617301899052738,0,0,0,0,0,0,0,0,0,0,0,0,0,0.00537876236944411,0,0,0,0,0,0,0,0,0,0,0,0,0,0,0,0,0,0,0,0,0,0,0,0,0,0,0,0,0,0,0,0,0,0,0,0,0,0,0,0,0,0,2.44732857373365,0,0,0,0,0,0,0,0,0,1.84081875565195,0,0,0,0,0,0,0,0,0,0,0,0,0,0,0,0,0,0,0,0,0,0,0.335585166499759,0,0,0.535076583236462,0,0,0,0,0,0.0838504634580789,0,0.151179571036845,0,0,0,0,0,0,0,0,0.00594036983149216,0,0,0,0,0,0,0.901881689101647,0.174541901518959,0,0,0,0,0,0,0,0,0,0,0,0,0.102832270809469,0,0,0,0,48.99220085,60.89410106,74.10710125,59.08960103,50.16190086,44.11320078,55.74180094,55.73010095,46.38500084,54.87120092,55.79050097,"HOW-00116"
"83",2094,"nSPC",2010,"PRIAs","Pacific Remote Island Areas","Howland","Howland",2010,"ForereefShallow","Howland","2010-02-05","Forereef","Shallow",0.80193,-176.62093,3.5,31.25,0,1.25,52.5,15,0,NA,0,3,NA,NA,NA,4,2,4.40014075780232,0.330648567669698,10.9276414196629,3.86031939231544,19.5187501374503,1.21538554674059,0,0,0,0,0,0,0,0,0,0,0,0,0.00424413181578388,0,0.00282942121052258,0,0.0537590029999291,0,0,0,0,0,0,0,0,0,0,0,0,0,0,0,0,0,0,0,0,0,0,0,0,0,0,0,0,0,0,0,0,0,0,0,0,0,0,0,0,0,0,0,0,0,0,0,0,0,0,0,0,0,0,0,0,0,0,0,0.0127323954473516,0,0,0,0,0,0,0,0,0,0,0,0,0,0,0,0,0,0,0,0,0,0,0,0.00141471060526129,0,0,0,0,0,0,0,0,0,0,0,0,0,0,0,0.00565884242104517,0,0,0,0.00848826363156775,0,0,0,0,0,0,0,0,0,0,0,0,0,0,0,0.00282942121052258,0,0.0509295817894065,0,0,0,0,0,0,0,0,0,0,0,0,0,0,0,0,0,0,0,0,0,0,0,0,0,0,0,0,0,0,0.00141471060526129,0,0,0.0367824757367936,0,0,0.00424413181578388,0,0,0,0,0,0,0,0,0,0,0,0,0,0,0,0,0,0,0,0,0,0,0,0.00141471060526129,0,0,0,0.0495148711841452,0,0,0,0,0,0,0,0,0,0,0,0,0,0,0.00141471060526129,0,0,0,0,0,0,0,0,0,0,0,0,0,0,0,0,0,0,0.00565884242104517,0,0,0.00990297423682904,0,0,0,0,0,0,0,0,0,0,0,0,0,0,0,0,0,0,0,0,0,0,0,0,0,0,0,0,0.00141471060526129,0,0,0,0,0,0,0,0,0,0,0,0,0,0,0,0,0,0,0,0,0,0,0,0,0,0,0,0,0,0.00565884242104517,0,0,0,0,0,0,0,0,0,0,0,0,0,0,0,0,0,0,0,0.00282942121052258,0,0,0,0,0,0,0,0,0,0,0,0,0,0,0.00141471060526129,0,0,0,0,0,0,0,0,0,0,0,0,0,0,0,0,0,0,0,0,0,0,0,0,0.00424413181578388,0,0,0,0,0,0,0,0,0,0,0,0,0,0,0,0,0.00141471060526129,0,0,0,0,0.00141471060526129,0,0,0,0,0,0,0,0,0,0,0,0,0.0198059484736581,0,0,0,0,0,0,0,0,0,0,0,0,0,0,0,0,0,0,0,0,0,0,0,0,0,0,0,0,0,0,0,0,0,0,0,0,0,0,0,0,0,0,0,0,0,0,0,0,0,0,0,0,0,0,0.00424413181578388,0,0,0,0,0,0,0.00565884242104517,0,0,0,0,0,0,0,0,0,0,0,0,0,0,0,0,0,0,0,0,0,0,0.232012539262852,0,0,0,0,0,0,0,0,0,0,0,0,0,0,0,0,0,0,0,0,0,0,0,0,0,0,0,0,0,0,0,0,0,0,0,0,0,0,0,0,0.00141471060526129,0,0,0,0,0,0,0,0,0,0,0,0,0,0,0,0,0,0,0,0,0,0,0,0,0,0,0,0,0,0,0,0,0,0,0,0,0,0,0,0.00707355302630646,0,0,0,0,0,0,0,0,0,0,0,0,0,0,0,0,0,0,0.00141471060526129,0,0,0,0,0,0,0,0,0,0,0,0,0,0,0,0,0,0,0,0,0,0,0.0481001605788839,0,0,0.0933708999472453,0,0,0,0,0,0,0,0,0,0,0,0,0,0,0,0,0.0198059484736581,0,0,0,0,0,0,0,0.0693208196578033,0,0,0,0,0,0,0,0,0,0,0,0,0,0,0,0,0,0,0,0,0,0,0,0,0,0,0,0,0,0.39313903585734,0,0.185531828396635,0,3.90573862473604,0,0,0,0,0,0,0,0,0,0,0,0,0,0,0,0,0,0,0,0,0,0,0,0,0,0,0,0,0,0,0,0,0,0,0,0,0,0,0,0,0,0,0,0,0,0,0,0,0,0,0,0,0,0,0,0,0,0,0,0.680784369181479,0,0,0,0,0,0,0,0,0,0,0,0,0,0,0,0,0,0,0,0,0,0,0,0.110367305045443,0,0,0,0,0,0,0,0,0,0,0,0,0,0,0,1.54432550889851,0,0,0,0.0420702692132846,0,0,0,0,0,0,0,0,0,0,0,0,0,0,0,0.219743003499237,0,0.0503328568561073,0,0,0,0,0,0,0,0,0,0,0,0,0,0,0,0,0,0,0,0,0,0,0,0,0,0,0,0,0,0,0.00666050183787327,0,0,0.0828539413077328,0,0,0.278361876714786,0,0,0,0,0,0,0,0,0,0,0,0,0,0,0,0,0,0,0,0,0,0,0,0.34503780829193,0,0,0,0.0817589552992606,0,0,0,0,0,0,0,0,0,0,0,0,0,0,0.102177473464997,0,0,0,0,0,0,0,0,0,0,0,0,0,0,0,0,0,0,0.517726982853436,0,0,1.43184261194424,0,0,0,0,0,0,0,0,0,0,0,0,0,0,0,0,0,0,0,0,0,0,0,0,0,0,0,0,0.307781777549412,0,0,0,0,0,0,0,0,0,0,0,0,0,0,0,0,0,0,0,0,0,0,0,0,0,0,0,0,0,0.10539793642445,0,0,0,0,0,0,0,0,0,0,0,0,0,0,0,0,0,0,0,0.116450799522872,0,0,0,0,0,0,0,0,0,0,0,0,0,0,0.0816464858061423,0,0,0,0,0,0,0,0,0,0,0,0,0,0,0,0,0,0,0,0,0,0,0,0,0.0205477967712713,0,0,0,0,0,0,0,0,0,0,0,0,0,0,0,0,1.32557892866178,0,0,0,0,0.608239606997556,0,0,0,0,0,0,0,0,0,0,0,0,1.72731673151881,0,0,0,0,0,0,0,0,0,0,0,0,0,0,0,0,0,0,0,0,0,0,0,0,0,0,0,0,0,0,0,0,0,0,0,0,0,0,0,0,0,0,0,0,0,0,0,0,0,0,0,0,0,0,0.0412349426609134,0,0,0,0,0,0,0.394471932195825,0,0,0,0,0,0,0,0,0,0,0,0,0,0,0,0,0,0,0,0,0,0,0.927211936508299,0,0,0,0,0,0,0,0,0,0,0,0,0,0,0,0,0,0,0,0,0,0,0,0,0,0,0,0,0,0,0,0,0,0,0,0,0,0,0,0,0.00295320838848295,0,0,0,0,0,0,0,0,0,0,0,0,0,0,0,0,0,0,0,0,0,0,0,0,0,0,0,0,0,0,0,0,0,0,0,0,0,0,0,0.894873495705304,0,0,0,0,0,0,0,0,0,0,0,0,0,0,0,0,0,0,1.21538554674059,0,0,0,0,0,0,0,0,0,0,0,0,0,0,0,0,0,0,0,0,0,0,0.563394440885649,0,0,0.600457539224945,0,0,0,0,0,0,0,0,0,0,0,0,0,0,0,0,0.115702814206597,0,0,0,0,0,0,0,0.491651264283125,0,0,0,0,0,0,0,0,0,0,0,0,0,0,0,0,0,46.69920082,57.15190098,70.61390118,54.62970097,48.62770083,40.19270071,51.25350084,51.06610086,42.42880077,54.08120092,50.31260085,"HOW-00416"
"84",2095,"nSPC",2010,"PRIAs","Pacific Remote Island Areas","Howland","Howland",2010,"ForereefDeep","Howland","2010-02-05","Forereef","Deep",0.80149,-176.6097,23.5,7.5,0,0,43.75,41.25,7.5,NA,0,1.75,NA,NA,NA,4,2,27.0691747131638,17.4809500168024,6.89198019261464,9.48394073849906,60.9260456610799,0,0,0,0,0,0,0,0,0,0,0,0,0,0,0,0,0,0.0127323954473516,0,0,0,0,0,0.00282942121052258,0,0,0.024050080289442,0,0,0,0,0,0,0,0,0,0,0,0,0,0,0,0,0,0,0,0,0,0,0,0,0,0,0,0,0,0,0.00565884242104517,0,0,0,0,0,0,0,0,0.00282942121052258,0,0,0,0,0,0,0,0,0,0,0.0155618166578742,0,0,0,0,0,0,0,0,0.00141471060526129,0,0,0,0,0,0,0.00141471060526129,0,0,0,0,0,0,0,0,0,0,0,0,0,0.00141471060526129,0,0,0,0,0,0,0,0,0,0.00990297423682904,0,0,0,0.0155618166578742,0,0,0,0,0.168350562026094,0.0367824757367936,0,0,0,0,0,0,0,0,0,0.0169765272631355,0,0.0141471060526129,0,0,0,0,0,0.00141471060526129,0,0,0,0.0848826363156775,0,0,0,0,0,0,0,0,0,0,0,0,0,0,0,0,0,0,0,0,0,0,0,0.20796245897341,0,0,0.00141471060526129,0,0,0,0,0,0,0,0,0,0,0,0,0,0,0,0,0,0,0,0,0,0,0,0,0,0,0,0,0,0,0,0,0.0155618166578742,0.00707355302630646,0,0,0,0,0,0,0,0.00141471060526129,0,0,0,0,0,0,0,0,0,0,0,0.00424413181578388,0,0,0,0,0,0,0,0.0113176848420903,0.00141471060526129,0,0.0212206590789194,0,0,0,0,0,0,0,0.0127323954473516,0,0,0,0,0,0,0,0,0,0,0,0,0,0,0,0,0,0,0,0,0,0,0,0,0,0,0.00282942121052258,0,0.00141471060526129,0,0,0.00141471060526129,0,0,0,0,0,0,0,0,0,0,0,0,0,0,0,0,0,0,0.0127323954473516,0,0.00282942121052258,0,0,0,0,0,0,0,0,0,0,0,0,0,0,0,0,0,0.00282942121052258,0,0,0,0,0,0.0127323954473516,0,0,0,0,0,0,0,0,0,0,0,0,0,0,0,0,0,0,0,0,0,0,0,0,0,0,0,0,0,0,0,0,0.00282942121052258,0,0,0,0,0.00141471060526129,0,0.00424413181578388,0,0,0,0,0,0,0.0282942121052258,0,0,0,0.00282942121052258,0,0,0,0.00424413181578388,0,0.0707355302630646,0,0,0,0,0,0,0,0,0,0,0.0155618166578742,0.0113176848420903,0.00141471060526129,0,0,0,0,0,0,0,0.0169765272631355,0,0.00707355302630646,0,0,0,0,0,0,0,0,0,0,0,0.00141471060526129,0.00424413181578388,0,0,0,0,0,0,0.00282942121052258,0,0,0,0,0,0,0,0,0,0,0,0.0198059484736581,0,0,0,0.00141471060526129,0,0,0,0,0,0,0,0.00282942121052258,0,0,0,0,0,0.00990297423682904,0.00141471060526129,0,0.00141471060526129,0,0.00141471060526129,0,0,0,0,0,0,0,0,0,0,0,0,0,0,0,0,0,0,0.0141471060526129,0,0,0,0,0.00424413181578388,0,0,0,0,0,0,0,0,0,0,0,0,0,0,0,0.00282942121052258,0,0,0,0,0,0,0,0,0,0,0,1.00444452973552,0,0,0,0,0,0,0,0.00282942121052258,0,0,0,0.00141471060526129,0.00565884242104517,0,0,0,0,0,0,0,0,0,0,0,0,0,0,0,0,0,0,0,0,0,0,0,0,0,0.0155618166578742,0,0,0,0,0,0,0,0,0.0198059484736581,0,0,0,0,0,0,0,0,0,0,0,0,0,0,0,0,0,0,0,0,0,0,0,0,0,0,0,0,0,0,0,0,0,0,0,0,0,0,0,0,0,0.00565884242104517,0,0,0,0,0,0,0,0,0.00565884242104517,0,0,0,0,0,0,0,0,0,0,0,0,0,0,0,0,0,0,0,0,0,0,0,0,0,0.00141471060526129,0,0,0,0,0,0,0,0,0,0,0,0,0,0,0,0,0,0,0,0,0,0,0,0,0,0,0.462630134603725,0,0,0,0,0,0.522995875395415,0,0,0.522187368284509,0,0,0,0,0,0,0,0,0,0,0,0,0,0,0,0,0,0,0,0,0,0,0,0,0,0,0,0,0,0,2.02949078266015,0,0,0,0,0,0,0,0,0.129980258696445,0,0,0,0,0,0,0,0,0,0,1.2749193209015,0,0,0,0,0,0,0,0,0.0957627415434009,0,0,0,0,0,0,0.533996959655778,0,0,0,0,0,0,0,0,0,0,0,0,0,0.0981107726399819,0,0,0,0,0,0,0,0,0,2.40722481420636,0,0,0,0.0727722340798389,0,0,0,0,0.3361615415967,4.98783709956973,0,0,0,0,0,0,0,0,0,0.95747410056168,0,0.00985487407625016,0,0,0,0,0,0.145888875512864,0,0,0,0.189438385258391,0,0,0,0,0,0,0,0,0,0,0,0,0,0,0,0,0,0,0,0,0,0,0,0.270242546890949,0,0,0.236917136151571,0,0,0,0,0,0,0,0,0,0,0,0,0,0,0,0,0,0,0,0,0,0,0,0,0,0,0,0,0,0,0,0,0.050494191664582,0.00270244889261048,0,0,0,0,0,0,0,0.0029310940847141,0,0,0,0,0,0,0,0,0,0,0,0.0183252196314249,0,0,0,0,0,0,0,0.549282658767652,0.0189572885898742,0,1.33493943128874,0,0,0,0,0,0,0,0.171594032338467,0,0,0,0,0,0,0,0,0,0,0,0,0,0,0,0,0,0,0,0,0,0,0,0,0,0,2.46622968100056,0,0.405298494999045,0,0,0.558057090515746,0,0,0,0,0,0,0,0,0,0,0,0,0,0,0,0,0,0,0.18158455559802,0,0.652639131609248,0,0,0,0,0,0,0,0,0,0,0,0,0,0,0,0,0,0.0776906119815127,0,0,0,0,0,0.0604546868235703,0,0,0,0,0,0,0,0,0,0,0,0,0,0,0,0,0,0,0,0,0,0,0,0,0,0,0,0,0,0,0,0,0.00992062457000786,0,0,0,0,0.00135060852456635,0,0.00598594167244725,0,0,0,0,0,0,0.0462637247421942,0,0,0,6.91047701555262,0,0,0,3.45499492601532,0,0.0641044279785536,0,0,0,0,0,0,0,0,0,0,3.9353351224366,2.13466985031143,0.66509643865494,0,0,0,0,0,0,0,2.95716166698759,0,0.519311359122114,0,0,0,0,0,0,0,0,0,0,0,1.55699349327478,1.31994797976072,0,0,0,0,0,0,5.67619360868771,0,0,0,0,0,0,0,0,0,0,0,1.15948082584232,0,0,0,0.00983813898657931,0,0,0,0,0,0,0,0.0374606716645782,0,0,0,0,0,0.146970109511449,0.110608770625714,0,0.159612370337426,0,0.043231317307331,0,0,0,0,0,0,0,0,0,0,0,0,0,0,0,0,0,0,0.0888368291571865,0,0,0,0,0.051228172359724,0,0,0,0,0,0,0,0,0,0,0,0,0,0,0,0.334858604959895,0,0,0,0,0,0,0,0,0,0,0,0.868903299446871,0,0,0,0,0,0,0,0.00359110140039526,0,0,0,0.0446098694522938,0.0340712068174969,0,0,0,0,0,0,0,0,0,0,0,0,0,0,0,0,0,0,0,0,0,0,0,0,0,1.49099592369096,0,0,0,0,0,0,0,0,2.83633716478746,0,0,0,0,0,0,0,0,0,0,0,0,0,0,0,0,0,0,0,0,0,0,0,0,0,0,0,0,0,0,0,0,0,0,0,0,0,0,0,0,0,0.0415124255805592,0,0,0,0,0,0,0,0,0.389152934452855,0,0,0,0,0,0,0,0,0,0,0,0,0,0,0,0,0,0,0,0,0,0,0,0,0,1.9818726963362,0,0,0,0,0,0,0,0,0,0,116.691102,122.2606022,113.024802,123.3920021,124.4184022,138.1161024,128.2036021,120.7372021,145.9345024,127.7326022,134.4802023,"HOW-00101"
"85",2099,"nSPC",2010,"PRIAs","Pacific Remote Island Areas","Baker","Baker",2010,"ForereefShallow","Baker","2010-02-06","Forereef","Shallow",0.18802,-176.47308,3.5,22.5,0,2.5,45,26.25,3.75,NA,0,2,NA,NA,NA,4,2,0.0413668413139547,0.0740158018841194,7.04947611609404,1.02029541379892,8.18515417309103,1.01296960085316,0,0,0,0,0.00282942121052258,0.00990297423682904,0,0,0,0,0,0,0.00565884242104517,0,0,0,0.0212206590789194,0,0,0,0,0,0,0,0,0,0,0,0,0,0,0,0,0,0,0,0,0,0,0,0,0,0,0,0,0,0,0,0,0,0,0,0,0,0,0,0,0,0,0,0,0,0,0,0,0,0,0,0,0,0,0,0,0,0,0,0.00141471060526129,0,0,0,0,0,0,0,0,0,0,0,0,0,0,0,0,0,0,0.00282942121052258,0,0,0,0,0.00141471060526129,0,0,0,0,0,0,0,0,0,0,0,0,0,0,0,0,0,0,0,0,0,0,0,0,0,0,0,0,0,0,0,0,0,0,0,0,0,0.00424413181578388,0,0,0,0,0,0,0,0,0,0,0,0,0,0,0,0,0,0,0,0,0,0,0,0,0,0,0,0,0,0,0,0,0,0,0,0,0,0,0,0,0,0,0,0,0,0,0,0,0,0,0,0,0,0,0,0,0,0,0,0,0,0,0,0,0,0,0,0,0,0.00990297423682904,0,0,0,0,0,0,0,0,0,0,0,0,0.00141471060526129,0,0,0,0,0,0,0,0,0,0,0,0,0,0,0,0.00141471060526129,0,0,0.0198059484736581,0,0,0,0,0,0,0,0,0,0,0,0,0,0,0,0,0,0,0,0,0,0,0,0,0,0,0,0,0,0,0,0,0,0,0,0,0,0,0,0,0,0,0,0,0,0,0,0,0,0,0,0,0,0,0,0,0,0,0.00282942121052258,0,0,0,0,0,0,0,0,0,0,0,0,0,0,0,0,0,0,0,0.00424413181578388,0,0,0,0,0,0,0,0,0,0,0,0,0,0,0,0,0,0,0,0,0,0,0,0,0,0,0,0,0,0,0,0,0,0,0,0,0,0,0,0,0,0,0,0,0,0,0,0,0,0,0,0,0,0,0,0,0,0,0,0,0,0,0,0,0,0,0,0,0,0,0,0,0,0,0.00565884242104517,0,0,0,0,0,0,0,0,0,0,0,0,0,0,0,0,0,0,0,0,0,0,0,0,0,0,0,0,0,0,0,0,0,0,0,0,0,0,0,0,0,0,0,0,0,0,0,0,0,0,0,0,0,0,0.00141471060526129,0,0,0,0,0,0.00282942121052258,0,0,0.00282942121052258,0,0,0,0,0,0,0,0,0,0,0,0,0,0,0,0,0,0,0,0,0.0212206590789194,0,0,0,0,0,0,0,0,0,0,0.0254647908947033,0,0,0,0,0,0,0,0,0,0,0,0,0,0,0,0,0,0,0,0,0,0,0,0,0,0,0,0,0,0,0,0,0,0,0,0,0,0,0,0,0,0,0,0,0,0,0,0,0,0,0,0,0,0,0,0,0,0.00141471060526129,0,0,0,0,0,0,0,0,0,0,0,0,0,0,0,0,0,0,0,0,0.00141471060526129,0,0,0,0,0,0,0,0,0,0.00282942121052258,0,0,0,0,0,0,0,0,0,0,0,0,0,0,0,0,0,0,0,0,0,0,0.0353677651315323,0,0,0.0113176848420903,0,0,0,0,0,0,0,0,0,0,0,0,0,0,0,0,0.0113176848420903,0,0,0,0,0,0,0,0.0353677651315323,0,0,0,0,0,0,0,0,0,0,0,0,0.00141471060526129,0,0,0,0,0,0,0,0,0.0286728473870835,0.720688950085234,0,0,0,0,0,0,0.829113073882676,0,0,0,1.58842861343945,0,0,0,0,0,0,0,0,0,0,0,0,0,0,0,0,0,0,0,0,0,0,0,0,0,0,0,0,0,0,0,0,0,0,0,0,0,0,0,0,0,0,0,0,0,0,0,0,0,0,0,0,0,0,0,0,0,0,0,0.0971481739010218,0,0,0,0,0,0,0,0,0,0,0,0,0,0,0,0,0,0,0.0172090782710425,0,0,0,0,0.110367305045443,0,0,0,0,0,0,0,0,0,0,0,0,0,0,0,0,0,0,0,0,0,0,0,0,0,0,0,0,0,0,0,0,0,0,0,0,0,0.00295646222287505,0,0,0,0,0,0,0,0,0,0,0,0,0,0,0,0,0,0,0,0,0,0,0,0,0,0,0,0,0,0,0,0,0,0,0,0,0,0,0,0,0,0,0,0,0,0,0,0,0,0,0,0,0,0,0,0,0,0,0,0,0,0,0,0,0,0,0,0,0,0.0106283612519528,0,0,0,0,0,0,0,0,0,0,0,0,0.00521023207174066,0,0,0,0,0,0,0,0,0,0,0,0,0,0,0,0.129431745713359,0,0,1.84617132147631,0,0,0,0,0,0,0,0,0,0,0,0,0,0,0,0,0,0,0,0,0,0,0,0,0,0,0,0,0,0,0,0,0,0,0,0,0,0,0,0,0,0,0,0,0,0,0,0,0,0,0,0,0,0,0,0,0,0,0.0448443923013205,0,0,0,0,0,0,0,0,0,0,0,0,0,0,0,0,0,0,0,0.0970164995056148,0,0,0,0,0,0,0,0,0,0,0,0,0,0,0,0,0,0,0,0,0,0,0,0,0,0,0,0,0,0,0,0,0,0,0,0,0,0,0,0,0,0,0,0,0,0,0,0,0,0,0,0,0,0,0,0,0,0,0,0,0,0,0,0,0,0,0,0,0,0,0,0,0,0,0.253062275765988,0,0,0,0,0,0,0,0,0,0,0,0,0,0,0,0,0,0,0,0,0,0,0,0,0,0,0,0,0,0,0,0,0,0,0,0,0,0,0,0,0,0,0,0,0,0,0,0,0,0,0,0,0,0,0.00631113770391906,0,0,0,0,0,0.0413668413139547,0,0,0.185061985801676,0,0,0,0,0,0,0,0,0,0,0,0,0,0,0,0,0,0,0,0,0.128995078396032,0,0,0,0,0,0,0,0,0,0,0.168495667722086,0,0,0,0,0,0,0,0,0,0,0,0,0,0,0,0,0,0,0,0,0,0,0,0,0,0,0,0,0,0,0,0,0,0,0,0,0,0,0,0,0,0,0,0,0,0,0,0,0,0,0,0,0,0,0,0,0,0.0785709952651387,0,0,0,0,0,0,0,0,0,0,0,0,0,0,0,0,0,0,0,0,0.512666697659838,0,0,0,0,0,0,0,0,0,0.500302903193318,0,0,0,0,0,0,0,0,0,0,0,0,0,0,0,0,0,0,0,0,0,0,0.370228991142577,0,0,0.108466565670412,0,0,0,0,0,0,0,0,0,0,0,0,0,0,0,0,0.0317581310222081,0,0,0,0,0,0,0,0.193459128790392,0,0,0,0,0,0,0,0,0,0,0,0,0.0785207170883593,0,0,0,0,91.42120156,92.02940159,80.76670132,90.23790153,105.9956018,114.620502,97.38190167,93.75950164,116.3093019,110.977702,103.7123017,"BAK-00129"
"86",2100,"nSPC",2010,"PRIAs","Pacific Remote Island Areas","Baker","Baker",2010,"ForereefDeep","Baker","2010-02-06","Forereef","Deep",0.18964,-176.45961,21,7.5,0,0.5,82.5,9.5,0,NA,0,1,NA,NA,NA,2,1,13.3092450558354,3.50324311188139,6.82906253238609,17.173565172736,40.8151158728389,0.349872178296314,0,0,0,0,0,0,0,0,0,0,0,0,0,0,0,0,0.0198059484736581,0,0.00282942121052258,0,0,0,0,0,0,0,0,0,0,0,0,0,0,0,0,0,0,0,0,0,0,0,0,0,0,0,0,0,0,0,0,0,0,0,0,0,0.00282942121052258,0,0,0,0,0,0,0,0,0.0113176848420903,0,0,0,0,0,0,0,0,0,0,0,0,0,0,0,0,0,0,0,0,0,0,0,0,0,0,0,0,0,0,0,0,0,0,0,0,0,0,0,0,0,0,0,0,0,0,0,0,0,0,0.00282942121052258,0,0,0,0.0141471060526129,0,0,0,0,0.00282942121052258,0,0,0,0,0,0,0,0,0,0,0.00282942121052258,0,0,0,0,0,0,0,0,0,0,0,0,0,0,0,0,0,0,0,0,0,0,0,0,0,0,0,0,0,0.00565884242104517,0,0,0,0,0.00565884242104517,0.33953054526271,0,0,0.00565884242104517,0,0,0,0,0,0,0,0,0,0,0,0,0,0,0,0,0,0,0,0,0,0,0,0,0,0,0,0.147129902947174,0,0,0,0,0,0.0282942121052258,0,0,0,0,0,0,0,0.00282942121052258,0,0,0,0,0,0,0,0,0,0.00282942121052258,0,0.00848826363156775,0,0,0,0.00848826363156775,0,0,0,0.0367824757367936,0,0,0.0396118969473162,0,0,0,0,0,0,0,0,0,0,0,0,0,0,0,0,0,0,0,0,0,0,0,0,0,0,0,0,0.00565884242104517,0,0,0,0,0,0,0,0,0,0,0,0,0,0,0,0,0,0,0,0,0,0,0,0,0,0,0,0,0,0.00848826363156775,0,0,0,0,0,0,0,0,0,0,0,0,0,0,0,0,0,0,0,0,0,0,0,0,0,0.0113176848420903,0,0,0,0,0,0,0,0,0,0,0,0,0,0,0,0,0,0,0,0,0,0,0,0,0,0,0,0,0,0,0,0,0,0,0,0,0,0.00282942121052258,0,0.00282942121052258,0,0,0,0,0,0,0,0,0,0,0.00565884242104517,0,0,0,0,0,0,0,0,0,0,0,0,0,0,0,0,0.00848826363156775,0.00282942121052258,0,0,0,0,0,0,0,0,0,0,0,0,0,0,0,0,0,0,0,0,0,0,0,0,0,0,0,0,0,0,0,0,0,0,0,0,0,0,0,0,0,0,0.00282942121052258,0,0,0,0,0,0,0,0,0,0,0,0,0,0,0,0,0,0.00282942121052258,0,0,0,0,0,0,0,0,0,0,0,0,0,0,0,0,0,0,0,0,0,0,0,0.00565884242104517,0,0,0,0,0.00282942121052258,0,0,0,0,0,0,0,0,0,0,0,0,0,0,0,0.00848826363156775,0,0,0,0,0,0,0,0,0,0,0,1.01859163578813,0,0,0,0,0,0,0,0.00565884242104517,0,0,0,0,0.00848826363156775,0,0,0,0,0,0,0,0,0,0,0,0,0,0,0,0,0,0,0,0,0,0,0,0,0,0,0,0,0,0,0,0,0,0,0,0,0,0,0,0,0,0,0,0,0,0,0,0,0,0,0,0,0,0,0,0,0,0,0.00282942121052258,0,0,0,0,0,0,0,0,0,0,0,0,0,0,0,0,0,0,0,0,0,0,0,0,0,0,0,0.00565884242104517,0,0,0,0,0,0,0,0,0,0,0,0,0,0,0,0,0,0,0,0,0,0,0,0,0,0,0,0,0,0,0.0113176848420903,0,0.00565884242104517,0,0,0,0,0,0,0,0,0,0,0,0,0,0,0,0,0,0,1.00740753127502,0,0.361348519144622,0,0,0,0,0,0,0,0,0,0,0,0,0,0,0,0,0,0,0,0,0,0,0,0,0,0,0,0,0,0,0,0,0,0,0,0,0,0.464201917351361,0,0,0,0,0,0,0,0,0.80673186197977,0,0,0,0,0,0,0,0,0,0,0,0,0,0,0,0,0,0,0,0,0,0,0,0,0,0,0,0,0,0,0,0,0,0,0,0,0,0,0,0,0,0,0,0,0,0,0,0,0,0,0.734847163315798,0,0,0,0.0905587478115582,0,0,0,0,0.00430620002021125,0,0,0,0,0,0,0,0,0,0,0.135443100477761,0,0,0,0,0,0,0,0,0,0,0,0,0,0,0,0,0,0,0,0,0,0,0,0,0,0,0,0,0,0.123704626698844,0,0,0,0,0.447063356309831,0.439089389397368,0,0,0.358222584828211,0,0,0,0,0,0,0,0,0,0,0,0,0,0,0,0,0,0,0,0,0,0,0,0,0,0,0,0.175416758557253,0,0,0,0,0,0.0256948209921348,0,0,0,0,0,0,0,0.0100874715797333,0,0,0,0,0,0,0,0,0,12.0166759277458,0,0.0497364682420066,0,0,0,1.03550704755312,0,0,0,0.974758157090227,0,0,3.25018649137593,0,0,0,0,0,0,0,0,0,0,0,0,0,0,0,0,0,0,0,0,0,0,0,0,0,0,0,0,1.05051326373169,0,0,0,0,0,0,0,0,0,0,0,0,0,0,0,0,0,0,0,0,0,0,0,0,0,0,0,0,0,0.109004771010031,0,0,0,0,0,0,0,0,0,0,0,0,0,0,0,0,0,0,0,0,0,0,0,0,0,0.062957168413217,0,0,0,0,0,0,0,0,0,0,0,0,0,0,0,0,0,0,0,0,0,0,0,0,0,0,0,0,0,0,0,0,0,0,0,0,0,0.00785111761276115,0,0.00560622894815901,0,0,0,0,0,0,0,0,0,0,10.8932219756512,0,0,0,0,0,0,0,0,0,0,0,0,0,0,0,0,1.91777092878967,0.387383452121338,0,0,0,0,0,0,0,0,0,0,0,0,0,0,0,0,0,0,0,0,0,0,0,0,0,0,0,0,0,0,0,0,0,0,0,0,0,0,0,0,0,0,0.113636629367613,0,0,0,0,0,0,0,0,0,0,0,0,0,0,0,0,0,0.0310176353076178,0,0,0,0,0,0,0,0,0,0,0,0,0,0,0,0,0,0,0,0,0,0,0,0.0726044665045292,0,0,0,0,0.0291932443545248,0,0,0,0,0,0,0,0,0,0,0,0,0,0,0,1.030892827443,0,0,0,0,0,0,0,0,0,0,0,0.707929958078503,0,0,0,0,0,0,0,0.00604817077961307,0,0,0,0,0.0334793284126882,0,0,0,0,0,0,0,0,0,0,0,0,0,0,0,0,0,0,0,0,0,0,0,0,0,0,0,0,0,0,0,0,0,0,0,0,0,0,0,0,0,0,0,0,0,0,0,0,0,0,0,0,0,0,0,0,0,0,0.349872178296314,0,0,0,0,0,0,0,0,0,0,0,0,0,0,0,0,0,0,0,0,0,0,0,0,0,0,0,0.317868071985495,0,0,0,0,0,0,0,0,0,0,0,0,0,0,0,0,0,0,0,0,0,0,0,0,0,0,0,0,0,0,0.774035059033535,0,0.403241255250868,0,0,128.1120022,140.5977024,140.4632023,140.5206024,137.9485024,148.9232027,140.2112024,137.6356024,152.9454025,147.0290025,147.6507025,"BAK-00125"
"87",2101,"nSPC",2010,"PRIAs","Pacific Remote Island Areas","Baker","Baker",2010,"ForereefDeep","Baker","2010-02-06","Forereef","Deep",0.1867,-176.45917,27,22.5,0,7.5,27.5,15,27.5,NA,0,1,NA,NA,NA,2,1,28.5894872786707,45.4401503973691,6.52812569755127,10.0124329012587,90.5701962748497,3.93457165828507,0,0,0,0,0,0,0,0,0,0,0,0,0,0,0,0,0.00282942121052258,0,0,0,0,0,0,0,0,0,0,0,0,0.00282942121052258,0.00565884242104517,0,0,0,0,0,0,0,0,0,0,0,0,0,0,0,0,0,0,0,0,0,0,0,0,0,0.00848826363156775,0,0,0,0,0,0,0,0,0.00565884242104517,0,0,0,0,0,0,0,0,0,0,0.00282942121052258,0,0,0,0,0,0,0,0,0,0,0,0,0,0,0,0,0,0,0,0,0,0,0,0,0,0,0,0,0,0,0,0,0,0,0.0622472666314968,0,0,0,0,0,0,0,0,0.0198059484736581,0,0,0,0,0.0169765272631355,0.0169765272631355,0,0,0,0,0,0,0,0,0,0.00282942121052258,0,0,0,0,0,0,0,0,0,0,0,0,0,0,0,0,0,0,0,0,0,0,0,0,0,0,0,0,0,0,0,0,0,0,0,0.067906109052542,0.00282942121052258,0,0,0,0,0,0,0,0,0,0,0,0,0,0,0,0,0,0,0,0,0,0,0,0,0,0,0,0,0,0,0,0,0,0,0,0,0,0,0,0,0,0,0,0,0,0,0,0,0,0,0,0,0,0.00848826363156775,0,0.033953054526271,0,0,0,0,0,0,0,0,0,0,0.0141471060526129,0,0.00282942121052258,0,0,0,0,0,0,0,0,0,0,0,0,0,0,0,0,0,0,0,0,0,0,0,0,0,0,0.00282942121052258,0,0,0,0,0,0,0,0.00282942121052258,0,0,0.00565884242104517,0,0,0,0,0,0,0,0,0.00848826363156775,0,0,0,0,0,0,0,0,0,0,0,0.00282942121052258,0,0,0,0,0,0,0,0,0,0,0,0,0,0,0,0,0,0,0,0,0,0,0,0,0,0,0,0,0,0,0,0,0,0,0,0,0,0,0,0,0,0,0,0,0,0,0,0,0,0,0,0,0,0,0,0,0,0,0,0,0,0,0,0,0,0,0,0,0,0,0,0,0,0,0.00565884242104517,0,0.0113176848420903,0,0.00565884242104517,0,0,0,0,0,0,0,0,0,0,0,0,0.0905414787367227,0.00282942121052258,0,0,0,0,0,0,0,0,0,0,0,0,0,0,0,0,0,0,0,0,0.00282942121052258,0,0.00565884242104517,0,0,0,0,0,0,0,0.00282942121052258,0,0,0,0,0,0,0,0,0,0,0,0.0424413181578388,0,0,0,0,0,0,0,0,0,0,0,0.00282942121052258,0,0,0,0,0,0.00565884242104517,0,0,0.00282942121052258,0,0.00282942121052258,0,0,0,0,0,0,0,0,0,0,0,0,0,0,0,0,0,0,0,0,0,0,0,0.00282942121052258,0,0,0,0,0,0,0,0,0,0,0,0,0,0,0,0.00565884242104517,0,0,0,0,0,0,0,0,0,0,0,1.81082957473445,0,0,0,0,0.00282942121052258,0,0,0,0,0,0,0,0,0,0,0,0,0,0,0,0,0,0,0,0,0,0,0,0,0,0,0,0,0.00848826363156775,0,0,0,0,0,0,0,0,0,0,0,0,0,0.00282942121052258,0,0,0,0,0,0,0,0,0,0,0,0,0,0,0,0,0,0,0.00282942121052258,0,0,0,0,0.00282942121052258,0,0,0,0,0,0,0,0,0,0,0,0,0,0,0,0,0,0,0,0,0,0,0,0,0,0,0,0,0,0,0,0,0,0,0,0,0,0.0141471060526129,0,0,0,0,0,0,0,0,0,0,0,0,0,0,0,0,0,0,0,0,0.00282942121052258,0,0,0,0,0,0,0,0,0,0,0,0,0,0,0,0,0,0,0,0,0.143915361610718,0,0,0,0,0,0,0,0,0,0,0,0,0.44430944842884,0.0752942937174586,0,0,0,0,0,0,0,0,0,0,0,0,0,0,0,0,0,0,0,0,0,0,0,0,0,2.84329244800717,0,0,0,0,0,0,0,0,0.369628212243619,0,0,0,0,0,0,0,0,0,0,0.194296347802044,0,0,0,0,0,0,0,0,0,0,0,0,0,0,0,0,0,0,0,0,0,0,0,0,0,0,0,0,0,0,0,0,0,0,19.69385886113,0,0,0,0,0,0,0,0,0.0425380718205652,0,0,0,0,0.0424023700642711,5.53179041917796,0,0,0,0,0,0,0,0,0,0.109917918403555,0,0,0,0,0,0,0,0,0,0,0,0,0,0,0,0,0,0,0,0,0,0,0,0,0,0,0,0,0,0,0,0,0,0,0,0.176073750162336,1.08564621604359,0,0,0,0,0,0,0,0,0,0,0,0,0,0,0,0,0,0,0,0,0,0,0,0,0,0,0,0,0,0,0,0,0,0,0,0,0,0,0,0,0,0,0,0,0,0,0,0,0,0,0,0,0,2.13244246419169,0,0.124091270121651,0,0,0,0,0,0,0,0,0,0,1.60176084545941,0,0.288297667657029,0,0,0,0,0,0,0,0,0,0,0,0,0,0,0,0,0,0,0,0,0,0,0,0,0,0,0.179406945197066,0,0,0,0,0,0,0,1.24522751080726,0,0,1.68084612792828,0,0,0,0,0,0,0,0,0.167784677783989,0,0,0,0,0,0,0,0,0,0,0,0.533707844575724,0,0,0,0,0,0,0,0,0,0,0,0,0,0,0,0,0,0,0,0,0,0,0,0,0,0,0,0,0,0,0,0,0,0,0,0,0,0,0,0,0,0,0,0,0,0,0,0,0,0,0,0,0,0,0,0,0,0,0,0,0,0,0,0,0,0,0,0,0,0,0,0,0,0,6.78755944781233,0,3.56775187361459,0,9.16817416025747,0,0,0,0,0,0,0,0,0,0,0,0,12.3962704678828,0.474639722654202,0,0,0,0,0,0,0,0,0,0,0,0,0,0,0,0,0,0,0,0,1.16886224508757,0,4.25439463474442,0,0,0,0,0,0,0,5.67619360868771,0,0,0,0,0,0,0,0,0,0,0,1.3858618265988,0,0,0,0,0,0,0,0,0,0,0,0.0126222754078381,0,0,0,0,0,0.0652550080750258,0,0,0.37361170425437,0,0.109690165036044,0,0,0,0,0,0,0,0,0,0,0,0,0,0,0,0,0,0,0,0,0,0,0,0.0194481175912582,0,0,0,0,0,0,0,0,0,0,0,0,0,0,0,0.703531056922504,0,0,0,0,0,0,0,0,0,0,0,0.642536658003026,0,0,0,0,0.00393802437649024,0,0,0,0,0,0,0,0,0,0,0,0,0,0,0,0,0,0,0,0,0,0,0,0,0,0,0,0,0.790681757280536,0,0,0,0,0,0,0,0,0,0,0,0,0,1.03450713009732,0,0,0,0,0,0,0,0,0,0,0,0,0,0,0,0,0,0,1.50524257686471,0,0,0,0,1.34368286537678,0,0,0,0,0,0,0,0,0,0,0,0,0,0,0,0,0,0,0,0,0,0,0,0,0,0,0,0,0,0,0,0,0,0,0,0,0,0.0460983450724392,0,0,0,0,0,0,0,0,0,0,0,0,0,0,0,0,0,0,0,0,0.333113530817294,0,0,0,0,127.8248022,140.1394024,139.8524023,140.2556024,137.0508024,148.3570026,139.9438024,137.3138024,152.8029025,146.3473025,147.1974025,"BAK-00124"
"88",2102,"nSPC",2010,"PRIAs","Pacific Remote Island Areas","Baker","Baker",2010,"ForereefMid","Baker","2010-02-06","Forereef","Mid",0.19856,-176.46338,9.5,52.5,0,0.25,32.5,11.25,3.5,NA,0,4,NA,NA,NA,4,2,38.6348787153565,13.0429235847147,13.0926934064756,4.69956321591513,69.4700589224619,6.51821608387784,0,0,0,0,0,0,0,0,0,0,0,0,0,0,0.00141471060526129,0.00282942121052258,0.0650766878420194,0,0,0,0,0,0,0,0,0,0,0,0,0,0,0,0,0,0,0,0,0,0,0,0,0.00141471060526129,0,0,0,0,0,0,0,0,0,0,0,0,0,0,0.00141471060526129,0,0,0,0,0,0,0,0,0.00141471060526129,0,0,0,0,0,0,0,0,0,0,0,0,0,0,0,0,0,0,0,0,0,0,0,0,0,0,0,0,0,0.00141471060526129,0,0.00141471060526129,0,0,0,0,0,0,0,0,0,0,0,0,0,0,0,0,0,0,0.00282942121052258,0,0,0,0.00282942121052258,0,0,0,0,0.00707355302630646,0,0,0,0,0,0,0,0,0,0,0.00424413181578388,0,0,0,0,0,0,0,0,0,0,0,0,0,0,0,0,0,0,0,0,0,0,0,0,0,0,0,0,0,0,0,0,0,0,0,0.1754241150524,0,0,0,0,0,0,0,0,0,0,0,0,0,0,0,0,0,0,0,0,0,0,0,0.00141471060526129,0.00565884242104517,0,0,0,0,0,0.00141471060526129,0,0,0,0,0.00282942121052258,0,0,0,0,0,0,0,0,0,0,0,0,0,0,0,0,0,0,0.00141471060526129,0,0,0,0,0,0,0,0,0,0.00424413181578388,0,0,0.0282942121052258,0,0,0,0,0,0,0,0,0,0,0,0,0,0,0,0,0,0,0,0,0,0,0,0,0,0,0,0,0,0,0,0,0,0,0,0,0,0,0,0,0,0,0,0,0,0,0,0,0,0,0,0,0,0,0,0,0,0,0.0226353696841807,0,0,0,0,0,0,0,0,0,0,0,0,0,0,0,0,0,0,0,0.00990297423682904,0,0,0,0,0,0.00282942121052258,0,0,0,0,0,0,0.00141471060526129,0,0.00424413181578388,0,0,0,0,0,0,0,0,0,0,0,0,0,0,0,0,0,0,0,0,0,0,0,0,0.00141471060526129,0,0,0,0.00424413181578388,0,0,0,0,0,0,0,0,0,0,0,0,0.0155618166578742,0,0,0.00141471060526129,0,0,0,0,0,0,0,0,0,0,0,0,0,0,0.00141471060526129,0,0,0,0,0,0,0,0.0509295817894065,0.0155618166578742,0,0,0,0,0,0,0,0,0,0,0,0,0,0,0,0,0,0,0,0,0,0,0,0,0,0,0,0,0,0,0,0,0,0,0,0,0,0,0,0,0,0,0,0,0,0,0,0,0,0,0,0,0,0,0,0,0,0,0,0,0,0,0,0,0,0,0,0,0.0169765272631355,0,0,0,0,0,0,0.19664477413132,0,0,0,0,0,0,0,0,0,0,0,0,0,0,0,0,0,0,0,0,0.00141471060526129,0,0,0,0,0,0,0,0,0,0,0,0,0,0,0,0,0,0,0,0,0,0,0,0,0,0,0,0,0,0,0,0,0,0,0,0,0,0,0,0,0.0282942121052258,0,0,0,0,0,0,0,0,0,0,0,0,0,0,0,0,0,0,0,0,0,0,0,0,0,0,0,0.00141471060526129,0,0,0,0,0,0,0,0,0,0.00565884242104517,0,0,0,0,0.00141471060526129,0,0,0,0,0,0,0,0,0,0,0,0,0.00141471060526129,0,0,0,0,0.00848826363156775,0,0,0,0,0,0,0,0,0,0,0,0,0,0,0,0,0,0,0,0,0,0,0,0,0,0,0.00141471060526129,0.00990297423682904,0,0,0,0,0,0,0,0,0,0,0,0,0.00282942121052258,0,0,0,0,0,0,0,0,0,0,0,0,0,0,0,0,0,0,0.494126846822696,1.75961717488231,3.14894957600817,0,0,0,0,0,0,0,0,0,0,0,0,0,0,0,0,0,0,0,0,0,0,0,0,0.0326352515974701,0,0,0,0,0,0,0,0,0,0,0,0,0,0,0.401070456591576,0,0,0,0,0,0,0,0,0.102441379617354,0,0,0,0,0,0,0,0,0,0,0,0,0,0,0,0,0,0,0,0,0,0,0,0,0,0,0,0,0,0.0120173459438587,0,0.822376049353862,0,0,0,0,0,0,0,0,0,0,0,0,0,0,0,0,0,0,0.900848546661273,0,0,0,0.021689198229139,0,0,0,0,0.0344338042210919,0,0,0,0,0,0,0,0,0,0,0.163453371806493,0,0,0,0,0,0,0,0,0,0,0,0,0,0,0,0,0,0,0,0,0,0,0,0,0,0,0,0,0,0,0,0,0,0,0,0.38970552041527,0,0,0,0,0,0,0,0,0,0,0,0,0,0,0,0,0,0,0,0,0,0,0,0.110906012844634,0.184652702321296,0,0,0,0,0,0.00233597015140745,0,0,0,0,0.0196662714901045,0,0,0,0,0,0,0,0,0,0,0,0,0,0,0,0,0,0,1.01115902142151,0,0,0,0,0,0,0,0,0,0.112472095048872,0,0,2.30671470028501,0,0,0,0,0,0,0,0,0,0,0,0,0,0,0,0,0,0,0,0,0,0,0,0,0,0,0,0,0,0,0,0,0,0,0,0,0,0,0,0,0,0,0,0,0,0,0,0,0,0,0,0,0,0,0,0,0,0,0.30633134410279,0,0,0,0,0,0,0,0,0,0,0,0,0,0,0,0,0,0,0,0.343312496030562,0,0,0,0,0,0.0284492643875625,0,0,0,0,0,0,0.24354111375331,0,0.381258849275497,0,0,0,0,0,0,0,0,0,0,0,0,0,0,0,0,0,0,0,0,0,0,0,0,0.00444914014238521,0,0,0,0.00616612877360285,0,0,0,0,0,0,0,0,0,0,0,0,35.4833951667023,0,0,0.305590487660451,0,0,0,0,0,0,0,0,0,0,0,0,0,0,0.345108938069597,0,0,0,0,0,0,0,6.2832933937682,2.0971167769411,0,0,0,0,0,0,0,0,0,0,0,0,0,0,0,0,0,0,0,0,0,0,0,0,0,0,0,0,0,0,0,0,0,0,0,0,0,0,0,0,0,0,0,0,0,0,0,0,0,0,0,0,0,0,0,0,0,0,0,0,0,0,0,0,0,0,0,0,0.949644724143297,0,0,0,0,0,0,1.50790665412877,0,0,0,0,0,0,0,0,0,0,0,0,0,0,0,0,0,0,0,0,0.131780292880089,0,0,0,0,0,0,0,0,0,0,0,0,0,0,0,0,0,0,0,0,0,0,0,0,0,0,0,0,0,0,0,0,0,0,0,0,0,0,0,0,1.29800263916966,0,0,0,0,0,0,0,0,0,0,0,0,0,0,0,0,0,0,0,0,0,0,0,0,0,0,0,0.392827705861705,0,0,0,0,0,0,0,0,0,4.29403534842947,0,0,0,0,1.00897698023281,0,0,0,0,0,0,0,0,0,0,0,0,1.68611117359492,0,0,0,0,0.0989648179693063,0,0,0,0,0,0,0,0,0,0,0,0,0,0,0,0,0,0,0,0,0,0,0,0,0,0,0.048769177224112,0.0367135793303174,0,0,0,0,0,0,0,0,0,0,0,0,0.157041434176719,0,0,0,0,127.9185022,141.1178024,139.4205023,140.0153024,138.2805024,149.1379027,140.9950024,138.1971024,153.1370025,147.3832025,147.0664025,"BAK-00111"
"89",2103,"nSPC",2010,"PRIAs","Pacific Remote Island Areas","Baker","Baker",2010,"ForereefDeep","Baker","2010-02-06","Forereef","Deep",0.18666,-176.46992,21,25,0,1,40,31.5,2.5,NA,0,2,NA,NA,NA,2,1,35.6073795363123,22.8087889173951,9.22043767661668,9.86184696215421,77.4984530924782,4.19037123617752,0,0,0,0,0,0,0,0,0,0,0,0,0,0,0,0,0.00848826363156775,0,0,0,0,0,0,0,0,0,0,0,0,0.00282942121052258,0,0,0,0,0,0,0,0,0,0,0,0,0,0,0,0,0,0,0,0,0,0,0,0,0,0,0.00565884242104517,0,0,0,0,0,0,0,0,0.00565884242104517,0,0,0,0,0,0,0,0,0,0,0.0141471060526129,0,0,0,0,0,0,0,0,0,0,0,0,0,0,0,0,0,0,0,0,0,0,0,0,0,0,0,0,0,0,0,0,0,0,0,0,0,0,0,0.00282942121052258,0,0,0,0.0113176848420903,0,0,0,0,0.195230063526058,0.0481001605788839,0,0,0,0,0,0,0,0,0,0.0226353696841807,0,0,0,0,0,0,0,0,0,0,0,0,0,0,0,0,0,0,0,0,0,0,0,0,0,0,0,0,0,0,0,0,0,0,0,0.192400642315536,0,0,0,0,0,0,0,0,0,0,0,0,0,0,0,0,0,0,0,0,0,0,0,0,0,0,0,0,0,0,0.0848826363156775,0,0,0,0,0.0282942121052258,0,0,0,0,0,0,0,0,0,0,0,0,0,0,0,0,0,0,0,0,0,0,0,0,0,0,0,0,0.00848826363156775,0,0.0113176848420903,0.0367824757367936,0,0,0,0,0,0,0,0.00565884242104517,0,0,0,0,0,0,0,0,0,0,0,0,0,0,0,0,0,0,0,0,0,0,0,0,0,0,0,0,0,0,0,0,0,0,0,0,0,0,0,0,0.00565884242104517,0,0,0,0,0,0,0,0,0,0.0141471060526129,0,0,0,0,0,0,0,0,0,0,0,0,0,0,0,0,0,0,0,0.00565884242104517,0,0,0,0,0,0.00565884242104517,0,0,0,0,0,0,0,0,0.00565884242104517,0,0,0,0,0,0,0,0,0,0,0,0,0,0,0,0,0,0,0,0,0,0,0,0,0.00848826363156775,0,0,0,0,0,0.0113176848420903,0,0,0,0,0,0,0.141471060526129,0,0,0,0.00848826363156775,0,0,0,0,0,0,0,0,0,0,0,0,0,0,0,0,0,0.00565884242104517,0,0,0,0,0,0,0,0,0.0113176848420903,0,0.00282942121052258,0,0,0,0,0,0,0,0,0,0,0,0.00848826363156775,0,0,0,0,0,0,0,0,0,0,0,0,0,0,0,0,0,0,0,0.0254647908947033,0,0,0,0,0,0,0,0,0,0,0,0.00848826363156775,0,0,0,0,0,0.0141471060526129,0.00848826363156775,0,0.00282942121052258,0,0,0,0,0,0,0,0,0,0,0,0,0,0,0,0,0,0,0,0,0,0,0,0,0,0.00848826363156775,0,0,0,0,0,0,0,0,0,0,0,0,0,0,0,0,0,0,0,0,0,0,0,0,0,0,0,7.63943726841098,0,0,0,0,0,0,0,0,0,0,0,0.00282942121052258,0.0282942121052258,0,0,0,0,0,0,0,0,0,0,0,0,0,0,0,0,0,0,0,0,0,0,0,0,0,0.0169765272631355,0,0,0,0,0,0,0,0,0.0226353696841807,0,0,0,0,0,0,0,0,0.00282942121052258,0,0,0,0,0,0,0,0,0,0,0,0,0,0,0.00282942121052258,0,0,0,0,0,0,0,0,0,0,0,0,0,0,0,0,0,0.00565884242104517,0,0,0,0,0,0,0,0,0.00565884242104517,0,0,0,0,0,0,0,0,0,0,0,0,0,0,0,0,0,0,0,0,0,0,0,0,0,0,0,0,0,0,0,0.00282942121052258,0,0,0,0,0,0,0,0,0,0,0,0,0,0,0,0,0,0,0,0,0.470473689910493,0,0,0,0,0,0,0,0,0,0,0,0,0.737202197161847,0,0,0,0,0,0,0,0,0,0,0,0,0,0,0,0,0,0,0,0,0,0,0,0,0,0,1.11637218869198,0,0,0,0,0,0,0,0,0.259960517392889,0,0,0,0,0,0,0,0,0,0,1.31010014599809,0,0,0,0,0,0,0,0,0,0,0,0,0,0,0,0,0,0,0,0,0,0,0,0,0,0,0,0,0,0,0,0,0,0,0,0,0,0,0,1.61140260315431,0,0,0,0.0517325886533516,0,0,0,0,0.496131166792956,9.87278334236818,0,0,0,0,0,0,0,0,0,1.41618768011416,0,0,0,0,0,0,0,0,0,0,0,0,0,0,0,0,0,0,0,0,0,0,0,0,0,0,0,0,0,0,0,0,0,0,0,0.34959253297157,0,0,0,0,0,0,0,0,0,0,0,0,0,0,0,0,0,0,0,0,0,0,0,0,0,0,0,0,0,0,0.140158209084447,0,0,0,0,0.0813221118390594,0,0,0,0,0,0,0,0,0,0,0,0,0,0,0,0,0,0,0,0,0,0,0,0,0,0,0,0,0.331561887272112,0,1.1540331101359,1.76684314725263,0,0,0,0,0,0,0,0.0756014236006259,0,0,0,0,0,0,0,0,0,0,0,0,0,0,0,0,0,0,0,0,0,0,0,0,0,0,0,0,0,0,0,0,0,0,0,0,0,0,0,0,0.0964832632788201,0,0,0,0,0,0,0,0,0,0.148700276934659,0,0,0,0,0,0,0,0,0,0,0,0,0,0,0,0,0,0,0,0.244532145936693,0,0,0,0,0,0.0128322740160831,0,0,0,0,0,0,0,0,0.400999155177071,0,0,0,0,0,0,0,0,0,0,0,0,0,0,0,0,0,0,0,0,0,0,0,0,0.0172748823551381,0,0,0,0,0,0.0175781122930535,0,0,0,0,0,0,0.218972585729916,0,0,0,19.9583634229419,0,0,0,0,0,0,0,0,0,0,0,0,0,0,0,0,0,0.722926695256528,0,0,0,0,0,0,0,0,1.83774880399208,0,0.492860277831265,0,0,0,0,0,0,0,0,0,0,0,13.045537169009,0,0,0,0,0,0,0,0,0,0,0,0,0,0,0,0,0,0,0,1.60182192756588,0,0,0,0,0,0,0,0,0,0,0,0.0718868647208,0,0,0,0,0,0.168423305409526,0.726644796470332,0,0.500467612637146,0,0,0,0,0,0,0,0,0,0,0,0,0,0,0,0,0,0,0,0,0,0,0,0,0,0.0778346063003078,0,0,0,0,0,0,0,0,0,0,0,0,0,0,0,0,0,0,0,0,0,0,0,0,0,0,0,5.45803415360256,0,0,0,0,0,0,0,0,0,0,0,0.200035814642207,0.161076088802441,0,0,0,0,0,0,0,0,0,0,0,0,0,0,0,0,0,0,0,0,0,0,0,0,0,2.18442318708212,0,0,0,0,0,0,0,0,3.24792203353946,0,0,0,0,0,0,0,0,3.54571933311287,0,0,0,0,0,0,0,0,0,0,0,0,0,0,0.644651903064651,0,0,0,0,0,0,0,0,0,0,0,0,0,0,0,0,0,0.036364155165184,0,0,0,0,0,0,0,0,0.211215161597027,0,0,0,0,0,0,0,0,0,0,0,0,0,0,0,0,0,0,0,0,0,0,0,0,0,0,0,0,0,0,0,0.205664541618939,0,0,0,0,99.40820169,100.8684017,89.18860147,99.27130168,113.819902,121.1137021,108.2963018,101.8736018,125.619802,115.160002,113.9632019,"BAK-00126"
"90",2104,"nSPC",2010,"PRIAs","Pacific Remote Island Areas","Baker","Baker",2010,"ForereefShallow","Baker","2010-02-06","Forereef","Shallow",0.19144,-176.46838,4.5,32.5,0,2.5,40,7.5,17.5,NA,0,2.25,NA,NA,NA,4,2,14.4786109469946,0.539484903648875,12.6749240447169,1.19719642786056,28.8902163232209,3.12666684713997,0,0,0,0,0.0155618166578742,0,0,0,0,0,0,0,0,0,0,0,0.0551737136051904,0,0,0,0,0.00424413181578388,0,0,0,0,0.00282942121052258,0,0,0,0,0,0,0,0,0,0,0,0,0,0,0,0,0,0,0,0,0.00141471060526129,0,0,0,0,0,0,0,0,0,0,0,0,0,0,0,0,0,0,0,0,0,0,0,0,0,0,0,0,0,0,0,0,0,0,0,0,0,0,0,0,0,0,0,0,0,0,0,0.00282942121052258,0,0,0,0,0,0,0,0,0,0,0,0,0,0,0,0,0,0,0,0,0.00565884242104517,0,0,0,0,0,0,0,0,0,0,0,0,0,0,0,0,0,0,0,0,0,0,0,0,0,0,0,0,0,0,0,0,0,0,0,0,0,0,0,0,0,0,0,0,0,0,0,0,0,0,0,0,0,0,0,0,0,0,0,0,0,0,0,0,0,0,0,0,0,0,0,0,0,0,0,0,0,0,0,0.00282942121052258,0,0,0,0,0,0,0,0,0,0,0,0.0113176848420903,0,0,0,0,0,0,0,0,0,0.00141471060526129,0,0,0.00282942121052258,0,0,0,0,0,0,0,0,0,0,0,0,0,0,0,0.00141471060526129,0,0,0.00990297423682904,0,0,0,0,0,0,0,0,0,0,0,0,0,0,0,0,0,0,0,0,0,0,0,0,0,0,0,0,0,0.00141471060526129,0,0,0,0,0,0,0.00141471060526129,0,0,0,0,0,0.00141471060526129,0,0,0,0,0,0,0,0,0,0,0,0,0,0,0,0.00424413181578388,0,0,0,0,0,0,0,0,0,0,0,0,0,0,0,0,0,0,0,0.00848826363156775,0,0,0,0,0,0,0,0,0,0,0,0,0,0,0,0,0,0,0,0,0,0,0,0,0,0,0,0,0,0,0,0,0,0,0,0,0,0,0.00141471060526129,0,0,0,0,0,0,0,0,0,0,0,0,0,0,0,0,0,0.00282942121052258,0,0,0,0,0,0,0,0,0,0,0,0,0.00141471060526129,0,0,0,0.00141471060526129,0.00141471060526129,0,0,0,0,0,0,0,0,0,0,0,0,0,0,0,0,0,0,0,0,0,0,0,0,0,0,0,0,0,0,0,0,0,0,0,0,0,0,0,0,0,0,0,0,0,0,0,0,0,0,0,0,0,0,0,0,0,0,0,0,0,0.00141471060526129,0,0.00282942121052258,0,0,0,0,0,0,0,0,0,0,0,0,0,0,0,0,0,0,0,0,0.0396118969473162,0,0,0,0,0.00282942121052258,0,0,0,0,0,0.0141471060526129,0,0,0,0,0,0,0,0,0,0,0,0,0,0,0,0,0,0,0,0,0,0,0,0,0,0,0,0,0,0,0,0,0,0,0,0,0,0,0,0,0,0,0,0,0,0,0,0,0,0,0,0,0,0,0,0,0,0,0,0,0,0,0,0,0,0,0,0,0,0,0,0,0,0,0,0,0,0,0.00141471060526129,0,0,0,0,0,0,0,0,0,0.00282942121052258,0,0,0,0,0,0,0,0,0,0,0,0,0,0,0,0,0,0,0,0,0,0,0.0551737136051904,0,0.00282942121052258,0.00424413181578388,0,0,0,0,0,0,0,0,0,0,0,0,0,0,0,0,0.00282942121052258,0,0,0,0,0,0,0,0.0367824757367936,0,0,0,0,0,0,0,0,0,0,0,0,0,0,0,0,0,0,0,0,0,0.255998219188668,0,0,0,0,0,0,0,0,0,0,0,4.09708178965309,0,0,0,0,3.34584006809717,0,0,0,0,0.0792313632441792,0,0,0,0,0,0,0,0,0,0,0,0,0,0,0,0,0,0,0,0,0.0258985790828055,0,0,0,0,0,0,0,0,0,0,0,0,0,0,0,0,0,0,0,0,0,0,0,0,0,0,0,0,0,0,0,0,0,0,0,0,0,0,0,0,0,0,0,0,0,0,0,0.0133317033205868,0,0,0,0,0,0,0,0,0,0,0,0,0,0,0,0,0,0,0,0,2.27441707796626,0,0,0,0,0,0,0,0,0,0,0,0,0,0,0,0,0,0,0,0,0,0,0,0,0,0,0,0,0,0,0,0,0,0,0,0,0,0,0,0,0,0,0,0,0,0,0,0,0,0,0,0,0,0,0,0,0,0,0,0,0,0,0,0,0,0,0,0,0,0,0,0,0,0,0,0,0,0,0,0.278264374347104,0,0,0,0,0,0,0,0,0,0,0,0.0205091283222202,0,0,0,0,0,0,0,0,0,0.0523148664140784,0,0,0.0114007691221794,0,0,0,0,0,0,0,0,0,0,0,0,0,0,0,0.0271702237448206,0,0,1.07155062904745,0,0,0,0,0,0,0,0,0,0,0,0,0,0,0,0,0,0,0,0,0,0,0,0,0,0,0,0,0,0.0565277384132819,0,0,0,0,0,0,0.184478149749224,0,0,0,0,0,0.216980711844618,0,0,0,0,0,0,0,0,0,0,0,0,0,0,0,0.0512589154961799,0,0,0,0,0,0,0,0,0,0,0,0,0,0,0,0,0,0,0,0.138961630661856,0,0,0,0,0,0,0,0,0,0,0,0,0,0,0,0,0,0,0,0,0,0,0,0,0,0,0,0,0,0,0,0,0,0,0,0,0,0,0.00392555880638058,0,0,0,0,0,0,0,0,0,0,0,0,0,0,0,0,0,11.6570523102898,0,0,0,0,0,0,0,0,0,0,0,0,0.000783042320012125,0,0,0,0.237319861327101,0.237319861327101,0,0,0,0,0,0,0,0,0,0,0,0,0,0,0,0,0,0,0,0,0,0,0,0,0,0,0,0,0,0,0,0,0,0,0,0,0,0,0,0,0,0,0,0,0,0,0,0,0,0,0,0,0,0,0,0,0,0,0,0,0,0.0891549587313434,0,0.185061985801676,0,0,0,0,0,0,0,0,0,0,0,0,0,0,0,0,0,0,0,0,0.208044449019466,0,0,0,0,0.0120291513290958,0,0,0,0,0,0.0723812753620218,0,0,0,0,0,0,0,0,0,0,0,0,0,0,0,0,0,0,0,0,0,0,0,0,0,0,0,0,0,0,0,0,0,0,0,0,0,0,0,0,0,0,0,0,0,0,0,0,0,0,0,0,0,0,0,0,0,0,0,0,0,0,0,0,0,0,0,0,0,0,0,0,0,0,0,0,0,0,1.01479833689501,0,0,0,0,0,0,0,0,0,2.11186851024496,0,0,0,0,0,0,0,0,0,0,0,0,0,0,0,0,0,0,0,0,0,0,0.571974703766667,0,0.0249319482703874,0.0209748108916867,0,0,0,0,0,0,0,0,0,0,0,0,0,0,0,0,0.000725746540499043,0,0,0,0,0,0,0,0.240653874581909,0,0,0,0,0,0,0,0,0,0,0,0,0,0,0,0,0,117.176202,121.1283021,115.3141019,123.3010021,123.9588021,137.3318024,126.7304021,120.8120021,144.0669024,128.8834022,135.1976023,"BAK-00128"
"91",2105,"nSPC",2010,"PRIAs","Pacific Remote Island Areas","Baker","Baker",2010,"ForereefShallow","Baker","2010-02-06","Forereef","Shallow",0.18831,-176.47667,3,22.5,0,1,59.5,17,0,NA,0,1.25,NA,NA,NA,4,2,1.00199507799239,13.6592601949847,26.6626486576552,5.46833232537438,46.7922362560067,8.25770740313381,0,0,0,0,0,0,0,0,0,0,0,0,0.00141471060526129,0,0.00282942121052258,0,0.0707355302630646,0,0,0,0,0,0,0,0,0,0,0,0,0,0,0,0,0,0,0,0,0,0,0,0,0,0,0,0,0,0,0,0,0,0,0,0,0,0,0,0,0,0,0,0,0,0,0,0,0,0,0,0,0,0,0,0,0,0,0,0.0127323954473516,0,0,0,0,0.00141471060526129,0,0,0,0,0,0,0,0,0,0,0,0,0,0.00141471060526129,0,0,0,0,0.00424413181578388,0,0,0,0,0,0,0,0,0,0,0,0,0,0,0,0.00282942121052258,0,0,0,0.0410266075525775,0,0,0,0,0.00282942121052258,0,0,0,0,0,0,0,0,0,0,0.00848826363156775,0,0,0,0,0,0,0,0,0,0,0,0,0,0,0,0,0,0,0,0,0,0,0,0,0,0,0,0,0,0,0,0,0,0,0,0,0,0,0,0,0,0,0,0,0,0,0,0,0,0,0,0,0,0,0,0,0,0,0,0.00141471060526129,0,0,0,0,0,0,0.721502408683259,0,0,0,0,0,0,0,0,0,0,0,0,0,0.00424413181578388,0.00424413181578388,0,0,0,0,0,0,0.00141471060526129,0,0,0,0,0,0,0,0,0,0,0,0.0381971863420549,0.00848826363156775,0,0.0707355302630646,0,0,0,0,0,0,0,0,0,0,0,0,0,0,0,0,0,0,0,0,0,0,0,0,0,0,0,0,0,0,0,0,0,0,0,0,0,0,0,0,0,0,0,0,0,0,0,0,0.00141471060526129,0,0,0,0,0,0,0,0,0,0.0198059484736581,0,0,0,0,0,0,0,0,0,0,0,0,0,0,0,0,0,0,0,0,0,0,0,0,0,0,0,0,0,0,0,0,0,0,0.00424413181578388,0,0,0,0,0,0,0,0,0,0,0,0,0,0,0,0,0,0,0,0,0,0,0,0.00141471060526129,0,0,0,0,0.00282942121052258,0,0,0,0,0,0,0,0,0,0,0,0,0,0,0,0,0,0,0,0,0,0,0,0,0,0,0,0,0,0.0438560287631001,0.0169765272631355,0,0,0,0,0,0,0,0,0,0,0,0,0,0,0,0,0,0,0,0,0,0,0,0,0,0,0,0,0,0,0,0,0,0,0,0,0,0,0,0,0,0,0,0,0,0,0,0,0,0,0,0,0,0,0.0155618166578742,0,0,0,0,0,0,0.00282942121052258,0,0,0,0,0,0,0,0,0,0,0,0,0,0,0,0,0,0,0,0,0,0,0.229183118052329,0,0,0,0,0.00141471060526129,0,0,0,0,0,0.0127323954473516,0,0,0,0,0,0,0,0,0,0.00282942121052258,0,0,0,0,0,0,0,0,0,0,0,0,0,0,0,0,0,0,0,0.00282942121052258,0,0,0,0,0,0,0,0,0,0,0,0,0,0,0,0,0,0,0,0,0,0,0,0,0,0,0,0,0,0,0,0,0,0,0,0,0,0,0,0,0,0,0,0,0,0,0,0,0.00565884242104517,0,0,0,0,0,0,0,0,0,0.00141471060526129,0,0,0,0,0.00282942121052258,0,0,0,0,0,0,0,0,0,0,0,0,0,0,0,0,0,0.0495148711841452,0,0,0.0495148711841452,0,0,0,0,0,0,0,0,0,0,0,0,0,0,0,0,0,0,0,0,0,0,0,0.0113176848420903,0.0466854499736226,0,0,0,0,0,0,0,0,0,0,0,0,0.00282942121052258,0,0,0,0,0,0,0,0,0,0,0,0,0,0,0,0,0.00302995236262985,0,1.19512419099159,0,4.10376861814788,0,0,0,0,0,0,0,0,0,0,0,0,0,0,0,0,0,0,0,0,0,0,0,0,0,0,0,0,0,0,0,0,0,0,0,0,0,0,0,0,0,0,0,0,0,0,0,0,0,0,0,0,0,0,0,0,0,0,0,1.08276323923075,0,0,0,0,0.00610305553142484,0,0,0,0,0,0,0,0,0,0,0,0,0,0.00305006381522604,0,0,0,0,1.03318824362683,0,0,0,0,0,0,0,0,0,0,0,0,0,0,0,0.505095542518559,0,0,0,0.24752822291811,0,0,0,0,0.0133986696144496,0,0,0,0,0,0,0,0,0,0,0.403766658351958,0,0,0,0,0,0,0,0,0,0,0,0,0,0,0,0,0,0,0,0,0,0,0,0,0,0,0,0,0,0,0,0,0,0,0,0,0,0,0,0,0,0,0,0,0,0,0,0,0,0,0,0,0,0,0,0,0,0,0,0.058757376591434,0,0,0,0,0,0,1.0833061577152,0,0,0,0,0,0,0,0,0,0,0,0,0,0.0180683909130564,0.0712971703733533,0,0,0,0,0,0,0.000549477351443607,0,0,0,0,0,0,0,0,0,0,0,1.29391973662956,0.416784686104553,0,6.65343518908115,0,0,0,0,0,0,0,0,0,0,0,0,0,0,0,0,0,0,0,0,0,0,0,0,0,0,0,0,0,0,0,0,0,0,0,0,0,0,0,0,0,0,0,0,0,0,0,0,0.0305577490736439,0,0,0,0,0,0,0,0,0,0.409888182433339,0,0,0,0,0,0,0,0,0,0,0,0,0,0,0,0,0,0,0,0,0,0,0,0,0,0,0,0,0,0,0,0,0,0,0.341584705061549,0,0,0,0,0,0,0,0,0,0,0,0,0,0,0,0,0,0,0,0,0,0,0,0.00870960782685831,0,0,0,0,0.0048155202490365,0,0,0,0,0,0,0,0,0,0,0,0,0,0,0,0,0,0,0,0,0,0,0,0,0,0,0,0,0,12.5698509817381,3.61750738104887,0,0,0,0,0,0,0,0,0,0,0,0,0,0,0,0,0,0,0,0,0,0,0,0,0,0,0,0,0,0,0,0,0,0,0,0,0,0,0,0,0,0,0,0,0,0,0,0,0,0,0,0,0,0,0.0925313941144842,0,0,0,0,0,0,0.0931328771218704,0,0,0,0,0,0,0,0,0,0,0,0,0,0,0,0,0,0,0,0,0,0,1.06942128587797,0,0,0,0,0.0207520567820475,0,0,0,0,0,0.0624120393193605,0,0,0,0,0,0,0,0,0,0.444148394521783,0,0,0,0,0,0,0,0,0,0,0,0,0,0,0,0,0,0,0,0.00302408538980654,0,0,0,0,0,0,0,0,0,0,0,0,0,0,0,0,0,0,0,0,0,0,0,0,0,0,0,0,0,0,0,0,0,0,0,0,0,0,0,0,0,0,0,0,0,0,0,0,6.1955764900109,0,0,0,0,0,0,0,0,0,1.11064296651594,0,0,0,0,0.951487946606965,0,0,0,0,0,0,0,0,0,0,0,0,0,0,0,0,0,0.478969415783282,0,0,0.315463611353286,0,0,0,0,0,0,0,0,0,0,0,0,0,0,0,0,0,0,0,0,0,0,0,0.280926582852943,0.292233798836554,0,0,0,0,0,0,0,0,0,0,0,0,0.205664541618939,0,0,0,0,65.08520109,75.9843013,64.62860106,69.54410117,77.34710134,91.51300165,84.49490143,71.15690126,83.95860134,101.1949018,86.64420145,"BAK-00127"
"92",2107,"nSPC",2010,"PRIAs","Pacific Remote Island Areas","Baker","Baker",2010,"ForereefDeep","Baker","2010-02-06","Forereef","Deep",0.19029,-176.45685,19,33.75,0,3.75,42.5,18.75,1.25,NA,0,2.75,NA,NA,NA,4,2,36.3829430976274,62.5460991724264,9.52180327182606,9.36437191276714,117.815217454647,4.7534969759371,0,0,0,0,0,0,0,0,0,0,0,0,0,0,0,0,0.033953054526271,0,0,0,0,0,0,0,0,0.0311236333157484,0,0,0,0,0.00848826363156775,0,0,0,0,0,0,0,0,0,0,0,0,0,0,0,0,0,0,0,0,0,0,0,0,0,0.00424413181578388,0,0,0,0,0,0,0,0,0.00707355302630646,0,0,0,0,0,0,0,0,0,0,0.00848826363156775,0,0,0,0,0,0,0,0,0,0,0,0,0,0,0,0,0,0,0,0,0,0,0,0,0,0,0,0,0,0,0,0,0,0,0.024050080289442,0,0,0,0,0.00848826363156775,0,0,0,0.0198059484736581,0,0,0,0,0.0169765272631355,0.0169765272631355,0,0,0,0,0,0,0,0,0,0.00707355302630646,0,0,0,0,0,0,0,0,0,0,0,0,0,0,0,0,0,0,0,0,0,0,0,0,0,0,0,0,0,0,0,0,0,0,0,0.091956189341984,0,0,0,0,0,0,0,0.00565884242104517,0,0,0,0,0,0,0,0,0,0,0,0,0,0,0,0,0,0,0,0,0,0,0,0,0,0,0,0,0,0,0,0,0,0,0,0,0,0,0,0,0,0,0,0,0,0,0.00848826363156775,0,0,0,0,0,0,0,0,0,0.0155618166578742,0,0,0.0282942121052258,0,0,0,0,0,0,0,0,0,0,0,0,0,0,0,0,0,0,0,0,0,0,0,0,0,0,0,0,0,0,0,0,0,0,0,0,0,0,0,0,0,0,0,0,0,0,0,0,0.00282942121052258,0,0,0,0,0,0,0,0,0,0.00565884242104517,0,0,0,0,0,0,0,0,0,0,0,0,0,0,0,0,0,0,0,0.00282942121052258,0,0,0,0,0,0.00141471060526129,0,0,0,0,0,0,0,0,0,0,0,0,0,0,0.00141471060526129,0,0,0,0,0,0,0,0,0,0,0,0,0,0,0,0,0,0,0.00282942121052258,0,0,0,0.00141471060526129,0,0,0,0,0,0,0,0,0,0,0,0,0.00848826363156775,0,0,0,0.00424413181578388,0,0,0,0,0,0,0,0,0,0,0,0,0.0169765272631355,0.00282942121052258,0.00282942121052258,0,0,0,0,0,0,0.00282942121052258,0.00282942121052258,0,0,0,0,0,0,0,0,0,0,0,0,0,0.0183912378683968,0,0,0,0,0,0,0,0.00424413181578388,0,0,0,0,0,0,0,0,0,0,0,0.00848826363156775,0,0,0,0,0,0,0,0,0,0,0,0.00141471060526129,0,0,0,0,0,0.00424413181578388,0,0.00990297423682904,0,0,0,0,0,0,0,0,0,0,0,0,0,0,0,0,0,0,0,0,0,0.0226353696841807,0,0,0,0,0.00424413181578388,0,0,0,0,0,0,0,0,0,0,0,0,0,0,0,0.00707355302630646,0,0,0,0,0,0,0,0,0,0,0,0.587104901183436,0,0,0,0,0,0,0,0,0,0,0,0,0.00282942121052258,0,0,0,0,0,0,0,0,0,0,0,0,0,0,0,0,0,0,0,0,0.00282942121052258,0,0,0,0,0,0,0,0,0,0,0,0,0,0.00848826363156775,0,0,0,0,0,0,0,0,0,0,0,0,0,0.00424413181578388,0,0,0,0,0.00282942121052258,0,0,0,0,0.00141471060526129,0,0,0,0,0,0,0,0,0,0,0,0,0,0,0,0,0,0,0,0,0,0,0,0,0,0,0.00141471060526129,0,0,0,0,0,0,0,0,0,0,0,0,0,0,0,0,0,0,0,0,0,0,0,0,0,0.00282942121052258,0,0,0,0.00282942121052258,0,0.00565884242104517,0,0,0,0,0,0,0,0,0,0,0,0,0,0,0,0,0,0,0,0,1.79907808344386,0,0,0,0,0,0,0,0,0.960694887209933,0,0,0,0,0.380542439824993,0,0,0,0,0,0,0,0,0,0,0,0,0,0,0,0,0,0,0,0,0,0,0,0,0,0.840242606559352,0,0,0,0,0,0,0,0,0.377098438209812,0,0,0,0,0,0,0,0,0,0,0.696417583854713,0,0,0,0,0,0,0,0,0,0,0,0,0,0,0,0,0,0,0,0,0,0,0,0,0,0,0,0,0,0,0,0,0,0,6.37904928205857,0,0,0,0,1.97147540489971,0,0,0,0.0884345678812917,0,0,0,0,0.0562894802973469,1.80819241144935,0,0,0,0,0,0,0,0,0,0.522385646522421,0,0,0,0,0,0,0,0,0,0,0,0,0,0,0,0,0,0,0,0,0,0,0,0,0,0,0,0,0,0,0,0,0,0,0,0.125740893306229,0,0,0,0,0,0,0,0.447063356309831,0,0,0,0,0,0,0,0,0,0,0,0,0,0,0,0,0,0,0,0,0,0,0,0,0,0,0,0,0,0,0,0,0,0,0,0,0,0,0,0,0,0,0,0,0,0,2.11248177422509,0,0,0,0,0,0,0,0,0,0.940667482197563,0,0,1.52237333444063,0,0,0,0,0,0,0,0,0,0,0,0,0,0,0,0,0,0,0,0,0,0,0,0,0,0,0,0,0,0,0,0,0,0,0,0,0,0,0,0,0,0,0,0,0,0,0,0,0.0611154981472878,0,0,0,0,0,0,0,0,0,0.0414056651407116,0,0,0,0,0,0,0,0,0,0,0,0,0,0,0,0,0,0,0,0.0888010255317036,0,0,0,0,0,0.0137166096154319,0,0,0,0,0,0,0,0,0,0,0,0,0,0,0.0181082957473445,0,0,0,0,0,0,0,0,0,0,0,0,0,0,0,0,0,0,0.00715294718350807,0,0,0,0.00392555880638058,0,0,0,0,0,0,0,0,0,0,0,0,23.1869822249273,0,0,0,5.23595096527264,0,0,0,0,0,0,0,0,0,0,0,0,2.52315318467806,0.361463347628264,1.63597738961771,0,0,0,0,0,0,0.169818990741818,0.330854439483367,0,0,0,0,0,0,0,0,0,0,0,0,0,41.170162311677,0,0,0,0,0,0,0,9.31924946826925,0,0,0,0,0,0,0,0,0,0,0,0.277172365319761,0,0,0,0,0,0,0,0,0,0,0,0.0102173073532955,0,0,0,0,0,0.072975764159981,0,0.802881924853915,0,0,0,0,0,0,0,0,0,0,0,0,0,0,0,0,0,0,0,0,0,0.148018705031596,0,0,0,0,0.0180437269936437,0,0,0,0,0,0,0,0,0,0,0,0,0,0,0,0.867211942182751,0,0,0,0,0,0,0,0,0,0,0,0.347113606313501,0,0,0,0,0,0,0,0,0,0,0,0,0.0037642519364095,0,0,0,0,0,0,0,0,0,0,0,0,0,0,0,0,0,0,0,0,0.214284517726202,0,0,0,0,0,0,0,0,0,0,0,0,0,1.64766364413452,0,0,0,0,0,0,0,0,0,0,0,0,0,1.22696430760196,0,0,0,0,3.28541232644843,0,0,0,0,0.241120341886708,0,0,0,0,0,0,0,0,0,0,0,0,0,0,0,0,0,0,0,0,0,0,0,0,0,0,0.0671353747147957,0,0,0,0,0,0,0,0,0,0,0,0,0,0,0,0,0,0,0,0,0,0,0,0,0,2.74473807383667,0,0,0,0.140207818514944,0,0.504225860479405,0,0,0,0,129.4376022,141.3094024,142.3101024,141.4271024,138.5199024,150.0241027,141.1230024,138.3731024,153.7414025,147.9954026,148.2739025,"BAK-00116"
"93",2108,"nSPC",2010,"PRIAs","Pacific Remote Island Areas","Baker","Baker",2010,"ForereefMid","Baker","2010-02-06","Forereef","Mid",0.18924,-176.4662,9,73.75,0,0,17.5,8.75,0,NA,0,3,NA,NA,NA,4,2,30.6825923755116,2.10795013159886,5.75797474428049,2.35094988850857,40.8994671398995,1.39354307749752,0,0,0,0,0.00565884242104517,0,0,0,0,0,0,0,0,0,0,0,0.0254647908947033,0,0,0,0,0.00141471060526129,0,0,0,0,0,0,0,0,0,0,0,0,0,0,0,0,0,0,0,0,0,0,0,0,0,0,0,0,0,0,0,0,0,0,0.0198059484736581,0,0,0,0,0,0,0,0,0,0,0,0,0,0,0,0,0,0,0,0.00707355302630646,0,0,0,0,0,0,0,0,0,0,0,0,0,0,0,0,0,0,0,0,0,0,0,0,0,0,0,0,0,0.00141471060526129,0,0,0,0,0,0,0,0,0,0.00848826363156775,0,0,0,0.00707355302630646,0,0,0,0,0,0,0,0,0,0,0,0,0,0,0,0.00141471060526129,0,0.058003134815713,0,0,0,0,0,0,0,0,0,0,0,0,0,0,0,0,0,0,0,0,0,0,0,0,0,0,0,0,0,0,0,0,0,0.0891267681314614,0,0,0,0,0,0,0,0,0,0,0,0,0,0,0,0,0,0,0,0,0,0,0,0.00424413181578388,0.00141471060526129,0,0,0,0,0,0,0,0,0,0,0.00282942121052258,0,0,0,0,0,0,0,0,0,0,0,0,0,0,0,0,0,0,0,0,0,0,0,0,0,0,0,0,0.00141471060526129,0,0,0.0325383439210097,0,0,0,0,0,0,0,0,0,0,0,0,0,0,0,0,0,0,0,0,0,0,0,0,0,0,0,0,0,0,0,0,0,0,0,0,0,0,0,0,0,0,0,0,0,0,0,0,0,0,0,0,0,0,0,0,0,0,0.0127323954473516,0,0,0,0,0,0,0,0,0,0,0,0,0,0,0,0,0,0,0,0.00282942121052258,0,0,0,0,0,0,0,0,0,0,0,0,0,0,0,0,0,0,0,0,0,0,0,0,0,0,0,0,0,0,0,0,0,0,0,0,0,0,0,0.00141471060526129,0,0,0,0.00141471060526129,0,0,0,0,0,0,0,0,0,0,0,0,0.00565884242104517,0,0,0,0.00565884242104517,0,0,0,0,0,0,0,0,0,0,0,0,0.00565884242104517,0.00565884242104517,0,0,0,0,0,0,0,0,0.00424413181578388,0,0,0,0,0,0,0,0,0,0,0,0,0,0,0,0,0,0,0,0,0,0,0,0,0,0,0,0,0,0,0,0,0,0,0,0,0,0,0,0,0,0,0,0,0,0,0,0,0,0,0,0,0,0,0,0,0,0,0,0,0,0,0,0,0,0,0,0,0.00141471060526129,0,0,0,0,0,0,0.178253536262923,0,0,0,0,0,0,0,0,0,0,0,0,0,0,0,0,0,0,0,0,0,0,0,0,0,0,0,0,0,0,0,0,0,0,0,0,0,0,0,0,0,0,0,0,0,0,0.171179983236616,0,0,0,0,0,0,0,0,0,0,0,0,0,0,0,0,0,0,0,0,0,0,0,0,0,0,0,0,0,0,0,0,0,0,0,0,0,0,0,0,0,0,0.00282942121052258,0,0,0,0,0,0,0,0,0.00141471060526129,0.00141471060526129,0,0,0,0,0,0,0,0,0,0,0,0,0,0,0,0,0,0,0,0,0,0,0.0113176848420903,0,0,0,0,0,0,0,0,0,0,0,0,0,0,0,0,0,0,0,0.00424413181578388,0,0,0,0,0,0.00565884242104517,0,0.00424413181578388,0,0,0,0,0,0,0,0,0,0,0,0,0,0,0,0,0,0,0,0,0,0.0753888797851032,0,0,0,0,0,0,0,0,0,0,0,0.735803633461046,0,0,0,0,0.323165601030405,0,0,0,0,0,0,0,0,0,0,0,0,0,0,0,0,0,0,0,0,0,0,0,0,0,0,0,0,0,0,0,0,0,0,1.75233624269402,0,0,0,0,0,0,0,0,0,0,0,0,0,0,0,0,0,0,0,0.51273618190525,0,0,0,0,0,0,0,0,0,0,0,0,0,0,0,0,0,0,0,0,0,0,0,0,0,0,0,0,0,0.0793833824988191,0,0,0,0,0,0,0,0,0,1.81888110476223,0,0,0,0.0427243328357813,0,0,0,0,0,0,0,0,0,0,0,0,0,0,0,0.0438619135579816,0,0.0809194660260985,0,0,0,0,0,0,0,0,0,0,0,0,0,0,0,0,0,0,0,0,0,0,0,0,0,0,0,0,0,0,0,0,0,0.251810282414999,0,0,0,0,0,0,0,0,0,0,0,0,0,0,0,0,0,0,0,0,0,0,0,0.484050427878988,0.0248412172014805,0,0,0,0,0,0,0,0,0,0,0.0112733915939957,0,0,0,0,0,0,0,0,0,0,0,0,0,0,0,0,0,0,0,0,0,0,0,0,0,0,0,0,0.0654475660415102,0,0,2.47732949336009,0,0,0,0,0,0,0,0,0,0,0,0,0,0,0,0,0,0,0,0,0,0,0,0,0,0,0,0,0,0,0,0,0,0,0,0,0,0,0,0,0,0,0,0,0,0,0,0,0,0,0,0,0,0,0,0,0,0,0.087214107855499,0,0,0,0,0,0,0,0,0,0,0,0,0,0,0,0,0,0,0,0.0390161638343653,0,0,0,0,0,0,0,0,0,0,0,0,0,0,0,0,0,0,0,0,0,0,0,0,0,0,0,0,0,0,0,0,0,0,0,0,0,0,0,0.00150019126144634,0,0,0,0.00392555880638058,0,0,0,0,0,0,0,0,0,0,0,0,24.6946094386047,0,0,0,2.37290367589266,0,0,0,0,0,0,0,0,0,0,0,0,0.662137446606605,0.5285790324188,0,0,0,0,0,0,0,0,0.538751955747422,0,0,0,0,0,0,0,0,0,0,0,0,0,0,0,0,0,0,0,0,0,0,0,0,0,0,0,0,0,0,0,0,0,0,0,0,0,0,0,0,0,0,0,0,0,0,0,0,0,0,0,0,0,0,0,0,0,0,0,0,0,0,0,0,0,0,0,0,0.0516301464811319,0,0,0,0,0,0,1.15247387971012,0,0,0,0,0,0,0,0,0,0,0,0,0,0,0,0,0,0,0,0,0,0,0,0,0,0,0,0,0,0,0,0,0,0,0,0,0,0,0,0,0,0,0,0,0,0,0.433458130799508,0,0,0,0,0,0,0,0,0,0,0,0,0,0,0,0,0,0,0,0,0,0,0,0,0,0,0,0,0,0,0,0,0,0,0,0,0,0,0,0,0,0,1.02858038306865,0,0,0,0,0,0,0,0,0.277731013362357,0.0872316810665115,0,0,0,0,0,0,0,0,0,0,0,0,0,0,0,0,0,0,0,0,0,0,0.111998625136523,0,0,0,0,0,0,0,0,0,0,0,0,0,0,0,0,0,0,0,0.0025804321439966,0,0,0,0,0,0.0271205053123747,0,0.0180716547426683,0,0,0,0,0,0,0,0,0,0,0,0,0,0,0,0,0,123.2249021,129.1172022,129.3824022,131.2762022,130.7244023,142.2234025,129.6967022,129.8186023,147.0160024,140.5305024,140.6136024,"BAK-00121"
"94",2112,"nSPC",2010,"PRIAs","Pacific Remote Island Areas","Baker","Baker",2010,"ForereefMid","Baker","2010-02-07","Forereef","Mid",0.18868,-176.48416,14,30,0,0,35,32,3,NA,0,3,NA,NA,NA,2,1,15.8149236832642,96.7500060426372,20.3489346388156,25.266259185112,158.180123549829,0,0,0,0,0,0,0,0,0,0,0,0,0,0,0,0,0.00848826363156775,0.00282942121052258,0,0,0,0,0,0,0,0,0,0,0,0,0,0,0,0.00282942121052258,0,0,0,0,0,0,0,0,0,0,0,0,0,0,0,0,0,0,0,0,0,0,0,0.00565884242104517,0,0,0,0,0,0,0,0,0,0,0,0,0,0,0,0,0,0,0,0.0169765272631355,0,0,0,0,0,0,0,0,0.00282942121052258,0,0,0,0,0,0,0,0,0,0,0,0,0,0,0,0,0,0,0,0,0,0,0,0,0,0,0,0,0,0,0.0113176848420903,0,0,0,0.0113176848420903,0,0,0,0,0.0481001605788839,0.0226353696841807,0,0,0,0,0,0,0,0,0,0,0,0.0848826363156775,0,0,0,0,0,0,0,0,0,0,0,0,0,0,0,0,0,0,0,0,0,0,0,0,0,0,0,0,0,0,0,0,0.00565884242104517,0.113176848420903,0,0,0.00565884242104517,0,0,0,0,0,0,0,0,0,0,0,0,0,0,0,0,0,0,0,0,0,0,0,0.00565884242104517,0,0,0,0,0,0,0,0,0,0,0,0,0,0,0,0,0,0,0,0,0,0,0,0,0,0,0,0,0,0,0,0,0,0,0,0,0,0.0537590029999291,0.0226353696841807,0,0.0311236333157484,0,0,0,0,0,0,0,0.00565884242104517,0,0,0,0,0,0,0,0,0,0,0,0,0,0,0,0,0,0,0,0,0,0,0,0,0,0,0,0,0,0,0,0,0,0,0,0,0,0,0,0,0.00565884242104517,0,0,0,0,0,0.033953054526271,0,0,0,0.033953054526271,0,0.00282942121052258,0,0,0,0,0,0,0.00282942121052258,0,0,0,0,0,0,0,0,0,0,0,0,0,0,0,0,0.00848826363156775,0,0,0,0,0,0,0,0,0.00282942121052258,0,0,0,0,0,0,0,0,0,0,0,0,0,0,0,0,0,0,0,0,0,0,0,0.00565884242104517,0.00282942121052258,0,0,0,0.00282942121052258,0,0,0,0,0,0,0,0,0.141471060526129,0,0,0,0.00565884242104517,0.00565884242104517,0,0.0424413181578388,0,0,2.26353696841807,0,0,0,0,0,0,0,0,0,0,0,0.033953054526271,0,0,0,0,0,0,0,0.0622472666314969,0.147129902947174,0,0.0622472666314969,0,0,0,0,0,0,0,0,0,0,0,0.0226353696841807,0.00848826363156775,0,0,0,0,0,0,0.00848826363156775,0,0,0,0,0,0,0,0,0,0,0,0,0,0,0,0,0,0,0,0,0,0,0,0.00282942121052258,0,0,0,0,0,0.00848826363156775,0.00565884242104517,0,0,0,0,0,0,0,0,0,0,0,0,0,0,0,0,0,0,0,0,0,0,0.0537590029999291,0,0,0,0,0.0424413181578388,0,0,0,0,0,0,0,0,0,0,0,0,0,0,0,0,0,0,0,0,0,0,0,0,0,0,0,5.94178454209743,0,0,0,0,0,0,0,0.00282942121052258,0,0,0,0,0.00282942121052258,0,0,0,0,0,0,0,0,0,0,0,0,0,0,0,0,0,0,0,0,0,0,0,0,0,0,0,0,0,0,0,0,0,0,0.0113176848420903,0,0,0,0,0,0,0,0,0,0,0,0,0,0,0,0,0,0,0,0,0,0,0,0,0,0,0,0,0,0,0,0,0,0,0,0,0,0,0,0,0,0,0,0,0,0,0,0,0,0,0,0,0,0,0,0,0,0,0,0,0,0,0,0,0,0,0,0,0,0,0,0,0,0,0,0,0,0,0,0,0,0,0,0,0,0.0226353696841807,0,0,0,0,0,0,0,0,0,0,0,0,0,0,0,0,6.91198908607111,0.114090500215885,0,0,0,0,0,0,0,0,0,0,0,0,0,0,0,0.00262570288336496,0,0,0,0,0,0,0,0,0,0,0,0,0,0,0,0,0,0,0,0,0,0,0,1.03981229486705,0,0,0,0,0,0,0,0,0,0,0,0,0,0,0,0,0,0,0,1.12410670439232,0,0,0,0,0,0,0,0,0.124690269762281,0,0,0,0,0,0,0,0,0,0,0,0,0,0,0,0,0,0,0,0,0,0,0,0,0,0,0,0,0,0,5.27902167369924,0,0,0,0.0367644350227611,0,0,0,0,0.0993598515642695,3.51592073507086,0,0,0,0,0,0,0,0,0,0,0,0.059129244457501,0,0,0,0,0,0,0,0,0,0,0,0,0,0,0,0,0,0,0,0,0,0,0,0,0,0,0,0,0,0,0,0,0.358222584828211,0.155123017866901,0,0,0.163500585259839,0,0,0,0,0,0,0,0,0,0,0,0,0,0,0,0,0,0,0,0,0,0,0,4.53077276890547,0,0,0,0,0,0,0,0,0,0,0,0,0,0,0,0,0,0,0,0,0,0,0,0,0,0,0,0,0,0,0,0,0,0,0,0,0,1.37456400946115,0.639336249546355,0,1.20113918899609,0,0,0,0,0,0,0,0.0983303045783537,0,0,0,0,0,0,0,0,0,0,0,0,0,0,0,0,0,0,0,0,0,0,0,0,0,0,0,0,0,0,0,0,0,0,0,0,0,0,0,0,0.122230996294576,0,0,0,0,0,3.33982809976991,0,0,0,0.617086815712075,0,0.68575382844453,0,0,0,0,0,0,1.02462343550416,0,0,0,0,0,0,0,0,0,0,0,0,0,0,0,0,0.0172727676638772,0,0,0,0,0,0,0,0,0.132763233808625,0,0,0,0,0,0,0,0,0,0,0,0,0,0,0,0,0,0,0,0,0,0,0,0.0157022352255223,0.00145903986681848,0,0,0,0.00133124451352279,0,0,0,0,0,0,0,0,0.231318623710971,0,0,0,3.730042926421,2.82455139321413,0,7.48341491564036,0,0,0.58609762723249,0,0,0,0,0,0,0,0,0,0,0,5.26783560780918,0,0,0,0,0,0,0,10.165933566247,21.3580607681811,0,6.99303478986557,0,0,0,0,0,0,0,0,0,0,0,40.9809706319199,6.24105043285327,0,0,0,0,0,0,12.9429728329487,0,0,0,0,0,0,0,0,0,0,0,0,0,0,0,0,0,0,0,0,0,0,0,0.0204346147065911,0,0,0,0,0,0.251298459632333,0.288450329625044,0,0,0,0,0,0,0,0,0,0,0,0,0,0,0,0,0,0,0,0,0,0,0.419165332184607,0,0,0,0,0.274117186084594,0,0,0,0,0,0,0,0,0,0,0,0,0,0,0,0,0,0,0,0,0,0,0,0,0,0,0,3.25745463653984,0,0,0,0,0,0,0,0.00302408538980654,0,0,0,0,0.0111597761375627,0,0,0,0,0,0,0,0,0,0,0,0,0,0,0,0,0,0,0,0,0,0,0,0,0,0,0,0,0,0,0,0,0,0,1.21916251479117,0,0,0,0,0,0,0,0,0,0,0,0,0,0,0,0,0,0,0,0,0,0,0,0,0,0,0,0,0,0,0,0,0,0,0,0,0,0,0,0,0,0,0,0,0,0,0,0,0,0,0,0,0,0,0,0,0,0,0,0,0,0,0,0,0,0,0,0,0,0,0,0,0,0,0,0,0,0,0,0,0,0,0,0,0,0.844021594441148,0,48.8054008,47.3857008,52.07560084,49.13710085,57.162901,49.14260092,53.70540093,57.10460101,55.28630089,74.02020126,47.51930078,"BAK-00123"
"95",2113,"nSPC",2010,"PRIAs","Pacific Remote Island Areas","Baker","Baker",2010,"ForereefMid","Baker","2010-02-07","Forereef","Mid",0.18747,-176.47359,13,31.25,0,1,30,37.25,0.5,NA,0,3.75,NA,NA,NA,4,2,12.7281968817567,13.7143981614049,12.7473347560873,5.72876127115133,44.9186910704003,3.18477143054959,0,0,0,0,0.00282942121052258,0,0,0,0,0,0,0,0,0,0,0,0.0254647908947033,0,0,0,0,0,0,0,0,0,0,0,0,0,0,0,0,0,0,0,0,0,0,0,0,0,0,0,0,0,0,0,0,0,0,0,0,0,0,0,0.0113176848420903,0,0,0,0,0,0,0,0,0,0,0,0,0,0,0,0,0,0,0,0.0311236333157484,0,0,0,0,0.00282942121052258,0,0.00141471060526129,0,0,0,0,0.00141471060526129,0,0,0,0,0,0,0,0,0,0,0,0,0,0,0,0,0,0,0,0,0,0,0,0,0,0,0,0.00990297423682904,0,0,0,0.00990297423682904,0,0,0,0,0.0650766878420194,0.0127323954473516,0,0,0,0,0,0,0,0,0,0.00282942121052258,0,0.212206590789194,0,0,0,0,0,0,0,0,0,0,0,0,0,0,0,0,0,0,0,0,0,0,0,0,0,0,0,0,0,0,0,0,0,0.325383439210097,0,0,0.00707355302630646,0,0,0,0,0,0,0,0,0,0,0,0,0,0,0,0,0,0,0,0,0,0,0,0,0,0,0,0,0,0,0,0,0.00848826363156775,0,0,0,0,0,0,0,0,0,0,0,0,0,0,0,0,0,0,0,0,0,0,0,0,0,0,0,0,0.0622472666314969,0.0183912378683968,0,0.0226353696841807,0,0,0,0,0,0,0,0.0141471060526129,0,0,0,0,0,0,0,0,0,0,0,0,0,0,0,0,0,0,0,0,0.00141471060526129,0,0,0,0,0,0,0,0,0,0,0,0,0,0,0,0,0,0,0,0.00707355302630646,0,0,0,0,0,0,0,0.00141471060526129,0,0.0113176848420903,0,0.00282942121052258,0,0,0,0,0,0,0,0,0,0,0,0,0,0,0,0,0,0,0,0,0,0,0,0.00424413181578388,0,0,0,0,0,0,0,0,0.00141471060526129,0,0,0,0,0,0,0,0,0,0,0,0,0,0,0,0,0,0,0,0,0,0,0,0.00282942121052258,0.00141471060526129,0,0,0,0.00282942121052258,0,0,0,0,0,0,0,0,0.0282942121052258,0,0,0,0.00565884242104517,0,0,0,0,0,0.282942121052258,0,0,0,0,0,0,0,0,0,0,0.00141471060526129,0.0254647908947033,0,0,0,0,0,0,0,0.00990297423682904,0.0127323954473516,0,0.00565884242104517,0,0,0,0,0,0,0,0,0,0.00282942121052258,0,0,0.00424413181578388,0,0,0,0,0,0,0.00141471060526129,0,0,0,0,0,0,0,0,0,0,0,0.00424413181578388,0,0,0,0,0,0,0,0,0,0,0,0.00282942121052258,0,0,0,0,0,0.00565884242104517,0.00424413181578388,0,0.00141471060526129,0,0,0,0,0,0,0,0,0,0,0,0,0,0,0,0,0,0,0,0,0.0664913984472807,0,0,0,0,0.0311236333157484,0,0,0,0,0,0,0,0,0,0,0,0,0,0,0,0,0,0,0,0,0,0,0,0,0,0,0,2.12206590789194,0,0,0,0,0,0,0,0.00141471060526129,0,0,0,0.00141471060526129,0.00707355302630646,1.2025040144721,0,0,0,0,0,0,0,0,0,0,0,0,0,0,0,0,0,0,0,0,0,0,0,0,0,0,0,0,0,0,0,0,0,0.00990297423682904,0,0,0,0,0,0,0,0,0.00141471060526129,0,0,0,0,0,0,0,0,0,0.00282942121052258,0,0,0,0,0.00141471060526129,0,0,0,0,0,0,0,0,0,0,0,0,0,0,0,0,0,0,0,0,0,0,0,0,0,0,0,0,0,0,0,0,0,0,0,0,0,0,0,0,0,0,0,0,0,0.00141471060526129,0,0,0,0,0,0,0,0,0,0,0,0,0.00282942121052258,0,0,0.00990297423682904,0,0,0,0,0,0.0286728473870835,0,0,0,0,0,0,0,0,0,0,0,1.09072349665535,0,0,0,0,0,0,0,0,0,0,0,0,0,0,0,0,0,0,0,0,0,0,0,0,0,0,0,0,0,0,0,0,0,0,0,0,0,0,0,2.00310925929324,0,0,0,0,0,0,0,0,0,0,0,0,0,0,0,0,0,0,0,1.69668706387898,0,0,0,0,0.0049878079055337,0,0.0283833509161997,0,0,0,0,0.0283833509161997,0,0,0,0,0,0,0,0,0,0,0,0,0,0,0,0,0,0,0,0,0,0,0,0,0,0,0,3.92201708608061,0,0,0,0.0469014289333181,0,0,0,0,0.137760797962124,1.58750125893938,0,0,0,0,0,0,0,0,0,0.0701025653697483,0,0.147823111143752,0,0,0,0,0,0,0,0,0,0,0,0,0,0,0,0,0,0,0,0,0,0,0,0,0,0,0,0,0,0,0,0,0,0.544938036883018,0,0,0.35248582731714,0,0,0,0,0,0,0,0,0,0,0,0,0,0,0,0,0,0,0,0,0,0,0,0,0,0,0,0,0,0,0,0,0.0256937492712371,0,0,0,0,0,0,0,0,0,0,0,0,0,0,0,0,0,0,0,0,0,0,0,0,0,0,0,0,1.75356227074148,0.49680253647725,0,0.592362262562031,0,0,0,0,0,0,0,0.191036324963823,0,0,0,0,0,0,0,0,0,0,0,0,0,0,0,0,0,0,0,0,0.0477103698185244,0,0,0,0,0,0,0,0,0,0,0,0,0,0,0,0,0,0,0,0.101293279336709,0,0,0,0,0,0,0,0.00410074840015165,0,0.07363295984398,0,0.657367792578752,0,0,0,0,0,0,0,0,0,0,0,0,0,0,0,0,0,0,0,0,0,0,0,0.0233314073019692,0,0,0,0,0,0,0,0,0.0816464858061423,0,0,0,0,0,0,0,0,0,0,0,0,0,0,0,0,0,0,0,0,0,0,0,0.0174192156537166,0.00684926559042375,0,0,0,0.0048155202490365,0,0,0,0,0,0,0,0,0.058609762723249,0,0,0,3.93544332263775,0,0,0,0,0,0.0732622034040613,0,0,0,0,0,0,0,0,0,0,0.484245741740635,3.94461919103095,0,0,0,0,0,0,0,1.55667528653102,2.26235308454879,0,0.98572055566253,0,0,0,0,0,0,0,0,0,1.08236453969202,0,0,1.22961702469401,0,0,0,0,0,0,1.93544799632019,0,0,0,0,0,0,0,0,0,0,0,0.326179213925557,0,0,0,0,0,0,0,0,0,0,0,0.0257261250071045,0,0,0,0,0,0.123680411706416,0.381264815332304,0,0.0498398852276653,0,0,0,0,0,0,0,0,0,0,0,0,0,0,0,0,0,0,0,0,0.536368031422867,0,0,0,0,0.310975829277784,0,0,0,0,0,0,0,0,0,0,0,0,0,0,0,0,0,0,0,0,0,0,0,0,0,0,0,1.38248491238405,0,0,0,0,0,0,0,0.00295320838848295,0,0,0,0.0446098694522938,0.0284235133823182,3.6096235425809,0,0,0,0,0,0,0,0,0,0,0,0,0,0,0,0,0,0,0,0,0,0,0,0,0,0,0,0,0,0,0,0,0,1.16132942819021,0,0,0,0,0,0,0,0,0.580878274796099,0,0,0,0,0,0,0,0,0,1.9320517230651,0,0,0,0,0.671841432688391,0,0,0,0,0,0,0,0,0,0,0,0,0,0,0,0,0,0,0,0,0,0,0,0,0,0,0,0,0,0,0,0,0,0,0,0,0,0,0,0,0,0,0,0,0,0.00674491575270426,0,0,0,0,0,0,0,0,0,0,0,0,0.157041434176719,0,0,0.270214316481191,0,91.24660155,91.78520158,80.63130132,89.85240152,105.3228018,114.426902,97.24040166,93.32890163,115.7813019,110.4361019,103.3821017,"BAK-00122"
"96",2114,"nSPC",2010,"PRIAs","Pacific Remote Island Areas","Baker","Baker",2010,"ForereefDeep","Baker","2010-02-07","Forereef","Deep",0.19311,-176.45694,23,27.5,0,0.5,54,17.5,0.5,NA,0,2.5,NA,NA,NA,2,1,502.146606697598,60.8555040866502,7.70100987588631,16.2687284756203,586.971849135754,3.98153647089007,0,0,0,0,0,0,0,0,0,0,0,0,0,0,0,0,0.0282942121052258,0,0,0,0,0,0,0,0,0.00282942121052258,0,0,0,0.00282942121052258,0.0113176848420903,0,0.00565884242104517,0,0,0,0,0,0,0,0,0,0,0,0,0,0,0,0,0,0,0,0,0,0,0,0.00565884242104517,0,0,0,0,0,0,0,0,0.00565884242104517,0,0,0,0,0,0,0,0,0,0,0.00565884242104517,0,0,0,0,0,0,0,0,0,0,0,0,0,0,0,0,0,0,0,0,0,0,0,0,0,0,0,0,0,0,0,0,0,0,0,0,0,0,0,0.00848826363156775,0,0,0,0.0169765272631355,0,0,0,0,0.0311236333157484,0.0481001605788839,0,0,0,0,0,0,0,0,0,0.00565884242104517,0,0,0,0,0,0,0,0,0,0,0,0,0,0,0,0,0,0,0,0,0,0,0,0,0,0,0,0,0,0,0,0,0,0,0.0141471060526129,0.336701124052187,0,0,0,0,0,0,0,0.00565884242104517,0,0,0,0,0,0,0,0,0,0,0,0,0,0,0,0,0.00282942121052258,0,0,0,0,0,0,0,0,0,0,0,0,0,0,0,0,0,0,0,0,0,0,0,0,0,0,0,0,0,0,0,0.00565884242104517,0,0,0,0,0,0,0,0.0311236333157484,0,0,0.0254647908947033,0,0,0,0,0,0,0,0.00565884242104517,0,0,0,0,0,0,0,0,0,0,0,0,0,0,0,0,0,0,0,0,0,0,0,0.00282942121052258,0,0,0,0,0,0,0,0.00282942121052258,0,0,0,0,0,0,0,0,0.00282942121052258,0,0,0,0,0,0,0,0,0,0.0141471060526129,0,0,0,0,0,0,0,0,0,0,0,0,0,0,0,0,0,0,0,0,0,0,0,0,0,0.00282942121052258,0,0,0,0,0,0,0,0,0.00565884242104517,0,0,0,0,0,0,0,0,0,0,0,0,0,0,0,0,0,0,0,0,0,0,0,0,0.00565884242104517,0,0,0,0.00282942121052258,0,0,0,0,0,0,0,0,0.33953054526271,0,0,0,0.0141471060526129,0,0,0,0,0,0,0,0,0,0,0,0,0,0,0,0,0.00282942121052258,0,0,0,0,0,0,0,0,0,0.0169765272631355,0,0,0.00282942121052258,0,0,0,0,0,0,0,0,0,0,0.0141471060526129,0,0,0,0,0,0,0,0.0113176848420903,0,0,0,0,0,0,0,0,0,0,0.00282942121052258,0.0848826363156775,0,0,0,0,0,0,0,0,0,0,0,0.0169765272631355,0,0,0,0,0,0.00848826363156775,0.00282942121052258,0.00565884242104517,0,0,0,0,0,0,0,0,0,0,0,0,0,0,0,0,0,0,0,0,0,0.0282942121052258,0,0,0,0,0.0113176848420903,0,0,0,0,0,0,0,0,0,0,0,0,0,0,0,0,0,0,0,0,0,0,0,0,0,0,0,1.41471060526129,0,0,0,0,0,0,0,0.00848826363156775,0,0,0,0.00282942121052258,0.00282942121052258,0,0,0,0,0,0,0,0,0,0,0,0,0,0,0,0,0,0,0,0,0,0,0,0,0,0.0424413181578388,0,0,0,0,0,0,0,0,0.0198059484736581,0,0,0,0,0,0,0,0,0,0,0,0,0,0,0,0,0,0,0,0,0,0,0,0.00282942121052258,0,0,0,0,0,0,0,0,0,0,0,0,0,0,0,0.15278874536822,0,0,0,0,0,0,0,0,0,0,0,0,0,0,0,0,0,0,0,0,0,0,0,0,0,0,0,0,0,0,0,0,0,0,0,0,0.00282942121052258,0,0,0,0,0,0.00565884242104517,0,0,0,0,0,0,0,0,0,0,0,0,0,0,0,0,0,0,0,0,1.83825330616702,0,0,0,0,0,0,0,0,0.14610423775836,0,0,0,1.38328601901355,0.775569818595135,0,0.0298673702982764,0,0,0,0,0,0,0,0,0,0,0,0,0,0,0,0,0,0,0,0,0,0,0,1.60428182636631,0,0,0,0,0,0,0,0,0.200518163469939,0,0,0,0,0,0,0,0,0,0,0.397594008072482,0,0,0,0,0,0,0,0,0,0,0,0,0,0,0,0,0,0,0,0,0,0,0,0,0,0,0,0,0,0,0,0,0,0,0,0,0,0,0,3.65860672569632,0,0,0,0.0894966578464249,0,0,0,0,0.0788787708628578,10.8405464305326,0,0,0,0,0,0,0,0,0,0.187924404101294,0,0,0,0,0,0,0,0,0,0,0,0,0,0,0,0,0,0,0,0,0,0,0,0,0,0,0,0,0,0,0,0,0,0,0.895556462070528,0.611732183399825,0,0,0,0,0,0,0,0.54947018315172,0,0,0,0,0,0,0,0,0,0,0,0,0,0,0,0,0.0901485429108371,0,0,0,0,0,0,0,0,0,0,0,0,0,0,0,0,0,0,0,0,0,0,0,0,0,0,0,0,0,0,0,0.0564343411974487,0,0,0,0,0,0,0,0.602394446574732,0,0,1.1104502235452,0,0,0,0,0,0,0,0.0646078490569689,0,0,0,0,0,0,0,0,0,0,0,0,0,0,0,0,0,0,0,0,0,0,0,0.572805483340713,0,0,0,0,0,0,0,1.11611418103149,0,0,0,0,0,0,0,0,0.0470744953900695,0,0,0,0,0,0,0,0,0,0.126962017040512,0,0,0,0,0,0,0,0,0,0,0,0,0,0,0,0,0,0,0,0,0,0,0,0,0,0.012907536620283,0,0,0,0,0,0,0,0,1.14305080128599,0,0,0,0,0,0,0,0,0,0,0,0,0,0,0,0,0,0,0,0,0,0,0,0,0.027397062361695,0,0,0,0.0027012170491327,0,0,0,0,0,0,0,0,0.324253085436493,0,0,0,13.5473671191155,0,0,0,0,0,0,0,0,0,0,0,0,0,0,0,0,0.690217876139193,0,0,0,0,0,0,0,0,0,2.71943160852702,0,0,0.269602090424063,0,0,0,0,0,0,0,0,0,0,26.6622003275318,0,0,0,0,0,0,0,23.7299724008479,0,0,0,0,0,0,0,0,0,0,0.224718198475024,4.49499367620911,0,0,0,0,0,0,0,0,0,0,0,0.109753690944314,0,0,0,0,0,0.069174847973956,0.221217541251428,0.495219481968563,0,0,0,0,0,0,0,0,0,0,0,0,0,0,0,0,0,0,0,0,0,0.27186312741736,0,0,0,0,0.0747710277130771,0,0,0,0,0,0,0,0,0,0,0,0,0,0,0,0,0,0,0,0,0,0,0,0,0,0,0,0.617301899052738,0,0,0,0,0,0,0,0.00907225616941961,0,0,0,0.564738524380488,0.0276693920656364,0,0,0,0,0,0,0,0,0,0,0,0,0,0,0,0,0,0,0,0,0,0,0,0,0,5.79639762517396,0,0,0,0,0,0,0,0,3.69443186300355,0,0,0,0,0,0,0,0,0,0,0,0,0,0,0,0,0,0,0,0,0,0,0,3.98153647089007,0,0,0,0,0,0,0,0,0,0,0,0,0,0,0,466.652507926418,0,0,0,0,0,0,0,0,0,0,0,0,0,0,0,0,0,0,0,0,0,0,0,0,0,0,0,0,0,0,0,0,0,0,0,0,2.86557967609668,0,0,0,0,0,0.597122637720932,0,0,0,0,129.5662022,141.5911024,142.1239024,141.4111024,138.6182024,150.0311027,141.4669024,138.5774024,153.8080025,148.0787026,148.2939025,"BAK-00114"
"97",2115,"nSPC",2010,"PRIAs","Pacific Remote Island Areas","Baker","Baker",2010,"ForereefMid","Baker","2010-02-07","Forereef","Mid",0.19385,-176.46507,6,16.25,0,2.5,68.75,10,2.5,NA,0,1.5,NA,NA,NA,4,2,1.21837413192146,0.546334532188289,10.997883346041,2.96360224533489,15.7261942554856,4.14578066041672,0,0,0,0,0,0,0,0,0,0,0,0,0,0,0.00141471060526129,0,0.0198059484736581,0,0,0,0,0.00141471060526129,0,0,0,0,0.00282942121052258,0,0,0,0,0,0,0,0,0,0,0,0,0,0,0,0,0,0,0,0,0,0,0,0,0,0,0,0,0,0,0,0,0,0,0,0,0,0,0.00141471060526129,0,0,0,0,0,0,0,0,0,0,0.00141471060526129,0,0,0,0,0.00565884242104517,0,0,0,0,0,0,0,0,0,0,0,0,0,0,0,0.00141471060526129,0,0,0,0,0,0,0,0,0.00141471060526129,0,0,0,0,0,0,0,0,0,0.00282942121052258,0,0,0,0.00282942121052258,0,0,0,0,0,0,0,0,0,0,0,0,0,0,0,0.00141471060526129,0,0,0,0,0,0,0,0,0,0,0,0,0,0,0,0,0,0,0,0,0,0,0,0,0,0,0,0,0,0,0,0,0,0,0,0.00282942121052258,0,0,0,0,0,0,0,0,0,0,0,0,0,0,0,0,0,0,0,0,0,0,0,0.00424413181578388,0,0,0,0,0,0,0.141471060526129,0,0,0,0,0,0.0495148711841452,0,0,0,0,0,0,0,0.00141471060526129,0,0,0,0,0,0,0,0,0,0,0,0.00424413181578388,0,0,0,0,0,0,0,0,0,0,0.0226353696841807,0,0,0,0,0,0,0,0,0,0,0,0,0,0,0,0,0,0,0,0,0,0,0,0,0,0,0,0,0.00141471060526129,0.00282942121052258,0,0,0,0,0,0,0,0,0,0,0,0,0,0,0,0,0,0,0,0,0,0,0,0,0,0,0,0,0.00990297423682904,0,0,0,0,0,0,0,0,0,0,0,0,0,0,0,0,0,0,0,0.00141471060526129,0,0,0,0,0,0.00424413181578388,0,0,0,0,0,0,0,0,0,0,0,0,0,0,0,0,0,0,0,0,0,0,0,0,0,0,0,0,0,0,0,0,0,0,0,0,0,0.00282942121052258,0,0,0,0,0,0,0,0,0,0,0,0,0,0,0,0,0,0,0,0,0,0,0,0,0,0.00707355302630646,0,0,0,0.00141471060526129,0.00565884242104517,0,0,0,0,0,0,0,0,0,0,0,0,0,0,0,0,0,0,0,0,0,0,0,0,0,0,0,0,0,0,0,0,0,0,0,0,0,0,0,0,0,0,0,0,0,0,0,0,0,0,0,0,0,0,0.00282942121052258,0,0,0,0,0,0.00141471060526129,0.00141471060526129,0,0,0,0,0,0,0,0,0,0,0,0,0,0,0,0,0,0,0,0,0,0,0.0565884242104517,0,0,0,0.00282942121052258,0,0,0,0,0,0,0.0367824757367936,0,0,0,0,0,0,0,0,0,0,0,0,0,0,0,0,0,0,0,0,0,0,0,0,0,0,0,0,0,0.00141471060526129,0,0,0,0,0,0,0,0,0,0,0,0,0,0,0,0,0,0,0,0,0,0,0,0,0,0,0,0,0,0.00424413181578388,0,0,0,0,0,0,0,0,0,0,0,0,0,0,0,0,0,0,0.00565884242104517,0,0,0,0,0,0,0,0,0,0.00141471060526129,0,0,0,0,0,0,0,0,0,0,0,0,0,0,0,0,0,0,0,0,0,0,0.0268795014999645,0,0.00565884242104517,0.033953054526271,0,0,0,0,0,0,0,0,0,0,0,0,0,0,0,0,0.0325383439210097,0,0,0,0,0,0,0.00282942121052258,0.124494533262994,0,0,0,0,0,0,0,0,0,0,0,0,0.00141471060526129,0,0,0,0,0,0,0,0,0,0,0,0,0,0,0,0,0,0,0.149709614696557,0,1.45979168557868,0,0,0,0,0.323165601030405,0,0,0,0,0.0903595313116975,0,0,0,0,0,0,0,0,0,0,0,0,0,0,0,0,0,0,0,0,0,0,0,0,0,0,0,0,0,0,0,0,0,0,0,0,0,0,0.125356395563776,0,0,0,0,0,0,0,0,0,0,0.124143486301163,0,0,0,0,0.00466122854914096,0,0,0,0,0,0,0,0,0,0,0,0,0,0,0,0.227713844799746,0,0,0,0,0,0,0,0,0.470752198789183,0,0,0,0,0,0,0,0,0,0.707570860830301,0,0,0,0.0206290494042411,0,0,0,0,0,0,0,0,0,0,0,0,0,0,0,0.0262406518117667,0,0,0,0,0,0,0,0,0,0,0,0,0,0,0,0,0,0,0,0,0,0,0,0,0,0,0,0,0,0,0,0,0,0,0,0.00467194030281489,0,0,0,0,0,0,0,0,0,0,0,0,0,0,0,0,0,0,0,0,0,0,0,0.607984972579871,0,0,0,0,0,0,0.172825291670535,0,0,0,0,0,0.0412446803808127,0,0,0,0,0,0,0,0.0029310940847141,0,0,0,0,0,0,0,0,0,0,0,0.039930654676705,0,0,0,0,0,0,0,0,0,0,3.03528593154689,0,0,0,0,0,0,0,0,0,0,0,0,0,0,0,0,0,0,0,0,0,0,0,0,0,0,0,0,0.17679893961406,0.113055476826564,0,0,0,0,0,0,0,0,0,0,0,0,0,0,0,0,0,0,0,0,0,0,0,0,0,0,0,0,0.0999548454440674,0,0,0,0,0,0,0,0,0,0,0,0,0,0,0,0,0,0,0,0.0823451826974222,0,0,0,0,0,0.00876809338928844,0,0,0,0,0,0,0,0,0,0,0,0,0,0,0,0,0,0,0,0,0,0,0,0,0,0,0,0,0,0,0,0,0,0,0,0,0,0.0037583686490846,0,0,0,0,0,0,0,0,0,0,0,0,0,0,0,0,0,0,0,0,0,0,0,0,0,0.0402251739946969,0,0,0,0.193691726060669,0.787087636732591,0,0,0,0,0,0,0,0,0,0,0,0,0,0,0,0,0,0,0,0,0,0,0,0,0,0,0,0,0,0,0,0,0,0,0,0,0,0,0,0,0,0,0,0,0,0,0,0,0,0,0,0,0,0,0.021819955357728,0,0,0,0,0,0.0311495339606592,0.163558668878108,0,0,0,0,0,0,0,0,0,0,0,0,0,0,0,0,0,0,0,0,0,0,0.277760787476654,0,0,0,0.00722091883879172,0,0,0,0,0,0,0.158814001869527,0,0,0,0,0,0,0,0,0,0,0,0,0,0,0,0,0,0,0,0,0,0,0,0,0,0,0,0,0,0.000637893011912316,0,0,0,0,0,0,0,0,0,0,0,0,0,0,0,0,0,0,0,0,0,0,0,0,0,0,0,0,0,0.254969582346619,0,0,0,0,0,0,0,0,0,0,0,0,0,0,0,0,0,0,2.99821514772436,0,0,0,0,0,0,0,0,0,0.919851667892613,0,0,0,0,0,0,0,0,0,0,0,0,0,0,0,0,0,0,0,0,0,0,0.20263906385724,0,0.0373789688481879,0.153868370807226,0,0,0,0,0,0,0,0,0,0,0,0,0,0,0,0,0.0918606963761288,0,0,0,0,0,0,0.35644369349073,0.806518876622194,0,0,0,0,0,0,0,0,0,0,0,0,0.102832270809469,0,0,0,0,127.6836022,140.4414024,138.1780023,140.1628024,137.6234024,148.7419026,140.0608024,137.5160024,152.6766025,146.8009025,147.0197025,"BAK-00112"
"98",2117,"nSPC",2010,"PRIAs","Pacific Remote Island Areas","Baker","Baker",2010,"ForereefShallow","Baker","2010-02-07","Forereef","Shallow",0.20364,-176.47369,5.25,31.25,0,2.5,42.5,16.25,7.5,NA,0,1.75,NA,NA,NA,4,2,3.26298355143897,1.08592715661067,9.17991227303594,1.02363492674526,14.5524579078308,2.2397056174084,0,0,0,0,0,0,0,0,0,0,0,0,0,0,0,0,0.0537590029999291,0,0,0,0,0,0,0,0,0,0.00424413181578388,0,0,0,0,0,0,0,0,0,0,0,0,0,0,0,0,0,0,0,0,0,0,0,0,0,0,0,0,0,0,0,0,0,0,0,0,0,0,0,0,0,0,0,0,0,0,0,0,0,0.00141471060526129,0,0,0,0,0,0,0,0,0,0,0,0,0,0,0,0,0,0,0,0,0,0,0,0,0,0,0,0,0,0,0,0,0,0,0,0,0,0,0,0.00141471060526129,0,0,0,0.00282942121052258,0,0,0,0,0,0,0,0,0,0,0,0,0,0,0,0,0,0,0,0,0,0,0,0,0,0,0,0,0,0,0,0,0,0,0,0,0,0,0,0,0,0,0,0,0,0,0,0,0,0,0,0,0,0,0,0,0,0,0,0,0,0,0,0,0,0,0,0,0,0,0,0,0,0,0,0,0,0,0,0,0,0,0,0,0,0,0,0,0,0,0,0,0,0,0,0,0,0,0,0,0,0,0,0,0,0,0,0,0,0,0,0,0.00141471060526129,0,0,0,0,0,0,0.0169765272631355,0,0,0,0,0,0,0,0,0,0,0,0,0,0,0,0,0,0,0,0,0,0,0,0,0,0,0,0,0.00141471060526129,0,0,0,0,0,0,0,0,0,0,0,0,0,0,0,0,0,0,0,0,0,0,0,0,0,0,0,0,0,0.00282942121052258,0,0,0,0,0,0,0,0,0,0,0,0,0,0,0,0,0,0,0,0.00141471060526129,0,0,0,0,0,0,0,0,0,0,0,0,0,0,0,0,0,0,0,0,0,0,0,0,0,0,0,0,0,0,0,0,0,0,0,0,0,0,0,0.00141471060526129,0,0,0,0,0,0,0,0,0,0,0,0,0,0,0,0,0.00282942121052258,0,0,0,0,0,0,0,0,0,0,0,0,0.00141471060526129,0,0,0,0.0113176848420903,0.0141471060526129,0,0,0,0,0,0,0,0,0,0,0,0,0,0,0,0,0,0,0,0,0,0,0,0,0,0,0,0,0,0,0,0,0,0,0,0,0,0,0,0,0,0,0,0,0,0,0,0,0,0,0,0,0,0,0.00282942121052258,0,0,0,0,0,0,0,0,0,0,0,0,0,0,0.00141471060526129,0,0,0,0,0,0,0,0,0,0,0,0,0,0,0.0311236333157484,0,0,0,0,0.00282942121052258,0,0,0,0,0,0.00565884242104517,0,0,0,0,0,0,0,0,0,0,0,0,0,0,0,0,0,0,0,0,0,0,0,0,0,0,0,0,0,0,0,0,0,0,0,0,0,0,0,0,0,0,0,0,0,0,0,0,0,0,0,0,0,0,0,0,0,0.00565884242104517,0,0,0,0,0,0,0,0,0,0,0,0,0,0,0,0,0,0,0,0,0.00141471060526129,0,0,0,0,0,0,0,0,0,0.00141471060526129,0,0,0,0,0,0,0,0,0,0,0,0,0,0,0,0,0,0,0,0,0,0,0.0806385044998937,0,0.00424413181578388,0.0594178454209743,0,0,0,0,0,0,0,0,0,0,0,0,0,0,0,0,0.00282942121052258,0,0,0,0,0,0,0,0.0792237938946324,0,0,0,0,0,0,0,0,0,0,0,0,0,0,0,0,0,0,0,0,0,0,0,0,0,0,0,0,0,0,0,0,0,3.4201208204669,0,0,0,0,0,0,0,0,0,0.146189132209238,0,0,0,0,0,0,0,0,0,0,0,0,0,0,0,0,0,0,0,0,0,0,0,0,0,0,0,0,0,0,0,0,0,0,0,0,0,0,0,0,0,0,0,0,0,0,0,0,0,0.0971481739010218,0,0,0,0,0,0,0,0,0,0,0,0,0,0,0,0,0,0,0,0,0,0,0,0,0,0,0,0,0,0,0,0,0,0,0,0,0,0,0,0.322683254258433,0,0,0,0.0170138595093454,0,0,0,0,0,0,0,0,0,0,0,0,0,0,0,0,0,0,0,0,0,0,0,0,0,0,0,0,0,0,0,0,0,0,0,0,0,0,0,0,0,0,0,0,0,0,0,0,0,0,0,0,0,0,0,0,0,0,0,0,0,0,0,0,0,0,0,0,0,0,0,0,0,0,0,0,0,0,0,0,0,0,0,0,0,0,0,0,0,0,0,0,0,0,0,0,0,0,0,0,0,0,0,0,0,0,0,0,0,0,0,0,0.00192754319966851,0,0,0,0,0,0,1.53584052617575,0,0,0,0,0,0,0,0,0,0,0,0,0,0,0,0,0,0,0,0,0,0,0,0,0,0,0,0,0.073719679267438,0,0,0,0,0,0,0,0,0,0,0,0,0,0,0,0,0,0,0,0,0,0,0,0,0,0,0,0,0,0.0527184149442034,0,0,0,0,0,0,0,0,0,0,0,0,0,0,0,0,0,0,0,0.0435849951560624,0,0,0,0,0,0,0,0,0,0,0,0,0,0,0,0,0,0,0,0,0,0,0,0,0,0,0,0,0,0,0,0,0,0,0,0,0,0,0,0.00444914014238521,0,0,0,0,0,0,0,0,0,0,0,0,0,0,0,0,2.8665806179131,0,0,0,0,0,0,0,0,0,0,0,0,0.000783042320012125,0,0,0,1.06216783965161,1.01169777869173,0,0,0,0,0,0,0,0,0,0,0,0,0,0,0,0,0,0,0,0,0,0,0,0,0,0,0,0,0,0,0,0,0,0,0,0,0,0,0,0,0,0,0,0,0,0,0,0,0,0,0,0,0,0,0.0204346147065911,0,0,0,0,0,0,0,0,0,0,0,0,0,0,0.00952173377279577,0,0,0,0,0,0,0,0,0,0,0,0,0,0,0.114792837254243,0,0,0,0,0.0120291513290958,0,0,0,0,0,0.0263273595345241,0,0,0,0,0,0,0,0,0,0,0,0,0,0,0,0,0,0,0,0,0,0,0,0,0,0,0,0,0,0,0,0,0,0,0,0,0,0,0,0,0,0,0,0,0,0,0,0,0,0,0,0,0,0,0,0,0,0.263304600051538,0,0,0,0,0,0,0,0,0,0,0,0,0,0,0,0,0,0,0,0,1.01479833689501,0,0,0,0,0,0,0,0,0,1.21538554674059,0,0,0,0,0,0,0,0,0,0,0,0,0,0,0,0,0,0,0,0,0,0,0.565462398771795,0,0.0179533446350658,0.217554780268245,0,0,0,0,0,0,0,0,0,0,0,0,0,0,0,0,0.00580597232399234,0,0,0,0,0,0,0,0.412462413740443,0,0,0,0,0,0,0,0,0,0,0,0,0,0,0,0,0,112.9930019,123.9011021,129.3197022,125.1510021,117.810202,137.5251024,123.4346021,120.5768021,138.7729023,129.1204023,131.6086022,"BAK-00109"
"99",2118,"nSPC",2010,"PRIAs","Pacific Remote Island Areas","Baker","Baker",2010,"ForereefShallow","Baker","2010-02-07","Forereef","Shallow",0.19607,-176.46663,5.5,46.25,0,2.5,36.25,13.75,1.25,NA,0,2.25,NA,NA,NA,4,2,7.05380781665592,0.706412630221368,9.30423153164992,12.0118167371437,29.0762687156709,2.61749504486741,0.00141471060526129,0,0,0,0.0141471060526129,0.00282942121052258,0,0,0,0,0,0,0,0,0,0,0.0353677651315323,0,0,0,0,0.00565884242104517,0,0,0,0,0,0,0,0,0,0,0,0,0,0,0,0,0,0,0,0,0,0,0,0,0,0,0,0,0,0,0,0,0,0,0,0,0,0,0,0,0,0,0,0,0,0,0,0,0,0,0,0,0,0,0,0.00282942121052258,0,0,0,0,0,0,0,0,0,0,0,0,0,0,0,0,0,0,0,0,0,0,0.00424413181578388,0,0,0,0,0,0,0,0,0,0,0,0,0,0,0,0.00141471060526129,0,0,0,0.00848826363156775,0,0,0,0,0,0,0,0,0,0,0,0,0,0,0,0.00282942121052258,0,0.0565884242104517,0,0,0,0,0,0,0,0,0,0,0,0,0,0,0,0,0,0,0,0,0,0,0,0,0,0,0,0,0,0,0,0,0,0.0226353696841807,0,0,0,0,0,0,0,0,0,0,0,0,0,0,0,0,0,0,0,0,0,0,0,0.00141471060526129,0,0,0,0,0,0,0,0,0,0,0,0.00424413181578388,0,0,0,0,0,0,0,0,0,0,0,0,0.00282942121052258,0,0,0.00565884242104517,0,0,0,0,0.00424413181578388,0,0,0,0,0,0,0,0,0,0,0.0212206590789194,0,0,0,0,0,0,0,0,0,0,0,0,0,0,0,0,0,0,0,0,0,0,0,0,0,0,0,0,0.00424413181578388,0,0,0,0,0,0,0,0,0,0,0,0,0,0,0,0,0,0,0,0,0,0,0,0,0,0,0,0,0,0.0113176848420903,0,0,0,0,0,0,0,0,0,0,0,0,0,0,0,0,0,0,0,0.00707355302630646,0,0,0,0,0,0,0,0,0,0,0,0,0,0,0.00282942121052258,0,0,0,0,0,0,0,0,0,0,0,0,0,0,0,0,0,0,0,0,0,0,0,0,0.00141471060526129,0,0,0,0.00282942121052258,0,0,0,0,0,0,0,0,0,0,0,0,0.00282942121052258,0,0,0,0,0,0,0,0,0,0,0,0,0,0,0,0,0.00282942121052258,0.00424413181578388,0,0,0.00141471060526129,0,0,0,0,0,0,0,0,0,0,0,0,0,0,0,0,0,0,0,0,0,0,0,0,0,0,0,0,0,0,0,0,0,0,0,0,0,0,0.00141471060526129,0,0,0,0,0,0,0,0,0,0,0,0,0,0,0,0,0,0,0,0,0,0.00424413181578388,0,0,0,0,0,0.00424413181578388,0,0,0,0,0,0,0,0,0,0,0,0,0,0,0.12025040144721,0,0,0,0,0,0,0,0,0,0,0,0,0,0,0,0,0,0,0,0,0,0,0,0,0,0,0,0,0,0,0,0,0,0,0,0,0,0,0,0,0,0,0,0,0,0,0,0,0,0,0,0,0,0,0,0,0,0,0,0,0,0,0,0,0,0,0,0,0,0,0,0,0,0,0,0,0,0,0,0,0,0,0,0,0,0,0,0,0,0.00141471060526129,0,0,0,0,0,0,0,0,0,0.00282942121052258,0,0,0,0,0,0,0,0,0,0,0,0,0,0,0,0,0,0,0,0,0,0,0.0664913984472807,0,0.00282942121052258,0.00848826363156775,0,0,0,0,0,0,0,0,0,0,0,0,0,0,0,0,0,0,0,0,0,0,0.00282942121052258,0,0.0565884242104517,0,0,0,0,0,0,0,0,0,0,0,0,0,0,0,0,0,0.040542211885905,0,0,0,0.209936029675793,0.0362165914946891,0,0,0,0,0,0,0,0,0,0,1.9466392630125,0,0,0,0,1.70537402348761,0,0,0,0,0,0,0,0,0,0,0,0,0,0,0,0,0,0,0,0,0,0,0,0,0,0,0,0,0,0,0,0,0,0,0,0,0,0,0,0,0,0,0,0,0,0,0,0,0,0,0,0,0,0,0,9.6228163067617,0,0,0,0,0,0,0,0,0,0,0,0,0,0,0,0,0,0,0,0,0,0,0.469600213815054,0,0,0,0,0,0,0,0,0,0,0,0,0,0,0,0.416241760755669,0,0,0,0.0438111987382446,0,0,0,0,0,0,0,0,0,0,0,0,0,0,0,0.0701025653697483,0,0.0596767374617371,0,0,0,0,0,0,0,0,0,0,0,0,0,0,0,0,0,0,0,0,0,0,0,0,0,0,0,0,0,0,0,0,0,0.055588789696774,0,0,0,0,0,0,0,0,0,0,0,0,0,0,0,0,0,0,0,0,0,0,0,0.21950699775567,0,0,0,0,0,0,0,0,0,0,0,0.00549344512548891,0,0,0,0,0,0,0,0,0,0,0,0,0.00290575817652417,0,0,0.0074068240329706,0,0,0,0,0.0155114087652064,0,0,0,0,0,0,0,0,0,0,1.75256882672649,0,0,0,0,0,0,0,0,0,0,0,0,0,0,0,0,0,0,0,0,0,0,0,0,0,0,0,0,0.184908865808466,0,0,0,0,0,0,0,0,0,0,0,0,0,0,0,0,0,0,0,0,0,0,0,0,0,0,0,0,0,0.142606159736787,0,0,0,0,0,0,0,0,0,0,0,0,0,0,0,0,0,0,0,0.219464766867042,0,0,0,0,0,0,0,0,0,0,0,0,0,0,0.217941686111863,0,0,0,0,0,0,0,0,0,0,0,0,0,0,0,0,0,0,0,0,0,0,0,0,0.00444914014238521,0,0,0,0.0037583686490846,0,0,0,0,0,0,0,0,0,0,0,0,6.38255462472204,0,0,0,0,0,0,0,0,0,0,0,0,0,0,0,0,0.312297147030625,0.372430458903488,0,0,0.120633966697707,0,0,0,0,0,0,0,0,0,0,0,0,0,0,0,0,0,0,0,0,0,0,0,0,0,0,0,0,0,0,0,0,0,0,0,0,0,0,0.0320764366431675,0,0,0,0,0,0,0,0,0,0,0,0,0,0,0,0,0,0,0,0,0,0.07631269497543,0,0,0,0,0,0.0250800415447241,0,0,0,0,0,0,0,0,0,0,0,0,0,0,0.606234736641756,0,0,0,0,0,0,0,0,0,0,0,0,0,0,0,0,0,0,0,0,0,0,0,0,0,0,0,0,0,0,0,0,0,0,0,0,0,0,0,0,0,0,0,0,0,0,0,0,0,0,0,0,0,0,0,0,0,0,0,0,0,0,0,0,0,0,0,0,0,0,0,0,0,0,0,0,0,0,0,0,0,0,0,0,0,0,0,0,0,1.62643579230386,0,0,0,0,0,0,0,0,0,0.965979211018828,0,0,0,0,0,0,0,0,0,0,0,0,0,0,0,0,0,0,0,0,0,0,0.764837309462209,0,0.0228782693450453,0.0545462327477759,0,0,0,0,0,0,0,0,0,0,0,0,0,0,0,0,0,0,0,0,0,0,0.0206236040698263,0,0.240280249511059,0,0,0,0,0,0,0,0,0,0,0,0,0,0,0,0,0,127.3856022,140.2325024,138.0374023,139.8257024,137.8540024,148.9630027,140.2035024,137.7314024,152.4430025,147.0852025,146.6462025,"BAK-00118"
"100",2119,"nSPC",2010,"PRIAs","Pacific Remote Island Areas","Baker","Baker",2010,"ForereefMid","Baker","2010-02-07","Forereef","Mid",0.20372,-176.47185,9.75,51.25,0,2.5,37.5,5,3.75,NA,0,3.5,NA,NA,NA,4,2,17.1279807449148,11.2643576943465,14.4855210033265,9.11080904751533,51.9886684901031,5.00602544624876,0,0,0,0,0,0,0,0,0,0,0,0,0,0,0,0,0.0877120575262001,0,0,0,0,0.00141471060526129,0,0,0,0,0,0,0,0,0,0,0,0,0,0,0,0,0,0,0,0,0,0,0,0,0,0.00282942121052258,0,0,0,0,0,0,0,0,0,0,0,0,0,0,0,0,0,0.00424413181578388,0,0,0,0,0,0,0,0,0,0,0.024050080289442,0,0,0,0,0,0,0,0,0,0,0,0,0,0,0,0,0,0,0,0,0,0,0,0.00282942121052258,0,0,0,0,0,0,0,0,0,0,0,0,0,0,0,0.00990297423682904,0,0,0,0.00707355302630646,0,0,0,0,0.00141471060526129,0,0,0,0,0,0,0,0,0,0,0.00141471060526129,0,0.0565884242104517,0,0,0,0,0,0,0,0,0,0,0,0,0,0,0,0,0,0,0,0,0,0,0,0,0,0,0,0,0,0,0,0,0,0.0735649514735872,0,0,0.0537590029999291,0,0,0,0,0,0,0,0,0,0,0,0,0,0,0,0,0,0,0,0,0.00282942121052258,0.00707355302630646,0,0,0,0,0,0,0,0,0,0,0.0226353696841807,0,0,0,0,0,0,0,0,0,0,0,0,0.00141471060526129,0,0,0,0,0,0.00282942121052258,0,0,0,0,0,0,0,0,0,0.00565884242104517,0.00282942121052258,0,0.0481001605788839,0,0.00141471060526129,0,0,0,0,0,0,0,0,0,0,0,0,0,0,0,0,0,0,0,0,0,0,0,0,0,0,0,0,0,0,0,0,0,0,0,0,0,0,0,0,0,0,0,0,0,0,0,0,0,0,0,0,0,0,0,0,0.0254647908947033,0,0,0,0,0,0,0,0,0,0,0,0,0,0,0,0,0,0,0,0.00565884242104517,0,0,0,0,0,0.00141471060526129,0,0,0,0,0,0,0,0,0,0,0,0,0,0,0,0,0,0,0,0,0,0,0,0,0,0,0,0,0,0,0,0,0,0.00141471060526129,0,0,0,0.00282942121052258,0,0,0,0,0,0,0,0,0,0,0,0,0.00424413181578388,0,0,0,0.00565884242104517,0,0,0,0,0,0,0,0,0,0,0,0,0.0183912378683968,0.00990297423682904,0,0,0,0,0,0,0,0.00141471060526129,0.0169765272631355,0,0,0,0,0,0,0,0,0,0,0,0,0,0,0,0,0,0,0,0,0,0,0,0,0,0,0,0,0,0,0,0,0,0,0,0,0,0,0,0,0,0,0,0,0,0.00141471060526129,0,0,0,0,0,0.00141471060526129,0,0,0,0,0,0,0,0,0,0,0,0,0,0,0,0,0.00424413181578388,0,0,0,0,0,0,0.138641639315607,0,0,0,0,0,0,0,0,0,0,0,0,0,0,0,0,0,0,0,0,0.00141471060526129,0,0,0,0,0,0,0,0,0,0,0,0,0,0,0,0,0,0,0,0,0,0,0,0.00141471060526129,0,0.00707355302630646,0,0,0,0,0,0,0,0,0,0,0,0,0,0,0.183912378683968,0,0,0,0,0,0,0,0,0,0,0,0,0,0,0,0,0,0,0.00141471060526129,0,0,0,0,0,0,0,0,0.00424413181578388,0,0,0,0,0.00282942121052258,0,0,0,0,0.00141471060526129,0,0,0,0,0.00282942121052258,0,0,0,0,0,0,0,0,0,0,0,0,0.00141471060526129,0,0,0,0,0.0325383439210097,0,0,0,0,0,0,0,0,0.00282942121052258,0,0,0,0,0,0,0,0,0,0,0,0,0,0,0,0,0.00141471060526129,0,0.00990297423682904,0,0,0,0,0,0,0,0,0,0,0,0,0,0,0,0.00282942121052258,0,0,0,0,0,0,0,0,0,0,0,0,0,0,0,0,0,4.02041436196602,0,0,0,0,0.234226480624117,0,0,0,0,0,0,0,0,0,0,0,0,0,0,0,0,0,0,0,0,0,0,0,0,0,0.0212846544915,0,0,0,0,0,0,0,0,0,0,0,0,0,0,0,0,0,0.247118179513368,0,0,0,0,0,0,0,0,0,0,1.54244715027231,0,0,0,0,0,0,0,0,0,0,0,0,0,0,0,0,0,0,0,0,0,0,0,0.220734610090885,0,0,0,0,0,0,0,0,0,0,0,0,0,0,0,3.19168672397477,0,0,0,0.0407270538259155,0,0,0,0,0.00402127509729693,0,0,0,0,0,0,0,0,0,0,0.0262406518117667,0,0.0664291511806492,0,0,0,0,0,0,0,0,0,0,0,0,0,0,0,0,0,0,0,0,0,0,0,0,0,0,0,0,0,0,0,0,0,0.17749723197335,0,0,4.16141282558855,0,0,0,0,0,0,0,0,0,0,0,0,0,0,0,0,0,0,0,0,0.0927855972587729,0.149849579416056,0,0,0,0,0,0,0,0,0,0,0.0650576894712475,0,0,0,0,0,0,0,0,0,0,0,0,0.0029340199630071,0,0,0,0,0,1.07058249271299,0,0,0,0,0,0,0,0,0,0.288242623066521,0.0543404474896412,0,2.96262546813181,0,0.0633723507991904,0,0,0,0,0,0,0,0,0,0,0,0,0,0,0,0,0,0,0,0,0,0,0,0,0,0,0,0,0,0,0,0,0,0,0,0,0,0,0,0,0,0,0,0,0,0,0,0,0,0,0,0,0,0,0,0,0.135253655208513,0,0,0,0,0,0,0,0,0,0,0,0,0,0,0,0,0,0,0,0.120414732983899,0,0,0,0,0,0.00645376831014149,0,0,0,0,0,0,0,0,0,0,0,0,0,0,0,0,0,0,0,0,0,0,0,0,0,0,0,0,0,0,0,0,0,0.0100210730109337,0,0,0,0.00785111761276115,0,0,0,0,0,0,0,0,0,0,0,0,7.20883810608723,0,0,0,3.92792680217808,0,0,0,0,0,0,0,0,0,0,0,0,1.99792636848491,1.35371499142604,0,0,0,0,0,0,0,0.104370027326311,1.51293200871722,0,0,0,0,0,0,0,0,0,0,0,0,0,0,0,0,0,0,0,0,0,0,0,0,0,0,0,0,0,0,0,0,0,0,0,0,0,0,0,0,0,0,0,0,0,0.0155088176538089,0,0,0,0,0,0.0550702060811788,0,0,0,0,0,0,0,0,0,0,0,0,0,0,0,0,0.205767959882529,0,0,0,0,0,0,0.881190690919368,0,0,0,0,0,0,0,0,0,0,0,0,0,0,0,0,0,0,0,0,0.107142258863101,0,0,0,0,0,0,0,0,0,0,0,0,0,0,0,0,0,0,0,0,0,0,0,0.0446098694522938,0,0.0268938118472205,0,0,0,0,0,0,0,0,0,0,0,0,0,0,7.10748344546305,0,0,0,0,0,0,0,0,0,0,0,0,0,0,0,0,0,0,0.0908380020795855,0,0,0,0,0,0,0,0,2.65811885936931,0,0,0,0,0.457779526707217,0,0,0,0,0.752621288432353,0,0,0,0,1.13750577173988,0,0,0,0,0,0,0,0,0,0,0,0,2.71821825478176,0,0,0,0,0.374044407066523,0,0,0,0,0,0,0,0,0.134270749429591,0,0,0,0,0,0,0,0,0,0,0,0,0,0,0,0,0.0142076564521055,0,0.0368315661947962,0,0,0,0,0,0,0,0,0,0,0,0,0,0,0,0.0808320776216343,0,114.114502,126.3414021,130.6297022,127.7850021,119.4064021,137.7492025,125.0349021,122.6940021,139.3185023,130.1196023,131.8779022,"BAK-00110"
"101",2120,"nSPC",2010,"PRIAs","Pacific Remote Island Areas","Baker","Baker",2010,"ForereefDeep","Baker","2010-02-07","Forereef","Deep",0.20153,-176.46416,21.5,45,0,2.5,47.5,2.5,2.5,NA,0,3.5,NA,NA,NA,2,1,57.5555383710901,34.8370936413785,4.93801581158305,6.02566878432476,103.356316608376,0,0,0,0,0,0,0,0,0,0,0,0,0,0,0,0,0,0.0254647908947033,0,0,0,0,0,0,0,0,0,0,0,0,0.00565884242104517,0.00282942121052258,0,0,0,0,0,0,0,0,0,0,0,0,0,0,0,0,0,0,0,0,0,0,0,0,0,0.0141471060526129,0,0,0,0,0,0,0,0,0.00565884242104517,0,0,0,0,0,0,0,0,0,0,0.0169765272631355,0,0,0,0,0,0,0,0,0,0,0,0,0,0,0,0,0,0,0,0,0,0,0,0,0,0,0,0,0,0.00565884242104517,0,0,0,0,0,0,0,0,0,0.0113176848420903,0,0,0,0.0141471060526129,0,0,0,0,0.0226353696841807,0.0282942121052258,0,0,0,0,0,0,0,0,0,0.00848826363156775,0,0.0848826363156775,0,0,0,0,0,0,0,0,0,0,0,0,0,0,0,0,0,0,0,0,0,0,0,0,0,0,0,0,0,0,0,0,0.00282942121052258,0.0622472666314969,0,0,0.00282942121052258,0,0,0,0,0.00848826363156775,0,0,0,0,0,0,0,0,0,0,0,0,0,0,0,0,0.00282942121052258,0,0,0,0,0,0,0,0,0,0,0.0763943726841098,0,0,0,0,0,0,0,0,0,0,0,0,0,0,0,0,0,0,0.00282942121052258,0,0,0,0,0,0,0,0,0,0.00848826363156775,0.00848826363156775,0,0.0198059484736581,0,0,0,0,0,0,0,0.00565884242104517,0,0,0,0,0,0,0,0,0,0,0,0,0,0,0,0,0,0,0,0,0,0,0,0,0,0,0,0,0,0,0,0,0,0,0,0,0,0,0,0,0,0,0,0,0,0,0,0,0,0,0.0141471060526129,0,0,0,0,0,0,0,0,0,0,0,0,0,0.00282942121052258,0,0,0,0,0,0.00848826363156775,0,0,0,0,0,0.00282942121052258,0,0,0,0,0,0,0,0,0.00282942121052258,0,0,0,0,0,0,0,0,0,0,0,0,0,0,0,0,0,0,0,0,0,0,0,0,0,0,0,0,0,0,0.00565884242104517,0,0,0,0,0,0,0,0,0,0,0.00848826363156775,0,0,0,0.0169765272631355,0,0,0,0,0,0,0,0,0,0,0,0,0.00848826363156775,0.0141471060526129,0,0,0,0,0,0,0,0.0169765272631355,0.0169765272631355,0,0,0,0,0,0,0,0,0,0,0,0,0,0.0169765272631355,0,0,0,0,0,0,0,0.00565884242104517,0,0,0,0,0,0,0,0,0,0,0.00282942121052258,0.00282942121052258,0,0,0,0,0,0,0,0,0,0,0,0.0113176848420903,0,0,0,0,0,0,0.00282942121052258,0,0,0,0,0,0,0,0,0,0,0,0,0,0,0,0,0,0,0,0,0,0,0.0282942121052258,0,0,0,0,0.0282942121052258,0,0,0,0,0,0,0,0,0,0,0,0,0,0,0,0.00565884242104517,0,0,0,0,0,0,0,0,0,0,0,0.297089227104871,0,0,0,0,0,0,0,0.00848826363156775,0,0,0,0,0.00848826363156775,0,0,0,0,0,0,0,0,0,0,0,0,0,0,0,0,0,0,0,0,0.00565884242104517,0,0,0,0,0.00565884242104517,0,0,0,0,0,0,0,0,0.00848826363156775,0,0,0,0,0,0,0,0,0,0,0,0,0,0,0,0,0,0,0,0,0,0,0,0,0,0,0,0,0,0,0,0,0,0,0,0,0,0,0,0,0,0,0,0,0,0,0,0,0,0,0,0,0,0,0,0,0,0,0,0,0,0,0,0,0,0,0,0,0,0,0,0,0,0,0,0,0,0,0,0,0,0,0.00565884242104517,0,0,0,0,0,0,0,0,0,0,0,0,0,0,0,0,0,0,0,0,1.1139698965658,0,0,0,0,0,0,0,0,0,0,0,0,1.79208818707701,0.168067619905041,0,0,0,0,0,0,0,0,0,0,0,0,0,0,0,0,0,0,0,0,0,0,0,0,0,3.79332437844313,0,0,0,0,0,0,0,0,0.409765518469415,0,0,0,0,0,0,0,0,0,0,0.702423649147398,0,0,0,0,0,0,0,0,0,0,0,0,0,0,0,0,0,0,0,0,0,0,0,0,0,0,0,0,0,0.295129894056553,0,0,0,0,0,0,0,0,0,4.27119364773419,0,0,0,0.100155462531005,0,0,0,0,0.0606040513823683,2.34149170270001,0,0,0,0,0,0,0,0,0,0.310890754709687,0,0.059129244457501,0,0,0,0,0,0,0,0,0,0,0,0,0,0,0,0,0,0,0,0,0,0,0,0,0,0,0,0,0,0,0,0,0.140994330926856,0.0905188433670385,0,0,0.108700801963264,0,0,0,0,0.72179844788569,0,0,0,0,0,0,0,0,0,0,0,0,0,0,0,0,0.148036035653076,0,0,0,0,0,0,0,0,0,0,0.15665468546693,0,0,0,0,0,0,0,0,0,0,0,0,0,0,0,0,0,0,0.147600026391997,0,0,0,0,0,0,0,0,0,0.501503849433794,0.163021342468924,0,1.09674722256208,0,0,0,0,0,0,0,0.0904115657203552,0,0,0,0,0,0,0,0,0,0,0,0,0,0,0,0,0,0,0,0,0,0,0,0,0,0,0,0,0,0,0,0,0,0,0,0,0,0,0,0,0,0,0,0,0,0,0,0,0,0,0.118530920555196,0,0,0,0,0,0,0,0,0,0,0,0,0,0.288090799117647,0,0,0,0,0,0.216618214897772,0,0,0,0,0,0.0274332192308638,0,0,0,0,0,0,0,0,0.132763233808625,0,0,0,0,0,0,0,0,0,0,0,0,0,0,0,0,0,0,0,0,0,0,0,0,0,0,0,0,0,0,0.00719809847900181,0,0,0,0,0,0,0,0,0,0,17.2276182690146,0,0,0,27.3525307148311,0,0,0,0,0,0,0,0,0,0,0,0,1.16215035636401,1.60688409258252,0,0,0,0,0,0,0,1.1820100735514,1.24634726189307,0,0,0,0,0,0,0,0,0,0,0,0,0,22.416528927852,0,0,0,0,0,0,0,8.18425218142984,0,0,0,0,0,0,0,0,0,0,0.064152873286335,0.0923907884399203,0,0,0,0,0,0,0,0,0,0,0,0.0817384588263644,0,0,0,0,0,0,0.178309917462687,0,0,0,0,0,0,0,0,0,0,0,0,0,0,0,0,0,0,0,0,0,0,0.221734485602825,0,0,0,0,0.120291513290958,0,0,0,0,0,0,0,0,0,0,0,0,0,0,0,0.385852697552902,0,0,0,0,0,0,0,0,0,0,0,0.156699712836464,0,0,0,0,0,0,0,0.0725780493553569,0,0,0,0,0.0254231015274419,0,0,0,0,0,0,0,0,0,0,0,0,0,0,0,0,0,0,0,0,0.527121171520357,0,0,0,0,0.320245017879537,0,0,0,0,0,0,0,0,0.628583084361213,0,0,0,0,0,0,0,0,0,0,0,0,0,0,0,0,0,0,0,0,0,0,0,0,0,0,0,0,0,0,0,0,0,0,0,0,0,0,0,0,0,0,0,0,0,0,0,0,0,0,0,0,0,0,0,0,0,0,0,0,0,0,0,0,0,0,0,0,0,0,0,0,0,0,0,0,0,0,0,0,0,0,0.528018213807278,0,0,0,0,127.8487022,140.8025024,140.0226023,140.0186024,138.1325024,148.5529026,140.8558024,138.0103024,153.2351025,147.3801025,146.1609024,"BAK-00115"
"102",2121,"nSPC",2010,"PRIAs","Pacific Remote Island Areas","Baker","Baker",2010,"ForereefDeep","Baker","2010-02-07","Forereef","Deep",0.20655,-176.47949,21.75,27.5,0,1.25,31.25,38.75,1.25,NA,0,1.25,NA,NA,NA,4,2,39.6024625696206,12.259625266369,10.7013194252534,6.66546756303529,69.2288748242783,3.03757004200427,0,0,0,0,0,0,0,0,0,0,0,0,0,0,0.00424413181578388,0,0.00282942121052258,0,0,0,0,0.00848826363156775,0,0,0,0,0,0,0,0.00141471060526129,0.00848826363156775,0,0,0,0,0,0,0,0,0,0,0,0,0,0,0,0,0,0,0,0,0,0,0,0,0,0.0113176848420903,0,0,0,0,0,0,0,0,0.00990297423682904,0,0,0,0,0,0,0,0,0,0,0.00848826363156775,0,0,0,0,0,0,0,0,0,0,0,0,0,0,0,0,0,0,0,0,0,0,0,0,0,0,0,0,0,0,0,0,0,0,0.0297089227104871,0,0,0,0,0.00282942121052258,0,0,0,0.00990297423682904,0,0,0,0,0.0311236333157484,0.0198059484736581,0,0,0,0,0,0,0,0,0,0,0,0,0,0,0,0,0,0,0,0,0,0,0,0,0,0,0,0,0,0,0,0,0,0,0,0,0,0,0,0,0,0,0,0,0,0.0650766878420194,0,0,0.00565884242104517,0,0,0,0,0.00282942121052258,0,0,0,0,0,0,0,0,0,0,0,0,0,0,0,0,0,0,0,0,0,0,0,0,0,0,0,0.00990297423682904,0.381971863420549,0,0,0,0,0,0,0,0,0,0,0,0,0,0,0,0,0,0.00282942121052258,0,0.00565884242104517,0,0,0,0.00282942121052258,0,0,0,0,0.00565884242104517,0,0.0410266075525775,0,0,0,0,0,0,0,0.00282942121052258,0,0,0,0,0,0,0,0,0,0,0,0,0,0,0,0,0,0,0,0,0.00141471060526129,0,0,0,0,0,0,0,0,0,0,0.00141471060526129,0.00141471060526129,0,0,0,0,0,0,0,0.00282942121052258,0,0,0,0,0,0,0,0,0,0.00565884242104517,0,0.00282942121052258,0,0,0,0,0,0,0,0,0,0,0,0,0,0,0,0,0,0.00141471060526129,0,0,0,0,0,0.00707355302630646,0,0,0,0,0,0,0,0,0.00141471060526129,0,0,0,0,0,0,0,0,0,0,0,0,0,0,0,0,0,0,0,0,0,0,0,0,0.00141471060526129,0,0,0,0,0,0.00565884242104517,0,0,0,0,0,0,0,0,0,0,0.0141471060526129,0,0.00282942121052258,0,0.0141471060526129,0,0,0,0,0,0,0,0,0.00424413181578388,0,0,0,0.0113176848420903,0.00282942121052258,0,0,0,0,0,0,0,0,0.0141471060526129,0,0,0,0,0,0,0,0,0,0,0,0,0,0.00282942121052258,0,0,0,0,0,0,0,0,0,0,0,0,0,0,0,0,0,0,0.00848826363156775,0.00565884242104517,0,0,0,0,0,0.00141471060526129,0,0,0,0,0,0.00565884242104517,0,0,0,0,0,0.00424413181578388,0,0.00990297423682904,0.00141471060526129,0,0,0,0,0,0,0,0,0,0,0,0,0,0,0,0,0,0,0,0,0,0,0,0,0,0.00848826363156775,0.00141471060526129,0,0,0,0,0,0,0,0,0,0,0,0,0.00424413181578388,0,0.00282942121052258,0,0,0,0,0,0,0,0,0,0,0,0.424413181578388,0,0,0,0,0.00707355302630646,0,0,0.00707355302630646,0,0,0,0,0.00141471060526129,0,0,0,0,0,0,0,0,0,0,0,0,0,0,0,0,0,0.00141471060526129,0,0,0,0,0,0,0,0,0,0,0,0,0,0,0,0,0.00282942121052258,0,0,0,0,0,0,0,0,0,0,0,0,0,0.00141471060526129,0,0,0,0,0.00282942121052258,0,0,0,0,0.00282942121052258,0,0,0,0,0,0,0,0,0,0,0,0,0,0,0,0,0,0,0,0,0,0,0,0,0,0,0.00424413181578388,0,0,0,0,0,0,0,0,0,0,0.00990297423682904,0,0,0,0,0,0,0,0,0,0,0,0,0,0,0.00141471060526129,0,0,0,0,0,0.00141471060526129,0,0.00565884242104517,0.00141471060526129,0,0,0,0,0,0,0,0,0,0,0,0,0,0,0,0.509731719902556,0,0.143915361610718,0,0,0,0,2.4604294034435,0,0,0,0,0,0,0,0.327286863283267,0.323620426853821,0,0,0,0,0,0,0,0,0,0,0,0,0,0,0,0,0,0,0,0,0,0,0,0,0,1.67093379446728,0,0,0,0,0,0,0,0,0.762919689214319,0,0,0,0,0,0,0,0,0,0,0.418977034492749,0,0,0,0,0,0,0,0,0,0,0,0,0,0,0,0,0,0,0,0,0,0,0,0,0,0,0,0,0,0,0,0,0,0,4.40252146810679,0,0,0,0,0.938007376213317,0,0,0,0.0262807505938872,0,0,0,0,0.105145888628385,2.48744159322928,0,0,0,0,0,0,0,0,0,0,0,0,0,0,0,0,0,0,0,0,0,0,0,0,0,0,0,0,0,0,0,0,0,0,0,0,0,0,0,0,0,0,0,0,0,0.194287017436591,0,0,0.281988661853712,0,0,0,0,0.237097553421847,0,0,0,0,0,0,0,0,0,0,0,0,0,0,0,0,0,0,0,0,0,0,0,0,0,0,0,0.0284627391436708,0.205158457407925,0,0,0,0,0,0,0,0,0,0,0,0,0,0,0,0,0,0.399596234562635,0,0.0166029689800601,0,0,0,0.115205401957788,0,0,0,0,0.0536546208127028,0,3.40505490942934,0,0,0,0,0,0,0,0.0664271098817323,0,0,0,0,0,0,0,0,0,0,0,0,0,0,0,0,0,0,0,0,0.348457692251784,0,0,0,0,0,0,0,0,0,0,0.31984405759783,0.850948235947874,0,0,0,0,0,0,0,0.0470744953900695,0,0,0,0,0,0,0,0,0,0.0421315816428112,0,0.646154457289775,0,0,0,0,0,0,0,0,0,0,0,0,0,0,0,0,0,0.0546954087062533,0,0,0,0,0,0.0146009452147807,0,0,0,0,0,0,0,0,0.118853091782393,0,0,0,0,0,0,0,0,0,0,0,0,0,0,0,0,0,0,0,0,0,0,0,0,0.00444914014238521,0,0,0,0,0,0.00557017556297302,0,0,0,0,0,0,0,0,0,0,19.7260872811606,0,1.79635329765482,0,11.8093567324989,0,0,0,0,0,0,0,0,0.00556830094230844,0,0,0,1.54953380848535,0.312297147030625,0,0,0,0,0,0,0,0,1.79583985249141,0,0,0,0,0,0,0,0,0,0,0,0,0,3.11398698654956,0,0,0,0,0,0,0,0,0,0,0,0,0,0,0,0,0,0,0.597901388917897,0.227273258735227,0,0,0,0,0,0.00640003676183507,0,0,0,0,0,0.0369630597638057,0,0,0,0,0,0.0778078855751272,0,0.356600371219441,0.113477893263893,0,0,0,0,0,0,0,0,0,0,0,0,0,0,0,0,0,0,0,0,0,0,0,0,0,0.0532515470127163,0.00334077408801796,0,0,0,0,0,0,0,0,0,0,0,0,0.00282370607311408,0,0.387648814137341,0,0,0,0,0,0,0,0,0,0,0,0.293048813616245,0,0,0,0,0.00733277358838798,0,0,0.040518019089986,0,0,0,0,0.00155177462615821,0,0,0,0,0,0,0,0,0,0,0,0,0,0,0,0,0,0.135522409846373,0,0,0,0,0,0,0,0,0,0,0,0,0,0,0,0,0.32528214593076,0,0,0,0,0,0,0,0,0,0,0,0,0,0.309332534194411,0,0,0,0,1.75778152457173,0,0,0,0,0.970455983238124,0,0,0,0,0,0,0,0,0,0,0,0,0,0,0,0,0,0,0,0,0,0,0,0,0,0,0.31783114811497,0,0,0,0,0,0,0,0,0,0,0.0203209031339732,0,0,0,0,0,0,0,0,0,0,0,0,0,0,0.264614190259158,0,0,0,0,0,0.132004553451819,0,0.536608549854771,0.110631031942651,0,108.9818019,121.6122021,126.7846021,124.6313021,116.821502,137.4736024,120.996502,116.286302,137.7408022,127.1928022,133.2060022,"BAK-00105"
"103",2124,"nSPC",2010,"PRIAs","Pacific Remote Island Areas","Baker","Baker",2010,"ForereefMid","Baker","2010-02-08","Forereef","Mid",0.20148,-176.48318,13,27.5,11.25,0.5,25.75,35,0,NA,0,3.5,NA,NA,NA,4,2,11.2430242229724,27.3339534622454,14.9706604508453,12.3289384009394,65.8765765370025,1.06267594971374,0,0,0,0,0,0,0,0,0,0,0,0,0,0,0,0,0.0169765272631355,0,0,0,0,0,0,0,0,0,0,0,0,0,0.00424413181578388,0,0.0198059484736581,0,0,0,0,0,0,0,0,0,0,0,0,0,0,0,0,0,0,0,0,0,0,0,0.0113176848420903,0,0,0,0,0,0,0,0,0,0,0,0,0,0,0,0,0.00141471060526129,0,0,0.0268795014999645,0,0,0,0,0,0,0,0,0.00141471060526129,0,0,0,0,0,0,0,0,0,0,0,0,0,0,0,0,0,0,0,0,0.00141471060526129,0,0,0,0,0.067906109052542,0,0,0,0,0.00707355302630646,0,0,0,0.0141471060526129,0,0,0,0,0.00707355302630646,0.00424413181578388,0,0,0,0,0,0,0,0,0,0,0,0.396118969473162,0,0,0,0,0,0.00565884242104517,0,0,0,0,0,0,0,0,0,0,0,0,0,0,0,0,0,0,0,0,0,0,0,0,0,0,0.00707355302630646,0.239086092289158,0,0,0.00990297423682904,0,0,0,0,0,0,0,0,0,0,0,0,0,0,0,0,0,0,0.0749796620788485,0,0,0.00141471060526129,0,0.00565884242104517,0,0,0,0.141471060526129,0,0,0,0,0,0,0,0,0,0,0,0,0,0,0,0,0,0,0,0,0,0,0,0,0,0.00990297423682904,0,0,0,0,0,0,0,0.0834679257104162,0.00707355302630646,0,0.0212206590789194,0,0.00282942121052258,0,0,0,0,0,0.116006269631426,0,0,0,0,0,0,0,0,0,0,0,0,0,0,0,0,0,0,0,0,0,0,0,0,0,0,0,0,0.00141471060526129,0,0,0,0,0,0,0,0,0,0,0,0.00282942121052258,0,0,0,0,0,0,0,0,0,0.00282942121052258,0,0.00141471060526129,0,0,0,0,0,0,0,0,0,0,0,0,0,0,0,0,0,0.00141471060526129,0,0,0,0,0,0,0,0,0,0,0,0,0,0,0.00141471060526129,0,0,0,0,0,0,0,0,0,0,0,0,0,0,0,0,0,0,0,0,0,0,0,0.00565884242104517,0.00424413181578388,0,0,0,0.00141471060526129,0.00282942121052258,0.00707355302630646,0,0,0,0,0,0,0.353677651315323,0,0,0,0.00565884242104517,0,0,0,0,0,0,0,0,0,0,0,0,0,0,0,0,0.00424413181578388,0.0183912378683968,0,0,0,0,0,0,0,0.00141471060526129,0.0495148711841452,0,0.0481001605788839,0,0,0,0,0,0,0,0,0,0,0,0,0.00990297423682904,0,0,0,0,0,0,0.00424413181578388,0,0,0,0,0,0,0,0,0,0,0,0.00707355302630646,0,0,0,0,0,0,0,0,0,0,0,0.00565884242104517,0,0,0,0,0,0.00282942121052258,0.00282942121052258,0,0.00141471060526129,0,0,0,0,0,0,0,0,0,0,0,0,0,0.00565884242104517,0,0,0,0,0,0,0.0311236333157484,0,0,0,0,0.0226353696841807,0,0,0,0,0,0,0,0,0,0,0,0,0,0,0,0.00424413181578388,0,0,0,0,0,0,0,0,0,0,0,4.88075158815146,0,0,0,0,0,0,0,0,0,0,0,0,0,0.00282942121052258,0,0,0,0,0,0,0,0,0,0,0,0,0,0,0,0,0,0,0,0,0,0,0,0,0,0,0,0,0,0,0,0,0,0.00282942121052258,0,0,0,0,0,0,0,0,0,0,0,0,0,0.00141471060526129,0,0,0,0,0,0,0,0,0,0.00282942121052258,0,0,0,0,0,0,0,0,0,0,0,0,0,0,0,0,0,0,0,0,0,0,0,0,0,0,0,0,0,0,0,0,0,0,0,0,0,0,0,0,0,0,0,0,0,0,0,0,0,0,0,0,0,0,0,0,0,0,0,0,0,0.033953054526271,0,0,0,0,0,0,0,0,0,0,0,0,0,0,0,0,0,0.783570871651159,0,0,0,0,0,0,0,0,0,0,0,0,0,0.319462309442837,0,0.047529324849661,0,0,0,0,0,0,0,0,0,0,0,0,0,0,0,0,0,0,0,0,0,0,0,2.31907850678063,0,0,0,0,0,0,0,0,0,0,0,0,0,0,0,0,0.0793242475228505,0,0,1.37176773532572,0,0,0,0,0,0,0,0,0.0377753596585932,0,0,0,0,0,0,0,0,0,0,0,0,0,0,0,0,0,0,0,0,0.0981107726399819,0,0,0,0,4.61293678169221,0,0,0,0,2.60347766962454,0,0,0,0.095914867231414,0,0,0,0,0.0145018502249107,0.520609533077437,0,0,0,0,0,0,0,0,0,0,0,0.498766126859105,0,0,0,0,0,0.362116515592132,0,0,0,0,0,0,0,0,0,0,0,0,0,0,0,0,0,0,0,0,0,0,0,0,0,0,0.540010516356951,0.443031339027868,0,0,0.51545035524945,0,0,0,0,0,0,0,0,0,0,0,0,0,0,0,0,0,0,0.0615482428237966,0,0,0.0339649142289974,0,3.56152366821536,0,0,0,0.166072877951623,0,0,0,0,0,0,0,0,0,0,0,0,0,0,0,0,0,0,0,0,0,0,0,0,0,0.00853748169830508,0,0,0,0,0,0,0,2.0004788954492,0.206948053331317,0,0.920681151099988,0,0.0567371833240222,0,0,0,0,0,1.3940652085628,0,0,0,0,0,0,0,0,0,0,0,0,0,0,0,0,0,0,0,0,0,0,0,0,0,0,0,0,0.506208042911871,0,0,0,0,0,0,0,0,0,0,0,0.0412211302608009,0,0,0,0,0,0,0,0,0,0.0197088323842087,0,0.789986472451299,0,0,0,0,0,0,0,0,0,0,0,0,0,0,0,0,0,0.0261241252878032,0,0,0,0,0,0,0,0,0,0,0,0,0,0,0.00522537509159311,0,0,0,0,0,0,0,0,0,0,0,0,0,0,0,0,0,0,0,0,0,0,0,0.0231074994786311,0.0122568796726695,0,0,0,0.00135060852456635,0.00723624474591151,0.0130265123673064,0,0,0,0,0,0,0.578296559277428,0,0,0,4.07336198545125,0,0,0,0,0,0,0,0,0,0,0,0,0,0,0,0,1.09263496978243,2.41500970525403,0,0,0,0,0,0,0,0.189145897437253,7.03369518001435,0,6.93690016878339,0,0,0,0,0,0,0,0,0,0,0,0,2.9569072446992,0,0,0,0,0,0,6.47148641647436,0,0,0,0,0,0,0,0,0,0,0,0.387660839177486,0,0,0,0,0,0,0,0,0,0,0,0.0475460803648324,0,0,0,0,0,0.0448203933684347,0.306157371784144,0,0.524299900891813,0,0,0,0,0,0,0,0,0,0,0,0,0,0.387056757749039,0,0,0,0,0,0,0.244324726924284,0,0,0,0,0.156527778601193,0,0,0,0,0,0,0,0,0,0,0,0,0,0,0,0.551329699397589,0,0,0,0,0,0,0,0,0,0,0,3.96531675924482,0,0,0,0,0,0,0,0,0,0,0,0,0,0.00471018132112002,0,0,0,0,0,0,0,0,0,0,0,0,0,0,0,0,0,0,0,0,0,0,0,0,0,0,0,0,0,0,0,0,0,0.529667650609828,0,0,0,0,0,0,0,0,0,0,0,0,0,0.0922199664756152,0,0,0,0,0,0,0,0,0,0.970455983238124,0,0,0,0,0,0,0,0,0,0,0,0,0,0,0,0,0,0,0,0,0,0,0,0,0,0,0,0,0,0,0,0,0,0,0,0,0,0,0,0,0,0,0,0,0,0,0,0,0,0,0,0,0,0,0,0,0,0,0,0,0,0.797600238011013,0,98.98560171,114.773502,118.984802,118.536702,111.1057019,124.2837022,112.3360019,96.12030163,125.4487021,108.1538019,128.4516022,"BAK-00101"
"104",2125,"nSPC",2010,"PRIAs","Pacific Remote Island Areas","Baker","Baker",2010,"ForereefMid","Baker","2010-02-08","Forereef","Mid",0.19746,-176.48543,14,55,0,0,13.75,31.25,0,NA,0,4,NA,NA,NA,4,2,48.4798339522544,50.5240118081873,46.9964159826967,39.6021097740939,185.602371517232,5.90693562401362,0,0,0,0,0,0,0,0,0,0,0,0,0.00424413181578388,0.00282942121052258,0,0,0.0198059484736581,0,0,0,0,0,0,0,0,0,0,0.00282942121052258,0.00141471060526129,0,0,0,0.024050080289442,0,0,0,0,0,0,0,0.00141471060526129,0,0,0,0,0,0,0,0,0,0,0,0,0,0,0,0.00707355302630646,0,0,0,0,0,0,0,0,0,0,0,0,0,0.00141471060526129,0,0,0,0,0,0.0212206590789194,0,0,0,0,0,0,0,0,0,0,0,0,0,0,0,0,0,0,0,0,0,0,0,0,0,0,0,0,0,0,0,0,0,0,0,0,0,0,0,0.0169765272631355,0,0,0,0.0198059484736581,0,0,0,0,0.0226353696841807,0.0113176848420903,0,0,0,0,0,0,0,0,0.00141471060526129,0.00282942121052258,0,0.155618166578742,0,0,0,0,0,0,0,0,0,0,0,0,0,0,0,0,0,0,0,0,0,0,0,0,0,0,0,0,0,0,0,0,0.00990297423682904,0.114591559026165,0,0,0.00141471060526129,0,0,0,0,0,0,0,0,0,0,0,0,0,0,0,0,0,0,0,0,0,0.00141471060526129,0,0.0282942121052258,0,0,0,0,0,0,0,0,0,0,0,0,0,0,0,0,0,0,0,0,0,0,0,0,0,0,0,0.00282942121052258,0,0,0,0,0,0,0,0,0,0.0311236333157484,0.00141471060526129,0,0.0353677651315323,0,0.0155618166578742,0,0,0,0,0,0.144300481736652,0,0,0,0,0,0,0,0,0,0,0,0,0,0,0,0,0,0,0,0,0,0,0,0,0,0,0,0,0,0,0,0,0,0,0,0,0,0,0,0,0,0,0,0,0,0,0,0,0,0,0.00565884242104517,0,0,0,0,0,0,0,0,0,0,0,0,0,0,0,0,0,0,0,0.00141471060526129,0,0,0,0,0,0.00282942121052258,0,0,0,0,0,0,0,0,0,0,0,0,0,0,0,0,0,0,0,0,0,0,0,0,0,0,0,0,0,0,0,0,0,0.00141471060526129,0,0,0,0.00141471060526129,0,0.00141471060526129,0,0,0,0,0,0,0,0,0,0,0.00141471060526129,0,0,0,0.0127323954473516,0,0,0,0,0,0,0,0,0,0,0.00565884242104517,0,0.00141471060526129,0.00990297423682904,0,0,0,0,0,0,0,0.0113176848420903,0.0367824757367936,0,0,0,0,0,0,0.00565884242104517,0,0,0,0,0,0,0.00565884242104517,0.00990297423682904,0,0,0,0,0,0,0.00990297423682904,0,0,0,0,0,0,0,0,0,0,0,0,0,0,0,0,0,0,0,0,0,0,0,0,0,0,0,0,0,0.00565884242104517,0,0,0,0,0,0,0,0,0,0,0,0,0,0,0,0,0.00424413181578388,0,0,0,0,0,0,0.0212206590789194,0,0,0,0,0.0127323954473516,0,0,0,0,0,0,0,0,0,0,0,0,0,0,0,0.00141471060526129,0,0,0,0,0,0,0,0,0,0,0,0.848826363156775,0,0,0,0,0,0,0,0,0,0,0,0,0.00141471060526129,0.113176848420903,0,0,0,0,0,0,0,0,0,0,0,0,0,0,0,0,0,0,0,0,0,0,0,0,0.00141471060526129,0,0,0,0,0,0,0,0,0.00141471060526129,0,0,0,0,0,0,0,0,0.00282942121052258,0,0,0,0,0.00141471060526129,0,0,0,0,0,0,0,0,0,0.00424413181578388,0,0,0,0,0,0,0,0,0,0,0,0,0,0,0,0,0,0.00141471060526129,0,0,0.00282942121052258,0,0,0,0,0,0.00141471060526129,0,0,0,0,0,0,0,0,0,0,0,0,0,0,0,0,0,0,0,0,0,0,0,0,0,0,0,0,0,0,0,0.00141471060526129,0,0,0.0254647908947033,0,0,0,0,0,0,0,0,0,0,0,0,0,0.831041827835231,5.36144805209244,0,0,1.3845473106388,0,0,0,0,0,0,0,0,0,0,5.87153110720652,34.5272757733336,0,0,0,0.101007507794446,0,0,0,0,0,0,0,0.0629371135200797,0,0,0,0,0,0,0,0,0,0,0,0,0,0,0,3.73704082436811,0,0,0,0,0,0,0,0,0,0,0,0,0,0.661407765708728,0,0,0,0,0,1.0256234998218,0,0,0,0,0,0,0,0,0,0,0,0,0,0,0,0,0,0,0,0,0,0,0,0,0,0,0,0,0,0,0,0,0,0,0,0,0,0,0,11.7100841689261,0,0,0,0.140788155934792,0,0,0,0,0.072936059467553,1.61669193663285,0,0,0,0,0,0,0,0,0.563422828595518,0.111583463796862,0,0.1354132697144,0,0,0,0,0,0,0,0,0,0,0,0,0,0,0,0,0,0,0,0,0,0,0,0,0,0,0,0,0,0,0,0,0.59507598621568,0.17997920025922,0,0,0.070497165463428,0,0,0,0,0,0,0,0,0,0,0,0,0,0,0,0,0,0,0,0,0,0.00433758883826259,0,15.4724950901553,0,0,0,0,0,0,0,0,0,0,0,0,0,0,0,0,0,0,0,0,0,0,0,0,0,0,0,1.75634534990124,0,0,0,0,0,0,0,0,0,1.57210824741563,0.0835839749056324,0,1.98223017775774,0,0.459375405125653,0,0,0,0,0,1.67137892586144,0,0,0,0,0,0,0,0,0,0,0,0,0,0,0,0,0,0,0,0,0,0,0,0,0,0,0,0,0,0,0,0,0,0,0,0,0,0,0,0,0,0,0,0,0,0,0,0,0,0,0.0168063248447164,0,0,0,0,0,0,0,0,0,0,0,0,0,0,0,0,0,0,0,0.0341056168254503,0,0,0,0,0,0.0177807902422265,0,0,0,0,0,0,0,0,0,0,0,0,0,0,0,0,0,0,0,0,0,0,0,0,0,0,0,0,0,0,0,0,0,0.00270380704112285,0,0,0,0.00392555880638058,0,0.0007959347654214,0,0,0,0,0,0,0,0,0,0,1.55074820316648,0,0,0,29.1266173874234,0,0,0,0,0,0,0,0,0,0,16.009566905597,0,0.124143486301163,1.58006774147792,0,0,0,0,0,0,0,0.834960218610492,4.05433438236123,0,0,0,0,0,0,0.459687673296972,0,0,0,0,0,0,6.22797397309913,5.26526544934624,0,0,0,0,0,0,19.866677630407,0,0,0,0,0,0,0,0,0,0,0,0,0,0,0,0,0,0,0,0,0,0,0,0,0,0,0,0,0,0.0636451393451307,0,0,0,0,0,0,0,0,0,0,0,0,0,0,0,0,0.190508466880999,0,0,0,0,0,0,0.159545822719753,0,0,0,0,0.0898426896617661,0,0,0,0,0,0,0,0,0,0,0,0,0,0,0,0.191833060420705,0,0,0,0,0,0,0,0,0,0,0,0.419222608367684,0,0,0,0,0,0,0,0,0,0,0,0,0.00557988806878136,0.249157559636171,0,0,0,0,0,0,0,0,0,0,0,0,0,0,0,0,0,0,0,0,0,0,0,0,0.098169301547623,0,0,0,0,0,0,0,0,0.0908380020795855,0,0,0,0,0,0,0,0,2.02959667379003,0,0,0,0,1.22415311982381,0,0,0,0,0,0,0,0,0,2.65318583039977,0,0,0,0,0,0,0,0,0,0,0,0,0,0,0,0,0,0.0210037905713108,0,0,0.018182077582592,0,0,0,0,0,0.0838504634580789,0,0,0,0,0,0,0,0,0,0,0,0,0,0,0,0,0,0,0,0,0,0,0,0,0,0,0,0,0,0,0,0.102832270809469,0,0,0.972875891169761,0,70.03400122,73.41590124,90.59800154,78.67410133,74.74000128,66.4052012,68.89610117,73.65610125,81.22850138,59.54310101,74.31840127,"BAK-00100"
"105",2126,"nSPC",2010,"PRIAs","Pacific Remote Island Areas","Baker","Baker",2010,"ForereefDeep","Baker","2010-02-08","Forereef","Deep",0.19501,-176.48706,24,3.25,0,0,26,67,3.75,NA,0,2.75,NA,NA,NA,4,2,30.4567777038519,62.7906016347522,26.7976956225295,8.14031836002601,128.18539332116,3.78697021681863,0,0,0,0,0,0,0,0,0.00282942121052258,0,0,0,0.00424413181578388,0,0.00848826363156775,0.00141471060526129,0.00565884242104517,0,0.00282942121052258,0,0,0.00707355302630646,0.00424413181578388,0,0,0.00141471060526129,0,0.00282942121052258,0,0,0,0,0,0,0,0,0,0,0,0,0,0,0,0,0,0,0,0,0,0,0.00141471060526129,0,0,0,0,0,0.00565884242104517,0,0,0,0,0,0,0,0,0,0,0.00141471060526129,0,0,0,0,0,0,0,0,0.00707355302630646,0,0,0,0,0,0,0,0,0,0,0,0,0,0,0,0,0,0,0,0,0,0,0,0,0,0,0,0,0,0,0,0,0,0,0.0353677651315323,0,0,0,0,0.00707355302630646,0,0,0,0.00990297423682904,0,0,0,0,0.024050080289442,0.0410266075525775,0,0,0,0,0,0,0,0,0.00141471060526129,0,0,0,0,0,0,0,0,0,0,0,0,0,0,0,0,0,0,0,0,0,0,0,0,0,0,0,0,0,0,0,0,0,0,0,0,0.0778090832893711,0,0,0.00141471060526129,0,0,0,0,0,0,0,0,0,0,0,0,0,0,0,0,0,0,0,0,0,0,0,0.00282942121052258,0,0,0,0,0,0,0,0,0,0,0,0,0,0,0,0,0,0.00141471060526129,0,0,0,0,0,0,0,0,0,0.00141471060526129,0,0,0,0,0,0,0,0,0,0.0127323954473516,0.00141471060526129,0.00141471060526129,0.0565884242104517,0,0,0,0,0,0,0,0.0113176848420903,0,0,0,0,0,0,0,0,0,0,0,0,0,0,0,0,0,0,0,0,0,0,0,0,0,0,0,0,0,0,0,0,0.00282942121052258,0,0,0,0,0,0,0,0.00707355302630646,0,0,0,0,0,0,0,0,0,0,0,0.00141471060526129,0,0,0,0,0.00141471060526129,0,0,0,0,0,0,0,0,0,0,0,0,0.00141471060526129,0,0,0.00141471060526129,0,0,0.00141471060526129,0,0,0,0,0,0,0,0,0,0,0,0,0,0,0,0,0,0,0,0,0,0,0,0,0,0,0,0,0,0,0,0,0,0.00141471060526129,0,0,0,0.00424413181578388,0,0,0,0,0,0,0,0,0.0707355302630646,0,0,0,0.00990297423682904,0,0,0,0.00282942121052258,0,0.0707355302630646,0,0,0,0,0,0,0,0,0,0,0,0.00848826363156775,0,0,0,0,0,0,0,0.0820532151051549,0.141471060526129,0,0.00707355302630646,0,0,0,0,0.0367824757367936,0,0,0,0,0,0,0.00424413181578388,0.0141471060526129,0,0,0,0,0,0,0.00282942121052258,0,0,0,0,0,0,0,0,0,0,0,0.00141471060526129,0,0,0,0,0,0,0,0,0,0,0,0.00141471060526129,0,0,0,0,0,0.00141471060526129,0,0,0.00141471060526129,0,0.00141471060526129,0,0,0,0,0,0,0,0,0,0,0,0.00990297423682904,0,0,0,0,0,0,0,0,0,0,0,0,0,0,0,0,0,0,0,0,0,0,0,0,0,0,0,0.00848826363156775,0,0,0,0,0,0,0,0,0,0,0,2.33427249868113,0,0,0,0,0,0,0,0,0,0,0,0,0.00141471060526129,0,0,0,0,0,0,0,0,0,0,0,0,0,0,0,0,0,0,0,0,0.00141471060526129,0,0,0,0,0.00282942121052258,0,0,0,0,0,0,0,0,0.0113176848420903,0,0,0,0,0,0,0,0,0.00424413181578388,0,0,0,0,0,0,0,0,0,0.00141471060526129,0,0,0,0,0,0,0,0,0,0,0,0,0,0,0,0,0,0,0,0,0,0,0,0,0,0,0,0,0,0,0,0,0,0,0,0,0,0,0,0,0,0,0,0,0,0,0,0,0,0,0,0,0,0,0,0,0,0,0,0,0,0,0,0.00282942121052258,0,0,0.0212206590789194,0,0,0,0,0,0,0,0,0,2.22274867673915,0,0,0,0.562672538413596,0,0.404681387123076,0.213995920755817,0.29673003148587,0,0.934947370246641,0,0,1.84023559390396,0.260122838989394,0,0,0.0475542237563136,0,2.58845562526053,0,0,0,0,0,0,0,0,0,0,0,0,0,0,0,0,0,0,0,0,0,0,0.00449198911382565,0,0,0,0,0,1.56806664958222,0,0,0,0,0,0,0,0,0,0,0.186697452774517,0,0,0,0,0,0,0,0,0.472247525807561,0,0,0,0,0,0,0,0,0,0,0,0,0,0,0,0,0,0,0,0,0,0,0,0,0,0,0,0,0,0,0,0,0,0,3.50255727498405,0,0,0,0,8.70979957130432,0,0,0,0.0613561032301566,0,0,0,0,0.104929552973559,5.17380747256683,0,0,0,0,0,0,0,0,0.84443735459646,0,0,0,0,0,0,0,0,0,0,0,0,0,0,0,0,0,0,0,0,0,0,0,0,0,0,0,0,0,0,0,0,0,0,0,0,0.127310373251706,0,0,0.070497165463428,0,0,0,0,0,0,0,0,0,0,0,0,0,0,0,0,0,0,0,0,0,0,0,0.784788730590889,0,0,0,0,0,0,0,0,0,0,0,0,0,0,0,0,0,0.00150844211876249,0,0,0,0,0,0,0,0,0,0.420786055498998,0,0,0,0,0,0,0,0,0,0.337416285146617,0.0374906983496241,0.0649627057917817,3.90677679553534,0,0,0,0,0,0,0,0.0959378233544913,0,0,0,0,0,0,0,0,0,0,0,0,0,0,0,0,0,0,0,0,0,0,0,0,0,0,0,0,0,0,0,0,1.70189647189575,0,0,0,0,0,0,0,0.125873876103123,0,0,0,0,0,0,0,0,0,0,0,0.864164189550642,0,0,0,0,0.289291409749766,0,0,0,0,0,0,0,0,0,0,0,0,0.0435849951560624,0,0,0.0069695922761857,0,0,0.0023519563812469,0,0,0,0,0,0,0,0,0,0,0,0,0,0,0,0,0,0,0,0,0,0,0,0,0,0,0,0,0,0,0,0,0,0.000729519933409242,0,0,0,0.00268185303808914,0,0,0,0,0,0,0,0,0.0641044279785536,0,0,0,8.98918438381535,0,0,0,2.3006213831368,0,0.0183155508510153,0,0,0,0,0,0,0,0,0,0,0,1.31481217020044,0,0,0,0,0,0,0,21.019603211972,24.4560672299211,0,2.40834933821518,0,0,0,0,2.52283618116219,0,0,0,0,0,0,6.53728398410164,6.2338970758119,0,0,0,0,0,0,2.01388408899145,0,0,0,0,0,0,0,0,0,0,0,0.068956390205888,0,0,0,0,0,0,0,0,0,0,0,0.0155088176538089,0,0,0,0,0,0.0155088176538089,0,0,0.468961487613757,0,0.0684453913703302,0,0,0,0,0,0,0,0,0,0,0,0.763463857003793,0,0,0,0,0,0,0,0,0,0,0,0,0,0,0,0,0,0,0,0,0,0,0,0,0,0,0,0.886149258344779,0,0,0,0,0,0,0,0,0,0,0,1.33873109646218,0,0,0,0,0,0,0,0,0,0,0,0,0.00557988806878136,0,0,0,0,0,0,0,0,0,0,0,0,0,0,0,0,0,0,0,0,0.107142258863101,0,0,0,0,0.237597456124828,0,0,0,0,0,0,0,0,2.33477500388812,0,0,0,0,0,0,0,0,2.57158467007804,0,0,0,0,0,0,0,0,0,1.21538554674059,0,0,0,0,0,0,0,0,0,0,0,0,0,0,0,0,0,0,0,0,0,0,0,0,0,0,0,0,0,0,0,0,0,0,0,0,0,0,0,0,0,0,0,0,0,0,0,0,0,0,0,0,0,0,0,0,0,0,0,0,0,0,0,0.269389036218116,0,0,1.05370122591833,0,67.8464012,72.38650122,86.69550148,74.30000125,68.00740115,53.92720102,67.16180116,73.30440127,67.65520116,59.39940098,71.74140122,"BAK-00104"
"106",2468,"nSPC",2010,"PRIAs","Pacific Remote Island Areas","Jarvis","Jarvis",2010,"ForereefShallow","Jarvis","2010-04-01","Forereef","Shallow",-0.37216,-160.01176,5,20,0,6.25,22.5,51.25,0,NA,0,1.5,NA,NA,NA,3,2,10.4276599041933,9.48846842990884,48.4291100774614,11.4666482683852,79.8118866799487,19.6027536734892,0,0,0,0,0,0.00141471060526129,0,0,0,0,0,0,0.00848826363156775,0,0,0,0.127323954473516,0,0,0,0,0,0,0,0,0,0,0,0,0,0,0,0,0,0,0,0,0,0,0,0,0.0141471060526129,0,0,0,0,0,0,0,0,0,0,0,0,0,0,0.00282942121052258,0,0,0,0,0,0,0,0,0.00707355302630646,0,0,0,0,0,0,0,0,0,0,0,0,0,0,0,0.00424413181578388,0,0,0,0,0,0,0,0,0,0,0,0,0,0,0,0,0,0,0.00141471060526129,0,0,0,0,0,0.00141471060526129,0,0,0,0,0,0,0,0,0,0.00848826363156775,0,0,0,0.0834679257104162,0,0,0,0,0.00141471060526129,0,0,0,0,0,0,0,0,0,0,0.00565884242104517,0,0.282942121052258,0,0,0,0,0,0.00141471060526129,0,0,0,0,0,0,0,0,0,0,0,0,0,0,0,0,0,0,0,0,0,0,0,0,0,0,0.00282942121052258,0.00424413181578388,0,0,0,0,0,0,0,0,0,0,0,0,0,0,0.00282942121052258,0,0,0,0,0,0,0,0,0.00141471060526129,0,0,0,0,0,0,0.360751204341629,0,0,0,0,0,0,0,0,0,0,0,0,0,0.00565884242104517,0.00424413181578388,0,0,0.0141471060526129,0,0,0,0,0,0.00141471060526129,0,0,0,0,0,0.00282942121052258,0,0,0,0,0,0,0.0509295817894065,0,0,0,0,0,0,0,0,0,0,0,0,0,0,0,0,0,0,0,0,0,0,0,0,0,0,0,0,0.00424413181578388,0,0,0,0,0,0,0,0,0,0,0,0,0,0,0,0,0,0,0,0,0,0,0,0,0,0,0,0,0,0.0127323954473516,0,0,0,0,0,0,0,0,0,0,0,0,0,0,0,0,0,0,0,0,0,0,0,0,0,0.00424413181578388,0,0,0,0,0,0,0,0,0.0169765272631355,0,0,0,0,0,0,0,0,0,0,0,0,0,0,0,0,0,0,0,0,0,0,0,0,0.00282942121052258,0,0,0,0.00424413181578388,0,0,0,0,0,0,0,0,0,0,0,0,0.00141471060526129,0,0,0,0,0,0,0,0,0,0,0,0,0.00141471060526129,0,0,0,0.00848826363156775,0.0198059484736581,0,0,0,0,0,0,0,0,0,0,0,0,0,0,0,0,0,0,0,0,0.00141471060526129,0,0,0,0,0,0,0,0,0,0,0,0,0,0,0,0,0,0,0,0,0,0,0,0,0,0.00141471060526129,0,0,0,0,0,0,0,0.00565884242104517,0,0,0,0,0,0.0113176848420903,0.00282942121052258,0,0.00282942121052258,0,0.00141471060526129,0,0,0,0,0,0,0,0,0,0,0,0,0,0,0,0,0,0,0.171179983236616,0,0,0,0,0.00707355302630646,0,0,0,0,0,0,0,0,0,0,0,0,0,0,0,0.00141471060526129,0,0,0,0,0,0,0,0,0,0,0,1.4217841582876,0,0,0,0,0,0,0,0,0,0,0,0,0,0.282942121052258,0,0,0,0,0,0,0,0,0,0,0,0,0,0,0,0,0,0,0,0,0,0,0,0,0,0,0,0,0,0,0,0,0,0,0,0.00141471060526129,0,0,0,0,0,0,0.00990297423682904,0,0,0,0,0,0,0,0,0,0.00424413181578388,0,0,0,0,0,0,0,0,0,0,0,0,0,0,0,0,0,0,0,0,0,0,0.0636619772367581,0,0,0,0,0,0,0,0,0,0.00282942121052258,0,0,0,0,0,0,0,0,0,0.795067360156846,0,0,0,0,0,0,0.00282942121052258,0.0438560287631001,0,0.00282942121052258,0,0,0,0,0,0,0,0,0,0,0,0,0.00565884242104517,0,0,0,0,0,0,0,0.0777029799939765,0,0,0,0,0,0,1.97076403246991,0,0,0,14.4424440087933,0,0,0,0,0,0,0,0,0,0,0,0,0,0,0,0,0,0,0,0,0,0,0,0,0.6306015934528,0,0,0,0,0,0,0,0,0,0,0,0,0,0,1.03795548719764,0,0,0,0,0,0,0,0,0.765691134035154,0,0,0,0,0,0,0,0,0,0,0,0,0,0,0,0.0308229558617581,0,0,0,0,0,0,0,0,0,0,0,0,0,0,0,0,0,0,0.459454116524575,0,0,0,0,0,0.0981107726399819,0,0,0,0,0,0,0,0,0,3.51876457248236,0,0,0,0.61960545714349,0,0,0,0,0.00669933480722482,0,0,0,0,0,0,0,0,0,0,0.593713827803395,0,0.332145755903246,0,0,0,0,0,0.064642295071668,0,0,0,0,0,0,0,0,0,0,0,0,0,0,0,0,0,0,0,0,0,0,0,0,0,0,0.27473509157586,0.00923438200478256,0,0,0,0,0,0,0,0,0,0,0,0,0,0,0.333200775916839,0,0,0,0,0,0,0,0,0.21950699775567,0,0,0,0,0,0,0.475041430008873,0,0,0,0,0,0,0,0,0,0,0,0,0,0.018062301454314,0.349795119530244,0,0,0.029340199630071,0,0,0,0,0,0.916513155838006,0,0,0,0,0,0.42634171507548,0,0,0,0,0,0,7.13224472407513,0,0,0,0,0,0,0,0,0,0,0,0,0,0,0,0,0,0,0,0,0,0,0,0,0,0,0,0,0.427317558495558,0,0,0,0,0,0,0,0,0,0,0,0,0,0,0,0,0,0,0,0,0,0,0,0,0,0,0,0,0,0.886018090228361,0,0,0,0,0,0,0,0,0,0,0,0,0,0,0,0,0,0,0,0,0,0,0,0,0,0.0517806716895317,0,0,0,0,0,0,0,0,2.52738813573657,0,0,0,0,0,0,0,0,0,0,0,0,0,0,0,0,0,0,0,0,0,0,0,0,0.0281697810176619,0,0,0,0.0117766764191417,0,0,0,0,0,0,0,0,0,0,0,0,4.10734169975427,0,0,0,0,0,0,0,0,0,0,0,0,0.0148488025128225,0,0,0,2.07065362841758,3.34005710718713,0,0,0,0,0,0,0,0,0,0,0,0,0,0,0,0,0,0,0,0,2.36292374774628,0,0,0,0,0,0,0,0,0,0,0,0,0,0,0,0,0,0,0,0,0,0,0,0,0,0.0577634672178658,0,0,0,0,0,0,0,0.0528375906653458,0,0,0,0,0,0.275211181281976,0.467355577178134,0,0.557165087061981,0,0.122908222957451,0,0,0,0,0,0,0,0,0,0,0,0,0,0,0,0,0,0,0.811801871685757,0,0,0,0,0.0374918445849019,0,0,0,0,0,0,0,0,0,0,0,0,0,0,0,0.227716346096794,0,0,0,0,0,0,0,0,0,0,0,1.66284851115162,0,0,0,0,0,0,0,0,0,0,0,0,0,0.748978523602065,0,0,0,0,0,0,0,0,0,0,0,0,0,0,0,0,0,0,0,0,0,0,0,0,0,0,0,0,0,0,0,0,0,0,0,2.49468743738564,0,0,0,0,0,0,11.5856099691477,0,0,0,0,0,0,0,0,0,5.52245626695585,0,0,0,0,0,0,0,0,0,0,0,0,0,0,0,0,0,0,0,0,0,0,0.7710646437276,0,0,0,0,0,0,0,0,0,0.10913607313467,0,0,0,0,0,0,0,0,0,1.79581949521263,0,0,0,0,0,0,0.696179088849082,0.484375407640266,0,0.330746814656351,0,0,0,0,0,0,0,0,0,0,0,0,0.338323143504292,0,0,79.79090141,95.81940166,93.42420156,94.43990163,83.88800144,78.56060136,72.31400123,87.95250155,96.92910168,90.55370158,73.6087013,"JAR-00120"
"107",2469,"nSPC",2010,"PRIAs","Pacific Remote Island Areas","Jarvis","Jarvis",2010,"ForereefShallow","Jarvis","2010-04-01","Forereef","Shallow",-0.37864,-160.01477,7.5,20,0,0,22.5,50,7.5,NA,0,2.75,NA,NA,NA,3,2,36.0277436278041,1.481178270654,22.9154103567155,7.99177471036711,68.4161069655407,3.9268233824656,0,0,0,0,0,0,0,0,0,0,0,0,0.0297089227104871,0,0.00282942121052258,0,0.0396118969473162,0,0,0,0,0,0,0,0,0,0,0,0,0,0,0,0,0,0,0,0,0,0,0,0,0.0113176848420903,0,0,0,0,0,0,0,0,0,0,0,0,0,0,0.00424413181578388,0,0,0,0,0,0,0,0,0.00565884242104517,0,0,0,0,0,0,0,0,0,0,0.00141471060526129,0,0,0,0,0,0,0,0,0,0,0,0,0,0,0,0,0,0,0,0,0,0,0,0.00282942121052258,0,0,0,0,0,0,0,0,0,0,0,0,0,0,0,0.00424413181578388,0,0,0,0.00565884242104517,0,0,0,0,0,0,0,0,0,0,0,0,0,0,0,0.00282942121052258,0,0,0,0,0,0,0,0.00282942121052258,0,0,0,0,0,0,0,0,0,0,0,0,0,0,0,0,0,0,0,0,0,0,0,0,0,0,0,0,0,0,0,0,0,0,0,0,0,0,0,0,0,0,0.00282942121052258,0,0,0,0,0,0,0,0,0,0,0,0,0,0,0,0.325383439210097,0,0,0,0,0,0,0,0,0.00282942121052258,0,0,0,0,0,0,0,0,0.0636619772367581,0,0,0,0,0,0,0,0.00848826363156775,0,0,0,0.00141471060526129,0,0,0,0.00141471060526129,0,0,0.0141471060526129,0,0,0,0,0,0,0,0,0,0,0,0,0,0,0,0,0,0,0,0,0,0,0,0,0,0,0,0,0.00565884242104517,0,0,0,0,0,0,0,0,0,0,0,0,0,0,0,0,0,0,0,0,0,0,0,0,0,0,0,0,0,0.00282942121052258,0,0,0,0,0,0,0,0,0,0,0,0,0,0,0,0,0,0,0,0,0,0,0,0,0,0.00282942121052258,0,0,0,0,0,0,0,0,0,0,0,0,0,0,0,0,0,0,0,0,0,0,0,0,0,0,0,0,0,0,0,0,0,0,0,0,0,0.00424413181578388,0,0,0,0,0,0,0,0,0,0,0,0,0.00707355302630646,0,0,0,0,0,0,0,0,0,0,0,0,0.00282942121052258,0,0,0,0,0.0226353696841807,0,0,0,0,0,0,0,0,0,0,0,0,0,0,0,0,0,0,0,0,0,0,0,0,0,0,0,0,0,0,0,0,0,0,0,0,0,0,0,0,0,0,0,0,0,0,0.00141471060526129,0,0,0,0,0,0,0,0.00848826363156775,0,0,0,0,0,0,0,0,0.00990297423682904,0,0,0,0,0,0,0,0,0,0,0,0,0,0,0,0,0,0,0,0,0.103273874184074,0,0,0,0,0,0,0,0,0,0,0,0,0,0,0,0,0,0,0,0,0.00141471060526129,0,0,0,0,0,0,0,0,0,0,0,0,0,0,0,0,0,0,0,0,0,0,0,0,0,0.226353696841807,0,0,0,0,0,0,0,0,0,0,0,0,0,0,0,0,0,0,0,0,0,0,0,0.00282942121052258,0,0,0,0,0,0,0,0,0,0,0,0,0,0,0,0,0,0,0.00565884242104517,0,0,0,0,0,0,0,0,0,0.00141471060526129,0,0,0,0,0,0,0,0,0,0,0,0,0,0,0,0,0,0,0,0,0,0,0.0297089227104871,0,0,0.0183912378683968,0,0,0,0,0,0.00707355302630646,0,0,0,0,0,0,0,0,0,0,0.3508482301048,0,0,0,0,0,0,0.00141471060526129,0.0594178454209743,0,0,0,0,0,0,0,0,0,0,0,0,0.00282942121052258,0,0,0,0,0,0,0,0,0,0,0,0,0,0,0,0,7.27032017650861,0,0.512234066195322,0,4.97778720175621,0,0,0,0,0,0,0,0,0,0,0,0,0,0,0,0,0,0,0,0,0,0,0,0,0.753863913778611,0,0,0,0,0,0,0,0,0,0,0,0,0,0,0.985831182302094,0,0,0,0,0,0,0,0,0.55796995648451,0,0,0,0,0,0,0,0,0,0,0.345108938069597,0,0,0,0,0,0,0,0,0,0,0,0,0,0,0,0,0,0,0,0,0,0,0,0.49283255281021,0,0,0,0,0,0,0,0,0,0,0,0,0,0,0,0.914647672538547,0,0,0,0.0599594536876566,0,0,0,0,0,0,0,0,0,0,0,0,0,0,0,0.267266608952444,0,0,0,0,0,0,0,0.291777751025728,0,0,0,0,0,0,0,0,0,0,0,0,0,0,0,0,0,0,0,0,0,0,0,0,0,0,0,0,0,0,0,0,0,0,0,0,0,0,0,0,0,0,0.140994330926856,0,0,0,0,0,0,0,0,0,0,0,0,0,0,0,0.568115240729014,0,0,0,0,0,0,0,0,0.0151877595770033,0,0,0,0,0,0,0,0,0.232882432471643,0,0,0,0,0,0,0,0.127221795249434,0,0,0,0.240942899958564,0,0,0,0.0654475660415102,0,0,2.25843449228702,0,0,0,0,0,0,0,0,0,0,0,0,0,0,0,0,0,0,0,0,0,0,0,0,0,0,0,0,0.604116498109618,0,0,0,0,0,0,0,0,0,0,0,0,0,0,0,0,0,0,0,0,0,0,0,0,0,0,0,0,0,0.320070397972194,0,0,0,0,0,0,0,0,0,0,0,0,0,0,0,0,0,0,0,0,0,0,0,0,0,0.0274332192308638,0,0,0,0,0,0,0,0,0,0,0,0,0,0,0,0,0,0,0,0,0,0,0,0,0,0,0,0,0,0,0,0,0,0,0,0,0,0.0102588777372794,0,0,0,0,0,0,0,0,0,0,0,0,33.2558816659014,0,0,0,0,0,0,0,0,0,0,0,0,0.0211131410729195,0,0,0,0,3.13697288217242,0,0,0,0,0,0,0,0,0,0,0,0,0,0,0,0,0,0,0,0,0,0,0,0,0,0,0,0,0,0,0,0,0,0,0,0,0,0,0,0,0,0,0,0,0,0,0.112883480755782,0,0,0,0,0,0,0,0.0792626241340008,0,0,0,0,0,0,0,0,1.94156245984323,0,0,0,0,0,0,0,0,0,0,0,0,0,0,0,0,0,0,0,0,0.644636696698352,0,0,0,0,0,0,0,0,0,0,0,0,0,0,0,0,0,0,0,0,0.131780292880089,0,0,0,0,0,0,0,0,0,0,0,0,0,0,0,0,0,0,0,0,0,0,0,0,0,0.557957935608959,0,0,0,0,0,0,0,0,0,0,0,0,0,0,0,0,0,0,0,0,0,0,0,0.146569165186568,0,0,0,0,0,0,0,0,0,0,0,0,0,0,0,0,0,0,3.49984881768178,0,0,0,0,0,0,0,0,0,0.426974564783822,0,0,0,0,0,0,0,0,0,0,0,0,0,0,0,0,0,0,0,0,0,0,0.350241998988395,0,0,0.124306704141083,0,0,0,0,0,0.703653287918798,0,0,0,0,0,0,0,0,0,0,0.355105094316032,0,0,0,0,0,0,0.150081555153992,0.403456083085228,0,0,0,0,0,0,0,0,0,0,0,0,0.333113530817294,0,0,0,0,108.7553019,116.771702,116.814402,116.327202,108.2351019,104.7185018,107.5963019,120.6544021,130.2776023,128.4764023,98.69070171,"JAR-00121"
"108",2470,"nSPC",2010,"PRIAs","Pacific Remote Island Areas","Jarvis","Jarvis",2010,"ForereefMid","Jarvis","2010-04-01","Forereef","Mid",-0.37784,-160.01541,14,40,0,2.5,30,22.5,5,NA,0,2.5,NA,NA,NA,2,1,89.9276390581396,11.026344596444,23.3108809298983,18.0064784251173,142.271343009599,5.28246825839775,0,0,0,0,0,0,0,0,0,0,0,0,0,0,0,0,0.0565884242104517,0,0,0,0,0,0,0,0,0,0,0,0,0,0,0,0,0,0,0,0,0,0,0,0,0,0,0,0,0,0,0.00282942121052258,0,0,0,0,0,0,0,0,0,0,0,0,0,0,0,0,0,0,0,0,0,0,0,0,0,0,0,0,0.0113176848420903,0,0,0,0,0,0,0,0,0,0,0,0,0,0.00848826363156775,0,0,0,0,0,0,0,0,0,0,0,0,0,0,0,0,0,0,0,0,0,0,0,0,0,0.0113176848420903,0,0,0,0.0282942121052258,0,0,0,0,0.0254647908947033,0.00282942121052258,0,0,0,0,0,0,0,0,0,0.0113176848420903,0,0,0,0,0,0,0,0,0,0,0,0,0,0,0,0,0,0,0,0,0,0,0,0,0,0,0,0,0,0,0,0,0,0,0,0.848826363156775,0,0,0.00565884242104517,0,0,0,0,0,0,0,0,0,0,0,0,0,0,0,0,0,0,0,0,0,0,0,0,0,0,0,0.33953054526271,0,0,0,0,0,0,0,0,0,0,0,0,0,0,0,0,0,0,0,0,0,0,0,0,0,0.00848826363156775,0,0,0,0.00282942121052258,0,0,0,0.00282942121052258,0.00282942121052258,0,0.0509295817894065,0,0,0,0,0,0,0,0,0,0,0,0,0,0,0,0,0,0,0,0,0,0,0,0,0,0,0,0,0,0,0,0,0,0,0,0,0,0,0,0,0,0,0,0,0,0,0,0,0,0,0,0,0,0,0,0,0,0,0.00282942121052258,0,0,0,0,0,0,0,0,0,0,0,0,0,0,0,0,0,0,0,0.00565884242104517,0,0,0,0,0,0.00848826363156775,0,0,0,0,0,0,0,0,0.0113176848420903,0,0,0,0,0,0,0,0,0,0,0,0,0,0,0,0,0,0,0,0,0,0,0,0,0,0,0,0,0.00282942121052258,0,0,0,0,0,0,0,0,0.33953054526271,0,0,0,0,0,0,0,0,0,0,0,0,0,0,0,0,0,0,0,0,0.00282942121052258,0.0169765272631355,0,0,0,0,0,0,0,0,0,0,0,0,0,0,0,0,0,0,0,0,0,0,0,0,0,0,0,0,0,0,0,0,0,0,0,0,0,0,0,0,0,0,0,0,0,0,0,0,0,0,0,0,0,0,0,0,0,0,0,0,0,0.00282942121052258,0,0.0226353696841807,0,0.0198059484736581,0,0,0,0,0,0,0,0,0,0,0,0,0,0,0,0,0,0,0.183912378683968,0,0,0,0,0.0367824757367936,0,0,0,0,0,0,0,0,0,0,0,0,0,0,0,0.00282942121052258,0,0,0,0,0,0,0,0,0,0,0,3.98948390683684,0,0,0,1.10347427210381,0,0,0,0.0226353696841807,0,0,0,0,0.0424413181578388,0.113176848420903,0,0,0,0,0,0,0,0,0,0,0,0,0,0,0,0,0,0,0,0,0,0,0,0,0,0,0,0,0,0,0,0,0,0.0113176848420903,0,0,0,0,0,0,0,0,0.00565884242104517,0,0,0,0,0,0,0,0,0,0,0,0,0,0,0,0,0,0,0,0,0,0,0,0,0,0,0,0,0,0,0.00848826363156775,0,0.0763943726841098,0,0,0,0,0,0,0,0,0.00282942121052258,0,0,0,0,0,0,0,0,0,0,0,0,0,0,0,0,0,0,0,0,0,0,0,0,0,0,0,0,0,0,0,0,0,0,0,0,0,0,0,0,0,0,0,0,0,0,0,0,0,0,0,0,6.24158759216734,0,0,0,0,0,0,0,0,0,0,0,0,0,0,0,0,0,0,0,0,0,0,0,0,0,0,0,0,0,0,0.00953122991096933,0,0,0,0,0,0,0,0,0,0,0,0,0,0,0,0,0,0,0,0,0,0,0,0,0,0,0,0,1.43507879394617,0,0,0,0,0,0,0,0,0,0,0,0,0,0.98571804976335,0,0,0,0,0,0,0,0,0,0,0,0,0,0,0,0,0,0,0,0,0,0,0,0,0,6.63635867268246,0,0,0,0.211535862871534,0,0,0,0,0.0917030190673471,0.680424261417362,0,0,0,0,0,0,0,0,0,1.06906643580978,0,0,0,0,0,0,0,0,0,0,0,0,0,0,0,0,0,0,0,0,0,0,0,0,0,0,0,0,0,0,0,0,0,0,0,1.9892245820579,0,0,0.54947018315172,0,0,0,0,0,0,0,0,0,0,0,0,0,0,0,0,0,0,0,0,0,0,0,0,0,0,0,0.425584561959544,0,0,0,0,0,0,0,0,0,0,0,0,0,0,0,0,0,0,0,0,0,0,0,0,0,0.125754954876426,0,0,0,0.832698662256796,0,0,0,0.258863491426718,0.13089513208302,0,8.01468289853385,0,0,0,0,0,0,0,0,0,0,0,0,0,0,0,0,0,0,0,0,0,0,0,0,0,0,0,0,0,0,0,0,0,0,0,0,0,0,0,0,0,0,0,0,0,0,0,0,0,0,0,0,0,0,0,0,0,0,0.0190250326598301,0,0,0,0,0,0,0,0,0,0,0,0,0,0,0,0,0,0,0,1.77661756651557,0,0,0,0,0,0.202983243527132,0,0,0,0,0,0,0,0,2.38891569580935,0,0,0,0,0,0,0,0,0,0,0,0,0,0,0,0,0,0,0,0,0,0,0,0,0,0,0,0,0.0048155202490365,0,0,0,0,0,0,0,0,0.456396393057893,0,0,0,0,0,0,0,0,0,0,0,0,0,0,0,0,0,0,0,0,0.248286972602325,2.37358364268769,0,0,0,0,0,0,0,0,0,0,0,0,0,0,0,0,0,0,0,0,0,0,0,0,0,0,0,0,0,0,0,0,0,0,0,0,0,0,0,0,0,0,0,0,0,0,0,0,0,0,0,0,0,0,0,0,0,0,0,0,0,0.221217541251428,0,2.84707655894926,0,3.49652535053967,0,0,0,0,0,0,0,0,0,0,0,0,0,0,0,0,0,0,0.991608343366593,0,0,0,0,0.0975553325945868,0,0,0,0,0,0,0,0,0,0,0,0,0,0,0,0.455432692193589,0,0,0,0,0,0,0,0,0,0,0,5.2078572960524,0,0,0,2.60821465546252,0,0,0,0.0328396772799304,0,0,0,0,0.142981575307093,0.0907801352514124,0,0,0,0,0,0,0,0,0,0,0,0,0,0,0,0,0,0,0,0,0,0,0,0,0,0,0,0,0,0,0,0,0,1.5062423814217,0,0,0,0,0,0,0,0,5.28246825839775,0,0,0,0,0,0,0,0,0,0,0,0,0,0,0,0,0,0,0,0,0,0,0,0,0,0,0,0,0,0,81.3205721469786,0,0.705561032663047,0,0,0,0,0,0,0,0,0.105607580798513,0,0,0,0,0,0,0,0,0,0,0,0,0,0,0,0,0,0,0,0,0,0,0,0,0,0,0,0,0,0,0,0,0,0,0,0,103.3173018,114.849402,111.9126019,110.5592019,102.2017018,101.0849017,103.3130018,115.332802,122.8270021,121.6846021,96.17920167,"JAR-00110"
"109",2471,"nSPC",2010,"PRIAs","Pacific Remote Island Areas","Jarvis","Jarvis",2010,"ForereefDeep","Jarvis","2010-04-01","Forereef","Deep",-0.38161,-160.01151,24,31.25,0,3,20,42.75,3,NA,0,3,NA,NA,NA,3,2,55.2067978134049,37.6777982497912,17.97894819919,22.9561956711671,133.819739933553,6.04789402105103,0,0,0,0,0,0,0,0,0,0,0,0,0,0,0.00141471060526129,0,0.00565884242104517,0,0,0,0,0.00141471060526129,0,0,0,0.00424413181578388,0,0,0,0,0,0,0,0,0,0,0,0,0,0,0,0.00141471060526129,0,0,0,0,0,0,0,0,0,0,0,0,0,0,0.00848826363156775,0.00707355302630646,0,0,0,0,0,0,0,0.00282942121052258,0,0,0,0,0,0,0,0,0,0,0.0155618166578742,0,0,0,0,0,0,0,0,0,0,0,0,0,0.00424413181578388,0,0,0,0,0,0,0,0,0,0.00141471060526129,0,0,0,0,0,0,0,0,0,0,0,0,0,0,0,0,0,0,0,0.0381971863420549,0,0,0,0.00141471060526129,0.0735649514735872,0.0311236333157484,0,0,0,0,0,0,0,0,0,0.0311236333157484,0,0,0,0,0,0,0,0,0,0,0,0,0,0,0,0,0,0,0,0,0,0,0,0,0,0,0,0,0,0,0,0,0,0,0,0.297089227104871,0,0,0.00141471060526129,0,0,0,0,0,0,0,0,0,0,0,0,0,0,0,0,0,0,0,0,0,0,0,0,0,0,0,0,0,0,0,0,0,0,0,0,0,0,0,0,0,0.00424413181578388,0,0,0,0,0,0,0,0,0,0,0,0,0,0,0,0,0,0,0,0.0183912378683968,0.0325383439210097,0.00282942121052258,0.0509295817894065,0,0,0,0,0,0,0,0,0,0,0,0,0,0,0,0,0,0,0,0,0,0,0,0,0,0,0,0,0.00424413181578388,0,0,0,0,0,0,0,0,0,0,0.00707355302630646,0,0,0,0,0,0,0,0,0.00282942121052258,0,0,0,0,0,0,0,0,0,0.00565884242104517,0,0.00565884242104517,0,0,0,0,0.00424413181578388,0,0,0,0,0,0,0,0,0,0,0,0,0,0,0,0.00141471060526129,0,0,0.00282942121052258,0,0,0,0,0,0,0,0,0,0,0,0,0,0,0,0,0,0,0,0,0,0,0,0,0,0,0,0,0,0,0,0,0,0.00141471060526129,0,0,0,0.00424413181578388,0,0,0,0,0,0,0,0,0.848826363156775,0,0,0,0.0127323954473516,0,0,0,0,0,2.12206590789194,0,0,0,0,0,0,0,0,0,0,0.00282942121052258,0.00848826363156775,0,0,0,0,0,0,0,0,0.0353677651315323,0,0.00707355302630646,0,0,0,0,0,0,0,0,0,0.00282942121052258,0,0.00424413181578388,0.00565884242104517,0,0,0,0,0,0,0,0,0,0,0,0,0,0,0,0,0,0,0.0424413181578388,0,0,0,0,0,0,0,0,0,0,0,0,0,0,0,0,0,0.00707355302630646,0.00282942121052258,0,0,0,0.00282942121052258,0,0,0,0,0,0,0,0,0,0,0,0,0,0,0,0,0,0,0.0141471060526129,0,0,0,0,0.0254647908947033,0,0,0,0,0,0,0,0,0,0.00141471060526129,0,0,0,0,0,0.00707355302630646,0,0,0,0,0,0,0,0,0,0,0,4.66854499736226,0,0,0,0,0,0,0,0,0,0,0,0,0.0268795014999645,0,0,0,0,0,0,0,0,0,0,0,0,0,0,0,0,0,0,0,0,0,0,0,0,0,0.0212206590789194,0,0,0,0,0,0,0,0,0.0396118969473162,0,0.00282942121052258,0,0,0,0,0,0,0,0,0,0,0,0,0,0,0,0,0.00424413181578388,0,0,0,0,0,0,0,0,0,0,0,0,0,0,0,0,0,0,0,0,0,0,0,0,0,0,0,0,0,0,0,0.00141471060526129,0,0,0,0,0,0,0,0,0,0,0,0,0,0,0,0,0,0,0,0,0,0,0,0,0,0.00424413181578388,0,0,0,0.00282942121052258,0,0,0,0,0,0,0,0,0,0,0,0,0,0,0,0,0,0,0,0,0.288834908613215,0,0.294381869935807,0,0,0,0,0.323165601030405,0,0,0,0.21915635663754,0,0,0,0,0,0,0,0,0,0,0,0,0,0,0,0.636885030606068,0,0,0,0,0,0,0,0,0,0,0,0,0,0,2.24682640674872,1.17438893923704,0,0,0,0,0,0,0,0.233647432180229,0,0,0,0,0,0,0,0,0,0,2.28044602506751,0,0,0,0,0,0,0,0,0,0,0,0,0,0.309870615925697,0,0,0,0,0,0,0,0,0,0.459454116524575,0,0,0,0,0,0,0,0,0,0,0,0,0,0,0,0,0,0,0,0.283064698729503,0,0,0,0.0364248368957835,0.244433780258314,10.2259662807599,0,0,0,0,0,0,0,0,0,3.66584010237291,0,0,0,0,0,0,0,0,0,0,0,0,0,0,0,0,0,0,0,0,0,0,0,0,0,0,0,0,0,0,0,0,0,0,0,0.701156040758391,0,0,0.13736754578793,0,0,0,0,0,0,0,0,0,0,0,0,0,0,0,0,0,0,0,0,0,0,0,0,0,0,0,0,0,0,0,0,0,0,0,0,0,0,0,0,0,0.0151312073695999,0,0,0,0,0,0,0,0,0,0,0,0,0,0,0,0,0,0,0,0.529469041294071,1.08098701388158,0.129925411583563,3.92310371968802,0,0,0,0,0,0,0,0,0,0,0,0,0,0,0,0,0,0,0,0,0,0,0,0,0,0,0,0,0.770635063771006,0,0,0,0,0,0,0,0,0,0,4.38881107592886,0,0,0,0,0,0,0,0,0.0970491475209246,0,0,0,0,0,0,0,0,0,0.0451812430429322,0,2.96588364868148,0,0,0,0,2.73626766486983,0,0,0,0,0,0,0,0,0,0,0,0,0,0,0,0.0364091709759848,0,0,0.0513290960643323,0,0,0,0,0,0,0,0,0,0,0,0,0,0,0,0,0,0,0,0,0,0,0,0,0,0,0,0,0,0,0,0,0,0.00270380704112285,0,0,0,0.0102588777372794,0,0,0,0,0,0,0,0,1.72844531734767,0,0,0,22.2382175386342,0,0,0,0,0,1.59752304644967,0,0,0,0,0,0,0,0,0,0,0.248286972602325,2.59266592750501,0,0,0,0,0,0,0,0,4.01751823116376,0,0.9914457515331,0,0,0,0,0,0,0,0,0,8.33427936432833,0,7.44404682852033,2.24102220561949,0,0,0,0,0,0,0,0,0,0,0,0,0,0,0,0,0,0,8.06123097183266,0,0,0,0,0,0,0,0,0,0,0,0,0,0,0,0,0,0.136447880335666,0.327117337756217,0,0,0,1.26743979066502,0,0,0,0,0,0,0,0,0,0,0,0,0,0,0,0,0,0,0.0935192599746812,0,0,0,0,0.191895797126277,0,0,0,0,0,0,0,0,0,0.00138381968867812,0,0,0,0,0,3.10595412664877,0,0,0,0,0,0,0,0,0,0,0,5.02931459294176,0,0,0,0,0,0,0,0,0,0,0,0,0.191937747559981,0,0,0,0,0,0,0,0,0,0,0,0,0,0,0,0,0,0,0,0,0,0,0,0,0,2.04571129560486,0,0,0,0,0,0,0,0,9.49293536382647,0,1.7763041719179,0,0,0,0,0,0,0,0,0,0,0,0,0,0,0,0,4.27158984913312,0,0,0,0,0,0,0,0,0,0,0,0,0,0,0,0,0,0,0,0,0,0,0,0,0,0,0,0,0,0,0,0.0838504634580789,0,0,0,0,0,0,0,0,0,0,0,0,0,0,0,0,0,0,0,0,0,0,0,0,0,5.46835997665031,0,0,0,0.296840527208776,0,0,0,0,0,0,108.9648019,115.452002,121.533402,112.867102,110.2920019,110.2836019,112.166602,117.942502,123.9508021,136.2563024,101.9568018,"JAR-00103"
"110",2472,"nSPC",2010,"PRIAs","Pacific Remote Island Areas","Jarvis","Jarvis",2010,"ForereefDeep","Jarvis","2010-04-01","Forereef","Deep",-0.37371,-160.01273,21,30,0.5,2.25,21.25,42.5,3.5,NA,0,2.75,NA,NA,NA,3,2,31.6559075497165,39.3747452007636,9.14654433370418,22.1900875038043,102.367284587989,4.54415593027215,0,0,0,0,0,0,0,0,0,0,0,0,0,0,0,0,0.00424413181578388,0,0,0,0,0,0,0,0,0.0183912378683968,0,0,0,0,0,0,0,0,0,0,0,0,0,0,0,0,0,0,0,0,0,0,0,0,0,0,0,0,0,0,0.00848826363156775,0.00565884242104517,0,0,0,0,0,0,0,0,0,0,0,0,0,0,0,0,0,0,0.00565884242104517,0,0,0,0,0,0,0,0,0,0,0,0,0,0.00424413181578388,0,0,0,0,0,0,0,0,0,0,0,0,0,0,0,0,0,0,0,0,0,0,0,0,0,0.00565884242104517,0,0,0,0.024050080289442,0,0,0,0,0.0438560287631,0.058003134815713,0,0,0,0,0,0,0,0,0,0.0282942121052258,0,0.0282942121052258,0,0,0,0,0,0,0,0,0,0,0,0,0,0,0,0,0,0,0,0,0,0,0,0,0,0,0,0,0,0,0,0,0.00282942121052258,0.438560287631001,0,0,0.00848826363156775,0,0,0,0,0,0,0,0,0,0,0,0,0,0,0,0,0,0,0,0,0,0,0,0,0,0,0,0,0,0,0,0,0,0,0,0,0,0,0,0,0,0,0,0,0,0,0,0,0,0,0,0,0,0,0,0,0,0,0,0,0,0.00707355302630646,0.00282942121052258,0,0.0183912378683968,0,0,0,0,0,0,0,0,0,0,0,0,0,0,0,0,0,0,0,0,0,0,0,0,0,0,0,0,0,0,0,0,0,0,0,0,0,0,0,0.00282942121052258,0,0,0,0,0,0,0,0,0.00565884242104517,0,0,0,0,0,0,0,0,0,0.00848826363156775,0,0.00848826363156775,0,0,0,0,0,0,0,0,0,0,0,0,0,0,0,0,0,0,0,0,0.00707355302630646,0,0,0,0,0,0,0,0,0,0,0,0.00141471060526129,0,0,0,0,0.00848826363156775,0,0,0,0,0,0,0,0,0,0,0,0,0,0,0,0,0,0,0,0.00565884242104517,0,0,0,0.00282942121052258,0,0,0,0,0,0,0,0,1.06103295394597,0,0,0,0.00282942121052258,0,0,0,0,0,1.83912378683968,0,0,0,0,0,0,0,0,0,0,0,0.0127323954473516,0.00282942121052258,0,0,0,0,0,0,0.0141471060526129,0.0976150317630291,0,0.0707355302630646,0,0,0,0,0,0,0,0,0,0,0,0.00141471060526129,0,0,0,0,0,0,0,0,0,0,0,0,0,0,0,0,0,0,0,0,0,0,0,0,0,0,0,0,0,0,0,0,0,0,0,0,0,0.00565884242104517,0,0,0,0,0.00282942121052258,0,0,0,0,0,0,0,0,0,0,0,0,0,0,0,0,0,0,0.0198059484736581,0,0,0,0,0.0381971863420549,0,0,0,0,0,0,0,0,0,0,0,0,0,0,0,0.00565884242104517,0,0,0,0,0,0,0,0,0,0,0,3.81971863420549,0,0,0,0,0,0,0,0.00707355302630646,0,0,0,0,0.0537590029999291,0.0565884242104517,0,0,0,0,0,0,0,0,0,0,0,0,0,0,0,0,0,0,0,0,0,0,0,0,0,0,0,0,0,0,0,0,0,0.0113176848420903,0,0,0,0,0,0,0,0,0.00565884242104517,0,0,0,0,0,0,0,0,0,0,0,0,0,0,0.00141471060526129,0,0,0,0,0,0,0,0,0,0,0,0,0,0,0,0,0,0,0,0,0,0,0,0,0,0,0.00565884242104517,0,0,0,0,0,0,0,0,0,0,0,0,0,0,0,0,0,0,0,0,0,0,0,0,0,0.00141471060526129,0,0,0,0.00565884242104517,0,0,0,0.00282942121052258,0.00141471060526129,0,0,0,0,0,0,0,0,0,0,0,0,0,0,0,0,0,0.215873042416077,0,0,0,0,0,0,0,0,0.904396054260378,0,0,0,0,0,0,0,0,0,0,0,0,0,0,0,0,0,0,0,0,0,0,0,0,0,0,0,0,0,0,3.25869745980656,0.402808493086516,0,0,0,0,0,0,0,0,0,0,0,0,0,0,0,0,0,0,0.717539396973084,0,0,0,0,0,0,0,0,0,0,0,0,0,0.407444847710214,0,0,0,0,0,0,0,0,0,0,0,0,0,0,0,0,0,0,0,0,0,0,0,0,0,4.51112384650263,0,0,0,0.135844124220289,0,0,0,0,0.136506894983442,11.679451458885,0,0,0,0,0,0,0,0,0,1.87039072706563,0,0.0197097481525003,0,0,0,0,0,0,0,0,0,0,0,0,0,0,0,0,0,0,0,0,0,0,0,0,0,0,0,0,0,0,0,0,0.27473509157586,1.19170977255395,0,0,0.832056857131352,0,0,0,0,0,0,0,0,0,0,0,0,0,0,0,0,0,0,0,0,0,0,0,0,0,0,0,0,0,0,0,0,0,0,0,0,0,0,0,0,0,0,0,0,0,0,0,0,0,0,0,0,0,0,0,0,0,0,0,0,0,0.141276720401007,0.102938264391134,0,1.07685032980973,0,0,0,0,0,0,0,0,0,0,0,0,0,0,0,0,0,0,0,0,0,0,0,0,0,0,0,0,0,0,0,0,0,0,0,0,0,0,0,1.90118258706709,0,0,0,0,0,0,0,0,0.122230996294576,0,0,0,0,0,0,0,0,0,0.0570750979794904,0,4.72412830028742,0,0,0,0,0,0,0,0,0,0,0,0,0,0,0,0,0,0,0,0,0.111133253760556,0,0,0,0,0,0,0,0,0,0,0,0.193532410799745,0,0,0,0,0.884878565279133,0,0,0,0,0,0,0,0,0,0,0,0,0,0,0,0,0,0,0,0.0230425285447601,0,0,0,0.0048155202490365,0,0,0,0,0,0,0,0,1.37366631382615,0,0,0,2.19402430877481,0,0,0,0,0,1.43268308879053,0,0,0,0,0,0,0,0,0,0,0,2.45547520785123,1.72487033579592,0,0,0,0,0,0,6.27485555008595,19.9624769891135,0,11.825626728256,0,0,0,0,0,0,0,0,0,0,0,1.55699349327478,0,0,0,0,0,0,0,0,0,0,0,0,0,0,0,0,0,0,0,0,0,0,0,0,0,0,0,0,0,0,0,0,0,0,0,0,0,0.0841190232790463,0,0,0,0,0.70581455351794,0,0,0,0,0,0,0,0,0,0,0,0,0,0,0,0,0,0,0.130514712459781,0,0,0,0,0.254469894081548,0,0,0,0,0,0,0,0,0,0,0,0,0,0,0,1.12554036224043,0,0,0,0,0,0,0,0,0,0,0,4.96419263436037,0,0,0,0,0,0,0,0.0104425448616757,0,0,0,0,0.450991318292936,0.00799572153952588,0,0,0,0,0,0,0,0,0,0,0,0,0,0,0,0,0,0,0,0,0,0,0,0,0,0,0,0,0,0,0,0,0,2.44143682702967,0,0,0,0,0,0,0,0,4.06841195696866,0,0,0,0,0,0,0,0,0,0,0,0,0,0,0.475743973303482,0,0,0,0,0,0,0,0,0,0,0,0,0,0,0,0,0,0,0,0,0,0,0,0,0,0,0.373965733163254,0,0,0,0,0,0,0,0,0,0,0,0,0,0,0,0,0,0,0,0,0,0,0,0,0,1.43278983804834,0,0,0,0.80118726952689,0,0,0,0.201620627625434,0.136003191733688,0,92.73750164,104.6809018,100.4920017,99.45620174,90.97440156,85.85930148,81.53730142,93.45770164,104.6586018,98.90910175,81.47690142,"JAR-00100"
"111",2480,"nSPC",2010,"PRIAs","Pacific Remote Island Areas","Jarvis","Jarvis",2010,"ForereefDeep","Jarvis","2010-04-02","Forereef","Deep",-0.37041,-160.00931,20.5,35,0,6.25,20,33.75,5,NA,0,3.75,NA,NA,NA,3,2,36.9162502003537,40.7461882060322,22.1075540439683,55.3400592448443,155.110051695199,11.6532177569776,0,0,0,0,0,0,0,0,0,0,0,0,0,0,0.00424413181578388,0,0.024050080289442,0,0,0,0,0,0,0,0,0.0127323954473516,0,0,0,0,0,0,0,0,0,0,0,0,0,0,0,0,0,0,0,0,0,0,0,0,0,0,0,0,0,0,0.00848826363156775,0.00424413181578388,0,0,0,0,0,0,0,0,0,0,0,0,0,0,0,0,0,0,0.0141471060526129,0,0,0,0,0,0,0,0,0,0,0,0,0,0,0,0,0,0,0,0,0,0,0,0.00141471060526129,0,0,0,0,0,0,0,0,0,0,0,0,0,0,0,0.00282942121052258,0,0,0,0.0169765272631355,0,0,0,0,0.0452707393683613,0.0438560287631001,0,0,0,0,0,0,0,0,0,0.0127323954473516,0,0,0,0,0,0,0,0,0,0,0,0,0,0,0,0,0,0,0,0,0,0,0,0,0,0,0,0,0,0,0,0,0,0,0.00282942121052258,0.438560287631001,0,0,0,0,0,0,0,0,0,0,0,0,0,0,0,0,0,0,0,0,0,0,0,0,0,0,0.00565884242104517,0,0,0,0,0,0,0,0,0,0,0,0,0,0,0,0,0,0,0,0,0,0.00990297423682904,0,0,0,0,0,0,0,0,0,0,0,0.00141471060526129,0,0,0,0.0169765272631355,0.00707355302630646,0,0.0155618166578742,0,0,0,0,0,0,0,0,0,0,0,0,0,0,0,0,0,0,0,0,0,0,0,0,0,0,0,0,0,0,0,0,0,0,0,0,0,0,0,0.00424413181578388,0,0,0.00141471060526129,0,0,0,0,0,0,0,0,0,0,0,0,0,0,0,0.0141471060526129,0,0.00141471060526129,0,0,0,0,0.00424413181578388,0,0,0,0,0,0,0,0,0,0,0,0,0,0,0,0.0113176848420903,0,0,0.00282942121052258,0,0,0,0,0,0,0,0,0,0,0,0,0,0.0169765272631355,0,0,0,0,0,0,0,0,0,0,0,0,0,0,0,0,0,0,0.00141471060526129,0,0,0,0,0.00141471060526129,0,0,0,0,0,0,0,0,0.636619772367581,0,0,0,0.00565884242104517,0,0,0,0,0,5.65884242104517,0,0,0,0,0,0,0,0,0,0,0.00282942121052258,0.00424413181578388,0,0,0,0,0,0,0,0,0.0947856105525066,0,0.174009404447139,0,0,0,0,0,0,0,0,0,0,0,0.00141471060526129,0,0,0,0,0,0,0,0,0,0,0,0,0,0,0,0,0,0,0,0,0,0,0,0,0,0,0,0,0,0,0,0.00282942121052258,0,0,0,0,0,0.00282942121052258,0,0,0.00282942121052258,0,0,0,0,0,0,0,0,0,0,0,0,0,0,0,0,0,0,0,0,0.0169765272631355,0,0,0,0,0.024050080289442,0,0,0,0,0,0,0,0,0,0,0,0,0,0,0,0.00848826363156775,0,0,0,0,0,0,0,0,0,0,0,4.73928052762533,0,0,0,0,0,0,0,0.0113176848420903,0,0,0,0,0.0297089227104871,0,0,0,0,0,0,0,0,0,0,0,0,0,0,0,0,0,0,0,0,0,0,0,0,0,0.00707355302630646,0,0,0,0,0,0,0,0,0.0254647908947033,0,0,0,0,0,0,0,0,0.00565884242104517,0,0,0,0,0,0,0,0,0,0.00565884242104517,0,0,0,0,0.00141471060526129,0,0,0,0,0,0,0,0,0,0,0,0,0,0,0,0,0,0,0,0,0,0,0,0,0,0,0,0,0,0,0,0,0,0,0,0,0,0,0,0,0,0,0,0,0,0,0,0,0,0,0,0,0,0,0,0,0.00141471060526129,0,0,0,0.00565884242104517,0,0,0,0,0,0,0,0,0,0,0,0,0,0,0,0,0.594665036992669,0,2.00843934658117,0,0,0,0,0,0,0,0,0.51487133386046,0,0,0,0,0,0,0,0,0,0,0,0,0,0,0,0,0,0,0,0,0,0,0,0,0,0,0,0,0,0,2.95842937797166,0.45382411702732,0,0,0,0,0,0,0,0,0,0,0,0,0,0,0,0,0,0,1.22784200330575,0,0,0,0,0,0,0,0,0,0,0,0,0,0,0,0,0,0,0,0,0,0,0,0.183617672059171,0,0,0,0,0,0,0,0,0,0,0,0,0,0,0,1.05377224459221,0,0,0,0.135245271514829,0,0,0,0,0.164566040372508,13.5335703465647,0,0,0,0,0,0,0,0,0,1.64752455638907,0,0,0,0,0,0,0,0,0,0,0,0,0,0,0,0,0,0,0,0,0,0,0,0,0,0,0,0,0,0,0,0,0,0,0.223531678154915,1.08232067030758,0,0,0,0,0,0,0,0,0,0,0,0,0,0,0,0,0,0,0,0,0,0,0,0,0,0,4.13531982085726,0,0,0,0,0,0,0,0,0,0,0,0,0,0,0,0,0,0,0,0,0,0.0462411757644796,0,0,0,0,0,0,0,0,0,0,0,0.0520436663910498,0,0,0,0.403711608848376,0.222726277922286,0,1.12872121487334,0,0,0,0,0,0,0,0,0,0,0,0,0,0,0,0,0,0,0,0,0,0,0,0,0,0,0,0,0,0,0,0,0,0,0,0,0,0,0,2.45923967758283,0,0,0.55925682207586,0,0,0,0,0,0,0,0,0,0,0,0,0,0,0,0.16912429093532,0,0.593172249581884,0,0,0,0,2.63704593216729,0,0,0,0,0,0,0,0,0,0,0,0,0,0,0,0.170606186589883,0,0,0.0047039127624938,0,0,0,0,0,0,0,0,0,0,0,0,0,1.95951565934742,0,0,0,0,0,0,0,0,0,0,0,0,0,0,0,0,0,0,0.00240776012451825,0,0,0,0,0.00240776012451825,0,0,0,0,0,0,0,0,0.824199788295689,0,0,0,11.4294186000598,0,0,0,0,0,4.11489375786144,0,0,0,0,0,0,0,0,0,0,0.690217876139193,1.17446361787983,0,0,0,0,0,0,0,0,22.8473612118049,0,44.7379855665002,0,0,0,0,0,0,0,0,0,0,0,1.55699349327478,0,0,0,0,0,0,0,0,0,0,0,0,0,0,0,0,0,0,0,0,0,0,0,0,0,0,0,0,0,0,0,0.00713957735872033,0,0,0,0,0,0.0448203933684347,0,0,0.835403189273505,0,0,0,0,0,0,0,0,0,0,0,0,0,0,0,0,0,0,0,0,0.0985596095033335,0,0,0,0,0.187125413553332,0,0,0,0,0,0,0,0,0,0,0,0,0,0,0,1.9179791900927,0,0,0,0,0,0,0,0,0,0,0,6.94566389494614,0,0,0,0,0,0,0,0.0103480421932442,0,0,0,0,0.128142598280742,0,0,0,0,0,0,0,0,0,0,0,0,0,0,0,0,0,0,0,0,0,0,0,0,0,0.631033383832787,0,0,0,0,0,0,0,0,4.2962336267808,0,0,0,0,0,0,0,0,6.50574316921544,0,0,0,0,0,0,0,0,0,4.31854091804379,0,0,0,0,0.828933669718323,0,0,0,0,0,0,0,0,0,0,0,0,0,0,0,0,0,0,0,0,0,0,0,0,0,0,0,0,0,0,0,0,0,0,0,0,0,0,0,0,0,0,0,0,0,0,0,0,0,0,0,0,0,0,0,0,0.210150520194664,0,0,0,0.440236875384006,0,0,55.69210095,64.97310115,69.13420115,69.3212012,45.90150078,46.6087008,40.98490071,54.96640099,61.13150107,45.98230077,48.45850086,"JAR-00102"
"112",2481,"nSPC",2010,"PRIAs","Pacific Remote Island Areas","Jarvis","Jarvis",2010,"ForereefDeep","Jarvis","2010-04-02","Forereef","Deep",-0.36575,-160.00652,21.5,31.25,0,3.75,27.5,35,2.5,NA,0,3,NA,NA,NA,3,2,25.1593234700123,20.9072200981148,13.7955482827792,15.8043106236993,75.6664024746057,3.4212582939359,0,0,0,0,0,0,0,0,0,0,0,0,0,0.00141471060526129,0.00424413181578388,0,0.033953054526271,0,0,0,0,0,0,0,0,0.00990297423682904,0,0,0,0,0,0,0,0,0,0,0,0,0,0,0,0.00141471060526129,0,0,0,0,0,0,0,0,0,0,0,0,0,0,0.00990297423682904,0.00707355302630646,0,0,0,0,0,0,0,0,0,0,0,0,0,0,0,0,0,0,0.00848826363156775,0,0,0,0,0,0,0,0,0,0,0,0,0,0.00707355302630646,0,0,0,0,0,0,0,0,0,0,0,0,0,0,0,0,0,0,0,0,0,0,0,0,0,0.00141471060526129,0,0,0,0.0198059484736581,0,0,0,0.00424413181578388,0.0905414787367227,0.058003134815713,0,0,0,0,0,0,0,0,0,0.0212206590789194,0,0.0282942121052258,0,0,0,0,0,0,0,0,0,0,0,0,0,0,0,0,0,0,0,0,0,0,0,0,0,0,0,0,0,0,0,0,0,0.359336493736368,0,0,0.00424413181578388,0,0,0,0,0.00848826363156775,0,0,0,0,0,0,0,0,0,0,0,0,0,0,0,0,0,0,0,0,0,0,0.141471060526129,0,0,0,0,0,0,0,0,0,0,0,0,0,0.0113176848420903,0,0,0,0,0,0,0,0,0,0,0,0,0,0,0,0,0,0,0,0.00848826363156775,0.00848826363156775,0.0127323954473516,0.0282942121052258,0,0,0,0,0,0,0,0,0,0,0,0,0,0,0,0,0,0,0,0,0,0,0,0,0,0,0,0,0.00282942121052258,0,0,0,0,0,0,0,0,0,0,0,0,0,0,0,0,0,0,0,0.00848826363156775,0,0,0,0,0,0,0,0,0,0.00565884242104517,0,0.00141471060526129,0,0,0,0,0.00990297423682904,0,0,0,0,0,0,0,0,0,0,0,0,0,0,0,0.00282942121052258,0,0,0.00424413181578388,0,0,0,0,0,0,0,0,0.00282942121052258,0,0,0,0,0,0,0,0,0,0,0,0,0,0,0,0,0,0,0,0,0,0,0,0.00141471060526129,0.00565884242104517,0,0,0,0.00141471060526129,0,0,0,0,0,0,0,0,0.0707355302630646,0,0,0,0.00282942121052258,0,0,0,0,0,3.67824757367936,0,0,0,0,0,0,0,0,0,0,0,0.00848826363156775,0,0,0,0,0,0,0,0,0.0141471060526129,0,0.0282942121052258,0,0,0,0,0,0,0,0,0,0.00282942121052258,0,0,0,0,0,0,0,0,0,0,0,0,0,0,0,0,0,0,0,0,0,0,0,0,0,0.00282942121052258,0,0,0,0,0,0,0,0.0113176848420903,0,0,0,0,0,0.0212206590789194,0.00282942121052258,0,0.00282942121052258,0,0,0,0,0,0,0,0.00141471060526129,0,0,0,0,0,0,0,0,0,0,0,0,0.0396118969473162,0,0,0,0,0.0396118969473162,0,0,0,0,0,0,0,0,0,0,0,0,0,0,0,0.00424413181578388,0,0,0,0,0,0,0,0,0,0,0,3.67824757367936,0,0,0,0,0,0,0,0.00990297423682904,0,0,0,0,0.0707355302630646,0.0198059484736581,0,0,0,0.00282942121052258,0,0,0,0,0,0,0,0,0,0,0,0,0,0,0,0,0,0,0,0,0.0169765272631355,0,0,0,0,0,0,0,0,0.00848826363156775,0,0,0,0,0,0,0,0,0,0,0,0,0,0,0,0,0,0,0.00424413181578388,0,0,0,0,0.00141471060526129,0,0,0,0,0,0,0,0,0,0,0,0,0,0,0,0,0,0.00282942121052258,0,0,0,0,0,0,0,0,0.00707355302630646,0,0,0,0,0,0,0,0,0,0,0.00282942121052258,0,0,0,0,0,0,0,0,0,0,0,0,0,0,0,0,0,0,0.00141471060526129,0,0,0,0.00141471060526129,0,0,0,0,0,0,0,0,0,0,0,0,0,0,0,0.78659673488855,0.866504725839645,0,3.9408440583373,0,0,0,0,0,0,0,0,0.51136483215426,0,0,0,0,0,0,0,0,0,0,0,0,0,0,0,0.950685526735588,0,0,0,0,0,0,0,0,0,0,0,0,0,0,2.59250457694659,0.687471549207549,0,0,0,0,0,0,0,0,0,0,0,0,0,0,0,0,0,0,0.714110569916085,0,0,0,0,0,0,0,0,0,0,0,0,0,0.676343385971229,0,0,0,0,0,0,0,0,0,0,0,0,0,0,0,0,0,0,0,0,0,0,0,0,0,0.656178479613107,0,0,0,0.166285147183556,0,0,0,0.07858321293257,0.29268136805518,13.5938009926359,0,0,0,0,0,0,0,0,0,1.50621981056841,0,0.0197097481525003,0,0,0,0,0,0,0,0,0,0,0,0,0,0,0,0,0,0,0,0,0,0,0,0,0,0,0,0,0,0,0,0,0,0.657137603217807,0,0,0.499801163875258,0,0,0,0,1.12677983702039,0,0,0,0,0,0,0,0,0,0,0,0,0,0,0,0,0,0,0,0,0,0,0.483618820408573,0,0,0,0,0,0,0,0,0,0,0,0,0,0.0283640258272188,0,0,0,0,0,0,0,0,0,0,0,0,0,0,0,0,0,0,0,0.239576027062303,0.239576027062303,1.15884720134084,1.28214540025335,0,0,0,0,0,0,0,0,0,0,0,0,0,0,0,0,0,0,0,0,0,0,0,0,0,0,0,0,0.256670927719752,0,0,0,0,0,0,0,0,0,0,0,0,0,0,0,0,0,0,0,0.241597203613497,0,0,0,0,0,0,0,0,0,0.255246753338009,0,0.593172249581884,0,0,0,0,3.69801981214012,0,0,0,0,0,0,0,0,0,0,0,0,0,0,0,0.0728183419519697,0,0,0.0517806716895317,0,0,0,0,0,0,0,0,0.794257013922152,0,0,0,0,0,0,0,0,0,0,0,0,0,0,0,0,0,0,0,0,0,0,0,0.0121645375337763,0.0143058943670161,0,0,0,0.00392555880638058,0,0,0,0,0,0,0,0,0.232675331181417,0,0,0,1.39908257964594,0,0,0,0,0,2.20736305441496,0,0,0,0,0,0,0,0,0,0,0,1.19756641791073,0,0,0,0,0,0,0,0,2.08360599729785,0,3.97686429866646,0,0,0,0,0,0,0,0,0,9.7444193968774,0,0,0,0,0,0,0,0,0,0,0,0,0,0,0,0,0,0,0,0,0,0,0,0,0,0.147362760817283,0,0,0,0,0,0,0,0.143412944869723,0,0,0,0,0,0.241476876188603,0.543613952039408,0,0.270444201148021,0,0,0,0,0,0,0,0.0311495339606592,0,0,0,0,0,0,0,0,0,0,0,0,0.232246105318134,0,0,0,0,0.282777254134066,0,0,0,0,0,0,0,0,0,0,0,0,0,0,0,0.767800793835282,0,0,0,0,0,0,0,0,0,0,0,4.22003858682097,0,0,0,0,0,0,0,0.0151440526161405,0,0,0,0,0.51326481138905,0.00943308177864398,0,0,0,0.00627676278629307,0,0,0,0,0,0,0,0,0,0,0,0,0,0,0,0,0,0,0,0,1.01110557000805,0,0,0,0,0,0,0,0,1.64200282111863,0,0,0,0,0,0,0,0,0,0,0,0,0,0,0,0,0,0,2.59232462421758,0,0,0,0,0.828933669718323,0,0,0,0,0,0,0,0,0,0,0,0,0,0,0,0,0,0.0420075811426215,0,0,0,0,0,0,0,0,0.634806679255879,0,0,0,0,0,0,0,0,0,0,0.00580597232399234,0,0,0,0,0,0,0,0,0,0,0,0,0,0,0,0,0,0,0.732047673486458,0,0,0,0.161659299766892,0,0,73.49840127,78.13930138,83.64180139,82.00370139,60.39190104,74.93800133,60.88440104,67.27290123,77.25060134,55.06600094,78.5097014,"JAR-00101"
"113",2482,"nSPC",2010,"PRIAs","Pacific Remote Island Areas","Jarvis","Jarvis",2010,"ForereefMid","Jarvis","2010-04-02","Forereef","Mid",-0.36324,-160.00481,12.5,40,0,9.75,20,30.25,0,NA,0,2.5,NA,NA,NA,3,2,33.8808600893115,15.5113155620943,31.8524783171459,17.3106939663264,98.5553479348781,15.4226412452158,0,0,0,0,0,0.00424413181578388,0,0,0,0,0,0,0,0,0.00141471060526129,0,0.0537590029999291,0,0,0,0,0,0,0,0,0,0,0,0,0,0,0,0,0,0,0,0,0,0,0,0,0,0,0,0,0,0,0,0,0,0,0,0,0,0,0,0.00424413181578388,0,0,0,0,0,0,0,0,0.00141471060526129,0,0,0,0,0,0,0,0,0,0,0.0141471060526129,0,0,0,0,0.00848826363156775,0,0,0,0,0,0,0,0,0.00565884242104517,0,0,0,0,0,0,0,0,0,0,0,0,0,0,0,0,0,0,0,0,0,0,0,0,0,0.00565884242104517,0,0,0,0.0127323954473516,0,0,0,0,0.0537590029999291,0.0169765272631355,0,0,0,0,0,0,0,0,0,0.0410266075525775,0,0.0254647908947033,0,0,0,0,0,0.00282942121052258,0,0,0,0,0,0,0,0,0,0,0,0,0,0,0,0,0,0,0,0,0,0,0,0,0,0,0.00282942121052258,0.452707393683613,0,0,0,0,0,0,0,0,0,0,0,0,0,0,0,0,0,0,0,0,0,0,0,0,0,0,0,0,0,0,0.0848826363156775,0,0,0,0,0,0,0,0,0,0,0,0,0,0.00282942121052258,0,0,0,0.0212206590789194,0,0,0,0,0,0.00282942121052258,0,0,0,0,0,0,0,0,0,0,0,0,0.058003134815713,0,0,0,0,0,0,0,0,0,0,0,0,0,0,0,0,0,0,0,0,0,0,0,0,0,0,0,0,0.00282942121052258,0,0,0,0,0,0,0,0,0,0,0,0,0,0,0,0,0,0,0,0,0,0,0,0,0,0,0,0,0,0.00848826363156775,0,0,0,0,0,0,0,0,0,0,0,0,0,0,0,0,0,0,0,0.00141471060526129,0,0,0,0,0,0.00141471060526129,0,0,0,0,0,0,0,0,0.0155618166578742,0,0,0,0,0,0,0,0,0,0,0,0,0,0,0,0,0,0,0,0,0,0,0,0,0.00282942121052258,0,0,0,0.00565884242104517,0,0,0,0,0,0,0,0,0,0,0,0,0.00424413181578388,0,0,0,0,0,0.636619772367581,0,0,0,0,0,0,0,0,0,0,0.0282942121052258,0.0155618166578742,0.00141471060526129,0,0,0,0,0,0,0,0,0,0,0,0,0,0,0,0,0,0,0,0,0,0,0,0,0,0,0,0,0,0,0,0,0,0,0,0,0,0,0,0,0,0,0,0,0,0,0,0,0,0,0,0,0,0.0198059484736581,0,0,0,0,0,0.0127323954473516,0.00424413181578388,0,0.00990297423682904,0,0.00141471060526129,0,0,0,0,0,0.00141471060526129,0,0,0,0,0,0,0,0,0,0,0,0,0.0877120575262001,0,0,0,0,0.0325383439210097,0,0,0,0,0,0,0,0,0,0,0,0,0,0,0,0.00707355302630646,0,0,0,0,0,0,0,0,0,0,0,3.96118969473162,0,0,0,0,0,0,0,0.0141471060526129,0,0,0,0,0.0509295817894065,0.813458598025243,0,0,0,0,0,0,0,0,0,0,0,0,0,0,0,0,0,0,0,0,0,0,0,0,0,0,0,0,0,0,0,0,0,0.0127323954473516,0,0,0,0,0,0,0,0,0.00990297423682904,0,0,0,0,0,0,0,0,0,0.00424413181578388,0,0,0,0,0,0,0,0,0,0,0,0,0,0,0,0,0,0,0,0,0,0,0.0551737136051904,0,0,0,0,0,0,0,0,0.00424413181578388,0,0,0,0,0,0,0,0,0,0,0.00282942121052258,0,0,0,0,0,0,0,0,0,0,0,0,0,0,0.00141471060526129,0,0,0,0,0,0,0,0.00565884242104517,0,0,0,0,0,0,0,0.409098939276434,0,0,0,0,0,0,0,0,0.288834908613215,0,5.75620954351516,0,0,0,0,0,0,0,0,0,0,0,0,0,0,0,0,0,0,0,0,0,0,0,0,0,0,0,0,0,0,0,0,0,0,0,0,0,0,0,1.03424187185883,0,0,0,0,0,0,0,0,0.151274705675773,0,0,0,0,0,0,0,0,0,0,2.48535860137281,0,0,0,0,0.0200707335963261,0,0,0,0,0,0,0,0,0.485549321597557,0,0,0,0,0,0,0,0,0,0,0,0,0,0,0,0,0,0,0,0,0,0,0,0,0,3.05959462170723,0,0,0,0.0531969643202075,0,0,0,0,0.211725767315697,3.53216393854239,0,0,0,0,0,0,0,0,0,2.91854030875289,0,0.042047462725334,0,0,0,0,0,0.129284590143336,0,0,0,0,0,0,0,0,0,0,0,0,0,0,0,0,0,0,0,0,0,0,0,0,0,0,0.27473509157586,1.30978576380088,0,0,0,0,0,0,0,0,0,0,0,0,0,0,0,0,0,0,0,0,0,0,0,0,0,0,0,0,0,0,0.0996437267709738,0,0,0,0,0,0,0,0,0,0,0,0,0,0.0100874715797333,0,0,0,0.0781534810761099,0,0,0,0,0,1.65672584425016,0,0,0,0,0,0,0,0,0,0,0,0,6.56619455678366,0,0,0,0,0,0,0,0,0,0,0,0,0,0,0,0,0,0,0,0,0,0,0,0,0,0,0,0,0.35359787922812,0,0,0,0,0,0,0,0,0,0,0,0,0,0,0,0,0,0,0,0,0,0,0,0,0,0,0,0,0,0.230442190623232,0,0,0,0,0,0,0,0,0,0,0,0,0,0,0,0,0,0,0,0.0675706642620932,0,0,0,0,0,0.025043631547517,0,0,0,0,0,0,0,0,2.67120690851213,0,0,0,0,0,0,0,0,0,0,0,0,0,0,0,0,0,0,0,0,0,0,0,0,0.0136985311808475,0,0,0,0.0147361448190444,0,0,0,0,0,0,0,0,0,0,0,0,18.7274434319095,0,0,0,0,0,0.659359830636551,0,0,0,0,0,0,0,0,0,0,5.13445514724446,1.8143525191519,1.5866393475859,0,0,0,0,0,0,0,0,0,0,0,0,0,0,0,0,0,0,0,0,0,0,0,0,0,0,0,0,0,0,0,0,0,0,0,0,0,0,0,0,0,0,0,0,0,0,0,0,0,0,0,0,0,0.175740125514803,0,0,0,0,0,0.181911415939461,0.598924313775921,0,1.58757693385772,0,1.03956448202698,0,0,0,0,0,0.0155088176538089,0,0,0,0,0,0,0,0,0,0,0,0,0.596221379737578,0,0,0,0,0.179139554726495,0,0,0,0,0,0,0,0,0,0,0,0,0,0,0,1.14018261700489,0,0,0,0,0,0,0,0,0,0,0,5.42208140563576,0,0,0,0,0,0,0,0.0151204269490327,0,0,0,0,0.284108909163951,2.81806551935999,0,0,0,0,0,0,0,0,0,0,0,0,0,0,0,0,0,0,0,0,0,0,0,0,0,0,0,0,0,0,0,0,0,2.12171619143032,0,0,0,0,0,0,0,0,10.9883824454795,0,0,0,0,0,0,0,0,0,4.43425879973625,0,0,0,0,0,0,0,0,0,0,0,0,0,0,0,0,0,0,0,0,0,0,0.768710631074041,0,0,0,0,0,0,0,0,0.353461483534839,0,0,0,0,0,0,0,0,0,0,0.00580597232399234,0,0,0,0,0,0,0,0,0,0,0,0,0,0,3.47444230759714,0,0,0,0,0,0,0,0.483359760803749,0,0,86.1636015,86.74990152,93.42500155,94.34390158,72.64530123,90.6632016,72.94210125,75.69500137,85.66220149,76.74490131,90.31370161,"JAR-00111"
"114",2483,"nSPC",2010,"PRIAs","Pacific Remote Island Areas","Jarvis","Jarvis",2010,"ForereefShallow","Jarvis","2010-04-02","Forereef","Shallow",-0.36564,-160.00621,5,32.5,0,3.75,30,32.75,1,NA,0,3.75,NA,NA,NA,3,2,9.03211485274375,33.2915582817546,29.4616311681164,10.6268498092608,82.4121541118755,6.3370213895007,0,0,0,0,0,0,0,0,0,0,0,0,0.00282942121052258,0,0,0,0.106103295394597,0,0,0,0,0,0,0,0,0,0,0,0,0,0,0,0,0,0,0,0,0,0,0,0,0.00565884242104517,0,0,0,0,0,0,0,0,0,0,0,0,0,0,0.00424413181578388,0,0,0,0,0,0,0,0,0,0,0,0,0,0,0,0,0,0,0,0.00848826363156775,0,0,0,0,0,0,0,0,0,0,0,0,0,0.00565884242104517,0,0,0,0,0,0,0,0,0,0,0,0,0,0,0,0,0,0,0,0,0,0,0,0,0,0.00424413181578388,0,0,0,0.0636619772367581,0,0,0,0,0.0183912378683968,0.00707355302630646,0,0,0,0,0,0,0,0,0,0.0311236333157484,0,0,0,0,0,0,0,0.00282942121052258,0,0,0,0,0,0,0,0,0,0,0,0,0,0,0,0,0,0,0,0,0,0,0,0,0,0,0,0.452707393683613,0,0,0,0,0,0,0,0,0,0,0,0,0,0,0,0,0,0,0,0,0,0,0,0.00282942121052258,0,0,0.00282942121052258,0,0,0,0.91956189341984,0,0,0,0,0,0,0,0,0.00565884242104517,0,0,0,0,0,0,0,0,0.0551737136051904,0,0,0,0,0,0,0,0,0,0,0,0,0,0,0,0,0,0.00424413181578388,0.0353677651315323,0,0.00565884242104517,0,0,0,0,0,0,0,0,0,0,0,0,0,0,0,0,0,0,0,0,0,0,0,0,0,0,0,0,0,0,0,0,0,0,0,0,0,0,0,0,0,0,0,0,0,0,0,0,0,0,0,0,0,0,0,0,0.0127323954473516,0,0,0,0,0,0,0,0,0,0,0,0,0,0,0,0,0,0,0,0.00424413181578388,0,0,0,0,0,0.00282942121052258,0,0,0,0,0,0,0,0,0.0155618166578742,0,0,0,0,0,0,0,0,0,0,0,0,0,0,0,0,0,0,0,0,0,0,0,0,0.00282942121052258,0,0,0,0.00282942121052258,0,0,0,0,0,0,0,0,0.0353677651315323,0,0,0,0,0,0,0,0,0,0.565884242104517,0,0,0,0,0,0,0,0,0,0,0.00990297423682904,0.00424413181578388,0,0,0,0,0,0,0,0,0.0594178454209743,0,0,0,0,0,0,0,0,0,0,0,0,0,0,0,0,0,0,0,0,0,0,0,0,0,0,0,0,0,0,0,0,0,0,0,0,0,0,0,0,0,0,0,0,0,0.00848826363156775,0,0,0,0,0,0.00707355302630646,0.00848826363156775,0,0.00282942121052258,0,0,0,0,0,0,0,0.00141471060526129,0,0,0,0.00141471060526129,0,0,0,0,0,0,0,0,0.110347427210381,0,0,0,0,0.0353677651315323,0,0,0,0,0,0,0,0,0,0,0,0,0,0,0,0.00282942121052258,0,0,0,0,0,0,0,0,0,0,0,2.54647908947033,0,0,0,0,0,0.00141471060526129,0,0.0141471060526129,0,0,0,0,0.0113176848420903,1.37934284012976,0,0,0,0,0,0,0,0,0,0,0,0,0,0,0,0,0,0,0,0,0,0,0,0,0,0,0,0,0,0,0,0,0,0,0,0,0,0,0,0,0,0.00141471060526129,0.00424413181578388,0,0,0,0,0,0,0,0,0,0.00424413181578388,0,0,0,0,0,0,0,0,0,0,0,0,0,0,0,0,0,0,0,0,0,0,0.12025040144721,0,0,0.00848826363156775,0,0,0,0,0,0.00282942121052258,0,0,0,0,0,0,0,0,0,0,0.091956189341984,0,0,0,0,0,0,0,0.0664913984472807,0,0,0,0,0,0,0,0,0,0,0,0,0,0,0,0,0,0,0,0,0,0,0,0,0,0,0,0,0,0.595018280432999,0,0,0,12.5094091532764,0,0,0,0,0,0,0,0,0,0,0,0,0,0,0,0,0,0,0,0,0,0,0,0,0.444103831137717,0,0,0,0,0,0,0,0,0,0,0,0,0,0,1.03424187185883,0,0,0,0,0,0,0,0,0,0,0,0,0,0,0,0,0,0,0,0.351419929283136,0,0,0,0,0,0,0,0,0,0,0,0,0,0.452382899350569,0,0,0,0,0,0,0,0,0,0,0,0,0,0,0,0,0,0,0,0,0,0,0,0,0,1.95778261525518,0,0,0,0.474576705909107,0,0,0,0,0.0480747462039921,1.44864898909803,0,0,0,0,0,0,0,0,0,3.13468180994708,0,0,0,0,0,0,0,0.199971460248186,0,0,0,0,0,0,0,0,0,0,0,0,0,0,0,0,0,0,0,0,0,0,0,0,0,0,0,1.64174902203605,0,0,0,0,0,0,0,0,0,0,0,0,0,0,0,0,0,0,0,0,0,0,0,0.43901399551134,0,0,1.39386399524466,0,0,0,1.62532423190896,0,0,0,0,0,0,0,0,0.0345301117579147,0,0,0,0,0,0,0,0,0.169055869166882,0,0,0,0,0,0,0,0,0,0,0,0,0,0,0,0,0,0.239907363552548,5.04448568750218,0,0.478865126642068,0,0,0,0,0,0,0,0,0,0,0,0,0,0,0,0,0,0,0,0,0,0,0,0,0,0,0,0,0,0,0,0,0,0,0,0,0,0,0,0,0,0,0,0,0,0,0,0,0,0,0,0,0,0,0,0,0.61088975305436,0,0,0,0,0,0,0,0,0,0,0,0,0,0,0,0,0,0,0,0.20271199278628,0,0,0,0,0,0.0650268900287142,0,0,0,0,0,0,0,0,3.18285821956395,0,0,0,0,0,0,0,0,0,0,0,0,0,0,0,0,0,0,0,0,0,0,0,0,0.00889828028477043,0,0,0,0.00633331893089883,0,0,0,0,0,0,0,0,0.0904923882787201,0,0,0,0,0,0,0,0,0,0.512835423828429,0,0,0,0,0,0,0,0,0,0,1.95491538070396,0.711959583981303,0,0,0,0,0,0,0,0,21.6574019818767,0,0,0,0,0,0,0,0,0,0,0,0,0,0,0,0,0,0,0,0,0,0,0,0,0,0,0,0,0,0,0,0,0,0,0,0,0,0,0,0,0,0,0,0,0,0.153312706362897,0,0,0,0,0,0.203612530143583,1.25314703644104,0,0.500467612637146,0,0,0,0,0,0,0,0.0155088176538089,0,0,0,0.0228984481444696,0,0,0,0,0,0,0,0,0.723583657665199,0,0,0,0,0.17409021504186,0,0,0,0,0,0,0,0,0,0,0,0,0,0,0,0.38366612084141,0,0,0,0,0,0,0,0,0,0,0,2.78192866814866,0,0,0,0,0,1.93911388289569,0,0.0151204269490327,0,0,0,0,0.0325547642223814,2.9077543548238,0,0,0,0,0,0,0,0,0,0,0,0,0,0,0,0,0,0,0,0,0,0,0,0,0,0,0,0,0,0,0,0,0,0,0,0,0,0,0,0,0,0.828933669718323,2.32469533786885,0,0,0,0,0,0,0,0,0,3.18339238191352,0,0,0,0,0,0,0,0,0,0,0,0,0,0,0,0,0,0,0,0,0,0,1.33337052327569,0,0,0.126022743427865,0,0,0,0,0,0.155936193522805,0,0,0,0,0,0,0,0,0,0,0.119156830149343,0,0,0,0,0,0,0,0.512456281386219,0,0,0,0,0,0,0,0,0,0,0,0,0,0,0,0,0,73.32760126,77.67590137,83.27670139,81.62810138,60.08690104,74.69680133,60.57260103,66.90450123,76.56090133,54.77490094,77.92030139,"JAR-00119"
"115",2484,"nSPC",2010,"PRIAs","Pacific Remote Island Areas","Jarvis","Jarvis",2010,"ForereefMid","Jarvis","2010-04-02","Forereef","Mid",-0.36926,-160.00839,15,47.5,0,2.25,22.5,27.75,0,NA,0,3.5,NA,NA,NA,3,2,47.0823290905014,20.2471413133939,15.9977279919286,12.2795040477357,95.6067024435596,10.7590368333518,0,0,0,0,0,0,0,0,0,0,0,0,0,0,0,0,0.00565884242104517,0,0,0,0,0,0,0,0,0.0282942121052258,0,0,0,0,0,0,0,0,0,0,0,0,0,0,0,0.00282942121052258,0,0,0,0,0,0,0,0,0,0,0,0,0,0,0.00565884242104517,0,0,0,0,0,0,0,0,0,0,0,0,0,0,0,0,0,0,0,0.00848826363156775,0,0,0,0,0,0,0,0,0,0,0,0,0,0.00990297423682904,0,0,0,0,0,0,0,0,0,0.00141471060526129,0,0,0,0,0,0,0,0,0,0,0,0,0,0,0,0.00282942121052258,0,0,0,0.024050080289442,0,0,0,0,0.067906109052542,0.0721502408683259,0,0,0,0,0,0,0,0,0,0.0155618166578742,0,0,0,0,0,0,0,0.00282942121052258,0,0,0,0,0,0,0,0,0,0,0,0,0,0,0,0,0,0,0,0,0,0,0,0,0,0,0.00707355302630646,0.763943726841098,0,0,0,0,0,0,0,0,0,0,0,0,0,0,0,0,0,0,0,0,0,0,0,0,0,0,0,0,0,0,0.0565884242104517,0,0,0,0,0,0,0,0,0,0,0,0,0,0,0,0,0,0.0481001605788839,0,0,0,0,0,0.00141471060526129,0,0,0,0,0,0,0,0,0,0.0141471060526129,0.00282942121052258,0.00424413181578388,0.0268795014999645,0,0,0,0,0,0,0,0,0,0,0,0,0,0,0,0,0,0,0,0,0,0,0,0,0,0,0,0,0,0,0,0,0,0,0,0,0,0,0,0.00141471060526129,0,0,0,0,0,0,0,0,0,0,0,0,0,0,0,0,0,0,0.00424413181578388,0,0.00141471060526129,0,0,0,0,0,0,0,0,0.00141471060526129,0,0,0,0,0,0,0,0,0,0,0,0.00141471060526129,0,0,0.00282942121052258,0,0,0,0,0,0,0,0,0,0,0,0,0,0.0155618166578742,0,0,0,0,0,0,0,0,0,0,0,0,0,0,0,0,0,0,0,0.00565884242104517,0,0,0,0.0155618166578742,0,0,0,0,0,0,0,0,0.0353677651315323,0,0,0,0.00282942121052258,0,0,0,0,0,6.93208196578033,0,0,0,0,0,0,0,0,0,0,0,0.00848826363156775,0.00141471060526129,0,0,0,0,0,0,0,0,0,0,0,0,0,0,0,0,0,0,0,0.00141471060526129,0,0,0,0,0,0,0,0,0,0,0,0,0,0,0,0,0,0,0,0,0,0,0,0,0,0,0,0,0,0,0,0,0,0.00424413181578388,0,0,0,0,0,0.00424413181578388,0,0,0.00282942121052258,0,0,0,0,0,0,0,0,0,0,0,0,0,0,0,0,0,0,0,0,0.135812218105084,0,0,0,0,0.241915513499681,0,0,0,0,0,0,0,0,0,0,0,0,0,0,0,0,0,0,0,0,0,0,0,0,0,0,0,6.50766878420194,0,0,0,0,0,0,0,0.0141471060526129,0,0,0,0,0.0509295817894065,0,0,0,0,0,0,0,0,0,0,0,0,0,0,0,0,0,0,0,0,0,0,0,0,0,0.0113176848420903,0,0,0,0,0,0,0,0,0.0113176848420903,0,0,0,0,0,0,0,0.00141471060526129,0.00565884242104517,0,0,0,0,0.00282942121052258,0,0,0,0,0.00282942121052258,0,0,0,0,0.00282942121052258,0,0,0,0,0,0,0,0,0,0,0,0,0,0,0,0,0,0.0353677651315323,0,0,0,0,0,0,0,0,0.00141471060526129,0,0,0,0,0,0,0,0,0,0,0,0,0,0,0,0,0,0,0,0,0,0,0,0,0,0,0,0,0,0,0,0,0,0.00141471060526129,0,0,0,0,0,0,0,0,0,0,0,0,0,0,0,0,0,0,0.571219563274341,0,0,0,0,0,0,0,0,1.4610423775836,0,0,0,0,0,0,0,0,0,0,0,0,0,0,0,0.173262437247561,0,0,0,0,0,0,0,0,0,0,0,0,0,0,1.11637218869198,0,0,0,0,0,0,0,0,0,0,0,0,0,0,0,0,0,0,0,0.968976219837449,0,0,0,0,0,0,0,0,0,0,0,0,0,0.511369361520421,0,0,0,0,0,0,0,0,0,0.459454116524575,0,0,0,0,0,0,0,0,0,0,0,0,0,0,0,1.02360206127101,0,0,0,0.141147236906637,0,0,0,0,0.24422535574137,23.5937261459154,0,0,0,0,0,0,0,0,0,0.955822985420487,0,0,0,0,0,0,0,0.129284590143336,0,0,0,0,0,0,0,0,0,0,0,0,0,0,0,0,0,0,0,0,0,0,0,0,0,0,0.619967348615148,1.85855625171355,0,0,0,0,0,0,0,0,0,0,0,0,0,0,0,0,0,0,0,0,0,0,0,0,0,0,0,0,0,0,0.0255496735310189,0,0,0,0,0,0,0,0,0,0,0,0,0,0,0,0,0,0.162859413484106,0,0,0,0,0,0.535291246356494,0,0,0,0,0,0,0,0,0,0.53496569755972,0.0543404474896412,0.271892298988911,1.38792589575789,0,0,0,0,0,0,0,0,0,0,0,0,0,0,0,0,0,0,0,0,0,0,0,0,0,0,0,0,0,0,0,0,0,0,0,0,0,0,0,0.558057090515746,0,0,0,0,0,0,0,0,0,0,0,0,0,0,0,0,0,0,0.132489835800636,0,0.175306360324841,0,0,0,0,0,0,0,0,1.25334517684868,0,0,0,0,0,0,0,0,0,0,0,0.0364091709759848,0,0,0.00240840333439682,0,0,0,0,0,0,0,0,0,0,0,0,0,1.39778783700116,0,0,0,0,0,0,0,0,0,0,0,0,0,0,0,0,0,0,0,0.0177965605695409,0,0,0,0.0233139065698451,0,0,0,0,0,0,0,0,0.0732622034040613,0,0,0,18.2804478516971,0,0,0,0,0,4.24242426008333,0,0,0,0,0,0,0,0,0,0,0,1.40775727311228,3.11431522498451,0,0,0,0,0,0,0,0,0,0,0,0,0,0,0,0,0,0,0,3.46206966588963,0,0,0,0,0,0,0,0,0,0,0,0,0,0,0,0,0,0,0,0,0,0,0,0,0,0,0,0,0,0,0,0,0,0.062167169268277,0,0,0,0,0,0.125649229816166,0,0,0.37361170425437,0,0,0,0,0,0,0,0,0,0,0,0,0,0,0,0,0,0,0,0,0.660676328050485,0,0,0,0,1.36417732479259,0,0,0,0,0,0,0,0,0,0,0,0,0,0,0,0,0,0,0,0,0,0,0,0,0,0,0,7.72644904418757,0,0,0,0,0,0,0,0.0162544589702101,0,0,0,0,0.323527048151326,0,0,0,0,0,0,0,0,0,0,0,0,0,0,0,0,0,0,0,0,0,0,0,0,0,1.13687920650171,0,0,0,0,0,0,0,0,1.56506859486755,0,0,0,0,0,0,0,1.99076823544504,3.19135322338223,0,0,0,0,1.32560799100362,0,0,0,0,2.5934400440843,0,0,0,0,1.65786733943665,0,0,0,0,0,0,0,0,0,0,0,0,0,0,0,0,0,0.329088606575894,0,0,0,0,0,0,0,0,0.0528037903992567,0,0,0,0,0,0,0,0,0,0,0,0,0,0,0,0,0,0,0,0,0,0,0,0,0,0,0,0,0,0,0,0,0,0.133269369686005,0,0,57.34080097,65.51460116,69.80590116,69.6215012,46.9066008,51.01160088,42.28410073,55.99980101,61.85670107,46.15270078,49.40630088,"JAR-00109"
"116",2486,"nSPC",2010,"PRIAs","Pacific Remote Island Areas","Jarvis","Jarvis",2010,"ForereefMid","Jarvis","2010-04-03","Forereef","Mid",-0.38041,-159.9736,9,7.5,1.25,5,48.75,37.5,0,NA,0,2.5,NA,NA,NA,4,2,25.3091740498804,7.38149025862571,39.2467261917281,13.857730384309,85.7951208845432,12.5130208554237,0,0,0,0,0,0,0,0,0,0,0,0,0,0.00282942121052258,0,0,0.157032877184003,0,0,0,0,0.00565884242104517,0,0,0,0,0,0,0,0,0.00141471060526129,0,0,0,0,0,0,0,0,0,0,0.00424413181578388,0,0,0,0,0,0,0,0,0,0,0,0,0,0,0.00282942121052258,0,0,0,0,0,0,0,0,0.00707355302630646,0,0,0,0,0,0,0,0,0,0,0,0,0,0,0,0,0,0,0,0,0,0,0,0,0.00282942121052258,0,0,0,0,0,0,0.00282942121052258,0,0,0.00141471060526129,0,0,0,0,0,0,0,0,0,0,0,0,0,0,0,0.00848826363156775,0,0,0,0.0155618166578742,0,0,0,0,0,0,0,0,0,0,0,0,0,0,0,0.0198059484736581,0,0,0,0,0,0,0,0,0,0,0,0,0,0,0,0,0,0,0,0,0,0,0,0,0,0,0,0,0,0,0,0,0,0,0,0.0495148711841452,0,0,0.00282942121052258,0,0,0,0,0.00282942121052258,0,0,0,0,0,0,0.00424413181578388,0,0,0,0,0,0,0,0,0.00141471060526129,0,0,0,0,0,0,0.360751204341629,0,0,0,0,0,0,0,0,0,0,0,0,0,0,0,0,0,0.0268795014999645,0,0,0,0,0,0.00565884242104517,0,0.00990297423682904,0,0,0,0,0,0,0,0,0,0,0.0622472666314969,0,0,0,0,0,0,0,0,0,0,0,0,0,0,0,0,0,0,0,0,0,0,0,0,0,0,0,0,0,0,0,0,0,0,0,0,0,0,0,0,0,0,0,0,0,0,0,0,0,0,0,0,0,0,0,0,0,0,0.0155618166578742,0,0,0,0,0,0,0,0,0,0,0,0,0,0,0,0,0,0,0,0.00707355302630646,0,0,0,0,0,0.00707355302630646,0,0,0,0,0,0,0,0,0.00707355302630646,0,0,0,0,0,0,0,0,0,0,0,0,0,0,0,0,0,0,0,0,0,0,0,0,0.00141471060526129,0,0,0,0,0,0,0,0,0,0,0,0,0,0,0,0,0.00565884242104517,0,0,0,0,0,0,0,0,0,0,0,0,0,0,0,0,0.0169765272631355,0.0127323954473516,0,0,0,0,0,0,0,0,0.00424413181578388,0,0.0141471060526129,0,0,0,0,0,0,0,0,0,0,0,0,0,0,0,0,0,0,0,0,0,0,0,0,0,0,0,0,0,0,0.00141471060526129,0,0,0,0,0.00141471060526129,0,0,0,0,0,0,0,0,0,0,0,0,0,0.00141471060526129,0.00565884242104517,0,0.00282942121052258,0,0.00141471060526129,0,0,0,0,0,0,0,0,0,0,0,0.00848826363156775,0,0,0,0,0,0,0.0933708999472453,0,0,0,0,0,0,0,0,0,0,0,0,0,0,0,0,0,0,0,0,0.00282942121052258,0,0,0,0,0,0,0,0,0,0,0,0,0,0,0,0,0,0,0,0,0.00424413181578388,0,0,0,0,0.926635446446146,0,0,0,0,0,0,0,0,0,0,0,0,0,0,0,0,0,0,0,0,0,0,0,0,0,0,0,0,0,0,0,0,0,0,0,0,0,0,0,0,0,0,0.00848826363156775,0,0,0,0,0,0,0,0,0,0.00424413181578388,0,0,0,0,0.00141471060526129,0,0,0,0,0,0,0,0,0,0,0,0,0,0,0,0,0,0.132982796894561,0,0,0,0,0,0,0,0,0.00565884242104517,0,0,0,0,0,0,0,0,0,0,0.645108035999149,0,0,0,0,0,0,0.00141471060526129,0.116006269631426,0,0,0,0,0,0,0.00141471060526129,0,0,0,0,0,0.00565884242104517,0,0.00282942121052258,0,0,0,0,0,0,0,0,0,0,0,0,0,0,0,1.02519978942137,0,0,14.8864391927173,0,0,0,0,2.14274221221788,0,0,0,0,0,0,0,0,0.133442577841271,0,0,0,0,0,0,0,0,0,0,0.331432741758194,0,0,0,0,0,0,0,0,0,0,0,0,0,0,0.727155592261883,0,0,0,0,0,0,0,0,0.517424405227944,0,0,0,0,0,0,0,0,0,0,0,0,0,0,0,0,0,0,0,0,0,0,0,0,0.352155487220625,0,0,0,0,0,0,1.05008989415361,0,0,0.183617672059171,0,0,0,0,0,0,0,0,0,0,0,0,0,0,0,2.9153001743755,0,0,0,0.1306662343574,0,0,0,0,0,0,0,0,0,0,0,0,0,0,0,1.25218203283081,0,0,0,0,0,0,0,0,0,0,0,0,0,0,0,0,0,0,0,0,0,0,0,0,0,0,0,0,0,0,0,0,0,0,0,0.0905188433670385,0,0,0.223531678154915,0,0,0,0,0.27473509157586,0,0,0,0,0,0,0.230549977133909,0,0,0,0,0,0,0,0,0.159021080565231,0,0,0,0,0,0,0.440366873073919,0,0,0,0,0,0,0,0,0,0,0,0,0,0,0,0,0,0.0762322882757369,0,0,0,0,0,3.20814975209574,0,0.152320375988192,0,0,0,0,0,0,0,0,0,0,5.82080418556997,0,0,0,0,0,0,0,0,0,0,0,0,0,0,0,0,0,0,0,0,0,0,0,0,0,0,0,0,0,0,0,0,0,0,0,0,0,0,0,0,0,0,0,0,0,0,0,0,0,0,0,0,0,0,0,0,0,0,1.01694452110554,0,0,0,0,0,0,0,0,0,0,0,0,0,0,0,0,0,0,0,0.725696362671678,0,0,0,0,0,0.059909032943121,0,0,0,0,0,0,0,0,1.28413592875901,0,0,0,0,0,0,0,0,0,0,0,0,0,0,0,0,0,0,0,0,0,0,0,0,0.00270380704112285,0,0,0,0,0,0,0,0,0,0,0,0,0,0,0,0,18.9341410242808,0,0,0,0,0,0,0,0,0,0,0,0,0,0,0,0,2.7131127677655,0.845398118196518,0,0,0,0,0,0,0,0,0.159412882929728,0,1.03196146813505,0,0,0,0,0,0,0,0,0,0,0,0,0,0,0,0,0,0,0,0,0,0,0,0,0,0,0,0,0,0,0.148272620347041,0,0,0,0,0.0577634672178658,0,0,0,0,0,0,0,0,0,0,0,0,0,0.0102173073532955,0.685984452137421,0,0.37361170425437,0,0.172385211248231,0,0,0,0,0,0,0,0,0,0,0,0.381016933761997,0,0,0,0,0,0,0.596283198002138,0,0,0,0,0,0,0,0,0,0,0,0,0,0,0,0,0,0,0,0,0.419549406517499,0,0,0,0,0,0,0,0,0,0,0,0,0,0,0,0,0,0,0,0,0.152550369413972,0,0,0,0,3.05253701634124,0,0,0,0,0,0,0,0,0,0,0,0,0,0,0,0,0,0,0,0,0,0,0,0,0,0,0,0,0,0,0,0,0,0,0,0,0,0,0,0,0,0,7.99490318223838,0,0,0,0,0,0,0,0,0,2.86662512171514,0,0,0,0,0.601402657316601,0,0,0,0,0,0,0,0,0,0,0,0,0,0,0,0,0,1.53968457617613,0,0,0,0,0,0,0,0,0.261543774321318,0,0,0,0,0,0,0,0,0,0,0.544524941386282,0,0,0,0,0,0,0.572515698066679,0.301181136059529,0,0,0,0,0,0,0.784193466640661,0,0,0,0,0,0.914341838583779,0,0.26653873937201,0,0,140.9036025,136.6230023,139.7349024,138.2961024,138.2601024,151.7374027,136.9483024,139.2842024,151.3436027,155.9558028,144.7767026,"JAR-00113"
"117",2487,"nSPC",2010,"PRIAs","Pacific Remote Island Areas","Jarvis","Jarvis",2010,"ForereefDeep","Jarvis","2010-04-03","Forereef","Deep",-0.37661,-159.97189,19,17.5,0,6,47.5,27.5,1.5,NA,0,2,NA,NA,NA,2,1,87.7189743780618,112.479441225628,20.173573518659,29.9456888364365,250.317677958785,2.88354580335767,0,0,0,0,0,0,0,0,0,0,0,0,0,0,0,0,0.0452707393683613,0,0,0,0,0.00282942121052258,0,0,0,0,0,0.00282942121052258,0,0,0,0,0,0,0,0,0,0,0,0,0,0,0,0,0,0,0,0,0,0,0,0,0,0,0,0,0.0113176848420903,0,0,0,0,0,0,0,0,0.00565884242104517,0,0,0,0,0,0,0,0,0,0,0.0141471060526129,0,0,0,0,0,0,0,0,0,0,0.00282942121052258,0,0,0.00282942121052258,0,0,0,0,0,0,0,0,0,0.00282942121052258,0,0,0,0,0,0,0,0,0,0,0,0,0,0,0,0.00282942121052258,0,0,0,0.00565884242104517,0,0,0,0,0.132982796894561,0.0877120575262001,0,0,0,0,0,0,0,0,0,0.0424413181578388,0,0,0,0,0,0,0,0.00565884242104517,0,0,0,0,0,0,0,0,0,0,0,0,0,0,0,0,0,0,0,0,0,0,0,0,0,0,0,0.933708999472453,0,0,0,0,0,0,0,0,0,0,0,0,0,0,0,0,0,0,0,0,0,0,0,0,0,0,0,0,0,0,0,0,0,0,0,0,0,0,0,0,0,0,0,0,0.00848826363156775,0,0,0,0,0,0,0,0,0,0.00282942121052258,0,0.0396118969473162,0,0,0,0,0,0,0,0,0,0,0.0537590029999291,0,0,0,0,0,0,0,0,0,0,0,0,0,0,0,0,0,0,0,0,0,0,0,0,0,0,0,0,0.0169765272631355,0,0,0,0,0,0,0,0,0,0,0.00848826363156775,0,0,0,0.00282942121052258,0,0,0,0,0.00848826363156775,0,0,0,0,0,0,0,0,0,0.00565884242104517,0,0,0,0,0,0,0,0,0,0,0,0,0,0,0,0,0,0,0,0,0,0,0,0,0,0,0,0,0,0,0,0,0,0,0.00565884242104517,0,0,0,0,0,0,0,0,0,0,0,0,0,0,0,0,0,0,0,0,0,0,0,0,0.00565884242104517,0,0,0,0,0,0,0,0,0,0,0,0,0.565884242104517,0,0,0,0.0141471060526129,0,0,0.00565884242104517,0,0,5.09295817894065,0,0,0,0,0,0,0,0,0,0,0.0763943726841098,0.0311236333157484,0,0,0,0,0,0,0,0,0.0226353696841807,0,0.0452707393683613,0,0,0,0,0,0,0,0,0,0,0,0.0282942121052258,0,0,0,0,0,0,0,0.00565884242104517,0,0,0,0,0,0,0,0,0,0,0,0.0141471060526129,0,0,0,0,0,0,0,0,0,0,0,0,0,0,0,0,0,0.00848826363156775,0,0,0.0141471060526129,0,0,0,0,0,0,0,0,0,0,0,0,0,0,0,0,0,0,0,0,0.033953054526271,0,0,0,0,0.00848826363156775,0,0,0,0,0,0,0,0,0,0,0,0,0,0,0,0.00565884242104517,0,0,0,0,0,0,0,0,0,0,0,4.81001605788839,0,0,0,0,0,0.00282942121052258,0,0.0226353696841807,0,0,0,0,0.0141471060526129,0.282942121052258,0,0,0,0,0,0,0,0,0,0,0,0,0,0,0,0,0,0,0,0,0,0,0,0,0,0,0,0,0,0,0,0,0,0.0424413181578388,0,0,0,0,0,0,0,0,0.00282942121052258,0,0,0,0,0,0,0,0,0,0.00282942121052258,0,0,0,0,0,0,0,0,0,0,0,0,0,0,0,0,0,0,0,0,0,0,0,0,0,0,0,0,0,0,0,0.0113176848420903,0,0,0,0,0,0,0,0,0,0,0,0,0,0,0,0,0,0,0,0,0,0,0,0,0,0.00565884242104517,0,0,0.00848826363156775,0,0,0,0,0,0,0,0,0,0,0,0,0,0,0,0,0,0,0,0,0,0,0,3.30297397196076,0,0,0,0,1.27795397163269,0,0,0,0,0,2.2027318344512,0,0,0,0,0,0,0,0,0,0,0,0,0,0,0,0,0,0,0,0,0,0,0,0,0,0,0,0,3.20856365273261,0,0,0,0,0,0,0,0,0.329490906017824,0,0,0,0,0,0,0,0,0,0,1.60688409258252,0,0,0,0,0,0,0,0,0,0,0.391157145717067,0,0,0.132368795674075,0,0,0,0,0,0,0,0,0,0.819923672365924,0,0,0,0,0,0,0,0,0,0,0,0,0,0,0,4.7659830110763,0,0,0,0.0412580988084822,0,0,0,0,0.473913197019879,27.6063298966598,0,0,0,0,0,0,0,0,0,1.76842258788363,0,0,0,0,0,0,0,0.399942920496372,0,0,0,0,0,0,0,0,0,0,0,0,0,0,0,0,0,0,0,0,0,0,0,0,0,0,0,1.53809034656734,0,0,0,0,0,0,0,0,0,0,0,0,0,0,0,0,0,0,0,0,0,0,0,0,0,0,0,0,0,0,0,0,0,0,0,0,0,0,0,0,0,0,0,0,0.0302624147391998,0,0,0,0,0,0,0,0,0,0.56674907181873,0,0.930958485695262,0,0,0,0,0,0,0,0,0,0,4.16652361804464,0,0,0,0,0,0,0,0,0,0,0,0,0,0,0,0,0,0,0,0,0,0,0,0,0,0,0,0,2.80822228591961,0,0,0,0,0,0,0,0,0,0,4.68988888607875,0,0,0,2.41053586544753,0,0,0,0,0.274772167306874,0,0,0,0,0,0,0,0,0,0.330408937026574,0,0,0,0,0,0,0,0,0,0,0,0,0,0,0,0,0,0,0,0,0,0,0,0,0,0,0,0,0,0,0,0,0,0,0.400999155177071,0,0,0,0,0,0,0,0,0,0,0,0,0,0,0,0,0,0,0,0,0,0,0,0,0.0108152281644914,0,0,0,0,0,0,0,0,0,0,0,0,1.04873487465443,0,0,0,31.8874944576647,0,0,1.39561111624549,0,0,2.75411616500453,0,0,0,0,0,0,0,0,0,0,18.6358826557582,5.82467302338365,0,0,0,0,0,0,0,0,2.92670310722806,0,5.88008588607703,0,0,0,0,0,0,0,0,0,0,0,70.5354790459505,0,0,0,0,0,0,0,6.00899896838784,0,0,0,0,0,0,0,0,0,0,0,1.34680449620875,0,0,0,0,0,0,0,0,0,0,0,0,0,0,0,0,0,0.056262186123294,0,0,1.90276268645837,0,0,0,0,0,0,0,0,0,0,0,0,0,0,0,0,0,0,0,0,0.183916457509677,0,0,0,0,0.0875797330635743,0,0,0,0,0,0,0,0,0,0,0,0,0,0,0,1.70428036255708,0,0,0,0,0,0,0,0,0,0,0,6.91649468433156,0,0,0,0,0,7.46577183464558,0,0.0241926831184523,0,0,0,0,0.0460328539852743,0.42492211860948,0,0,0,0,0,0,0,0,0,0,0,0,0,0,0,0,0,0,0,0,0,0,0,0,0,0,0,0,0,0,0,0,0,4.16159873084142,0,0,0,0,0,0,0,0,2.02959667379003,0,0,0,0,0,0,0,0,0,0.853949129567643,0,0,0,0,0,0,0,0,0,0,0,0,0,0,0,0,0,0,0,0,0,0,0,0,0,0,0,0,0,0,0,0.86912349915258,0,0,0,0,0,0,0,0,0,0,0,0,0,0,0,0,0,0,0,0,0,0,0,0,0,8.51727154847559,0,0,0.343214762927239,0,0,0,0,0,0,0,142.4084025,143.5751025,143.2477024,144.2322025,139.7353024,154.3369027,141.5030024,141.9031025,156.0661027,159.5056028,146.5177026,"JAR-00106"
"118",2488,"nSPC",2010,"PRIAs","Pacific Remote Island Areas","Jarvis","Jarvis",2010,"ForereefShallow","Jarvis","2010-04-03","Forereef","Shallow",-0.38155,-160.00661,6,21.25,0,5,15,58.75,0,NA,0,3,NA,NA,NA,4,2,39.6850018754308,2.40520842186651,37.7189438835697,8.92049248533238,88.7296466661994,7.21487195073557,0,0,0,0,0,0,0,0,0,0,0,0,0.0452707393683613,0.00282942121052258,0,0,0.0495148711841452,0,0,0.00848826363156775,0,0.00282942121052258,0,0,0,0,0,0,0,0,0,0,0,0,0,0,0,0,0,0,0,0.00565884242104517,0,0,0,0,0,0,0,0,0,0,0,0,0,0,0,0,0,0,0,0,0,0,0,0,0,0,0,0,0,0,0,0,0,0,0.00141471060526129,0,0,0,0,0,0,0,0,0,0,0,0,0,0,0,0,0,0,0,0,0,0,0,0,0,0,0,0,0,0,0,0,0,0,0,0,0,0,0,0.00424413181578388,0,0,0,0.0141471060526129,0,0,0,0,0,0,0,0,0,0,0,0,0,0,0,0.00990297423682904,0,0,0,0,0,0,0,0,0,0,0,0,0,0,0,0,0,0,0,0,0,0,0,0,0,0,0,0,0,0,0,0,0,0,0.00282942121052258,0,0,0,0,0,0,0,0,0,0,0,0,0,0,0,0.00282942121052258,0,0,0,0,0,0,0,0,0,0,0,0,0,0,0,0.58003134815713,0,0,0,0,0,0,0,0,0.00424413181578388,0,0,0,0,0.00141471060526129,0.00707355302630646,0,0,0.0806385044998936,0,0,0,0,0,0,0,0,0,0,0,0,0,0,0,0,0,0,0.0792237938946324,0,0.00707355302630646,0,0,0,0,0,0,0,0,0,0,0,0,0,0,0,0,0,0,0,0,0,0,0,0,0,0,0,0,0,0,0,0,0,0,0,0,0,0,0,0,0,0,0,0.00141471060526129,0,0,0,0,0,0,0,0,0,0,0,0,0.0127323954473516,0,0,0,0,0,0,0,0,0,0,0,0,0,0,0,0,0,0,0,0.00141471060526129,0,0,0,0,0,0,0,0,0,0,0,0,0,0,0.00990297423682904,0,0,0,0,0,0,0,0,0,0,0,0,0,0,0,0,0,0,0,0,0,0,0,0,0.00141471060526129,0,0,0,0.00424413181578388,0,0,0,0,0,0,0,0,0,0,0,0,0.0113176848420903,0,0,0,0,0,0,0,0,0,0,0,0,0,0,0,0,0.00848826363156775,0.0381971863420549,0,0,0,0,0,0,0,0,0,0,0,0,0,0,0,0,0,0,0,0,0,0,0,0.00141471060526129,0,0,0,0,0,0,0,0,0,0,0,0,0,0,0,0,0,0,0,0,0,0,0.00282942121052258,0,0,0,0,0,0,0,0.00424413181578388,0,0,0,0,0,0,0.00707355302630646,0,0.00282942121052258,0,0,0,0,0,0.00141471060526129,0,0,0,0,0,0.00141471060526129,0,0,0,0,0,0,0,0,0.343774677078494,0,0,0,0,0,0,0,0,0,0,0,0,0,0,0,0,0,0,0,0,0,0,0,0,0,0,0,0,0,0,0,0,0,0,0,0,0,0,0,0,0,0,0,0,0,0,0,0,0,0,0,0,0,0,0,0,0,0,0,0,0,0,0,0,0,0,0,0,0,0,0.00424413181578388,0,0,0,0,0,0,0,0,0,0,0,0,0,0,0,0,0,0,0.00565884242104517,0,0,0,0,0,0,0,0,0,0.00282942121052258,0,0,0,0,0.00282942121052258,0,0,0,0,0,0,0,0,0,0,0,0,0,0,0,0,0,0.130153375684039,0,0,0.0155618166578742,0,0,0,0,0,0.00565884242104517,0.00282942121052258,0,0,0,0,0,0,0,0,0,0.264550883183862,0,0,0,0,0,0,0.00141471060526129,0.16410643021031,0,0.00141471060526129,0,0,0,0,0.00141471060526129,0,0,0,0,0,0,0,0,0,0,0,0,0,0,0,0,0,0,0,0,0,0,7.80735538586972,0.63139515305069,0,0,4.62770406943131,0,0,0.699598218124827,0,0.468452961248233,0,0,0,0,0,0,0,0,0,0,0,0,0,0,0,0,0,0,0,0.322029867720325,0,0,0,0,0,0,0,0,0,0,0,0,0,0,0,0,0,0,0,0,0,0,0,0,0,0,0,0,0,0,0,0,0,0,0.193691726060669,0,0,0,0,0,0,0,0,0,0,0,0,0,0,0,0,0,0,0,0,0,0,0,0,0,0,0,0,0,0,0,0,0,0,0,0,0,0,0,1.2042867998052,0,0,0,0.131001571247845,0,0,0,0,0,0,0,0,0,0,0,0,0,0,0,0.747005621218777,0,0,0,0,0,0,0,0,0,0,0,0,0,0,0,0,0,0,0,0,0,0,0,0,0,0,0,0,0,0,0,0,0,0,0.27473509157586,0,0,0,0,0,0,0,0,0,0,0,0,0,0,0,0.140994330926856,0,0,0,0,0,0,0,0,0,0,0,0,0,0,0,0.647136731007094,0,0,0,0,0,0,0,0,0.0137658446502058,0,0,0,0,0.0029310940847141,0.466443950718579,0,0,0.275899613332627,0,0,0,0,0,0,0,0,0,0,0,0,0,0,0,0,0,0,7.82318636527843,0,0.628926371046742,0,0,0,0,0,0,0,0,0,0,0,0,0,0,0,0,0,0,0,0,0,0,0,0,0,0,0,0,0,0,0,0,0,0,0,0,0,0,0,0,0,0,0,0.0125924142317761,0,0,0,0,0,0,0,0,0,0,0,0,0.481100965639069,0,0,0,0,0,0,0,0,0,0,0,0,0,0,0,0,0,0,0,0.0546954087062533,0,0,0,0,0,0,0,0,0,0,0,0,0,0,1.53147034976108,0,0,0,0,0,0,0,0,0,0,0,0,0,0,0,0,0,0,0,0,0,0,0,0,0.00684926559042375,0,0,0,0.0143978916517728,0,0,0,0,0,0,0,0,0,0,0,0,37.0433951535217,0,0,0,0,0,0,0,0,0,0,0,0,0,0,0,0,1.42391916796261,5.24500166316293,0,0,0,0,0,0,0,0,0,0,0,0,0,0,0,0,0,0,0,0,0,0,0,0.380539461660544,0,0,0,0,0,0,0,0,0,0,0,0,0,0,0,0,0,0,0,0,0,0,0.184029903042103,0,0,0,0,0,0,0,0.072975764159981,0,0,0,0,0,0,0.572345616616535,0,0.322027952701195,0,0,0,0,0,0.027332382078102,0,0,0,0,0,0.0161849260545451,0,0,0,0,0,0,0,0,2.08593125950755,0,0,0,0,0,0,0,0,0,0,0,0,0,0,0,0,0,0,0,0,0,0,0,0,0,0,0,0,0,0,0,0,0,0,0,0,0,0,0,0,0,0,0,0,0,0,0,0,0,0,0,0,0,0,0,0,0,0,0,0,0,0,0,0,0,0,0,0,0,0,0.300343512588762,0,0,0,0,0,0,0,0,0,0,0,0,0,0,0,0,0,0,5.14441372701856,0,0,0,0,0,0,0,0,0,0.965979211018828,0,0,0,0,1.07714663062008,0,0,0,0,0,0,0,0,0,0,0,0,0,0,0,0,0,1.71496054123865,0,0,0.0700505581415513,0,0,0,0,0,0.384233136851999,0.220510200542074,0,0,0,0,0,0,0,0,0,0.334152522896809,0,0,0,0,0,0,0.989307126259221,0.744044831880674,0,0.0852056704266937,0,0,0,0,0.11796868426866,0,0,0,0,0,0,0,0,0,0,77.13290139,73.54680123,74.35190127,72.80510125,89.14430154,86.53730151,87.13000153,88.18570152,98.4679017,111.416302,79.05600136,"JAR-00126"
"119",2489,"nSPC",2010,"PRIAs","Pacific Remote Island Areas","Jarvis","Jarvis",2010,"ForereefShallow","Jarvis","2010-04-03","Forereef","Shallow",-0.38138,-160.0015,5.5,15,0,10,13.75,61.25,0,NA,0,2.5,NA,NA,NA,4,2,16.5036604181895,0.869541970549616,24.167264335033,5.463456401665,47.0039231254371,3.73404635942864,0,0,0,0,0,0,0,0,0,0,0,0,0.00707355302630646,0,0,0,0.0282942121052258,0.0127323954473516,0,0.0650766878420194,0,0.00282942121052258,0,0,0,0,0.0622472666314968,0,0,0,0,0,0,0,0,0,0,0,0,0,0,0.0169765272631355,0,0,0,0,0,0,0,0,0,0,0,0,0,0,0,0,0,0,0,0,0,0,0,0,0,0,0,0,0,0,0,0,0,0,0,0,0,0,0,0,0,0,0,0,0,0,0,0,0,0,0,0,0,0,0,0,0,0,0,0,0,0,0,0,0,0,0,0,0,0,0,0,0,0,0,0,0,0,0.00990297423682904,0,0,0,0,0,0,0,0,0,0,0,0,0,0,0,0.00141471060526129,0,0,0,0,0,0,0,0,0,0,0,0,0,0,0,0,0,0,0,0,0,0,0,0,0,0,0,0,0,0,0,0,0,0,0,0,0,0,0,0,0,0,0,0,0,0,0,0,0,0,0.00707355302630646,0,0.00141471060526129,0,0,0,0,0,0,0,0,0,0,0,0,0,0.325383439210097,0,0,0,0,0,0,0,0,0.00990297423682904,0,0,0,0,0,0.00282942121052258,0,0,0.0537590029999291,0,0,0,0,0,0,0,0,0,0,0,0,0,0,0,0,0,0.00707355302630646,0.0594178454209743,0,0,0,0,0,0,0,0,0,0,0,0,0,0,0,0,0,0,0,0,0,0,0,0,0,0,0,0,0,0,0,0,0,0,0,0,0,0,0,0,0,0,0,0,0,0,0,0,0,0,0,0,0,0,0,0,0,0,0.00707355302630646,0,0,0,0,0,0,0,0,0,0,0,0,0,0,0,0,0,0,0,0.00141471060526129,0,0,0,0,0,0.00141471060526129,0,0,0,0,0,0,0,0,0,0,0,0,0,0,0,0,0,0,0,0,0,0,0,0,0,0,0,0,0,0,0,0,0,0.00141471060526129,0,0,0,0.00141471060526129,0,0,0,0,0,0,0,0,0,0,0,0,0.00424413181578388,0,0,0,0,0,0,0,0,0,0,0,0,0,0,0,0,0,0.0169765272631355,0,0,0,0,0,0,0,0,0,0,0,0,0,0,0,0,0,0,0,0,0,0,0,0,0,0,0,0,0,0,0,0,0,0,0,0,0,0,0,0,0,0,0,0,0,0,0,0,0,0,0,0,0,0,0.00424413181578388,0,0,0,0,0,0.00141471060526129,0.00424413181578388,0,0,0,0.00282942121052258,0,0,0,0,0,0,0,0,0,0,0,0,0,0,0,0,0,0,0.132982796894561,0,0,0,0.00282942121052258,0,0,0,0,0,0,0,0,0,0,0,0,0,0,0,0,0,0,0,0,0,0,0,0,0,0,0,0,0,0,0,0,0,0,0,0,0,0,0,0,0,0,0,0,0,0,0,0,0,0,0,0,0,0,0,0,0,0,0,0,0,0,0,0,0,0,0.00707355302630646,0,0,0,0,0,0,0,0,0,0,0,0,0,0,0,0,0,0,0.00141471060526129,0,0,0,0,0,0,0,0,0,0.00424413181578388,0,0,0,0,0.00282942121052258,0,0,0,0,0,0,0,0,0,0,0,0,0,0,0,0,0,0.0594178454209743,0,0,0.0254647908947033,0,0,0,0,0,0,0.00424413181578388,0,0,0,0,0,0,0,0,0,0.362165914946891,0,0,0,0,0,0,0.00424413181578388,0.200888905947103,0,0.00707355302630646,0,0,0,0,0,0,0,0,0,0,0.00141471060526129,0,0,0,0,0,0,0,0,0,0,0,0,0,0,0,0,0.6552317264289,0,0,0,2.53525753371911,0.553450691161315,0,4.07039833904306,0,0.468452961248233,0,0,0,0,3.02680035985228,0,0,0,0,0,0,0,0,0,0,0,0,0,0,0.656270102674661,0,0,0,0,0,0,0,0,0,0,0,0,0,0,0,0,0,0,0,0,0,0,0,0,0,0,0,0,0,0,0,0,0,0,0,0,0,0,0,0,0,0,0,0,0,0,0,0,0,0,0,0,0,0,0,0,0,0,0,0,0,0,0,0,0,0,0,0,0,0,0,0,0,0,0,0,0,0,0.0870921298070008,0,0,0,0,0,0,0,0,0,0,0,0,0,0,0,0.117036699737791,0,0,0,0,0,0,0,0,0,0,0,0,0,0,0,0,0,0,0,0,0,0,0,0,0,0,0,0,0,0,0,0,0,0,0,0,0,0,0,0,0,0,0,0,0,0,0,0,0,0,0.371544308060765,0,0.166600387958419,0,0,0,0,0,0,0,0,0,0,0,0,0,0.422482101602206,0,0,0,0,0,0,0,0,0.0441413638042123,0,0,0,0,0,0.154492339879075,0,0,0.201278834338263,0,0,0,0,0,0,0,0,0,0,0,0,0,0,0,0,0,0.399845605920914,5.47104194587409,0,0,0,0,0,0,0,0,0,0,0,0,0,0,0,0,0,0,0,0,0,0,0,0,0,0,0,0,0,0,0,0,0,0,0,0,0,0,0,0,0,0,0,0,0,0,0,0,0,0,0,0,0,0,0,0,0,0,0.402036390759662,0,0,0,0,0,0,0,0,0,0,0,0,0,0,0,0,0,0,0,0.0195080819171826,0,0,0,0,0,0.00963361333758729,0,0,0,0,0,0,0,0,0,0,0,0,0,0,0,0,0,0,0,0,0,0,0,0,0,0,0,0,0,0,0,0,0,0.0100210730109337,0,0,0,0.00240776012451825,0,0,0,0,0,0,0,0,0,0,0,0,16.0791864371584,0,0,0,0,0,0,0,0,0,0,0,0,0,0,0,0,0,1.94557718597975,0,0,0,0,0,0,0,0,0,0,0,0,0,0,0,0,0,0,0,0,0,0,0,0,0,0,0,0,0,0,0,0,0,0,0,0,0,0,0,0,0,0,0,0,0,0,0,0,0,0,0,0,0,0,0.0437718093684973,0,0,0,0,0,0.0550702060811788,0.252367075212088,0,0,0,0.245816445914901,0,0,0,0,0,0,0,0,0,0,0,0,0,0,0,0,0,0,0.795139736160163,0,0,0,0.0131636797672621,0,0,0,0,0,0,0,0,0,0,0,0,0,0,0,0,0,0,0,0,0,0,0,0,0,0,0,0,0,0,0,0,0,0,0,0,0,0,0,0,0,0,0,0,0,0,0,0,0,0,0,0,0,0,0,0,0,0,0,0,0,0,0,0,0,0,0.345432802443062,0,0,0,0,0,0,0,0,0,0,0,0,0,0,0,0,0,0,1.01479833689501,0,0,0,0,0,0,0,0,0,1.64210139191354,0,0,0,0,1.07714663062008,0,0,0,0,0,0,0,0,0,0,0,0,0,0,0,0,0,0.845629301353076,0,0,0.173161360878391,0,0,0,0,0,0,0.384091645532866,0,0,0,0,0,0,0,0,0,0.44705986894741,0,0,0,0,0,0,0.41975934957132,0.948811035183617,0,0.264257710787649,0,0,0,0,0,0,0,0,0,0,0.166556765408647,0,0,0,0,75.74590137,72.41030121,72.40950124,71.24490123,87.6659015,84.95080149,85.6310015,86.7942015,95.77270167,109.160802,77.38140134,"JAR-00127"
"120",2491,"nSPC",2010,"PRIAs","Pacific Remote Island Areas","Jarvis","Jarvis",2010,"ForereefDeep","Jarvis","2010-04-03","Forereef","Deep",-0.38238,-159.99066,23,30,0,0,30,40,0,NA,0,3,NA,NA,NA,1,1,10.7108425479594,37.3494295051199,21.3031231499551,8.50505741842,77.8684526214544,5.16229474256258,0,0,0,0,0,0,0,0,0,0,0,0,0,0,0,0,0.0282942121052258,0,0,0,0,0,0,0,0,0.0226353696841807,0,0,0,0,0,0,0,0,0,0,0,0,0,0,0,0,0,0,0,0,0,0,0,0,0,0,0,0,0,0,0.00565884242104517,0.00565884242104517,0,0,0,0,0,0,0,0,0,0,0,0,0,0,0,0,0,0,0.0113176848420903,0,0,0,0,0,0,0,0,0,0,0,0,0,0,0,0,0,0,0,0,0.00565884242104517,0,0,0,0,0,0,0,0,0,0,0,0,0,0,0,0,0,0,0.00565884242104517,0,0,0,0.0169765272631355,0,0,0,0,0.0226353696841807,0.00565884242104517,0,0,0,0,0,0,0,0,0,0,0,0,0,0,0,0,0,0,0,0,0,0,0,0,0,0,0,0,0,0,0,0,0,0,0,0,0,0,0,0,0,0,0,0,0,0.565884242104517,0,0,0.00565884242104517,0,0,0,0,0,0,0,0,0,0,0,0,0,0,0,0,0,0,0,0,0,0,0,0,0,0,0,0,0,0,0,0,0.00565884242104517,0,0,0,0,0,0,0,0,0,0,0,0,0,0,0,0,0,0,0,0,0,0,0,0,0,0,0,0,0.0113176848420903,0.0169765272631355,0,0.0622472666314969,0,0,0,0,0,0,0,0,0,0,0,0,0,0,0,0,0,0,0,0,0,0,0,0,0,0,0,0,0,0,0,0,0,0,0,0,0,0,0,0,0,0,0,0,0,0,0,0,0.0113176848420903,0,0,0,0,0,0,0,0,0,0.00565884242104517,0,0.00565884242104517,0,0,0,0,0,0,0,0,0,0,0,0,0,0,0,0,0,0,0,0,0,0,0,0,0,0,0,0,0,0,0,0,0,0,0,0,0,0,0,0,0,0,0,0,0,0,0,0,0,0,0,0,0,0,0,0,0,0,0,0,0,0.00565884242104517,0,0,0,0,0,0,0,0,0,0,0,0,0,0,0,0,0,0,0,0,0,0,0,0,0,0,0,0,0,0,0,0,0,0,0,0,0,0,0,0,0,0.00565884242104517,0,0,0,0,0,0,0,0,0,0,0,0.0113176848420903,0,0,0,0,0,0,0,0,0,0,0,0,0,0,0,0,0,0,0,0,0,0,0,0,0,0,0,0,0,0,0,0.00565884242104517,0,0,0,0,0,0,0.00565884242104517,0,0,0,0,0,0,0,0,0,0,0,0,0,0,0,0,0,0,0,0,0,0,0.0452707393683613,0,0,0,0,0.0113176848420903,0,0,0,0,0,0,0,0,0,0,0,0,0,0,0,0.00565884242104517,0,0,0,0,0,0,0,0,0,0,0,0,0,0,0,0,0,0,0,0.00565884242104517,0,0,0,0,0.00565884242104517,0.452707393683613,0,0,0,0,0,0,0,0,0,0,0,0,0,0,0.226353696841807,0,0,0,0,0,0,0,0,0,0,0,0,0,0,0,0,0,0,0.00565884242104517,0,0,0,0,0,0,0,0,0,0,0,0,0,0,0,0,0,0,0,0,0,0,0,0.00565884242104517,0,0,0,0,0,0,0,0,0,0,0,0,0,0,0,0,0,0,0,0,0,0,0,0,0,0,0,0,0,0,0,0,0,0,0,0,0,0,0,0,0,0,0,0,0,0,0,0,0,0,0,0,0,0,0,0,0.00565884242104517,0,0,0,0,0,0,0,0,0,0,0,0,0,0,0,0,0,0,0,0,0,0,3.81694349650412,0,0,0,0,0,0,0,0,0.598442957858242,0,0,0,0,0,0,0,0,0,0,0,0,0,0,0,0,0,0,0,0,0,0,0,0,0,0,0,0,0,0,1.60428182636631,0.501425582255102,0,0,0,0,0,0,0,0,0,0,0,0,0,0,0,0,0,0,3.31741871924093,0,0,0,0,0,0,0,0,0,0,0,0,0,0,0,0,0,0,0,0,1.84656006368929,0,0,0,0,0,0,0,0,0,0,0,0,0,0,0,0,0,0,1.4696943266316,0,0,0,0.17987836106297,0,0,0,0,0.136110876074763,2.40097757912642,0,0,0,0,0,0,0,0,0,0,0,0,0,0,0,0,0,0,0,0,0,0,0,0,0,0,0,0,0,0,0,0,0,0,0,0,0,0,0,0,0,0,0,0,0,2.48926819259356,0,0,0.217401603926528,0,0,0,0,0,0,0,0,0,0,0,0,0,0,0,0,0,0,0,0,0,0,0,0,0,0,0,0,0,0,0,0,0.0162644223678119,0,0,0,0,0,0,0,0,0,0,0,0,0,0,0,0,0,0,0,0,0,0,0,0,0,0,0,0,0.668671799245059,1.55318094856031,0,9.78604292594534,0,0,0,0,0,0,0,0,0,0,0,0,0,0,0,0,0,0,0,0,0,0,0,0,0,0,0,0,0,0,0,0,0,0,0,0,0,0,0,0,0,0,0,0,0,0,0,0,0.388196590083699,0,0,0,0,0,0,0,0,0,0.82752593141384,0,3.77140306947244,0,0,0,0,0,0,0,0,0,0,0,0,0,0,0,0,0,0,0,0,0,0,0,0,0,0,0,0,0,0,0,0,0,0,0,0,0,0,0,0,0,0,0,0,0,0,0,0,0,0,0,0,0,0,0,0,0,0,0,0,0,0.0157022352255223,0,0,0,0,0,0,0,0,0,0,0,0,0,0,0,0,0,0,0,0,0,0,0,0,0,0,0,0,0,0,0,0,0,0,0,0,0,0,0,0,0,0.415449087297691,0,0,0,0,0,0,0,0,0,0,0,12.4559479461983,0,0,0,0,0,0,0,0,0,0,0,0,0,0,0,0,0,0,0,0,0,0,0,0,0,0,0,0,0,0,0,0.0620352706152356,0,0,0,0,0,0,1.46448574636262,0,0,0,0,0,0,0,0,0,0,0,0,0,0,0,0,0,0,0,0,0,0,0.30540227169818,0,0,0,0,0.062954537840708,0,0,0,0,0,0,0,0,0,0,0,0,0,0,0,0.910865384387178,0,0,0,0,0,0,0,0,0,0,0,0,0,0,0,0,0,0,0,0.0483853662369046,0,0,0,0,0.0223195522751254,4.07625398036431,0,0,0,0,0,0,0,0,0,0,0,0,0,0,14.7850613117919,0,0,0,0,0,0,0,0,0,0,0,0,0,0,0,0,0,0,1.40997528592336,0,0,0,0,0,0,0,0,0,0,0,0,0,0,0,0,0,0,0,0,0,0,0,3.31573467887329,0,0,0,0,0,0,0,0,0,0,0,0,0,0,0,0,0,0,0,0,0,0,0,0,0,0,0,0,0,0,0,0,0,0,0,0,0,0,0,0,0,0,0,0,0,0,0,0,0,0,0,0,0,0,0,0,2.92819069394583,0,0,0,0,0,0,90.35330164,83.06480139,84.73430144,85.73020145,101.5179017,99.91220175,100.6802018,95.88190166,109.1133019,125.4959022,95.23070164,"JAR-00105"
"121",2492,"nSPC",2010,"PRIAs","Pacific Remote Island Areas","Jarvis","Jarvis",2010,"ForereefMid","Jarvis","2010-04-03","Forereef","Mid",-0.38199,-159.9968,13,22.5,0,7.5,20,50,0,NA,0,3,NA,NA,NA,2,2,16.9603707849642,15.5202178896722,27.9147324187924,10.2777471568557,70.6730682502845,8.07384884034572,0,0,0,0,0,0,0,0,0,0,0,0,0.00282942121052258,0,0,0,0.0396118969473162,0,0,0,0,0,0,0,0,0,0,0,0,0,0,0,0,0,0,0,0,0,0,0,0,0.00565884242104517,0,0,0,0,0,0,0,0,0,0,0,0,0,0,0.00565884242104517,0,0,0,0,0,0,0,0,0,0,0,0,0,0,0,0,0,0,0,0,0,0,0,0,0,0,0,0,0,0,0,0,0,0,0,0,0,0,0,0,0,0,0,0,0,0,0,0,0,0,0,0,0,0,0,0,0,0,0,0.00848826363156775,0,0,0,0.0198059484736581,0,0,0,0,0.033953054526271,0.00848826363156775,0,0,0,0,0,0,0,0,0,0.00565884242104517,0,0.0565884242104517,0,0,0,0,0,0,0,0,0,0,0,0,0,0,0,0,0,0,0,0,0,0,0,0,0,0,0,0,0,0,0,0,0,0.376313020999504,0,0,0,0,0,0,0,0,0,0,0,0,0,0,0,0,0,0,0,0,0,0,0,0,0,0,0,0,0,0,0.141471060526129,0,0,0,0,0,0,0,0,0,0,0,0,0,0,0,0,0,0,0,0,0,0,0,0.00565884242104517,0,0,0,0,0,0,0,0,0,0.0226353696841807,0.00565884242104517,0,0.0565884242104517,0,0,0,0,0,0,0,0,0,0,0,0,0,0,0,0,0,0,0,0,0,0,0,0,0,0,0,0,0,0,0,0,0,0,0,0,0,0,0,0,0,0,0,0,0,0,0,0,0,0,0,0,0,0,0,0,0,0,0.00565884242104517,0,0,0,0,0,0,0,0,0,0,0.00282942121052258,0,0,0,0,0,0,0,0,0,0,0,0,0,0,0.00565884242104517,0,0,0,0,0,0,0,0,0.00565884242104517,0,0,0,0,0,0,0,0,0,0,0,0,0,0,0,0,0,0,0,0,0,0,0,0.00282942121052258,0,0,0,0,0.00565884242104517,0,0,0,0,0,0,0,0,0,0,0,0,0.00282942121052258,0,0,0,0,0,1.69765272631355,0,0,0,0,0,0,0,0,0,0,0,0.00565884242104517,0,0,0,0,0,0,0,0,0,0,0,0,0,0,0,0,0,0,0,0,0,0,0,0.00282942121052258,0,0,0,0,0,0,0,0,0,0,0,0,0,0,0,0,0,0,0,0,0,0,0.00282942121052258,0,0,0,0,0,0,0,0.00282942121052258,0,0,0,0,0,0.00282942121052258,0,0,0,0,0.00565884242104517,0,0,0,0,0,0.00282942121052258,0,0,0,0.00282942121052258,0,0,0,0,0,0,0,0,0.0537590029999291,0,0,0,0,0,0,0,0,0,0,0,0,0,0,0,0,0,0,0,0,0.00282942121052258,0,0,0,0,0,0,0,0,0,0,0,4.52707393683613,0,0,0,0,0,0,0,0,0,0,0,0,0,0.792237938946323,0,0,0,0,0,0,0,0,0,0,0,0,0,0,0,0,0,0,0,0,0,0,0,0,0,0,0,0,0,0,0,0,0,0.0113176848420903,0,0,0,0,0,0,0,0,0.00282942121052258,0,0,0,0,0,0,0,0,0,0.00282942121052258,0,0,0,0,0.00565884242104517,0,0,0,0,0,0,0,0,0,0,0,0,0,0,0,0,0,0.0141471060526129,0,0,0,0,0,0,0,0,0.00282942121052258,0,0,0,0,0,0,0,0,0,0,0,0,0,0,0,0,0,0,0.00565884242104517,0,0,0,0,0,0,0,0,0,0,0,0,0.00282942121052258,0,0,0,0,0,0,0,0,0,0,0,0,0,0,0,0,0.780727471603912,0,0,0,4.90068929067366,0,0,0,0,0,0,0,0,0,0,0,0,0,0,0,0,0,0,0,0,0,0,0,0,0.648367529233671,0,0,0,0,0,0,0,0,0,0,0,0,0,0,2.07591097439529,0,0,0,0,0,0,0,0,0,0,0,0,0,0,0,0,0,0,0,0,0,0,0,0,0,0,0,0,0,0,0,0,0,0,0,0,0,0,0,0,0,0,0,0,0,0,0,0,0,0,0,0,0,0,0,0,0,0,0,5.32400171345625,0,0,0,0.191156733027624,0,0,0,0,0.161050697063347,1.70046778884883,0,0,0,0,0,0,0,0,0,0.329015043171794,0,0.0934388060562978,0,0,0,0,0,0,0,0,0,0,0,0,0,0,0,0,0,0,0,0,0,0,0,0,0,0,0,0,0,0,0,0,0,1.57626885872941,0,0,0,0,0,0,0,0,0,0,0,0,0,0,0,0,0,0,0,0,0,0,0,0,0,0,0,0,0,0,0.344920592668756,0,0,0,0,0,0,0,0,0,0,0,0,0,0,0,0,0,0,0,0,0,0,0,1.13349814363746,0,0,0,0,0,0,0,0,0,1.7232756711109,0.419310932564955,0,7.22564580189356,0,0,0,0,0,0,0,0,0,0,0,0,0,0,0,0,0,0,0,0,0,0,0,0,0,0,0,0,0,0,0,0,0,0,0,0,0,0,0,0,0,0,0,0,0,0,0,0,0,0,0,0,0,0,0,0,0,0,0.160948564812165,0,0,0,0,0,0,0,0,0,0,1.28342546109304,0,0,0,0,0,0,0,0,0,0,0,0,0,0,0.0385344533503492,0,0,0,0,0,0,0,0,0.445463226558312,0,0,0,0,0,0,0,0,0,0,0,0,0,0,0,0,0,0,0,0,0,0,0,0.0119901315272546,0,0,0,0,0.009631040498073,0,0,0,0,0,0,0,0,0,0,0,0,6.13740939183666,0,0,0,0,0,1.53850627148529,0,0,0,0,0,0,0,0,0,0,0,0.722926695256528,0,0,0,0,0,0,0,0,0,0,0,0,0,0,0,0,0,0,0,0,0,0,0,3.50606237953905,0,0,0,0,0,0,0,0,0,0,0,0,0,0,0,0,0,0,0,0,0,0,0.115526934435732,0,0,0,0,0,0,0,0.110140412162358,0,0,0,0,0,0.110140412162358,0,0,0,0,2.53487958133003,0,0,0,0,0,0.0622990679213183,0,0,0,0.0323698521090901,0,0,0,0,0,0,0,0,0.434460973524735,0,0,0,0,0,0,0,0,0,0,0,0,0,0,0,0,0,0,0,0,0.455432692193589,0,0,0,0,0,0,0,0,0,0,0,9.78186086191262,0,0,0,0,0,0,0,0,0,0,0,0,0,2.18522249881988,0,0,0,0,0,0,0,0,0,0,0,0,0,0,0,0,0,0,0,0,0,0,0,0,0,0,0,0,0,0,0,0,0,3.478989546118,0,0,0,0,0,0,0,0,3.25287158460772,0,0,0,0,0,0,0,0,0,1.50524257686471,0,0,0,0,3.31573467887329,0,0,0,0,0,0,0,0,0,0,0,0,0,0,0,0,0,0.210037905713108,0,0,0,0,0,0,0,0,0.206264806247096,0,0,0,0,0,0,0,0,0,0,0,0,0,0,0,0,0,0,0.0658366703791658,0,0,0,0,0,0,0,0,0,0,0,0,0.333113530817294,0,0,0,0,79.12380143,74.29450124,75.14330128,75.12910128,90.65890155,88.19770154,88.14210155,88.61740153,98.21660171,116.3612021,80.9314014,"JAR-00112"
"122",2493,"nSPC",2010,"PRIAs","Pacific Remote Island Areas","Jarvis","Jarvis",2010,"ForereefDeep","Jarvis","2010-04-03","Forereef","Deep",-0.38256,-159.98035,23,25,0,5,45,25,0,NA,0,2.5,NA,NA,NA,2,1,64.4368049338699,117.968988405864,23.6648870598478,16.0756084079637,222.146288807545,2.43077109348117,0,0,0,0,0,0.00282942121052258,0,0,0,0,0,0,0,0,0,0,0.0622472666314969,0,0,0,0,0,0,0,0,0,0,0.00565884242104517,0,0,0,0,0,0,0,0,0,0,0,0,0,0,0,0,0,0,0,0,0,0,0,0,0,0,0,0,0.00565884242104517,0.00848826363156775,0,0,0,0,0,0,0,0.00282942121052258,0,0,0,0,0,0,0,0,0,0,0,0,0,0,0,0,0,0,0,0,0,0,0,0,0.0141471060526129,0,0,0,0,0,0,0,0,0,0.00282942121052258,0,0,0,0,0,0,0,0,0,0,0,0,0,0,0,0.0169765272631355,0,0,0,0.00565884242104517,0,0,0,0,0.0282942121052258,0.033953054526271,0,0,0,0,0,0,0,0,0,0.0311236333157484,0,0.141471060526129,0,0,0,0,0,0,0,0,0,0,0,0,0,0,0,0,0,0,0,0,0,0,0,0,0,0,0,0,0,0,0,0,0,0.226353696841807,0,0,0.00282942121052258,0,0,0,0,0,0,0,0,0,0,0,0,0,0,0,0,0,0,0,0,0,0,0,0,0,0,0,0.113176848420903,0,0,0,0,0,0,0,0,0,0,0,0,0,0,0,0,0,0.0226353696841807,0,0,0,0,0,0.00848826363156775,0,0,0,0,0,0,0,0,0,0.0141471060526129,0.00282942121052258,0.00848826363156775,0.0565884242104517,0,0,0,0,0,0,0,0,0,0,0,0,0,0,0,0,0,0,0,0,0,0,0,0,0,0,0,0,0,0,0,0,0,0,0,0,0,0,0,0.00848826363156775,0,0,0,0,0,0,0,0,0,0,0,0,0,0,0,0,0,0,0.0141471060526129,0,0.00848826363156775,0,0,0,0,0.00282942121052258,0,0.00282942121052258,0,0,0,0,0,0,0,0,0,0,0.00282942121052258,0,0,0,0,0,0,0,0,0,0,0,0,0,0,0.00282942121052258,0,0,0,0,0,0,0,0,0,0,0,0,0,0,0,0,0,0,0,0,0,0,0,0,0.0141471060526129,0,0,0,0.0113176848420903,0,0,0,0,0,0,0,0,0,0,0,0,0.0198059484736581,0,0,0.00565884242104517,0,0,2.32012539262852,0,0,0,0,0,0,0,0,0,0,0,0.0113176848420903,0,0,0,0,0,0,0,0,0,0,0,0,0,0,0,0,0,0,0,0,0,0,0,0,0,0,0,0,0,0,0,0,0,0,0,0,0,0,0,0,0,0,0,0,0,0,0,0,0,0,0,0,0,0,0.00848826363156775,0,0,0,0,0.00565884242104517,0.0141471060526129,0.00848826363156775,0,0.0141471060526129,0,0.00282942121052258,0,0,0,0,0,0.00282942121052258,0,0,0,0,0,0,0,0,0,0,0,0,0.0537590029999291,0,0,0,0,0.0113176848420903,0,0,0,0,0,0,0,0,0,0,0,0,0,0,0,0.0113176848420903,0,0,0,0,0,0,0,0,0,0,0,2.23524275631284,0,0,0,0,0,0,0,0.00565884242104517,0,0,0,0,0.00848826363156775,0.33953054526271,0,0,0,0,0,0,0,0,0,0,0,0,0,0,1.49959324157697,0,0,0,0,0,0,0,0,0,0,0,0,0,0,0,0,0,0,0.0141471060526129,0,0,0,0,0,0,0,0,0,0,0,0,0,0,0,0,0,0,0.00282942121052258,0,0,0,0,0,0,0,0,0,0,0,0,0,0,0,0,0,0,0,0,0,0,0,0,0,0,0,0,0,0,0,0,0,0,0,0,0,0,0,0,0,0,0,0,0,0,0,0,0,0,0,0,0,0,0,0,0,0,0,0,0,0,0,0,0,0,0,0,0,0,0,0,0,0.289732731957513,0,0,0,0,0,0,0,0,0,0,6.9440988470808,0,0,0,0,0,0,0,0,0,0,5.856346351186,0,0,0,0,0,0,0,0,0,0,0,0,0,0,0,0,0,0,0,0,0,0,0,0,0,0,0,0,1.94700395875448,0.770465861535669,0,0,0,0,0,0,0,0.250712791127551,0,0,0,0,0,0,0,0,0,0,0,0,0,0,0,0,0,0,0,0,0,0,0,0,0.833632954999566,0,0,0,0,0,0,0,0,0,0.643084087169323,0,0,0,0,0,0,0,0,0,0,0,0,0,0,0,8.87883551161556,0,0,0,0.0833794745225834,0,0,0,0,0.137492896325394,6.1264913479761,0,0,0,0,0,0,0,0,0,1.49595853028635,0,0.0985487407625016,0,0,0,0,0,0,0,0,0,0,0,0,0,0,0,0,0,0,0,0,0,0,0,0,0,0,0,0,0,0,0,0,0,0.731961647130077,0,0,0.223531678154915,0,0,0,0,0,0,0,0,0,0,0,0,0,0,0,0,0,0,0,0,0,0,0,0,0,0,0,0.0788389926100013,0,0,0,0,0,0,0,0,0,0,0,0,0,0,0,0,0,0.135467986546757,0,0,0,0,0,1.47838621052966,0,0,0,0,0,0,0,0,0,0.568501460189447,0.209655466282478,0.38977623475069,5.01454807855592,0,0,0,0,0,0,0,0,0,0,0,0,0,0,0,0,0,0,0,0,0,0,0,0,0,0,0,0,0,0,0,0,0,0,0,0,0,0,0,2.39549041142281,0,0,0,0,0,0,0,0,0,0,0,0,0,0,0,0,0,0,0.828090259205393,0,1.99835015499452,0,0,0,0,1.75803062144486,0,2.68601882813709,0,0,0,0,0,0,0,0,0,0,0.198307920911827,0,0,0,0,0,0,0,0,0,0,0,0,0,0,0.331859701418862,0,0,0,0,0,0,0,0,0,0,0,0,0,0,0,0,0,0,0,0,0,0,0,0,0.105322134363829,0,0,0,0.019262080996146,0,0,0,0,0,0,0,0,0,0,0,0,35.0490624089652,0,0,1.58515228612463,0,0,3.48728088203332,0,0,0,0,0,0,0,0,0,0,0,1.60511643896909,0,0,0,0,0,0,0,0,0,0,0,0,0,0,0,0,0,0,0,0,0,0,0,0,0,0,0,0,0,0,0,0,0,0,0,0,0,0,0,0,0,0,0,0,0,0,0,0,0,0,0,0,0,0,0.251298459632333,0,0,0,0,0.48529327188096,0.30782444306171,1.30844544533024,0,1.84264991413501,0,1.26743979066502,0,0,0,0,0,0.0839162577047264,0,0,0,0,0,0,0,0,0,0,0,0,0.8974653413816,0,0,0,0,0.0555355715785456,0,0,0,0,0,0,0,0,0,0,0,0,0,0,0,2.47957799083176,0,0,0,0,0,0,0,0,0,0,0,6.67852819401541,0,0,0,0,0,0,0,0.016112704967563,0,0,0,0,0.0830081761969091,0.984927109563187,0,0,0,0,0,0,0,0,0,0,0,0,0,0,105.908902839749,0,0,0,0,0,0,0,0,0,0,0,0,0,0,0,0,0,0,1.83079623433287,0,0,0,0,0,0,0,0,0,0,0,0,0,0,0,0,0,0,2.43077109348117,0,0,0,0,0,0,0,0,0,0,0,0,0,0,0,0,0,0,0,0,0,0,0,0,0,0,0,0,0,0,0,0,0,0,0,0,0,0,0,0,0,0,0,0,0,0,0,0,0,0,0,0,0,0,0,0,0,0,0,0,0,0,0,0,0,0,0,0,113.792302,105.4397018,100.7708017,107.8425018,122.2217021,133.7204024,118.8063021,117.7445021,135.1679024,136.8486024,125.8539022,"JAR-00104"
"123",2494,"nSPC",2010,"PRIAs","Pacific Remote Island Areas","Jarvis","Jarvis",2010,"ForereefMid","Jarvis","2010-04-03","Forereef","Mid",-0.37688,-159.97496,11,15,0,1.25,50,33.75,0,NA,0,2,NA,NA,NA,4,2,34.4010495658557,43.3512315197055,47.6938436189223,21.083089761771,146.529214466255,17.8431582493839,0,0,0,0,0,0,0,0,0,0,0,0,0,0.00141471060526129,0,0,0.130153375684039,0,0,0,0,0.00141471060526129,0,0,0,0,0,0,0,0,0,0,0,0,0,0,0,0,0,0,0,0,0,0,0,0,0,0,0,0,0,0,0,0,0,0,0.00141471060526129,0,0,0,0,0,0,0,0,0.00424413181578388,0,0,0,0,0,0,0,0,0,0,0,0,0,0,0,0,0,0,0,0,0,0,0,0,0.0113176848420903,0,0,0,0,0,0,0,0,0,0,0,0,0,0,0,0,0,0,0,0,0,0,0,0,0,0.00565884242104517,0,0,0,0.00565884242104517,0,0,0,0,0,0,0,0,0,0,0,0,0,0,0,0.00141471060526129,0,0.0707355302630646,0,0,0,0,0,0,0,0,0,0,0,0,0,0,0,0,0,0,0,0,0,0,0,0,0,0,0,0,0,0,0,0,0.00565884242104517,0.0353677651315323,0,0,0,0,0,0,0,0,0,0,0,0,0,0,0,0,0,0,0.00141471060526129,0,0,0,0,0.00141471060526129,0,0,0,0,0,0,0.033953054526271,0,0,0,0,0,0,0,0,0,0,0,0,0,0,0,0,0,0,0,0,0,0,0,0.00424413181578388,0,0,0,0,0,0.00141471060526129,0,0,0,0,0,0.00707355302630646,0.116006269631426,0,0,0,0,0,0,0,0,0,0,0,0,0,0,0,0,0,0,0,0,0,0,0,0,0,0,0,0,0,0,0,0,0,0,0,0,0,0,0,0,0,0,0.00141471060526129,0,0,0,0,0,0,0,0,0,0,0,0,0,0,0,0.00707355302630646,0,0,0,0,0,0,0,0,0,0,0,0,0,0,0,0,0,0,0,0.00707355302630646,0,0,0,0,0,0.00424413181578388,0,0,0,0,0,0,0,0,0.00282942121052258,0,0,0,0,0,0,0,0,0,0,0,0,0,0,0,0,0,0,0,0,0,0,0,0,0,0,0,0,0,0,0,0,0,0,0,0,0,0,0,0,0,0.0113176848420903,0,0.00141471060526129,0.091956189341984,0,0,0,0,0,0,0,0,0,0,0,0,0,0.0127323954473516,0.00848826363156775,0.00282942121052258,0,0,0,0,0,0,0.00565884242104517,0,0,0.00424413181578388,0,0,0.00424413181578388,0,0,0,0,0,0,0,0,0,0,0,0,0,0,0,0,0,0,0,0,0,0,0,0,0,0,0,0,0,0,0,0,0,0,0,0,0,0,0,0,0,0,0,0,0,0.00282942121052258,0,0.00424413181578388,0,0,0,0,0,0,0,0,0,0,0,0,0,0,0,0.00565884242104517,0,0,0,0,0,0,0.058003134815713,0,0,0,0,0,0,0,0,0,0,0,0,0,0,0,0,0,0,0,0,0.00424413181578388,0,0,0,0,0,0,0,0,0,0,0,0,0,0,0,0,0,0,0,0,0,0,0,0.00141471060526129,0,0.502222264867759,0,0,0,0,0,0,0,0,0,0,0,0,0,0,0.91956189341984,0,0,0,0,0,0,0,0,0,0,0,0,0,0,0,0,0,0,0,0,0,0,0,0,0,0,0,0.00707355302630646,0,0,0,0,0,0,0,0,0,0.00707355302630646,0,0,0,0,0,0,0,0,0,0,0,0,0,0,0,0,0,0,0,0,0,0,0.0834679257104162,0,0,0,0,0,0,0,0,0.00141471060526129,0,0,0,0,0,0,0,0,0,0,0.0509295817894065,0,0,0,0,0,0,0,0.0311236333157484,0,0,0,0,0,0,0.00282942121052258,0,0,0,0,0,0.00848826363156775,0,0.00282942121052258,0,0,0,0,0,0,0,0,0,0,0,0,0,0,0,0.0967024400231455,0,0,12.1330548086628,0,0,0,0,0.323165601030405,0,0,0,0,0,0,0,0,0,0,0,0,0,0,0,0,0,0,0,0,0,0,0,0,0,0,0,0,0,0,0,0,0,0,0.401070456591576,0,0,0,0,0,0,0,0,0.316020158684685,0,0,0,0,0,0,0,0,0,0,0,0,0,0,0,0,0,0,0,0,0,0,0,0,1.04630279666996,0,0,0,0,0,0,0,0,0,0,0,0,0,0,0,0,0,0,0,0,0,0,0,0,0,2.62845335563888,0,0,0,0.0833794745225834,0,0,0,0,0,0,0,0,0,0,0,0,0,0,0,0.0677215502388805,0,0.261190662554245,0,0,0,0,0,0,0,0,0,0,0,0,0,0,0,0,0,0,0,0,0,0,0,0,0,0,0,0,0,0,0,0,0.607935867492699,0.114061042549192,0,0,0,0,0,0,0,0,0,0,0,0,0,0,0,0,0,0,0.836533776201816,0,0,0,0,0.614501165838078,0,0,0,0,0,0,0.142713176437549,0,0,0,0,0,0,0,0,0,0,0,0,0,0,0,0,0,0,0,0,0,0,0,3.33248102276876,0,0,0,0,0,0.123362764778785,0,0,0,0,0,0.485649842053617,14.1804206759651,0,0,0,0,0,0,0,0,0,0,0,0,0,0,0,0,0,0,0,0,0,0,0,0,0,0,0,0,0,0,0,0,0,0,0,0,0,0,0,0,0,0,1.15081480166034,0,0,0,0,0,0,0,0,0,0,0,0,0,0,0,0.416678122614548,0,0,0,0,0,0,0,0,0,0,0,0,0,0,0,0,0,0,0,0.555011375560851,0,0,0,0,0,0.0121925418803839,0,0,0,0,0,0,0,0,0.78864457400896,0,0,0,0,0,0,0,0,0,0,0,0,0,0,0,0,0,0,0,0,0,0,0,0,0,0,0,0,0,0,0,0,0,0,0,0,0,0,0,0,0,23.3385600053877,0,0.898176648827408,6.3705972931746,0,0,0,0,0,0,0,0,0,0,0,0,0,2.54533681557167,1.03116999862137,2.25173578624084,0,0,0,0,0,0,0.515277738625139,0,0,0.454154682564478,0,0,0.252825396895155,0,0,0,0,0,0,0,0,0,0,0,0,0,0,0,0,0,0,0,0,0,0,0,0,0,0,0,0,0,0,0,0,0,0,0,0,0,0,0,0,0,0,0,0,0,0.28067858408384,0,1.05212256912256,0,0,0,0,0,0,0,0,0,0,0,0,0,0,0,0.165351941427182,0,0,0,0,0,0,0.768081420451654,0,0,0,0,0,0,0,0,0,0,0,0,0,0,0,0,0,0,0,0,0.919963105347492,0,0,0,0,0,0,0,0,0,0,0,0,0,0,0,0,0,0,0,0,0,0,0,0.163119402820516,0,3.20959422418165,0,0,0,0,0,0,0,0,0,0,0,0,0,0,36.0221083983626,0,0,0,0,0,0,0,0,0,0,0,0,0,0,0,0,0,0,0,0,0,0,0,0,0,0,0,3.96559853384719,0,0,0,0,0,0,0,0,0,13.0410259393349,0,0,0,0,0,0,0,0,0,0,0,0,0,0,0,0,0,0,0,0,0,0,1.12951485722412,0,0,0,0,0,0,0,0,0.0838504634580789,0,0,0,0,0,0,0,0,0,0,0.122772123101088,0,0,0,0,0,0,0,0.158613674814322,0,0,0,0,0,0,5.48162824313197,0,0,0,0,0,1.20166689377393,0,0.387627671435247,0,0,141.1498025,141.5512024,141.1401024,140.8804024,137.7090023,153.0656027,139.3553024,139.1130024,152.9791027,157.9873028,145.6302026,"JAR-00116"
"124",2499,"nSPC",2010,"PRIAs","Pacific Remote Island Areas","Jarvis","Jarvis",2010,"ForereefShallow","Jarvis","2010-04-04","Forereef","Shallow",-0.38149,-159.98836,5,20,0,8.75,33.75,37.5,0,NA,0,2.5,NA,NA,NA,4,2,26.2030729273258,6.31051312208467,35.94794644618,9.40595092781756,77.867483423408,9.80050131889679,0,0,0,0,0,0,0,0,0,0,0,0,0.00990297423682904,0.00141471060526129,0,0,0.124494533262994,0,0,0,0,0,0,0,0,0,0,0,0,0,0,0,0,0,0,0,0,0,0,0,0,0.0155618166578742,0,0,0,0,0,0,0,0,0,0,0,0,0,0,0.00282942121052258,0,0,0,0,0,0,0,0,0.00141471060526129,0,0,0,0,0,0,0,0,0,0,0,0.00141471060526129,0,0,0,0,0,0,0,0,0,0,0,0,0.00141471060526129,0,0,0,0,0,0,0,0,0,0,0,0,0,0,0,0,0,0,0,0,0,0,0,0,0,0.00424413181578388,0,0,0,0.0127323954473516,0,0,0,0,0,0,0,0,0,0,0,0,0,0,0,0.0325383439210097,0,0,0,0,0,0,0,0,0,0,0,0,0,0,0,0,0,0,0,0,0,0,0,0,0,0,0,0,0,0,0,0,0,0,0,0.00424413181578388,0,0,0,0,0,0,0,0,0,0,0,0,0,0,0,0,0,0,0,0,0,0,0,0,0,0,0,0,0,0,0.622472666314968,0,0,0,0,0,0,0,0,0.00565884242104517,0,0,0,0,0.00424413181578388,0.00141471060526129,0,0,0.0381971863420549,0,0,0,0,0,0.00282942121052258,0,0,0,0,0,0.00282942121052258,0,0,0,0,0,0,0.0495148711841452,0,0.067906109052542,0,0,0,0,0,0,0,0,0,0,0,0,0,0,0,0,0,0,0,0,0,0,0,0,0,0,0,0,0,0,0,0,0,0,0,0,0,0,0,0,0,0,0,0,0,0,0,0,0,0,0,0,0,0,0,0,0.0254647908947033,0,0,0,0,0,0,0,0,0,0,0,0,0,0,0,0,0,0,0,0.00424413181578388,0,0,0,0,0,0,0,0,0,0,0,0,0,0,0.00707355302630646,0,0,0,0,0,0,0,0,0,0,0,0,0,0,0,0,0,0,0,0,0,0,0,0,0.00282942121052258,0,0,0,0.00141471060526129,0,0,0,0,0,0,0,0,0,0,0,0,0.00848826363156775,0,0,0,0,0,0,0,0,0,0,0,0,0,0,0,0,0.0410266075525775,0.0127323954473516,0,0,0,0,0,0,0,0,0,0,0,0,0,0,0,0,0,0,0,0,0,0,0,0,0,0,0,0,0,0,0,0,0,0,0,0,0,0,0,0,0,0,0,0,0,0,0,0,0,0,0,0,0,0,0.0155618166578742,0,0,0,0,0,0,0.00565884242104517,0,0.00565884242104517,0,0.00282942121052258,0,0,0,0.00141471060526129,0,0,0,0,0,0,0,0,0,0,0,0,0,0,0.217865433210239,0,0,0,0,0,0,0,0,0,0,0,0,0,0,0,0,0,0,0,0,0,0,0,0,0,0,0,0,0,0,0,0,0,0,0,0,0,0,0.00141471060526129,0,0,0,0,0,0,0,0,0,0,0,0,0,0,0,0,0,0,0,0,0,0,0,0,0,0,0,0,0,0,0,0,0,0,0,0,0,0,0,0,0,0.00141471060526129,0,0,0,0,0,0,0,0,0.00565884242104517,0,0,0,0,0,0,0,0,0,0.00282942121052258,0,0,0,0,0,0,0,0,0,0,0,0,0,0,0,0,0,0,0,0,0,0,0.198059484736581,0,0.00141471060526129,0.0254647908947033,0,0,0,0,0,0.00282942121052258,0,0,0,0,0,0,0,0,0,0,0.260306751368078,0,0,0,0,0,0,0,0.125909243868255,0,0.00141471060526129,0,0,0,0,0,0,0,0,0,0,0,0,0,0,0,0,0,0,0,0,0,0,0,0,0,0,0,1.17307991266204,0.0967024400231455,0,0,11.3238741146871,0,0,0,0,0,0,0,0,0,0,0,0,0,0,0,0,0,0,0,0,0,0,0,0,0.609226023562604,0,0,0,0,0,0,0,0,0,0,0,0,0,0,0.558186094345988,0,0,0,0,0,0,0,0,0.102441379617354,0,0,0,0,0,0,0,0,0,0,0,1.58067638732831,0,0,0,0,0,0,0,0,0,0,0,0,0.205238835058891,0,0,0,0,0,0,0,0,0,0,0,0,0,0,0,0,0,0,0,0,0,0,0,0,0,1.68351997807056,0,0,0,0.116207415918053,0,0,0,0,0,0,0,0,0,0,0,0,0,0,0,1.68655143231994,0,0,0,0,0,0,0,0,0,0,0,0,0,0,0,0,0,0,0,0,0,0,0,0,0,0,0,0,0,0,0,0,0,0,0,0.00700791045422234,0,0,0,0,0,0,0,0,0,0,0,0,0,0,0,0,0,0,0,0,0,0,0,0,0,0,0,0,0,0,0.696958594392581,0,0,0,0,0,0,0,0,0.0273702542489068,0,0,0,0,0.0151312073695999,0.0830740702779115,0,0,0.186460411084898,0,0,0,0,0,0.666546949014534,0,0,0,0,0,0.028573900391886,0,0,0,0,0,0,4.80656849613605,0,5.74326131484435,0,0,0,0,0,0,0,0,0,0,0,0,0,0,0,0,0,0,0,0,0,0,0,0,0,0,0,0,0,0,0,0,0,0,0,0,0,0,0,0,0,0,0,0,0,0,0,0,0,0,0,0,0,0,0,0,0.77074973306612,0,0,0,0,0,0,0,0,0,0,0,0,0,0,0,0,0,0,0,0.335419031901432,0,0,0,0,0,0,0,0,0,0,0,0,0,0,0.987789424721897,0,0,0,0,0,0,0,0,0,0,0,0,0,0,0,0,0,0,0,0,0,0,0,0,0.0136985311808475,0,0,0,0.00599506576362728,0,0,0,0,0,0,0,0,0,0,0,0,22.1176801990022,0,0,0,0,0,0,0,0,0,0,0,0,0,0,0,0,5.31034855075497,1.15598871685304,0,0,0,0,0,0,0,0,0,0,0,0,0,0,0,0,0,0,0,0,0,0,0,0,0,0,0,0,0,0,0,0,0,0,0,0,0,0,0,0,0,0,0,0,0,0,0,0,0,0,0,0,0,0,0.115410914492559,0,0,0,0,0,0,0.157135223587141,0,0.482968328059698,0,0.245816445914901,0,0,0,0.020016921800531,0,0,0,0,0,0,0,0,0,0,0,0,0,0,0.968190450072612,0,0,0,0,0,0,0,0,0,0,0,0,0,0,0,0,0,0,0,0,0,0,0,0,0,0,0,0,0,0,0,0,0,0,0,0,0,0,1.08404205485222,0,0,0,0,0,0,0,0,0,0,0,0,0,0,0,0,0,0,0,0,0,0,0,0,0,0,0,0,0,0,0,0,0,0,0,0,0,0,0,0,0,0.193063858647282,0,0,0,0,0,0,0,0,5.91022296416967,0,0,0,0,0,0,0,0,0,3.87026143292659,0,0,0,0,0,0,0,0,0,0,0,0,0,0,0,0,0,0,0,0,0,0,1.39757407599279,0,0.0261934739157485,0.147728229081712,0,0,0,0,0,0.170267777838344,0,0,0,0,0,0,0,0,0,0,0.270004592567144,0,0,0,0,0,0,0,0.61223383978045,0,0.102026464655576,0,0,0,0,0,0,0,0,0,0,0,0,0,0,0,93.75790171,86.24350144,88.1792015,87.16660148,102.7418018,106.3930019,106.5202019,98.43330171,112.351802,126.4774023,104.6264018,"JAR-00129"
"125",2500,"nSPC",2010,"PRIAs","Pacific Remote Island Areas","Jarvis","Jarvis",2010,"ForereefShallow","Jarvis","2010-04-04","Forereef","Shallow",-0.3781,-159.98282,6,20,0,10,50,20,0,NA,0,3,NA,NA,NA,4,2,22.7963381524564,1.71778046680915,29.0556406776822,9.30520700375304,62.8749663007008,8.69911110811718,0,0,0,0,0,0.00141471060526129,0,0,0,0,0,0,0,0,0,0,0.0749796620788485,0,0,0,0,0,0,0,0,0,0,0,0,0,0,0,0,0,0,0,0,0,0,0,0,0,0,0,0,0,0,0,0,0,0,0,0,0,0,0,0.00141471060526129,0,0,0,0,0,0,0,0,0,0,0,0,0,0,0,0,0,0,0,0.00141471060526129,0,0,0,0,0,0,0,0,0,0,0,0,0,0.00282942121052258,0,0,0,0,0,0,0.00141471060526129,0,0,0.00282942121052258,0,0,0,0,0,0,0,0,0,0,0,0,0,0,0,0.0127323954473516,0,0,0,0.00141471060526129,0,0,0,0,0,0,0,0,0,0,0,0,0,0,0,0,0,0,0,0,0,0,0,0,0,0,0,0,0,0,0,0,0,0,0,0,0,0,0,0,0,0,0,0,0,0,0,0,0,0,0,0.0636619772367581,0.00141471060526129,0,0,0,0,0,0,0,0,0,0,0,0,0,0,0,0,0,0.00141471060526129,0,0,0,0,0.00707355302630646,0,0,0.00282942121052258,0,0,0,0.381971863420549,0,0,0,0,0,0,0,0,0,0,0,0,0,0,0,0,0,0.0212206590789194,0,0,0,0,0,0.00282942121052258,0,0,0,0,0,0,0,0,0,0,0,0,0.0664913984472807,0,0.118835690841949,0,0,0,0,0,0,0,0,0,0,0,0,0,0,0,0,0,0,0,0,0,0,0,0,0,0,0,0,0,0,0,0,0,0,0,0,0,0,0,0,0,0,0,0,0,0,0,0,0,0,0,0,0.00141471060526129,0,0,0,0.0282942121052258,0,0,0,0,0,0,0,0,0,0,0,0,0,0,0,0,0,0,0,0.00282942121052258,0,0,0,0,0,0,0,0,0,0,0,0,0,0,0.00565884242104517,0,0,0,0,0,0,0,0,0,0,0,0,0,0,0,0,0,0,0.00141471060526129,0,0,0,0,0,0.00141471060526129,0,0,0,0.00848826363156775,0,0,0,0,0,0,0,0,0,0,0,0,0.00848826363156775,0,0,0.00141471060526129,0,0,0,0,0,0,0,0,0,0,0,0,0,0.00565884242104517,0.00141471060526129,0.00141471060526129,0,0,0,0,0,0,0,0,0,0,0,0,0,0,0,0,0,0,0,0,0,0,0,0,0,0,0,0,0,0,0,0,0,0,0,0,0,0,0,0,0,0,0,0,0,0.00141471060526129,0,0,0,0,0,0,0,0,0,0,0,0,0,0,0.00141471060526129,0,0.00424413181578388,0,0,0,0,0,0,0,0,0,0,0,0,0,0.00565884242104517,0,0,0,0,0,0,0.147129902947174,0,0,0,0,0,0,0,0,0,0,0,0,0,0,0,0,0,0,0,0,0.00141471060526129,0,0,0,0,0,0,0,0,0,0,0,0,0,0,0,0,0,0,0,0,0,0,0,0,0,0.0636619772367581,0,0,0,0,0,0,0,0,0,0,0,0,0,0,0,0,0,0,0,0,0,0,0,0,0,0,0,0,0,0,0,0,0.00141471060526129,0,0,0,0,0,0,0,0,0,0.00707355302630646,0,0,0,0,0,0,0,0,0,0.00424413181578388,0,0,0,0,0,0,0,0,0,0,0,0,0,0,0,0,0,0,0,0,0,0,0.103273874184074,0,0,0,0,0,0,0,0,0.00282942121052258,0,0,0,0,0,0,0,0,0,0,0.250403777131249,0,0,0,0,0,0,0,0.121665112052471,0,0,0,0,0,0,0,0,0,0,0,0,0,0,0,0,0,0,0,0,0,0,0.0970491475209246,0,0,0,0,0,0,0,0,0,0,3.94798732514145,0,0,0,0,0,0,0,0,0,0,0,0,0,0,0,0,0,0,0,0,0,0,0,0,0,0,0,0,0,0,0,0,0,0,0,0,0,0,0,0.401070456591576,0,0,0,0,0,0,0,0,0,0,0,0,0,0,0,0,0,0,0,0.156148573515312,0,0,0,0,0,0,0,0,0,0,0,0,0,0.287620189822784,0,0,0,0,0,0,0.822376049353862,0,0,0.293984977104614,0,0,0,0,0,0,0,0,0,0,0,0,0,0,0,4.87410951259783,0,0,0,0.0103145247021205,0,0,0,0,0,0,0,0,0,0,0,0,0,0,0,0,0,0,0,0,0,0,0,0,0,0,0,0,0,0,0,0,0,0,0,0,0,0,0,0,0,0,0,0,0,0,0,0,0,0,0,0.107126131162201,1.54355130793903,0,0,0,0,0,0,0,0,0,0,0,0,0,0,0,0,0,0.250965454318104,0,0,0,0,0.569052850405144,0,0,1.55100977249792,0,0,0,0.482158839063943,0,0,0,0,0,0,0,0,0,0,0,0,0,0,0,0,0,0.0667724205324421,0,0,0,0,0,1.4518044021945,0,0,0,0,0,0,0,0,0,0,0,0,5.04705891202807,0,7.80320967500741,0,0,0,0,0,0,0,0,0,0,0,0,0,0,0,0,0,0,0,0,0,0,0,0,0,0,0,0,0,0,0,0,0,0,0,0,0,0,0,0,0,0,0,0,0,0,0,0,0,0,0,0,0.369037813729714,0,0,0,0.336527020554405,0,0,0,0,0,0,0,0,0,0,0,0,0,0,0,0,0,0,0,0.281276299464812,0,0,0,0,0,0,0,0,0,0,0,0,0,0,0.858316241896868,0,0,0,0,0,0,0,0,0,0,0,0,0,0,0,0,0,0,1.01399289018881,0,0,0,0,0,0.00684926559042375,0,0,0,0.0323830889426547,0,0,0,0,0,0,0,0,0,0,0,0,17.4105494126413,0,0,0.504096148854901,0,0,0,0,0,0,0,0,0,0,0,0,0,0.722926695256528,0.124143486301163,1.5866393475859,0,0,0,0,0,0,0,0,0,0,0,0,0,0,0,0,0,0,0,0,0,0,0,0,0,0,0,0,0,0,0,0,0,0,0,0,0,0,0,0,0,0,0,0,0,0.0736813804086414,0,0,0,0,0,0,0,0,0,0,0,0,0,0,0.110608770625714,0,0.405666301722032,0,0,0,0,0,0,0,0,0,0,0,0,0,0.130053780057428,0,0,0,0,0,0,0.596492094301362,0,0,0,0,0,0,0,0,0,0,0,0,0,0,0,0,0,0,0,0,0.227716346096794,0,0,0,0,0,0,0,0,0,0,0,0,0,0,0,0,0,0,0,0,0,0,0,0,0,0.0807595931510618,0,0,0,0,0,0,0,0,0,0,0,0,0,0,0,0,0,0,0,0,0,0,0,0,0,0,0,0,0,0,0,0,0.859906747104516,0,0,0,0,0,0,0,0,0,5.33901585049892,0,0,0,0,0,0,0,0,0,0.743202446007261,0,0,0,0,0,0,0,0,0,0,0,0,0,0,0,0,0,0,0,0,0,0,0.694991415644695,0,0,0,0,0,0,0,0,0.105607580798513,0,0,0,0,0,0,0,0,0,0,0.194755428117993,0,0,0,0,0,0,0,0.302400333659143,0,0,0,0,0,0,0,0,0,0,0,0,0,0,0,0,0,108.3602019,100.7882017,95.00380162,101.1103017,117.693402,127.7901023,115.252502,110.4113019,127.8751023,132.2044024,121.2861021,"JAR-00128"
"126",2501,"nSPC",2010,"PRIAs","Pacific Remote Island Areas","Jarvis","Jarvis",2010,"ForereefMid","Jarvis","2010-04-04","Forereef","Mid",-0.38211,-159.97876,10,17.5,0,6.25,43.75,32.5,0,NA,0,3.25,NA,NA,NA,4,2,50.8552496430452,55.4570485104919,41.9651783235383,11.354849277062,159.632325754137,11.7074966399731,0,0,0,0,0,0,0,0,0,0,0,0,0,0,0,0,0.195230063526058,0.00282942121052258,0,0,0,0,0,0,0,0,0,0,0,0,0,0,0,0,0,0,0,0,0,0,0,0.00141471060526129,0,0,0,0,0,0,0,0,0,0,0,0,0,0,0.00565884242104517,0,0,0,0,0,0,0,0,0.00424413181578388,0,0,0,0,0,0,0,0,0,0,0.00424413181578388,0,0,0,0,0,0,0,0,0,0,0,0,0,0.00282942121052258,0,0,0,0,0,0,0,0,0,0.00141471060526129,0,0,0,0,0,0,0,0,0,0,0,0,0,0,0,0.0113176848420903,0,0,0,0.0141471060526129,0,0,0,0,0.0325383439210097,0,0,0,0,0,0,0,0,0,0,0.00990297423682904,0,0.113176848420903,0,0,0,0,0,0,0,0,0,0,0,0,0,0,0,0,0,0,0,0,0,0,0,0,0,0,0,0,0,0,0,0,0,0.162691719605049,0,0,0,0,0,0,0,0.00282942121052258,0,0,0,0,0,0,0,0,0,0,0,0,0,0,0,0.00141471060526129,0,0,0,0,0,0,0.190985931710274,0,0,0,0,0,0,0,0,0,0,0,0,0,0,0,0,0,0.0353677651315323,0,0,0,0,0,0.00424413181578388,0,0,0,0,0,0,0,0,0,0.00424413181578388,0.00424413181578388,0,0.091956189341984,0,0.00424413181578388,0,0,0,0,0,0,0,0,0,0,0,0,0,0,0,0,0,0,0,0,0,0,0,0,0,0,0,0,0,0,0,0,0,0,0,0,0,0,0,0,0,0,0,0,0,0,0,0,0,0,0,0,0,0,0,0,0.0452707393683613,0,0,0,0,0,0,0,0,0,0,0,0,0,0,0,0,0,0,0,0.00141471060526129,0,0,0,0,0,0,0,0,0,0,0,0,0,0,0.00282942121052258,0,0,0,0,0,0,0,0,0,0,0,0,0,0,0,0,0,0,0,0,0,0,0,0,0.00282942121052258,0,0,0,0.0141471060526129,0,0,0,0,0,0,0,0,0.0707355302630646,0,0,0,0.0141471060526129,0,0,0.00282942121052258,0,0,0,0,0,0,0,0,0,0,0,0,0,0.00141471060526129,0.00282942121052258,0,0,0,0,0,0,0,0,0.00707355302630646,0,0.00424413181578388,0,0,0,0,0,0,0,0,0,0,0,0.00565884242104517,0,0,0,0,0,0,0,0,0,0,0,0,0,0,0,0,0,0,0,0,0,0,0,0,0,0,0,0,0,0,0,0.00990297423682904,0,0,0,0,0,0.00141471060526129,0.00282942121052258,0,0,0,0,0,0,0,0,0,0,0,0,0,0,0,0.00565884242104517,0,0,0,0,0,0,0.151374034762958,0,0,0,0,0,0,0,0,0,0,0,0,0,0,0,0,0,0,0,0,0,0,0,0,0,0,0,0,0,0,0,0,0.176838825657662,0,0,0,0,0,0,0,0.00141471060526129,0,0,0,0,0,0.636619772367581,0,0,0,0.00141471060526129,0,0,0,0,0,0,0,0,0,0,0.763943726841098,0,0,0,0,0,0,0,0,0,0,0,0,0,0,0,0,0,0,0.00424413181578388,0,0,0,0,0,0,0,0,0.00565884242104517,0,0,0,0,0,0,0,0,0,0.00848826363156775,0,0,0,0,0,0,0,0,0,0,0,0,0,0,0,0,0,0,0,0,0,0,0.111762137815642,0,0,0,0,0,0,0,0,0,0,0,0,0,0,0,0,0,0,0,0.202303616552365,0,0,0,0,0,0,0,0.182497668078707,0,0,0,0,0,0,0.00141471060526129,0,0,0,0,0,0,0,0.0155618166578742,0,0,0,0,0,0,0,0,0,0,0,0,0,0,0,0,0,0,17.6810550256957,0.103975262627718,0,0,0,0,0,0,0,0,0,0,0,0,0,0,0,0,0,0,0,0,0,0,0,0.118835690841949,0,0,0,0,0,0,0,0,0,0,0,0,0,0,1.38690163889367,0,0,0,0,0,0,0,0,0.381754418076385,0,0,0,0,0,0,0,0,0,0,0.517611921143576,0,0,0,0,0,0,0,0,0,0,0,0,0,0.269464529221056,0,0,0,0,0,0,0,0,0,0.246416276405105,0,0,0,0,0,0,0,0,0,0,0,0,0,0,0,3.75839410680219,0,0,0,0.0980351648812097,0,0,0,0,0.0871978749155558,0,0,0,0,0,0,0,0,0,0,0.477005339400357,0,0.126105888642386,0,0,0,0,0,0,0,0,0,0,0,0,0,0,0,0,0,0,0,0,0,0,0,0,0,0,0,0,0,0,0,0,0,0.415182194879058,0,0,0,0,0,0,0,0.223531678154915,0,0,0,0,0,0,0,0,0,0,0,0,0,0,0,0.159021080565231,0,0,0,0,0,0,0.214069764656323,0,0,0,0,0,0,0,0,0,0,0,0,0,0,0,0,0,0.107493680706181,0,0,0,0,0,3.83715071187515,0,0,0,0,0,0,0,0,0,0.112472095048872,0.165780943636056,0,9.01179673981884,0,0.178706687300775,0,0,0,0,0,0,0,0,0,0,0,0,0,0,0,0,0,0,0,0,0,0,0,0,0,0,0,0,0,0,0,0,0,0,0,0,0,0,0,0,0,0,0,0,0,0,0,0,0,0,0,0,0,0,0,0,1.31012523588788,0,0,0,0,0,0,0,0,0,0,0,0,0,0,0,0,0,0,0,0.118132535722759,0,0,0,0,0,0,0,0,0,0,0,0,0,0,0.519078117316265,0,0,0,0,0,0,0,0,0,0,0,0,0,0,0,0,0,0,0,0,0,0,0,0,0.00889828028477043,0,0,0,0.0286309972907695,0,0,0,0,0,0,0,0,0.0641044279785536,0,0,0,41.3972786724865,0,0,0.895901000231377,0,0,0,0,0,0,0,0,0,0,0,0,0,0.345108938069597,0.293490032999777,0,0,0,0,0,0,0,0,0.519311359122114,0,0.538751955747422,0,0,0,0,0,0,0,0,0,0,0,11.7741066704911,0,0,0,0,0,0,0,0,0,0,0,0,0,0,0,0,0,0,0,0,0,0,0,0,0,0,0,0,0,0,0,0.112250116340693,0,0,0,0,0,0.0550702060811788,0.306157371784144,0,0,0,0,0,0,0,0,0,0,0,0,0,0,0,0.254011289174665,0,0,0,0,0,0,0.754956442041697,0,0,0,0,0,0,0,0,0,0,0,0,0,0,0,0,0,0,0,0,0,0,0,0,0,0,0,0,0,0,0,0,0.104127298356698,0,0,0,0,0,0,0,0.00295320838848295,0,0,0,0,0,1.61872158115902,0,0,0,0.00313838139314653,0,0,0,0,0,0,0,0,0,0,39.9129473641158,0,0,0,0,0,0,0,0,0,0,0,0,0,0,0,0,0,0,0.650961542599478,0,0,0,0,0,0,0,0,5.40809132493449,0,0,0,0,0,0,0,0,0,6.29940531503862,0,0,0,0,0,0,0,0,0,0,0,0,0,0,0,0,0,0,0,0,0,0,0.956931329707638,0,0,0,0,0,0,0,0,0,0,0,0,0,0,0,0,0,0,0,0.109251733846606,0,0,0,0,0,0,0,0.657285157533936,0,0,0,0,0,0,3.47444230759714,0,0,0,0,0,0,0,1.46074684622689,0,0,120.3149021,112.3420019,104.2726018,110.8863019,123.2805021,136.1842024,121.9199021,120.7429021,136.6800024,138.0355024,128.3927023,"JAR-00114"
"127",2502,"nSPC",2010,"PRIAs","Pacific Remote Island Areas","Jarvis","Jarvis",2010,"ForereefDeep","Jarvis","2010-04-04","Forereef","Deep",-0.363692,-159.98663,21,12.5,5,5,42.5,35,0,NA,0,2.5,NA,NA,NA,2,1,34.196355045363,12.8823279956621,13.7144641968888,9.75839524417269,70.5515424820866,5.72560692988527,0,0,0,0,0,0,0,0,0,0,0,0,0,0,0,0,0.033953054526271,0,0,0,0,0,0,0,0,0,0,0,0,0,0,0,0,0,0,0,0,0,0,0,0,0,0,0,0,0,0,0,0,0,0,0,0,0,0,0,0.00565884242104517,0,0,0,0,0,0,0,0,0.00565884242104517,0,0,0,0,0,0,0,0,0,0,0.00565884242104517,0,0,0,0,0,0,0,0,0,0,0,0,0,0.00282942121052258,0,0,0,0,0,0,0,0,0,0,0,0,0,0,0,0,0,0,0,0,0,0,0,0,0,0.00848826363156775,0,0,0,0.0254647908947033,0,0,0,0,0.246159645315465,0.0282942121052258,0,0,0,0,0,0,0,0,0,0.118835690841949,0,1.55618166578742,0,0,0,0,0,0,0,0,0,0,0,0,0,0,0,0,0,0,0,0,0,0,0,0,0,0,0,0,0,0,0,0,0,2.03718327157626,0,0,0,0,0,0,0,0,0,0,0,0,0,0,0,0,0,0,0,0,0,0,0,0,0,0,0,0,0,0,0,0,0,0,0,0,0.0226353696841807,0,0,0,0,0,0,0,0,0,0,0,0,0,0,0,0,0,0.00565884242104517,0,0.0424413181578388,0,0,0,0.00282942121052258,0,0,0,0.00565884242104517,0.0141471060526129,0.0141471060526129,0.0396118969473162,0,0,0,0,0,0,0,0,0,0,0,0,0,0,0,0,0,0,0,0,0,0,0,0,0,0,0,0,0,0,0,0,0,0,0,0,0.00282942121052258,0,0,0.00282942121052258,0,0,0,0,0,0,0,0,0,0,0,0,0,0,0,0,0,0,0.0141471060526129,0,0,0,0,0,0,0,0,0,0,0,0,0,0,0,0,0,0,0,0,0,0,0,0,0,0,0,0,0,0,0,0,0,0,0.00282942121052258,0,0,0,0,0,0,0,0,0,0,0,0,0,0,0,0,0,0,0,0,0,0,0,0,0,0,0,0,0.0198059484736581,0,0.00565884242104517,0,0,0,0,0,0,0.141471060526129,0,0,0,0.00282942121052258,0,0,0,0,0,3.96118969473162,0,0,0,0,0,0,0,0,0,0,0,0.00565884242104517,0,0,0,0,0,0,0,0,0,0,0,0,0,0,0,0,0,0,0,0,0,0,0,0,0,0,0,0,0,0,0,0,0,0,0,0,0,0,0,0,0,0,0.0113176848420903,0,0,0,0,0,0,0,0,0,0,0,0,0,0,0,0,0,0.00282942121052258,0,0,0.00282942121052258,0,0.00565884242104517,0,0,0,0,0,0,0,0,0,0,0,0,0,0,0,0,0,0,0,0,0,0,0,0.00282942121052258,0,0,0,0,0,0,0,0,0,0,0,0,0,0,0,0.00565884242104517,0,0,0,0,0,0,0,0,0,0,0,6.50766878420194,0,0,0,0,0,0,0,0,0,0,0,0,0.0933708999472453,0.707355302630646,0,0,0,0,0,0,0,0,0,0,0,0,0,0,0,0,0,0,0,0,0,0,0,0,0,0,0,0,0,0,0,0,0,0.00565884242104517,0,0,0,0,0,0,0,0,0.00565884242104517,0,0,0,0,0,0,0,0,0,0,0,0,0,0,0,0,0,0,0,0,0,0,0,0,0,0,0,0,0,0,0,0,0,0,0,0,0,0,0,0,0,0.0113176848420903,0,0,0,0,0,0,0,0,0,0,0.00565884242104517,0,0,0,0,0,0,0,0.00282942121052258,0,0,0,0,0,0,0.00282942121052258,0,0,0,0,0,0,0,0,0,0,0,0,0,0,0,0,0,0,0,0,0,0,0,0,0,0,3.09203716878058,0,0,0,0,0,0,0,0,0,0,0,0,0,0,0,0,0,0,0,0,0,0,0,0,0,0,0,0,0,0,0,0,0,0,0,0,0,0,0,1.26634283053451,0,0,0,0,0,0,0,0,0.329490906017824,0,0,0,0,0,0,0,0,0,0,0.224680686690705,0,0,0,0,0,0,0,0,0,0,0,0,0,0.132368795674075,0,0,0,0,0,0,0,0,0,0,0,0,0,0,0,0,0,0,0,0,0,0,0,0,0,5.42230021316673,0,0,0,0.186912255447561,0,0,0,0,0.453342997686955,7.21660649390375,0,0,0,0,0,0,0,0,0,5.63582476249237,0,1.48553101816067,0,0,0,0,0,0,0,0,0,0,0,0,0,0,0,0,0,0,0,0,0,0,0,0,0,0,0,0,0,0,0,0,0,2.27319095358837,0,0,0,0,0,0,0,0,0,0,0,0,0,0,0,0,0,0,0,0,0,0,0,0,0,0,0,0,0,0,0,0,0,0,0,0,0.0578679105085637,0,0,0,0,0,0,0,0,0,0,0,0,0,0,0,0,0,3.51269069980248,0,0.233387148055216,0,0,0,0.42634171507548,0,0,0,0.33433589962253,0.501666887972728,0.486593970466096,2.7092874003364,0,0,0,0,0,0,0,0,0,0,0,0,0,0,0,0,0,0,0,0,0,0,0,0,0,0,0,0,0,0,0,0,0,0,0,0,0.368956299498448,0,0,1.11611418103149,0,0,0,0,0,0,0,0,0,0,0,0,0,0,0,0,0,0,0.632718155160817,0,0,0,0,0,0,0,0,0,0,0,0,0,0,0,0,0,0,0,0,0,0,0,0,0,0,0,0,0,0,0,0,0,0,0.755985979686503,0,0,0,0,0,0,0,0,0,0,0,0,0,0,0,0,0,0,0,0,0,0,0,0,0,0,0,0,0.0252514289436403,0,0.0273927480121832,0,0,0,0,0,0,0.231318623710971,0,0,0,6.13740939183666,0,0,0,0,0,1.57649408065776,0,0,0,0,0,0,0,0,0,0,0,0.224680686690705,0,0,0,0,0,0,0,0,0,0,0,0,0,0,0,0,0,0,0,0,0,0,0,0,0,0,0,0,0,0,0,0,0,0,0,0,0,0,0,0,0,0,1.11518779297325,0,0,0,0,0,0,0,0,0,0,0,0,0,0,0,0,0,0.0839162577047264,0,0,0.653547673221794,0,0.273781565481321,0,0,0,0,0,0,0,0,0,0,0,0,0,0,0,0,0,0,0,0,0,0,0,0.0194481175912582,0,0,0,0,0,0,0,0,0,0,0,0,0,0,0,0.839098813034999,0,0,0,0,0,0,0,0,0,0,0,5.36577804561226,0,0,0,0,0,0,0,0,0,0,0,0,0.448854245872862,0.765347625802276,0,0,0,0,0,0,0,0,0,0,0,0,0,0,0,0,0,0,0,0,0,0,0,0,0,0,0,0,0,0,0,0,0,0.772255434589129,0,0,0,0,0,0,0,0,5.72560692988527,0,0,0,0,0,0,0,0,0,0,0,0,0,0,0,0,0,0,0,0,0,0,0,0,0,0,0,0,0,0,0,0,0,0,0,0,0,0,0,0,0,0.422430323194053,0,0,0,0,0,0,0,0,0,0,0.0116119446479847,0,0,0,0,0,0,0,0.0286708080683464,0,0,0,0,0,0,6.94888461519427,0,0,0,0,0,0,0,0,0,0,97.83780168,99.67650175,103.8803017,103.7826017,90.17840153,109.0124019,95.05800163,97.66820176,104.0385018,101.0441017,103.3772018,"JAR-00108"
"128",2503,"nSPC",2010,"PRIAs","Pacific Remote Island Areas","Jarvis","Jarvis",2010,"ForereefMid","Jarvis","2010-04-04","Forereef","Mid",-0.3703,-159.97868,8,22.5,0,10,40,27.5,0,NA,0,2,NA,NA,NA,4,2,199.283843940841,67.8691935154979,15.7433057410198,10.0810245819568,292.977367779316,7.53734258374164,0,0,0,0,0,0,0,0,0,0,0,0,0,0,0,0,0.0381971863420549,0,0,0,0,0,0,0,0,0,0,0,0,0,0,0,0,0,0,0,0,0,0,0,0,0.00141471060526129,0,0,0,0,0,0,0,0,0,0,0,0,0,0,0.00282942121052258,0,0,0,0,0,0,0,0,0,0,0,0,0,0,0,0,0,0,0,0.00424413181578388,0,0,0,0,0,0,0,0,0,0,0,0,0,0,0,0,0,0,0,0,0,0,0,0,0,0,0,0,0,0,0,0,0,0,0,0,0,0,0,0.0212206590789194,0,0,0,0,0,0,0,0,0.00141471060526129,0,0,0,0,0,0,0,0,0,0,0.00141471060526129,0,0.0636619772367581,0,0,0,0,0,0,0,0,0,0,0,0,0,0,0,0,0,0,0,0,0,0,0,0,0,0,0,0,0,0,0,0,0,0.0763943726841098,0,0,0,0,0,0,0,0.00282942121052258,0,0,0,0,0,0,0,0,0,0,0.00141471060526129,0,0,0,0,0,0,0,0,0,0,0,0.132982796894561,0,0,0,0,0,0,0,0,0.00282942121052258,0,0,0,0,0,0,0,0,0.00565884242104517,0,0,0,0,0,0.00565884242104517,0,0,0,0,0,0,0,0,0,0.00282942121052258,0,0.00141471060526129,0.0311236333157484,0,0,0,0,0,0,0,0,0,0,0,0,0,0,0,0,0,0,0,0,0,0,0,0,0,0,0,0,0,0,0,0,0,0,0,0,0,0,0,0,0,0,0.00141471060526129,0,0,0,0,0,0,0,0,0,0,0,0,0,0,0,0.0282942121052258,0,0,0,0,0,0,0,0,0,0,0,0,0,0,0,0,0,0,0,0.00848826363156775,0,0,0.00424413181578388,0,0,0.0169765272631355,0,0,0,0,0,0,0,0,0.00282942121052258,0,0,0,0,0,0,0,0,0,0,0,0,0,0,0,0,0,0,0,0,0,0,0,0,0,0,0,0,0.00707355302630646,0,0,0,0,0,0,0,0,0,0,0,0,0.0707355302630646,0,0,0,0,0,0,0,0,0,0,0,0,0,0,0,0,0.024050080289442,0.00141471060526129,0,0,0,0,0,0,0,0,0,0,0.00141471060526129,0,0,0,0,0,0,0,0,0,0,0,0,0,0,0,0,0,0,0,0,0,0,0,0,0,0,0,0,0,0,0,0,0,0,0,0.00141471060526129,0,0,0,0,0,0,0,0.00565884242104517,0,0,0,0,0,0.00141471060526129,0.00282942121052258,0,0.00424413181578388,0,0,0,0,0,0,0,0,0,0,0,0,0,0.00141471060526129,0,0,0,0,0,0,0.0763943726841098,0,0,0,0,0,0,0,0,0,0,0,0,0,0,0,0,0,0,0,0,0.00282942121052258,0,0,0,0,0,0,0,0,0,0,0,0.0282942121052258,0,0,0,0,0,0,0,0,0,0,0,0,0,0.67906109052542,0,0,0,0,0,0,0,0,0,0,0,0,0,0,1.28031309776147,0,0,0,0,0,0,0,0,0,0,0,0,0,0,0,0,0,0,0,0,0,0,0,0,0,0,0,0.00282942121052258,0,0,0,0,0,0,0,0,0,0.00707355302630646,0,0,0,0,0,0,0,0,0,0,0,0,0,0,0,0,0,0,0,0,0,0,0.0452707393683613,0,0,0,0,0,0,0,0,0,0,0,0,0,0,0,0,0,0,0,0.0311236333157484,0,0,0,0,0,0.00990297423682904,0,0.0268795014999645,0,0,0,0,0,0,0.00141471060526129,0,0,0,0,0,0,0,0.00282942121052258,0,0,0,0,0,0,0,0,0,0,0,0,0,0,0,0,0,0,2.22663443169892,0,0,0,0,0,0,0,0,0,0,0,0,0,0,0,0,0,0,0,0,0,0,0,0,0.636885030606068,0,0,0,0,0,0,0,0,0,0,0,0,0,0,0.594386416668716,0,0,0,0,0,0,0,0,0,0,0,0,0,0,0,0,0,0,0,0.542486739861573,0,0,0,0,0,0,0,0,0,0,0,0,0,0,0,0,0,0,0,0,0,0,0,0,0,0,0,0,0,0,0,0,0,0,0,0,0,0,0,10.7449295565482,0,0,0,0,0,0,0,0,0.0103145247021205,0,0,0,0,0,0,0,0,0,0,0.0549589592017773,0,0.199652448878105,0,0,0,0,0,0,0,0,0,0,0,0,0,0,0,0,0,0,0,0,0,0,0,0,0,0,0,0,0,0,0,0,0,0.253270263759629,0,0,0,0,0,0,0,0.27473509157586,0,0,0,0,0,0,0,0,0,0,0.48682157287407,0,0,0,0,0,0,0,0,0,0,0,0.406604804479358,0,0,0,0,0,0,0,0,0.00505763277683027,0,0,0,0,0,0,0,0,0.0208409282869626,0,0,0,0,0,4.57309239399823,0,0,0,0,0,0,0,0,0,0.13089513208302,0,0.023576678630194,4.50582725289761,0,0,0,0,0,0,0,0,0,0,0,0,0,0,0,0,0,0,0,0,0,0,0,0,0,0,0,0,0,0,0,0,0,0,0,0,0,0,0,0,0,0,0.895318750382839,0,0,0,0,0,0,0,0,0,0,0,0,0,0,0,0.283863121632939,0,0,0,0,0,0,0,0,0,0,0,0,0,0,0,0,0,0,0,0.40776380279792,0,0,0.0314925136400963,0,0,0.0384968220482492,0,0,0,0,0,0,0,0,0.165470211233782,0,0,0,0,0,0,0,0,0,0,0,0,0,0,0,0,0,0,0,0,0,0,0,0,0,0,0,0,0.0135565993044536,0,0,0,0,0,0,0,0,0,0,0,0,185.640745859908,0,0,0,0,0,0,0,0,0,0,0,0,0,0,0,0,4.49694167645924,0.124143486301163,0,0,0,0,0,0,0,0,0,0,0.126077667393101,0,0,0,0,0,0,0,0,0,0,0,0,0,0,0,0,0,0,0,0,0,0,0,0,0,0,0,0,0,0,0,0,0,0,0,0.0577634672178658,0,0,0,0,0,0,0,0.0776759869220859,0,0,0,0,0,0.110608770625714,0.245936792979009,0,1.20502331390983,0,0,0,0,0,0,0,0,0,0,0,0,0,0.0516301464811319,0,0,0,0,0,0,0.769757219604965,0,0,0,0,0,0,0,0,0,0,0,0,0,0,0,0,0,0,0,0,0.323613353300794,0,0,0,0,0,0,0,0,0,0,0,0.0930701324725667,0,0,0,0,0,0,0,0,0,0,0,0,0,3.97151621106657,0,0,0,0,0,0,0,0,0,0,0,0,0,0,58.3685262708399,0,0,0,0,0,0,0,0,0,0,0,0,0,0,0,0,0,0,0,0,0,0,0,0,0,0,0,2.94270490540318,0,0,0,0,0,0,0,0,0,4.10781610546439,0,0,0,0,0,0,0,0,0,0,0,0,0,0,0,0,0,0,0,0,0,0,0.578181636179827,0,0,0,0,0,0,0,0,0,0,0,0,0,0,0,0,0,0,0,0.0279815610614631,0,0,0,0,0,0.45980212368275,0,0.0884114904494413,0,0,0,0,0,0,0.996958834526588,0,0,0,0,0,0,0,0.585549086498355,0,0,139.2706025,143.2606025,140.3847024,140.8178024,138.0935024,151.4197026,140.5516024,140.3139025,151.2015027,157.1703028,142.3036025,"JAR-00117"
"129",2504,"nSPC",2010,"PRIAs","Pacific Remote Island Areas","Jarvis","Jarvis",2010,"ForereefShallow","Jarvis","2010-04-04","Forereef","Shallow",-0.37275,-159.98387,5,30,0,2.5,25,15,27.5,NA,0,3,NA,NA,NA,4,2,24.4167057126252,3.83999807835939,29.8926352601162,14.0808008787467,72.2301399298475,13.4905994910476,0,0,0,0,0,0,0,0,0,0,0,0,0,0,0,0,0.0495148711841452,0,0,0,0,0,0,0,0,0,0.0311236333157484,0,0,0,0,0,0,0,0,0,0,0,0,0,0,0,0,0,0,0,0,0,0,0,0,0,0,0,0,0,0,0,0,0,0,0,0,0,0,0.00141471060526129,0,0,0,0.00141471060526129,0,0,0,0,0,0,0.00282942121052258,0,0,0,0,0,0,0,0,0,0,0,0,0,0,0,0,0,0,0.00141471060526129,0,0,0,0,0.00282942121052258,0,0,0,0,0,0,0,0,0,0,0,0,0,0,0,0.00990297423682904,0,0,0,0,0,0,0,0,0,0,0,0,0,0,0,0,0,0,0,0.00141471060526129,0,0,0,0,0,0,0,0,0,0,0,0,0,0,0,0,0,0,0,0,0,0,0,0,0,0,0,0,0,0,0,0,0,0,0.00707355302630646,0.0198059484736581,0,0,0,0,0,0,0,0,0,0,0,0,0,0,0,0,0,0,0,0,0,0,0,0,0,0,0.00565884242104517,0,0,0,0.0509295817894065,0,0,0,0,0,0,0,0,0.00141471060526129,0,0,0,0,0,0,0,0,0,0,0,0,0,0,0.00282942121052258,0,0,0,0,0,0,0,0,0,0,0,0,0.00990297423682904,0,0.0537590029999291,0,0,0,0,0,0,0,0,0,0,0,0,0,0,0,0,0,0,0,0,0,0,0,0,0,0,0,0,0,0,0,0,0,0,0,0,0,0,0.00282942121052258,0,0,0,0,0,0,0,0,0,0,0,0,0,0,0,0,0,0.00848826363156775,0,0,0,0,0,0,0,0,0,0,0,0,0,0,0,0,0,0,0,0.0113176848420903,0,0,0,0,0,0.00424413181578388,0,0,0.0254647908947033,0,0,0,0,0,0.00141471060526129,0,0,0,0,0,0,0,0.00141471060526129,0,0,0,0,0,0,0,0,0,0,0,0,0,0,0,0,0,0,0,0,0.00141471060526129,0,0,0,0,0,0,0,0,0,0,0,0,0.00282942121052258,0,0,0.00848826363156775,0.00141471060526129,0,0,0,0,0,0,0,0,0,0,0,0,0.0113176848420903,0.00424413181578388,0.00141471060526129,0,0,0,0,0,0.00141471060526129,0,0.00565884242104517,0,0.00141471060526129,0,0,0,0,0,0,0,0,0,0,0,0,0,0,0,0,0,0,0,0,0,0,0,0,0,0,0,0,0,0,0,0,0,0,0,0,0,0,0,0,0,0,0,0,0,0,0,0,0.00282942121052258,0,0,0,0.00848826363156775,0,0.00141471060526129,0,0,0,0,0,0,0,0,0,0,0,0,0,0,0,0,0,0,0.0297089227104871,0,0,0,0,0,0,0,0,0,0,0,0,0,0,0,0,0,0,0,0,0,0,0,0,0,0,0,0,0,0,0,0,0,0,0,0,0,0,0,0,0,0,0,0,0,0,0,0,0,0,0,0,0,0,0,0,0.00282942121052258,0,0,0,0,0,0,0,0,0,0,0,0,0,0,0,0,0,0,0,0,0,0,0.00424413181578388,0,0,0,0,0,0,0,0,0,0.00848826363156775,0,0,0,0,0,0,0,0,0,0.00141471060526129,0,0,0,0,0,0,0,0,0,0,0,0,0,0,0,0,0,0,0,0,0,0,0.0990297423682904,0,0.00282942121052258,0.00282942121052258,0,0,0.0565884242104517,0,0,0,0.00141471060526129,0,0,0,0,0,0,0,0,0,0.0438560287631,0,0,0,0,0,0,0,0.00990297423682904,0.00282942121052258,0,0,0,0,0,0,0,0.0325383439210097,0,0,0,0,0,0,0,0,0,0,0,0,0,0,0,0,0,0,0,0,0,0,0,0,2.52993567399737,0,0,0,0,0,0,0,0,0,1.07205363620108,0,0,0,0,0,0,0,0,0,0,0,0,0,0,0,0,0,0,0,0,0,0,0,0,0,0,0,0,0,0,0,0,0,0,0,0,0,0,0.180350171533127,0,0,0,5.67180279825994,0,0,0,0,0,0,0.393468434842413,0,0,0,0,0,0,0,0,0,0,0,0,0,0,0,0,0,0,0.0120173459438587,0,0,0,0,0.70587039292968,0,0,0,0,0,0,0,0,0,0,0,0,0,0,0,4.24533776802113,0,0,0,0,0,0,0,0,0,0,0,0,0,0,0,0,0,0,0,0.0677215502388805,0,0,0,0,0,0,0,0,0,0,0,0,0,0,0,0,0,0,0,0,0,0,0,0,0,0,0,0,0,0,0,0,0,0,0.649679614118874,0.0838029291817421,0,0,0,0,0,0,0,0,0,0,0,0,0,0,0,0,0,0,0,0,0,0,0,0,0,0,6.59856236955417,0,0,0,0.119718470259632,0,0,0,0,0,0,0,0,0.00759387978850163,0,0,0,0,0,0,0,0,0,0,0,0,0,0,0.0238458547564738,0,0,0,0,0,0,0,0,0,0,0,0,0.892998273531265,0,3.98497277574358,0,0,0,0,0,0,0,0,0,0,0,0,0,0,0,0,0,0,0,0,0,0,0,0,0,0,0,0,0,0,0,0,0,0,0,0,0,0,1.03091725768045,0,0,0,0,0,0,0,0,0,0,0,0,0,0,0,0,0,0.0503159400536276,0,0,0,0,0,0,0,0,0,0,0,0,0,0,0,0,0,0,0,0.301151267328797,0,0,0,0,0,0.00705586914374069,0,0,0.20091165926996,0,0,0,0,0,0.141085127473014,0,0,0,0,0,0,0,1.79272127898711,0,0,0,0,0,0,0,0,0,0,0,0,0,0,0,0,0,0,0,0,0.00392555880638058,0,0,0,0,0,0,0,0,0,0,0,0,16.8069177470762,0,0,0.916399912049621,1.37121857248731,0,0,0,0,0,0,0,0,0,0,0,0,2.76087150455677,0.598783208955365,1.5866393475859,0,0,0,0,0,0.161926636731984,0,0.642614227571845,0,0.0844243005677341,0,0,0,0,0,0,0,0,0,0,0,0,0,0,0,0,0,0,0,0,0,0,0,0,0,0,0,0,0,0,0,0,0,0,0,0,0,0,0,0,0,0,0,0,0,0,0,0,0.89459281712122,0,0,0,0.811751198567402,0,0.00909465579024135,0,0,0,0,0,0,0,0,0,0,0,0,0,0,0,0,0,0,0.181187608915916,0,0,0,0,0,0,0,0,0,0,0,0,0,0,0,0,0,0,0,0,0,0,0,0,0,0,0,0,0,0,0,0,0,0,0,0,0,0,0,0,0,0,0,0,0,0,0,0,0,0,0,0,0,0,0,0,0.00556151033140319,0,0,0,0,0,0,0,0,0,0,0,0,0,0,0,0,0,0,0,0,0,0,1.9732614448857,0,0,0,0,0,0,0,0,0,10.3712446124962,0,0,0,0,0,0,0,0,0,1.32663359956433,0,0,0,0,0,0,0,0,0,0,0,0,0,0,0,0,0,0,0,0,0,0,0.568546914595119,0,0.0274414256020572,0.018182077582592,0,0,0.125983492964204,0,0,0,0.0307156025987633,0,0,0,0,0,0,0,0,0,0.0380613741239498,0,0,0,0,0,0,0,0.0785792517428753,0.0157445968915964,0,0,0,0,0,0,0,0.0559463908463891,0,0,0,0,0,0,0,0,92.14830161,83.78530143,74.61870128,82.97300139,90.35130153,105.4987019,94.63740166,87.35490155,100.5199018,104.0028018,98.28220171,"JAR-00124"
"130",2505,"nSPC",2010,"PRIAs","Pacific Remote Island Areas","Jarvis","Jarvis",2010,"ForereefMid","Jarvis","2010-04-04","Forereef","Mid",-0.37413,-159.9772,10,22.5,0,5,41.25,31.25,0,NA,0,2,NA,NA,NA,4,2,49.0595538269471,22.7063729702407,34.247496350592,15.7010826975227,121.714505845303,20.7549929214968,0,0,0,0,0,0,0,0,0,0,0,0,0,0,0,0,0.0792237938946324,0,0,0,0,0,0,0,0,0,0,0,0,0,0,0,0,0,0,0,0,0,0,0,0,0,0,0,0,0,0,0,0,0,0,0,0,0,0,0,0.00141471060526129,0,0,0,0,0,0,0,0,0,0,0,0,0,0,0,0,0,0,0,0,0,0,0,0,0,0,0,0,0,0,0,0,0,0.00141471060526129,0,0,0,0,0,0,0,0,0,0,0,0,0,0,0,0,0,0,0,0,0,0,0,0,0,0.00990297423682904,0,0,0,0.00141471060526129,0,0,0,0,0,0,0,0,0,0,0,0,0,0,0,0.00424413181578388,0,0.0877120575262001,0,0,0,0,0,0.00565884242104517,0,0,0,0,0,0,0,0,0,0,0,0,0,0,0,0,0,0,0,0,0,0,0,0,0,0,0,0.0664913984472807,0,0,0,0,0,0,0,0,0,0,0,0,0,0,0,0,0,0,0,0,0,0,0,0.00141471060526129,0,0,0,0,0,0,0.155618166578742,0,0,0,0,0,0,0,0,0,0,0,0,0,0,0,0,0,0,0,0,0,0,0,0.00565884242104517,0,0,0,0,0,0,0,0,0,0,0,0,0.0523442923946678,0,0,0,0,0,0,0,0,0,0,0,0,0,0,0,0,0,0,0,0,0,0,0,0,0,0,0,0,0,0,0,0,0,0,0,0,0,0,0,0,0,0,0,0,0,0,0,0,0.00141471060526129,0,0,0,0,0,0,0,0,0,0.0155618166578742,0,0,0,0,0,0,0,0,0,0,0,0,0,0,0,0,0,0,0,0.00565884242104517,0,0,0,0,0,0.0141471060526129,0,0,0,0,0,0,0,0,0.00424413181578388,0,0,0,0,0,0,0,0,0,0,0,0,0,0,0,0,0,0,0,0,0,0,0,0,0,0,0,0,0.00707355302630646,0,0,0,0,0,0,0,0,0,0,0,0,0.0198059484736581,0,0,0,0,0,0,0,0,0,0,0,0,0,0,0,0,0.00848826363156775,0,0,0,0,0,0,0,0,0.0198059484736581,0,0,0.00141471060526129,0,0,0,0,0,0,0,0,0,0,0,0,0,0,0,0,0,0,0,0,0,0,0,0,0,0,0,0,0,0,0,0,0,0,0,0,0,0,0,0,0,0,0,0,0,0,0,0,0,0,0.00141471060526129,0,0,0,0,0,0,0,0,0,0,0,0,0,0,0,0.00141471060526129,0,0,0,0,0,0,0.0594178454209743,0,0,0,0,0,0,0,0,0,0,0,0,0,0,0,0,0,0,0,0,0,0,0,0,0,0,0,0,0,0,0,0,0,0,0,0,0,0,0.00282942121052258,0,0,0,0,0,0,0,1.01859163578813,0,0,0,0,0,0,0,0,0,0,0,0,0,0,0.297089227104871,0,0,0,0,0,0,0,0,0,0,0,0,0,0,0,0,0,0.00141471060526129,0,0,0,0,0,0,0,0,0,0.00707355302630646,0,0,0,0,0,0,0,0,0,0.00848826363156775,0,0,0,0,0,0,0,0,0,0,0,0,0,0,0,0,0,0.00282942121052258,0,0,0,0,0.0636619772367581,0,0,0,0,0,0,0,0,0.00141471060526129,0,0,0,0,0,0,0,0,0,0,0.0891267681314614,0,0,0,0,0,0,0,0.00848826363156775,0,0,0,0,0,0,0,0,0.0523442923946678,0,0,0,0,0,0.00141471060526129,0,0,0,0,0,0,0,0,0,0,0,0,0,0,0,0,0,0,6.47924095201441,0,0,0,0,0,0,0,0,0,0,0,0,0,0,0,0,0,0,0,0,0,0,0,0,0,0,0,0,0,0,0,0,0,0,0,0,0,0,0,0.401070456591576,0,0,0,0,0,0,0,0,0,0,0,0,0,0,0,0,0,0,0,0,0,0,0,0,0,0,0,0,0,0,0,0,0,0.0823813547638926,0,0,0,0,0,0,0,0,0,0,0,0,0,0,0,0,0,0,0,0,0,0,0,0,0,7.12726794697653,0,0,0,0.0208448686306458,0,0,0,0,0,0,0,0,0,0,0,0,0,0,0,0.150903493857857,0,0.229217071106856,0,0,0,0,0,0.486157350780733,0,0,0,0,0,0,0,0,0,0,0,0,0,0,0,0,0,0,0,0,0,0,0,0,0,0,0,0.25429225070087,0,0,0,0,0,0,0,0,0,0,0,0,0,0,0,0,0,0,0,0,0,0,0,0.839001023170894,0,0,0,0,0,0,0.457339156205239,0,0,0,0,0,0,0,0,0,0,0,0,0,0,0,0,0,0,0,0,0,0,0,3.88126057331069,0,0,0,0,0,0,0,0,0,0,0,0,6.23046997165088,0,0,0,0,0,0,0,0,0,0,0,0,0,0,0,0,0,0,0,0,0,0,0,0,0,0,0,0,0,0,0,0,0,0,0,0,0,0,0,0,0,0,0,0,0,0,0,0,0.0485245737604623,0,0,0,0,0,0,0,0,0,0.543539515675694,0,0,0,0,0,0,0,0,0,0,0,0,0,0,0,0,0,0,0,0.286956438363191,0,0,0,0,0,0.023519563812469,0,0,0,0,0,0,0,0,0.62895614354782,0,0,0,0,0,0,0,0,0,0,0,0,0,0,0,0,0,0,0,0,0,0,0,0,0,0,0,0,0.0192134119008093,0,0,0,0,0,0,0,0,0,0,0,0,32.7824195553249,0,0,0,0,0,0,0,0,0,0,0,0,0,0,0,0,2.01314271615596,0,0,0,0,0,0,0,0,1.05959339886622,0,0,0.103862271824423,0,0,0,0,0,0,0,0,0,0,0,0,0,0,0,0,0,0,0,0,0,0,0,0,0,0,0,0,0,0,0,0,0,0,0,0,0,0,0,0,0,0,0,0,0,0,0,0,0,0,0.110608770625714,0,0,0,0,0,0,0,0,0,0,0,0,0,0,0,0.0516301464811319,0,0,0,0,0,0,0.62799115181134,0,0,0,0,0,0,0,0,0,0,0,0,0,0,0,0,0,0,0,0,0,0,0,0,0,0,0,0,0,0,0,0,0,0,0,0,0,0,7.46577183464558,0,0,0,0,0,0,0,6.50044002923248,0,0,0,0,0,0,0,0,0,0,0,0,0,0,12.0661007053281,0,0,0,0,0,0,0,0,0,0,0,0,0,0,0,0,0,0.398184023933256,0,0,0,0,0,0,0,0,0,9.76852842684872,0,0,0,0,0,0,0,0,0,10.9864644946481,0,0,0,0,0,0,0,0,0,0,0,0,0,0,0,0,0,8.48728360357048,0,0,0,0,0.628678267113243,0,0,0,0,0,0,0,0,0.103132403123548,0,0,0,0,0,0,0,0,0,0,0.0746174961639016,0,0,0,0,0,0,0,0.0973391631950032,0,0,0,0,0,0,0,0,0.0652918999028851,0,0,0,0,0,0.133269369686005,0,0,140.1149025,141.7493024,140.6198024,141.0177024,137.5896023,151.7081026,139.7820024,139.0135024,151.1498027,156.8711028,144.2747025,"JAR-00118"
"131",2506,"nSPC",2010,"PRIAs","Pacific Remote Island Areas","Jarvis","Jarvis",2010,"ForereefDeep","Jarvis","2010-04-04","Forereef","Deep",-0.36227,-159.99339,23,17.5,2.5,15,40,25,0,NA,0,2.5,NA,NA,NA,2,1,60.5427493449739,38.5725239259632,34.7547766203747,22.4088091618933,156.278859053205,24.7925548277373,0,0,0,0,0,0,0,0,0,0,0,0,0,0.00565884242104517,0,0,0.0141471060526129,0,0,0,0,0,0,0,0,0.0254647908947033,0,0,0,0,0,0,0,0,0,0,0,0,0,0,0,0,0,0,0,0,0,0,0,0,0,0,0,0,0,0,0.0113176848420903,0.00282942121052258,0,0,0,0,0,0,0,0.00282942121052258,0,0,0,0,0,0,0,0,0,0,0.00848826363156775,0,0,0,0,0,0,0,0,0,0,0,0,0,0.00565884242104517,0,0,0,0,0,0,0,0,0,0,0,0,0,0,0,0,0,0,0,0,0,0,0,0,0,0.00565884242104517,0,0,0,0.00565884242104517,0,0,0,0,0.0311236333157484,0.0452707393683613,0,0,0,0,0,0,0,0,0,0.0226353696841807,0,0.0509295817894065,0,0,0,0,0,0,0,0,0,0,0,0,0,0,0,0,0,0,0,0,0,0,0,0,0,0,0,0,0,0,0,0,0,0.976150317630291,0,0,0.00565884242104517,0,0,0,0,0,0,0,0,0,0,0,0,0,0,0,0,0,0,0,0,0,0,0,0,0,0,0,0,0,0,0,0,0,0,0,0,0.0141471060526129,0,0,0,0,0,0,0,0,0,0,0,0,0,0,0,0,0,0,0,0,0,0,0,0,0.0113176848420903,0.00848826363156775,0.00848826363156775,0.0282942121052258,0,0.0226353696841807,0,0,0,0,0,0,0,0,0,0,0,0,0,0,0,0,0,0,0,0,0,0,0,0,0,0,0,0,0,0,0,0,0,0,0,0,0,0.0113176848420903,0,0,0.00282942121052258,0,0,0,0,0,0,0,0,0,0,0,0,0,0,0,0.00848826363156775,0,0.0141471060526129,0,0,0,0,0.00282942121052258,0,0,0,0,0,0,0,0,0,0,0,0,0,0,0,0,0,0,0,0,0,0,0,0,0,0,0,0.00282942121052258,0,0,0,0,0,0,0,0,0,0,0,0,0,0,0,0,0,0,0,0,0,0,0,0,0.00848826363156775,0,0,0,0.0254647908947033,0,0,0,0,0,0,0,0,0,0,0,0,0.0226353696841807,0,0,0.0113176848420903,0,0,1.98059484736581,0,0,0,0,0,0,0,0,0,0,0,0.00282942121052258,0,0,0,0,0,0,0,0,0,0,0,0,0,0,0,0,0,0,0,0,0,0,0,0,0,0,0,0,0,0,0.00565884242104517,0,0,0,0,0,0,0,0,0,0,0,0.00848826363156775,0,0,0,0,0,0,0,0,0,0,0,0.00282942121052258,0,0,0,0,0,0,0,0,0,0,0,0,0,0,0,0,0,0,0,0,0,0,0,0,0,0,0,0,0,0,0,0,0,0,0.00848826363156775,0,0,0,0,0,0,0,0,0,0,0,0,0,0,0,0.0113176848420903,0,0,0,0,0,0,0,0,0,0,0,3.81971863420549,0,0,0,0,0,0.00565884242104517,0,0.0113176848420903,0,0,0,0,0.0169765272631355,0.113176848420903,0,0,0,0,0,0,0,0,0,0,0,0,0,0,0,0,0,0,0,0,0,0,0,0,0.00565884242104517,0,0,0,0,0,0,0,0,0.00282942121052258,0,0,0,0,0,0,0,0,0.00565884242104517,0,0,0,0,0,0,0,0,0,0.00565884242104517,0,0,0,0,0.0113176848420903,0,0,0,0,0,0,0,0,0,0,0,0,0,0,0,0,0,0.00565884242104517,0,0,0,0,0,0,0,0,0,0,0,0,0,0,0,0,0,0,0,0,0,0,0,0,0,0,0,0,0,0,0,0,0,0,0,0,0,0,0,0,0,0,0.00282942121052258,0,0,0,0,0,0,0,0,0,0,0,0,0,0,0,0.923234793773076,0,0,0.885691074827446,0,0,0,0,0,0,0,0,0.937145048590511,0,0,0,0,0,0,0,0,0,0,0,0,0,0,0,0,0,0,0,0,0,0,0,0,0,0,0,0,0,0,2.4207127313732,0.360700343066254,0,0,0,0,0,0,0,0.250712791127551,0,0,0,0,0,0,0,0,0,0,0.381072527493642,0,0,0,0,0,0,0,0,0,0,0,0,0,0.264737591348151,0,0,0,0,0,0,0,0,0,0,0,0,0,0,0,0,0,0,0,0,0,0,0,0,0,9.53196602215259,0,0,0,0.0623187866655328,0,0,0,0,0.14202924633909,10.6578178615941,0,0,0,0,0,0,0,0,0,0.723984708215298,0,0.164247901270836,0,0,0,0,0,0,0,0,0,0,0,0,0,0,0,0,0,0,0,0,0,0,0,0,0,0,0,0,0,0,0,0,0,3.47658057689936,0,0,0.447063356309831,0,0,0,0,0,0,0,0,0,0,0,0,0,0,0,0,0,0,0,0,0,0,0,0,0,0,0,0,0,0,0,0,0,0,0,0,0.0252881638841514,0,0,0,0,0,0,0,0,0,0,0,0,0,0,0,0,0,0,0,0,0,0,0,0,0.668671799245059,0.628966398847433,0.38977623475069,3.72569836730185,0,1.5718389564896,0,0,0,0,0,0,0,0,0,0,0,0,0,0,0,0,0,0,0,0,0,0,0,0,0,0,0,0,0,0,0,0,0,0,0,0,0,6.03459353619716,0,0,0.641102028457507,0,0,0,0,0,0,0,0,0,0,0,0,0,0,0,0.267107217316307,0,5.12930751923358,0,0,0,0,1.75803062144486,0,0,0,0,0,0,0,0,0,0,0,0,0,0,0,0,0,0,0,0,0,0,0,0,0,0,0,0.668848011723918,0,0,0,0,0,0,0,0,0,0,0,0,0,0,0,0,0,0,0,0,0,0,0,0,0.00900114756867806,0,0,0,0.0433396822413285,0,0,0,0,0,0,0,0,0,0,0,0,23.6452343163056,0,0,1.71383692223119,0,0,2.78396372935433,0,0,0,0,0,0,0,0,0,0,0,0.690217876139193,0,0,0,0,0,0,0,0,0,0,0,0,0,0,0,0,0,0,0,0,0,0,0,0,0,0,0,0,0,0,18.1617374466173,0,0,0,0,0,0,0,0,0,0,0,0.80808269772525,0,0,0,0,0,0,0,0,0,0,0,0.110140412162358,0,0,0,0,0,0,0,0,0,0,0,0,0,0,0,0,0,0,0,0,0,0,0,0,0,0,0,0,0,0,0,0,0,0,0.0680894795370412,0,0,0,0,0,0,0,0,0,0,0,0,0,0,0,3.51242311891002,0,0,0,0,0,0,0,0,0,0,0,11.5577909407259,0,0,0,0,0,13.3232892694305,0,0.0408251527623883,0,0,0,0,0.166016352393818,0.682975584779783,0,0,0,0,0,0,0,0,0,0,0,0,0,0,0,0,0,0,0,0,0,0,0,0,0.532864082285164,0,0,0,0,0,0,0,0,0.223453540101021,0,0,0,0,0,0,0,0,9.78931429493459,0,0,0,0,0,0,0,0,0,9.6285090712956,0,0,0,0,5.37473146150713,0,0,0,0,0,0,0,0,0,0,0,0,0,0,0,0,0,0.0569572368266848,0,0,0,0,0,0,0,0,0,0,0,0,0,0,0,0,0,0,0,0,0,0,0,0,0,0,0,0,0,0,0,0,0,0,0,0,0,0,0,0,0,0,0.216821021431739,0,0,95.69160164,95.66690168,100.2234016,101.3817017,87.14490148,103.3129018,86.52670148,90.74920163,101.9564018,97.31660167,98.53680174,"JAR-00107"
"132",2508,"nSPC",2010,"PRIAs","Pacific Remote Island Areas","Jarvis","Jarvis",2010,"ForereefDeep","Jarvis","2010-04-05","Forereef","Deep",-0.37506,-159.97232,19,26.25,0,10,35,28.75,0,NA,0,2.5,NA,NA,NA,4,2,444.835609458225,50.1603754375796,22.567433115471,33.1344760005054,550.697894011781,8.97453834564586,0,0,0,0,0,0,0,0,0,0,0,0,0,0.00141471060526129,0.00990297423682904,0,0.0509295817894065,0,0,0,0,0.00707355302630646,0,0,0,0.0155618166578742,0,0,0,0,0,0,0,0,0,0,0,0,0,0,0,0.00282942121052258,0,0,0,0,0,0,0,0,0,0,0,0,0,0,0.024050080289442,0.00141471060526129,0,0,0,0,0,0,0,0.00141471060526129,0,0,0,0,0,0,0,0,0,0,0,0,0,0,0,0,0,0,0,0,0,0,0,0,0,0,0,0,0,0,0,0,0,0,0,0,0,0,0,0,0,0,0,0,0,0,0,0,0,0,0.0141471060526129,0,0,0,0.00565884242104517,0,0,0,0,0.0523442923946678,0.0721502408683259,0,0,0,0,0,0,0,0,0,0.0424413181578388,0,0,0,0,0,0,0,0,0,0,0,0,0,0,0,0,0,0,0,0,0,0,0,0,0,0,0,0,0,0,0,0,0,0,0.00141471060526129,0.490904580025668,0,0,0.00282942121052258,0,0,0,0,0,0,0,0,0,0,0,0,0,0,0,0,0,0,0,0,0,0,0,0,0,0,0,0.0424413181578388,0,0,0,0,0,0,0,0,0,0,0,0,0,0.00707355302630646,0,0,0,0.00848826363156775,0,0,0,0,0,0.00141471060526129,0,0,0,0,0,0,0,0,0,0,0.00707355302630646,0.00565884242104517,0.0311236333157484,0,0,0,0,0,0,0,0,0,0,0,0,0,0,0,0,0,0,0,0,0,0,0,0,0,0,0.00424413181578388,0,0.00282942121052258,0,0,0,0,0,0,0,0,0,0,0.00707355302630646,0,0,0.00141471060526129,0,0,0,0,0,0,0,0,0,0,0,0,0,0,0,0.0127323954473516,0,0,0,0,0,0,0.00424413181578388,0,0,0,0,0,0,0,0,0,0,0,0,0,0,0,0,0,0,0,0,0,0,0,0,0,0,0,0.00282942121052258,0,0,0,0,0,0,0,0,0,0,0,0,0,0,0,0,0,0,0,0,0,0,0,0,0.00282942121052258,0,0,0,0.00565884242104517,0,0,0,0,0,0,0,0,1.16006269631426,0,0,0,0.0198059484736581,0,0,0.00424413181578388,0,0,0.877120575262001,0,0,0,0,0,0,0,0,0,0,0.024050080289442,0.0141471060526129,0,0,0,0,0,0,0,0,0.0749796620788485,0,0.169765272631355,0,0,0,0,0,0,0,0,0,0,0,0.0113176848420903,0,0,0,0,0,0,0,0,0,0,0,0,0,0,0,0,0,0,0,0.0381971863420549,0,0,0,0.00141471060526129,0,0,0,0,0,0,0,0,0,0,0,0,0,0.00848826363156775,0,0,0.00848826363156775,0,0.00565884242104517,0,0,0,0,0,0,0,0,0,0,0,0,0,0,0,0,0,0,0.0254647908947033,0,0,0,0,0.00424413181578388,0,0,0,0,0,0,0,0,0,0,0,0,0,0,0,0.0113176848420903,0,0,0,0,0,0,0,0,0,0,0,4.81001605788839,0,0,0,0,0,0,0,0,0,0,0,0,0.0226353696841807,0.367824757367936,0,0,0,0.00282942121052258,0,0,0,0,0,0,0,0,0,0,0,0,0,0,0,0,0,0,0,0,0.0198059484736581,0,0,0,0,0,0,0,0,0.033953054526271,0,0,0,0,0,0,0,0,0,0,0,0,0,0,0,0,0,0,0.00282942121052258,0,0,0,0,0.00141471060526129,0,0,0,0,0,0,0,0,0,0,0,0,0.0113176848420903,0,0,0.0990297423682904,0,0,0,0,0,0,0,0,0,0,0.00424413181578388,0,0,0,0,0,0,0,0,0,0,0.0424413181578388,0,0,0,0,0,0,0,0,0,0,0,0,0,0,0.00282942121052258,0,0,0.00707355302630646,0,0,0.00424413181578388,0,0,0,0,0,0,0,0,0,0,0,0,0,0,0,0,0,0.167834608756221,0.901039334255669,0,3.6798539040681,0,0,0,0,2.13941627126926,0,0,0,1.03188552987471,0,0,0,0,0,0,0,0,0,0,0,0,0,0,0,0.179679564553026,0,0,0,0,0,0,0,0,0,0,0,0,0,0,8.14085385558904,0.102441379617354,0,0,0,0,0,0,0,0.125356395563776,0,0,0,0,0,0,0,0,0,0,0,0,0,0,0,0,0,0,0,0,0,0,0,0,0,0,0,0,0,0,0,0,0,0,0,0,0,0,0,0,0,0,0,0,0,0,0,0,0,0,6.44552837841596,0,0,0,0.0433783964582779,0,0,0,0,0.22375584523951,19.9237313111288,0,0,0,0,0,0,0,0,0,2.23048860726931,0,0,0,0,0,0,0,0,0,0,0,0,0,0,0,0,0,0,0,0,0,0,0,0,0,0,0,0,0,0,0,0,0,0,0.166600387958419,0.673270397075965,0,0,0.223531678154915,0,0,0,0,0,0,0,0,0,0,0,0,0,0,0,0,0,0,0,0,0,0,0,0,0,0,0,0.0700791045422234,0,0,0,0,0,0,0,0,0,0,0,0,0,0.0209933955390281,0,0,0,0.031261392430444,0,0,0,0,0,0.283374535909365,0,0,0,0,0,0,0,0,0,0,0.417919874528162,0.466362799819253,3.04108465298668,0,0,0,0,0,0,0,0,0,0,0,0,0,0,0,0,0,0,0,0,0,0,0,0,0,0,15.473473202596,0,0.35359787922812,0,0,0,0,0,0,0,0,0,0,4.47603863351627,0,0,0.895318750382839,0,0,0,0,0,0,0,0,0,0,0,0,0,0,0,0.687525300071681,0,0,0,0,0,0,1.58486563377434,0,0,0,0,0,0,0,0,0,0,0,0,0,0,0,0,0,0,0,0,0,0,0,0,0,0,0,0.544043798309432,0,0,0,0,0,0,0,0,0,0,0,0,0,0,0,0,0,0,0,0,0,0,0,0,0.00889828028477043,0,0,0,0.009631040498073,0,0,0,0,0,0,0,0,1.11874098012942,0,0,0,54.2603959109864,0,0,0.507180733633306,0,0,0.891628149576834,0,0,0,0,0,0,0,0,0,0,6.8735972359303,2.48098769001351,0,0,0,0,0,0,0,0,8.52489002823935,0,17.9138289357824,0,0,0,0,0,0,0,0,0,0,0,18.9616213034488,0,0,0,0,0,0,0,0,0,0,0,0,0,0,0,0,0,0,0,3.46440204065397,0,0,0,0.0326718821137476,0,0,0,0,0,0,0,0,0,0,0,0,0,0.0994959422798139,0,0,1.06464239457445,0,0.951630999432841,0,0,0,0,0,0,0,0,0,0,0,0,0,0,0,0,0,0,0.211611530589869,0,0,0,0,0.0561007357413573,0,0,0,0,0,0,0,0,0,0,0,0,0,0,0,2.44986397516309,0,0,0,0,0,0,0,0,0,0,0,7.97201309633822,0,0,0,0,0,0,0,0,0,0,0,0,0.0994379219652707,0.198233811211792,0,0,0,0.00627676278629307,0,0,0,0,0,0,0,0,0,0,0,0,0,0,0,0,0,0,0,0,1.20905904770345,0,0,0,0,0,0,0,0,5.09735594832817,0,0,0,0,0,0,0,0,0,0,0,0,0,0,0,0,0,0,8.49879437234238,0,0,0,0,0.475743973303482,0,0,0,0,0,0,0,0,0,0,0,0,42.9228777375599,0,0,282.917028069946,0,0,0,0,0,0,0,0,0,0,0.259068596646353,0,0,0,0,0,0,0,0,0,0,0.0183452597737258,0,0,0,0,0,0,0,0,0,0,0,0,0,0,5.1119155455524,0,0,0.361668500784285,0,0,0.923670779584969,0,0,0,0,142.2398025,143.9352025,143.9244024,143.9478024,139.9900024,154.3545027,141.6684025,142.8963025,155.8282027,159.5007028,146.2810026,"JAR-00422"
"133",2509,"nSPC",2010,"PRIAs","Pacific Remote Island Areas","Jarvis","Jarvis",2010,"ForereefShallow","Jarvis","2010-04-05","Forereef","Shallow",-0.36258,-159.99838,5.5,6.75,0,23.75,25,40,4.5,NA,0,3,NA,NA,NA,4,2,36.6988313022563,7.35617475884726,18.7153482502485,9.66329411011016,72.4336484214622,7.32493122106382,0,0.00282942121052258,0,0,0,0.0155618166578742,0,0,0,0,0,0,0.0226353696841807,0,0,0,0.0155618166578742,0,0,0.00424413181578388,0,0.00141471060526129,0,0,0,0,0,0,0,0,0,0,0,0,0,0,0,0,0,0,0,0.0226353696841807,0,0,0,0,0,0,0,0,0,0,0,0,0,0,0,0,0,0,0,0,0,0,0,0,0,0,0,0,0,0,0,0,0,0,0.00848826363156775,0,0,0,0,0,0,0,0,0,0,0,0,0,0,0,0,0,0,0,0,0.00141471060526129,0,0,0,0,0,0,0,0,0,0,0,0,0,0,0,0,0,0,0.00565884242104517,0,0,0,0.0155618166578742,0,0,0,0,0,0,0,0,0,0,0,0,0,0,0,0.00990297423682904,0,0,0,0,0,0,0,0,0,0,0,0,0,0,0,0,0,0,0,0,0,0,0,0,0,0,0,0,0,0,0,0,0,0,0.00141471060526129,0.0127323954473516,0,0,0,0,0,0,0,0,0,0,0,0,0,0,0,0,0,0,0,0,0,0,0,0.00141471060526129,0,0,0,0,0,0,0.210791880183933,0,0,0,0,0,0,0,0,0.00565884242104517,0,0,0,0,0.00141471060526129,0.00141471060526129,0,0,0.0212206590789194,0,0,0,0,0,0.0113176848420903,0,0.0127323954473516,0,0,0,0.00424413181578388,0,0,0,0,0.00424413181578388,0,0.0155618166578742,0,0,0,0,0,0,0,0,0,0,0,0,0,0,0,0,0,0,0,0,0,0,0,0,0,0,0,0,0,0,0,0,0,0,0,0,0,0,0,0,0.00141471060526129,0,0.00141471060526129,0,0,0,0,0,0,0,0,0,0,0,0,0,0,0,0.00565884242104517,0,0,0,0,0,0,0,0,0,0,0,0,0,0,0,0,0,0,0,0.00848826363156775,0,0,0,0,0.00141471060526129,0.00707355302630646,0,0,0,0,0,0,0,0,0.00565884242104517,0,0,0,0,0,0,0,0,0,0,0,0,0,0,0,0,0,0,0,0,0,0,0,0,0,0,0,0,0.00424413181578388,0,0,0,0,0,0,0,0,0,0,0,0,0.0141471060526129,0,0,0,0,0,0,0,0,0,0,0,0,0.00424413181578388,0,0,0,0.0297089227104871,0.0127323954473516,0.00141471060526129,0,0,0,0,0,0,0.00565884242104517,0.00424413181578388,0,0,0,0,0,0,0,0,0,0,0,0,0,0,0,0,0,0,0,0,0,0,0,0,0,0,0,0,0,0,0,0,0,0,0,0,0,0,0,0,0,0,0,0,0,0.00565884242104517,0,0,0,0,0,0,0.00424413181578388,0,0.00848826363156775,0,0,0,0,0,0.00424413181578388,0,0,0,0,0,0,0,0,0,0,0,0,0,0,0.0367824757367936,0,0,0,0.00990297423682904,0,0,0,0,0,0,0.00990297423682904,0,0,0,0,0,0,0,0,0,0,0,0,0,0,0,0,0,0,0,0,0,0,0,0,0,0,0,0,0,0,0,0,0,0,0,0,0,0,0,0,0,0,0,0,0,0,0,0,0,0,0,0,0,0.0226353696841807,0,0,0,0,0,0.00990297423682904,0,0,0,0,0,0,0,0,0,0,0,0,0,0,0,0,0,0,0.00565884242104517,0,0,0,0,0,0,0,0,0,0.00707355302630646,0,0,0,0,0,0,0,0,0,0,0,0,0,0,0,0,0,0,0,0,0,0,0.147129902947174,0,0.00424413181578388,0.0410266075525775,0,0,0,0,0,0,0,0,0,0,0,0,0,0,0,0,0.140056349920868,0,0,0,0,0,0.00141471060526129,0.00141471060526129,0.195230063526058,0,0.00282942121052258,0,0,0,0,0,0,0.024050080289442,0,0,0,0,0,0,0,0,0,0.202686154300027,0,0,0,1.59353002576632,0,0,0,0,0,0,3.50305872295478,0,0,0,0.923361501981912,0,0,0.25812661110945,0,0.323165601030405,0,0,0,0,0,0,0,0,0,0,0,0,0,0,0,0,0,0,0,0.927987909784776,0,0,0,0,0,0,0,0,0,0,0,0,0,0,0,0,0,0,0,0,0,0,0,0,0,0,0,0,0,0,0,0,0,0,0.899427980077943,0,0,0,0,0,0,0,0,0,0,0,0,0,0,0,0,0,0,0,0,0.227713844799746,0,0,0,0,0,0,0,0,0,0,0,0,0,0,0,0,0,0,2.14922017737351,0,0,0,0.104734499688435,0,0,0,0,0,0,0,0,0,0,0,0,0,0,0,0.484460420526638,0,0,0,0,0,0,0,0,0,0,0,0,0,0,0,0,0,0,0,0,0,0,0,0,0,0,0,0,0,0,0,0,0,0,0.070497165463428,0.0129208348999724,0,0,0,0,0,0,0,0,0,0,0,0,0,0,0,0,0,0,0,0,0,0,0,0.0352448614350931,0,0,0,0,0,0,0.280243419101662,0,0,0,0,0,0,0,0,0.0213597244387074,0,0,0,0,0.00798091933332315,0.102177473464997,0,0,0.0667724205324421,0,0,0,0,0,0.18490754364388,0,0.100302272880507,0,0,0,0.141851759150005,0,0,0,0,0.250751924716897,0,1.93339067975207,0,0,0,0,0,0,0,0,0,0,0,0,0,0,0,0,0,0,0,0,0,0,0,0,0,0,0,0,0,0,0,0,0,0,0,0,0,0,0,0,0.0620064585803647,0,0.681041702682693,0,0,0,0,0,0,0,0,0,0,0,0,0,0,0,0.101231387904293,0,0,0,0,0,0,0,0,0,0,0,0,0,0,0,0,0,0,0,0.298534293900491,0,0,0,0,0.0109320347310961,0.125218157737585,0,0,0,0,0,0,0,0,0.989966664343394,0,0,0,0,0,0,0,0,0,0,0,0,0,0,0,0,0,0,0,0,0,0,0,0,0,0,0,0,0.0102588777372794,0,0,0,0,0,0,0,0,0,0,0,0,33.1568919248496,0,0,0,0,0,0,0,0,0,0,0,0,0.0266524404478201,0,0,0,6.26641141221218,1.02410577952229,1.5866393475859,0,0,0,0,0,0,0.417480109305246,0.202733974868675,0,0,0,0,0,0,0,0,0,0,0,0,0,0,0,0,0,0,0,0,0,0,0,0,0,0,0,0,0,0,0,0,0,0,0,0,0,0,0,0,0,0,0,0,0,0.029908429498229,0,0,0,0,0,0,0.165210618243536,0,1.06805494373141,0,0,0,0,0,0.140570737866992,0,0,0,0,0,0,0,0,0,0,0,0,0,0,0.157231153937852,0,0,0,0.025273215935771,0,0,0,0,0,0,0.0401301182569469,0,0,0,0,0,0,0,0,0,0,0,0,0,0,0,0,0,0,0,0,0,0,0,0,0,0,0,0,0,0,0,0,0,0,0,0,0,0,0,0,0,0,0,0,0,0,0,0,0,0,0,0,0,0.0706517793952331,0,0,0,0,0,0.607206307495106,0,0,0,0,0,0,0,0,0,0,0,0,0,0,0,0,0,0,3.8872870773103,0,0,0,0,0,0,0,0,0,3.06935956108678,0,0,0,0,0,0,0,0,0,0,0,0,0,0,0,0,0,0,0,0,0,0,0.84222657271492,0,0.0275945182038946,0.324376416857746,0,0,0,0,0,0,0,0,0,0,0,0,0,0,0,0,0.0781387108603969,0,0,0,0,0,0.0849230668333592,0.644002298190077,1.17469688722826,0,0.222669898933798,0,0,0,0,0,0,0.00815709426576467,0,0,0,0,0,0,0,0,92.21560158,90.62060159,98.09100161,99.47860168,81.47780138,96.5954017,76.36860131,81.96930147,89.84870157,83.11030143,91.59410163,"JAR-00125"
"134",2510,"nSPC",2010,"PRIAs","Pacific Remote Island Areas","Jarvis","Jarvis",2010,"ForereefShallow","Jarvis","2010-04-05","Forereef","Shallow",-0.36392,-159.98967,5,18.75,0,18.75,16.25,45.75,0.5,NA,0,2.75,NA,NA,NA,4,2,19.6114460585194,3.78971971348759,22.0829152658339,5.92480580020811,51.408886838049,8.59867253460363,0,0,0,0,0,0.0169765272631355,0,0,0,0,0,0,0.0141471060526129,0,0,0,0.0438560287631001,0,0,0,0,0.00282942121052258,0,0,0,0,0,0,0,0,0,0,0,0,0,0,0,0,0,0,0,0.0183912378683968,0,0,0,0,0,0,0,0,0,0,0,0,0,0,0.00141471060526129,0,0,0,0,0,0,0,0,0,0,0,0,0,0,0,0,0,0,0,0.00141471060526129,0,0,0,0,0.00141471060526129,0,0,0,0,0,0,0,0,0,0,0,0,0,0,0,0,0,0,0,0,0,0,0,0,0,0,0,0,0,0,0,0,0,0,0.00141471060526129,0,0,0,0.00990297423682904,0,0,0,0,0,0,0,0,0,0,0,0,0,0,0,0.0254647908947033,0,0.0212206590789194,0,0,0,0,0,0,0,0,0,0,0,0,0,0,0,0,0,0,0,0,0,0,0,0,0,0,0,0,0,0,0,0,0,0,0,0,0,0,0,0,0,0,0,0,0,0,0,0,0,0,0,0,0,0,0,0,0,0,0,0,0,0,0,0,0.466854499736226,0,0,0,0,0,0,0,0,0.00848826363156775,0,0,0,0,0,0.00282942121052258,0,0,0.0141471060526129,0,0,0,0,0,0.00424413181578388,0,0.00141471060526129,0,0,0,0.00282942121052258,0,0,0,0,0,0.00565884242104517,0.0113176848420903,0,0.00282942121052258,0,0,0,0,0,0,0,0,0,0,0,0,0,0,0,0,0,0,0,0,0,0,0,0,0,0,0,0,0,0,0,0,0,0,0,0,0,0,0,0,0,0,0,0,0,0,0,0,0,0,0,0,0,0,0,0,0.0183912378683968,0,0,0,0,0,0,0,0,0,0,0,0,0,0,0,0,0,0,0,0.00565884242104517,0,0,0,0,0,0,0,0,0,0,0,0,0,0,0.00282942121052258,0,0,0,0,0,0,0,0,0,0,0,0,0,0,0,0,0,0,0,0,0,0,0,0,0.00141471060526129,0,0,0,0.00565884242104517,0,0,0,0,0,0,0,0,0,0,0,0,0.00848826363156775,0,0,0,0,0,0,0,0,0,0,0,0,0.00141471060526129,0,0,0,0.0155618166578742,0.024050080289442,0,0,0,0,0,0,0,0,0,0,0,0,0,0,0,0,0,0,0,0,0,0,0,0,0,0,0,0,0,0,0,0,0,0,0,0,0,0,0,0,0,0,0,0,0,0,0,0,0,0,0,0,0,0,0.0183912378683968,0,0,0,0,0,0.00141471060526129,0.00707355302630646,0,0.00282942121052258,0,0.00141471060526129,0,0,0,0,0,0,0,0,0,0,0,0,0,0,0,0,0,0,0.0778090832893711,0,0,0,0.00707355302630646,0,0,0,0,0,0,0,0,0,0,0,0,0,0,0,0,0,0,0,0,0,0,0,0,0,0,0,0,0,0,0,0,0,0,0,0,0,0,0,0,0,0,0,0,0,0,0,0,0,0,0,0,0,0,0,0,0,0,0,0,0,0,0,0,0,0,0.00141471060526129,0,0,0,0,0,0,0,0,0,0,0,0,0,0,0,0,0,0,0.00424413181578388,0,0,0,0,0,0,0,0,0,0.00424413181578388,0,0,0,0,0,0,0,0,0,0,0,0,0,0,0,0,0,0,0,0,0,0,0.178253536262923,0,0.00282942121052258,0.0113176848420903,0,0,0,0,0,0.00282942121052258,0.00282942121052258,0,0,0,0,0,0,0,0,0,0.0933708999472453,0,0,0,0,0,0,0,0.169765272631355,0,0.00707355302630646,0,0,0,0,0.00141471060526129,0,0,0,0,0,0,0,0,0,0,0,0,0,0,0,1.69369153661882,0,0,0,0,0,0,1.54572032496517,0,0,0,3.23717951991637,0,0,0,0,0.468452961248233,0,0,0,0,0,0,0,0,0,0,0,0,0,0,0,0,0,0,0,0.664365784113268,0,0,0,0,0,0,0,0,0,0,0,0,0,0,0.232100958675681,0,0,0,0,0,0,0,0,0,0,0,0,0,0,0,0,0,0,0,0.0561701716726763,0,0,0,0,0.00610305553142484,0,0,0,0,0,0,0,0,0,0,0,0,0,0,0,0,0,0,0,0,0,0,0,0,0,0,0,0,0,0,0,0,0,0,0.0459036798108531,0,0,0,0.0696466318448459,0,0,0,0,0,0,0,0,0,0,0,0,0,0,0,1.06244028893842,0,0.0350395522711117,0,0,0,0,0,0,0,0,0,0,0,0,0,0,0,0,0,0,0,0,0,0,0,0,0,0,0,0,0,0,0,0,0,0,0,0,0,0,0,0,0,0,0,0,0,0,0,0,0,0,0,0,0,0,0,0,0,0,0,0,0,0,0,0,0.665897491285585,0,0,0,0,0,0,0,0,0.0365474840157106,0,0,0,0,0,0.204354946929994,0,0,0.0384450480650052,0,0,0,0,0,0.887643724854913,0,0.0117134840779806,0,0,0,0.1040873327821,0,0,0,0,0,0.612468295982308,0.995817731136233,0,0.196479869561199,0,0,0,0,0,0,0,0,0,0,0,0,0,0,0,0,0,0,0,0,0,0,0,0,0,0,0,0,0,0,0,0,0,0,0,0,0,0,0,0,0,0,0,0,0,0,0,0,0,0,0,0,0,0,0,0,0.435518275291328,0,0,0,0,0,0,0,0,0,0,0,0,0,0,0,0,0,0,0,0.221668009493601,0,0,0,0,0,0,0,0,0,0,0,0,0,0,0.416070491668101,0,0,0,0,0,0,0,0,0,0,0,0,0,0,0,0,0,0,0,0,0,0,0,0,0.0100210730109337,0,0,0,0.0111488391799353,0,0,0,0,0,0,0,0,0,0,0,0,17.0318115346501,0,0,0,0,0,0,0,0,0,0,0,0,0.0148488025128225,0,0,0,2.9858065621158,3.43485523572777,0,0,0,0,0,0,0,0,0,0,0,0,0,0,0,0,0,0,0,0,0,0,0,0,0,0,0,0,0,0,0,0,0,0,0,0,0,0,0,0,0,0,0,0,0,0,0,0,0,0,0,0,0,0,0.287872162332542,0,0,0,0,0,0.0102173073532955,0.67762140816771,0,0.154604052675333,0,0.201620659342844,0,0,0,0,0,0,0,0,0,0,0,0,0,0,0,0,0,0,0.378246805571976,0,0,0,0.0210236775612145,0,0,0,0,0,0,0,0,0,0,0,0,0,0,0,0,0,0,0,0,0,0,0,0,0,0,0,0,0,0,0,0,0,0,0,0,0,0,0,0,0,0,0,0,0,0,0,0,0,0,0,0,0,0,0,0,0,0,0,0,0,0,0,0,0,0,0.0522944720699266,0,0,0,0,0,0,0,0,0,0,0,0,0,0,0,0,0,0,5.33491422440311,0,0,0,0,0,0,0,0,0,3.26375831020052,0,0,0,0,0,0,0,0,0,0,0,0,0,0,0,0,0,0,0,0,0,0,1.12599060619639,0,0.0288275942365078,0.0654949699679028,0,0,0,0,0,0.167700926916158,0.218149481558127,0,0,0,0,0,0,0,0,0,0.0680454580471603,0,0,0,0,0,0,0,0.851747174672397,0,0.517387967904223,0,0,0,0,0.551350880923322,0,0,0,0,0,0,0,0,0,0,95.16040163,95.66590168,99.79220163,100.8387017,86.84460148,105.2212018,89.16070153,90.00500162,101.9572018,97.21690166,99.24010176,"JAR-00122"
"135",2511,"nSPC",2010,"PRIAs","Pacific Remote Island Areas","Jarvis","Jarvis",2010,"ForereefMid","Jarvis","2010-04-05","Forereef","Mid",-0.36171,-159.99718,12.5,15,0,21.25,22.5,41.25,0,NA,0,2.5,NA,NA,NA,4,2,12.8250041024508,16.0017474854214,36.6231373054813,19.2855905018323,84.7354793951859,18.8373641987543,0,0,0,0,0,0.00707355302630646,0,0,0,0,0,0,0.0268795014999645,0.00141471060526129,0,0,0.0594178454209743,0,0,0,0,0,0,0,0,0,0,0,0,0,0,0,0,0,0,0,0,0,0,0,0,0.0127323954473516,0,0,0,0,0,0,0,0,0,0,0,0,0,0,0.00848826363156775,0,0,0,0,0,0,0,0,0.00282942121052258,0,0,0,0,0,0,0,0,0,0,0.0113176848420903,0,0,0,0,0.00282942121052258,0,0,0,0,0,0,0,0,0.00990297423682904,0,0,0,0,0,0,0.00141471060526129,0,0,0,0,0,0,0,0,0,0,0,0,0,0,0,0,0,0,0.00707355302630646,0,0,0,0.0282942121052258,0,0,0,0,0.0523442923946678,0.00848826363156775,0,0,0,0,0,0,0,0,0,0.0268795014999645,0,0,0,0,0,0,0,0,0,0,0,0,0,0,0,0,0,0,0,0,0,0,0,0,0,0,0,0,0,0,0,0,0,0,0,0.316895175578529,0,0,0,0,0,0,0,0,0,0,0,0,0,0,0,0,0,0,0,0,0,0,0,0,0,0,0,0,0,0,0.190985931710274,0,0,0,0,0,0,0,0,0,0,0,0,0,0.00848826363156775,0,0,0,0.0212206590789194,0,0,0,0,0,0.00141471060526129,0,0,0,0,0,0.00141471060526129,0,0,0,0.00424413181578388,0.00848826363156775,0,0.0424413181578388,0,0.0183912378683968,0,0,0,0,0,0,0,0,0,0,0,0,0,0,0,0,0,0,0,0,0,0,0,0,0,0,0,0,0,0,0,0,0,0,0.00141471060526129,0,0,0,0,0,0.00141471060526129,0,0,0,0,0,0,0,0,0,0,0,0.0396118969473162,0,0,0,0.0155618166578742,0,0,0,0,0,0,0,0,0,0,0,0,0,0,0,0,0,0,0,0.00424413181578388,0,0,0,0,0,0,0,0,0,0,0,0,0,0,0.00424413181578388,0,0,0,0,0,0,0,0,0,0,0,0,0,0,0,0,0,0,0,0,0,0,0,0,0.00282942121052258,0,0,0,0.00565884242104517,0,0,0,0,0,0,0,0,0.212206590789194,0,0,0,0.00141471060526129,0,0,0.00141471060526129,0.00141471060526129,0,0.0424413181578388,0,0,0,0,0,0,0,0,0,0,0.0155618166578742,0.00282942121052258,0,0,0,0,0,0.00707355302630646,0,0,0.0212206590789194,0,0.0268795014999645,0,0,0,0,0,0,0,0,0,0.00141471060526129,0,0,0,0,0,0,0,0,0,0,0,0,0,0,0,0,0,0,0,0,0,0,0,0,0,0,0,0,0,0,0,0,0,0.0127323954473516,0,0,0,0,0,0.00565884242104517,0.00565884242104517,0,0.00424413181578388,0,0.00282942121052258,0,0,0,0,0,0,0,0,0,0,0,0,0,0,0,0,0,0,0.0254647908947033,0,0,0,0,0.00141471060526129,0,0,0,0,0,0,0,0,0,0,0,0,0,0,0,0.00424413181578388,0,0,0,0,0,0,0,0,0,0,0,2.33427249868113,0,0,0,0.00141471060526129,0,0,0,0.0169765272631355,0.00141471060526129,0,0,0,0.0254647908947033,0.79931149197263,0,0,0,0,0,0,0,0,0,0,0,0,0,0,0,0,0,0,0,0,0,0,0,0,0,0,0,0,0,0,0,0,0,0.00707355302630646,0,0,0,0,0,0,0,0,0.00990297423682904,0,0,0,0,0,0,0,0,0,0.00565884242104517,0,0,0,0,0,0,0,0,0,0,0,0,0,0,0,0,0,0,0,0,0,0,0.104688584789336,0,0,0,0,0,0,0,0,0,0,0,0,0,0,0,0,0,0,0,0.161277008999787,0,0,0,0,0,0,0,0.058003134815713,0,0,0,0,0,0,0,0,0.0169765272631355,0,0,0,0.00282942121052258,0,0.00424413181578388,0,0,0,0,0,0,0,0.485245737604623,0,0,0,0,0,0,4.69573928230139,0.307909899436843,0,0,4.92244740858574,0,0,0,0,0,0,0,0,0,0,0,0,0,0,0,0,0,0,0,0,0,0,0,0,0.934494163858373,0,0,0,0,0,0,0,0,0,0,0,0,0,0,2.26551331913362,0,0,0,0,0,0,0,0,0.164745453008912,0,0,0,0,0,0,0,0,0,0,1.04336072562076,0,0,0,0,0.0122061110628497,0,0,0,0,0,0,0,0,0.73319014732463,0,0,0,0,0,0,1.33995722986231,0,0,0,0,0,0,0,0,0,0,0,0,0,0,0,0,0,0,1.93282949095789,0,0,0,0.191394991042626,0,0,0,0,0.208641622403368,1.79257427549892,0,0,0,0,0,0,0,0,0,1.63300389017039,0,0,0,0,0,0,0,0,0,0,0,0,0,0,0,0,0,0,0,0,0,0,0,0,0,0,0,0,0,0,0,0,0,0,0,0.622718543018163,0,0,0,0,0,0,0,0,0,0,0,0,0,0,0,0,0,0,0,0,0,0,0,0,0,0,0,0,0,0,0.316998449452713,0,0,0,0,0,0,0,0,0,0,0,0,0,0.0331995982826563,0,0,0,0.0944360665132681,0,0,0,0,0,1.46031877801857,0,0,0,0,0,0.0757601579197711,0,0,0,0.112472095048872,0.346842764516349,0,3.30725729205855,0,1.4200863264287,0,0,0,0,0,0,0,0,0,0,0,0,0,0,0,0,0,0,0,0,0,0,0,0,0,0,0,0,0,0,0,0,0,0,0.184478149749224,0,0,0,0,0,1.34588483192871,0,0,0,0,0,0,0,0,0,0,0,5.85266610127868,0,0,0,0.429736327779499,0,0,0,0,0,0,0,0,0,0,0,0,0,0,0,0,0,0,0,0.325120158455204,0,0,0,0,0,0,0,0,0,0,0,0,0,0,0.596829763355063,0,0,0,0,0,0,0,0,0,0,0,0,0,0,0,0,0,0,0,0,0,0,0,0,0.00889828028477043,0,0,0,0.0126666378617977,0,0,0,0,0,0,0,0,0.439573220424368,0,0,0,1.55074820316648,0,0,0.169060244544435,1.09268204392845,0,0.0879146440848735,0,0,0,0,0,0,0,0,0,0,3.24220472092531,0.442257111970618,0,0,0,0,0,0.781047039919155,0,0,2.26781834939604,0,1.98970653157986,0,0,0,0,0,0,0,0,0,1.5324402938284,0,0,0,0,0,0,0,0,0,0,0,0,0,0,0,0,0,0,0,0,0,0,0,0,0,0,0,0,0,0,0,0,0,0.0964824313363888,0,0,0,0,0,0.156798763776826,0.870491134140291,0,0.457250053275206,0,1.21194969327521,0,0,0,0,0,0,0,0,0,0,0,0,0,0,0,0,0,0,0.238652794234382,0,0,0,0,0.00601457566454789,0,0,0,0,0,0,0,0,0,0,0,0,0,0,0,0.816569263704091,0,0,0,0,0,0,0,0,0,0,0,3.06344546826612,0,0,0,0.00537876236944411,0,0,0,0.0262953674910522,0.0394292063297327,0,0,0,0.097540599726627,4.13716024205927,0,0,0,0,0,0,0,0,0,0,0,0,0,0,0,0,0,0,0,0,0,0,0,0,0,0,0,0,0,0,0,0,0,0.628218937851419,0,0,0,0,0,0,0,0,10.8333303749417,0,0,0,0,0,0,0,0,0,6.66407659395028,0,0,0,0,0,0,0,0,0,0,0,0,0,0,0,0,0,0,0,0,0,0,0.925810976668444,0,0,0,0,0,0,0,0,0,0,0,0,0,0,0,0,0,0,0,0.273888680533889,0,0,0,0,0,0,0,0.436335089319985,0,0,0,0,0,0,0,0,0.0143641318272455,0,0,0,0.605688248704309,0,0.325231532147609,0,0,95.38210164,94.67600166,100.3773016,102.6873017,85.75070146,101.9599018,82.46020141,88.44120159,99.69710176,93.5584016,96.92220172,"JAR-00115"
"136",2512,"nSPC",2010,"PRIAs","Pacific Remote Island Areas","Palmyra","Palmyra",2010,"ForereefDeep","Palmyra","2010-04-07","Forereef","Deep",5.88249,-162.16948,20,47.5,13.75,11.25,15,12.5,0,NA,0,2.5,NA,NA,NA,3,2,17.2393025633,38.6977880345362,77.955682486453,10.8822673574406,144.77504044173,7.12558840277286,0,0,0,0,0,0,0,0,0.00565884242104517,0,0,0,0,0.00282942121052258,0,0,0.0226353696841807,0,0,0.00282942121052258,0,0,0,0,0,0.00848826363156775,0,0.00565884242104517,0,0,0,0,0,0,0,0,0,0,0,0,0,0,0,0,0,0,0,0,0,0,0.00282942121052258,0,0,0,0,0,0.00424413181578388,0,0,0,0,0,0,0,0,0,0,0,0,0.00282942121052258,0,0,0,0,0,0,0.00424413181578388,0.00282942121052258,0,0,0,0,0,0.00141471060526129,0,0,0,0,0,0,0,0,0,0,0,0,0,0,0,0,0.00282942121052258,0,0,0,0,0,0,0,0,0,0,0.179668246868184,0,0,0,0,0.0113176848420903,0,0,0,0.00848826363156775,0,0,0,0,0.0268795014999645,0,0,0,0,0,0,0,0,0,0,0.0141471060526129,0,0.58003134815713,0,0,0,0,0,0,0,0,0,0,0.00282942121052258,0,0,0,0,0,0,0,0,0,0,0,0,0,0,0,0,0,0,0,0,0.00848826363156775,0.00282942121052258,0.827605704077856,0.00141471060526129,0,0,0,0,0,0,0,0,0,0,0,0,0,0,0,0.00707355302630646,0,0.00707355302630646,0,0,0,0,0.00282942121052258,0,0,0,0,0,0,0.0565884242104517,0,0,0,0,0.058003134815713,0,0,0,0,0,0,0,0,0,0,0,0,0,0,0,0,0,0,0,0,0,0,0,0,0,0,0,0,0.00565884242104517,0,0,0.00282942121052258,0,0.00565884242104517,0,0,0,0,0,0.00990297423682904,0,0,0,0,0,0,0,0,0,0,0,0,0,0,0,0,0,0,0,0,0,0,0,0.00282942121052258,0,0,0,0,0,0.00141471060526129,0,0,0,0,0,0,0,0,0,0,0,0,0,0,0,0,0,0,0,0,0.00990297423682904,0,0.00282942121052258,0,0,0,0,0,0,0,0,0,0,0,0,0,0,0,0,0,0.00141471060526129,0,0,0,0,0,0.00141471060526129,0,0,0,0,0,0,0,0,0,0,0,0,0,0,0,0,0,0,0,0,0,0,0,0,0,0,0,0,0,0,0,0,0,0.00282942121052258,0,0,0,0.00565884242104517,0,0,0,0,0,0,0,0,0.0990297423682904,0,0,0,0.00990297423682904,0,0.00282942121052258,0,0,0,0,0,0,0,0,0,0,0,0,0,0,0.00565884242104517,0.00282942121052258,0.00141471060526129,0,0,0,0,0,0.00565884242104517,0.00424413181578388,0.0452707393683613,0,0.00282942121052258,0,0,0,0,0,0,0,0,0,0,0,0,0,0,0,0,0,0,0,0.00282942121052258,0,0,0,0,0,0,0,0,0,0,0,0,0,0,0,0,0,0,0,0,0,0,0.00141471060526129,0.00141471060526129,0,0,0,0,0,0.0113176848420903,0,0,0,0,0,0,0,0,0,0,0,0,0,0,0,0,0,0,0,0,0,0,0,0.00282942121052258,0,0,0,0,0.0466854499736226,0,0,0,0,0,0,0,0,0,0,0,0,0,0,0,0,0,0,0,0,0,0,0,0,0,0,0,1.47129902947174,0,0,0,0,0,0,0,0.00141471060526129,0,0,0,0,0.0198059484736581,1.07518005999858,0,0,0,0,0,0,0,0,0,0,0,0,0,0,0,0,0,0,0,0,0,0,0,0,0,0,0,0,0,0,0,0,0,0,0,0.00565884242104517,0,0,0,0,0,0,0,0,0,0,0,0,0,0,0,0,0.00141471060526129,0,0,0,0,0,0,0,0,0,0,0,0,0,0,0,0,0,0,0,0,0,0,0,0,0,0,0,0,0,0,0,0,0,0,0,0,0,0,0,0,0,0,0.0933708999472453,0,0,0,0,0,0,0,0.00424413181578388,0,0,0,0,0,0,0,0,0,0,0,0,0,0,0,0,0,0,0,0,0,0,0,0,0,2.17264162625012,0,0,0,0,1.5731934697771,0,0,2.37231269901655,0,0,0.112929955526142,0,0,0,0,0,0.224416109196841,0,1.81395939887591,0,0,0,0,0,0,0,0,0,0,0,0,0,0,0,0,0,0,0,0,0,0,0.0718718258212105,0,0,0,0,0,0.725283930131122,0,0,0,0,0,0,0,0,0,0,0,0,2.85206818205931,0,0,0,0,0,0,0.327950265151413,3.16135277465661,0,0,0,0,0,0.0623451348811407,0,0,0,0,0,0,0,0,0,0,0,0,0,0,0,0,0.220734610090885,0,0,0,0,0,0,0,0,0,0,24.5124351881193,0,0,0,0,6.48074409316585,0,0,0,0.0769733131970019,0,0,0,0,0.0785854748751333,0,0,0,0,0,0,0,0,0,0,0.991536280428163,0,0.386895056326858,0,0,0,0,0,0,0,0,0,0,61.5679198872921,0,0,0,0,0,0,0,0,0,0,0,0,0,0,0,0,0,0,0,0,0.363738954483632,0.179111292414106,1.82935662482096,1.54355130793903,0,0,0,0,0,0,0,0,0,0,0,0,0,0,0,0.35248582731714,0,2.6729505947261,0,0,0,0,0.182067340756513,0,0,0,0,0,0,0.1157035215619,0,0,0,0,0.166710329270072,0,0,0,0,0,0,0,0,0,0,0,0,0,0,0,0,0,0,0,0,0,0,0,0,0,0,0,0,0.389758623509739,0,0,0.225166706934366,0,0.19836595582357,0,0,0,0,0,0.0550921312076402,0,0,0,0,0,0,0,0,0,0,0,0,0,0,0,0,0,0,0,0,0,0,0,0.269163497623171,0,0,0,0,0,1.18175739714827,0,0,0,0,0,0,0,0,0,0,0,0,0,0,0,0,0,0,0,0,0.353182907741804,0,1.18634449916377,0,0,0,0,0,0,0,0,0,0,0,0,0,0,0,0,0,0.0341056168254503,0,0,0,0,0,0.0023519563812469,0,0,0,0,0,0,0,0,0,0,0,0,0,0,0,0,0,0,0,0,0,0,0,0,0,0,0,0,0,0,0,0,0,0.0136985311808475,0,0,0,0.0198412491400157,0,0,0,0,0,0,0,0,0.239594539280689,0,0,0,6.40080566866582,0,1.37384447057439,0,0,0,0,0,0,0,0,0,0,0,0,0,0,0.802558219484546,0.248286972602325,0.383336951785758,0,0,0,0,0,0.940331454890507,0.475437286913291,4.17559787088189,0,0.302512581902028,0,0,0,0,0,0,0,0,0,0,0,0,0,0,0,0,0,0,0,0.840275224867501,0,0,0,0,0,0,0,0,0,0,0,0,0,0,0,0,0,0,0,0,0,0,0.117393492409627,0.00356978867936016,0,0,0,0,0,0.155437202187416,0,0,0,0,0,0,0,0,0,0,0,0,0,0,0,0,0,0,0,0,0,0,0,0.00897300442872612,0,0,0,0,0.240320992926525,0,0,0,0,0,0,0,0,0,0,0,0,0,0,0,0,0,0,0,0,0,0,0,0,0,0,0,1.76236300410881,0,0,0,0,0,0,0,0.00295320838848295,0,0,0,0,0.0851121261196084,2.07742704938246,0,0,0,0,0,0,0,0,0,0,0,0,0,0,0,0,0,0,0,0,0,0,0,0,0,0,0,0,0,0,0,0,0,0,0,2.30176195016531,0,0,0,0,0,0,0,0,0,0,0,0,0,0,0,0,0.60732454994243,0,0,0,0,0,0,0,0,0,0,0,0,0,0,0,0,0,0,0,0,0,0,0,0,0,0,0,0,0,0,0,0,0,0,0,0,0,0,0,0,0,0,0.0935944242228766,0,0,0,0,0,0,0,0.0155742661112005,0,0,0,0,0,0,0,0,0,0,0,0,0,0,0,0,0,95.37810168,105.8501019,106.6969018,106.2030018,101.9222018,109.5370019,95.37750167,112.965502,121.0031022,97.89560174,97.17570171,"PAL-00108"
"137",2513,"nSPC",2010,"PRIAs","Pacific Remote Island Areas","Palmyra","Palmyra",2010,"ForereefDeep","Palmyra","2010-04-07","Forereef","Deep",5.87967,-162.15817,20,35,17.5,8.75,17.5,15,6.25,NA,0,2.5,NA,NA,NA,3,2,17.453351544322,7.34259274060597,4.47558894251021,7.6938476576758,36.965380885114,1.66676741292026,0,0,0,0,0,0,0,0,0,0,0,0,0,0.00424413181578388,0,0,0.0141471060526129,0,0,0,0,0,0,0,0,0,0,0,0,0,0,0,0,0,0,0,0,0,0,0,0,0.00282942121052258,0,0,0,0,0.00282942121052258,0,0,0,0.00282942121052258,0,0,0,0,0,0.0113176848420903,0,0,0,0,0,0,0,0,0,0,0,0,0,0,0,0,0,0,0,0.00282942121052258,0,0,0,0,0,0,0,0,0,0,0,0,0,0,0,0,0,0,0,0,0,0,0,0,0,0,0,0,0,0,0,0,0,0,0,0,0,0,0,0.0113176848420903,0,0,0,0.024050080289442,0,0,0,0,0.00848826363156775,0,0,0,0,0,0,0,0,0,0,0.00848826363156775,0,0.226353696841807,0,0,0,0,0,0,0,0,0,0,0,0,0,0,0,0,0,0,0,0,0,0,0,0,0,0,0,0,0,0,0,0.00707355302630646,0,0.278697989236474,0,0,0,0,0,0,0,0,0,0,0,0,0,0,0.00282942121052258,0,0.00282942121052258,0,0.0113176848420903,0,0,0,0,0.00424413181578388,0,0,0,0,0,0.00282942121052258,0.632375640551798,0,0,0,0,0.1754241150524,0,0,0,0,0,0,0,0,0.00141471060526129,0,0,0,0.0212206590789194,0,0,0,0,0,0,0,0,0,0,0,0,0,0,0,0.00141471060526129,0,0,0.00990297423682904,0,0.00565884242104517,0,0,0,0,0,0,0,0,0,0,0,0,0,0,0,0,0,0,0,0,0,0,0,0,0,0,0,0,0,0.00282942121052258,0,0,0,0,0,0,0,0,0,0,0,0,0,0,0,0,0,0,0,0,0,0,0,0,0,0,0.00848826363156775,0,0,0,0,0,0,0,0,0,0,0,0,0,0,0,0,0,0,0,0,0,0,0,0,0,0.0254647908947033,0,0,0,0,0,0,0,0,0,0,0,0,0,0,0,0,0,0,0,0,0,0,0,0,0,0,0,0,0,0,0,0,0,0.00565884242104517,0,0,0,0,0,0,0,0,0,0,0,0,0,0,0,0,0.0155618166578742,0,0.00424413181578388,0,0,0,0,0,0,0,0,0,0,0.00565884242104517,0,0,0,0,0,0.00424413181578388,0,0,0,0,0,0,0,0.0254647908947033,0,0,0,0,0,0,0,0,0,0,0,0,0,0,0,0,0,0,0,0,0,0,0,0,0,0,0,0,0,0,0,0,0,0,0,0,0,0,0,0,0,0,0,0,0.00424413181578388,0.0113176848420903,0,0,0,0,0,0,0.00141471060526129,0,0,0,0.00565884242104517,0,0,0,0,0,0,0,0,0,0,0,0,0,0,0,0,0,0,0.0282942121052258,0,0,0,0,0.0396118969473162,0,0,0,0,0,0,0,0,0,0,0,0,0,0.0127323954473516,0,0,0,0,0,0,0,0,0,0,0,0,0,0,0,0,0,0,0.00141471060526129,0,0,0.00848826363156775,0,0,0,0.00141471060526129,0.0268795014999645,1.27323954473516,0,0,0,0,0,0,0,0,0,0,0,0,0,0,0,0,0,0,0,0,0,0,0,0,0,0,0,0,0,0,0,0,0,0,0,0,0,0,0,0,0,0,0,0,0,0,0,0,0,0,0,0,0,0,0,0,0,0,0,0,0,0,0,0,0,0,0,0,0,0,0,0,0,0,0,0.00565884242104517,0,0,0,0,0,0,0,0,0.00707355302630646,0.00282942121052258,0,0,0,0,0,0,0,0,0,0.12025040144721,0,0,0,0,0,0,0,0.00282942121052258,0,0,0,0,0,0,0,0,0,0,0,0,0,0,0,0,0,0,0,0,0,0,0,0,0,0,0,0,0,0,0.42421357848956,0,0,0.781283082108492,0,0,0,0,0,0,0,0,0,0,0,0,0,0,0,0,0,0,0,0,0,0,0,0,0.464201917351361,0,0,0,0,0.0513370184437218,0,0,0,0.0718718258212105,0,0,0,0,0,2.21374552131059,0,0,0,0,0,0,0,0,0,0,0,0,0,0,0,0,0,0,0,0.312297147030625,0,0,0,0,0,0,0,0,0,0,0,0,0,0,0,0,0,0,0,0,0,0,0,0,0,0,0,0,0,0,0,0,0,0,0,0,0,0,0,3.28089743804941,0,0,0,0.16394358819123,0,0,0,0,0.0241276505837816,0,0,0,0,0,0,0,0,0,0,0.671745937899614,0,0.225202122409124,0,0,0,0,0,0,0,0,0,0,0,0,0,0,0,0,0,0,0,0,0,0,0,0,0,0,0,0,0,0,0,0.322863808168672,0,0.43719141364935,0,0,0,0,0,0,0,0,0,0,0,0,0,0,0.108700801963264,0,0.0817502926299197,0,1.66676741292026,0,0,0,0,0.292973353601147,0,0,0,0,0,0.21604202289177,0.966580649212062,0,0,0,0,0.752708587016841,0,0,0,0,0,0,0,0,0.0029310940847141,0,0,0,0.0599437842062414,0,0,0,0,0,0,0,0,0,0,0,0,0,0,0,0.0271702237448206,0,0,1.08311297044632,0,0.19836595582357,0,0,0,0,0,0,0,0,0,0,0,0,0,0,0,0,0,0,0,0,0,0,0,0,0,0,0,0,0,0.187246719765972,0,0,0,0,0,0,0,0,0,0,0,0,0,0,0,0,0,0,0,0,0,0,0,0,0,0,0.121516875622785,0,0,0,0,0,0,0,0,0,0,0,0,0,0,0,0,0,0,0,0,0,0,0,0,0,0.101623331320916,0,0,0,0,0,0,0,0,0,0,0,0,0,0,0,0,0,0,0,0,0,0,0,0,0,0,0,0,0,0,0,0,0,0.0281687443341664,0,0,0,0,0,0,0,0,0,0,0,0,0,0,0,0,10.8170050605709,0,2.61644632834337,0,0,0,0,0,0,0,0,0,0,0.0287405533011858,0,0,0,0,0,1.15001085535727,0,0,0,0,0,0,0,2.77818145393622,0,0,0,0,0,0,0,0,0,0,0,0,0,0,0,0,0,0,0,0,0,0,0,0,0,0,0,0,0,0,0,0,0,0,0,0,0,0,0,0,0,0,0,0,0.35934881586574,0.0941812004613203,0,0,0,0,0,0,0.110608770625714,0,0,0,0.125515905399243,0,0,0,0,0,0,0,0,0,0,0,0,0,0,0,0,0,0,0.280890593311145,0,0,0,0,0.192155511682196,0,0,0,0,0,0,0,0,0,0,0,0,0,0.0201992142013178,0,0,0,0,0,0,0,0,0,0,0,0,0,0,0,0,0,0,0.00373400227375914,0,0,0.00907225616941961,0,0,0,0.100017907321103,0.0973071865070064,1.96063736441481,0,0,0,0,0,0,0,0,0,0,0,0,0,0,0,0,0,0,0,0,0,0,0,0,0,0,0,0,0,0,0,0,0,0,0,0,0,0,0,0,0,0,0,0,0,0,0,0,0,0,0,0,0,0,0,0,0,0,0,0,0,0,0,0,0,0,0,0,0,0,0,0,0,0,0,0.0466606959959344,0,0,0,0,0,0,0,0,0.402537228547111,0.220510200542074,0,0,0,0,0,0,0,0,0,0.201891935766234,0,0,0,0,0,0,0,0.00920297542934576,0,0,0,0,0,0,0,0,0,0,0,0,0,0,0,0,0,64.64910113,71.70260128,81.05550139,71.20020118,58.56470104,60.41760109,61.81710108,66.43490115,65.90130121,71.8158013,48.49950083,"PAL-00106"
"138",2514,"nSPC",2010,"PRIAs","Pacific Remote Island Areas","Palmyra","Palmyra",2010,"ForereefMid","Palmyra","2010-04-07","Forereef","Mid",5.86198,-162.12663,16.5,37.5,25,3.75,22.5,6.25,5,NA,0,2,NA,NA,NA,4,2,155.102792298249,7.31836750152022,192.636788753064,14.860847248024,369.918795800857,60.5763475841541,0,0,0,0,0,0,0,0,0,0,0,0,0,0.00141471060526129,0.00141471060526129,0,0.0297089227104871,0,0,0,0,0,0,0,0,0,0,0.00565884242104517,0,0,0,0,0,0,0,0,0,0,0,0,0,0,0,0,0,0,0,0,0,0,0,0,0,0,0,0,0.00141471060526129,0,0,0,0,0,0,0,0,0.00282942121052258,0,0,0,0,0,0,0,0,0,0,0.00707355302630646,0,0,0,0,0.00141471060526129,0,0.00282942121052258,0,0,0,0,0,0,0,0,0,0,0,0,0,0,0,0,0,0,0,0,0,0,0,0,0,0,0,0,0,0,0,0,0.00848826363156775,0,0,0,0.0452707393683613,0,0,0,0,0.0127323954473516,0,0,0,0,0,0,0,0,0,0,0.0127323954473516,0,0.0707355302630646,0,0,0,0,0,0.00141471060526129,0,0,0,0,0.00424413181578388,0,0,0,0,0,0,0,0.0537590029999291,0,0,0,0,0,0,0,0,0,0,0,0,0.00990297423682904,0.00282942121052258,0.176838825657662,0.00565884242104517,0,0,0,0,0,0,0.00282942121052258,0,0,0,0,0,0,0.00282942121052258,0,0,0,0.00848826363156775,0,0,0,0,0.00707355302630646,0,0,0,0,0,0.00990297423682904,0.19664477413132,0,0,0,0,0.0410266075525775,0,0,0,0,0,0,0,0,0,0,0,0,0,0,0,0,0,0,0,0,0,0,0,0,0,0,0,0,0.00707355302630646,0,0,0.00565884242104517,0,0.00707355302630646,0,0,0,0,0,0,0,0,0,0,0,0,0,0,0,0,0,0,0,0,0,0,0,0,0,0,0,0,0,0.00848826363156775,0,0,0,0,0,0,0,0,0,0,0,0,0,0,0,0,0,0,0,0,0,0,0,0,0,0,0.0113176848420903,0,0,0,0,0,0,0,0,0,0,0,0,0,0,0,0,0,0,0,0.00282942121052258,0,0,0,0,0,0.00990297423682904,0,0,0,0,0,0,0,0,0,0,0,0,0,0,0,0,0,0,0,0,0,0,0,0,0,0,0,0,0,0,0,0,0,0.00282942121052258,0,0,0,0,0,0,0,0,0,0,0,0,0,0,0,0,0.0877120575262001,0,0.00141471060526129,0,0,0,0,0,0,0,0,0,0,0.00141471060526129,0,0,0,0.00707355302630646,0.00282942121052258,0,0,0,0,0,0,0.00565884242104517,0.00424413181578388,0.0198059484736581,0,0.00141471060526129,0,0,0,0,0,0,0.00282942121052258,0,0,0,0,0,0,0,0,0,0,0,0,0,0,0,0,0,0,0,0,0,0,0,0,0,0,0,0,0,0,0,0,0,0,0,0,0.00990297423682904,0,0,0,0,0,0.00282942121052258,0,0,0,0,0.00141471060526129,0,0,0,0,0,0,0,0,0,0,0,0,0,0,0,0,0,0,0.0155618166578742,0,0,0,0,0.0495148711841452,0,0,0,0,0,0,0,0,0,0,0,0,0,0,0,0,0,0,0,0,0,0,0,0,0,0,0,0.0424413181578388,0,0,0,0,0,0,0,0.0141471060526129,0,0,0,0,0.0297089227104871,0.226353696841807,0,0,0,0,0,0,0,0,0,0,0,0,0,0,0,0,0,0,0,0,0,0,0,0,0.00565884242104517,0,0,0,0,0,0,0,0.00141471060526129,0.00141471060526129,0,0.00282942121052258,0,0,0,0,0,0,0.00424413181578388,0,0.00141471060526129,0,0,0,0.00707355302630646,0,0,0,0,0,0,0,0,0,0,0,0,0,0,0,0,0,0,0,0,0,0.00141471060526129,0,0,0,0,0.00990297423682904,0,0,0,0,0,0,0,0,0.00282942121052258,0,0,0,0,0,0,0,0,0,0,0,0,0,0,0,0,0.00424413181578388,0,0.0155618166578742,0,0,0,0,0,0,0,0,0,0,0,0,0,0,0,0,0,0,0,0,0,0,0,0,0,0,0,0,0,0,0.167834608756221,0.109772582861575,0,4.51789918504186,0,0,0,0,0,0,0,0,0,0,0.887726526411333,0,0,0,0,0,0,0,0,0,0,0,0,0,0,0,0,0,0,0,0,0,0,0,0,0,0,0,0,0.401070456591576,0,0,0,0,0,0,0,0,0.433648324864859,0,0,0,0,0,0,0,0,0,0,2.58929428676031,0,0,0,0,0.00334512226605436,0,0.165253777274803,0,0,0,0,0,0,0,0,0,0,0,0,0,0,0,0,0,0,0,0,0,0,0,0,0,0,0,0,0,0,0,0,5.19255991900854,0,0,0,0.360466168854424,0,0,0,0,0.0469097999981283,0,0,0,0,0,0,0,0,0,0,1.00295144542096,0,0.228122085098383,0,0,0,0,0,0.274297768779251,0,0,0,0,124.026740284605,0,0,0,0,0,0,0,40.5352899538289,0,0,0,0,0,0,0,0,0,0,0,0,0.567976880596063,0.27473509157586,0.561618323745412,9.33596780303553,0,0,0,0,0,0,0.27473509157586,0,0,0,0,0,0,0.140994330926856,0,0,0,2.26020994602541,0,0,0,0,0.879283514339866,0,0,0,0,0,2.09692250269568,0.477961392698133,0,0,0,0,0.215269794640561,0,0,0,0,0,0,0,0,0,0,0,0,0,0,0,0,0,0,0,0,0,0,0,0,0,0,0,0,0.217723707020236,0,0,0.676391228237841,0,0.623086488955397,0,0,0,0,0,0,0,0,0,0,0,0,0,0,0,0,0,0,0,0,0,0,0,0,0,0,0,0,0,2.19113763310034,0,0,0,0,0,0,0,0,0,0,0,0,0,0,0,0,0,0,0,0,0,0,0,0,0,0,0.10825799575333,0,0,0,0,0,0,0,0,0,0,0,0,0,0,0,0,0,0,0,0.572322582225562,0,0,0,0,0,0.0378759055636,0,0,0,0,0,0,0,0,0,0,0,0,0,0,0,0,0,0,0,0,0,0,0,0,0,0,0,0,0,0,0,0,0,0.0136985311808475,0,0,0,0,0,0,0,0,0,0,0,0,0,0,0,0,141.932557257082,0,0.898176648827408,0,0,0,0,0,0,0,0,0,0,0.0148488025128225,0,0,0,1.30608819180979,0.248286972602325,0,0,0,0,0,0,1.04767868790623,0.340980411178352,2.00152797745671,0,0.126077667393101,0,0,0,0,0,0,0.448902388039703,0,0,0,0,0,0,0,0,0,0,0,0,0,0,0,0,0,0,0,0,0,0,0,0,0,0,0,0,0,0,0,0,0,0,0,0,0.0848748533763693,0,0,0,0,0,0.110140412162358,0,0,0,0,0.122908222957451,0,0,0,0,0,0,0,0,0,0,0,0,0,0,0,0,0,0,0.0605936931681236,0,0,0,0,0.203568230411533,0,0,0,0,0,0,0,0,0,0,0,0,0,0,0,0,0,0,0,0,0,0,0,0,0,0,0,0.101753060283418,0,0,0,0,0,0,0,0.023035025430167,0,0,0,0,0.229419051062277,0.585120066397471,0,0,0,0,0,0,0,0,0,0,0,0,0,0,0,0,0,0,0,0,0,0,0,0,1.09492376376536,0,0,0,0,0,0,0,0.449994887912219,0.111726770050511,0,1.95535283353162,0,0,0,0,0,0,4.89542462727466,0,0.257302757649654,0,0,0,1.33679966280834,0,0,0,0,0,0,0,0,0,0,0,0,0,0,0,0,0,0,0,0,0,6.46351280798384,0,0,0,0,0.177603615565007,0,0,0,0,0,0,0,0,0.206264806247096,0,0,0,0,0,0,0,0,0,0,0,0,0,0,0,0,0.320744256034442,0,0.293256351662037,0,0,0,0,0,0,0,0,0,0,0,0,0,0,0,0,0,53.44370095,62.25270112,73.63040129,58.88910098,56.23750098,55.589701,58.867201,62.31190108,61.90060114,76.90330139,44.33030077,"PAL-00144"
"139",2515,"nSPC",2010,"PRIAs","Pacific Remote Island Areas","Palmyra","Palmyra",2010,"ForereefShallow","Palmyra","2010-04-07","Forereef","Shallow",5.86989,-162.11932,6,11.75,1.25,18.75,22.5,40.75,5,NA,0,2.5,NA,NA,NA,4,2,10.1977622508603,1.25165939873665,122.623619940496,2.80957362509673,136.88261521519,17.7175471185061,0,0,0,0,0,0,0,0,0,0,0,0,0.0282942121052258,0,0,0,0.00707355302630646,0.00424413181578388,0,0.0141471060526129,0,0.00141471060526129,0,0,0,0,1.51232563702432,0,0,0,0,0,0,0,0,0,0,0,0,0,0,0,0,0,0,0,0,0,0,0,0,0,0,0,0,0,0,0,0,0,0,0,0,0,0,0,0,0,0,0,0,0,0,0,0,0,0,0,0,0,0,0.00141471060526129,0,0,0,0,0,0,0,0,0,0,0,0,0,0,0,0.00282942121052258,0,0,0,0,0,0,0,0,0,0,0,0,0.00282942121052258,0,0,0,0,0,0.0198059484736581,0,0,0,0.0212206590789194,0,0,0,0,0,0,0,0,0,0,0,0,0,0,0,0,0,0.0848826363156775,0,0,0,0,0,0,0,0,0,0,0,0,0,0,0,0,0,0,0,0,0,0,0,0,0,0,0,0,0,0,0,0,0,0.00565884242104517,0,0,0,0,0,0,0,0,0,0,0,0,0,0,0.00565884242104517,0,0,0,0.0466854499736226,0,0,0,0,0.00141471060526129,0.00141471060526129,0,0,0,0,0,0.332456992236404,0,0,0,0,0,0,0,0,0,0,0,0,0,0,0,0,0,0,0,0,0,0,0,0,0,0,0,0,0,0.00282942121052258,0,0,0,0,0,0,0.0650766878420194,0,0.0537590029999291,0,0,0,0,0,0,0,0,0,0,0,0,0,0,0,0,0,0,0,0,0,0,0,0,0,0,0,0,0,0.00141471060526129,0,0,0,0,0.00141471060526129,0,0,0,0,0,0,0,0,0,0,0,0,0,0,0,0,0,0,0,0,0,0.0127323954473516,0,0,0,0,0,0,0,0,0,0,0,0,0,0,0,0,0,0,0,0,0,0,0,0,0,0,0,0,0,0,0,0,0,0,0,0,0,0,0,0,0,0,0,0,0,0,0,0,0,0,0,0,0,0,0,0,0,0,0,0,0,0,0,0,0,0,0,0,0,0,0,0,0,0,0,0,0,0,0,0,0,0,0,0,0,0,0,0,0,0,0,0,0,0,0,0,0,0,0,0,0,0,0,0,0,0,0,0,0,0,0,0,0,0,0,0,0,0,0,0,0,0,0,0,0,0,0,0,0,0,0,0,0,0,0,0,0,0,0,0,0,0,0,0,0,0,0,0,0.00141471060526129,0.00424413181578388,0,0,0,0,0.00848826363156775,0.00141471060526129,0.00141471060526129,0,0,0,0.00282942121052258,0,0,0,0,0,0,0,0,0,0,0,0,0,0,0,0,0,0,0.00282942121052258,0,0,0,0.00282942121052258,0.00282942121052258,0,0,0,0,0,0,0,0,0,0,0,0,0,0.00424413181578388,0,0,0,0,0,0,0,0,0,0,0,0,0,0,0,0,0,0,0,0,0,0,0,0,0,0,0,0,0,0,0,0,0,0,0,0,0,0,0,0,0,0,0,0,0,0,0,0,0,0,0,0.00141471060526129,0,0,0,0,0,0,0,0,0,0,0,0,0,0,0,0,0,0,0,0,0,0.00141471060526129,0,0,0.00848826363156775,0,0,0,0.00282942121052258,0,0,0,0,0,0,0,0,0,0,0,0,0,0,0,0,0,0,0,0,0,0,0.0282942121052258,0,0,0.0169765272631355,0,0,0,0,0,0,0.00282942121052258,0,0,0,0,0,0,0,0,0,0.0495148711841452,0,0,0,0,0,0,0,0.171179983236616,0,0,0,0,0,0,0,0,0,0,0,0,0,0,0,0,0,0,0,0,0,0,0,0,0,0,0,0,0,2.9869703921439,0,0,0,0.473268812341359,0.0954956497837519,0,0.446125349987119,0,0.196698000262853,0,0,0,0,88.4673798419113,0,0,0,0,0,0,0,0,0,0,0,0,0,0,0,0,0,0,0,0,0,0,0,0,0,0,0,0,0,0,0,0,0,0,0,0,0,0,0,0,0,0,0,0,0,0,0,0,0,0,0,0,0,0,0.00334512226605436,0,0,0,0,0,0,0,0,0,0,0,0,0,0,0,0.455427689599493,0,0,0,0,0,0,0,0,0,0,0,0,0.0805440604652621,0,0,0,0,0,9.33737744543695,0,0,0,0.217615606704075,0,0,0,0,0,0,0,0,0,0,0,0,0,0,0,0,0,0.337620685945607,0,0,0,0,0,0,0,0,0,0,0,0,0,0,0,0,0,0,0,0,0,0,0,0,0,0,0,0,0,0,0,0,0,0.0315355970440005,0,0,0,0,0,0,0,0,0,0,0,0,0,0,0.281988661853712,0,0,0,10.3901432601722,0,0,0,0,0.133508123104292,0.0583614369316507,0,0,0,0,0,0.665933990819201,0,0,0,0,0,0,0,0,0,0,0,0,0,0,0,0,0,0,0,0,0,0,0,0,0,0,0,0,0,0.0898080927589552,0,0,0,0,0,0,7.09758517256826,0,4.4966011507011,0,0,0,0,0,0,0,0,0,0,0,0,0,0,0,0,0,0,0,0,0,0,0,0,0,0,0,0,0,0.0767409488599845,0,0,0,0,0.245540417316217,0,0,0,0,0,0,0,0,0,0,0,0,0,0,0,0,0,0,0,0,0,0.323768125315555,0,0,0,0,0,0,0,0,0,0,0,0,0,0,0,0,0,0,0,0,0,0,0,0,0,0,0,0,0,0,0,0,0,0,0,0,0,0,0,0,0,0,0,0,0,0,0,0,0,0,0,0,0,0,0,0,0,0,0,0,0,0,0,0,0,0,0,0,0,0,0,0,0,0,0,0,0,0,0,0,0,0,0,0,0,0,0,0,0,0,0,0,0,0,0,0,0,0,0,0,0,0,0,0,0,0,0,0,0,0,0,0,0,0,0,0,0,0,0,0,0,0,0,0,0,0,0,0,0,0,0,0,0,0,0,0,0,0,0,0,0,0,0,0,0,0,0,0,0.0806438096646634,0.112089521751608,0,0,0,0,0.231244068462074,0.0311495339606592,0.271806976019704,0,0,0,0.191353614327781,0,0,0,0,0,0,0,0,0,0,0,0,0,0,0,0,0,0,0.0300361530254478,0,0,0,0.00722091883879172,0.0194481175912582,0,0,0,0,0,0,0,0,0,0,0,0,0,0.0108213563670512,0,0,0,0,0,0,0,0,0,0,0,0,0,0,0,0,0,0,0,0,0,0,0,0,0,0,0,0,0,0,0,0,0,0,0,0,0,0,0,0,0,0,0,0,0,0,0,0,0,0,0,0.0522944720699266,0,0,0,0,0,0,0,0,0,0,0,0,0,0,0,0,0,0,0,0,0,0.1754241150524,0,0,3.61470160271223,0,0,0,3.08185045096983,0,0,0,0,0,0,0,0,0,0,0,0,0,0,0,0,0,0,0,0,0,0,0.172068441793178,0,0,0.175720343327847,0,0,0,0,0,0,0.124795743236573,0,0,0,0,0,0,0,0,0,0.202402646294733,0,0,0,0,0,0,0,1.30815969543119,0,0,0,0,0,0,0,0,0,0,0,0,0,0,0,0,0,0,0,0,0,0,0,0,0,0,0,0,"PAL-00140"
"140",2520,"nSPC",2010,"PRIAs","Pacific Remote Island Areas","Palmyra","Palmyra",2010,"ForereefDeep","Palmyra","2010-04-08","Forereef","Deep",5.86472,-162.01141,21,32.5,15,5,22.5,22.5,2.5,NA,0,2,NA,NA,NA,2,1,21.5067660241155,37.2229094304812,7.85832113186328,9.10982896173451,75.6978255481944,4.42851319479887,0,0,0,0,0,0,0,0,0,0,0,0,0,0,0,0,0.0198059484736581,0,0.00282942121052258,0,0,0,0,0,0,0,0,0,0,0,0,0,0,0,0,0,0,0,0,0,0,0,0,0,0,0,0,0,0,0,0.00282942121052258,0,0,0,0,0,0.00565884242104517,0,0,0,0,0,0,0,0,0,0,0,0,0,0,0,0,0,0,0,0.0198059484736581,0,0,0,0,0,0,0.00565884242104517,0,0,0,0,0,0,0,0,0,0,0,0,0,0,0,0,0,0,0,0,0,0,0,0,0,0,0,0.0848826363156775,0,0,0,0,0.0141471060526129,0,0,0,0.00565884242104517,0,0,0,0,0,0,0,0,0,0,0,0,0,0,0,0,0,0.622472666314968,0,0,0,0,0,0,0,0,0,0,0,0,0,0,0,0,0,0,0.00282942121052258,0,0,0,0,0,0,0,0,0,0,0,0,0,0,0.0481001605788839,0,0,0,0,0,0,0,0,0,0,0,0,0,0,0,0,0.00282942121052258,0,0.0226353696841807,0,0,0,0,0,0,0,0,0,0.00848826363156775,0,0,0,0,0,0,0.0905414787367227,0,0,0,0,0,0,0,0,0,0,0,0,0,0,0,0,0,0,0,0,0,0,0,0,0,0,0,0,0,0,0,0,0,0.00848826363156775,0,0,0,0,0,0.00282942121052258,0,0,0,0,0,0,0,0,0,0,0,0,0,0,0,0,0,0,0,0,0,0,0,0.00565884242104517,0,0,0,0,0,0.00282942121052258,0,0,0,0,0,0,0,0,0,0,0,0,0,0,0,0,0,0,0,0,0.0198059484736581,0,0,0,0,0,0,0,0,0,0,0,0,0,0,0,0,0,0,0,0.00282942121052258,0,0,0,0,0,0.00282942121052258,0,0,0,0,0,0,0,0,0,0,0,0,0,0,0,0,0,0,0,0,0,0,0,0,0,0,0,0,0,0,0,0,0.00282942121052258,0.00565884242104517,0,0,0,0.00282942121052258,0,0,0,0,0,0,0,0,0,0,0,0,0.00848826363156775,0.00848826363156775,0,0,0,0,0,0,0,0,0,0,0,0,0,0,0,0,0.0113176848420903,0.00282942121052258,0,0,0,0,0,0,0.0254647908947033,0.0282942121052258,0,0.00848826363156775,0.0254647908947033,0,0,0,0,0,0.00848826363156775,0,0,0.00848826363156775,0,0,0,0,0,0,0,0,0,0,0,0,0,0,0,0,0,0,0,0,0,0,0,0,0,0,0,0,0,0,0,0,0.00565884242104517,0.0198059484736581,0,0,0,0,0,0.00565884242104517,0,0,0,0,0,0,0,0,0,0,0,0,0,0,0,0,0.0650766878420194,0,0,0,0,0,0,0.0169765272631355,0,0,0,0,0.0424413181578388,0,0,0,0,0,0,0,0,0,0,0,0,0,0,0,0,0,0,0,0,0,0,0,0,0,0,0,0,0,0,0,0,0,0,0,0.0282942121052258,0,0,0,0,0.0282942121052258,0,0,0,0,0,0,0,0,0,0,0,0,0,0,0,0,0,0,0,0,0,0,0,0,0,0,0,0,0,0,0,0,0,0.00282942121052258,0,0,0,0,0,0,0,0,0,0,0,0,0,0,0,0,0,0,0,0,0,0,0,0,0.00282942121052258,0,0,0,0,0,0,0,0,0,0,0,0,0,0,0,0,0,0,0,0,0,0,0,0,0,0,0,0,0,0,0,0,0,0,0,0,0,0.0282942121052258,0,0,0,0,0,0,0,0,0,0,0,0,0,0,0,0,0,0,0,0,0,0,0,0.00282942121052258,0,0,0,0,0,0,0,0,0,0,0,0,0,0,0,0,0,1.42575143495613,0,0.258808991984937,0,0,0,0,0,0,0,0,0,0,0,0,0,0,0,0,0,0,0,0,0,0,0,0,0,0,0,0,0,0,0,0.170362846391017,0,0,0,0,0,1.26634283053451,0,0,0,0,0,0,0,0,0,0,0,0,0,0,0,0,0,0,0,1.71127677168629,0,0,0,0,0,0,0.486633672189396,0,0,0,0,0,0,0,0,0,0,0,0,0,0,0,0,0,0,0,0,0,0,0,0,0,0,0,15.4069225151555,0,0,0,0,3.31572444182739,0,0,0,0.0412580988084822,0,0,0,0,0,0,0,0,0,0,0,0,0,0,0,0,0,0.499313619863341,0,0,0,0,0,0,0,0,0,0,0,0,0,0,0,0,0,0,1.12420234160261,0,0,0,0,0,0,0,0,0,0,0,0,0,0,0.0389085028343803,0,0,0,0,0,0,0,0,0,0,0,0,0,0,0,0,0.0817502926299197,0,2.23210462434971,0,0,0,0,0,0,0,0,0,0.563094666452273,0,0,0,0,0,0,0.651013269598377,0,0,0,0,0,0,0,0,0,0,0,0,0,0,0,0,0,0,0,0,0,0,0,0,0,0,0,0,0,0,0,0,0,0.297548933735355,0,0,0,0,0,0.0239844558386228,0,0,0,0,0,0,0,0,0,0,0,0,0,0,0,0,0,0,0,0,0,0,0,0.525870094082901,0,0,0,0,0,2.78022564134018,0,0,0,0,0,0,0,0,0,0,0,0,0,0,0,0,0,0,0,0,0.172406183513654,0,0,0,0,0,0,0,0,0,0,0,0,0,0,0,0,0,0,0,0.198307920911827,0,0,0,0,0,0.00812836125358928,0,0,0,0,0,0,0,0,0,0,0,0,0,0,0,0,0,0,0,0,0,0,0,0,0,0,0,0,0,0,0,0,0.0119901315272546,0.027397062361695,0,0,0,0.00785111761276115,0,0,0,0,0,0,0,0,0,0,0,0,13.525027827396,1.84542437205906,0,0,0,0,0,0,0,0,0,0,0,0,0,0,0,0,1.1851784136942,1.33019287730988,0,0,0,0,0,0,3.37473492625099,2.72115179354313,0,0.623173630946536,2.97042671533968,0,0,0,0,0,0.426853557372463,0,0,6.78436572932245,0,0,0,0,0,0,0,0,0,0,0,0,0,0,0,0,0,0,0,0,0,0,0,0,0,0,0,0,0,0,0,0,0.557410012402153,0.129805930153697,0,0,0,0,0,0.0620352706152356,0,0,0,0,0,0,0,0,0,0,0,0,0,0,0,0,4.30803146440232,0,0,0,0,0,0,0.117022549662106,0,0,0,0,0.161435808686973,0,0,0,0,0,0,0,0,0,0,0,0,0,0,0,0,0,0,0,0,0,0,0,0,0,0,0,0,0,0,0,0,0,0,0,0.027878287187279,0,0,0,0,0.113458337249892,0,0,0,0,0,0,0,0,0,0,0,0,0,0,0,0,0,0,0,0,0,0,0,0,0,0,0,0,0,0,0,0,0,0.796368047866512,0,0,0,0,0,0,0,0,0,0,0,0,0,0,0,0,0,0,0,0,0,0,0,0,1.07220622884655,0,0,0,0,0,0,0,0,0,0,0,0,0,0,0,0,0,0,0,0,0,0,0,0,0,0,0,0,0,0,0,0,0,0,0,0,0,0.0172028809599773,0,0,0,0,0,0,0,0,0,0,0,0,0,0,0,0,0,0,0,0,0,0,0,0.221262063885302,0,119.4466021,127.8771023,110.1633019,124.1202021,142.5256026,165.9831029,135.6052023,131.5200023,161.6667029,142.9524025,156.4104028,"PAL-00111"
"141",2521,"nSPC",2010,"PRIAs","Pacific Remote Island Areas","Palmyra","Palmyra",2010,"ForereefDeep","Palmyra","2010-04-08","Forereef","Deep",5.8619,-162.02293,21,42.5,17.5,5,17.5,17.5,0,NA,0,3,NA,NA,NA,2,1,17.1207314460561,38.4629450624,13.6594905587515,56.6506002852136,125.893767352421,9.14002953169699,0,0,0,0,0,0,0,0,0,0,0,0,0,0.00282942121052258,0,0,0.0198059484736581,0,0,0,0,0,0,0,0,0.0113176848420903,0,0,0,0,0,0,0,0,0,0,0,0,0,0,0,0,0,0,0,0,0,0,0,0,0.00282942121052258,0,0,0,0,0,0,0,0,0,0,0,0,0,0,0,0,0,0,0,0,0,0,0,0,0,0.0113176848420903,0.00282942121052258,0,0,0,0,0,0,0,0,0,0,0,0,0,0,0,0,0,0,0,0,0,0,0,0,0,0,0,0,0,0,0,0,0,0.110347427210381,0,0,0,0,0.0113176848420903,0,0,0,0.0141471060526129,0,0,0,0,0,0,0,0,0,0,0,0,0,0,0,0,0,0.325383439210097,0,0,0,0,0,0,0,0,0,0,0,0,0,0,0,0,0,0,0.00282942121052258,0,0,0,0,0,0,0,0,0,0,0,0,0,0.00282942121052258,0.396118969473162,0,0,0,0,0,0,0,0,0,0,0,0,0,0,0,0,0.00282942121052258,0,0,0,0,0,0,0,0,0,0,0,0,0.00565884242104517,0,0,0,0,0,0.161277008999787,0,0,0,0,0,0,0,0,0,0,0,0,0,0,0,0,0,0,0,0,0,0,0,0,0,0,0,0,0.00282942121052258,0,0.00282942121052258,0,0,0.0113176848420903,0,0,0,0,0,0.00848826363156775,0,0,0,0,0,0,0,0,0,0,0,0,0,0,0,0,0,0,0,0,0,0,0,0.00565884242104517,0,0,0,0,0,0,0,0,0,0,0,0.00282942121052258,0,0,0,0,0.00282942121052258,0,0,0,0,0,0,0,0,0,0.00848826363156775,0,0.00565884242104517,0,0,0,0,0,0,0,0,0,0,0,0,0,0,0,0,0,0.00565884242104517,0,0,0,0,0,0.00282942121052258,0,0,0,0,0,0,0,0,0.00565884242104517,0,0,0,0,0,0,0,0,0,0,0,0,0,0,0,0,0,0,0,0,0,0,0,0,0.00282942121052258,0,0,0,0.00282942121052258,0,0,0,0,0,0,0,0,0,0,0,0,0.0141471060526129,0,0,0,0.00282942121052258,0,0,0,0,0,0,0,0,0,0,0,0,0,0.0226353696841807,0.0565884242104517,0,0,0,0,0,0,0.0452707393683613,0.0226353696841807,0,0,0.00848826363156775,0,0,0,0,0,0,0,0,0,0,0.0113176848420903,0,0,0,0,0,0,0,0,0,0,0,0,0,0,0,0,0.0169765272631355,0,0,0,0,0,0,0,0,0,0,0,0,0,0,0,0,0,0,0,0,0,0.00282942121052258,0,0,0,0,0,0,0,0,0,0,0,0,0,0,0,0.107518005999858,0,0,0,0,0,0,0.0198059484736581,0,0,0,0,0.0282942121052258,0,0,0,0,0,0,0,0,0,0,0,0,0,0,0,0.00565884242104517,0,0,0,0,0,0,0,0,0,0,0,0,0,0,0,0,0,0,0,0.00282942121052258,0,0,0,0,0.0141471060526129,0,0,0,0,0,0,0,0,0,0,0,0,0,0,0,0,0,0,0,0,0,0,0,0,0,0,0,0,0,0,0,0,0,0.00282942121052258,0,0,0,0,0,0,0,0,0,0.00282942121052258,0,0,0,0,0,0.00282942121052258,0,0,0,0,0,0,0,0,0.00565884242104517,0,0,0,0,0,0,0,0,0,0,0,0,0,0,0,0,0,0,0,0,0,0,0,0,0,0,0,0,0,0,0,0,0,0,0,0,0,0.0707355302630646,0,0,0,0,0,0,0,0,0,0,0,0,0,0,0,0,0,0,0,0,0.00565884242104517,0,0,0,0,0,0,0,0,0,0,0,0,0,0,0,0,0,0.335669217512441,0,0,1.38821800462029,0,0,0,0,0,0,0,0,0.319524556709468,0,0,0,0,0,0,0,0,0,0,0,0,0,0,0,0,0,0,0,0,0,0,0,0,0.0718718258212105,0,0,0,0,0,0,0,0,0,0,0,0,0,0,0,0,0,0,0,0,0,0,0,0,0,0.613273382294792,2.41216682944328,0,0,0,0,0,0,0,0,0,0,0,0,0,0,0,0,0,0,0,0,0,0,0,0,0,0,0,0,0,0,0,0,0,12.0324982957785,0,0,0,0,3.12406080579122,0,0,0,0.0584135774478211,0,0,0,0,0,0,0,0,0,0,0,0,0,0,0,0,0,0.191987546818799,0,0,0,0,0,0,0,0,0,0,0,0,0,0,0,0,0,0,3.12597886354938,0,0,0,0,0,0,0,0,0,0,0,0,0,0.27473509157586,0.838759282489736,0,0,0,0,0,0,0,0,0,0,0,0,0,0,0,0,0.179111292414106,0,0,0,0,0,0,0,0,0,0,0,0,0.648112879549061,0,0,0,0,0,0.718437165193474,0,0,0,0,0,0,0,0,0,0,0,0,0,0,0,0,0,0,0,0,0,0,0,0,0,0,0,0,0.0749813966992483,0,0.159938242368366,0,0,0.603886957932321,0,0,0,0,0,0.133450802893746,0,0,0,0,0,0,0,0,0,0,0,0,0,0,0,0,0,0,0,0,0,0,0,0.340728617485941,0,0,0,0,0,0,0,0,0,0,0,1.02960289117717,0,0,0,0,0.119366207318922,0,0,0,0,0,0,0,0,0,0.0884150348665699,0,2.12612218777077,0,0,0,0,0,0,0,0,0,0,0,0,0,0,0,0,0,0.345655888858026,0,0,0,0,0,0.012907536620283,0,0,0,0,0,0,0,0,0.752889461113707,0,0,0,0,0,0,0,0,0,0,0,0,0,0,0,0,0,0,0,0,0,0,0,0,0.0136985311808475,0,0,0,0.00785111761276115,0,0,0,0,0,0,0,0,0,0,0,0,9.43327618211917,0,0,0,1.18645183794633,0,0,0,0,0,0,0,0,0,0,0,0,0,1.89835363047407,47.0228988916125,0,0,0,0,0,0,3.83698516634958,2.87334376398625,0,0,0.646622342588983,0,0,0,0,0,0,0,0,0,0,12.4559479461983,0,0,0,0,0,0,0,0,0,0,0,0,0,0,0,0,0.930409872687343,0,0,0,0,0,0,0,0,0,0,0,0,0,0,0,0,0,0,0,0,0,0.221217541251428,0,0,0,0,0,0,0,0,0,0,0,0,0,0,0,4.37238099099323,0,0,0,0,0,0,0.0737701995089872,0,0,0,0,0.0959424488884338,0,0,0,0,0,0,0,0,0,0,0,0,0,0,0,1.24947240656677,0,0,0,0,0,0,0,0,0,0,0,0,0,0,0,0,0,0,0,0.0102062881905971,0,0,0,0,0.0411498406340046,0,0,0,0,0,0,0,0,0,0,0,0,0,0,0,0,0,0,0,0,0,0,0,0,0,0,0,0,0,0,0,0,0,0.397072590429004,0,0,0,0,0,0,0,0,0,2.02959667379003,0,0,0,0,0,1.37509870831398,0,0,0,0,0,0,0,0,2.60935528604361,0,0,0,0,0,0,0,0,0,0,0,0,0,0,0,0,0,0,0,0,0,0,0,0,0,0,0,0,0,0,0,0,0,0,0,0,0,0.0430072023999433,0,0,0,0,0,0,0,0,0,0,0,0,0,0,0,0,0,0,0,0,0.948894050540606,0,0,0,0,65.8210012,64.66030113,63.55320109,60.70220106,69.80610124,65.30920117,68.07420118,62.37290108,77.12720137,91.17420161,58.881201,"PAL-00110"
"142",2522,"nSPC",2010,"PRIAs","Pacific Remote Island Areas","Palmyra","Palmyra",2010,"ForereefMid","Palmyra","2010-04-08","Forereef","Mid",5.8667,-162.01993,10,16.75,0.25,3.5,32.5,43.75,3.25,NA,0,2,NA,NA,NA,4,2,4.76229567381258,2.31601856721984,2.69502561951741,2.43335070321124,12.2066905637611,0.783250184830989,0,0,0,0,0,0,0,0,0,0,0,0,0.00141471060526129,0,0,0,0.00282942121052258,0.00424413181578388,0,0.0127323954473516,0,0.00707355302630646,0,0,0,0,0.0169765272631355,0,0,0,0,0,0,0,0,0,0,0,0,0,0,0,0,0,0,0,0,0,0,0,0,0,0,0,0,0,0,0,0,0,0,0,0,0,0,0,0,0,0,0,0,0,0,0,0,0,0.00424413181578388,0,0,0,0,0,0,0,0,0,0,0,0,0,0,0,0,0,0,0,0,0,0,0,0,0,0,0,0,0,0,0,0,0,0,0,0,0,0,0,0.00424413181578388,0,0,0,0.00707355302630646,0,0,0,0,0,0,0,0,0,0,0,0,0,0,0,0.00282942121052258,0,0,0,0,0,0,0,0,0,0,0,0,0,0,0,0,0,0,0,0,0,0,0,0,0,0,0,0,0,0,0,0,0,0,0,0,0,0,0,0,0,0,0,0,0,0,0,0,0,0,0.00565884242104517,0,0,0,0.00707355302630646,0,0,0,0,0.00282942121052258,0,0,0,0,0,0,0.0155618166578742,0,0,0,0,0,0,0,0,0,0,0,0,0,0,0,0,0,0.00707355302630646,0,0,0,0,0,0,0,0,0,0,0,0,0,0,0,0,0,0,0,0,0,0,0,0,0,0,0,0,0,0,0,0,0,0,0,0,0,0,0,0,0,0,0,0,0,0,0,0,0,0,0,0,0,0.00141471060526129,0,0.00141471060526129,0,0,0,0,0,0,0,0,0,0,0,0,0,0,0,0,0,0,0,0,0,0,0,0,0,0,0,0,0,0,0,0,0,0,0,0,0,0,0,0,0,0,0,0,0,0,0,0,0,0,0,0,0,0,0,0,0,0,0,0,0,0,0,0,0,0,0,0,0,0,0,0,0,0,0,0,0,0,0,0,0,0,0,0,0,0,0,0,0,0,0,0,0,0,0,0,0,0,0,0,0,0,0,0,0,0,0,0,0,0,0,0,0,0,0,0.0127323954473516,0.00424413181578388,0,0,0,0,0,0,0,0,0,0,0,0,0,0,0,0,0,0,0,0,0,0,0,0,0,0,0,0,0,0,0,0,0,0,0,0,0,0,0,0,0,0,0,0,0,0,0,0,0,0,0,0,0,0.00141471060526129,0.00990297423682904,0,0,0,0,0,0,0.00282942121052258,0,0,0,0.00282942121052258,0,0,0,0,0,0,0,0,0,0,0,0,0,0,0,0,0,0,0.024050080289442,0,0,0,0.033953054526271,0.0113176848420903,0,0,0,0,0,0.0452707393683613,0,0,0,0,0,0,0.0933708999472453,0,0,0,0,0,0,0,0,0,0,0,0,0,0,0,0,0,0,0,0,0,0,0,0,0,0,0,0,0,0,0,0,0,0,0,0,0,0,0,0,0,0,0,0,0,0,0,0,0,0,0,0,0.00565884242104517,0,0,0,0,0,0,0,0,0,0,0,0,0,0,0,0,0,0,0,0,0,0,0,0,0,0,0,0,0,0,0,0,0,0,0,0,0,0,0,0,0,0,0,0,0,0,0.00141471060526129,0,0,0,0,0.00141471060526129,0,0,0,0,0,0,0,0,0,0.00282942121052258,0,0,0,0,0,0,0,0,0,0.244744934710204,0,0,0,0,0,0,0,0.171179983236616,0,0,0,0,0,0,0,0,0,0,0,0,0,0,0,0,0,0,0,0,0,0,0,0,0,0,0,0,0,0.00302995236262985,0,0,0,0.113478934893346,0.073438239238183,0,0.248190739337239,0,0.546528689888767,0,0,0,0,0.430497478956883,0,0,0,0,0,0,0,0,0,0,0,0,0,0,0,0,0,0,0,0,0,0,0,0,0,0,0,0,0,0,0,0,0,0,0,0,0,0,0,0,0,0,0,0,0,0,0,0,0,0.306032069406021,0,0,0,0,0,0,0,0,0,0,0,0,0,0,0,0,0,0,0,0,0,0,0,0,0,0,0,0,0,0,0,0,0,0,0,0,0,0,0,0.512152004737068,0,0,0,0.0490175824406049,0,0,0,0,0,0,0,0,0,0,0,0,0,0,0,0.135443100477761,0,0,0,0,0,0,0,0,0,0,0,0,0,0,0,0,0,0,0,0,0,0,0,0,0,0,0,0,0,0,0,0,0,0,0,0,0,0,0,0,0,0,0,0,0,0,0,0,0,0,0.252366642705244,0,0,0,0.783250184830989,0,0,0,0,0.192265499695726,0,0,0,0,0,0,0.0189432579465698,0,0,0,0,0,0,0,0,0,0,0,0,0,0,0,0,0,0.0192225240325026,0,0,0,0,0,0,0,0,0,0,0,0,0,0,0,0,0,0,0,0,0,0,0,0,0,0,0,0,0,0,0,0,0,0,0,0,0,0,0,0,0,0,0,0,0,0,0,0,0,0,0,0,0,0.322111539486197,0,0.0778267194254539,0,0,0,0,0,0,0,0,0,0,0,0,0,0,0,0,0,0,0,0,0,0,0,0,0,0,0,0,0,0,0,0,0,0,0,0,0,0,0,0,0,0,0,0,0,0,0,0,0,0,0,0,0,0,0,0,0,0,0,0,0,0,0,0,0,0,0,0,0,0,0,0,0,0,0,0,0,0,0,0,0,0,0,0,0,0,0,0,0,0,0,0,0,0,0,0,0,0,0,0,0,0,0,0,0,0,0,0,0,0,0,0,0,0,0,1.32719083531224,0.277669936584297,0,0,0,0,0,0,0,0,0,0,0,0,0,0,0,0,0,0,0,0,0,0,0,0,0,0,0,0,0,0,0,0,0,0,0,0,0,0,0,0,0,0,0,0,0,0,0,0,0,0,0,0,0,0.139352503100538,0.0807481637006735,0,0,0,0,0,0,0.274167439503823,0,0,0,0.0372371873985474,0,0,0,0,0,0,0,0,0,0,0,0,0,0,0,0,0,0,0.103691515267454,0,0,0,0.0749768455445371,0.0438046837178746,0,0,0,0,0,0.145354176731008,0,0,0,0,0,0,0.217836341244276,0,0,0,0,0,0,0,0,0,0,0,0,0,0,0,0,0,0,0,0,0,0,0,0,0,0,0,0,0,0,0,0,0,0,0,0,0,0,0,0,0,0,0,0,0,0,0,0,0,0,0,0,0.363210810002398,0,0,0,0,0,0,0,0,0,0,0,0,0,0,0,0,0,0,0,0,0,0,0,0,0,0,0,0,0,0,0,0,0,0,0,0,0,0,0,0,0,0,0,0,0,0,3.30124236708174,0,0,0,0,0.00534718022095792,0,0,0,0,0,0,0,0,0,0.0704201068990063,0,0,0,0,0,0,0,0,0,0.752048132716758,0,0,0,0,0,0,0,0.908597178873762,0,0,0,0,0,0,0,0,0,0,0,0,0,0,0,0,0,0,0,0,0,0,0,0,0,0,0,0,"PAL-00157"
"143",2523,"nSPC",2010,"PRIAs","Pacific Remote Island Areas","Palmyra","Palmyra",2010,"ForereefMid","Palmyra","2010-04-08","Forereef","Mid",5.87089,-162.02676,10,11.25,4.5,4.25,30,41.25,8.75,NA,0,2,NA,NA,NA,4,2,0.670480554191679,1.06225411585042,10.8138133168674,4.97311375114662,17.5196617380561,7.46004559343969,0,0,0,0,0,0,0,0,0,0,0,0,0,0,0,0,0.00282942121052258,0.00565884242104517,0,0.00990297423682904,0,0.00565884242104517,0,0,0,0,0.0396118969473162,0,0,0,0,0,0,0,0,0,0,0,0,0,0,0,0,0,0,0,0,0,0,0,0,0,0,0,0,0,0,0,0,0,0,0,0,0,0,0,0,0,0,0,0,0,0,0,0,0,0.00141471060526129,0,0,0,0,0,0,0,0,0,0,0,0,0,0,0,0,0,0,0,0,0.00848826363156775,0,0,0,0,0,0,0,0,0,0,0,0,0,0,0,0,0,0,0.00141471060526129,0,0,0,0.0141471060526129,0,0,0,0,0,0,0,0,0,0,0,0,0,0,0,0.00282942121052258,0,0,0,0,0,0,0,0,0,0,0,0,0,0,0,0,0,0,0,0,0,0,0,0,0,0,0,0,0,0,0,0,0,0,0,0.00141471060526129,0,0,0,0,0,0,0,0,0,0,0,0,0,0,0,0,0,0,0.00848826363156775,0,0,0,0,0,0,0,0,0,0,0,0.0778090832893711,0,0,0,0,0,0,0,0,0,0,0,0,0,0,0,0,0,0.0127323954473516,0,0,0,0,0,0,0,0,0,0,0,0,0,0,0,0,0,0,0,0,0,0,0,0,0,0,0,0,0,0,0,0,0,0,0,0,0,0,0,0,0,0,0,0,0,0,0,0,0,0,0,0,0,0,0,0,0,0,0,0,0,0,0,0,0,0,0,0,0,0,0,0,0,0,0,0,0,0,0,0,0,0,0,0,0,0,0,0,0,0,0,0,0,0,0,0,0,0,0,0,0,0,0,0,0,0,0,0,0,0,0,0,0,0,0,0,0,0,0,0,0,0,0,0,0,0,0,0,0,0,0,0,0,0,0,0,0,0.00141471060526129,0,0,0,0,0,0,0,0,0,0,0,0,0,0,0,0,0,0,0.0353677651315323,0,0,0,0,0,0,0,0,0,0,0,0,0,0,0.00282942121052258,0.00848826363156775,0,0,0,0,0,0,0,0,0,0,0,0,0,0,0,0,0,0,0,0,0,0,0,0,0,0,0,0,0,0,0,0,0,0,0,0,0,0,0,0,0,0,0,0,0,0,0,0,0,0,0,0,0,0,0.0141471060526129,0,0,0,0,0,0,0.00141471060526129,0,0.00141471060526129,0,0.00141471060526129,0,0,0,0,0,0,0,0,0,0,0,0,0,0,0,0,0,0,0.0226353696841807,0,0,0,0.00848826363156775,0,0,0,0,0,0,0.0424413181578388,0,0,0,0,0,0,0.0268795014999645,0,0,0,0,0,0,0,0,0,0,0,0,0,0,0,0,0,0,0,0,0,0,0,0,0,0,0,0,0,0,0,0,0,0,0,0,0,0,0,0,0,0,0,0,0,0,0,0,0,0,0,0,0.00424413181578388,0,0,0,0,0,0,0,0,0,0,0,0,0,0,0,0,0,0,0.00424413181578388,0,0,0,0,0,0,0,0,0.00141471060526129,0.00565884242104517,0,0,0,0,0,0,0,0,0,0,0,0,0,0,0,0,0,0,0,0,0,0,0,0,0,0,0,0,0,0,0,0,0,0,0,0,0,0,0,0,0,0,0.107518005999858,0,0,0,0,0,0,0.00141471060526129,0.113176848420903,0,0.00141471060526129,0,0,0,0,0,0,0,0,0,0,0,0,0,0,0,0,0,0,0,0,0,0,0,0,0,0,0,0,0,0,0,0.180539756397367,0.147483281097611,0,0.268556873335712,0,0.378627605303238,0,0,0,0,1.408540608408,0,0,0,0,0,0,0,0,0,0,0,0,0,0,0,0,0,0,0,0,0,0,0,0,0,0,0,0,0,0,0,0,0,0,0,0,0,0,0,0,0,0,0,0,0,0,0,0,0,0.193691726060669,0,0,0,0,0,0,0,0,0,0,0,0,0,0,0,0,0,0,0,0,1.69798212984244,0,0,0,0,0,0,0,0,0,0,0,0,0,0,0,0,0,0,0.367423581657899,0,0,0,0.076477356356811,0,0,0,0,0,0,0,0,0,0,0,0,0,0,0,0.192448201908066,0,0,0,0,0,0,0,0,0,0,0,0,0,0,0,0,0,0,0,0,0,0,0,0,0,0,0,0,0,0,0,0,0,0,0,0.000291996268925931,0,0,0,0,0,0,0,0,0,0,0,0,0,0,0,0,0,0,0.71153196489889,0,0,0,0,0,0,0,0,0,0,0,0.0905188433670385,0,0,0,0,0,0,0,0,0,0,0,0,0,0,0,0,0,0.0521092156904938,0,0,0,0,0,0,0,0,0,0,0,0,0,0,0,0,0,0,0,0,0,0,0,0,0,0,0,0,0,0,0,0,0,0,0,0,0,0,0,0,0,0,0,0,0,0,0,0,0,0,0,0,0,0,0,0,0,0,0,0,0,0,0,0,0,0,0,0,0,0,0,0,0,0,0,0,0,0,0,0,0,0,0,0,0,0,0,0,0,0,0,0,0,0,0,0,0,0,0,0,0,0,0,0,0,0,0,0,0,0,0,0,0,0,0,0,0,0,0,0,0,0,0,0,0,0,0,0,0,0,0,0,0,0,0,0,0,0.00684926559042375,0,0,0,0,0,0,0,0,0,0,0,0,0,0,0,0,0,0,3.0799610664978,0,0,0,0,0,0,0,0,0,0,0,0,0,0,0.469252424370759,0.727885155034852,0,0,0,0,0,0,0,0,0,0,0,0,0,0,0,0,0,0,0,0,0,0,0,0,0,0,0,0,0,0,0,0,0,0,0,0,0,0,0,0,0,0,0,0,0,0,0,0,0,0,0,0,0,0,0.111620605786879,0,0,0,0,0,0,0.110608770625714,0,0.0625591264693369,0,0.0334336354826731,0,0,0,0,0,0,0,0,0,0,0,0,0,0,0,0,0,0,0.060925356723155,0,0,0,0.0158256662558934,0,0,0,0,0,0,0.113547871803571,0,0,0,0,0,0,0.0612595092382733,0,0,0,0,0,0,0,0,0,0,0,0,0,0,0,0,0,0,0,0,0,0,0,0,0,0,0,0,0,0,0,0,0,0,0,0,0,0,0,0,0,0,0,0,0,0,0,0,0,0,0,0,0.325431024316152,0,0,0,0,0,0,0,0,0,0,0,0,0,0,0,0,0,0,2.41733687292826,0,0,0,0,0,0,0,0,0.106902766474635,2.52629185929546,0,0,0,0,0,0,0,0,0,0,0,0,0,0,0,0,0,0,0,0,0,0,0,0,0,0,0,0,0,0,0,0,0,0,0,0,0,0,0,0,0,0,0.440931342605418,0,0,0,0,0,0,0.213690339271992,0.798790736998833,0,0.0703352016928124,0,0,0,0,0,0,0,0,0,0,0,0,0,0,0,0,0,0,0,0,0,0,0,0,0,0,"PAL-00120"
"144",2524,"nSPC",2010,"PRIAs","Pacific Remote Island Areas","Palmyra","Palmyra",2010,"ForereefDeep","Palmyra","2010-04-08","Forereef","Deep",5.87414,-161.9998,26,60,10,2.5,25,2.5,0,NA,0,3,NA,NA,NA,2,1,110.335854271287,79.4853437821221,45.8236346283492,10.3352683757067,245.980101057465,12.1126603232303,0,0,0,0,0,0,0,0,0,0,0,0,0,0.00282942121052258,0,0,0.033953054526271,0,0,0.00565884242104517,0,0,0,0,0,0.110347427210381,0,0.0226353696841807,0,0,0,0,0,0,0,0,0,0,0,0,0,0,0,0,0,0,0,0,0,0,0,0,0,0,0,0,0.00848826363156775,0,0,0,0,0,0,0,0,0,0,0,0,0,0,0,0,0,0,0,0.0113176848420903,0,0,0,0,0,0,0,0,0,0,0,0,0,0,0,0,0,0,0,0,0,0,0,0,0,0,0,0,0,0,0,0,0,0,0,0,0,0,0,0.0141471060526129,0,0,0,0,0,0,0,0,0,0,0,0,0,0,0,0,0,0,0,0.00282942121052258,0,0.198059484736581,0,0,0,0,0,0,0.00848826363156775,0,0,0,0,0,0,0,0,0,0,0,0,0,0,0,0,0,0,0,0,0,0,0,0,0,0.00848826363156775,0.962003211577679,0.00282942121052258,0,0,0,0,0,0,0,0,0,0,0,0,0,0,0,0,0,0.00848826363156775,0,0,0,0,0,0,0,0,0,0.00282942121052258,0,0,0,0,0,0,0.472513342157272,0,0,0,0,0,0,0,0,0,0,0,0,0,0,0,0,0,0,0,0,0,0,0,0,0,0,0,0,0,0,0,0.0282942121052258,0,0.00282942121052258,0,0,0,0,0,0,0,0,0,0,0,0,0,0,0,0,0,0,0,0,0,0,0,0,0,0,0,0,0,0.00282942121052258,0,0,0,0,0,0.00282942121052258,0,0,0,0,0,0,0,0,0,0,0,0.00282942121052258,0,0,0,0,0,0,0,0,0.00848826363156775,0,0,0,0,0,0,0,0,0,0,0,0,0,0,0,0,0,0,0,0,0,0,0,0,0,0.00282942121052258,0,0,0,0,0,0,0,0,0,0,0,0,0,0,0,0,0,0,0,0,0,0,0,0,0,0,0,0,0,0,0,0,0,0,0,0,0,0,0,0,0,0,0,0,0,0,0,0,0,0,0.033953054526271,0,0,0,0,0,0,0,0,0,0,0,0,0,0,0,0,0,0.0113176848420903,0,0,0,0,0,0,0,0.00282942121052258,0.00282942121052258,0,0,0,0,0,0,0,0,0,0,0,0.0198059484736581,0,0,0,0,0,0,0,0,0,0.0169765272631355,0,0,0,0,0,0,0,0,0,0,0,0,0,0,0,0,0,0,0,0,0,0,0,0.0113176848420903,0,0,0,0,0,0.00282942121052258,0,0,0,0,0,0,0,0,0,0,0,0,0,0,0,0,0.0282942121052258,0,0,0,0,0,0,0.00565884242104517,0,0,0,0,0.0113176848420903,0,0,0,0,0,0,0,0,0,0,0,0,0,0,0,0.00282942121052258,0,0,0,0,0,0,0,0,0,0,0,0,0,0,0,0,0,0,0,0,0,0,0,0,0.00282942121052258,0.0707355302630646,0,0,0,0,0,0,0,0,0,0,0,0,0,0,0,0,0,0,0,0,0,0,0,0,0,0,0,0,0,0,0,0,0.00282942121052258,0.00282942121052258,0,0,0,0,0,0,0,0,0,0,0,0,0,0,0,0,0,0,0,0,0,0,0,0.00282942121052258,0,0,0,0,0,0,0,0,0,0,0,0,0,0,0,0,0,0,0,0,0,0,0,0,0,0,0,0,0,0,0,0,0,0,0,0,0,0,0,0,0,0,0,0,0,0,0,0,0,0,0,0,0,0,0,0,0,0,0,0,0,0,0,0,0,0,0,0,0,0,0,0,0,0,0,0,0.906437881217306,0,0,4.7387953579836,0,0,0.416173156274844,0,0,0,0,0,8.2472920129839,0,12.8281680609382,0,0,0,0,0,0,0,0,0,0,0,0,0,0,0,0,0,0,0,0,0,0,0,0,0,0,0,0,3.97728202786646,0,0,0,0,0,0,0,0,0,0,0,0,0,0,0,0,0,0,0,2.70897567448915,0,0,0,0,0,0,0,0,0,0,0,0,0,0,0,0,0,0,0,0,0,0,0,0,0,0,0,0,0,0,0,0,0,0,0,0,0,0,0,11.2006699763549,0,0,0,0,0,0,0,0,0,0,0,0,0,0,0,0,0,0,0,0.274978485412578,0,0.327035821197042,0,0,0,0,0,0,0.549919429384484,0,0,0,0,0,0,0,0,0,0,0,0,0,0,0,0,0,0,0,0,0,0,0,0,0,1.08866287553314,2.39947933989884,7.84834293508884,0,0,0,0,0,0,0,0,0,0,0,0,0,0,0,0,0,3.31282944153454,0,0,0,0,0,0,0,0,0,0.211467495882241,0,0,0,0,0,0,5.5409166100342,0,0,0,0,0,0,0,0,0,0,0,0,0,0,0,0,0,0,0,0,0,0,0,0,0,0,0,0,0,0,0,10.7268931616791,0,0.15904741877798,0,0,0,0,0,0,0,0,0,0,0,0,0,0,0,0,0,0,0,0,0,0,0,0,0,0,0,0,0,0.124090881565124,0,0,0,0,0,4.03660871839593,0,0,0,0,0,0,0,0,0,0,0,0.131780292880089,0,0,0,0,0,0,0,0,0.0744032268567377,0,0,0,0,0,0,0,0,0,0,0,0,0,0,0,0,0,0,0,0,0,0,0,0,0,0.0376313020999504,0,0,0,0,0,0,0,0,0,0,0,0,0,0,0,0,0,0,0,0,0,0,0,0,0,0,0,0,0,0,0,0,0,0,0,0,0,0,0,0,0,0,0,0,0,0,0,0,0,0,90.6680051457948,0,0,0,0,0,0,0,0,0,0,0,0,0,0,0,0,0,3.93545926824791,0,0,0,0,0,0,0,0.208740054652623,0.492860277831265,0,0,0,0,0,0,0,0,0,0,0,28.0980317449406,0,0,0,0,0,0,0,0,0,32.2518640360789,0,0,0,0,0,0,0,0,0,0,0,0,0,0,0,0,0,0,0,0,0,0,0,0.134185932642118,0,0,0,0,0,0.178309917462687,0,0,0,0,0,0,0,0,0,0,0,0,0,0,0,0,1.72584677690792,0,0,0,0,0,0,0.0288104223272832,0,0,0,0,0.0481166053163831,0,0,0,0,0,0,0,0,0,0,0,0,0,0,0,3.3481955894719,0,0,0,0,0,0,0,0,0,0,0,0,0,0,0,0,0,0,0,0,0,0,0,0,0.0181534692942321,0.193277107596681,0,0,0,0,0,0,0,0,0,0,0,0,0,0,0,0,0,0,0,0,0,0,0,0,0,0,0,0,0,0,0,0,0.796368047866512,1.03450713009732,0,0,0,0,0,0,0,0,0,0,0,0,0,0,0,0,0,0,0,0,0,0,0,0.951487946606965,0,0,0,0,0,0,0,0,0,0,0,0,0,0,0,0,0,0,0,0,0,0,0,0,0,0,0,0,0,0,0,0,0,0,0,0,0,0,0,0,0,0,0,0,0,0,0,0,0,0,0,0,0,0,0,0,0,0,0,0,0,0,0,170.213403,179.6691031,152.7700026,171.328803,168.251903,198.6222035,167.0959029,171.578203,204.1378037,166.8488029,185.3491032,"PAL-00406"
"145",2525,"nSPC",2010,"PRIAs","Pacific Remote Island Areas","Palmyra","Palmyra",2010,"ForereefDeep","Palmyra","2010-04-08","Forereef","Deep",5.87492,-162.00121,20,45,30,0,15,10,0,NA,0,2.5,NA,NA,NA,2,1,66.2943085886105,84.3902478538873,189.531343507507,29.2265087072316,369.442408657236,19.2622429190126,0,0,0,0,0,0,0,0,0,0,0,0,0,0.00282942121052258,0,0,0.0254647908947033,0,0,0,0,0,0,0,0,0,0,0,0,0,0,0,0,0,0,0,0,0,0,0,0,0,0,0,0,0,0,0,0,0,0,0,0,0,0,0,0.0113176848420903,0,0,0,0,0,0,0,0,0,0,0,0,0,0,0,0,0,0,0,0.0141471060526129,0,0,0,0,0,0,0,0,0,0,0,0,0,0,0,0,0,0,0,0,0,0,0,0.00282942121052258,0,0,0,0,0,0,0,0,0,0,0.0848826363156775,0,0,0,0,0.0113176848420903,0,0,0,0.00282942121052258,0,0,0,0,0,0,0,0,0,0,0,0,0,0,0,0,0,0.0962003211577679,0,0,0,0,0,0,0,0,0,0,0.00565884242104517,0,0,0,0,0,0,0,0.00565884242104517,0,0,0,0,0,0,0,0,0,0,0,0,0.00565884242104517,0,0.622472666314968,0.00565884242104517,0,0,0,0,0,0,0.00565884242104517,0,0,0,0,0,0,0,0,0.00282942121052258,0,0,0,0,0,0,0,0,0,0,0,0,0,0.00282942121052258,0,0,0,0,0.475342763367794,0,0,0,0,0,0,0,0,0,0,0,0,0,0,0,0,0,0,0,0,0,0,0,0,0,0,0,0,0,0,0,0.00565884242104517,0,0.033953054526271,0,0,0,0,0,0.00282942121052258,0,0,0,0,0,0,0,0,0,0,0,0,0,0,0,0,0,0,0,0,0,0,0.00282942121052258,0,0,0,0,0,0,0,0,0,0,0,0.00282942121052258,0,0,0,0,0,0,0,0,0,0,0,0,0,0,0,0.0113176848420903,0,0,0,0,0,0,0,0,0,0,0,0,0,0,0,0,0,0,0,0,0,0,0,0,0,0,0,0,0,0,0,0,0,0,0,0,0,0,0,0,0,0,0,0,0,0,0,0,0,0,0,0,0,0,0,0,0,0,0,0.00565884242104517,0,0,0,0.00282942121052258,0,0,0,0,0,0,0,0,0,0,0,0,0.0282942121052258,0,0.00565884242104517,0,0.0169765272631355,0,0,0,0,0,0,0,0,0,0,0,0,0.0113176848420903,0.0113176848420903,0.00565884242104517,0,0,0,0,0,0.00848826363156775,0,0.00565884242104517,0,0.00282942121052258,0,0,0,0,0,0,0,0,0,0,0,0.0169765272631355,0,0,0,0,0,0,0,0.00282942121052258,0,0,0,0,0,0,0,0,0,0,0,0,0,0,0,0,0,0,0,0,0,0,0,0.00282942121052258,0,0,0,0,0,0,0,0,0,0,0,0,0,0,0,0,0,0,0,0,0,0,0.00282942121052258,0,0,0,0,0,0,0.00565884242104517,0,0,0,0,0.0282942121052258,0,0,0,0,0,0,0,0,0,0,0,0,0,0,0,0.00565884242104517,0,0,0,0,0,0,0,0,0,0,0,0,0,0,0,0,0,0.00282942121052258,0,0,0,0,0,0,0,0.0424413181578388,0,0,0,0,0,0,0,0,0,0,0,0,0,0,0,0,0,0,0,0,0,0,0,0,0.00282942121052258,0,0,0,0,0,0,0,0.00282942121052258,0,0,0,0,0,0,0,0,0,0,0,0,0,0,0,0,0,0,0,0.00282942121052258,0,0,0,0,0,0,0,0,0,0,0,0,0,0,0,0,0,0,0,0,0,0,0,0,0,0,0,0,0,0,0,0,0,0,0,0,0,0,0,0,0,0,0,0,0,0,0,0,0,0,0,0,0,0,0,0,0,0,0,0,0,0,0,0.00565884242104517,0,0,0,0,0,0,0,0,0,0,0,0,0,0,0,0,0,0.704421230818454,0,0,3.65245627799357,0,0,0,0,0,0,0,0,0,0,0,0,0,0,0,0,0,0,0,0,0,0,0,0,0,0,0,0,0,0,0,0,0,0,0,0,0,0,0,7.01873299035259,0,0,0,0,0,0,0,0,0,0,0,0,0,0,0,0,0,0,0,5.47570963361803,0,0,0,0,0,0,0,0,0,0,0,0,0,0,0,0,0,0,0,0,0,0,0,1.13917715737816,0,0,0,0,0,0,0,0,0,0,33.8603715612303,0,0,0,0,10.6079387963555,0,0,0,0.0559921640495172,0,0,0,0,0,0,0,0,0,0,0,0,0,0,0,0,0,0.29243426332932,0,0,0,0,0,0,0,0,0,0,153.024597645428,0,0,0,0,0,0,0,2.24840468320523,0,0,0,0,0,0,0,0,0,0,0,0,0.163500585259839,0,1.49064095286688,10.9354455509669,0,0,0,0,0,0,1.29851952320196,0,0,0,0,0,0,0,0,0.140994330926856,0,0,0,0,0,0,0,0,0,0,0,0,0,0.00467194030281489,0,0,0,0,7.11797937567673,0,0,0,0,0,0,0,0,0,0,0,0,0,0,0,0,0,0,0,0,0,0,0,0,0,0,0,0,0,0,0,1.08479319220022,0,4.20528661077062,0,0,0,0,0,0.0351204983153922,0,0,0,0,0,0,0,0,0,0,0,0,0,0,0,0,0,0,0,0,0,0,2.75226056769039,0,0,0,0,0,0,0,0,0,0,0,1.79063750076568,0,0,0,0,0,0,0,0,0,0,0,0,0,0,0,0.169850851800016,0,0,0,0,0,0,0,0,0,0,0,0,0,0,0,0,0,0,0,0,0,0,0,0,0,0,0,0,0,0,0,0,0,0,0,0,0,0,0,0,0,0,0,0,0,0,0,0,0,0,0,0,0,0,0,0,0,0,0,0.0563395620353239,0,0,0,0.00785111761276115,0,0,0,0,0,0,0,0,0,0,0,0,26.5478206157879,0,4.57720795852254,0,17.5769181176585,0,0,0,0,0,0,0,0,0,0,0,0,6.10189008861335,7.54155346723382,2.38335316526722,0,0,0,0,0,6.5740077999527,0,2.02483911144905,0,1.66567114095077,0,0,0,0,0,0,0,0,0,0,0,18.6839219192974,0,0,0,0,0,0,0,7.99409020778355,0,0,0,0,0,0,0,0,0,0,0,0,0,0,0,0,0,0,0,0,0,0,0,0.0310176353076178,0,0,0,0,0,0,0,0,0,0,0,0,0,0,0,0,0,0,0,0,0,0,0.103260292962264,0,0,0,0,0,0,0.0156076608302934,0,0,0,0,0.117862107852962,0,0,0,0,0,0,0,0,0,0,0,0,0,0,0,2.44037579407573,0,0,0,0,0,0,0,0,0,0,0,0,0,0,0,0,0,3.87822776579138,0,0,0,0,0,0,0,0.107019842107516,0,0,0,0,0,0,0,0,0,0,0,0,0,0,0,0,0,0,0,0,0,0,0,0,0.459462042568811,0,0,0,0,0,0,0,3.4492547410487,0,0,0,0,0,0,0,0,0,0,0,0,0,0,0,0,0,0,0,6.07839268484051,0,0,0,0,0,0,0,0,0,0,0,0,0,0,0,0,0,0,0,0,0,0,0,0,0,0,0,0,0,0,0,0,0,0,0,0,0,0,0,0,0,0,0,0,0,0,0,0,0,0,0,0,0,0,0,0,0,0,0,0,0,0,0,1.75652593318265,0,0,0,0,169.783103,179.1697031,152.3528026,170.881403,167.930703,198.3275035,166.9904029,170.513903,203.4042037,166.4581029,184.7233032,"PAL-00101"
"146",2526,"nSPC",2010,"PRIAs","Pacific Remote Island Areas","Palmyra","Palmyra",2010,"ForereefMid","Palmyra","2010-04-08","Forereef","Mid",5.87173,-162.01801,8.5,12.5,0,0,12.5,65,10,NA,0,1,NA,NA,NA,4,2,0.802948634494347,2.74552329672901,4.07420579316989,13.0878708077605,20.7105485321538,2.97563489004341,0,0,0,0,0,0,0,0,0,0,0,0,0,0,0,0,0,0.00565884242104517,0,0,0,0,0,0,0.00282942121052258,0,0.0198059484736581,0,0,0,0,0,0,0,0,0,0,0,0,0,0,0,0,0,0,0,0,0,0,0,0,0,0,0,0,0,0,0,0,0,0,0,0,0,0,0.00141471060526129,0,0,0,0,0,0,0,0,0,0,0.00282942121052258,0,0,0,0,0,0,0,0,0,0,0,0,0,0,0,0,0,0,0,0,0,0,0,0,0,0,0,0,0,0,0,0,0,0,0,0,0,0,0,0.00141471060526129,0,0,0,0.00848826363156775,0,0,0,0,0,0,0,0,0,0,0,0,0,0,0,0.00282942121052258,0,0,0,0,0,0,0,0,0,0,0,0,0,0,0,0,0,0,0,0,0,0,0,0,0,0,0,0,0,0,0,0,0,0,0,0,0,0,0,0,0,0,0,0,0,0,0,0,0,0,0,0,0,0,0.0127323954473516,0,0,0,0,0.00141471060526129,0,0,0,0,0,0,0.0806385044998937,0,0,0,0,0,0,0,0,0,0,0,0,0,0,0,0,0,0,0,0,0,0,0,0,0,0.00282942121052258,0,0,0,0,0,0,0,0,0,0,0,0,0,0,0,0,0,0,0,0,0,0,0,0,0,0,0,0,0,0,0,0,0,0,0,0,0,0,0,0,0,0,0,0,0,0,0,0,0,0,0,0,0,0,0,0,0,0,0,0,0,0,0,0,0,0,0,0,0,0,0,0,0,0,0,0,0,0,0,0,0,0,0,0,0,0,0,0,0,0,0,0,0,0,0,0.00565884242104517,0,0,0,0,0,0,0,0,0,0,0,0,0,0,0,0,0,0,0,0,0,0,0,0,0,0,0,0,0,0,0,0,0,0,0,0,0,0,0,0,0,0,0,0,0,0,0,0.00141471060526129,0,0,0,0,0,0,0,0,0,0,0,0,0,0,0,0.00282942121052258,0,0,0,0.00141471060526129,0.00141471060526129,0,0,0,0,0,0,0,0,0,0,0,0,0,0,0,0,0,0,0,0,0,0,0,0,0,0,0,0,0,0,0,0,0,0,0,0,0,0,0,0,0,0,0,0,0,0,0,0,0,0,0,0,0,0,0.00141471060526129,0,0,0,0,0,0,0.00282942121052258,0,0,0,0.00282942121052258,0,0,0,0,0,0,0,0,0,0,0,0,0,0,0,0,0,0,0.0198059484736581,0,0,0,0.00141471060526129,0.00565884242104517,0,0,0,0,0,0.0481001605788839,0,0,0,0,0,0,0.162691719605049,0,0,0,0,0,0,0,0,0,0,0,0,0,0,0,0,0,0,0,0,0.00141471060526129,0,0,0.00141471060526129,0,0,0,0,0,0,0,0,0,0,0,0,0,0,0,0,0,0,0,0,0,0,0,0,0,0,0,0,0.00282942121052258,0,0,0,0,0,0,0,0,0,0,0,0,0,0,0,0,0,0,0.00141471060526129,0,0,0,0,0,0,0,0,0,0,0,0,0,0,0,0,0,0,0,0,0,0,0,0,0,0,0,0,0,0,0,0,0,0,0,0,0,0,0,0,0,0,0,0,0,0,0,0,0,0,0,0,0.0990297423682904,0,0,0,0,0,0,0,0.0834679257104162,0,0,0,0,0,0,0,0,0,0,0,0,0,0,0,0,0,0,0,0,0,0,0,0,0,0,0,0,0,0,0,0,0,0,0.264991864813159,0,0,0,0,0,0,0.0573282606475242,0,0.423946084930095,0,0,0,0,0,0,0,0,0,0,0,0,0,0,0,0,0,0,0,0,0,0,0,0,0,0,0,0,0,0,0,0,0,0,0,0,0,0,0.0501295408674848,0,0,0,0,0,0,0,0,0,0,0.76081351326503,0,0,0,0,0,0,0,0,0,0,0,0,0,0,0,0,0,0,0,0,0,0,0,0,0,0,0,0,0,0,0,0,0,0,0,0,0,0,0,0.244670067048166,0,0,0,0.0881300890572052,0,0,0,0,0,0,0,0,0,0,0,0,0,0,0,0.197316632695133,0,0,0,0,0,0,0,0,0,0,0,0,0,0,0,0,0,0,0,0,0,0,0,0,0,0,0,0,0,0,0,0,0,0,0,0,0,0,0,0,0,0,0,0,0,0,0,0,0,0,0,0,0,0,2.76305480670259,0,0,0,0,0.0737106889344332,0,0,0,0,0,0,0.260059177012157,0,0,0,0,0,0,0,0,0,0,0,0,0,0,0,0,0,0,0,0,0,0,0,0,0,0.123484349555924,0,0,0,0,0,0,0,0,0,0,0,0,0,0,0,0,0,0,0,0,0,0,0,0,0,0,0,0,0,0,0,0,0,0,0,0,0,0,0,0,0,0,0,0,0,0,0,0,0,0,0,0,0,0,0,0,0,0,0,0,0,0,0,0,0,0,0,0,0,0,0,0,0,0,0,0,0,0,0,0,0,0,0,0,0,0,0,0,0,0,0,0,0,0,0,0.0210358978738723,0,0,0,0,0,0,0,0,0,0,0,0,0,0,0,0,0,0,0,0,0,0,0,0,0,0,0,0,0,0,0,0,0,0,0,0,0,0,0,0,0,0,0,0,0,0,0,2.01218623768993,0,0,0,0,0,0,0,0,0,0,0,0,0,0,0,0.0534498887326795,0,0,0,0.762736261076669,0.0971481739010218,0,0,0,0,0,0,0,0,0,0,0,0,0,0,0,0,0,0,0,0,0,0,0,0,0,0,0,0,0,0,0,0,0,0,0,0,0,0,0,0,0,0,0,0,0,0,0,0,0,0,0,0,0,0,0.0311495339606592,0,0,0,0,0,0,0.360961934751047,0,0,0,0.205818846730904,0,0,0,0,0,0,0,0,0,0,0,0,0,0,0,0,0,0,0.0561896559643034,0,0,0,0.00361045941939586,0.0151600105008868,0,0,0,0,0,0.167026429777475,0,0,0,0,0,0,0.802655962047152,0,0,0,0,0,0,0,0,0,0,0,0,0,0,0,0,0,0,0,0,7.90037232329524,0,0,0.0983724165698848,0,0,0,0,0,0,0,0,0,0,0,0,0,0,0,0,0,0,0,0,0,0,0,0,0,0,0,0,0.415621473923329,0,0,0,0,0,0,0,0,0,0,0,0,0,0,0,0,0,0,0.212580083340817,0,0,0,0,0,0,0,0,0,0,0,0,0,0,0,0,0,0,0,0,0,0,0,0,0,0,0,0,0,0,0,0,0,0,0,0,0,0,0,0,0,0,0,0,0,0,0,0,0,0,0,0,0.920071896593036,0,0,0,0,0,0,0,1.26676597047655,0,0,0,0,0,0,0,0,0,0,0,0,0,0,0,0,0,0,0,0,0,0,0,0,0,0,0,0,"PAL-00131"
"147",2527,"nSPC",2010,"PRIAs","Pacific Remote Island Areas","Palmyra","Palmyra",2010,"ForereefShallow","Palmyra","2010-04-08","Forereef","Shallow",5.87427,-162.03903,6,22.5,0,0,25,35,17.5,NA,0,3,NA,NA,NA,4,2,44.3086422421584,4.99145396774415,59.4106545108658,11.2749245604986,119.985675281267,28.5332786172187,0,0,0,0,0,0,0,0,0.0113176848420903,0,0,0,0,0.00424413181578388,0,0,0.0834679257104162,0,0,0,0,0,0,0,0,0,0.00282942121052258,0.00141471060526129,0,0,0,0,0,0,0,0,0,0,0,0,0,0,0,0,0,0,0,0,0,0,0,0,0,0,0,0,0,0,0,0,0,0,0,0,0,0,0,0.00141471060526129,0,0,0,0,0,0,0,0,0.00424413181578388,0,0,0,0,0,0,0,0,0,0,0,0,0,0,0,0,0,0,0,0,0,0,0,0,0,0,0,0,0,0,0,0,0,0,0,0,0,0,0,0.0113176848420903,0,0,0,0,0,0,0,0,0,0,0,0,0,0,0,0,0,0,0,0,0,0,0,0,0,0,0,0.00141471060526129,0,0,0,0,0,0,0,0,0,0.00282942121052258,0,0,0,0,0,0,0,0,0,0,0,0,0,0,0,0,0.00282942121052258,0,0,0,0.00141471060526129,0,0,0,0,0,0,0,0,0,0,0,0.00282942121052258,0,0,0,0.00424413181578388,0,0,0,0,0.00141471060526129,0.00424413181578388,0,0,0,0,0,0,0,0,0,0,0,0,0,0,0,0,0,0,0,0,0,0,0,0,0,0,0,0,0,0,0,0,0,0,0,0,0,0,0,0,0,0,0.0367824757367936,0,0.0155618166578742,0,0,0,0,0,0,0,0,0,0,0,0,0,0,0,0,0,0,0,0,0,0,0,0,0,0,0,0,0,0.00282942121052258,0,0,0,0,0,0.00141471060526129,0,0,0,0,0,0.00141471060526129,0,0,0,0,0,0,0,0,0,0,0,0,0,0,0.00848826363156775,0,0,0,0,0,0,0,0,0,0,0,0,0,0,0,0,0,0,0,0.0113176848420903,0,0,0,0,0,0.00424413181578388,0,0,0,0,0,0,0,0,0,0,0,0,0,0,0,0,0,0,0,0,0,0,0,0,0,0,0,0,0,0,0,0,0.00282942121052258,0.00141471060526129,0,0,0,0.00141471060526129,0,0,0,0,0,0,0,0,0,0,0,0,0.0155618166578742,0,0,0,0,0,0,0,0,0,0,0,0,0.00424413181578388,0,0,0,0.0127323954473516,0.00565884242104517,0,0,0,0,0,0,0,0,0,0,0,0,0,0,0,0,0,0,0,0,0,0,0,0.00141471060526129,0,0,0,0,0,0,0,0,0,0,0,0,0,0,0,0,0,0,0,0,0,0,0,0,0,0,0,0,0,0.00141471060526129,0,0,0,0,0,0.00707355302630646,0,0,0,0,0,0,0,0,0,0,0,0,0,0,0,0,0,0,0,0,0,0,0,0,0.0212206590789194,0,0,0,0.00141471060526129,0.0141471060526129,0,0,0,0,0,0.00424413181578388,0,0,0,0,0,0,0,0,0,0,0,0,0,0,0,0,0,0,0,0,0,0,0,0,0,0,0,0,0,0,0,0,0,0,0,0,0,0,0,0,0,0,0,0,0,0,0,0,0,0,0,0,0,0,0,0,0,0,0,0,0.00141471060526129,0,0,0,0,0,0,0,0,0,0,0,0,0,0,0,0,0,0,0,0,0,0,0,0.00990297423682904,0,0,0,0.00848826363156775,0,0,0,0,0,0,0,0,0,0,0,0,0,0,0,0,0,0,0,0,0,0,0.0311236333157484,0,0.00848826363156775,0.00141471060526129,0,0,0,0,0,0,0,0,0,0,0,0,0,0,0,0,0,0,0,0,0,0,0,0,0.0509295817894065,0,0,0,0,0,0,0,0,0,0,0,0,0,0,0,0,0,0,0,0,0,0,0,0,0,3.70621888104387,0,0,0,0,1.49617231303467,0,0,11.3142679855957,0,0,0,0,0,0,0,0,0,0.0974594214728254,1.19521145185151,0,0,0,0,0,0,0,0,0,0,0,0,0,0,0,0,0,0,0,0,0,0,0,0,0,0,0,0,0,0,0,0,0,0,0,0,0,0,0,1.88164092188586,0,0,0,0,0,0,0,0,3.9188615714741,0,0,0,0,0,0,0,0,0,0,0,0,0,0,0,0,0,0,0,0,0,0,0,0,0,0,0,0,0,0,0,0,0,0,0,0,0,0,0,7.44305726453152,0,0,0,0,0,0,0,0,0,0,0,0,0,0,0,0,0,0,0,0,0,0,0,0,0,0,0,0.173188107259318,0,0,0,0,0,0,0,0,0,0.253284327047767,0,0,0,0,0,0,0,0,0,0,0,0,0,0,0,0,0.473834272303141,0,0,0,0.236917136151571,0,0,0,0,0,0,0,0,0,0,0,0.27473509157586,0,0,0,2.78324191746683,0,0,0,0,1.21623077568785,0.175084310794952,0,0,0,0,0,0,0,0,0,0,0,0,0,0,0,0,0,0,0,0,0,0,0,0,0,0,0,0,0,0,0,0,0,0,0,0,0,0,0,0,0,0,8.50610703919294,0,2.08534367665849,0,0,0,0,0,0,0,0,0,0,0,0,0,0,0,0,0,0,0,0,0,0,0,0,0,0,0,0,0,0.62835858178658,0,0,0,0,0,1.39011282067009,0,0,0,0,0,0.812084861571825,0,0,0,0,0,0,0,0,0,0,0,0,0,0,0.274499845870011,0,0,0,0,0,0,0,0,0,0,0,0,0,0,0,0,0,0,0,0.926786725806028,0,0,0,0,0,0.0121925418803839,0,0,0,0,0,0,0,0,0,0,0,0,0,0,0,0,0,0,0,0,0,0,0,0,0,0,0,0,0,0,0,0,0.0160900963401569,0.0100210730109337,0,0,0,0.00392555880638058,0,0,0,0,0,0,0,0,0,0,0,0,32.2145179325129,0,0,0,0,0,0,0,0,0,0,0,0,0.048896642649646,0,0,0,4.90312921799385,1.56774734488048,0,0,0,0,0,0,0,0,0,0,0,0,0,0,0,0,0,0,0,0,0,0,0,0.688238160478757,0,0,0,0,0,0,0,0,0,0,0,0,0,0,0,0,0,0,0,0,0,0,0,0,0,0,0,0,0,0.0806438096646634,0,0,0,0,0,2.3682255532074,0,0,0,0,0,0,0,0,0,0,0,0,0,0,0,0,0,0,0,0,0,0,0,0,0.186911266601409,0,0,0,0.00361045941939586,0.0541957150249917,0,0,0,0,0,0.0197455196508931,0,0,0,0,0,0,0,0,0,0,0,0,0,0,0,0,0,0,0,0,0,0,0,0,0,0,0,0,0,0,0,0,0,0,0,0,0,0,0,0,0,0,0,0,0,0,0,0,0,0,0,0,0,0,0,0,0,0,0,0,0.0800612544698842,0,0,0,0,0,0,0,0,0,0,0,0,0,0,0,0,0,0,0,0,0,0,0,3.40448975387646,0,0,0,22.3455469458754,0,0,0,0,0,0,0,0,0,0,0,0,0,0,0,0,0,0,0,0,0,0,0.195516919566091,0,0.0883247497503019,0.00534718022095792,0,0,0,0,0,0,0,0,0,0,0,0,0,0,0,0,0,0,0,0,0,0,0,0,0.425598284652415,0,0,0,0,0,0,0,0,0,0,0,0,0,0,0,0,0,0,0,0,0,0,0,0,0,0,0,0,"PAL-00121"
"148",2531,"nSPC",2010,"PRIAs","Pacific Remote Island Areas","Palmyra","Palmyra",2010,"ForereefDeep","Palmyra","2010-04-08","Forereef","Deep",5.86951,-162.07962,24,30,30,0,30,0,10,NA,0,2,NA,NA,NA,1,1,24.2740494232629,57.4579125231411,31.6952013264801,83.119194729501,196.546358002385,9.2433893740417,0,0,0,0,0,0,0,0,0,0,0,0,0,0.0113176848420903,0.00565884242104517,0,0.0113176848420903,0,0,0,0,0.0226353696841807,0,0,0,0.0113176848420903,0,0.0113176848420903,0,0,0,0,0,0,0,0,0,0,0,0,0,0,0,0,0,0,0,0,0,0,0,0,0,0,0,0,0,0,0,0,0,0,0,0,0,0,0,0,0,0,0,0,0,0,0,0,0.0226353696841807,0,0,0,0,0,0,0,0,0,0,0,0,0,0,0,0,0,0,0,0,0,0,0,0,0,0,0,0,0,0,0,0,0,0,0.0848826363156775,0,0,0,0,0.0169765272631355,0,0,0,0.0169765272631355,0,0,0,0,0.00565884242104517,0,0,0,0,0,0,0,0,0,0,0,0,0.113176848420903,0,0,0,0,0,0,0,0,0,0,0,0,0,0,0,0,0,0,0,0,0,0,0,0,0,0,0,0,0,0,0,0,0.0113176848420903,0.282942121052258,0,0,0,0,0,0,0,0,0,0,0,0,0,0,0,0,0,0,0.00565884242104517,0,0,0,0,0.00565884242104517,0,0,0,0,0,0,0,0,0,0,0,0.16410643021031,0,0,0,0,0,0,0,0,0,0,0,0,0,0,0,0,0,0,0,0,0,0,0,0,0,0,0,0,0,0,0,0.0113176848420903,0,0.0113176848420903,0,0,0,0,0,0.00565884242104517,0,0,0,0,0,0,0,0,0,0,0,0,0,0,0,0,0,0,0,0,0,0,0,0,0,0,0,0,0,0,0,0,0,0,0,0,0,0,0,0,0,0,0,0,0,0,0,0,0,0,0,0,0,0,0,0,0,0,0,0,0,0,0,0,0,0,0,0,0,0,0,0,0,0,0,0,0,0,0,0,0,0,0,0,0,0,0,0,0,0,0,0,0,0,0,0,0,0,0,0,0,0,0,0,0,0,0,0,0,0.0169765272631355,0,0,0,0,0,0,0,0,0,0,0,0,0,0,0,0,0,0.0226353696841807,0,0.00565884242104517,0,0,0,0,0,0,0,0,0,0,0,0,0,0,0,0,0.0169765272631355,0,0,0,0,0,0,0,0,0,0,0,0,0,0,0,0,0,0,0,0,0,0.0169765272631355,0,0,0,0,0,0,0,0,0,0,0,0,0,0,0,0,0,0,0,0,0,0,0,0,0,0,0,0,0,0,0,0,0,0,0,0,0,0,0,0,0,0,0,0,0,0,0,0,0,0,0,0,0,0,0,0,0,0,0,0,0,0,0,0,0,0,0,0,0,0,0,0,0,0,0,0,0,0,0,0,0,0,0,0,0,0,0,0,0,0,0,0,0,0,0,0,0,0,0,0,0.0113176848420903,0,0,0,0,0,0,0.033953054526271,0.282942121052258,0,0,0,0,0,0,0,0,0,0,0,0,0,0,0,0,0,0,0,0,0,0,0,0,0,0,0,0,0,0,0,0,0,0,0,0,0,0,0,0,0,0,0,0,0,0,0,0,0.0113176848420903,0,0,0,0,0,0.00565884242104517,0,0,0,0,0,0,0,0,0,0,0,0,0,0,0,0,0,0,0,0,0,0,0,0,0,0,0,0,0,0,0,0,0,0,0,0,0,0,0,0,0,0,0,0,0,0,0,0,0,0,0,0,0,0,0,0,0,0,0,0,0,0,0,0,0.00565884242104517,0,0,0,0,0,0,0,0,0,0,0,0,0,0,2.46327919549475,1.97650738729078,0,1.0442872348402,0,0,0,0,7.69714069477402,0,0,0,1.38528462467186,0,5.11335544233209,0,0,0,0,0,0,0,0,0,0,0,0,0,0,0,0,0,0,0,0,0,0,0,0,0,0,0,0,0,0,0,0,0,0,0,0,0,0,0,0,0,0,0,0,0,0,0,0,15.5386915897678,0,0,0,0,0,0,0,0,0,0,0,0,0,0,0,0,0,0,0,0,0,0,0,0,0,0,0,0,0,0,0,0,0,0,33.8603715612303,0,0,0,0,7.82173229617948,0,0,0,0.265226755006551,0,0,0,0,0.0412580988084822,0,0,0,0,0,0,0,0,0,0,0,0,0.364995336157413,0,0,0,0,0,0,0,0,0,0,0,0,0,0,0,0,0,0,0,0,0,0,0,0,0,0,0,0,0,0,0,0,1.09894036630344,0.626331996846121,0,0,0,0,0,0,0,0,0,0,0,0,0,0,0,0,0,0,0.427259861912503,0,0,0,0,4.86492310275138,0,0,0,0,0,0,0,0,0,0,0,1.45190333612339,0,0,0,0,0,0,0,0,0,0,0,0,0,0,0,0,0,0,0,0,0,0,0,0,0,0,0,0,0,0,0,2.90317351040344,0,0.785919478244798,0,0,0,0,0,0.281066419804849,0,0,0,0,0,0,0,0,0,0,0,0,0,0,0,0,0,0,0,0,0,0,0,0,0,0,0,0,0,0,0,0,0,0,0,0,0,0,0,0,0,0,0,0,0,0,0,0,0,0,0,0,0,0,0,0,0,0,0,0,0,0,0,0,0,0,0,0,0,0,0,0,0,0,0,0,0,0,0,0,0,0,0,0,0,0,0,0,0,0,0,0,0,0,0,0,0,0,0,0,0,0,0,0,0,0,0,0,0,0.12129656332472,0,0,0,0,0,0,0,0,0,0,0,0,0,0,0,0,0,16.4523171270834,0,5.46226347491723,0,0,0,0,0,0,0,0,0,0,0,0,0,0,0,0,16.2415985943834,0,0,0,0,0,0,0,0,0,0,0,0,0,0,0,0,0,0,0,0,0,18.6839219192974,0,0,0,0,0,0,0,0,0,0,0,0,0,0,0,0,0,0,0,0,0,0,0,0,0,0,0,0,0,0,0,0,0,0,0,0,0,0,0,0,0,0,0,0,0,0,0,0,0,0,0,0,0,0,0,0,0,0,0,0,0,0,0,0,0,0,0,0,0,0,0,0,0,0,0,0,0,0,0,0,0,0,0,0,0,0,0,0,0,0,0,0,0,0,0,0,0,0,0,0,39.2991629793316,0,0,0,0,0,0,0.492318058721349,0.804037329009785,0,0,0,0,0,0,0,0,0,0,0,0,0,0,0,0,0,0,0,0,0,0,0,0,0,0,0,0,0,0,0,0,0,0,0,0,0,0,0,0,0,0,0,0,0,0,0,0,5.5003948332559,0,0,0,0,0,3.31573467887329,0,0,0,0,0,0,0,0,0,0,0,0,0,0,0,0,0,0,0,0,0,0,0,0,0,0,0,0,0,0,0,0,0,0,0,0,0,0,0,0,0,0,0,0,0,0,0,0,0,0,0,0,0,0,0,0,0,0,0,0,0,0,0,0,0.161664155243269,0,31.03420055,34.84150063,31.34860055,27.39010045,35.14550063,34.81480063,40.22510069,40.28630071,37.23470068,41.66570075,24.08800041,"PAL-00154"
"149",2532,"nSPC",2010,"PRIAs","Pacific Remote Island Areas","Palmyra","Palmyra",2010,"ForereefMid","Palmyra","2010-04-08","Forereef","Mid",5.86757,-162.06628,12,25,5,12.5,20,20,17.5,NA,0,2,NA,NA,NA,4,2,22.8924642238888,5.91726319462625,45.1908119794093,18.6544663464623,92.6550057443866,15.1328848273665,0,0,0,0,0,0,0,0,0,0,0,0,0.0127323954473516,0,0.00707355302630646,0,0.0396118969473162,0,0.00282942121052258,0,0,0.00141471060526129,0,0,0,0,0,0.0155618166578742,0.00141471060526129,0,0,0,0,0,0,0,0,0,0,0,0,0,0,0,0,0,0,0,0,0,0.00141471060526129,0,0,0,0,0,0.00848826363156775,0,0,0,0,0,0,0,0,0,0,0,0,0,0,0,0,0,0,0,0.00565884242104517,0,0,0,0,0,0,0,0,0,0,0,0,0,0,0,0,0,0,0,0,0.00141471060526129,0,0,0,0,0,0,0,0,0,0,0,0,0.00141471060526129,0,0,0,0,0,0.0113176848420903,0,0,0,0.0183912378683968,0,0,0,0,0.00707355302630646,0,0,0,0,0,0,0,0,0,0,0.00141471060526129,0,0.212206590789194,0,0,0,0,0,0.00565884242104517,0,0,0,0,0,0,0,0,0,0,0,0,0,0,0,0,0,0,0,0,0,0,0,0,0,0.00141471060526129,0.00565884242104517,0.275868568025952,0,0,0,0,0,0,0,0,0,0,0,0,0,0,0,0,0,0,0.00990297423682904,0,0,0,0,0.00565884242104517,0,0,0,0,0,0,0.0282942121052258,0,0.00282942121052258,0,0,0.0962003211577679,0.0198059484736581,0,0,0,0,0,0,0,0,0,0,0,0,0,0,0,0,0,0,0,0,0,0,0,0,0,0,0,0.0311236333157484,0,0,0.0169765272631355,0,0.0127323954473516,0,0,0,0,0,0,0,0,0,0,0,0,0,0,0,0,0,0,0,0,0,0,0,0,0,0,0,0,0,0,0,0,0,0,0,0,0,0,0,0,0,0,0,0,0,0,0,0,0,0,0,0,0,0,0,0,0.0452707393683613,0,0,0,0,0,0,0,0,0,0,0,0,0,0,0,0,0,0,0,0,0,0,0,0,0,0.00565884242104517,0,0,0,0,0,0,0,0,0.00282942121052258,0,0,0,0,0,0,0,0,0,0,0,0,0,0,0,0,0,0,0,0,0,0,0,0.00282942121052258,0.00141471060526129,0,0,0,0,0,0,0,0,0,0,0,0,0,0,0,0,0.00565884242104517,0,0.0113176848420903,0,0.00848826363156775,0,0,0,0,0,0,0,0,0,0,0,0,0.00707355302630646,0.0169765272631355,0,0,0,0,0,0,0,0.00424413181578388,0.00141471060526129,0,0,0,0,0,0,0,0,0,0,0,0,0,0,0,0,0,0,0,0,0,0,0,0,0,0,0,0,0,0,0,0,0,0,0,0,0,0,0,0,0,0,0,0,0,0.0198059484736581,0,0,0,0,0,0.00141471060526129,0.00141471060526129,0,0.00141471060526129,0,0.00282942121052258,0,0,0,0,0,0,0,0,0,0,0,0,0,0,0,0,0,0,0.0212206590789194,0,0,0,0,0.0410266075525775,0,0,0,0,0,0,0,0,0,0,0,0,0,0.00282942121052258,0,0,0,0,0,0,0,0,0,0,0,0,0,0,0,0,0,0,0,0,0,0.00282942121052258,0,0,0,0,0.0424413181578388,0.148544613552436,0,0,0,0,0,0,0,0,0,0,0,0,0,0,0,0,0,0,0,0,0,0,0,0,0,0,0,0,0,0,0,0,0,0.00282942121052258,0,0,0,0,0,0,0,0,0.00565884242104517,0,0,0,0,0,0.00424413181578388,0,0,0,0.00141471060526129,0,0,0,0,0.00424413181578388,0,0,0,0,0,0,0,0,0,0,0,0,0,0,0,0,0,0.00565884242104517,0,0,0,0,0,0,0,0,0,0,0,0,0,0,0,0,0,0,0,0.00565884242104517,0,0,0,0,0,0.00990297423682904,0,0.0127323954473516,0,0,0,0,0,0,0,0,0,0,0,0,0,0,0,0,0,0,0,0,0,0,0,0,0,0,0,0,0,3.30238829603127,0,1.01309124193896,0,6.80214716056866,0,0.258808991984937,0,0,0.234226480624117,0,0,0,0,0,4.39237136071914,3.06996224546973,0,0,0,0,0,0,0,0,0,0,0,0,0,0,0,0,0,0,0,0,0,0.0359359129106052,0,0,0,0,0,2.64223731356395,0,0,0,0,0,0,0,0,0,0,0,0,0,0,0,0,0,0,0,0.98267302538393,0,0,0,0,0,0,0,0,0,0,0,0,0,0,0,0,0,0,0,0,0.461640015922323,0,0,0,0,0,0,0,0,0,0,0,0,0.0294239283113056,0,0,0,0,0,5.37985515765517,0,0,0,0.213606937578756,0,0,0,0,0.0536929211603985,0,0,0,0,0,0,0,0,0,0,0.137489242706289,0,0.528513246755935,0,0,0,0,0,0.677880127701838,0,0,0,0,0,0,0,0,0,0,0,0,0,0,0,0,0,0,0,0,0,0,0,0,0,0.0408751463149599,0.790254092527837,0.501321094212207,0,0,0,0,0,0,0,0,0,0,0,0,0,0,0,0,0,0,5.77776239450368,0,0,0,0,0.460331715103617,0,0,0,0,0,0,0.0912488340393533,0,0.0980971884382221,0,0,0.729907128104559,0.0707238792199658,0,0,0,0,0,0,0,0,0,0,0,0,0,0,0,0,0,0,0,0,0,0,0,0,0,0,0,3.04212244599435,0,0,4.12254755126595,0,1.15961280731288,0,0,0,0,0,0,0,0,0,0,0,0,0,0,0,0,0,0,0,0,0,0,0,0,0,0,0,0,0,0,0,0,0,0,0,0,0,0,0,0,0,0,0,0,0,0,0,0,0,0,0,0,0,0,0,0,0.575994710703658,0,0,0,0,0,0,0,0,0,0,0,0,0,0,0,0,0,0,0,0,0,0,0,0,0,0.0186463101905254,0,0,0,0,0,0,0,0,1.30634377289828,0,0,0,0,0,0,0,0,0,0,0,0,0,0,0,0,0,0,0,0,0,0,0,0.0243290750675526,0.00444914014238521,0,0,0,0,0,0,0,0,0,0,0,0,0,0,0,0,9.25783083381609,0,7.53453808293468,0,5.32248477666918,0,0,0,0,0,0,0,0,0,0,0,0,2.42122870870317,5.37692979172533,0,0,0,0,0,0,0,0.580053690936968,0.246430138915632,0,0,0,0,0,0,0,0,0,0,0,0,0,0,0,0,0,0,0,0,0,0,0,0,0,0,0,0,0,0,0,0,0,0,0,0,0,0,0,0,0,0,0,0,0,0.165389202482353,0,0,0,0,0,0.0419581288523632,0.110608770625714,0,0.647858226847851,0,0.204600587358282,0,0,0,0,0,0,0,0,0,0,0,0,0,0,0,0,0,0,0.123670025589118,0,0,0,0,0.176998154190434,0,0,0,0,0,0,0,0,0,0,0,0,0,0.00721423757803411,0,0,0,0,0,0,0,0,0,0,0,0,0,0,0,0,0,0,0,0,0,0.0102062881905971,0,0,0,0,0.207508820280885,0.669069003167512,0,0,0,0,0,0,0,0,0,0,0,0,0,0,0,0,0,0,0,0,0,0,0,0,0,0,0,0,0,0,0,0,0,0.916424348239491,0,0,0,0,0,0,0,0,3.55941865755157,0,0,0,0,0,1.48332406961646,0,0,0,2.30494170486398,0,0,0,0,1.54579798490851,0,0,0,0,0,0,0,0,0,0,0,0,0,0,0,0,0,0.0569572368266848,0,0,0,0,0,0,0,0,0,0,0,0,0,0,0,0,0,0,0,0.0715532329929056,0,0,0,0,0,0.41763605721188,0,0.163864090283629,0,0,0,0,0,0,0,0,0,0,0,0,0,0,0,0,0,30.98490055,34.63410062,30.97160054,27.31180045,34.80690063,34.66990062,40.00590069,40.61200071,36.76980067,41.62420075,24.34010041,"PAL-00155"
"150",2533,"nSPC",2010,"PRIAs","Pacific Remote Island Areas","Palmyra","Palmyra",2010,"ForereefDeep","Palmyra","2010-04-09","Forereef","Deep",5.8671,-162.0647,22,22.5,7.5,20,17.5,20,12.5,NA,0,2.5,NA,NA,NA,2,1,36.200229023797,6.55441610617187,10.2568385756692,6.68541278916913,59.6968964948072,3.8805805437949,0,0,0,0,0,0,0,0,0,0,0,0,0.00282942121052258,0.00282942121052258,0.00565884242104517,0,0.00565884242104517,0,0.00282942121052258,0,0,0.0113176848420903,0,0,0,0.0141471060526129,0,0.00282942121052258,0,0,0,0,0,0,0,0,0,0,0,0,0,0,0,0,0,0,0,0,0,0,0,0,0,0,0,0,0.0113176848420903,0,0,0,0,0,0,0,0,0,0,0,0,0,0,0,0,0,0,0,0.00848826363156775,0,0,0,0,0,0,0.00282942121052258,0,0,0.00282942121052258,0,0,0,0,0,0,0,0,0,0,0,0,0,0,0,0,0,0,0,0,0,0,0,0,0,0,0,0,0,0.00848826363156775,0,0,0,0.0141471060526129,0,0,0,0.00282942121052258,0.0169765272631355,0,0,0,0,0,0,0,0,0,0,0.00565884242104517,0,0,0,0,0,0,0,0,0,0,0,0,0,0,0,0,0,0,0,0,0,0,0,0,0,0,0,0,0,0,0,0,0,0,0.00565884242104517,2.03718327157626,0,0,0,0,0,0,0,0,0,0,0,0,0,0,0,0,0,0,0.00848826363156775,0,0,0,0,0,0,0,0,0,0,0,0,0,0,0,0,0.135812218105084,0.0509295817894065,0,0,0,0,0,0,0,0,0,0,0,0,0,0,0,0,0,0,0,0,0,0,0,0,0,0,0,0,0,0,0.0198059484736581,0,0.0226353696841807,0,0,0,0,0,0.0311236333157484,0,0,0,0,0,0,0,0,0,0,0,0,0,0,0,0,0,0,0,0,0,0,0,0,0,0,0,0,0,0.00282942121052258,0,0,0,0,0.00565884242104517,0,0,0,0,0,0,0,0,0,0,0,0,0,0,0,0.0141471060526129,0,0,0,0,0,0,0,0,0,0,0,0,0,0,0,0,0,0,0,0,0,0,0,0,0,0.0198059484736581,0,0,0,0,0,0,0,0,0,0,0,0,0,0,0,0,0,0,0,0,0,0,0,0,0,0,0,0,0,0,0,0,0.00565884242104517,0.0169765272631355,0,0,0,0,0,0,0,0,0,0,0,0,0.0282942121052258,0,0,0,0.0198059484736581,0,0.00282942121052258,0,0,0,0,0,0,0,0,0,0,0,0,0,0,0,0.0141471060526129,0,0,0,0,0,0,0,0,0,0,0,0,0,0,0,0,0,0,0,0,0,0,0,0,0,0,0,0,0,0,0,0,0,0,0,0,0,0,0,0,0,0,0,0,0,0,0,0,0,0,0,0,0,0.00282942121052258,0.00282942121052258,0,0,0,0,0,0.00565884242104517,0,0,0,0,0.00565884242104517,0,0,0,0,0,0,0,0,0,0,0,0,0,0,0,0,0,0,0,0,0,0,0,0.00282942121052258,0,0,0,0,0,0,0,0,0,0,0,0,0,0.0254647908947033,0,0,0,0,0,0,0,0,0,0,0,0,0,0,0,0,0,0.0565884242104517,0,0.00282942121052258,0,0.0169765272631355,0.0481001605788839,0,0,0,0.0424413181578388,0.198059484736581,0,0,0,0,0,0,0,0,0,0,0,0,0,0,0,0,0,0,0,0,0,0,0,0,0,0,0,0,0,0,0,0,0,0.00848826363156775,0,0,0,0,0,0,0,0,0,0,0,0,0,0,0,0,0,0.00282942121052258,0,0,0.0113176848420903,0.0141471060526129,0,0,0,0,0,0,0,0,0,0,0,0,0,0,0,0,0,0,0,0,0,0,0,0,0,0,0,0,0,0,0,0,0,0,0,0,0,0,0,0,0,0,0,0,0,0,0,0,0,0,0,0,0,0,0,0,0,0,0,0,0,0,0,0.00282942121052258,0,0,0,0,0,0,0,0,0,0,0,0,0,0.374433111460085,0.193404880046291,0.37106365679327,0,0.287830723221435,0,0.116745525016091,0,0,0.780930002019397,0,0,0,0.434936082002442,0,0.278317565323123,0,0,0,0,0,0,0,0,0,0,0,0,0,0,0,0,0,0,0,0,0,0,0,0,0,0,0,0,1.97273188582177,0,0,0,0,0,0,0,0,0,0,0,0,0,0,0,0,0,0,0,0.612064138812043,0,0,0,0,0,0,0.0755507193171864,0,0,0.330907765958665,0,0,0,0,0,0,0,0,0,0,0,0,0,0,0,0,0,0,0,0,0,0,0,0,0,0,0,0,0,3.13616901497024,0,0,0,0.12184660190038,0,0,0,0.0728496737915671,0.0552311898328921,0,0,0,0,0,0,0,0,0,0,0.567342329014124,0,0,0,0,0,0,0,0,0,0,0,0,0,0,0,0,0,0,0,0,0,0,0,0,0,0,0,0,0,0,0,0,0,0,0.364526009081771,4.06020811941507,0,0,0,0,0,0,0,0,0,0,0,0,0,0,0,0,0,0,1.44201302956028,0,0,0,0,0,0,0,0,0,0,0,0,0,0,0,0,0.702456845679526,0.154095302510513,0,0,0,0,0,0,0,0,0,0,0,0,0,0,0,0,0,0,0,0,0,0,0,0,0,0,0,0,0,0,1.29407888884464,0,1.15342794871268,0,0,0,0,0,0.0807449619013129,0,0,0,0,0,0,0,0,0,0,0,0,0,0,0,0,0,0,0,0,0,0,0,0,0,0,0,0,0,2.78022564134018,0,0,0,0,1.45198618163832,0,0,0,0,0,0,0,0,0,0,0,0,0,0,0,0.114502512055158,0,0,0,0,0,0,0,0,0,0,0,0,0,0,0,0,0,0,0,0,0,0,0,0,0,0.178410003255865,0,0,0,0,0,0,0,0,0,0,0,0,0,0,0,0,0,0,0,0,0,0,0,0,0,0,0,0,0,0,0,0,0.0294093471809712,0.0573184357892796,0,0,0,0,0,0,0,0,0,0,0,0,0.0930701324725667,0,0,0,25.9164786304215,0,1.10750287977166,0,0,0,0,0,0,0,0,0,0,0,0,0,0,0,1.24143486301163,0,0,0,0,0,0,0,0,0,0,0,0,0,0,0,0,0,0,0,0,0,0,0,0,0,0,0,0,0,0,0,0,0,0,0,0,0,0,0,0,0,0,0,0,0,0,0,0,0,0,0,0,0,0.161287619329327,0.0204346147065911,0,0,0,0,0,0.141158047469975,0,0,0,0,0.133734541930692,0,0,0,0,0,0,0,0,0,0,0,0,0,0,0,0,0,0,0,0,0,0,0,0.0194481175912582,0,0,0,0,0,0,0,0,0,0,0,0,0,0.0386633861148661,0,0,0,0,0,0,0,0,0,0,0,0,0,0,0,0,0,0.278319143583828,0,1.78730892109782,0,0.0267915065003173,0.4888130172397,0,0,0,0.180307106996449,0.711922132491752,0,0,0,0,0,0,0,0,0,0,0,0,0,0,0,0,0,0,0,0,0,0,0,0,0,0,0,0,0,0,0,0,0,1.15838315188369,0,0,0,0,0,0,0,0,0,0,0,0,0,0,0,0,0,1.32678122467858,0,0,0.970478238680756,0.141308050875276,0,0,0,0,0,0,0,0,0,0,0,0,0,0,0,0,0,0,0,0,0,0,0,0,0,0,0,0,0,0,0,0,0,0,0,0,0,0,0,0,0,0,0,0,0,0,0,0,0,0,0,0,0,0,0,0,0,0,0,0,0,0,0,0.107513075692386,0,31.61800057,35.46080064,31.93700056,27.69330046,35.55800064,35.11470063,40.6668007,40.89380072,38.2241007,42.42540076,24.64360041,"PAL-00109"
"151",2534,"nSPC",2010,"PRIAs","Pacific Remote Island Areas","Palmyra","Palmyra",2010,"ForereefMid","Palmyra","2010-04-09","Forereef","Mid",5.86721,-162.06477,14,21.25,0,37.5,23.75,15,2.5,NA,0,2.5,NA,NA,NA,4,2,4.0053825044365,14.1172409345359,25.7920174108219,7.04886793624279,50.963508786037,5.17311091771061,0,0,0,0,0,0,0,0,0.00282942121052258,0,0,0,0.0198059484736581,0.00565884242104517,0.00282942121052258,0,0.0297089227104871,0.00141471060526129,0.00282942121052258,0,0,0.00141471060526129,0,0,0,0.00565884242104517,0.148544613552436,0.00565884242104517,0,0,0,0,0,0,0,0,0,0,0,0,0,0,0,0,0,0,0,0,0,0,0,0,0,0,0,0,0.00424413181578388,0,0,0,0,0,0,0,0,0,0,0,0,0,0,0,0,0,0,0,0.0113176848420903,0,0,0,0,0,0,0,0,0,0,0,0,0,0,0,0,0,0,0,0,0,0,0,0,0,0,0,0,0,0.00424413181578388,0,0,0,0.00282942121052258,0.0707355302630646,0,0,0,0,0.00848826363156775,0,0,0,0.0254647908947033,0,0,0,0,0.0311236333157484,0,0,0,0,0,0,0,0,0,0,0.00424413181578388,0,0.2192801438155,0,0,0,0,0,0,0,0,0,0,0,0,0,0,0,0.00282942121052258,0,0,0,0,0,0,0,0,0,0,0,0,0,0,0,0.00282942121052258,0,0.481001605788839,0,0,0,0,0,0,0,0,0,0,0,0,0,0,0,0,0,0,0.0311236333157484,0,0,0,0,0.00282942121052258,0,0,0.00424413181578388,0,0,0,0,0,0,0,0,0.318309886183791,0,0,0,0,0,0,0,0,0,0,0,0,0.00424413181578388,0,0,0,0,0,0,0,0,0,0,0,0,0,0,0,0.0155618166578742,0,0,0.0268795014999645,0,0.0254647908947033,0,0,0,0,0,0.0113176848420903,0,0,0,0,0,0,0,0,0,0,0,0,0,0,0,0,0,0,0,0,0,0,0,0.00141471060526129,0,0,0,0,0,0,0,0,0,0,0,0,0,0,0,0,0,0,0,0,0,0,0,0,0,0,0.0438560287631001,0,0,0,0,0,0,0,0,0,0,0,0,0,0,0,0,0,0,0,0.00141471060526129,0,0,0,0,0,0.00565884242104517,0,0,0,0,0,0,0,0,0,0,0,0,0,0,0,0,0,0,0,0,0,0,0,0,0,0,0,0.00282942121052258,0,0,0,0,0.00282942121052258,0.00282942121052258,0,0,0,0.00282942121052258,0,0,0,0,0,0,0,0,0,0,0,0,0.00424413181578388,0,0.00424413181578388,0,0,0,0,0,0,0,0,0,0,0,0,0,0,0,0.0113176848420903,0.00141471060526129,0,0,0.00282942121052258,0,0,0,0.0282942121052258,0.00707355302630646,0,0,0,0,0,0,0,0,0,0,0,0,0,0,0.00141471060526129,0,0,0,0,0,0,0,0,0,0,0,0,0,0,0,0,0,0,0,0,0,0,0,0,0,0,0,0,0,0.00141471060526129,0.0183912378683968,0,0,0,0,0,0.00707355302630646,0.00141471060526129,0,0,0,0.00282942121052258,0,0,0,0,0,0,0,0,0,0,0,0.0127323954473516,0,0,0,0,0,0,0.0155618166578742,0,0,0,0,0.0367824757367936,0,0,0,0,0,0,0,0,0,0,0,0,0,0,0,0,0,0,0,0,0,0,0,0,0,0,0,0,0,0,0,0,0,0,0,0.033953054526271,0,0,0,0.00141471060526129,0.0721502408683259,0.118835690841949,0,0,0,0,0,0,0,0,0,0,0,0,0,0,0,0,0,0,0,0,0,0,0,0,0,0,0,0,0,0,0,0,0,0.0127323954473516,0,0,0,0,0,0,0,0,0.00565884242104517,0,0,0,0,0,0.00565884242104517,0,0,0,0,0,0.00141471060526129,0,0,0,0,0,0,0,0,0,0,0,0,0,0,0,0,0,0,0,0,0,0,0,0,0,0,0,0,0,0,0,0,0,0,0,0,0,0,0,0,0,0,0,0,0,0,0.00990297423682904,0,0,0,0,0,0,0,0,0,0,0,0,0,0,0,0,0,0.00141471060526129,0.00141471060526129,0,0,0,0,0,0,0,0,0.363931413402965,0,0,0,2.19437243254163,0.470171482290948,0.227307467532987,0,1.95778325654685,0.0519876313138589,0.161738694566215,0,0,0.0678698980054755,0,0,0,0.149610739464561,4.14027993914477,0.659474117342464,0,0,0,0,0,0,0,0,0,0,0,0,0,0,0,0,0,0,0,0,0,0,0,0,0,0,0,0,0.58303760819331,0,0,0,0,0,0,0,0,0,0,0,0,0,0,0,0,0,0,0,0.57271158948532,0,0,0,0,0,0,0,0,0,0,0,0,0,0,0,0,0,0,0,0,0,0,0,0,0,0,0,0,0,0.205843219534828,0,0,0,0.0346351088500391,8.32101736843706,0,0,0,0,1.11601085735865,0,0,0,0.220193887570359,0,0,0,0,0.113948038216383,0,0,0,0,0,0,0,0,0,0,0.599686943822925,0,0.203119904571601,0,0,0,0,0,0,0,0,0,0,0,0,0,0,0,0.205065823910012,0,0,0,0,0,0,0,0,0,0,0,0,0,0,0,0.140994330926856,0,0.681628790273969,0,0,0,0,0,0,0,0,0,0,0,0,0,0,0,0,0,0,3.10447958160712,0,0,0,0,0.16474435931269,0,0,1.56555478440757,0,0,0,0,0,0,0,0,1.36284534483878,0,0,0,0,0,0,0,0,0,0,0,0,0.015630696215222,0,0,0,0,0,0,0,0,0,0,0,0,0,0,0,0.375826815112342,0,0,1.85649959678288,0,1.25715755006216,0,0,0,0,0,0.141871172674646,0,0,0,0,0,0,0,0,0,0,0,0,0,0,0,0,0,0,0,0,0,0,0,0.0220032317867309,0,0,0,0,0,0,0,0,0,0,0,0,0,0,0,0,0,0,0,0,0,0,0,0,0,0,0.209419670887839,0,0,0,0,0,0,0,0,0,0,0,0,0,0,0,0,0,0,0,0.163143763742053,0,0,0,0,0,0.061414285027119,0,0,0,0,0,0,0,0,0,0,0,0,0,0,0,0,0,0,0,0,0,0,0,0,0,0,0,2.97113150080185,0,0,0,0,0.0126351666332389,0.00955307263154661,0,0,0,0.0126351666332389,0,0,0,0,0,0,0,0,0,0,0,0,1.30046884909581,0,2.00567952859907,0,0,0,0,0,0,0,0,0,0,0,0,0,0,0,0.946231311684705,1.05977389714098,0,0,0.419064167835565,0,0,0,1.84233049690201,0.670754785971549,0,0,0,0,0,0,0,0,0,0,0,0,0,0,0.432272942330989,0,0,0,0,0,0,0,0,0,0,0,0,0,0,0,0,0,0,0,0,0,0,0,0,0,0,0,0,0,0.0412896305483076,0.133549228279669,0,0,0,0,0,0.254279844791781,0.110608770625714,0,0,0,0.168410588356291,0,0,0,0,0,0,0,0,0,0,0,0.51554883876932,0,0,0,0,0,0,0.0660258999030391,0,0,0,0,0.102946075041032,0,0,0,0,0,0,0,0,0,0,0,0,0,0,0,0,0,0,0,0,0,0,0,0,0,0,0,0,0,0,0,0,0,0,0,0.0354621263289032,0,0,0,0.11879257693943,0.17360008400982,0.228513492632385,0,0,0,0,0,0,0,0,0,0,0,0,0,0,0,0,0,0,0,0,0,0,0,0,0,0,0,0,0,0,0,0,0,1.07714537597141,0,0,0,0,0,0,0,0,0.471281695955788,0,0,0,0,0,1.356229298261,0,0,0,0,0,0.241120341886708,0,0,0,0,0,0,0,0,0,0,0,0,0,0,0,0,0,0,0,0,0,0,0,0,0,0,0,0,0,0,0,0,0,0,0,0,0,0,0,0,0,0,0,0,0,0,0.114097926860933,0,0,0,0,0,0,0,0,0,0,0,0,0,0,0,0,0,0.0697465336247716,0.259318175228989,31.61800057,35.46080064,31.93700056,27.69330046,35.55800064,35.11470063,40.6668007,40.89380072,38.2241007,42.42540076,24.64360041,"PAL-00156"
"152",2540,"nSPC",2010,"PRIAs","Pacific Remote Island Areas","Palmyra","Palmyra",2010,"ForereefDeep","Palmyra","2010-04-10","Forereef","Deep",5.86248,-162.13564,21,37.5,25,12.5,10,11,4,NA,0,3.5,NA,NA,NA,2,1,19.7421895960194,32.4904814543001,751.412621986752,4.70547285926221,808.350765896333,9.85367733964473,0,0,0,0,0,0,0,0,0,0,0,0,0,0,0,0,0.0226353696841807,0,0,0,0,0,0,0,0,0,0,0,0,0,0,0,0,0,0,0,0,0,0,0,0,0,0,0,0,0,0,0,0,0,0,0,0,0,0,0,0.00848826363156775,0,0,0,0,0,0,0,0,0,0,0,0,0,0,0,0,0.00282942121052258,0,0,0.00282942121052258,0,0,0,0,0.00282942121052258,0,0.00282942121052258,0,0,0,0,0,0,0,0,0,0,0,0,0,0,0,0,0,0,0,0,0,0,0,0,0,0,0,0,0,0,0,0,0.0113176848420903,0,0,0,0.00848826363156775,0,0,0,0,0.0169765272631355,0,0,0,0,0,0,0,0,0,0,0.0113176848420903,0,0.254647908947033,0,0,0,0,0,0,0,0,0,0,0.033953054526271,0,0,0,0,0,0,0,0,0,0,0,0,0,0,0,0,0,0,0,0,0,0.00282942121052258,1.24494533262994,0.00282942121052258,0,0,0,0,0,0,0.00282942121052258,0,0,0,0.00848826363156775,0,0,0,0,0,0,0.00848826363156775,0,0,0,0,0,0,0,0,0,0,0.0113176848420903,0,0,0,0,0,0.116006269631426,0,0,0,0,0,0,0,0,0,0,0,0,0,0,0,0,0,0,0,0,0,0,0,0,0,0,0,0,0.00848826363156775,0,0,0.0113176848420903,0,0.00848826363156775,0,0,0,0,0,0,0,0,0,0,0,0,0,0,0,0,0,0,0,0,0,0,0,0,0,0,0,0,0,0.00565884242104517,0,0,0,0,0,0.00282942121052258,0,0,0,0,0,0,0,0,0,0,0,0,0,0,0,0,0.00565884242104517,0,0,0,0.00282942121052258,0,0,0,0,0,0,0,0,0,0,0,0,0,0,0,0,0,0,0,0,0,0,0.0113176848420903,0,0,0.00848826363156775,0,0,0,0,0,0,0,0,0,0,0,0,0,0,0,0,0,0,0,0,0,0,0,0,0,0,0,0,0,0,0,0,0,0.00282942121052258,0,0,0,0.00282942121052258,0,0,0,0,0,0,0,0,0,0,0,0,0.00565884242104517,0,0,0,0.00282942121052258,0,0,0,0,0,0,0,0,0,0,0,0,0,0,0.00282942121052258,0,0,0.00282942121052258,0,0,0.00282942121052258,0.0198059484736581,0.0226353696841807,0,0,0.033953054526271,0,0,0,0,0,0.00848826363156775,0,0,0,0,0.0113176848420903,0,0,0,0,0,0,0,0.00282942121052258,0,0,0,0,0,0,0,0,0,0,0,0,0,0,0,0,0,0,0,0,0,0,0,0.00848826363156775,0,0,0,0,0,0.00282942121052258,0,0,0,0,0,0,0,0,0,0,0,0,0,0,0,0,0.0198059484736581,0,0,0,0,0,0,0,0,0,0,0,0.0282942121052258,0,0,0,0,0,0,0,0,0,0,0,0,0,0,0,0,0,0,0,0,0,0,0,0,0,0,0,0.212206590789194,0,0,0,0.127323954473516,0,0,0,0,0,0,0,0,0.0198059484736581,0.325383439210097,0,0,0,0,0,0,0,0,0,0,0,0.033953054526271,0,0,0,0,0,0,0,0,0,0,0,0,0,0,0,0,0,0,0,0,0,0,0,0,0,0,0,0,0,0,0.00282942121052258,0,0,0,0,0,0,0,0,0,0,0,0,0,0,0.00848826363156775,0,0,0,0,0,0,0,0,0,0,0,0,0,0,0,0,0,0,0,0,0,0,0,0,0,0,0,0,0,0,0,0,0,0,0,0,0,0,0,0,0,0,0,0,0,0,0,0,0,0,0,0,0,0,0,0,0,0,0,0,0,0,0,0,0,0,0,0,0,0,0,0,0,0,0,0,0,0,0,1.39380297932383,0,0,0,0,0,0,0,0,0,0,0,0,0,0,0,0,0,0,0,0,0,0,0,0,0,0,0,0,0,0,0,0,0,0,0,0,0,0,0,1.73054474788588,0,0,0,0,0,0,0,0,0,0,0,0,0,0,0,0,0.555684204408885,0,0,0.149307035470157,0,0,0,0,0.0122061110628497,0,0.124690269762281,0,0,0,0,0,0,0,0,0,0,0,0,0,0,0,0,0,0,0,0,0,0,0,0,0,0,0,0,0,0,0,0,5.74603734436142,0,0,0,0.0805885030918977,0,0,0,0,0.0531146089039826,0,0,0,0,0,0,0,0,0,0,0.933114138966369,0,0.196732486188846,0,0,0,0,0,0,0,0,0,0,738.815038647506,0,0,0,0,0,0,0,0,0,0,0,0,0,0,0,0,0,0,0,0,0,0.223531678154915,3.21268894885755,3.56152266133684,0,0,0,0,0,0,0.223531678154915,0,0,0,0.422982992780568,0,0,0,0,0,0,2.14169279776712,0,0,0,0,0,0,0,0,0,0,0.86416809156708,0,0,0,0,0,0.583018880756279,0,0,0,0,0,0,0,0,0,0,0,0,0,0,0,0,0,0,0,0,0,0,0,0,0,0,0,0,0.146595472159031,0,0,0.772255502387166,0,0.297548933735355,0,0,0,0,0,0,0,0,0,0,0,0,0,0,0,0,0,0,0,0,0,0,0,0,0,0,0,0,0,0.252241246316871,0,0,0,0,0,2.36351479429653,0,0,0,0,0,0,0,0,0,0,0,0,0,0,0,0,1.1024628684829,0,0,0,0.0087428844168392,0,0,0,0,0,0,0,0,0,0,0,0,0,0,0,0,0,0,0,0,0,0,0.175319126238811,0,0,0.0532482924714298,0,0,0,0,0,0,0,0,0,0,0,0,0,0,0,0,0,0,0,0,0,0,0,0,0,0,0,0,0,0,0,0,0,0.00889828028477043,0,0,0,0.0048155202490365,0,0,0,0,0,0,0,0,0,0,0,0,6.33324659813499,0,0,0,2.01774870004406,0,0,0,0,0,0,0,0,0,0,0,0,0,0,0.390594687530355,0,0,0.419064167835565,0,0,0.976626125883228,0.887117124671771,2.80233928592044,0,0,2.68495588868152,0,0,0,0,0,0.426853557372463,0,0,0,0,14.0962260632629,0,0,0,0,0,0,0,2.28256424993722,0,0,0,0,0,0,0,0,0,0,0,0,0,0,0,0,0,0,0,0,0,0,0,0.0746575460230738,0,0,0,0,0,0.0622990679213183,0,0,0,0,0,0,0,0,0,0,0,0,0,0,0,0,1.04931122775502,0,0,0,0,0,0,0,0,0,0,0,0.108116981089696,0,0,0,0,0,0,0,0,0,0,0,0,0,0,0,0,0,0,0,0,0,0,0,0,0,0,0,0.146524406808123,0,0,0,0.127893204203272,0,0,0,0,0,0,0,0,0.0990995124329472,0.864573051102512,0,0,0,0,0,0,0,0,0,0,0,2.14085084183613,0,0,0,0,0,0,0,0,0,0,0,0,0,0,0,0,0,0,0,0,0,0,0,0,0,0,0,0,0,0,2.02959667379003,0,0,0,0,0,0,0,0,0,0,0,0,0,0,2.12086520675074,0,0,0,0,0,0,0,0,0,0,0,0,0,0,0,0,0,0,0,0,0,0,0,0,0,0,0,0,0,0,0,0,0,0,0,0,0,0,0,0,0,0,0,0,0,0,0,0,0,0,0,0,0,0,0,0,0,0,0,0,0,0,0,56.083801,65.76830117,79.30600137,62.28890104,56.900301,56.67460101,61.24760105,63.60710109,64.26180119,78.31050142,45.04910078,"PAL-00113"
"153",2541,"nSPC",2010,"PRIAs","Pacific Remote Island Areas","Palmyra","Palmyra",2010,"ForereefDeep","Palmyra","2010-04-10","Forereef","Deep",5.87206,-162.13054,21,37.5,0,12.5,27.5,22.5,0,NA,0,3.5,NA,NA,NA,2,1,23.0892695991711,1.26027427234692,13.8474949050837,4.45041654174204,42.6474553183438,2.37080290554128,0,0,0,0,0,0,0,0,0,0,0,0,0,0,0,0,0.0933708999472453,0,0,0,0,0,0,0,0,0,0,0,0,0,0,0,0,0,0,0,0,0,0,0,0,0,0,0,0,0,0,0,0,0,0.00565884242104517,0,0,0,0,0,0,0,0,0,0,0,0,0,0,0,0,0,0,0,0,0,0,0,0,0,0.00282942121052258,0,0,0,0,0,0,0.00282942121052258,0,0,0,0,0,0,0,0,0,0,0,0,0,0,0,0,0,0,0,0,0,0,0,0,0,0,0,0,0,0,0,0,0.0113176848420903,0,0,0,0.00848826363156775,0,0,0,0,0,0,0,0,0,0,0,0,0,0,0,0,0,0.0452707393683613,0,0,0,0,0,0,0,0,0,0,0,0,0,0,0,0,0,0,0,0,0,0,0,0,0,0,0,0,0,0,0,0.00565884242104517,0.00282942121052258,0.693208196578033,0,0,0,0,0,0,0,0.00565884242104517,0,0,0,0,0,0,0,0,0,0,0.00565884242104517,0,0,0,0,0,0.00282942121052258,0,0,0,0,0,0.0933708999472453,0,0,0,0,0.0311236333157484,0,0,0,0,0,0,0,0,0,0,0,0,0.00848826363156775,0,0,0,0,0,0,0,0,0,0,0,0,0,0,0,0.0509295817894065,0,0,0.0311236333157484,0,0.0367824757367936,0,0,0,0,0,0,0,0,0,0,0,0,0,0,0,0,0,0,0,0,0,0,0,0,0,0,0,0,0,0.00565884242104517,0,0,0,0,0,0,0,0,0,0,0,0,0,0,0,0,0,0,0,0,0,0,0,0,0,0,0.00565884242104517,0,0,0,0,0,0,0,0,0,0,0,0,0,0,0,0,0,0,0,0.00282942121052258,0,0,0,0,0,0.00282942121052258,0,0,0,0,0,0,0,0,0,0,0,0,0,0,0,0,0,0,0,0,0,0,0,0,0,0,0,0,0,0,0,0,0,0,0,0,0,0,0,0,0,0,0,0,0,0,0,0,0,0,0.0169765272631355,0,0.00282942121052258,0,0,0,0,0,0,0,0,0,0,0,0,0,0,0,0,0.00282942121052258,0,0,0,0,0,0,0,0,0,0,0,0,0,0,0,0,0,0,0,0,0,0,0,0,0,0,0,0,0,0,0,0,0,0,0,0,0,0,0,0,0,0,0,0,0,0,0,0,0,0,0,0,0,0,0,0,0,0,0,0.00565884242104517,0,0,0,0,0,0,0,0,0,0,0,0,0,0,0,0,0,0,0,0,0,0,0,0.00848826363156775,0,0,0,0,0.0311236333157484,0,0,0,0,0,0,0,0,0,0,0,0,0,0,0,0,0,0,0,0,0,0,0,0,0,0,0,0,0,0,0,0,0,0,0,0.0169765272631355,0,0,0,0,0.0254647908947033,0,0,0,0,0,0,0,0,0,0,0,0,0,0,0,0,0,0,0,0,0,0,0,0,0,0,0,0,0,0,0,0,0,0,0,0,0,0,0,0,0,0,0,0,0,0,0,0,0,0,0,0,0,0,0,0.00848826363156775,0,0,0,0,0,0,0,0,0,0,0,0,0,0,0,0,0,0,0,0,0,0,0,0,0,0,0,0,0,0,0,0,0,0,0,0,0,0,0,0,0,0,0,0,0,0,0,0,0.00282942121052258,0,0,0,0,0,0,0,0,0,0,0,0,0,0,0,0,0,0,0,0,0,0,0,0,0,0,0,0,0,0,0,0,0,6.47897106042839,0,0,0,0,0,0,0,0,0,0,0,0,0,0,0,0,0,0,0,0,0,0,0,0,0,0,0,0,0,0,0,0,0,0.113464317615892,0,0,0,0,0,0,0,0,0,0,0,0,0,0,0,0,0,0,0,0,0,0,0,0,0,0.149307035470157,0,0,0,0,0,0,0.191525483086802,0,0,0,0,0,0,0,0,0,0,0,0,0,0,0,0,0,0,0,0,0,0,0,0,0,0,0,0,0,0,0,0,4.33408074083499,0,0,0,0.0567770660727276,0,0,0,0,0,0,0,0,0,0,0,0,0,0,0,0,0,0.0531433209445194,0,0,0,0,0,0,0,0,0,0,0,0,0,0,0,0,0,0,0,0,0,0,0,0,0,0,0,0,0,0,0,0.281988661853712,0.223531678154915,0.977457510229553,0,0,0,0,0,0,0,0.54947018315172,0,0,0,0,0,0,0,0,0,0,0.932951897105607,0,0,0,0,0,0.116722873863301,0,0,0,0,0,0.0727800700297882,0,0,0,0,0.156893371143055,0,0,0,0,0,0,0,0,0,0,0,0,0.0377744266053072,0,0,0,0,0,0,0,0,0,0,0,0,0,0,0,1.4627466357721,0,0,1.79185745261351,0,1.64856535805038,0,0,0,0,0,0,0,0,0,0,0,0,0,0,0,0,0,0,0,0,0,0,0,0,0,0,0,0,0,0.471147544959833,0,0,0,0,0,0,0,0,0,0,0,0,0,0,0,0,0,0,0,0,0,0,0,0,0,0,0.0220043388021545,0,0,0,0,0,0,0,0,0,0,0,0,0,0,0,0,0,0,0,0.164690365394844,0,0,0,0,0,0.0650268900287142,0,0,0,0,0,0,0,0,0,0,0,0,0,0,0,0,0,0,0,0,0,0,0,0,0,0,0,0,0,0,0,0,0,0,0,0,0,0,0,0,0,0,0,0,0,0,0,0,0,0,18.6618721551072,0,1.10750287977166,0,0,0,0,0,0,0,0,0,0,0,0,0,0,0,0,0.766673903571517,0,0,0,0,0,0,0,0,0,0,0,0,0,0,0,0,0,0,0,0,0,0,0,0,0,0,0,0,0,0,0,0,0,0,0,0,0,0,0,0,0,0,0,0,0,0,0,0,0,0,0,0,0,0,0,0,0,0,0,0.0933167032289361,0,0,0,0,0,0,0,0,0,0,0,0,0,0,0,0,0,0,0,0,0,0,0,0.0191484585241041,0,0,0,0,0.104420911213285,0,0,0,0,0,0,0,0,0,0,0,0,0,0,0,0,0,0,0,0,0,0,0,0,0,0,0,0,0,0,0,0,0,0,0,0.0169159776492303,0,0,0,0,0.0783799843877253,0,0,0,0,0,0,0,0,0,0,0,0,0,0,0,0,0,0,0,0,0,0,0,0,0,0,0,0,0,0,0,0,0,0,0,0,0,0,0,0,0,0,0,0,0,0,0,0,0,0,0,0,0,0,0,1.43785100843567,0,0,0,0,0,0,0,0,0,0,0,0,0,0,0,0,0,0,0,0,0,0,0,0,0,0,0,0,0,0,0,0,0,0,0,0,0,0,0,0,0,0,0,0,0,0,0,0,0.00849505424247301,0,0,0,0,0,0,0,0,0,0,0,0,0,0,0,0,0,37.80580066,45.55510081,48.08030086,43.55340073,38.76460069,34.90160064,40.5985007,47.53080081,37.31540069,51.49750095,28.10690048,"PAL-00115"
"154",2542,"nSPC",2010,"PRIAs","Pacific Remote Island Areas","Palmyra","Palmyra",2010,"ForereefMid","Palmyra","2010-04-10","Forereef","Mid",5.87848,-162.13017,12,27.5,0.75,13,37.5,20,1.25,NA,0,3,NA,NA,NA,4,2,8.92377055281226,0.926664832026106,26.5290773103346,9.43425355963816,45.8137662548111,5.32091438365071,0,0,0,0,0,0,0,0,0,0,0,0,0,0.00424413181578388,0,0,0.0297089227104871,0,0,0,0,0,0,0,0,0,0.282942121052258,0,0,0,0,0,0,0,0,0,0,0,0,0,0,0,0,0,0,0,0,0,0,0,0,0,0,0,0,0,0.00707355302630646,0,0,0,0,0,0,0,0,0,0,0,0,0,0,0,0,0,0,0,0,0.00141471060526129,0,0,0,0,0,0,0,0,0.00141471060526129,0,0,0,0,0,0,0,0,0,0,0,0,0,0,0,0,0,0,0,0,0,0,0,0,0,0,0,0,0,0.00848826363156775,0,0,0,0.0353677651315323,0,0,0,0,0,0,0,0,0,0,0,0,0,0,0,0,0,0,0,0,0,0,0,0,0,0,0,0,0,0,0,0,0,0,0,0,0,0,0,0,0,0,0,0,0,0,0,0,0,0.00848826363156775,0.0226353696841807,0.244744934710204,0.00282942121052258,0,0,0,0,0,0,0,0,0,0,0,0,0,0,0,0,0,0.0268795014999645,0,0,0,0,0.00282942121052258,0.00141471060526129,0,0,0,0,0,0.530516476972985,0,0,0,0,0.0254647908947033,0,0,0,0,0,0,0,0,0,0,0,0,0.00707355302630646,0,0,0,0,0,0.00141471060526129,0,0,0,0,0,0,0,0,0,0.00565884242104517,0,0,0.00282942121052258,0.0183912378683968,0.0834679257104162,0,0,0,0,0,0,0,0,0,0,0,0,0,0,0,0,0,0,0,0,0,0,0,0,0,0,0,0,0,0.00282942121052258,0,0,0,0,0,0,0,0,0,0,0,0,0,0,0,0,0,0,0,0,0,0,0,0,0,0,0.0127323954473516,0,0,0,0,0,0,0,0,0,0,0,0,0,0,0,0,0,0,0,0.00707355302630646,0,0,0,0,0,0,0,0,0,0,0,0,0,0,0,0,0,0,0,0,0,0,0,0,0,0,0,0,0,0,0,0,0,0,0,0,0,0,0.00282942121052258,0.00282942121052258,0,0,0,0,0,0,0,0,0,0,0,0,0,0,0,0,0.0183912378683968,0.00424413181578388,0.00565884242104517,0,0,0,0,0,0,0,0,0,0,0,0,0,0,0.00141471060526129,0,0.00141471060526129,0,0,0,0,0,0,0,0,0,0,0,0,0,0,0,0,0,0,0,0,0,0,0.00565884242104517,0,0,0,0,0,0,0,0,0,0,0,0,0,0,0,0,0,0,0,0,0,0,0,0,0,0,0,0,0,0.00141471060526129,0.00424413181578388,0,0,0,0,0,0.00141471060526129,0,0,0.00141471060526129,0,0.00141471060526129,0,0,0,0,0,0,0,0,0,0,0,0,0,0,0,0,0,0,0.0169765272631355,0,0,0,0,0.0183912378683968,0,0,0,0,0,0,0,0,0,0,0,0,0,0,0,0,0,0,0,0,0,0,0,0,0,0,0,0,0,0,0,0,0,0,0,0.0212206590789194,0,0,0,0,0.00141471060526129,0,0,0,0,0,0,0,0,0,0,0,0,0,0,0,0,0,0,0,0,0,0,0,0,0,0,0,0,0,0,0,0,0,0.00141471060526129,0,0,0,0,0,0,0,0,0,0.00282942121052258,0,0.00141471060526129,0,0,0,0,0,0,0.00141471060526129,0,0,0.00141471060526129,0,0,0,0,0,0,0,0,0,0,0,0,0,0,0,0,0,0,0,0,0,0,0.00424413181578388,0,0,0,0,0,0,0,0,0,0,0,0,0,0,0,0,0,0,0,0,0,0,0,0,0,0.0212206590789194,0,0,0,0,0,0,0,0,0,0,0,0,0,0,0,0,0,0,0,0,0,0,0,0,0,0,0,0,0,0,0.402920349901695,0,0,1.86756071685486,0,0,0,0,0,0,0,0,0,9.74594214728254,0,0,0,0,0,0,0,0,0,0,0,0,0,0,0,0,0,0,0,0,0,0,0,0,0,0,0,0,0,1.0232347159946,0,0,0,0,0,0,0,0,0,0,0,0,0,0,0,0,0,0,0,0,0.992610373318421,0,0,0,0,0,0,0,0,0.0957627415434009,0,0,0,0,0,0,0,0,0,0,0,0,0,0,0,0,0,0,0,0,0,0,0,0,0,0,0,0,0,2.32897525828794,0,0,0,0.209907286573643,0,0,0,0,0,0,0,0,0,0,0,0,0,0,0,0,0,0,0,0,0,0,0,0,0,0,0,0,0,0,0,0,0,0,0,0,0,0,0,0,0,0,0,0,0,0,0,0,0,0.304494916186695,1.78825342523932,0.35079701758089,2.20798335582136,0,0,0,0,0,0,0,0,0,0,0,0,0,0,0,0,0,1.29342094470794,0,0,0,0,0.207218812038726,0.0450742714554185,0,0,0,0,0,0.315720965776162,0,0,0,0,0.12287060451724,0,0,0,0,0,0,0,0,0,0,0,0,0.0293076774461349,0,0,0,0,0,0.535291246356494,0,0,0,0,0,0,0,0,0,0.0694773237979647,0,0,0.185285992837841,1.32677239359972,4.61803639647443,0,0,0,0,0,0,0,0,0,0,0,0,0,0,0,0,0,0,0,0,0,0,0,0,0,0,0,0,0,0.0987441806467153,0,0,0,0,0,0,0,0,0,0,0,0,0,0,0,0,0,0,0,0,0,0,0,0,0,0,0.272439426972709,0,0,0,0,0,0,0,0,0,0,0,0,0,0,0,0,0,0,0,0.270371161227319,0,0,0,0,0,0,0,0,0,0,0,0,0,0,0,0,0,0,0,0,0,0,0,0,0,0,0,0,0,0,0,0,0,0,0,0,0,0,0.0147046735904856,0.0136985311808475,0,0,0,0,0,0,0,0,0,0,0,0,0,0,0,0,5.41669925777538,0.770549524526069,2.90385617742648,0,0,0,0,0,0,0,0,0,0,0,0,0,0,0.124143486301163,0,0.142038695750102,0,0,0,0,0,0,0,0,0,0,0,0,0,0,0,0,0,0,0,0,0,0,2.75295264191503,0,0,0,0,0,0,0,0,0,0,0,0,0,0,0,0,0,0,0,0,0,0,0,0,0,0,0,0,0,0.139352503100538,0.0183057814937966,0,0,0,0,0,0.0155088176538089,0,0,0.113477893263893,0,0.0334336354826731,0,0,0,0,0,0,0,0,0,0,0,0,0,0,0,0,0,0,0.0851442815766758,0,0,0,0,0.0551825206515971,0,0,0,0,0,0,0,0,0,0,0,0,0,0,0,0,0,0,0,0,0,0,0,0,0,0,0,0,0,0,0,0,0,0,0,0.024074554782913,0,0,0,0,0.00907673464711605,0,0,0,0,0,0,0,0,0,0,0,0,0,0,0,0,0,0,0,0,0,0,0,0,0,0,0,0,0,0,0,0,0,0.567003177142239,0,0,0,0,0,0,0,0,0,0.177057225425401,0,0.804126156208562,0,0,0,0,0,0,0.663390612339289,0,0,0.174936089148157,0,0,0,0,0,0,0,0,0,0,0,0,0,0,0,0,0,0,0,0,0,0,0.0131327578506515,0,0,0,0,0,0,0,0,0,0,0,0,0,0,0,0,0,0,0,0,0,0,0,0,0,0.0734468231380479,0,0,0,0,0,0,0,0,0,0,0,0,0,0,0,0,0,30.27230054,30.20340054,29.44330052,27.93540047,31.16310056,27.24030052,29.61520053,38.03830066,28.96520053,35.45010065,21.96560038,"PAL-00142"
"155",2543,"nSPC",2010,"PRIAs","Pacific Remote Island Areas","Palmyra","Palmyra",2010,"ForereefMid","Palmyra","2010-04-10","Forereef","Mid",5.86947,-162.12625,9,26.25,0.5,8.25,27.5,20,17.5,NA,0,2,NA,NA,NA,4,2,20.5655936180842,8.81353256335519,6.37727886942137,4.07575463366067,39.8321596845215,2.20856870543092,0,0,0,0,0,0,0,0,0,0,0,0,0,0,0,0,0.00141471060526129,0.0127323954473516,0.00141471060526129,0.0127323954473516,0,0.0113176848420903,0,0,0,0,0.00707355302630646,0,0,0,0,0,0,0,0,0,0,0,0,0,0,0,0,0,0,0,0,0,0,0,0,0,0,0,0,0,0,0,0,0,0,0,0,0,0,0,0,0,0,0,0,0,0,0,0,0,0.00141471060526129,0,0,0,0,0,0,0,0,0,0,0,0,0,0,0,0,0,0,0,0,0,0,0,0,0,0,0,0,0,0,0,0,0,0,0,0,0,0,0,0.00848826363156775,0,0,0,0.0141471060526129,0,0,0,0,0,0,0,0,0,0,0,0,0,0,0,0.00141471060526129,0,0,0,0,0,0,0,0.00282942121052258,0,0,0,0,0,0,0,0,0,0,0,0,0,0,0,0,0,0,0,0,0,0,0,0,0,0.00282942121052258,0,0.0509295817894065,0,0,0,0,0,0,0,0,0,0,0,0,0,0,0.0113176848420903,0,0,0,0.0113176848420903,0,0,0,0,0.00424413181578388,0,0,0,0,0,0,0.862973469209388,0,0,0,0,0,0,0,0,0,0,0,0,0,0,0,0,0,0.00141471060526129,0,0,0,0,0,0,0,0.00141471060526129,0,0,0,0.00141471060526129,0,0,0,0,0,0,0.0113176848420903,0,0.0169765272631355,0,0,0,0,0,0,0,0,0,0,0,0,0,0,0,0,0,0,0,0,0,0,0,0,0,0,0,0,0,0.00141471060526129,0,0,0,0,0,0,0,0,0,0,0.00141471060526129,0,0,0,0,0,0,0,0,0,0,0,0,0,0,0,0.0113176848420903,0,0,0,0,0,0,0,0,0,0,0,0,0,0,0,0,0,0,0,0.00848826363156775,0,0,0,0,0.00565884242104517,0.0212206590789194,0,0,0,0,0,0,0,0,0,0,0,0,0,0,0,0,0,0,0,0,0,0,0,0,0,0,0,0,0,0,0,0,0,0.00282942121052258,0,0,0,0,0,0,0,0,0,0,0.00565884242104517,0,0,0,0,0,0,0,0,0,0,0,0,0,0,0,0,0,0,0.0282942121052258,0,0,0,0.0735649514735872,0.00141471060526129,0,0,0,0,0,0,0,0,0,0,0,0,0,0,0,0,0,0,0,0,0,0,0,0,0,0,0,0,0,0,0,0,0,0,0,0,0,0,0,0,0,0,0,0,0,0,0,0,0,0,0,0,0,0.00424413181578388,0.0183912378683968,0,0,0,0,0,0.00282942121052258,0.00141471060526129,0,0,0,0.00424413181578388,0,0,0,0,0,0,0,0,0,0,0,0,0,0,0,0,0,0,0.0396118969473162,0,0,0,0,0.0495148711841452,0,0,0,0,0,0,0,0,0,0,0,0,0,0.00990297423682904,0,0,0,0,0,0,0,0,0,0,0,0,0,0,0,0,0,0,0,0,0,0.00565884242104517,0,0,0,0,0.00424413181578388,0,0,0,0,0,0,0,0,0,0,0,0,0,0,0,0,0,0,0,0,0,0,0,0,0,0,0,0,0,0,0,0,0,0,0,0,0,0,0,0,0,0,0,0,0,0,0.00141471060526129,0,0,0,0,0,0,0.00141471060526129,0,0,0.00424413181578388,0,0,0,0,0,0,0,0,0,0,0,0,0,0,0,0,0,0,0,0.0169765272631355,0,0,0,0,0,0,0,0,0,0.00424413181578388,0,0,0,0,0,0,0,0,0,0.141471060526129,0,0,0,0,0,0,0,0.155618166578742,0,0,0,0,0,0,0,0,0,0,0,0,0,0,0,0,0,0,0,0,0,0,0,0,0,0,0,0,0,0,0,0,0,0.155073877282145,0.34042775215497,0.107973008618808,0.454650444151445,0,1.08880394329684,0,0,0,0,0.240442225735895,0,0,0,0,0,0,0,0,0,0,0,0,0,0,0,0,0,0,0,0,0,0,0,0,0,0,0,0,0,0,0,0,0,0,0,0,0,0,0,0,0,0,0,0,0,0,0,0,0,0.0561701716726763,0,0,0,0,0,0,0,0,0,0,0,0,0,0,0,0,0,0,0,0,0,0,0,0,0,0,0,0,0,0,0,0,0,0,0,0,0,0,0,2.11351422949209,0,0,0,0.0980351648812097,0,0,0,0,0,0,0,0,0,0,0,0,0,0,0,0.0438619135579816,0,0,0,0,0,0,0,0.164628025195761,0,0,0,0,0,0,0,0,0,0,0,0,0,0,0,0,0,0,0,0,0,0,0,0,0,0.140994330926856,0,0.0485078801753202,0,0,0,0,0,0,0,0,0,0,0,0,0,0,0.563977323707424,0,0,0,1.41151467459763,0,0,0,0,0.238455048247123,0,0,0,0,0,0,0.944607929975386,0,0,0,0,0,0,0,0,0,0,0,0,0,0,0,0,0,0.0029340199630071,0,0,0,0,0,0,0,0.0165036865207437,0,0,0,0.0266463571922175,0,0,0,0,0,0,0.576877512660344,0,0.917310387593856,0,0,0,0,0,0,0,0,0,0,0,0,0,0,0,0,0,0,0,0,0,0,0,0,0,0,0,0,0,0.0493796742984509,0,0,0,0,0,0,0,0,0,0,0.0674010022764953,0,0,0,0,0,0,0,0,0,0,0,0,0,0,0,0.322955456126612,0,0,0,0,0,0,0,0,0,0,0,0,0,0,0,0,0,0,0,0.477304249525432,0,0,0,0,0.0173952816022928,0.100626101815267,0,0,0,0,0,0,0,0,0,0,0,0,0,0,0,0,0,0,0,0,0,0,0,0,0,0,0,0,0,0,0,0,0,0.0200421460218674,0,0,0,0,0,0,0,0,0,0,17.8502255760379,0,0,0,0,0,0,0,0,0,0,0,0,0,0,0,0,0,0,0.160117653658776,0,0,0,7.69790516570755,0.0971481739010218,0,0,0,0,0,0,0,0,0,0,0,0,0,0,0,0,0,0,0,0,0,0,0,0,0,0,0,0,0,0,0,0,0,0,0,0,0,0,0,0,0,0,0,0,0,0,0,0,0,0,0,0,0,0.278513850504094,0.131536256010571,0,0,0,0,0,0.0165284450572146,0.19554860115843,0,0,0,0.152921482343375,0,0,0,0,0,0,0,0,0,0,0,0,0,0,0,0,0,0,0.217828708750614,0,0,0,0,0.112723019715583,0,0,0,0,0,0,0,0,0,0,0,0,0,0.00350259460584409,0,0,0,0,0,0,0,0,0,0,0,0,0,0,0,0,0,0,0,0,0,0.00748933647319275,0,0,0,0,0.0225529654947461,0,0,0,0,0,0,0,0,0,0,0,0,0,0,0,0,0,0,0,0,0,0,0,0,0,0,0,0,0,0,0,0,0,0,0,0,0,0,0,0,0,0,0,0,0,0,0.107732334656555,0,0,0,0,0,0,0.60732454994243,0,0,0.081997146234306,0,0,0,0,0,0,0,0,0,0,0,0,0,0,0,0,0,0,0,0.0890336537509067,0,0,0,0,0,0,0,0,0,0.197842402458179,0,0,0,0,0,0,0,0,0,0.119008992891093,0,0,0,0,0,0,0,0.877664955902905,0,0,0,0,0,0,0,0,0,0,0,0,0,0,0,0,0,0,0,0,0,0,0,0,0,0,0,0,"PAL-00124"
"156",2544,"nSPC",2010,"PRIAs","Pacific Remote Island Areas","Palmyra","Palmyra",2010,"ForereefDeep","Palmyra","2010-04-10","Forereef","Deep",5.87432,-162.14813,20,62.5,20,5,2.5,10,0,NA,0,2,NA,NA,NA,2,1,41.6295843615956,7.74845108141868,155.498169817711,12.7244514100487,217.600656670774,4.4862483027143,0,0,0,0,0,0,0,0,0,0,0,0,0,0,0,0,0.0481001605788839,0,0,0,0,0,0,0,0,0,0,0,0,0,0,0,0,0,0,0,0,0,0,0,0,0,0,0,0,0,0,0,0,0,0.00565884242104517,0,0,0,0,0,0,0,0,0,0,0,0,0,0,0,0,0,0,0,0,0,0,0,0,0,0.0113176848420903,0,0,0,0,0,0,0,0,0,0,0,0,0,0,0,0,0,0,0,0,0,0,0,0,0,0,0,0,0,0,0,0,0,0,0,0,0,0,0,0.0169765272631355,0,0,0,0.0226353696841807,0,0,0,0,0,0,0,0,0,0,0,0,0,0,0,0.00565884242104517,0,0.410266075525775,0,0,0,0,0,0,0,0,0,0,0.00282942121052258,0,0,0,0,0,0,0,0,0,0,0,0,0,0,0,0,0,0,0,0,0.00565884242104517,0,0.537590029999291,0,0,0,0,0,0,0,0,0,0,0,0.00565884242104517,0,0,0,0,0.00282942121052258,0,0.0141471060526129,0,0,0,0,0,0,0,0,0,0,0,0.178253536262923,0,0,0,0,0.478172184578317,0,0,0,0,0,0,0,0,0,0,0,0,0,0,0,0,0,0,0,0,0,0,0,0,0,0,0,0,0.0198059484736581,0,0,0,0,0.0141471060526129,0,0,0,0,0,0,0,0,0,0,0,0,0,0,0,0,0,0,0,0,0,0,0,0,0,0,0,0,0,0.00282942121052258,0,0,0,0,0,0.00282942121052258,0,0,0,0,0,0,0,0,0,0,0,0,0,0,0,0,0,0,0,0,0.0113176848420903,0,0.0113176848420903,0,0,0,0,0,0,0,0,0,0,0,0,0,0,0,0,0,0,0,0,0,0,0,0.0169765272631355,0,0,0,0,0,0,0,0,0.00565884242104517,0,0,0,0,0,0,0,0,0,0,0,0,0,0,0,0,0,0,0,0,0,0,0,0,0.00282942121052258,0,0,0,0.00565884242104517,0,0,0,0,0,0,0,0,0,0,0,0,0.0141471060526129,0.00282942121052258,0.00282942121052258,0,0,0,0,0,0,0,0,0,0,0,0,0,0,0,0.00565884242104517,0,0,0,0,0,0,0,0,0.00282942121052258,0,0,0,0,0,0,0,0,0,0,0,0,0,0,0,0,0,0,0,0,0,0,0,0,0,0,0,0,0,0,0,0,0,0,0,0,0,0,0,0,0,0,0,0,0,0.00282942121052258,0,0,0,0,0,0,0,0,0,0,0,0,0,0,0,0,0,0,0,0,0,0,0,0,0,0,0,0,0,0.0198059484736581,0,0,0,0,0.0481001605788839,0,0,0,0,0,0,0,0,0,0.00282942121052258,0,0,0,0,0,0,0,0,0,0,0,0,0,0,0,0,0,0,0,0,0,0,0,0,0,0,0,0,0,0,0.00565884242104517,0.067906109052542,0,0,0,0,0,0,0,0,0,0,0,0,0,0,0,0,0,0,0,0,0,0,0,0,0,0,0,0,0,0,0,0,0,0,0,0,0,0,0,0,0,0,0,0,0,0,0,0,0,0,0,0,0,0,0,0,0,0,0,0,0,0,0,0,0,0,0,0,0,0,0,0,0,0,0,0,0,0,0,0,0,0,0,0,0,0,0,0,0,0,0,0,0,0,0,0.00282942121052258,0,0,0,0,0,0,0,0,0,0,0,0,0,0,0,0,0,0,0,0,0.00565884242104517,0,0,0,0,0,0,0,0,0,0,0,0,0,0,0,0,0,0,0,0,6.46489834040068,0,0,0,0,0,0,0,0,0,0,0,0,0,0,0,0,0,0,0,0,0,0,0,0,0,0,0,0,0,0,0,0,0,0.412930258537603,0,0,0,0,0,0,0,0,0,0,0,0,0,0,0,0,0,0,0,0,0,0,0,0,0,5.25406369643007,0,0,0,0,0,0,0,0,0,0,0,0,0,0,0,0,0,0,0,0,0,0,0,0,0,0,0,0,0,0,0,0,0,0,0,0,0,0,0,12.4322670478267,0,0,0,0.11468639839534,0,0,0,0,0,0,0,0,0,0,0,0,0,0,0,0.394633265390266,0,1.23404923154821,0,0,0,0,0,0,0,0,0,0,139.416477201683,0,0,0,0,0,0,0,0,0,0,0,0,0,0,0,0,0,0,0,0,0.447063356309831,0,2.16515233408578,0,0,0,0,0,0,0,0,0,0,0,0.163500585259839,0,0,0,0,0.0817502926299197,0,4.4862483027143,0,0,0,0,0,0,0,0,0,0,0,0.574867654447926,0,0,0,0,2.86837629495013,0,0,0,0,0,0,0,0,0,0,0,0,0,0,0,0,0,0,0,0,0,0,0,0,0,0,0,0,1.16015606917413,0,0,0,0,0.804758461036559,0,0,0,0,0,0,0,0,0,0,0,0,0,0,0,0,0,0,0,0,0,0,0,0,0,0,0,0,0,1.29878300652104,0,0,0,0,0,5.63474007401179,0,0,0,0,0,0,0,0,0,0,0,0,0,0,0,0,0,0,0,0,0.307661687380765,0,13.5277146013531,0,0,0,0,0,0,0,0,0,0,0,0,0,0,0,0,0,0,0,0,0,0,0,0.0878314591012841,0,0,0,0,0,0,0,0,0.774129643198979,0,0,0,0,0,0,0,0,0,0,0,0,0,0,0,0,0,0,0,0,0,0,0,0,0.0136985311808475,0,0,0,0.0198412491400157,0,0,0,0,0,0,0,0,0,0,0,0,9.64022937301378,0.759206074486025,1.79635329765482,0,0,0,0,0,0,0,0,0,0,0,0,0,0,0,3.05094504430668,0,0,0,0,0,0,0,0,0.492860277831265,0,0,0,0,0,0,0,0,0,0,0,0,0,0,0,0,0,0,0,0,0,0,0,0,0,0,0,0,0,0,0,0,0,0,0,0,0,0,0,0,0,0,0,0,0,0.0204346147065911,0,0,0,0,0,0,0,0,0,0,0,0,0,0,0,0,0,0,0,0,0,0,0,0,0,0,0,0,0,0.121659081258608,0,0,0,0,0.101223616417831,0,0,0,0,0,0,0,0,0,0.0122269083402703,0,0,0,0,0,0,0,0,0,0,0,0,0,0,0,0,0,0,0,0,0,0,0,0,0,0,0,0,0,0,0.0363069385884642,0.40978535086787,0,0,0,0,0,0,0,0,0,0,0,0,0,0,0,0,0,0,0,0,0,0,0,0,0,0,0,0,0,0,0,0,0,0,0,0,0,0,0,0,0,0,0,0,0,0,0,0,0,0,0,0,0,0,0,0,0,0,0,0,0,0,0,0,0,0,0,0,0,0,0,0,0,0,0,0,0,0,0,0,0,0,0,0,0,0,0,0,0,0,0,0,0,0,0,0.00335993768749557,0,0,0,0,0,0,0,0,0,0,0,0,0,0,0,0,0,0,0,0,1.01578711290592,0,0,0,0,61.86520107,68.45150122,78.28550133,70.80780118,55.72930098,59.42040107,61.74850107,64.97470112,66.46200124,72.0811013,46.5868008,"PAL-00145"
"157",2545,"nSPC",2010,"PRIAs","Pacific Remote Island Areas","Palmyra","Palmyra",2010,"ForereefDeep","Palmyra","2010-04-10","Forereef","Deep",5.86831,-162.1467,21,30,0,0,30,30,10,NA,0,2,NA,NA,NA,2,1,39.7053824993032,250.67915942505,1638.19906688915,11.3343693013466,1939.91797811485,5.26686415090427,0,0,0,0,0,0,0,0,0,0,0,0,0,0,0,0,0.0198059484736581,0,0,0,0,0,0,0,0,0,0,0,0,0,0,0,0,0,0,0,0,0,0,0,0,0,0,0,0,0,0,0,0,0,0,0,0,0,0,0,0.0198059484736581,0,0,0,0,0,0,0,0,0,0,0,0,0,0,0,0,0,0,0,0.00848826363156775,0,0,0,0,0,0,0,0,0,0,0,0,0,0,0,0,0,0,0,0,0,0,0,0,0,0,0,0,0,0,0,0,0,0,0.424413181578388,0,0,0,0,0.0141471060526129,0,0,0,0.00282942121052258,0,0,0,0,0.00282942121052258,0,0,0,0,0,0,0,0,0,0,0.0141471060526129,0,0.0848826363156775,0,0,0,0,0,0,0,0,0,0,0.0424413181578388,0,0,0,0,0,0,0,0,0,0,0,0,0,0,0,0,0,0,0,0,0,0,0.124494533262994,0.00282942121052258,0,0,0,0,0,0,0,0,0,0,0,0,0,0,0,0,0,0,0,0,0,0,0.0113176848420903,0,0,0,0,0,0,0.0169765272631355,0,0,0,0,0.0282942121052258,0,0,0,0,0,0,0,0,0,0,0,0,0,0,0,0,0,0,0,0,0,0,0,0,0,0,0,0,0.0198059484736581,0,0,0.00565884242104517,0,0.0226353696841807,0,0,0,0,0,0,0,0,0,0,0,0,0,0,0,0,0,0,0,0,0,0,0,0,0,0,0,0,0,0.0141471060526129,0,0,0,0,0,0,0,0,0,0,0,0,0,0,0,0,0,0,0,0,0,0,0,0,0,0,0,0,0.00282942121052258,0,0,0,0,0,0,0,0,0,0,0,0,0,0,0,0,0,0,0,0,0,0,0,0.0169765272631355,0,0,0,0,0,0,0,0,0,0,0,0,0,0,0,0,0,0,0,0,0,0,0,0,0,0,0,0,0,0,0,0,0,0.00282942121052258,0,0,0,0,0,0,0,0,0,0,0,0,0,0,0,0,0.0113176848420903,0,0.00282942121052258,0,0,0,0,0,0,0,0,0,0,0,0,0,0,0.0311236333157484,0,0,0,0,0,0,0,0,0,0,0,0,0,0,0,0,0,0,0,0,0,0,0,0,0,0,0,0,0,0,0,0,0,0,0,0,0,0,0,0,0,0,0,0,0,0,0,0,0,0,0,0,0,0,0.00565884242104517,0.00282942121052258,0,0,0,0,0,0,0.00282942121052258,0,0,0,0.00282942121052258,0,0,0,0,0,0,0,0,0,0,0,0,0,0,0,0,0,0,0.00282942121052258,0,0,0,0,0.0141471060526129,0,0,0,0,0,0,0,0,0,0,0,0,0,0,0,0,0,0,0,0,0,0,0,0,0,0,0,0.0848826363156775,0,0,0,0,0,0,0,0,0,0,0,0,0.0254647908947033,0.113176848420903,0,0,0,0,0,0,0,0,0,0,0,0,0,0,0,0,0,0,0,0,0,0,0,0,0,0,0,0,0,0,0,0,0,0,0,0,0,0,0,0,0,0,0,0,0,0,0,0,0,0,0,0,0,0,0,0,0,0,0,0,0,0,0,0,0,0,0,0,0,0,0,0,0,0,0,0,0,0,0,0,0,0,0,0,0,0,0,0,0,0,0,0,0,0,0,0,0,0,0,0,0,0,0,0,0,0,0,0,0,0,0,0,0,0,0,0,0,0,0,0,0,0,0,0,0,0,0,0,0,0,0,0,0,0,0,0,0,2.67850284115341,0,0,0,0,0,0,0,0,0,0,0,0,0,0,0,0,0,0,0,0,0,0,0,0,0,0,0,0,0,0,0,0,0,0,0,0,0,0,0,6.87009925003202,0,0,0,0,0,0,0,0,0,0,0,0,0,0,0,0,0,0,0,1.18679182134384,0,0,0,0,0,0,0,0,0,0,0,0,0,0,0,0,0,0,0,0,0,0,0,0,0,0,0,0,0,0,0,0,0,0,232.524949173139,0,0,0,0,12.8184386064892,0,0,0,0.0206290494042411,0,0,0,0,0.00804255019459387,0,0,0,0,0,0,0,0,0,0,2.32129327930407,0,0.27374650211806,0,0,0,0,0,0,0,0,0,0,1626.77665522537,0,0,0,0,0,0,0,0,0,0,0,0,0,0,0,0,0,0,0,0,0,0,0.25009480433506,5.26686415090427,0,0,0,0,0,0,0,0,0,0,0,0,0,0,0,0,0,0,0,0,0,0,1.56135568249668,0,0,0,0,0,0,0.054749300423612,0,0,0,0,0.250328161400584,0,0,0,0,0,0,0,0,0,0,0,0,0,0,0,0,0,0,0,0,0,0,0,0,0,0,0,0,1.44526227352521,0,0,0.723162517055057,0,1.27994828154135,0,0,0,0,0,0,0,0,0,0,0,0,0,0,0,0,0,0,0,0,0,0,0,0,0,0,0,0,0,4.35323009208193,0,0,0,0,0,0,0,0,0,0,0,0,0,0,0,0,0,0,0,0,0,0,0,0,0,0,0,0,5.51003955880148,0,0,0,0,0,0,0,0,0,0,0,0,0,0,0,0,0,0,0,0,0,0,0,0.0758270737314,0,0,0,0,0,0,0,0,0,0,0,0,0,0,0,0,0,0,0,0,0,0,0,0,0,0,0,0,0,0,0,0,0,0.0136985311808475,0,0,0,0,0,0,0,0,0,0,0,0,0,0,0,0,10.3189570627427,0,3.42678876062687,0,0,0,0,0,0,0,0,0,0,0,0,0,0,16.7801977436867,0,0,0,0,0,0,0,0,0,0,0,0,0,0,0,0,0,0,0,0,0,0,0,0,0,0,0,0,0,0,0,0,0,0,0,0,0,0,0,0,0,0,0,0,0,0,0,0,0,0,0,0,0,0,1.32294078989444,0.0204346147065911,0,0,0,0,0,0,0.543613952039408,0,0,0,0.344770422496462,0,0,0,0,0,0,0,0,0,0,0,0,0,0,0,0,0,0,0.0144052111636416,0,0,0,0,0.0479712244442169,0,0,0,0,0,0,0,0,0,0,0,0,0,0,0,0,0,0,0,0,0,0,0,0,0,0,0,0.151137212207637,0,0,0,0,0,0,0,0,0,0,0,0,0.289095867074156,0.393956527738801,0,0,0,0,0,0,0,0,0,0,0,0,0,0,0,0,0,0,0,0,0,0,0,0,0,0,0,0,0,0,0,0,0,0,0,0,0,0,0,0,0,0,0,0,0,0,0,0,0,0,0,0,0,0,0,0,0,0,0,0,0,0,0,0,0,0,0,0,0,0,0,0,0,0,0,0,0,0,0,0,0,0,0,0,0,0,0,0,0,0,0,0,0,0,0,0,0,0,0,0,0,0,0,0,0,0,0,0,0,0,0,0,0,0,0,0,0,0,0,0,0,65.87020116,72.21030128,83.98290144,74.12710124,59.22570104,63.31080114,66.39800114,69.08900119,74.13220138,78.66150142,48.56870084,"PAL-00114"
"158",2546,"nSPC",2010,"PRIAs","Pacific Remote Island Areas","Palmyra","Palmyra",2010,"ForereefMid","Palmyra","2010-04-10","Forereef","Mid",5.86911,-162.14543,15,23.75,42.5,0,11.25,10,12.5,NA,0,2,NA,NA,NA,4,2,16.0559989153998,45.4096320095112,3.78208976033266,4.33393963220384,69.5816603174475,0.917084197700874,0,0,0,0,0,0,0,0,0,0,0,0,0,0,0,0,0,0.00424413181578388,0,0,0,0.00424413181578388,0,0,0,0,0,0,0,0,0,0,0,0,0,0,0,0,0,0,0,0,0,0,0,0,0,0,0,0,0,0,0,0,0,0,0,0,0,0,0,0,0,0,0,0.00141471060526129,0,0,0,0,0,0,0,0,0,0,0,0,0,0,0,0,0,0,0,0,0,0,0,0,0,0,0,0,0,0,0,0,0,0,0,0,0,0,0,0,0,0,0,0,0,0,0,0,0,0,0.00282942121052258,0,0,0,0.0198059484736581,0,0,0,0,0,0,0,0,0,0,0,0,0,0,0,0.00565884242104517,0,0.162691719605049,0,0,0,0,0,0,0,0,0,0,0,0,0,0,0,0,0,0,0,0,0,0,0,0,0,0,0,0.00565884242104517,0,0,0,0,0,0.121665112052471,0,0,0,0,0,0,0,0,0,0,0,0,0,0,0.00565884242104517,0,0,0.00282942121052258,0.00424413181578388,0,0,0,0,0.00565884242104517,0,0,0,0,0,0.00141471060526129,0.466854499736226,0,0,0,0,0,0.0254647908947033,0,0,0,0,0,0,0,0,0,0,0,0,0,0,0,0,0,0,0,0.00424413181578388,0,0,0,0,0,0,0,0,0,0,0.00141471060526129,0,0.00282942121052258,0,0,0,0,0,0,0,0,0,0,0,0,0,0,0,0,0,0,0.00424413181578388,0,0,0,0,0,0,0,0.00707355302630646,0,0,0.00424413181578388,0,0,0,0,0,0,0,0,0,0,0,0.00141471060526129,0,0,0,0,0,0,0,0,0,0,0,0,0,0,0.00141471060526129,0,0,0,0,0,0,0,0,0,0,0,0,0,0,0,0,0,0,0,0,0,0,0,0,0,0.024050080289442,0,0,0,0,0,0,0,0,0,0,0,0,0,0,0,0,0,0,0,0,0,0,0,0,0,0,0,0,0,0,0,0,0,0.00282942121052258,0,0,0,0,0,0,0,0,0,0,0,0,0,0,0,0,0.00707355302630646,0,0,0,0,0,0,0,0,0,0,0,0,0.0169765272631355,0,0,0,0.117420980236687,0.00282942121052258,0,0,0,0,0,0,0,0,0,0,0,0,0,0,0,0,0,0,0,0,0,0,0,0,0,0,0,0,0,0,0,0,0,0,0,0,0,0,0,0,0,0,0,0,0,0,0,0,0,0,0,0,0,0.00707355302630646,0.0169765272631355,0,0,0,0,0,0.00282942121052258,0,0,0,0,0.00141471060526129,0,0,0,0,0,0,0,0,0,0,0,0,0,0,0,0,0,0,0.0198059484736581,0,0,0,0,0.0410266075525775,0,0,0,0,0,0,0,0,0,0,0,0,0,0,0,0,0,0,0,0,0,0,0,0,0,0,0,0,0,0,0,0,0,0,0,0,0,0,0,0,0.00282942121052258,0.452707393683613,0,0,0,0,0,0,0,0,0,0,0,0,0,0,0,0,0,0,0,0,0,0,0,0,0,0,0,0,0,0,0,0,0,0,0,0,0,0,0,0,0,0,0,0,0,0,0,0,0,0,0,0,0,0,0,0,0,0,0,0,0,0,0,0,0,0,0,0,0,0,0,0,0,0,0,0.00565884242104517,0,0,0,0,0,0,0,0,0.00282942121052258,0,0,0,0,0,0,0,0,0,0,0.0438560287631001,0,0,0,0,0,0,0,0.0325383439210097,0,0,0,0,0,0,0,0,0,0,0,0,0,0,0,0,0,0,0,0,0,0,0,0,0,0,0,0,0,0,0,0,0,0,0.133905483396008,0,0,0,1.19636906747087,0,0,0,0,0,0,0,0,0,0,0,0,0,0,0,0,0,0,0,0,0,0,0,0,0,0,0,0,0,0,0,0,0,0,0,0,0,0,0,0,0,0,0,0.0649901293482223,0,0,0,0,0,0,0,0,0,0,0,0,0,0,0,0,0,0,0,0,0,0,0,0,0,0,0,0,0,0,0,0,0,0,0,0,0,0,0,0,0,0,0,0,0,0,0,0,0,0,1.46187978119026,0,0,0,0.128324675365075,0,0,0,0,0,0,0,0,0,0,0,0,0,0,0,0.80908626835049,0,0.435256938367715,0,0,0,0,0,0,0,0,0,0,0,0,0,0,0,0,0,0,0,0,0,0,0,0,0,0,0,0.281988661853712,0,0,0,0,0,0.311925014280125,0,0,0,0,0,0,0,0,0,0,0,0,0,0,0.339164104084586,0,0,0.0817502926299197,0.917084197700874,0,0,0,0,0.592407079701068,0,0,0,0,0,0.108021011445885,1.50560576164933,0,0,0,0,0,0.141956406167637,0,0,0,0,0,0,0,0,0,0,0,0,0,0,0,0,0,0,0,0.0896103131901772,0,0,0,0,0,0,0,0,0,0,0.196540505429854,0,0.0991829779117849,0,0,0,0,0,0,0,0,0,0,0,0,0,0,0,0,0,0,0.0108053253732929,0,0,0,0,0,0,0,2.43872481560215,0,0,1.21453379994485,0,0,0,0,0,0,0,0,0,0,0,0.514801445588585,0,0,0,0,0,0,0,0,0,0,0,0,0,0,0.0520155533945531,0,0,0,0,0,0,0,0,0,0,0,0,0,0,0,0,0,0,0,0,0,0,0,0,0,0.147458257278655,0,0,0,0,0,0,0,0,0,0,0,0,0,0,0,0,0,0,0,0,0,0,0,0,0,0,0,0,0,0,0,0,0,0.0291852575211181,0,0,0,0,0,0,0,0,0,0,0,0,0,0,0,0,9.48802180100126,0,0,0,0,0,0,0,0,0,0,0,0,0.343262551839389,0,0,0,40.3345701360591,1.00005612240377,0,0,0,0,0,0,0,0,0,0,0,0,0,0,0,0,0,0,0,0,0,0,0,0,0,0,0,0,0,0,0,0,0,0,0,0,0,0,0,0,0,0,0,0,0,0,0,0,0,0,0,0,0,1.17780582696017,0.281311795734885,0,0,0,0,0,0.165678976706893,0,0,0,0,0.172385211248231,0,0,0,0,0,0,0,0,0,0,0,0,0,0,0,0,0,0,0.0931549436583133,0,0,0,0,0.13140015812704,0,0,0,0,0,0,0,0,0,0,0,0,0,0,0,0,0,0,0,0,0,0,0,0,0,0,0,0,0,0,0,0,0,0,0,0,0,0,0,0,0.0111597761375627,2.14810804590008,0,0,0,0,0,0,0,0,0,0,0,0,0,0,0,0,0,0,0,0,0,0,0,0,0,0,0,0,0,0,0,0,0,0,0,0,0,0,0,0,0,0,0,0,0,0,0,0,0,0,0,0,0,0,0,0,0,0,0,0,0,0,0,0,0,0,0,0,0,0,0,0,0,0,0,0.0288764380245078,0,0,0,0,0,0,0,0,0.356425585194983,0,0,0,0,0,0,0,0,0,0,0.239415719860184,0,0,0,0,0,0,0,0.307454104354318,0,0,0,0,0,0,0,0,0,0,0,0,0,0,0,0,0,63.25970111,70.46160125,82.40190141,72.84410122,57.87330101,61.6270011,65.31200112,67.32930116,72.31740134,77.39980139,47.43500081,"PAL-00139"
"159",2547,"nSPC",2010,"PRIAs","Pacific Remote Island Areas","Palmyra","Palmyra",2010,"ForereefShallow","Palmyra","2010-04-10","Forereef","Shallow",5.86915,-162.11089,3,17.5,5,7.5,22.5,47.5,0,NA,0,5,NA,NA,NA,4,2,8.6632562845721,0.562715655436272,60.16040422818,6.71909692468827,76.1054730928766,14.1778231989186,0,0,0,0,0,0,0,0,0,0,0,0,0.0721502408683259,0,0,0,0.0254647908947033,0,0,0,0,0,0,0,0,0,0,0,0,0,0,0,0,0,0,0,0,0,0,0,0,0,0,0,0,0,0,0,0,0,0.00565884242104517,0,0,0,0,0,0,0,0,0,0,0,0,0,0,0,0,0,0,0,0,0,0,0,0,0,0,0,0,0,0,0,0,0,0,0,0,0,0,0,0,0,0,0,0,0,0,0,0,0,0,0,0,0,0,0,0,0,0,0,0,0,0,0,0,0,0.00282942121052258,0,0,0,0.00565884242104517,0,0,0,0,0,0,0,0,0,0,0,0,0,0,0,0,0,0.0141471060526129,0,0,0,0,0,0,0,0,0,0,0,0,0,0,0,0.00141471060526129,0,0,0.00141471060526129,0,0,0,0,0,0,0,0,0,0,0,0,0.00282942121052258,0,0.0820532151051549,0.00141471060526129,0,0,0,0,0,0,0.00424413181578388,0,0,0,0,0,0,0,0,0,0,0.0311236333157484,0,0,0,0,0.00141471060526129,0.00565884242104517,0,0.00141471060526129,0,0,0,0.0127323954473516,0,0,0,0,0.0325383439210097,0,0,0,0,0,0,0,0,0,0,0,0,0,0,0,0,0,0,0,0,0,0,0,0,0,0,0,0,0.0127323954473516,0,0,0.00141471060526129,0,0.108932716605119,0,0,0,0,0,0,0,0,0,0,0,0,0,0,0,0,0,0,0,0,0,0,0,0,0,0,0,0,0,0.00565884242104517,0,0,0,0,0,0,0,0,0,0,0,0,0,0,0,0,0,0,0,0,0,0,0,0,0,0,0.0198059484736581,0,0,0,0,0,0,0,0,0,0,0,0,0,0,0,0,0,0,0,0.00282942121052258,0,0,0,0,0,0,0,0,0,0,0,0,0,0,0,0,0,0,0,0,0,0,0,0,0,0,0,0,0,0,0,0,0,0.00282942121052258,0,0,0,0,0,0.00141471060526129,0,0,0,0.00424413181578388,0,0,0,0,0,0,0,0,0,0,0.00282942121052258,0,0.00707355302630646,0.00141471060526129,0.00565884242104517,0,0.0141471060526129,0,0,0,0,0,0,0,0,0,0,0,0,0,0,0,0,0,0.00424413181578388,0,0,0,0,0,0,0,0,0,0,0,0,0,0,0,0,0,0,0,0.00141471060526129,0,0,0,0,0,0,0,0,0,0,0,0,0,0,0,0,0,0,0,0,0,0,0,0,0,0,0,0,0,0,0.00141471060526129,0,0,0,0,0,0.00141471060526129,0,0,0,0,0,0,0,0,0.0141471060526129,0,0,0,0,0,0,0,0,0,0,0,0,0,0,0.024050080289442,0,0,0,0,0.00565884242104517,0,0,0,0,0,0,0,0,0,0,0,0,0.00141471060526129,0,0,0,0,0,0,0,0,0,0,0,0,0,0,0,0,0,0,0,0,0,0,0,0,0,0,0,0,0,0,0,0,0,0,0,0,0,0,0,0,0,0,0,0,0,0,0,0,0,0,0,0,0,0,0,0,0,0,0,0,0,0,0,0,0,0,0,0,0,0,0,0.0113176848420903,0,0,0,0,0,0.00282942121052258,0,0,0,0,0,0,0,0,0,0,0,0,0,0,0,0,0,0,0,0,0,0,0,0,0,0,0,0,0,0,0,0,0,0,0,0,0,0,0,0,0,0,0,0,0,0,0.0141471060526129,0,0,0,0.00141471060526129,0.00141471060526129,0,0,0.0268795014999645,0,0,0,0,0,0,0,0,0,0,0,0,0.00282942121052258,0,0.00282942121052258,0.00707355302630646,0,0,0,0,0,0,0,0,0,0,0,0,0,20.5687777870701,0,0,0,3.60452313296541,0,0,0,0,0,0,0,0,0,0,0,0,0,0,0,0,0,0,0,0,0,0,0,0,0,0,0,0,0,0,0,0,0,0.127231432399932,0,0,0,0,0,0,0,0,0,0,0,0,0,0,0,0,0,0,0,0,0,0,0,0,0,0,0,0,0,0,0,0,0,0,0,0,0,0,0,0,0,0,0,0,0,0,0,0,0,0,0,0,0,0,0,0,0,0,0,0,0,0,0,0,0,1.02360206127101,0,0,0,0.116100876539878,0,0,0,0,0,0,0,0,0,0,0,0,0,0,0,0,0,0.0456244170196767,0,0,0,0,0,0,0,0,0,0,0,0,0,0,0,0.221281843531297,0,0,1.30703403407507,0,0,0,0,0,0,0,0,0,0,0,0,0.0817502926299197,0,0.211989291240226,2.47589383965836,0,0,0,0,0,0,0.171305938836972,0,0,0,0,0,0,0,0,0,0,5.20547186530374,0,0,0,0,0.110906012844634,0.168198223321544,0,0.392394365295445,0,0,0,0.0299296175649079,0,0,0,0,0.173635273175943,0,0,0,0,0,0,0,0,0,0,0,0,0,0,0,0,0,0,0,0,0,0,0,0,0,0,0,0,2.12140108940576,0,0,0.271198298050055,0,14.1718844275437,0,0,0,0,0,0,0,0,0,0,0,0,0,0,0,0,0,0,0,0,0,0,0,0,0,0,0,0,0,1.38953020271537,0,0,0,0,0,0,0,0,0,0,0,0,0,0,0,0,0,0,0,0,0,0,0,0,0,0,0.379336360063086,0,0,0,0,0,0,0,0,0,0,0,0,0,0,0,0,0,0,0,0.217839172448306,0,0,0,0,0,0,0,0,0,0,0,0,0,0,0,0,0,0,0,0,0,0,0,0,0,0,0,0,0,0,0,0,0,2.97113150080185,0,0,0,0,0,0.00444914014238521,0,0,0,0.0123283846945261,0,0,0,0,0,0,0,0,0,0,2.64816005849891,0,0.959400700784708,0.195473243641528,1.25009240535613,0,3.9770232579363,0,0,0,0,0,0,0,0,0,0,0,0,0,0,0,0,0,1.74555762663777,0,0,0,0,0,0,0,0,0,0,0,0,0,0,0,0,0,0,0,1.1358364864737,0,0,0,0,0,0,0,0,0,0,0,0,0,0,0,0,0,0,0,0,0,0,0,0,0,0,0,0,0,0,0.0155088176538089,0,0,0,0,0,0.0550702060811788,0,0,0,0,0,0,0,0,0.906325599186267,0,0,0,0,0,0,0,0,0,0,0,0,0,0,0.143602198525749,0,0,0,0,0.0288034673438241,0,0,0,0,0,0,0,0,0,0,0,0,0.00914630293687449,0,0,0,0,0,0,0,0,0,0,0,0,0,0,0,0,0,0,0,0,0,0,0,0,0,0,0,0,0,0,0,0,0,0,0,0,0,0,0,0,0,0,0,0,0,0,0,0,0,0,0,0,0,0,0,0,0,0,0,0,0,0,0,0,0,0,0,0,0,0,0,3.68149217580785,0,0,0,0,0,0.601605684887364,0,0,0,0,0,0,0,0,0,0,0,0,0,0,0,0,0,0,0,0,0,0,0,0,0,0,0,0,0,0,0,0,0,0,0,0,0,0,0,0,0,0,0,0,0,0,0.0181571032632261,0,0,0,0.00667387983776035,0.0675597703976578,0,0,0.298860727724779,0,0,0,0,0,0,0,0,0,0,0,0,0.157041434176719,0,0.173698136011996,0.455634929103523,0,0,0,0,0,0,0,0,0,0,0,0,"PAL-00150"
"160",2548,"nSPC",2010,"PRIAs","Pacific Remote Island Areas","Palmyra","Palmyra",2010,"ForereefMid","Palmyra","2010-04-11","Forereef","Mid",5.89662,-162.13669,14.75,20,30,5,20,17.5,7.5,NA,0,2,NA,NA,NA,4,2,34.1688118379279,6.70441837293456,29.8728854247676,63.0776789982886,133.823794633919,13.7497994258027,0,0,0,0,0,0,0,0,0,0,0,0,0,0,0.00565884242104517,0,0.0367824757367936,0.00141471060526129,0,0,0,0,0,0,0,0,0,0,0,0,0,0,0,0,0,0,0,0,0,0,0,0,0,0,0,0,0,0,0,0,0,0,0,0,0,0,0.00990297423682904,0,0,0,0,0,0,0,0,0,0,0,0,0,0,0,0,0,0,0,0.00565884242104517,0,0,0,0,0,0,0,0,0,0,0,0,0,0,0,0,0,0,0,0,0.00141471060526129,0,0,0,0,0,0,0,0,0,0,0,0,0,0,0,0,0,0,0.00707355302630646,0,0,0,0.0169765272631355,0,0,0,0,0,0,0,0,0,0,0,0,0,0,0,0.00141471060526129,0,0.12025040144721,0,0,0,0,0,0,0,0,0,0,0,0,0,0,0,0,0,0,0,0,0,0,0,0,0,0,0,0,0,0,0,0,0,0.0565884242104517,0,0,0,0,0,0,0,0.00141471060526129,0,0,0,0,0,0,0,0,0,0,0.0169765272631355,0,0,0,0,0.00141471060526129,0,0,0,0,0,0.00141471060526129,0.198059484736581,0,0,0,0,0.0778090832893711,0,0,0,0,0,0,0,0,0,0,0,0,0,0,0,0,0,0,0,0,0,0,0,0,0,0,0,0,0.00424413181578388,0,0,0.00141471060526129,0,0.00707355302630646,0,0,0,0,0,0,0,0,0,0,0,0,0,0,0,0,0,0,0,0,0,0,0,0,0,0,0,0,0,0.00282942121052258,0,0,0.00141471060526129,0,0,0,0,0,0,0,0,0.00141471060526129,0,0,0,0,0,0,0,0,0,0,0,0,0,0,0.00424413181578388,0,0,0,0,0,0,0,0,0,0,0,0,0,0,0,0,0,0,0,0.00282942121052258,0,0,0,0,0,0.00424413181578388,0,0,0,0,0,0,0,0,0.00141471060526129,0,0,0,0,0,0,0,0,0,0,0,0,0,0,0,0,0,0,0,0,0,0,0,0.00141471060526129,0.00565884242104517,0,0,0,0,0,0,0,0,0,0,0,0,0,0,0,0,0.0141471060526129,0,0.00565884242104517,0,0,0,0,0,0,0,0,0,0,0.0169765272631355,0,0,0,0.00565884242104517,0.00990297423682904,0,0,0,0,0,0,0.00141471060526129,0,0.00565884242104517,0,0,0,0,0,0,0,0,0.00565884242104517,0,0,0,0,0,0.00141471060526129,0,0,0,0,0,0,0,0,0,0,0,0,0,0,0,0,0,0,0,0,0,0,0,0,0,0,0,0,0,0,0.0127323954473516,0,0,0,0,0,0.00141471060526129,0.00141471060526129,0,0,0,0.00565884242104517,0,0,0,0,0,0,0,0,0,0,0,0,0,0,0,0,0,0,0.00848826363156775,0,0,0,0,0.0198059484736581,0,0,0,0,0,0,0,0,0,0,0,0,0,0,0,0,0,0,0,0,0,0,0,0,0,0,0,0,0,0,0,0,0,0.00990297423682904,0,0,0,0,0,0,0.00282942121052258,0,0,0,0,0,0,0,0,0,0,0,0,0,0,0,0,0,0,0,0,0,0,0,0,0,0,0,0,0,0,0,0,0,0,0.00141471060526129,0,0,0,0,0,0,0,0,0.00141471060526129,0,0,0,0,0,0,0,0,0,0.00282942121052258,0,0,0,0,0,0,0,0,0,0,0,0,0,0,0,0,0,0,0,0,0,0,0.00990297423682904,0,0,0,0,0,0,0,0,0,0,0,0,0,0,0,0,0,0,0,0.00848826363156775,0,0,0,0,0,0.00141471060526129,0,0.0466854499736226,0,0,0,0,0,0,0.00141471060526129,0,0,0,0,0,0,0,0,0,0,0,0,0,0,0,0,0,0,0,0,0,0,0,0,3.11212288623313,0,5.33039145587804,0.0519876313138589,0,0,0,0,0,0,0,0,0,0,0,0,0,0,0,0,0,0,0,0,0,0,0,0,0,0,0,0,0,0,0,0,0,0,0,0,0,0,4.04956383682108,0,0,0,0,0,0,0,0,0,0,0,0,0,0,0,0,0,0,0,1.57709762351702,0,0,0,0,0,0,0,0,0,0,0,0,0,0,0,0,0,0,0,0,1.738609668197,0,0,0,0,0,0,0,0,0,0,0,0,0,0,0,0,0,0,7.34333927638203,0,0,0,0.20852654187538,0,0,0,0,0,0,0,0,0,0,0,0,0,0,0,0.137489242706289,0,0.249474312263592,0,0,0,0,0,0,0,0,0,0,0,0,0,0,0,0,0,0,0,0,0,0,0,0,0,0,0,0,0,0,0,0,0,0.137968237067502,0,0,0,0,0,0,0,0.0543504009816321,0,0,0,0,0,0,0,0,0,0,6.01067933864236,0,0,0,0,0.0910336703782567,0,0,0,0,0,0.36608091168005,0.580707579826445,0,0,0,0,0.466612029402902,0,0,0,0,0,0,0,0,0,0,0,0,0,0,0,0,0,0,0,0,0,0,0,0,0,0,0,0,0.250506418968616,0,0,0.271198298050055,0,0.442551228078291,0,0,0,0,0,0,0,0,0,0,0,0,0,0,0,0,0,0,0,0,0,0,0,0,0,0,0,0,0,0.531427902556448,0,0,0.893057544612225,0,0,0,0,0,0,0,0,2.33155954028582,0,0,0,0,0,0,0,0,0,0,0,0,0,0,0.0579224974928715,0,0,0,0,0,0,0,0,0,0,0,0,0,0,0,0,0,0,0,0.197249380567503,0,0,0,0,0,0.0269440123035645,0,0,0,0,0,0,0,0,0.869371780863803,0,0,0,0,0,0,0,0,0,0,0,0,0,0,0,0,0,0,0,0,0,0,0,0.00870960782685831,0.0418683121985095,0,0,0,0,0,0,0,0,0,0,0,0,0,0,0,0,16.3368283807525,0,3.73883804849627,0,0,0,0,0,0,0,0,0,0,0.29697605025645,0,0,0,3.11470837081917,3.79581795575903,0,0,0,0,0,0,0.231688142545132,0,1.01537511186793,0,0,0,0,0,0,0,0,0.897804776079405,0,0,0,0,0,2.57060495919256,0,0,0,0,0,0,0,0,0,0,0,0,0,0,0,0,0,0,0,0,0,0,0,0,0,0,0,0,0,0,0.225894640825144,0,0,0,0,0,0.0550702060811788,0.0550702060811788,0,0,0,1.84705935756619,0,0,0,0,0,0,0,0,0,0,0,0,0,0,0,0,0,0,0.064362879662127,0,0,0,0,0.0713195009672232,0,0,0,0,0,0,0,0,0,0,0,0,0,0,0,0,0,0,0,0,0,0,0,0,0,0,0,0,0,0,0,0,0,52.3146293121879,0,0,0,0,0,0,0.0181534692942321,0,0,0,0,0,0,0,0,0,0,0,0,0,0,0,0,0,0,0,0,0,0,0,0,0,0,0,0,0,0,0,0,0,0,0.264833825304914,0,0,0,0,0,0,0,0,0.29345431112277,0,0,0,0,0,0,0,0,0,5.70705610784053,0,0,0,0,0,0,0,0,0,0,0,0,0,0,0,0,0,0,0,0,0,0,0.089378623615948,0,0,0,0,0,0,0,0,0,0,0,0,0,0,0,0,0,0,0,0.0100798130624867,0,0,0,0,0,0.0849230668333592,0,0.328632746528261,0,0,0,0,0,0,2.96683360420567,0,0,0,0,0,0,0,0,0,0,122.3182022,127.9863023,125.8023022,139.9240024,131.2780023,160.8510028,118.9330021,124.3164022,156.3625028,132.0025023,158.6588028,"PAL-00136"
"161",2549,"nSPC",2010,"PRIAs","Pacific Remote Island Areas","Palmyra","Palmyra",2010,"ForereefDeep","Palmyra","2010-04-11","Forereef","Deep",5.88603,-162.08828,26,17.5,30,0,22.5,20,10,NA,0,2,NA,NA,NA,2,1,66.9743049546881,20.152337185193,11.3363618493557,62.2653813059167,160.728385295153,7.43106839917155,0,0,0,0,0,0,0,0,0,0,0,0,0,0,0,0,0.00848826363156775,0,0,0,0,0,0,0,0,0,0,0,0,0,0,0,0,0,0,0,0,0,0,0,0,0,0,0,0,0,0,0,0,0,0,0,0,0,0,0,0.00282942121052258,0,0,0,0,0,0,0,0,0,0,0,0,0,0,0,0,0,0,0,0.00282942121052258,0,0,0,0,0,0,0,0,0,0.00282942121052258,0,0,0,0,0,0,0,0,0,0,0,0,0,0,0,0,0,0,0,0,0,0,0,0,0,0,0,0,0,0.00848826363156775,0,0,0,0.0509295817894065,0,0,0,0,0,0,0,0,0,0,0,0,0,0,0,0.00565884242104517,0,0.198059484736581,0,0,0,0,0,0,0,0,0,0,0,0,0,0,0,0,0,0,0,0,0,0,0,0,0,0,0,0,0,0,0,0,0.00282942121052258,0.707355302630646,0.00282942121052258,0,0,0,0,0,0,0.00565884242104517,0,0,0,0.00565884242104517,0,0,0,0,0,0,0.00848826363156775,0,0,0,0,0,0,0,0,0,0,0,0.0707355302630646,0,0,0,0,0.0877120575262001,0.00282942121052258,0,0,0,0,0,0,0,0,0,0,0,0,0,0,0,0,0,0,0,0,0,0,0,0,0,0,0,0.0113176848420903,0,0,0.00565884242104517,0,0.00848826363156775,0,0,0,0,0,0,0,0,0,0,0,0,0,0,0,0,0,0,0.00282942121052258,0,0,0,0,0,0,0,0,0,0,0.00565884242104517,0,0,0,0,0,0,0,0,0,0,0,0,0,0,0,0,0,0,0,0,0,0,0,0,0,0,0.00565884242104517,0,0,0,0,0,0,0,0,0,0,0,0,0,0,0,0,0,0,0,0,0,0,0,0,0,0.0113176848420903,0,0,0,0,0,0,0,0,0,0,0,0,0,0,0,0,0,0,0,0,0,0,0,0,0,0,0,0,0,0,0,0,0,0.00282942121052258,0,0,0,0,0,0,0,0,0,0,0,0,0,0,0.00565884242104517,0,0.0226353696841807,0,0.0113176848420903,0,0.00282942121052258,0,0,0,0,0,0,0,0,0,0,0,0,0,0,0,0,0,0,0,0,0,0,0,0,0,0,0,0,0,0,0,0,0,0,0,0,0,0,0,0,0,0,0,0,0.00565884242104517,0,0,0,0,0,0,0,0,0,0,0,0,0,0,0,0,0,0,0,0,0,0,0,0,0,0,0,0,0,0,0,0,0,0,0.00848826363156775,0,0,0,0,0,0,0,0,0,0.00282942121052258,0,0,0,0,0,0,0,0,0.00282942121052258,0,0,0,0,0.0169765272631355,0,0,0,0,0,0,0,0,0,0,0,0,0,0,0,0.00282942121052258,0,0,0,0,0,0,0,0,0,0,0,0,0,0,0,0,0,0.00848826363156775,0,0,0,0,0,0,0.0198059484736581,0.333871702841665,0,0,0,0,0,0,0,0,0,0,0,0,0,0,0,0,0,0,0,0,0,0,0,0,0,0,0,0,0,0,0,0,0.00282942121052258,0,0,0,0,0,0,0,0,0,0,0,0,0,0,0,0,0,0,0,0.00282942121052258,0,0,0,0,0,0,0,0,0,0,0,0,0,0,0,0,0,0,0,0,0,0,0.0254647908947033,0,0,0,0,0,0,0,0,0,0,0,0,0,0,0,0,0,0,0,0.0113176848420903,0,0,0,0,0,0.00848826363156775,0,0.00282942121052258,0,0,0,0,0,0,0.00282942121052258,0,0,0,0,0,0,0,0,0,0,0,0,0,0,0,0,0,0,0,0,0,0,0,0,0,0,1.62939583396762,0,0,0,0,0,0,0,0,0,0,0,0,0,0,0,0,0,0,0,0,0,0,0,0,0,0,0,0,0,0,0,0,0,0,0,0,0,0,0,0.802140913183153,0,0,0,0,0,0,0,0,0,0,0,0,0,0,0,0,0,0,0,0.690217876139193,0,0,0,0,0,0,0,0,0,0.453881859319369,0,0,0,0,0,0,0,0,0,0,0,0,0,0,0,0,0,0,0,0,0,0,0,0,0,0,0,0,0,7.06922435498302,0,0,0,0.279714911348798,0,0,0,0,0,0,0,0,0,0,0,0,0,0,0,1.06393078716809,0,0.438359398725053,0,0,0,0,0,0,0,0,0,0,0,0,0,0,0,0,0,0,0,0,0,0,0,0,0,0,0,0,0,0,0,0,0.223531678154915,1.97827472197318,3.08710261587805,0,0,0,0,0,0,0.947668544606282,0,0,0,0.281988661853712,0,0,0,0,0,0,2.83872320642879,0,0,0,0,0,0,0,0,0,0,0,0.228122085098383,0,0,0,0,0.355905089456871,0.020694530330535,0,0,0,0,0,0,0,0,0,0,0,0,0,0,0,0,0,0,0,0,0,0,0,0,0,0,0,0.668671799245059,0,0,1.05656581738656,0,0.132499611921608,0,0,0,0,0,0,0,0,0,0,0,0,0,0,0,0,0,0,0.00483677723273317,0,0,0,0,0,0,0,0,0,0,0.686737639371762,0,0,0,0,0,0,0,0,0,0,0,0,0,0,0,0,0,0,0,0,0,0,0,0,0,0,0.0537981106054261,0,0,0,0,0,0,0,0,0,0,0,0,0,0,0,0,0,0,0,0,0,0,0,0,0,0.0806815117022936,0,0,0,0,0,0,0,0,0,0,0,0,0,0,0,0,0,0,0,0,0,0,0,0,0,0,0,0,0,0,0,0,0,0.0136985311808475,0,0,0,0,0,0,0,0,0,0,0,0,0,0,7.77885057145881,0,42.1248218747544,0,8.12019163042306,0,1.18645183794633,0,0,0,0,0,0,0,0,0,0,0,0,0,0,0,0,0,0,0,0,0,0,0,0,0,0,0,0,0,0,0,0,0,0,0,0,0,0,0,0,0,0,0,0,15.9881804155671,0,0,0,0,0,0,0,0,0,0,0,0,0,0,0,0,0,0,0,0,0,0,0,0,0,0,0,0,0,0,0,0,0,0,0.0418836482445664,0,0,0,0,0,0,0,0,0,0.0624651250207613,0,0,0,0,0,0,0,0,0.0144052111636416,0,0,0,0,0.0561320985153951,0,0,0,0,0,0,0,0,0,0,0,0,0,0,0,0.624736203283387,0,0,0,0,0,0,0,0,0,0,0,0,0,0,0,0,0,47.4022339397715,0,0,0,0,0,0,0.113248344624486,1.11963234678621,0,0,0,0,0,0,0,0,0,0,0,0,0,0,0,0,0,0,0,0,0,0,0,0,0,0,0,0,0,0,0,0,2.27436103220834,0,0,0,0,0,0,0,0,0,0,0,0,0,0,0,0,0,0,0,1.50524257686471,0,0,0,0,0,0,0,0,0,0,0,0,0,0,0,0,0,0,0,0,0,0,0.138445476314523,0,0,0,0,0,0,0,0,0,0,0,0,0,0,0,0,0,0,0,0.0183318200229758,0,0,0,0,0,0.11860354037451,0,0.00491611935328299,0,0,0,0,0,0,6.94888461519427,0,0,0,0,0,0,0,0,0,0,0,0,0,0,0,0,0,0,0,0,0,"PAL-00107"
"162",2550,"nSPC",2010,"PRIAs","Pacific Remote Island Areas","Palmyra","Palmyra",2010,"ForereefShallow","Palmyra","2010-04-11","Forereef","Shallow",5.88741,-162.1209,4.5,40,1.25,5,27.5,18.75,7.5,NA,0,5,NA,NA,NA,4,2,23.9279139644327,5.2688724707692,36.7873395715254,27.9710081531934,93.9551341599207,13.9611190664057,0,0,0,0,0,0.00282942121052258,0,0,0.00141471060526129,0,0,0,0,0.00141471060526129,0,0,0.0141471060526129,0,0,0,0,0,0,0,0,0,0.00990297423682904,0.0155618166578742,0,0,0,0,0,0,0,0,0,0,0,0,0,0,0,0,0,0,0,0,0,0,0.00282942121052258,0,0,0,0,0,0,0,0,0,0,0,0,0,0,0,0,0,0,0,0,0,0,0,0,0,0.00424413181578388,0,0,0,0,0,0,0,0,0,0,0,0,0,0,0,0,0,0,0,0,0,0,0,0,0,0,0.00282942121052258,0,0,0,0,0,0,0,0,0,0,0,0,0.00424413181578388,0,0,0,0,0,0,0,0,0,0,0,0,0,0,0,0,0,0,0,0,0,0,0,0,0,0,0,0.00565884242104517,0,0,0,0,0,0,0,0,0,0,0,0,0,0,0,0,0,0,0,0,0,0,0,0,0,0.0183912378683968,0.00424413181578388,0.00282942121052258,0.00141471060526129,0,0.00282942121052258,0,0,0,0,0,0,0,0,0,0,0,0,0,0,0,0.0381971863420549,0,0,0,0,0.00141471060526129,0.00848826363156775,0,0,0,0,0,0,0,0,0,0,0.0212206590789194,0,0,0,0,0,0,0,0,0,0,0,0,0,0,0,0,0,0,0,0,0,0,0,0,0,0,0,0,0,0,0,0,0,0.0424413181578388,0,0,0,0,0.128738665078778,0.00282942121052258,0,0,0,0,0,0,0,0,0,0,0,0,0,0,0,0,0,0,0,0,0,0,0,0.00565884242104517,0,0,0,0,0,0,0,0,0,0,0,0,0,0,0,0,0,0,0,0,0,0,0,0,0,0,0.00141471060526129,0,0,0,0,0,0,0,0,0,0,0,0,0,0,0,0,0,0,0,0,0,0,0,0,0,0.00282942121052258,0,0,0,0,0,0,0,0,0,0,0,0,0,0,0,0,0,0,0,0,0,0,0,0,0,0,0,0,0,0,0,0,0,0,0,0,0,0,0.00990297423682904,0,0,0,0,0,0,0,0,0,0.00282942121052258,0,0.00990297423682904,0.00282942121052258,0,0,0,0,0,0,0,0,0,0,0,0,0,0,0,0,0,0.0254647908947033,0,0,0,0,0,0,0,0,0,0,0,0,0,0,0,0,0,0.00565884242104517,0,0,0,0,0,0,0,0,0,0,0.00424413181578388,0,0,0,0,0,0,0,0,0,0,0,0,0,0,0,0,0,0,0,0,0,0,0,0,0,0.00141471060526129,0,0,0,0,0,0,0,0,0,0,0,0,0,0.00707355302630646,0,0,0,0,0,0,0,0,0,0,0,0,0,0,0.00282942121052258,0,0,0,0,0.00141471060526129,0,0,0,0,0,0,0,0,0,0,0,0,0,0,0,0,0,0,0,0,0,0,0,0,0,0,0,0,0,0,0,0,0,0,0,0,0,0,0,0,0,0,0,0,0,0,0,0,0,0,0,0,0,0,0,0,0,0,0,0,0,0,0,0,0,0,0,0,0,0,0,0,0,0,0,0,0,0,0,0,0,0,0,0,0.00424413181578388,0,0,0,0,0,0.0155618166578742,0,0,0,0,0,0,0,0,0,0,0,0,0,0,0,0,0,0,0,0,0,0,0,0,0,0.00141471060526129,0,0,0,0,0,0.144300481736652,0,0,0,0,0,0,0,0,0,0,0,0,0,0,0,0,0,0,0,0.0155618166578742,0,0,0.0183912378683968,0,0,0,0,0,0,0,0,0,0,0,0,0,0,0.00141471060526129,0.00990297423682904,0,0,0,0,0,0,0.303313953768021,0,0,0.856287152203871,0,0,0,0,0.352210615409227,0,0,2.5018264065146,0,0,0,0,0,0,0,0,0,0.307305421204002,6.78386660149492,0,0,0,0,0,0,0,0,0,0,0,0,0,0,0,0,0,0,0,0,0,0,0.202305880089333,0,0,0,0,0,0,0,0,0,0,0,0,0,0,0,0,0,0,0,0,0,0,0,0,0,0.668331448714871,0,0,0,0,0,0,0,0,0,0,0,0,0,0,0,0,0,0,0,0,0,0,0,0,0,0,0.0291024887733598,0,0,0,0,0,0,0,0,0,0,0,0,5.93484097459532,0,0,0,0,0,0,0,0,0,0,0,0,0,0,0,0,0,0,0,0,0,0,0,0,0,0,0,0.708725248074785,0,0,0,0,0,0,0,0,0,0,0,0,0,0,0,0,0,0,0,0,0,0,0,0,0,0.987929991444765,0.377911467078427,0.00912488340393533,2.47589383965836,0,0.473834272303141,0,0,0,0,0,0,0,0,0,0,0,0,0,0,0,4.80917151547187,0,0,0,0,0.058757376591434,0.370564033322101,0,0,0,0,0,0,0,0,0,0,0.12694305180003,0,0,0,0,0,0,0,0,0,0,0,0,0,0,0,0,0,0,0,0,0,0,0,0,0,0,0,0,0,0,0,0,0,3.67918249797082,0,0,0,0,0.28328775479481,0.0872101444032979,0,0,0,0,0,0,0,0,0,0,0,0,0,0,0,0,0,0,0,0,0,0,0,1.79687155184004,0,0,0,0,0,0,0,0,0,0,0,0,0,0,0,0,0,0,0,0,0,0,0,0,0,0,0.0619278744962923,0,0,0,0,0,0,0,0,0,0,0,0,0,0,0,0,0,0,0,0,0,0,0,0,0,0.0274332192308638,0,0,0,0,0,0,0,0,0,0,0,0,0,0,0,0,0,0,0,0,0,0,0,0,0,0,0,0,0,0,0,0,0,0,0,0,0,0,0.420784448875892,0,0,0,0,0,0,0,0,0,2.64816005849891,0,15.3449129313385,0.28577184477621,0,0,0,0,0,0,0,0,0,0,0,0,0,0,0,0,0,21.2615013652797,0,0,0,0,0,0,0,0,0,0,0,0,0,0,0,0,0,4.55315495253085,0,0,0,0,0,0,0,0,0,0,4.89006456610057,0,0,0,0,0,0,0,0,0,0,0,0,0,0,0,0,0,0,0,0,0,0,0,0,0,0.0765452918280682,0,0,0,0,0,0,0,0,0,0,0,0,0,0.369546573494419,0,0,0,0,0,0,0,0,0,0,0,0,0,0,0.0237700727986309,0,0,0,0,0.00972405879562911,0,0,0,0,0,0,0,0,0,0,0,0,0,0,0,0,0,0,0,0,0,0,0,0,0,0,0,0,0,0,0,0,0,0,0,0,0,0,0,0,0,0,0,0,0,0,0,0,0,0,0,0,0,0,0,0,0,0,0,0,0,0,0,0,0,0,0,0,0,0,0,0,0,0,0,0,0,0,0,0,0,0,0,0,2.96616319216838,0,0,0,0,0,3.3403439456127,0,0,0,0,0,0,0,0,0,0,0,0,0,0,0,0,0,0,0,0,0,0,0,0,0,0.00523442923946678,0,0,0,0,0,1.998873346681,0,0,0,0,0,0,0,0,0,0,0,0,0,0,0,0,0,0,0,0.209151683836271,0,0,0.158318707653125,0,0,0,0,0,0,0,0,0,0,0,0,0,0,0.133269369686005,0.985683656073788,0,0,0,0,0,0,0,0,0,0,0,0,"PAL-00128"
"163",2551,"nSPC",2010,"PRIAs","Pacific Remote Island Areas","Palmyra","Palmyra",2010,"ForereefMid","Palmyra","2010-04-11","Forereef","Mid",5.8928,-162.14861,15,17.5,27.5,2.5,27.5,17.5,7.5,NA,0,2,NA,NA,NA,4,2,57.7141071779842,5.12983898760537,14.2285753202727,7.2516767712902,84.3241982571525,8.2403275021081,0,0,0,0,0,0,0,0,0,0,0,0,0,0,0,0,0.0127323954473516,0,0.00282942121052258,0,0,0.00141471060526129,0,0,0,0,0,0,0,0,0,0,0,0,0,0,0,0,0,0,0,0,0,0,0,0,0,0,0,0,0,0,0,0,0,0,0.00141471060526129,0,0,0,0,0,0,0,0.00141471060526129,0,0,0,0,0,0,0,0,0,0,0,0.00424413181578388,0,0,0,0,0,0,0,0,0,0.00141471060526129,0,0,0,0,0,0,0,0,0,0,0.00282942121052258,0,0,0.00141471060526129,0,0,0,0,0,0,0,0,0,0,0,0,0,0,0,0.0113176848420903,0,0,0,0.0452707393683613,0,0,0,0,0,0,0,0,0,0,0,0,0,0,0,0.00848826363156775,0,0.226353696841807,0,0,0,0,0,0,0,0,0,0,0,0,0,0,0,0,0,0,0,0,0,0,0,0,0,0,0,0,0,0,0,0,0,0.0155618166578742,0.00141471060526129,0,0,0,0,0,0,0.00141471060526129,0,0,0,0,0,0,0.00424413181578388,0,0,0,0.0113176848420903,0,0,0,0,0.00565884242104517,0,0,0,0,0,0.00282942121052258,0.325383439210097,0,0,0,0,0.0155618166578742,0.00707355302630646,0,0,0,0,0,0,0,0,0,0,0,0,0,0,0,0,0,0,0,0,0,0,0,0,0,0,0,0.00141471060526129,0,0,0.0113176848420903,0,0,0,0,0,0,0,0.00282942121052258,0,0,0,0,0,0,0,0,0,0,0,0,0,0,0,0,0,0,0,0,0,0,0,0.00565884242104517,0,0,0.00141471060526129,0,0,0,0,0,0,0,0,0,0,0,0,0,0,0,0,0,0,0,0,0,0,0,0.00848826363156775,0,0,0,0,0,0,0,0,0,0,0,0,0,0,0,0,0,0,0,0.00141471060526129,0,0,0,0,0,0.00990297423682904,0,0,0,0,0,0,0,0,0,0,0,0,0,0,0,0,0,0,0,0,0,0,0,0,0,0,0,0,0,0,0,0,0,0.00141471060526129,0,0,0,0,0,0,0,0,0,0,0,0,0,0,0.00282942121052258,0,0.00424413181578388,0,0,0,0,0,0,0,0,0,0,0,0,0.00707355302630646,0,0,0,0.00707355302630646,0,0,0,0,0,0,0,0,0,0,0,0,0,0,0,0,0,0,0,0,0,0,0,0,0,0,0,0,0,0,0,0,0,0,0,0,0,0,0,0,0,0,0,0,0,0,0,0,0,0,0,0,0,0,0.00565884242104517,0.00707355302630646,0,0,0,0,0.00141471060526129,0.00282942121052258,0,0,0,0,0,0,0,0,0,0,0,0,0,0,0,0,0,0,0,0,0,0,0,0.0226353696841807,0,0,0,0,0.0212206590789194,0,0,0,0,0,0,0,0,0,0,0,0,0,0,0,0,0,0,0,0,0,0,0,0,0,0,0,0,0,0,0,0,0,0,0,0,0,0,0,0,0.00282942121052258,0.141471060526129,0,0,0,0,0,0,0,0,0,0,0,0,0,0,0,0,0,0,0,0,0,0,0,0,0,0,0,0,0,0,0,0,0,0,0,0,0,0,0,0,0,0,0,0,0,0,0,0,0,0,0,0,0,0,0,0,0,0,0,0,0,0,0,0,0,0,0,0,0,0,0.00141471060526129,0,0,0,0,0.0198059484736581,0,0,0,0,0,0,0,0,0.00282942121052258,0,0,0,0,0,0,0,0,0,0,0.0311236333157484,0,0,0,0,0,0.00141471060526129,0,0.0268795014999645,0,0,0,0,0,0,0,0,0,0,0,0,0,0,0,0,0,0,0,0,0,0,0,0,0,0,0,0,0,0,0,0,0,1.69316406032865,0,0.610688859834005,0,0,0.323165601030405,0,0,0,0,0,0,0,0,0,0,0,0,0,0,0,0,0,0,0,0,0,0,0,0,0,0,0,0,0,0,0,0,0,0,0.401070456591576,0,0,0,0,0,0,0,24.0346934410809,0,0,0,0,0,0,0,0,0,0,0,1.28297221732989,0,0,0,0,0,0,0,0,0,1.01903869434404,0,0,0,0,0,0,0,0,0,0,1.77310682417081,0,0,0.837674879694293,0,0,0,0,0,0,0,0,0,0,0,0,0,0,0,7.96055339839902,0,0,0,0.260830590970195,0,0,0,0,0,0,0,0,0,0,0,0,0,0,0,1.16707580992383,0,0.56300530602281,0,0,0,0,0,0,0,0,0,0,0,0,0,0,0,0,0,0,0,0,0,0,0,0,0,0,0,0,0,0,0,0,0,0.0457339156205239,1.54355130793903,0,0,0,0,0,0,0.0408751463149599,0,0,0,0,0,0,0.198256448170317,0,0,0,4.92366936999826,0,0,0,0,0.779914557241,0,0,0,0,0,0.461988466796184,1.07655374399629,0,0,0,0,0.069109940290925,0.0612752456449853,0,0,0,0,0,0,0,0,0,0,0,0,0,0,0,0,0,0,0,0,0,0,0,0,0,0,0,0.0835839749056324,0,0,2.88737584692023,0,0,0,0,0,0,0,0.0491651522891768,0,0,0,0,0,0,0,0,0,0,0,0,0,0,0,0,0,0,0,0,0,0,0,0.86491884176305,0,0,0.454121777574644,0,0,0,0,0,0,0,0,0,0,0,0,0,0,0,0,0,0,0,0,0,0,0,0.361207278713158,0,0,0,0,0,0,0,0,0,0,0,0,0,0,0,0,0,0,0,0.0435849951560624,0,0,0,0,0,0.0930245787910773,0,0,0,0,0,0,0,0,0,0,0,0,0,0,0,0,0,0,0,0,0,0,0,0,0,0,0,0,0,0,0,0,0,0.014084890508831,0,0,0,0,0,0,0,0,0,0,0,0,0,0,2.64816005849891,0,9.5972343016781,0,0,0,0,0,0,0,0,0,0,0,0,0.128012918538279,0,0,0,2.65779334875042,0,0,0,0,0,0,0,0,0,0,0,0,0,0,0,0,0,0,0,0,0,0,0,0,0,0,0,0,0,0,0,0,0,0,0,0,0,0,0,0,0,0,0,0,0,0,0,0,0,0,0,0,0,0,2.62750673841641,0.0669610676680178,0,0,0,0,0.0592056388301851,0.152566899478077,0,0,0,0,0,0,0,0,0,0,0,0,0,0,0,0,0,0,0,0,0,0,0,0.10342066825539,0,0,0,0,0.124292023627075,0,0,0,0,0,0,0,0,0,0,0,0,0,0,0,0,0,0,0,0,0,0,0,0,0,0,0,0,0,0,0,0,0,0,0,0,0,0,0,0,0.0181534692942321,0.56578102317879,0,0,0,0,0,0,0,0,0,0,0,0,0,0,0,0,0,0,0,0,0,0,0,0,0,0,0,0,0,0,0,0,0,0,0,0,0,0,0,0,0,0,0,0,0,0,0,0,0,0,0,0,0,0,0,0,0,0,0,0,0,0,0,0,0,0,0,0,0,0,8.61191865751257,0,0,0,0,0.129438884175479,0,0,0,0,0,0,0,0,0.475509133334973,0,0,0,0,0,0,0,0,0,0,0.0414213118114454,0,0,0,0,0,0.0189859879276842,0,0.318800507821695,0,0,0,0,0,0,0,0,0,0,0,0,0,0,0,0,0,69.68540124,70.08710126,81.56500139,74.69200126,59.74340104,58.33530107,57.60050103,71.99860123,65.99850121,70.21920127,50.18500083,"PAL-00148"
"164",2552,"nSPC",2010,"PRIAs","Pacific Remote Island Areas","Palmyra","Palmyra",2010,"ForereefDeep","Palmyra","2010-04-11","Forereef","Deep",5.89675,-162.12048,23,20,37.5,15,17.5,5,5,NA,0,3,NA,NA,NA,2,1,13.8998474727597,2.3579199101698,9.95528231521695,5.17221764637024,31.3852673445167,3.04050865169463,0,0,0,0,0,0,0,0,0,0,0,0,0,0,0,0,0.0311236333157484,0,0.00282942121052258,0,0,0,0,0,0,0,0,0.00565884242104517,0,0,0,0,0,0,0,0,0,0,0,0,0,0,0,0,0,0,0,0,0,0,0.00282942121052258,0,0,0,0,0,0.00565884242104517,0,0,0,0,0,0,0,0,0,0,0,0,0,0,0,0,0,0,0,0.00848826363156775,0,0,0,0,0,0,0,0,0,0,0,0,0,0,0,0,0,0,0,0,0,0,0,0,0,0,0,0,0,0,0,0,0,0,0,0,0,0,0,0.00565884242104517,0,0,0,0.00848826363156775,0,0,0,0,0.0141471060526129,0,0,0,0,0,0,0,0,0,0,0.00848826363156775,0,0.0537590029999291,0,0,0,0,0,0,0,0,0,0,0,0,0,0,0,0,0,0,0,0,0,0,0,0,0,0,0,0,0,0,0,0.00565884242104517,0.00282942121052258,0.58003134815713,0,0,0.00565884242104517,0,0,0,0,0,0,0,0,0,0,0,0,0,0,0,0.0311236333157484,0,0,0,0,0,0,0,0,0,0,0,0,0,0,0,0,0.132982796894561,0,0,0,0,0,0,0,0,0,0,0,0,0.00282942121052258,0,0,0,0,0,0,0,0,0,0,0,0.00282942121052258,0,0,0,0.0735649514735872,0,0,0.00565884242104517,0,0.00565884242104517,0,0,0,0,0,0,0,0,0,0,0,0,0,0,0,0,0,0,0,0,0,0,0,0,0,0,0,0,0,0.00282942121052258,0,0,0,0,0,0,0,0,0,0,0,0,0,0,0,0,0,0,0,0,0,0,0,0,0,0,0.00848826363156775,0,0,0,0,0,0,0,0,0,0,0,0,0,0,0,0,0,0,0,0,0,0,0.00282942121052258,0,0,0.0226353696841807,0,0,0,0,0,0,0,0,0,0,0,0,0,0,0,0,0,0,0,0,0,0,0,0,0,0,0,0,0,0,0,0,0.00565884242104517,0.00848826363156775,0,0,0,0,0,0,0,0,0,0,0,0,0,0,0,0,0.00848826363156775,0,0.00565884242104517,0,0,0,0,0,0,0,0,0,0,0,0,0,0,0,0.00282942121052258,0,0,0,0,0,0,0,0,0,0,0,0,0,0,0,0,0,0,0,0,0,0,0,0,0,0,0,0,0,0,0,0,0,0,0,0,0,0,0,0,0,0,0,0,0,0,0,0,0,0,0,0,0,0.00282942121052258,0.00848826363156775,0,0,0,0,0,0.00848826363156775,0.00565884242104517,0,0,0,0.00282942121052258,0,0,0,0,0,0,0,0,0,0,0,0,0,0,0,0,0,0,0,0,0,0,0,0.0141471060526129,0,0,0,0,0,0,0,0,0,0,0,0,0,0,0,0,0,0,0,0,0,0,0,0,0,0,0,0,0,0,0,0,0,0,0,0.0141471060526129,0,0,0,0,0.0311236333157484,0,0,0,0,0,0,0,0,0,0,0,0,0,0,0,0,0,0,0,0,0,0,0,0,0,0,0,0,0,0,0,0,0,0,0,0,0.00282942121052258,0,0,0,0,0,0,0,0,0,0,0,0,0,0,0,0,0,0,0,0,0,0.00282942121052258,0,0,0,0,0,0,0,0,0,0,0,0,0,0,0,0,0,0,0,0.00282942121052258,0,0,0,0,0,0,0,0,0,0,0,0,0,0,0,0,0,0,0,0,0,0,0,0.00282942121052258,0,0,0,0,0,0,0,0,0,0,0,0,0,0,0,0,0,0,0,0,0,0,0,0,0,0,0,0,0,0,0,0,0,0,0,1.84828278187417,0,0.215946017237616,0,0,0,0,0,0,0,0,1.48374869506877,0,0,0,0,0,0,0,0,0,0,0,0,0,0,0,0,0,0,0,0,0,0,0.0303209265183232,0,0,0,0,0,0.928403834702723,0,0,0,0,0,0,0,0,0,0,0,0,0,0,0,0,0,0,0,0.917223043058571,0,0,0,0,0,0,0,0,0,0,0,0,0,0,0,0,0,0,0,0,0,0,0,0,0,0,0,0,0,0,0,0,0,0,0,0,0,0,0,4.58915455014045,0,0,0,0.0805885030918977,0,0,0,0,0.0635114890223281,0,0,0,0,0,0,0,0,0,0,0.801415728489707,0,0.0305136101027598,0,0,0,0,0,0,0,0,0,0,0,0,0,0,0,0,0,0,0,0,0,0,0,0,0,0,0,0,0,0,0,0.163500585259839,0.223531678154915,1.4055970395422,0,0,0.358222584828211,0,0,0,0,0,0,0,0,0,0,0,0,0,0,0,2.26290363868696,0,0,0,0,0,0,0,0,0,0,0,0,0,0,0,0,0.903412915055581,0,0,0,0,0,0,0,0,0,0,0,0,0.0169334983183446,0,0,0,0,0,0,0,0,0,0,0,0.179862911047468,0,0,0,2.12503728045387,0,0,0.450333413868732,0,0.31809483755596,0,0,0,0,0,0,0,0,0,0,0,0,0,0,0,0,0,0,0,0,0,0,0,0,0,0,0,0,0,0.124090881565124,0,0,0,0,0,0,0,0,0,0,0,0,0,0,0,0,0,0,0,0,0,0,0,0,0,0,0.221849155176773,0,0,0,0,0,0,0,0,0,0,0,0,0,0,0,0,0,0,0,0,0,0,0.0416263326000675,0,0,0.109356563902456,0,0,0,0,0,0,0,0,0,0,0,0,0,0,0,0,0,0,0,0,0,0,0,0,0,0,0,0,0,0,0,0,0.0321801926803138,0.0362953426464654,0,0,0,0,0,0,0,0,0,0,0,0,0,0,0,0,6.88040308404886,0,2.21500575954333,0,0,0,0,0,0,0,0,0,0,0,0,0,0,0,0.312297147030625,0,0,0,0,0,0,0,0,0,0,0,0,0,0,0,0,0,0,0,0,0,0,0,0,0,0,0,0,0,0,0,0,0,0,0,0,0,0,0,0,0,0,0,0,0,0,0,0,0,0,0,0,0,0.234786984819254,0.0746575460230738,0,0,0,0,0,0.177232960933663,0.288450329625044,0,0,0,0.13689078274066,0,0,0,0,0,0,0,0,0,0,0,0,0,0,0,0,0,0,0,0,0,0,0,0.0717074491258465,0,0,0,0,0,0,0,0,0,0,0,0,0,0,0,0,0,0,0,0,0,0,0,0,0,0,0,0,0,0,0,0,0,0,0,0.0116238282170689,0,0,0,0,0.126728793192854,0,0,0,0,0,0,0,0,0,0,0,0,0,0,0,0,0,0,0,0,0,0,0,0,0,0,0,0,0,0,0,0,0,0,0,0,0.427732834711358,0,0,0,0,0,0,0,0,0,0,0,0,0,0,0,0,0,0,0,0,0,0.349872178296314,0,0,0,0,0,0,0,0,0,0,0,0,0,0,0,0,0,0,0,0.0183963454692631,0,0,0,0,0,0,0,0,0,0,0,0,0,0,0,0,0,0,0,0,0,0,0,0.0975432900888749,0,0,0,0,0,0,0,0,0,0,0,0,0,0,0,0,0,0,0,120.6307021,128.8511023,119.9002021,139.2895025,129.0985023,157.1474027,119.982402,123.4368022,153.4093027,128.2969023,158.0610027,"PAL-00147"
"165",2553,"nSPC",2010,"PRIAs","Pacific Remote Island Areas","Palmyra","Palmyra",2010,"ForereefMid","Palmyra","2010-04-11","Forereef","Mid",5.89688,-162.11034,14,22.5,33.75,7.5,18,16.25,2,NA,0,2.5,NA,NA,NA,4,2,18.0048356360205,1.97272357084473,11.2898392603701,15.6803619757282,46.9477604429636,3.84256046012806,0,0,0,0,0,0,0,0,0,0,0,0,0,0,0,0,0.0268795014999645,0,0,0,0,0.00424413181578388,0,0,0,0,0,0.00141471060526129,0,0,0,0,0,0,0,0,0,0,0,0,0,0,0,0,0,0,0,0,0,0,0,0,0,0,0,0,0.00424413181578388,0,0,0,0,0,0,0,0,0,0,0,0,0,0,0,0,0,0,0,0.00282942121052258,0,0,0,0,0,0,0.00282942121052258,0,0,0,0,0,0,0,0,0,0,0,0,0,0.00282942121052258,0,0,0,0,0,0,0,0,0,0,0,0,0,0,0,0,0,0,0.00707355302630646,0,0,0,0.0198059484736581,0,0,0,0,0.00565884242104517,0,0,0,0,0,0,0,0,0,0,0.0113176848420903,0,0.318309886183791,0,0,0,0,0,0.00141471060526129,0,0,0,0,0,0,0,0,0,0,0,0,0,0,0,0,0,0,0,0,0,0,0,0,0,0.00282942121052258,0.00282942121052258,0.0495148711841452,0,0,0,0,0,0,0,0,0,0.00282942121052258,0,0.00282942121052258,0,0,0,0,0,0,0.0127323954473516,0,0,0,0,0,0,0,0,0,0.00282942121052258,0.00282942121052258,0.261721461973339,0,0,0,0,0.101859163578813,0,0,0,0,0,0,0,0,0,0,0,0,0.00565884242104517,0,0,0,0,0,0,0,0,0,0,0,0,0,0,0,0.0594178454209743,0,0,0.0127323954473516,0,0.00848826363156775,0,0,0,0,0,0,0,0,0,0,0,0,0,0,0,0,0,0,0,0,0,0,0,0,0,0,0,0,0,0.00141471060526129,0,0,0,0,0,0,0,0,0,0,0,0,0,0,0,0,0,0,0,0,0,0,0,0,0,0,0.0297089227104871,0,0,0,0,0,0,0,0,0,0,0,0,0,0,0,0,0,0,0,0.00565884242104517,0,0,0,0,0,0.0254647908947033,0,0,0,0,0,0,0,0,0.00282942121052258,0,0,0,0,0,0,0,0,0,0,0,0,0,0,0,0,0,0,0,0,0,0,0,0.00141471060526129,0.00565884242104517,0,0,0,0.00282942121052258,0,0,0,0,0,0,0,0,0,0,0,0,0.0183912378683968,0,0.0325383439210097,0,0,0,0,0,0,0,0,0,0,0.00707355302630646,0,0,0,0,0.0141471060526129,0,0,0,0,0,0,0,0.00141471060526129,0.00565884242104517,0,0,0,0,0,0,0,0,0,0,0,0,0,0,0.00141471060526129,0,0,0,0,0,0,0,0,0,0,0,0,0.00141471060526129,0,0,0,0,0,0,0,0,0,0,0,0,0,0,0,0,0.00282942121052258,0.0311236333157484,0,0,0,0,0,0.00424413181578388,0,0,0,0,0.00282942121052258,0,0,0,0,0,0,0,0,0,0,0,0,0,0,0,0,0,0,0.0183912378683968,0,0,0,0,0.0664913984472807,0,0,0,0,0,0,0,0,0,0,0,0,0,0.00141471060526129,0,0,0,0,0,0,0,0,0,0,0,0,0,0,0,0,0,0,0,0,0,0.0198059484736581,0,0,0,0,0.0183912378683968,0.0565884242104517,0,0,0,0,0,0,0,0,0,0,0,0,0,0,0,0,0,0,0,0,0,0,0,0,0.00848826363156775,0,0,0,0,0,0,0,0.00282942121052258,0,0,0,0,0,0,0,0,0,0.00141471060526129,0,0,0,0,0,0,0,0,0,0,0,0,0,0,0.00424413181578388,0,0,0,0,0,0,0,0,0,0,0,0,0,0,0,0,0,0.0438560287631001,0,0,0,0,0,0,0,0,0.00141471060526129,0,0,0,0,0,0,0,0,0,0,0.0141471060526129,0,0,0,0,0,0.0113176848420903,0,0.0198059484736581,0,0,0,0,0,0,0,0,0,0,0,0,0,0,0,0,0,0,0,0,0,0,0,0,0,0,0,0,0,0,0,0,0,1.66645194064361,0,0,0,0,0.310757707297762,0,0,0,0,0,0.370937173767191,0,0,0,0,0,0,0,0,0,0,0,0,0,0,0,0,0,0,0,0,0,0,0,0,0,0,0,0,0.642797106225455,0,0,0,0,0,0,0,0,0,0,0,0,0,0,0,0,0,0,0,0.153318345573698,0,0,0,0,0,0,0.126902230243014,0,0,0,0,0,0,0,0,0,0,0,0,0,0.888676504350701,0,0,0,0,0,0,0,0,0,0,0,0,0,0,0,0,0,0,1.78698891457268,0,0,0,0.123091574585149,0,0,0,0,0.0267973392288993,0,0,0,0,0,0,0,0,0,0,0.642178467094962,0,0.18633011910836,0,0,0,0,0,0.0810725276719731,0,0,0,0,0,0,0,0,0,0,0,0,0,0,0,0,0,0,0,0,0,0,0,0,0,0.140994330926856,0.223531678154915,0.0479968867046998,0,0,0,0,0,0,0,0,0,0.0501221051232641,0,0.0817502926299197,0,0,0,0,0,0,1.8502247379345,0,0,0,0,0,0,0,0,0,0.1734305985675,0.172205673118377,0.188155095789147,0,0,0,0,0.692502147093157,0,0,0,0,0,0,0,0,0,0,0,0,0.0208409282869626,0,0,0,0,0,0,0,0,0,0,0,0,0,0,0,1.54407374249772,0,0,0.688317153689089,0,0.297548933735355,0,0,0,0,0,0,0,0,0,0,0,0,0,0,0,0,0,0,0,0,0,0,0,0,0,0,0,0,0,0.0767409488599845,0,0,0,0,0,0,0,0,0,0,0,0,0,0,0,0,0,0,0,0,0,0,0,0,0,0,0.372446135805602,0,0,0,0,0,0,0,0,0,0,0,0,0,0,0,0,0,0,0,0.225953143698715,0,0,0,0,0,0.0926482657700778,0,0,0,0,0,0,0,0,0.222731613279156,0,0,0,0,0,0,0,0,0,0,0,0,0,0,0,0,0,0,0,0,0,0,0,0.00870960782685831,0.0232516038123941,0,0,0,0.00840282588814554,0,0,0,0,0,0,0,0,0,0,0,0,14.5211443935674,0,11.0641770041469,0,0,0,0,0,0,0,0,0,0,0.0509557539356039,0,0,0,0,1.45165450742116,0,0,0,0,0,0,0,0.156979790112826,0.617621483542215,0,0,0,0,0,0,0,0,0,0,0,0,0,0,0.688238160478757,0,0,0,0,0,0,0,0,0,0,0,0,0.00441573621220207,0,0,0,0,0,0,0,0,0,0,0,0,0,0,0,0,0.278705006201077,0.234952526713252,0,0,0,0,0,0.133021748358971,0,0,0,0,0.13689078274066,0,0,0,0,0,0,0,0,0,0,0,0,0,0,0,0,0,0,0.0617961428347754,0,0,0,0,0.278077883168021,0,0,0,0,0,0,0,0,0,0,0,0,0,0.00032402477808694,0,0,0,0,0,0,0,0,0,0,0,0,0,0,0,0,0,0,0,0,0,0.0207905870549199,0,0,0,0,0.062888517416046,0.0697968470240533,0,0,0,0,0,0,0,0,0,0,0,0,0,0,0,0,0,0,0,0,0,0,0,0,0.392479976086066,0,0,0,0,0,0,0,0.848178911845475,0,0,0,0,0,0,0,0,0,0.512666697659838,0,0,0,0,0,0,0,0,0,0,0,0,0,0,0.590992520183022,0,0,0,0,0,0,0,0,0,0,0,0,0,0,0,0,0,0.258569638610428,0,0,0,0,0,0,0,0,0.0528037903992567,0,0,0,0,0,0,0,0,0,0,0.00860144047998865,0,0,0,0,0,0.0943009667674598,0,0.147857205669339,0,0,0,0,0,0,0,0,0,0,0,0,0,0,0,0,0,121.9300021,128.8938023,116.487002,138.1580024,126.4990023,155.2484027,119.393602,123.9116022,151.6090027,126.9048022,156.4857027,"PAL-00134"
"166",2554,"nSPC",2010,"PRIAs","Pacific Remote Island Areas","Palmyra","Palmyra",2010,"LagoonShallow","Palmyra","2010-04-11","Lagoon","Shallow",5.88262,-162.11798,4,26.25,0,8.75,20,27.5,17.5,NA,0,4,NA,NA,NA,4,2,14.8214479607038,0.920035913438904,27.3743223679067,5.39160751691482,48.5074137589642,6.50831544857557,0,0,0,0,0,0,0,0,0.00848826363156775,0,0,0,0,0,0,0,0.00424413181578388,0,0,0,0,0.00282942121052258,0,0,0,0,0.0141471060526129,0.0113176848420903,0,0,0,0,0,0,0,0,0,0,0,0,0,0,0,0,0,0,0,0,0,0,0,0,0,0,0,0,0,0,0,0,0,0,0,0,0,0,0,0,0,0,0,0,0,0,0,0,0,0,0,0,0,0,0,0,0,0,0,0,0,0,0,0,0,0,0,0,0,0,0,0,0,0,0,0,0,0,0,0,0,0,0,0,0,0,0,0,0.00848826363156775,0,0,0,0.00282942121052258,0,0,0,0,0,0,0,0,0,0,0,0,0,0,0,0,0,0,0,0,0,0,0,0.00141471060526129,0,0,0,0,0,0,0,0,0,0.00707355302630646,0,0,0,0,0,0,0,0,0,0,0,0,0,0,0,0.00848826363156775,0.00282942121052258,0,0,0,0,0,0,0,0,0,0,0,0,0,0,0,0,0,0,0,0.0297089227104871,0,0,0,0,0,0.00565884242104517,0,0,0,0,0,0,0,0,0.0452707393683613,0,0,0,0,0,0,0,0,0,0,0,0,0,0,0,0,0,0,0,0,0,0,0,0,0,0,0,0,0,0,0,0,0,0,0,0.0763943726841098,0,0,0,0,0.161277008999787,0,0,0,0,0,0,0,0,0,0,0,0,0,0,0,0,0,0,0,0,0,0,0,0,0.00848826363156775,0,0,0,0.00141471060526129,0,0,0,0,0,0,0.00141471060526129,0,0,0,0,0,0,0,0,0,0,0,0,0,0,0,0.0212206590789194,0,0,0,0,0,0,0,0,0,0,0,0,0,0,0,0,0,0,0,0,0,0,0,0,0,0,0,0,0,0,0,0,0,0,0,0,0,0,0,0,0,0,0,0,0,0,0,0,0,0,0,0,0,0,0,0,0,0,0,0.00565884242104517,0,0,0,0,0.00141471060526129,0.00141471060526129,0,0,0,0,0,0,0,0,0,0,0.00282942121052258,0.00282942121052258,0.00282942121052258,0,0,0,0,0,0,0,0,0,0,0,0,0,0,0,0,0,0,0,0.00141471060526129,0,0,0,0,0,0,0,0,0,0,0,0,0,0,0,0,0,0,0,0,0,0,0,0,0,0,0,0,0,0,0,0,0,0,0,0,0,0,0,0,0,0,0,0,0,0,0,0,0,0,0,0,0,0,0,0.00141471060526129,0,0,0,0,0,0.00707355302630646,0,0,0,0.00707355302630646,0,0,0,0,0,0,0,0,0,0,0,0,0,0,0,0,0,0,0,0.00848826363156775,0,0,0,0,0,0,0,0,0,0,0,0,0,0.00282942121052258,0,0,0,0,0,0,0,0,0,0,0,0,0,0,0,0,0,0,0,0,0,0,0,0,0,0,0,0,0,0,0,0,0,0,0,0,0,0.00141471060526129,0,0,0,0,0,0,0,0,0,0,0,0.00141471060526129,0,0,0,0,0,0,0,0,0,0,0.00141471060526129,0,0,0.00282942121052258,0,0,0,0,0,0,0.00424413181578388,0,0,0,0,0,0.0169765272631355,0,0,0,0.00141471060526129,0,0,0.0367824757367936,0,0.00141471060526129,0,0,0,0,0,0,0,0,0,0,0,0,0,0,0,0,0.2192801438155,0,0,0.00141471060526129,0,0,0.553151846657165,0,0,0,0,0,0,0,0,0,0,0,0,0,0,0.0141471060526129,0,0,0,0.00565884242104517,0.0466854499736226,0.0452707393683613,0,0.0282942121052258,0,0,0,0,0,0,0,0,0,0,0,0,0,0,0,0,0,0,0,0,0,0,0,0,0,0.782703325026345,0,0,0,0,0,0,0,0.188147955893862,0,0,0,0,0.468452961248233,0,0,0,0,0.474525800746773,0.770690911157097,0,0,0,0,0,0,0,0,0,0,0,0,0,0,0,0,0,0,0,0,0,0,0,0,0,0,0,0,0,0,0,0,0,0,0,0,0,0,0,0,0,0,0,0,0,0,0,0,0,0,0,0,0,0,0,0,0,0,0,0,0,0,0,0,0,0,0,0,0,0,0,0,0,0,0,0,0,0,0,0,0,0,0,0,0,0,0,0,3.31878077280717,0,0,0,0.03583473205256,0,0,0,0,0,0,0,0,0,0,0,0,0,0,0,0,0,0,0,0,0,0,0,0.064642295071668,0,0,0,0,0,0,0,0,0,0.60910156605054,0,0,0,0,0,0,0,0,0,0,0,0,0,0,0,0.334116935335164,0.473834272303141,0,0,0,0,0,0,0,0,0,0,0,0,0,0,0,0,0,0,0,2.24949395328263,0,0,0,0,0,0.220158582250371,0,0,0,0,0,0,0,0,0.307110621373482,0,0,0,0,0,0,0,0,0,0,0,0,0,0,0,0,0,0,0,0,0,0,0,0,0,0,0,0,0,0,0,0,0,0,0,4.1085797075202,0,0,0,0,0.271666343705784,0,0,0,0,0,0,0,0,0,0,0,0,0,0,0,0,0,0,0,0,0,0,0,0,0.34518488846871,0,0,0,0.083613449006519,0,0,0,0,0,0,0.55925682207586,0,0,0,0,0,0,0,0,0,0,0,0,0,0,0,0.196519487496816,0,0,0,0,0,0,0,0,0,0,0,0,0,0,0,0,0,0,0,0,0,0,0,0,0,0,0,0,0,0,0,0,0,0,0,0,0,0,0,0,0,0,0,0,0,0,0,0,0,0,0,0,0,0,0,0,0,0,0,0.0208514783643556,0,0,0,0,0.0869198195872538,0.0068481870030458,0,0,0,0,0,0,0,0,0,0,10.7194576247723,0.390946487283056,1.45192808871324,0,0,0,0,0,0,0,0,0,0,0,0,0,0,0,0,0,0,0,0.0284705913389152,0,0,0,0,0,0,0,0,0,0,0,0,0,0,0,0,0,0,0,0,0,0,0,0,0,0,0,0,0,0,0,0,0,0,0,0,0,0,0,0,0,0,0,0,0,0,0,0,0,0,0,0,0,0,0,0.14033929204192,0,0,0,0,0,0.119795519406085,0,0,0,0.0142046307549559,0,0,0,0,0,0,0,0,0,0,0,0,0,0,0,0,0,0,0,0.0236169031790452,0,0,0,0,0,0,0,0,0,0,0,0,0,0.00783228917550328,0,0,0,0,0,0,0,0,0,0,0,0,0,0,0,0,0,0,0,0,0,0,0,0,0,0,0,0,0,0,0,0,0,0,0,0,0,0.00938504868424289,0,0,0,0,0,0,0,0,0,0,0,0.0785709952651387,0,0,0,0,0,0,0,0,0,0,0.506204700954394,0,0,1.4608625734899,0,0,0,0,0,0,0.378684871117307,0,0,0,0,0,0.984545210361912,0,0,0,0.542395977831148,0,0,0.0491945620193889,0,0.828933669718323,0,0,0,0,0,0,0,0,0,0,0,0,0,0,0,0,1.40274328530927,0,0,0.00919817273463153,0,0,12.6343282403768,0,0,0,0,0,0,0,0,0,0,0,0,0,0,0.00860144047998865,0,0,0,0.0381872543387868,0.268054742946485,0.23528549697125,0,0.198611221872633,0,0,0,0,0,0,0,0,0,0,0,0,0,0,0,0,0,0,0,0,0,0,0,0,0,0,0,0,"PAL-00127"
"167",2555,"nSPC",2010,"PRIAs","Pacific Remote Island Areas","Palmyra","Palmyra",2010,"LagoonShallow","Palmyra","2010-04-11","Lagoon","Shallow",5.89104,-162.11873,2.75,47.5,0,7.5,20,25,0,NA,0,4,NA,NA,NA,4,2,9.31439700907483,2.90456548854162,12.6152573541311,5.28669479283726,30.1209146445848,6.06314459833225,0,0,0,0,0,0,0,0,0.00424413181578388,0,0,0,0.00141471060526129,0,0,0,0.0183912378683968,0,0,0,0,0,0,0,0,0,0.00990297423682904,0,0,0,0,0,0,0,0,0,0,0,0,0,0,0,0,0,0,0,0,0,0,0,0.00282942121052258,0,0,0,0,0,0,0,0,0,0,0,0,0,0,0,0,0,0,0,0,0,0,0,0,0,0,0,0,0,0,0,0,0,0,0,0,0,0,0,0,0,0,0,0,0,0,0,0,0,0,0,0,0,0,0,0,0,0,0,0.00424413181578388,0,0,0,0,0,0.00282942121052258,0,0,0,0,0,0,0,0,0,0,0,0,0,0,0,0,0,0,0,0,0,0,0,0,0,0,0,0.00141471060526129,0,0,0,0,0,0,0,0,0,0.00282942121052258,0,0,0,0,0,0,0,0,0,0,0,0,0,0,0,0.0212206590789194,0,0.00282942121052258,0.00282942121052258,0,0,0,0,0,0,0,0,0,0,0,0,0,0,0,0,0,0.100444452973552,0,0,0,0,0,0.024050080289442,0,0,0,0,0,0,0,0,0.0806385044998937,0,0.00282942121052258,0,0,0,0,0,0,0,0,0,0,0,0,0,0,0,0,0,0,0,0,0,0,0,0,0,0,0,0,0,0,0,0,0,0.0806385044998937,0,0,0,0,0.158447587789265,0.00424413181578388,0,0,0,0,0,0,0,0,0,0,0,0,0,0,0,0,0,0,0,0,0,0,0,0.00282942121052258,0,0,0,0.00282942121052258,0,0,0,0,0,0,0,0,0,0,0,0,0,0,0,0,0,0,0,0,0,0,0.0183912378683968,0,0,0,0,0,0,0,0,0,0,0,0,0,0,0,0,0,0,0,0.00424413181578388,0,0,0,0,0,0,0,0,0,0,0,0,0,0,0.00282942121052258,0,0,0,0,0,0,0,0,0,0,0,0,0,0,0,0,0,0,0,0,0,0,0,0,0,0,0,0,0,0.00282942121052258,0.00141471060526129,0,0,0,0,0,0,0,0,0,0,0.00424413181578388,0.00565884242104517,0.00141471060526129,0,0,0,0,0,0,0,0,0,0,0,0,0,0,0,0,0.00282942121052258,0,0,0.00282942121052258,0,0,0,0,0,0,0,0,0,0,0.00282942121052258,0,0,0,0.00282942121052258,0,0,0,0,0,0,0,0,0,0,0,0,0,0,0,0,0,0,0,0,0,0,0,0,0,0,0,0,0,0,0,0,0,0,0,0.00141471060526129,0,0,0,0,0,0,0,0,0,0,0.00141471060526129,0,0,0,0.0155618166578742,0,0,0,0,0,0,0,0,0,0,0,0,0,0,0.0594178454209743,0,0,0,0,0.00282942121052258,0,0,0,0,0,0,0,0,0,0,0,0,0,0,0,0,0,0,0,0,0,0,0,0,0,0,0,0,0,0,0,0,0,0,0,0.0141471060526129,0,0,0,0.00141471060526129,0,0,0,0,0,0,0,0,0,0,0,0,0,0,0,0,0,0,0,0,0,0,0,0,0,0,0,0,0,0,0,0,0,0,0,0,0,0.00141471060526129,0,0,0,0,0,0,0.0169765272631355,0,0,0,0,0,0.0127323954473516,0,0,0,0,0,0,0.0664913984472807,0,0,0,0,0,0,0,0,0,0,0,0,0,0,0,0,0,0,0.00141471060526129,0,0,0.00141471060526129,0.0452707393683613,0,0,0,0,0,0,0,0,0,0,0,0,0,0,0,0,0.124494533262994,0,0,0,0.00565884242104517,0,0.00141471060526129,0,0.0367824757367936,0,0,0,0,0,0,0,0,0,0,0,0,0,0,0.00141471060526129,0.00990297423682904,0.00282942121052258,0,0,0,0,0,0,0,0,0.35924672859668,0,0,0,0.0693795336747106,0,0,0,0.758512361432456,0,0,0,0,0,0,0,0,0,0.28642380046895,0,0,0,0,0,0,0,0,0,0,0,0,0,0,0,0,0,0,0,0,0,0,0,0.0501813413502838,0,0,0,0,0,0,0,0,0,0,0,0,0,0,0,0,0,0,0,0,0,0,0,0,0,0,0,0,0,0,0,0,0,0,0,0,0,0,0,0,0,0,0,0,0,0,0,0,0,0,0,0,0,0,0,0,0,0,0,0.0621510203699679,0,0,0,0,0,4.02139030099527,0,0,0,0,0,0,0,0,0,0,0,0,0,0,0,0,0,0,0,0,0,0,0,0,0,0,0,0.0810725276719731,0,0,0,0,0,0,0,0,0,0.12793062450685,0,0,0,0,0,0,0,0,0,0,0,0,0,0,0,0.414354645293194,0,0.00912488340393533,0.813174088533522,0,0,0,0,0,0,0,0,0,0,0,0,0,0,0,0,0,2.40820978953148,0,0,0,0,0,0.845956898790986,0,0,0,0,0,0,0,0,0.156006456087797,0,0.00813221118390594,0,0,0,0,0,0,0,0,0,0,0,0,0,0,0,0,0,0,0,0,0,0,0,0,0,0,0,0,0,0,0,0,0,3.92105815068535,0,0,0,0,0.271940136326364,0.0526807474730883,0,0,0,0,0,0,0,0,0,0,0,0,0,0,0,0,0,0,0,0,0,0,0,0.0221276238965443,0,0,0,0.152658547529433,0,0,0,0,0,0,0,0,0,0,0,0,0,0,0,0,0,0,0,0,0,0,0.179716041657794,0,0,0,0,0,0,0,0,0,0,0,0,0,0,0,0,0,0,0,0.145261276243606,0,0,0,0,0,0,0,0,0,0,0,0,0,0,0.0787676911954961,0,0,0,0,0,0,0,0,0,0,0,0,0,0,0,0,0,0,0,0,0,0,0,0,0,0,0,0,0,0.145149308099809,0.0068481870030458,0,0,0,0,0,0,0,0,0,0,5.14034816055013,0.977501321533382,0.898176648827408,0,0,0,0,0,0,0,0,0,0,0,0,0,0,0,0,0.337336039515279,0,0,0.306178305907474,0,0,0,0,0,0,0,0,0,0,0.201182852467556,0,0,0,2.11335103458875,0,0,0,0,0,0,0,0,0,0,0,0,0,0,0,0,0,0,0,0,0,0,0,0,0,0,0,0,0,0,0,0,0,0,0,0.00631113770391906,0,0,0,0,0,0,0,0,0,0,0.0186185936992737,0,0,0,0.0608795540707408,0,0,0,0,0,0,0,0,0,0,0,0,0,0,0.447700678597039,0,0,0,0,0.0291932443545248,0,0,0,0,0,0,0,0,0,0,0,0,0,0,0,0,0,0,0,0,0,0,0,0,0,0,0,0,0,0,0,0,0,0,0,0.0139391435936395,0,0,0,0.035059639091949,0,0,0,0,0,0,0,0,0,0,0,0,0,0,0,0,0,0,0,0,0,0,0,0,0,0,0,0,0,0,0,0,0,0,0,0,0,0.213866417355679,0,0,0,0,0,0,1.41424008931258,0,0,0,0,0,1.01894814286066,0,0,0,0,0,0,0.133826516667591,0,0,0,0,0,0,0,0,0,0,0,0,0,0,0,0,0,0,0.0090450937257986,0,0,0.00919817273463153,0.30671536994269,0,0,0,0,0,0,0,0,0,0,0,0,0,0,0,0,0.0181436635124761,0,0,0,0.0648053307631205,0,0.0072066885715266,0,0.112107185732265,0,0,0,0,0,0,0,0,0,0,0,0,0,0,0.0683512579394289,0.537536804643544,0.17369263431927,0,0,0,0,0,0,0,0,0,0,0,"PAL-00129"
"168",2558,"nSPC",2010,"PRIAs","Pacific Remote Island Areas","Palmyra","Palmyra",2010,"ForereefDeep","Palmyra","2010-04-12","Forereef","Deep",5.88582,-162.04073,23,22.5,25,10,17.5,15,10,NA,0,2.5,NA,NA,NA,2,1,20.738073359639,7.49985559020029,10.6733662168795,7.62029865885325,46.531593825572,3.46998472072534,0,0,0,0,0,0,0,0,0,0,0,0,0,0.00282942121052258,0,0,0.0113176848420903,0,0.00565884242104517,0,0,0.00848826363156775,0,0,0,0.00282942121052258,0,0,0,0,0,0,0,0,0,0,0,0,0,0,0,0,0,0,0,0,0,0,0,0,0,0,0,0,0,0,0.00565884242104517,0,0,0,0,0,0,0,0,0,0,0,0,0,0,0,0,0,0,0,0.0141471060526129,0,0,0,0,0,0,0.00282942121052258,0,0,0,0,0,0,0,0,0,0,0,0,0,0,0,0,0,0,0,0,0,0,0,0,0,0,0,0,0,0,0,0,0.0113176848420903,0,0,0,0.0113176848420903,0,0,0,0,0.0113176848420903,0,0,0,0,0,0,0,0,0,0,0.0141471060526129,0,0.195230063526058,0,0,0,0,0,0,0,0,0,0,0,0,0,0,0,0,0,0,0,0,0,0,0,0,0,0,0,0,0,0,0,0,0,0.362165914946891,0,0,0,0,0,0,0,0,0,0,0,0,0,0,0,0,0,0,0.0226353696841807,0,0,0,0,0,0,0,0,0,0,0,0,0,0,0,0,0.220694854420762,0,0,0,0,0,0,0,0,0,0,0,0,0,0,0,0,0,0,0,0,0,0,0,0,0,0,0,0,0.0282942121052258,0,0,0.0113176848420903,0,0,0,0,0,0,0,0,0,0,0,0,0,0,0,0,0,0,0,0,0,0,0,0,0,0,0,0,0,0,0,0.00848826363156775,0,0,0,0,0,0.00282942121052258,0,0,0,0,0,0,0,0,0,0,0,0,0,0,0,0,0,0,0,0,0.00848826363156775,0,0,0,0,0,0,0,0,0,0,0,0,0,0,0,0,0,0,0,0,0,0,0.0113176848420903,0,0,0.0254647908947033,0,0,0,0,0,0,0,0,0,0,0,0,0,0,0,0,0,0,0,0,0,0,0,0,0,0,0,0,0,0,0,0,0.00565884242104517,0.00282942121052258,0,0,0,0.00282942121052258,0,0,0,0,0,0,0,0,0,0,0,0,0.0141471060526129,0,0.00282942121052258,0,0,0,0,0,0,0,0,0,0,0,0,0,0,0,0.00282942121052258,0.00282942121052258,0,0,0,0,0,0,0.067906109052542,0,0,0,0,0,0,0,0,0,0,0,0,0,0,0,0,0,0,0,0,0,0,0,0,0,0,0,0,0,0,0,0,0,0,0,0,0,0,0,0,0,0,0,0,0,0.00282942121052258,0.00282942121052258,0,0,0,0,0,0.00565884242104517,0,0,0,0,0.00282942121052258,0,0,0,0,0,0,0,0,0,0,0,0,0,0,0,0,0,0,0,0,0,0,0,0.00565884242104517,0,0,0,0,0,0,0,0,0,0,0,0,0,0,0,0,0,0,0,0,0,0,0,0,0,0,0,0,0,0,0,0,0,0,0,0.00282942121052258,0,0,0,0.00282942121052258,0.0424413181578388,0,0,0,0,0,0,0,0,0,0,0,0,0,0,0,0,0,0,0,0,0,0,0,0,0,0,0,0,0,0,0,0,0,0,0.00565884242104517,0,0,0,0,0,0,0,0,0,0,0,0,0,0,0,0,0,0,0,0,0,0,0,0.00282942121052258,0,0,0,0,0,0,0,0,0,0,0,0,0,0,0,0,0,0,0,0,0,0,0,0,0,0,0,0,0,0,0,0,0,0,0,0,0,0,0,0,0,0,0,0,0,0,0,0,0,0,0,0,0,0,0,0,0,0,0,0,0,0,0,0,0,0,0,0,0,0,0,0,0,0,0,0,0.282387194662514,0,0,0.844250573878123,0,2.61074273444444,0,0,0.70316064908102,0,0,0,0.00277056924934371,0,0,0,0,0,0,0,0,0,0,0,0,0,0,0,0,0,0,0,0,0,0,0,0,0,0,0,0,0,0,1.45431118452377,0,0,0,0,0,0,0,0,0,0,0,0,0,0,0,0,0,0,0,1.28155140539847,0,0,0,0,0,0,0.0755507193171864,0,0,0,0,0,0,0,0,0,0,0,0,0,0,0,0,0,0,0,0,0,0,0,0,0,0,0,0,0,0,0,0,6.46763582870699,0,0,0,0.101217552496139,0,0,0,0,0.0626993186175257,0,0,0,0,0,0,0,0,0,0,2.26330467481394,0,0.182570667145938,0,0,0,0,0,0,0,0,0,0,0,0,0,0,0,0,0,0,0,0,0,0,0,0,0,0,0,0,0,0,0,0,0,1.07965620435363,0,0,0,0,0,0,0,0,0,0,0,0,0,0,0,0,0,0,1.81211738128869,0,0,0,0,0,0,0,0,0,0,0,0,0,0,0,0,1.06083245127993,0,0,0,0,0,0,0,0,0,0,0,0,0,0,0,0,0,0,0,0,0,0,0,0,0,0,0,0,1.12543351424247,0,0,0.998850236077737,0,0,0,0,0,0,0,0,0,0,0,0,0,0,0,0,0,0,0,0,0,0,0,0,0,0,0,0,0,0,0,0.40572314403684,0,0,0,0,0,1.37178547994,0,0,0,0,0,0,0,0,0,0,0,0,0,0,0,0,0,0,0,0,0.0892039450682047,0,0,0,0,0,0,0,0,0,0,0,0,0,0,0,0,0,0,0,0,0,0,0.0666969864599464,0,0,0.0564093218478256,0,0,0,0,0,0,0,0,0,0,0,0,0,0,0,0,0,0,0,0,0,0,0,0,0,0,0,0,0,0,0,0,0.0572431613329208,0.0136985311808475,0,0,0,0.00785111761276115,0,0,0,0,0,0,0,0,0,0,0,0,8.83348281808122,0,1.10750287977166,0,0,0,0,0,0,0,0,0,0,0,0,0,0,0,0.474639722654202,3.17327869517181,0,0,0,0,0,0,5.17402569817146,0,0,0,0,0,0,0,0,0,0,0,0,0,0,0,0,0,0,0,0,0,0,0,0,0,0,0,0,0,0,0,0,0,0,0,0,0,0,0,0,0,0,0,0,0,0.161287619329327,0.0204346147065911,0,0,0,0,0,0.186265754243741,0,0,0,0,0.13689078274066,0,0,0,0,0,0,0,0,0,0,0,0,0,0,0,0,0,0,0,0,0,0,0,0.0225789767630493,0,0,0,0,0,0,0,0,0,0,0,0,0,0,0,0,0,0,0,0,0,0,0,0,0,0,0,0,0,0,0,0,0,0,0,0.00302408538980654,0,0,0,0.23758515387886,0.26860315513281,0,0,0,0,0,0,0,0,0,0,0,0,0,0,0,0,0,0,0,0,0,0,0,0,0,0,0,0,0,0,0,0,0,0,0.596471983042992,0,0,0,0,0,0,0,0,0,0,0,0,0,0,0,0,0,0,0,0,0,0,0,1.65786733943665,0,0,0,0,0,0,0,0,0,0,0,0,0,0,0,0,0,0,0,0,0,0,0,0,0,0,0,0,0,0,0,0,0,0,0,0,0,0,0,0,0,0,0,0,0,0,0,0,0,0,0,0,0,0,0,0,0,0,0,0,0,0,0,138.5868024,147.2178025,126.4124022,144.6017025,134.5468024,163.1305028,129.1059022,131.5623024,168.854803,131.5473023,162.1884028,"PAL-00104"
"169",2559,"nSPC",2010,"PRIAs","Pacific Remote Island Areas","Palmyra","Palmyra",2010,"ForereefMid","Palmyra","2010-04-12","Forereef","Mid",5.89903,-162.06865,12,22.5,31.25,13.75,18.75,6.25,7.5,NA,0,2,NA,NA,NA,4,2,7.04514950341739,0.938473461028245,9.718701174045,4.08995431512633,21.792278453617,2.52210337532861,0,0,0,0,0,0.00141471060526129,0,0,0,0,0,0,0,0,0.00141471060526129,0,0.0169765272631355,0,0,0,0,0.00141471060526129,0,0,0,0,0,0,0,0,0,0,0,0,0,0,0,0,0,0,0,0,0,0,0,0,0,0,0,0,0,0,0,0,0,0,0,0,0,0,0,0,0,0,0,0,0,0,0,0,0,0,0,0,0,0,0.00707355302630646,0,0,0,0,0,0,0.00141471060526129,0,0,0,0,0,0,0,0,0,0,0,0,0,0,0,0,0,0,0,0,0,0,0,0,0,0,0,0,0,0,0,0,0.00707355302630646,0,0,0,0.0198059484736581,0,0,0,0,0,0,0,0,0,0,0,0,0,0,0,0.00848826363156775,0,0.198059484736581,0,0,0,0,0,0.00141471060526129,0,0,0,0,0,0,0,0,0,0.00282942121052258,0,0,0,0,0,0,0,0,0,0,0,0,0,0,0,0,0,0.0127323954473516,0,0,0,0,0,0,0,0,0,0,0,0,0,0,0,0,0,0,0.00707355302630646,0,0,0,0,0.00141471060526129,0,0,0,0,0,0,0.275868568025952,0,0,0,0,0.0452707393683613,0,0,0,0,0,0,0,0,0,0,0,0,0.00141471060526129,0,0,0,0,0,0,0,0,0,0,0,0.00141471060526129,0,0,0,0.0325383439210097,0,0,0.0198059484736581,0,0,0,0,0,0,0,0,0,0,0,0,0,0,0,0,0,0,0,0,0,0,0,0,0,0,0,0,0,0,0,0.00282942121052258,0,0,0,0,0,0,0,0,0,0,0,0,0,0,0,0,0,0,0,0,0,0,0,0,0,0,0.0169765272631355,0,0,0,0,0,0,0,0,0,0,0,0,0,0,0,0,0,0,0,0.00424413181578388,0,0,0,0,0,0.0169765272631355,0,0,0,0,0,0,0,0,0,0,0,0,0,0,0,0,0,0,0,0,0,0,0,0,0,0,0,0,0,0,0,0,0,0.00848826363156775,0,0,0,0.00141471060526129,0,0,0,0,0,0,0,0,0,0,0.00282942121052258,0,0.00282942121052258,0,0.00141471060526129,0,0,0,0,0,0,0,0,0,0,0.0113176848420903,0,0,0,0,0.0113176848420903,0,0,0,0,0,0,0,0,0,0,0,0,0,0,0,0,0,0,0,0,0,0,0,0,0,0,0,0,0,0,0,0,0,0,0,0,0,0,0,0,0,0,0,0,0,0,0,0,0,0,0,0,0,0.00424413181578388,0.00707355302630646,0,0,0,0,0,0,0.00141471060526129,0,0.00141471060526129,0,0.00424413181578388,0,0,0,0,0,0,0,0,0,0,0,0,0,0,0,0,0,0,0.0141471060526129,0,0,0,0,0.00565884242104517,0,0,0,0,0,0,0,0,0,0,0,0,0,0.00282942121052258,0,0,0,0,0,0,0,0,0,0,0,0,0,0,0,0,0,0,0,0,0,0.00565884242104517,0,0,0,0.00141471060526129,0.0183912378683968,0,0,0,0,0,0,0,0,0,0,0,0,0,0,0,0,0,0,0,0,0,0,0,0,0,0.00141471060526129,0,0,0,0,0,0,0,0,0.00141471060526129,0,0,0,0,0,0,0,0,0,0,0,0.00141471060526129,0,0,0,0,0,0,0.00141471060526129,0,0,0,0,0.00141471060526129,0,0,0,0,0,0,0,0,0,0,0,0,0,0,0,0,0,0.0325383439210097,0,0,0,0,0,0,0,0,0,0,0,0,0,0,0,0,0,0,0,0.00848826363156775,0,0,0,0,0,0,0,0.0367824757367936,0,0,0,0,0,0,0,0,0,0,0,0,0,0,0,0,0,0,0,0,0,0,0.119366207318922,0,0,0,0,0,0,0,0,0.0775978528364291,0,1.3668661565263,0,0,0,0,0.108692515248223,0,0,0,0,0,0,0,0,0,0,0,0,0,0,0,0,0,0,0,0,0,0,0,0,0,0,0,0,0,0,0,0,0,0,0,0,0,0,0,0,0,0,0,0,0,0,0,0,0,0,0,0,0,0,0.549241925353597,0,0,0,0,0,0,0.0778629531153655,0,0,0,0,0,0,0,0,0,0,0,0,0,0,0,0,0,0,0,0,0,0,0,0,0,0,0,0,0,0,0,0,2.053685204395,0,0,0,0.165224998358658,0,0,0,0,0,0,0,0,0,0,0,0,0,0,0,0.526986095007976,0,0.215712243669031,0,0,0,0,0,0.064642295071668,0,0,0,0,0,0,0,0,0,0.163447599353649,0,0,0,0,0,0,0,0,0,0,0,0,0,0,0,0,0,0.00886938666862514,0,0,0,0,0,0,0,0,0,0,0,0,0,0,0,0,0,0,1.38780933318916,0,0,0,0,0.133508123104292,0,0,0,0,0,0,0.518840870347763,0,0,0,0,0.193757802750652,0,0,0,0,0,0,0,0,0,0,0,0,0.00521023207174066,0,0,0,0,0,0,0,0,0,0,0,0.089931455523734,0,0,0,1.63293301585404,0,0,2.05226420867356,0,0,0,0,0,0,0,0,0,0,0,0,0,0,0,0,0,0,0,0,0,0,0,0,0,0,0,0,0,0,0,0.0788930009473499,0,0,0,0,0,0,0,0,0,0,0,0,0,0,0,0,0,0,0,0,0,0,0,0,0,0,0.274082211708397,0,0,0,0,0,0,0,0,0,0,0,0,0,0,0,0,0,0,0,0.193500842115578,0,0,0,0,0,0.033341333660556,0,0,0,0,0,0,0,0,0,0,0,0,0,0,0,0,0,0,0,0,0,0,0,0,0,0,0,0,0,0,0,0,0,0.0394671500669754,0,0,0,0.00240776012451825,0,0,0,0,0,0,0,0,0,0,2.29301272046127,0,1.35585083780422,0,0.553751439885832,0,0,0,0,0,0,0,0,0,0,0.0879327523806209,0,0,0,0,1.36468210270127,0,0,0,0,0,0,0,0,0,0,0,0,0,0,0,0,0,0,0,0,0,0,0,0,0,0,0,0,0,0,0,0,0,0,0,0,0,0,0,0,0,0,0,0,0,0,0,0,0,0,0,0,0,0.652055976870814,0.0444390180925423,0,0,0,0,0,0,0.163558668878108,0,0.113477893263893,0,0.558726123489874,0,0,0,0,0,0,0,0,0,0,0,0,0,0,0,0,0,0,0.0337937770073088,0,0,0,0,0.0144203475533157,0,0,0,0,0,0,0,0,0,0,0,0,0,0.00064804955617388,0,0,0,0,0,0,0,0,0,0,0,0,0,0,0,0,0,0,0,0,0,0.00429987141363117,0,0,0,0.319282921721272,0.0856638374729729,0,0,0,0,0,0,0,0,0,0,0,0,0,0,0,0,0,0,0,0,0,0,0,0,0,0.142109900812714,0,0,0,0,0,0,0,0,0.16264107296538,0,0,0,0,0,0,0,0,0,0,0,0.1754241150524,0,0,0,0,0,0,0.752621288432353,0,0,0,0,0.206248638654696,0,0,0,0,0,0,0,0,0,0,0,0,0,0,0,0,0,0.303760509127244,0,0,0,0,0,0,0,0,0,0,0,0,0,0,0,0,0,0,0,0.000645108035999149,0,0,0,0,0,0,0,0.269088708921298,0,0,0,0,0,0,0,0,0,0,0,0,0,0,0,0,0,137.3674024,144.0922025,123.6293021,142.8557025,132.2105024,161.0092028,125.6404022,129.7670023,164.359703,130.9886023,162.8812028,"PAL-00414"
"170",2560,"nSPC",2010,"PRIAs","Pacific Remote Island Areas","Palmyra","Palmyra",2010,"ForereefShallow","Palmyra","2010-04-12","Forereef","Shallow",5.89728,-162.07565,5,25,10,7.5,20,15,22.5,NA,0,3,NA,NA,NA,4,2,7.74646549843397,5.72789082282055,27.4571457766813,6.40739988810493,47.3389019860407,3.66399830527567,0,0,0,0,0.00707355302630646,0.00141471060526129,0,0,0,0,0,0,0.00141471060526129,0,0.00282942121052258,0,0.0282942121052258,0,0.00848826363156775,0.0113176848420903,0,0.00282942121052258,0,0,0,0,0.0127323954473516,0,0,0,0,0,0,0,0,0,0,0,0,0,0,0,0,0,0,0,0,0,0,0,0,0,0,0,0,0,0,0,0,0,0,0,0,0,0,0,0,0,0,0,0,0,0,0,0,0,0.00565884242104517,0,0,0,0,0,0,0,0,0,0,0,0,0,0,0,0,0,0,0,0,0,0,0,0,0,0,0,0,0,0,0,0,0,0,0,0,0,0,0,0.00565884242104517,0,0,0,0.00424413181578388,0,0,0,0,0,0,0,0,0,0,0,0,0,0,0,0,0,0,0,0,0,0,0,0.00141471060526129,0,0,0,0,0,0,0,0,0,0,0,0,0,0,0,0,0,0,0,0,0,0,0,0,0,0,0,0,0,0,0,0,0,0,0,0,0,0,0,0,0,0,0,0,0,0,0.00707355302630646,0,0,0,0,0,0,0,0,0,0,0,0,0,0,0,0,0.00565884242104517,0,0,0,0,0,0,0,0,0,0,0,0,0.00424413181578388,0,0,0,0,0,0.00141471060526129,0,0,0,0,0,0,0,0,0,0,0,0,0.0254647908947033,0,0.0141471060526129,0,0,0,0,0,0,0,0,0,0,0,0,0,0,0,0,0,0,0,0,0,0,0,0,0,0,0,0,0,0,0,0,0,0,0,0,0,0,0,0,0,0,0,0,0,0,0,0,0,0,0,0,0,0,0,0,0.00565884242104517,0,0,0,0,0,0,0,0,0,0,0,0,0,0,0,0,0,0,0,0.00141471060526129,0,0,0,0,0,0,0,0,0,0,0,0,0,0,0,0,0,0,0,0,0,0,0,0,0,0,0,0,0,0,0,0,0,0,0,0,0,0,0,0,0,0,0,0,0,0,0,0,0,0,0,0,0,0,0,0,0.00424413181578388,0.00282942121052258,0,0,0,0,0,0,0,0,0,0,0,0,0,0,0,0.0212206590789194,0.00282942121052258,0,0,0,0,0,0,0,0,0,0,0,0,0,0,0,0,0,0,0,0,0,0,0,0,0,0,0,0,0,0.00848826363156775,0,0,0,0,0,0,0,0,0,0,0,0,0,0,0,0,0,0,0,0,0,0,0,0,0.00282942121052258,0,0,0,0,0,0,0.00141471060526129,0,0,0,0.00141471060526129,0,0,0,0.00565884242104517,0,0,0,0,0,0,0,0,0,0,0,0,0,0,0.00565884242104517,0,0,0,0,0,0,0,0,0,0,0.0183912378683968,0,0,0,0,0,0,0,0,0,0,0,0,0,0,0,0,0,0,0,0,0,0,0,0,0,0,0,0.00282942121052258,0,0,0,0,0,0,0,0,0,0,0,0,0,0,0,0,0,0,0,0,0,0,0,0,0,0,0,0,0,0,0,0,0,0,0,0,0,0,0,0,0,0,0,0,0,0,0,0,0,0,0.00141471060526129,0,0,0.00141471060526129,0,0,0.00282942121052258,0,0,0.00282942121052258,0.00141471060526129,0,0,0,0,0,0,0,0,0,0,0,0,0,0,0,0,0,0,0,0,0,0,0.0311236333157484,0,0,0.00424413181578388,0,0,0,0,0,0,0,0,0,0,0,0,0,0,0,0,0,0,0,0,0,0,0,0,0.171179983236616,0,0,0,0,0,0,0,0,0,0,0,0,0,0,0,0,0,0,0,0,0,0.134506675122053,0.144866365978756,0,0,0,0,0,0,0.157509508313046,0,0.202538497059893,0,2.65166996532319,0,0.393012955840464,0.345041785279834,0,0.297637809201189,0,0,0,0,0.24933529568319,0,0,0,0,0,0,0,0,0,0,0,0,0,0,0,0,0,0,0,0,0,0,0,0,0,0,0,0,0,0,0,0,0,0,0,0,0,0,0,0,0,0,0,0,0,0,0,0,0,0.41111574922423,0,0,0,0,0,0,0,0,0,0,0,0,0,0,0,0,0,0,0,0,0,0,0,0,0,0,0,0,0,0,0,0,0,0,0,0,0,0,0,1.70193688460263,0,0,0,0.0356189128261552,0,0,0,0,0,0,0,0,0,0,0,0,0,0,0,0,0,0,0,0,0,0,0,0.0810725276719731,0,0,0,0,0,0,0,0,0,0,0,0,0,0,0,0,0,0,0,0,0,0,0,0,0,0,0,0,0,0,0,0,0,0,0,0,0,0,0,0,0,0,0,0,0,0,1.01165095712421,0,0,0,0,0,0,0,0,0,0,0,0,0,0,0,0,0.0112312210479295,0,0,0,0,0,0,0,0,0,0,0,0,0.0110075679980891,0,0,0,0,0,0.535291246356494,0,0,0,0,0,0,0,0,0,0,0,0,2.63851550399508,0,1.37410841947554,0,0,0,0,0,0,0,0,0,0,0,0,0,0,0,0,0,0,0,0,0,0,0,0,0,0,0,0,0,0,0,0,0,0,0,0,0,0,0,0,0,0,0,0,0,0,0,0,0,0,0,0,0,0,0,0,0.112144584689039,0,0,0,0,0,0,0,0,0,0,0,0,0,0,0,0,0,0,0,0.0435849951560624,0,0,0,0,0,0,0,0,0,0,0,0,0,0,0,0,0,0,0,0,0,0,0,0,0,0,0,0,0,0,0,0,0,0,0,0,0,0,0,0,0,0,0,0,0,0,0,0,0,0,0,0,0,0,0,0,5.93391984320562,0.500149900173826,0,0,0,0,0,0,0,0,0,0,0,0,0,0,0,5.58215292665057,0.280292059816475,0,0,0,0,0,0,0,0,0,0,0,0,0,0,0,0,0,0,0,0,0,0,0,0,0,0,0,0,0,14.6093365332653,0,0,0,0,0,0,0,0,0,0,0,0,0,0,0,0,0,0,0,0,0,0,0,0,0.0310176353076178,0,0,0,0,0,0,0.110608770625714,0,0,0,0.0548450825180222,0,0,0,0.621498986617435,0,0,0,0,0,0,0,0,0,0,0,0,0,0,0.0233782155923677,0,0,0,0,0,0,0,0,0,0,0.0421245659024056,0,0,0,0,0,0,0,0,0,0,0,0,0,0,0,0,0,0,0,0,0,0,0,0,0,0,0,4.04380252077019,0,0,0,0,0,0,0,0,0,0,0,0,0,0,0,0,0,0,0,0,0,0,0,0,0,0,0,0,0,0,0,0,0,0,0,0,0,0,0,0,0,0,0,0,0,0,0,0,0,0,0.212580083340817,0,0,0.1278841798732,0,0,0.297021320995819,0,0,0.473511109431572,0.919851667892613,0,0,0,0,0,0,0,0,0,0,0,0,0,0,0,0,0,0,0,0,0,0,0.297520353733059,0,0,0.0630113717139323,0,0,0,0,0,0,0,0,0,0,0,0,0,0,0,0,0,0,0,0,0,0,0,0,0.570997430645113,0,0,0,0,0,0,0,0,0,0,0,0,0,0,0,0,0,0,0,0,0,0,0,0,0,0,0,0,"PAL-00118"
"171",2561,"nSPC",2010,"PRIAs","Pacific Remote Island Areas","Palmyra","Palmyra",2010,"ForereefMid","Palmyra","2010-04-12","Forereef","Mid",5.86619,-162.10971,14,32.5,7.5,17.5,27.5,15,0,NA,0,2.75,NA,NA,NA,4,2,12.5984599833985,65.3951896924198,26.3032596122768,10.7159133970911,115.012822685186,6.56996166272523,0,0,0,0,0,0,0,0,0,0,0,0,0,0,0,0,0.0254647908947033,0,0,0,0,0.00990297423682904,0,0,0,0,0,0.00282942121052258,0,0,0,0,0,0,0,0,0,0,0,0,0,0,0,0,0,0,0,0,0,0,0,0,0,0,0,0,0,0,0,0,0,0,0,0,0,0,0,0,0,0,0,0,0,0,0,0,0.00282942121052258,0.00141471060526129,0,0,0,0,0,0.00141471060526129,0,0,0,0,0,0,0,0,0,0,0,0,0,0.00282942121052258,0,0,0,0,0,0,0,0,0,0,0,0,0,0.158447587789265,0,0,0,0,0.00565884242104517,0,0,0,0.0410266075525775,0,0,0,0,0.0198059484736581,0,0,0,0,0,0,0,0,0,0,0,0,0.742723067762178,0,0,0,0,0,0,0,0,0,0,0,0,0,0,0,0,0,0,0,0,0,0,0,0,0,0,0,0,0,0,0,0.00848826363156775,0,0.217865433210239,0,0,0,0,0,0,0,0,0,0,0,0,0,0,0,0,0,0,0.0169765272631355,0,0,0,0,0,0.00282942121052258,0,0,0,0,0,0,0,0,0,0,0.268795014999645,0,0,0,0,0,0,0,0,0,0,0,0,0.0183912378683968,0,0,0,0,0,0,0,0,0,0,0,0,0,0,0,0.00990297423682904,0,0,0.00707355302630646,0,0.0311236333157484,0,0,0,0,0,0,0,0,0,0,0,0,0,0,0,0,0,0,0,0,0,0,0,0,0,0,0.00282942121052258,0,0,0.0127323954473516,0,0,0,0,0,0,0,0,0,0,0,0,0,0.00141471060526129,0,0,0,0,0,0,0,0,0,0,0,0,0.0452707393683613,0,0,0,0,0,0,0,0,0,0,0,0,0,0,0,0,0,0,0,0.00141471060526129,0,0,0,0,0,0.0183912378683968,0,0,0,0,0,0,0,0,0,0,0,0,0,0,0,0,0,0,0,0,0,0,0,0,0,0,0,0.0141471060526129,0,0,0,0,0.00141471060526129,0,0,0,0,0.00990297423682904,0,0,0,0,0,0,0,0,0,0,0,0,0.0113176848420903,0,0,0,0,0,0,0,0,0,0,0,0,0,0,0,0,0,0.00990297423682904,0.00282942121052258,0,0,0,0,0.0141471060526129,0,0.0509295817894065,0.0452707393683613,0,0.0226353696841807,0,0,0,0,0,0,0,0,0,0,0,0.00282942121052258,0.00141471060526129,0,0,0,0,0,0,0,0,0,0,0,0,0,0,0,0,0,0,0,0,0,0,0,0,0,0,0,0,0,0,0.0367824757367936,0,0,0,0,0,0.00424413181578388,0.00141471060526129,0,0,0,0.00282942121052258,0,0,0,0,0,0,0,0,0,0,0,0.058003134815713,0,0,0,0,0,0,0.0212206590789194,0,0,0,0,0.0862973469209388,0,0,0,0,0,0,0,0,0,0,0,0,0,0.0155618166578742,0,0,0,0,0,0,0,0,0,0,0,0,0,0.00424413181578388,0,0,0,0,0,0,0,0.0367824757367936,0.0325383439210097,0,0,0,0.0424413181578388,0.127323954473516,0,0,0,0,0,0,0,0,0,0,0,0,0,0,0,0,0,0,0,0,0,0,0,0,0,0,0,0,0,0.00282942121052258,0,0,0,0.00565884242104517,0,0,0,0,0,0,0,0,0.00282942121052258,0,0,0,0,0,0.00282942121052258,0,0,0,0,0,0,0,0,0,0,0,0,0,0,0,0,0,0,0,0,0,0,0,0,0,0,0.00565884242104517,0,0,0,0,0,0,0,0,0,0,0,0,0,0,0,0,0,0,0,0.00565884242104517,0,0,0,0,0,0,0,0.024050080289442,0,0,0,0,0,0,0,0,0,0,0,0,0,0,0.00141471060526129,0.00141471060526129,0,0,0,0,0,0,0,0,0,0,0,0,0,0,0,0,0,2.68043507392146,0,0,0,0,0.963066967720487,0,0,0,0,0,0.741874347534383,0,0,0,0,0,0,0,0,0,0,0,0,0,0,0,0,0,0,0,0,0,0,0,0,0,0,0,0,0,0,0,0,0,0,0,0,0,0,0,0,0,0,0,0,0,0,0,0,0.180313657973839,0.992610373318421,0,0,0,0,0,0.0377753596585932,0,0,0,0,0,0,0,0,0,0,0,0,0,1.50306530535779,0,0,0,0,0,0,0,0,0,0,0,0,0,39.4455514733352,0,0,0,0,5.65462504550587,0,0,0,0.24641878408059,0,0,0,0,0.0413524506646266,0,0,0,0,0,0,0,0,0,0,0,0,0.802989739546309,0,0,0,0,0,0,0,0,0,0,0,0,0,0,0,0,0,0,0,0,0,0,0,0,0,0,0,0,0,0,0,0.556723753429572,0,0.365944324031423,0,0,0,0,0,0,0,0,0,0,0,0,0,0,0,0,0,0,3.3512070550344,0,0,0,0,0,0.116722873863301,0,0,0,0,0,0,0,0,0,0,1.65404158014457,0,0,0,0,0,0,0,0,0,0,0,0,0.0586281684976943,0,0,0,0,0,0,0,0,0,0,0,0,0,0,0,0.458132962290571,0,0,0.529766616732875,0,1.64163448834806,0,0,0,0,0,0,0,0,0,0,0,0,0,0,0,0,0,0,0,0,0,0,0,0,0,0,0.250518618881498,0,0,1.61460428489745,0,0,0,0,0,0,0,0,0,0,0,0,0,0.0125924142317761,0,0,0,0,0,0,0,0,0,0,0,0,0.303525641415958,0,0,0,0,0,0,0,0,0,0,0,0,0,0,0,0,0,0,0,0.0341056168254503,0,0,0,0,0,0.111125235101153,0,0,0,0,0,0,0,0,0,0,0,0,0,0,0,0,0,0,0,0,0,0,0,0,0,0,0,9.85714198681361,0,0,0,0,0.0121645375337763,0,0,0,0,0.043183319478983,0,0,0,0,0,0,0,0,0,0,0,0,6.2856960326456,0,0,0,0,0,0,0,0,0,0,0,0,0,0,0,0,0,2.11982044016203,0.860393782420117,0,0,0,0,0.340383292061984,0,10.551497759307,4.24020097495665,0,2.11543999001547,0,0,0,0,0,0,0,0,0,0,0,3.11398698654956,0.184264705413143,0,0,0,0,0,0,0,0,0,0,0,0,0,0,0,0,0,0,0,0,0,0,0,0,0,0,0,0,0,0,0.179308554830607,0,0,0,0,0,0.135813310345811,0.271806976019704,0,0,0,0.915445996869887,0,0,0,0,0,0,0,0,0,0,0,4.9668238546151,0,0,0,0,0,0,0.0947185108387279,0,0,0,0,0.222611678638268,0,0,0,0,0,0,0,0,0,0,0,0,0,0.00726753603666285,0,0,0,0,0,0,0,0,0,0,0,0,0,0.00508765301417092,0,0,0,0,0,0,0,0.0435893558140083,0.854851733904805,0,0,0,0.161949251667753,0.235077935508193,0,0,0,0,0,0,0,0,0,0,0,0,0,0,0,0,0,0,0,0,0,0,0,0,0,0,0,0,0,0.159409578822073,0,0,0,0.465577864886039,0,0,0,0,0,0,0,0,1.30825264801779,0,0,0,0,0,0.407436654315252,0,0,0,0,0,0,0,0,0,0,0,0,0,0,0,0,0,0,0,0,0,0,0,0,0,0,0.013725380148242,0,0,0,0,0,0,0,0,0,0,0,0,0,0,0,0,0,0,0,0.00671987537499114,0,0,0,0,0,0,0,0.286786738593116,0,0,0,0,0,0,0,0,0,0,0,0,0,0,0.10841051071587,0.0886250665078805,0,35.57270065,38.26460069,35.15070062,29.92080049,38.54850069,37.39010067,42.22180073,43.44440077,41.87080076,46.66630083,26.85000046,"PAL-00143"
"172",2564,"nSPC",2010,"PRIAs","Pacific Remote Island Areas","Palmyra","Palmyra",2010,"ForereefMid","Palmyra","2010-04-12","Forereef","Mid",5.86734,-162.09468,14.5,15,3.75,7.5,47.5,21.25,5,NA,0,2.5,NA,NA,NA,4,2,17.4562371938887,5.2182441869954,33.7751021189266,25.4705322707759,81.9201157705865,22.5000823823085,0,0,0,0,0,0,0,0,0.00424413181578388,0,0,0,0,0,0,0,0.0183912378683968,0,0.00282942121052258,0,0,0.00424413181578388,0,0,0,0.00282942121052258,0,0,0,0,0,0,0,0,0,0,0,0,0,0,0,0,0,0,0,0,0,0,0,0,0,0,0,0,0,0,0.0169765272631355,0,0,0,0,0,0,0,0,0,0,0,0,0,0,0,0,0,0,0,0.00707355302630646,0.00424413181578388,0,0,0,0,0,0.00141471060526129,0,0,0,0,0,0,0,0,0,0,0,0,0,0,0,0,0,0,0,0,0,0,0,0,0,0,0,0,0,0,0,0,0.00707355302630646,0,0,0,0.0367824757367936,0,0,0,0,0.0226353696841807,0,0,0,0,0,0,0,0,0,0,0.00707355302630646,0,0.565884242104517,0,0,0,0,0,0.00141471060526129,0,0,0,0,0,0,0,0,0,0,0,0,0,0,0,0,0,0,0,0,0,0,0,0,0,0.00141471060526129,0,0.226353696841807,0,0,0,0,0,0,0,0,0,0,0,0,0,0,0,0,0,0,0.0735649514735872,0,0,0,0,0.00141471060526129,0.00141471060526129,0,0,0,0.00565884242104517,0,0.113176848420903,0,0,0,0,0.244744934710204,0.0608325560262356,0,0,0,0,0,0,0,0,0,0,0,0.0169765272631355,0,0,0,0,0,0,0,0,0,0,0,0.00141471060526129,0,0,0,0.00848826363156775,0,0,0.0198059484736581,0,0.0226353696841807,0,0,0,0,0,0.00707355302630646,0,0,0,0,0,0,0,0,0,0,0,0,0,0,0,0,0,0,0,0,0,0,0,0.00141471060526129,0,0,0,0,0,0,0,0,0,0,0,0,0,0,0,0,0,0,0,0,0,0,0,0,0,0,0.0481001605788839,0,0,0,0,0,0,0,0,0,0,0,0,0,0,0,0,0,0,0,0.00141471060526129,0,0,0,0,0,0.0226353696841807,0,0,0,0,0,0,0,0,0,0,0,0,0,0,0,0,0,0,0,0,0,0,0,0,0,0,0,0,0,0,0,0,0,0.00282942121052258,0,0,0,0.00424413181578388,0,0,0,0,0,0,0,0,0,0,0,0,0.00707355302630646,0,0,0,0,0,0,0,0,0,0,0,0,0,0,0,0,0,0.00707355302630646,0.00141471060526129,0,0,0,0,0,0,0.00141471060526129,0,0,0.00990297423682904,0,0,0,0,0,0,0,0,0,0,0,0,0,0,0,0,0,0,0,0,0,0,0,0,0,0,0,0,0,0,0,0,0,0,0,0,0,0,0,0,0,0,0.00707355302630646,0.0183912378683968,0,0,0,0,0,0.00565884242104517,0.00565884242104517,0,0,0,0.00848826363156775,0,0,0,0,0,0,0,0,0,0,0,0.00990297423682904,0,0,0,0,0,0,0,0,0,0,0,0.0381971863420549,0,0,0,0,0,0,0,0,0,0,0,0,0,0.00990297423682904,0,0,0,0,0,0,0,0,0,0,0,0,0,0.0862973469209388,0,0.00141471060526129,0,0.0820532151051549,0,0,0,0.0212206590789194,0,0,0,0.00282942121052258,0.0523442923946678,0.332456992236404,0,0,0,0,0,0,0,0,0,0,0,0,0,0,0,0,0,0,0,0,0,0,0,0,0,0,0,0,0,0,0,0,0,0.00282942121052258,0,0,0,0,0,0,0,0,0.00141471060526129,0,0,0.00707355302630646,0,0,0.00565884242104517,0,0,0.00141471060526129,0.00141471060526129,0,0.00565884242104517,0,0,0.00282942121052258,0,0,0,0,0,0,0,0,0,0,0,0,0,0,0,0,0,0.0198059484736581,0,0,0,0,0,0,0,0,0,0,0,0,0,0,0,0,0,0,0,0,0,0,0,0,0,0.00424413181578388,0,0,0,0,0,0,0,0,0.00141471060526129,0,0,0,0,0,0,0,0.00141471060526129,0.00282942121052258,0,0,0,0,0,0,0,0,0,0.662524071715737,0,0,0,0,0,0,0,1.50638059628355,0,0.161738694566215,0,0,0.907367573904474,0,0,0,0.0748053697322803,0,0,0,0,0,0,0,0,0,0,0,0,0,0,0,0,0,0,0,0,0,0,0,0,0,0,0,0,0,0,5.43673285601914,0,0,0,0,0,0,0,0,0,0,0,0,0,0,0,0,0,0,0,0.999027434942597,17.0768902121852,0,0,0,0,0,0.0490392771276487,0,0,0,0,0,0,0,0,0,0,0,0,0,0,0,0,0,0,0,0,0,0,0,0,0,0,0,0,0,0,0,0,4.18859800463481,0,0,0,0.204933421426626,0,0,0,0,0.0685170702326651,0,0,0,0,0,0,0,0,0,0,0.713790694101821,0,0.490736229463642,0,0,0,0,0,0.099985730124093,0,0,0,0,0,0,0,0,0,0,0,0,0,0,0,0,0,0,0,0,0,0,0,0,0,0.0408751463149599,0,0.332328253571325,0,0,0,0,0,0,0,0,0,0,0,0,0,0,0,0,0,0,12.3633247701508,0,0,0,0,0.0459948043547251,0.092235127062816,0,0,0,0.41437767687599,0,0.10584864748565,0,0,0,0,1.77663109331346,0.261080381213292,0,0,0,0,0,0,0,0,0,0,0,0.0534179364259536,0,0,0,0,0,0,0,0,0,0,0,0.27102799421899,0,0,0,0.392685396249061,0,0,2.16462370733844,0,1.9199301543401,0,0,0,0,0,0.0801885804600726,0,0,0,0,0,0,0,0,0,0,0,0,0,0,0,0,0,0,0,0,0,0,0,0.0385873963946906,0,0,0,0,0,0,0,0,0,0,0,0,0,0,0,0,0,0,0,0,0,0,0,0,0,0,0.673858670515689,0,0,0,0,0,0,0,0,0,0,0,0,0,0,0,0,0,0,0,0.0675706642620932,0,0,0,0,0,0.18192853000221,0,0,0,0,0,0,0,0,0,0,0,0,0,0,0,0,0,0,0,0,0,0,0,0,0,0,0,0,0,0,0,0,0,0.0136985311808475,0,0,0,0.0159156903336351,0,0,0,0,0,0,0,0,0,0,0,0,4.7267537532411,0,0,0,0,0,0,0,0,0,0,0,0,0,0,0,0,0,2.98938823630568,1.25357623194834,0,0,0,0,0,0,0.420690460133935,0,0,2.29672499479376,0,0,0,0,0,0,0,0,0,0,0,0,0,0,0,0,0,0,0,0,0,0,0,0,0,0,0,0,0,0,0,0,0,0,0,0,0,0,0,0,0,0,1.16060181423171,0.0722442146775298,0,0,0,0,0,0.0422545700643191,0.526640911457941,0,0,0,0.424118543872104,0,0,0,0,0,0,0,0,0,0,0,0.766286204661289,0,0,0,0,0,0,0,0,0,0,0,0.0964900998973374,0,0,0,0,0,0,0,0,0,0,0,0,0,0.015400549490329,0,0,0,0,0,0,0,0,0,0,0,0,0,0.119064647606304,0,0.0407089018188161,0,0.160784631983553,0,0,0,0.0295793352190452,0,0,0,0.721787816278241,0.167331176141269,0.614399137880265,0,0,0,0,0,0,0,0,0,0,0,0,0,0,0,0,0,0,0,0,0,0,0,0,0,0,0,0,0,0,0,0,0,0.223453540101021,0,0,0,0,0,0,0,0,0.29345431112277,0,0,3.08676272846203,0,0,2.28546498279962,0,0,0.751907401047275,1.21538554674059,0,1.43372863038038,0,0,1.07005401160503,0,0,0,0,0,0,0,0,0,0,0,0,0,0,0,0,0,0.07583173220192,0,0,0,0,0,0,0,0,0,0,0,0,0,0,0,0,0,0,0,0,0,0,0,0,0,0.0635045301322061,0,0,0,0,0,0,0,0,0.66086459013787,0,0,0,0,0,0,0,0.0868490680059978,0.0808320776216343,0,34.87320063,37.22680067,34.51470061,29.20960048,37.84650068,36.89110066,41.97280072,42.51480075,40.61440075,45.30500081,26.11100045,"PAL-00141"
"173",2565,"nSPC",2010,"PRIAs","Pacific Remote Island Areas","Palmyra","Palmyra",2010,"ForereefShallow","Palmyra","2010-04-12","Forereef","Shallow",5.87016,-162.0854885,6,27.5,5,20,30,15,2.5,NA,0,2.5,NA,NA,NA,4,2,20.6812177519306,19.9666592104194,35.0835181614303,28.5367670043592,104.268162128139,15.8556527433426,0,0,0,0,0,0,0,0,0.00282942121052258,0,0,0,0.00282942121052258,0,0,0,0.0254647908947033,0.00424413181578388,0.00282942121052258,0,0,0,0,0,0,0,0.0834679257104162,0,0,0,0,0,0,0,0,0,0,0,0,0,0,0,0,0,0,0,0,0,0,0,0,0,0,0,0,0,0,0,0,0,0,0,0,0,0,0,0,0,0,0,0,0,0,0,0,0,0.00424413181578388,0,0,0,0,0,0,0,0,0,0,0,0,0,0,0,0,0,0,0,0,0,0,0,0,0,0,0,0,0,0,0,0,0,0,0,0,0,0,0,0.00848826363156775,0,0,0,0.0749796620788485,0,0,0,0,0,0,0,0,0,0,0,0,0,0,0,0.0198059484736581,0,0.212206590789194,0,0,0,0,0,0,0,0,0,0,0,0,0,0,0,0,0,0,0,0,0,0,0,0,0,0,0,0,0,0,0,0,0.00141471060526129,0.0636619772367581,0.00141471060526129,0,0,0,0,0,0,0,0,0,0,0,0,0,0.00565884242104517,0,0,0,0.0381971863420549,0,0,0,0,0.00707355302630646,0,0,0,0,0,0,1.72594693841878,0,0,0,0,0,0.00424413181578388,0,0,0,0,0,0,0,0,0,0,0,0.00565884242104517,0,0,0,0,0,0,0,0,0,0,0,0.00141471060526129,0,0,0,0.00565884242104517,0,0,0.0268795014999645,0,0.00565884242104517,0,0,0,0,0,0,0,0,0,0,0,0,0,0,0,0,0,0,0,0,0,0,0,0,0,0,0,0,0,0.00282942121052258,0,0,0,0,0,0,0,0,0,0,0,0,0,0,0,0,0,0,0,0,0,0,0,0,0,0,0.0424413181578388,0,0,0,0,0,0,0,0,0,0,0.00141471060526129,0,0,0,0,0,0,0,0,0,0,0,0,0,0,0.0381971863420549,0,0,0,0,0,0,0,0,0,0,0,0,0,0,0,0,0,0,0,0,0,0,0,0,0,0,0,0,0,0,0,0,0,0.00141471060526129,0,0,0,0.00141471060526129,0,0,0,0,0,0,0,0,0,0,0,0,0.00848826363156775,0,0.0594178454209743,0,0,0,0,0,0,0,0,0,0,0,0,0,0,0.058003134815713,0.0183912378683968,0,0,0,0,0,0,0,0,0,0,0,0,0,0,0,0,0,0,0,0,0,0,0,0,0,0,0,0,0,0,0,0,0,0,0,0,0,0,0,0,0,0,0,0,0,0,0,0,0,0,0,0,0,0.00282942121052258,0.0608325560262356,0,0,0,0,0,0,0.00282942121052258,0,0.00282942121052258,0,0.00141471060526129,0,0,0,0,0,0,0,0,0,0,0,0,0,0,0,0,0,0,0.0820532151051549,0,0,0,0,0.0650766878420194,0,0,0,0,0,0,0,0,0,0,0,0,0,0,0,0,0,0,0,0,0,0,0,0,0,0,0,0,0,0,0,0,0,0,0,0.0367824757367936,0,0,0,0,0.033953054526271,0.379142442210026,0,0,0,0,0,0,0,0,0,0,0,0,0,0,0,0,0,0,0,0,0,0,0,0,0,0,0,0,0,0,0,0,0,0.00282942121052258,0,0,0,0,0,0,0,0,0,0,0,0.00141471060526129,0,0,0.00707355302630646,0,0,0.00565884242104517,0.00282942121052258,0,0,0,0,0,0,0,0,0,0,0,0,0,0,0,0,0,0,0,0,0,0,0.111762137815642,0,0,0,0,0,0,0,0,0.00282942121052258,0,0,0,0,0,0,0,0,0,0,0.113176848420903,0,0,0,0,0,0.00282942121052258,0,0.233427249868113,0,0,0,0,0,0,0,0,0,0,0,0,0,0,0,0,0,0,0,0,0,0,0,0,0,1.71257430440774,0,0,0,0.215307779768101,0,0,0,2.55934840810662,0.08979066230487,0.145263112210885,0,0,0,0,0,0,0,2.86723031256872,0,0,0,0,0,0,0,0,0,0,0,0,0,0,0,0,0,0,0,0,0,0,0,0,0,0,0,0,0,0,0,0,0,0,0,0,0,0,0,0,0,0,0,0,0,0,0,0,0,0.566400598271781,0,0,0,0,0,0,0,0,0,0,0,0,0,0,0,0,0,0,0,0,0,0,0,0,0,0,0,0,0,0,0,0,0,0,0,0,0,0,0,4.62833450119027,0,0,0,0.302089370496354,0,0,0,0,0,0,0,0,0,0,0,0,0,0,0,1.3860535173129,0,0.215347248332874,0,0,0,0,0,0,0,0,0,0,0,0,0,0,0,0,0,0,0,0,0,0,0,0,0,0,0,0,0,0,0,0,0.111765839077458,0.0646041744998622,0.00348712413895434,0,0,0,0,0,0,0,0,0,0,0,0,0,0.163500585259839,0,0,0,10.014419617733,0,0,0,0,1.72341653492161,0,0,0,0,0,0,1.49392591089229,0,0,0,0,0,0.0310417954958025,0,0,0,0,0,0,0,0,0,0,0,0.0208409282869626,0,0,0,0,0,0,0,0,0,0,0,0.0154203455973481,0,0,0,0.333844888125966,0,0,4.5766920265477,0,0.295662847472984,0,0,0,0,0,0,0,0,0,0,0,0,0,0,0,0,0,0,0,0,0,0,0,0,0,0,0,0,0,0.432340228760038,0,0,0,0,0,0,0,0,0,0,0,0,0,0,0,0,0,0,0,0,0,0,0,0,0,0,0.689139566413675,0,0,0,0,0,0,0,0,0,0,1.25334517684868,0,0,0,0,0,0,0,0,0,0,0,0,0,0,0.236644443255538,0,0,0,0,0,0,0,0,0,0,0,0,0,0,0,0,0,0,0,0,0,0,0,0,0,0,0,0,0,0,0,0,0,0.00444914014238521,0,0,0,0.00240776012451825,0,0,0,0,0,0,0,0,0,0,0,0,12.5529309566887,0,20.1309103887253,0,0,0,0,0,0,0,0,0,0,0,0,0,0,17.3341048244846,5.79238424707639,0,0,0,0,0,0,0,0,0,0,0,0,0,0,0,0,0,0,0,0,0,0,0,0,0,0,0,0,0,0,0,0,0,0,0,0,0,0,0,0,0,0,0,0,0,0,0,0,0,0,0,0,0,0.64192472493072,0.290252609001265,0,0,0,0,0,0,0.218628874959287,0,0.197781227043347,0,0.633719895332508,0,0,0,0,0,0,0,0,0,0,0,0,0,0,0,0,0,0,0.266841448234261,0,0,0,0,0.149334310203637,0,0,0,0,0,0,0,0,0,0,0,0,0,0,0,0,0,0,0,0,0,0,0,0,0,0,0,0,0,0,0,0,0,0,0,0.0231059024314906,0,0,0,0,0.183492039520544,0.790003954614032,0,0,0,0,0,0,0,0,0,0,0,0,0,0,0,0,0,0,0,0,0,0,0,0,0,0,0,0,0,0,0,0,0,0.223453540101021,0,0,0,0,0,0,0,0,0,0,0,0.592056388301851,0,0,1.90667621824091,0,0,1.89983877497163,1.43917461995631,0,0,0,0,0,0,0,0,0,0,0,0,0,0,0,0,0,0,0,0,0,0,0.316836530714363,0,0,0,0,0,0,0,0,0.26239939129538,0,0,0,0,0,0,0,0,0,0,0.0376313020999504,0,0,0,0,0,0.0284153129042111,0,2.20157589774201,0,0,0,0,0,0,0,0,0,0,0,0,0,0,0,0,0,0,0,0,0,0,0,0,0,0,0,0,"PAL-00125"
"174",2570,"nSPC",2010,"PRIAs","Pacific Remote Island Areas","Palmyra","Palmyra",2010,"ForereefDeep","Palmyra","2010-04-13","Forereef","Deep",5.89155,-162.16013,25,42.5,30,8.75,13.75,5,0,NA,0,2.5,NA,NA,NA,3,2,33.8152370947491,108.660257275988,24.5982160276428,11.6367540823965,178.710464480777,10.6465917414419,0,0,0,0,0,0,0,0,0,0,0,0,0,0,0,0,0.0438560287631001,0,0,0,0,0,0,0,0,0,0,0.00424413181578388,0,0,0,0,0,0,0,0,0,0,0,0,0,0,0,0,0,0,0,0,0,0,0,0,0,0,0,0,0.00424413181578388,0,0,0,0,0,0,0,0,0.00141471060526129,0,0,0,0,0,0,0,0,0,0,0.0141471060526129,0,0,0,0,0,0,0,0,0,0,0,0,0,0,0,0,0,0,0,0,0,0,0,0,0,0,0,0,0,0,0,0,0,0,0,0,0,0,0,0.0113176848420903,0,0,0,0.00848826363156775,0,0,0,0,0.00141471060526129,0,0,0,0,0,0,0,0,0,0,0.00990297423682904,0,0.356507072525846,0,0,0,0,0,0,0,0,0,0,0,0,0,0,0,0,0,0,0.00141471060526129,0,0,0,0,0,0,0,0,0,0,0,0,0.00848826363156775,0.00282942121052258,1.48544613552436,0.00282942121052258,0,0.00282942121052258,0,0,0,0,0.0127323954473516,0,0,0,0.00565884242104517,0,0,0.00565884242104517,0,0,0,0.0113176848420903,0,0,0,0,0.00141471060526129,0,0,0,0,0,0.00565884242104517,0.00424413181578388,0,0,0,0,0.174009404447139,0,0,0,0,0,0,0,0,0,0,0,0,0.0141471060526129,0,0,0,0,0,0,0,0,0,0,0,0,0,0,0,0.0155618166578742,0,0,0.00990297423682904,0,0.00848826363156775,0,0,0,0,0,0,0,0,0,0,0,0,0,0,0,0,0,0,0,0,0,0,0,0,0,0,0,0,0,0.00707355302630646,0,0,0,0,0,0.00141471060526129,0,0,0,0,0,0,0,0,0,0,0,0,0,0,0,0,0,0,0,0,0.0113176848420903,0,0.00141471060526129,0,0,0,0,0,0,0,0,0,0,0,0,0,0,0,0,0,0.00424413181578388,0,0,0,0,0,0.0113176848420903,0,0,0,0,0,0,0,0,0,0,0,0,0,0,0,0,0,0,0,0,0,0,0,0,0,0,0,0,0,0,0,0,0.00141471060526129,0.00707355302630646,0,0,0,0.00424413181578388,0,0,0,0,0,0,0,0,0,0,0,0,0.0169765272631355,0.00282942121052258,0.00141471060526129,0,0,0,0,0,0,0,0,0,0,0,0,0,0,0.00282942121052258,0,0.00565884242104517,0,0,0,0,0,0.00848826363156775,0.00424413181578388,0.0367824757367936,0,0,0,0,0,0,0,0,0,0,0,0,0,0.0113176848420903,0.00707355302630646,0,0,0,0,0,0,0.00282942121052258,0,0,0,0,0,0,0,0,0,0,0,0,0,0,0,0,0,0,0,0,0,0,0.00565884242104517,0.0198059484736581,0,0,0,0,0,0.00282942121052258,0,0,0,0,0,0,0,0,0,0,0,0,0,0,0,0,0,0,0,0,0,0,0,0.0254647908947033,0,0,0,0,0.0381971863420549,0,0,0,0,0,0,0,0,0,0,0,0,0,0,0,0.00282942121052258,0,0,0,0,0,0,0,0,0,0,0,0.0226353696841807,0,0,0,0,0,0,0,0.0226353696841807,0,0,0,0,0.0353677651315323,0.254647908947033,0,0,0,0,0,0,0,0,0,0,0,0,0,0,0.282942121052258,0,0,0,0,0,0,0,0,0,0,0,0,0,0,0,0,0,0,0,0,0,0,0,0,0,0,0,0,0,0,0,0,0,0,0,0,0,0,0,0,0,0,0.00282942121052258,0,0,0,0,0,0,0,0,0,0,0,0,0,0,0,0,0,0,0,0,0,0,0,0,0,0,0,0,0,0,0,0,0,0,0,0,0,0.033953054526271,0,0,0,0,0,0.00282942121052258,0,0,0,0,0,0,0,0,0,0,0,0,0,0,0,0,0,0,0,0,0,0,0,0,0,0,0,0,0,0,0,0,0,0,0,4.9131623882192,0,0,0,0,0,0,0,0,0,0,1.02032598231085,0,0,0,0,0,0,0,0,0,0,0,0,0,0,0,0,0,0,0,0,0,0,0,0,0,0,0,0,1.9106550918182,0,0,0,0,0,0,0,0,0.125356395563776,0,0,0,0,0,0,0,0,0,0,1.4826359970771,0,0,0,0,0,0,0,0,0,0,0,0,0,0,0,0,0,0,0,0,0,0,0,0,0,0,0,0,0,0,0,0,0,0,0,0,0,0,0,7.99625173552752,0,0,0,0.0696199147672805,0,0,0,0,0.00402127509729693,0,0,0,0,0,0,0,0,0,0,0.741482771290661,0,0.423394589942599,0,0,0,0,0,0,0,0,0,0,0,0,0,0,0,0,0,0,0.562101170801307,0,0,0,0,0,0,0,0,0,0,0,0,0.390689463816976,0.649259761600981,2.84331366866625,5.72813777532925,0,0.0102934306734148,0,0,0,0,0.964623878083089,0,0,0,0.163500585259839,0,0,0.281988661853712,0,0,0,3.40486484870434,0,0,0,0,0.614501165838078,0,0,0,0,0,0.533035888590868,0.013687325105903,0,0,0,0,0.902898832729573,0,0,0,0,0,0,0,0,0,0,0,0,0.0429974722824723,0,0,0,0,0,0,0,0,0,0,0,0,0,0,0,0.662504982281435,0,0,0.724072419527467,0,0.835737419346444,0,0,0,0,0,0,0,0,0,0,0,0,0,0,0,0,0,0,0,0,0,0,0,0,0,0,0,0,0,0.480402150312245,0,0,0,0,0,5.01779267306213,0,0,0,0,0,0,0,0,0,0,0,0,0,0,0,0,0,0,0,0,0.0596428432181895,0,2.00707673710213,0,0,0,0,0,0,0,0,0,0,0,0,0,0,0,0,0,0.714017408954445,0,0,0,0,0,0.0436523104359424,0,0,0,0,0,0,0,0,0,0,0,0,0,0,0,0,0,0,0,0,0,0,0,0,0,0,0,0,0,0,0,0,0.0121645375337763,0.0318462025040802,0,0,0,0.0138461833763884,0,0,0,0,0,0,0,0,0,0,0,0,15.3091556535267,0.759206074486025,1.71339438031343,0,0,0,0,0,0,0,0,0,0,0,0,0,0,1.52547252215334,0,1.53334780714303,0,0,0,0,0,0.798394212674962,1.09175981430711,6.14022086557814,0,0,0,0,0,0,0,0,0,0,0,0,0,4.88998109086732,5.6791824323685,0,0,0,0,0,0,3.87089599264038,0,0,0,0,0,0,0,0,0,0,0,0,0,0,0,0,0,0,0,0,0,0,0.812387817715227,0.0447050261034911,0,0,0,0,0,0.0204346147065911,0,0,0,0,0,0,0,0,0,0,0,0,0,0,0,0,0,0,0,0,0,0,0,0.128572481497268,0,0,0,0,0.094714755395215,0,0,0,0,0,0,0,0,0,0,0,0,0,0,0,0.624736203283387,0,0,0,0,0,0,0,0,0,0,0,0.0468878101785992,0,0,0,0,0,0,0,0.0206960843864885,0,0,0,0,0.131511027952159,0.535982395566689,0,0,0,0,0,0,0,0,0,0,0,0,0,0,85.5616974062029,0,0,0,0,0,0,0,0,0,0,0,0,0,0,0,0,0,0,0,0,0,0,0,0,0,0,0,0,0,0,0,0,0,0,0,0,0,0,0,0,0,0,0.951487946606965,0,0,0,0,0,0,0,0,0,0,0,0,0,0,0,0,0,0,0,0,0,0,0,0,0,0,0,0,0,0,0,0,0,0,0,0,0,0.0156707493744793,0,0,0,0,0,0.0144133771430532,0,0,0,0,0,0,0,0,0,0,0,0,0,0,0,0,0,0,0,141.0418025,149.7657027,146.7110025,155.4084026,151.9236027,173.6325031,144.6610025,149.6186026,171.4514031,147.3856026,171.750203,"PAL-00418"
"175",2571,"nSPC",2010,"PRIAs","Pacific Remote Island Areas","Palmyra","Palmyra",2010,"ForereefMid","Palmyra","2010-04-13","Forereef","Mid",5.89135,-162.13911,16,1.25,0,5.25,76.25,17.25,0,NA,0,1.5,NA,NA,NA,3,2,6.54333101847592,39.8691234434209,6.86101832939563,1.00940362378845,54.2828764150809,3.67503293281744,0,0,0,0,0,0,0,0,0,0,0,0,0,0,0,0,0.00282942121052258,0.00424413181578388,0,0.00282942121052258,0,0.0113176848420903,0,0,0,0,0,0,0,0,0,0,0,0,0,0,0,0,0,0,0,0,0,0,0,0,0,0,0,0,0,0,0,0,0,0,0,0,0,0,0,0,0,0,0,0,0,0,0,0,0,0,0,0,0,0,0,0,0,0,0,0,0,0,0,0,0,0,0,0,0,0,0,0,0,0,0,0,0,0,0,0,0,0,0,0,0,0,0,0,0,0.00565884242104517,0,0,0,0,0,0,0,0,0.00565884242104517,0,0,0,0,0,0,0,0,0,0,0,0,0,0,0,0.00141471060526129,0,0,0,0,0,0,0,0,0.00141471060526129,0,0,0,0,0,0,0,0,0,0,0,0,0,0,0,0,0,0,0,0,0,0,0,0,0,0,0,0,0,0,0,0,0,0,0,0,0,0,0,0,0,0.00565884242104517,0,0,0,0.0169765272631355,0,0,0,0,0,0,0,0,0,0,0,0.291430384683826,0,0,0,0,0,2.47715826981252,0,0,0,0,0,0,0,0,0,0,0,0,0,0,0,0,0,0,0,0,0,0,0,0,0,0,0,0,0,0,0.0212206590789194,0,0,0,0,0,0,0,0,0,0,0,0,0,0,0,0,0,0,0,0,0,0,0,0,0,0,0,0,0,0,0,0,0,0,0,0,0,0,0,0,0,0,0,0,0,0,0,0,0,0,0,0,0,0,0,0,0,0,0,0,0,0,0,0,0,0,0,0,0,0,0,0,0,0,0,0,0,0,0,0,0,0,0,0,0,0,0,0,0,0,0,0,0,0,0,0,0,0,0,0,0,0,0,0,0,0,0,0,0,0,0,0,0,0,0,0,0,0,0,0,0,0,0,0,0,0,0,0,0,0,0,0,0,0.00141471060526129,0,0.00424413181578388,0,0,0,0,0,0,0,0,0,0,0,0,0,0,0,0,0.00565884242104517,0,0,0,0,0,0,0,0,0,0,0,0,0,0,0,0,0,0,0,0,0,0,0,0,0,0,0,0,0,0,0,0,0,0,0,0,0,0,0,0,0,0,0,0,0,0,0,0,0,0,0,0,0,0,0.00282942121052258,0.00424413181578388,0,0,0,0,0,0.00141471060526129,0,0,0,0,0.00565884242104517,0,0,0,0,0,0,0,0,0,0,0,0,0,0,0,0,0,0,0.00565884242104517,0,0,0,0,0,0,0,0,0,0,0,0,0,0,0,0,0,0,0.0806385044998937,0,0,0,0,0,0,0,0,0,0,0,0,0,0,0,0,0,0,0,0,0,0,0,0,0,0,0.0141471060526129,0.00565884242104517,0,0,0,0,0,0,0,0,0,0,0,0,0,0,0.353677651315323,0,0,0,0,0,0,0,0,0,0,0,0,0,0,0,0,0,0,0,0,0,0,0,0,0,0,0,0,0,0,0,0,0,0,0,0,0,0,0,0,0,0,0,0,0,0,0,0,0,0,0,0,0,0,0,0,0,0,0,0,0,0,0,0,0,0,0,0,0,0,0.00282942121052258,0,0,0,0,0,0,0,0,0,0.302748069525916,0,0,0,0,0,0,0,0.222109565026023,0,0,0,0,0,0,0,0,0,0,0,0,0,0,0,0,0,0,0,0,0,0,0,0,0,0,0,0,0,0,0,0,0,0.0884651885662884,0.306549534624457,0,0.140457447755596,0,1.32121267573784,0,0,0,0,0,0,0,0,0,0,0,0,0,0,0,0,0,0,0,0,0,0,0,0,0,0,0,0,0,0,0,0,0,0,0,0,0,0,0,0,0,0,0,0,0,0,0,0,0,0,0,0,0,0,0,0,0,0,0,0,0,0,0,0,0,0,0,0,0,0,0,0,0,0,0,0,0,0,0,0,0,0,0,0,0,0,0,0,0,1.21825050397965,0,0,0,0,0,0,0,0,0.0286715995988349,0,0,0,0,0,0,0,0,0,0,0,0,0,0,0,0.117036699737791,0,0,0,0,0,0,0,0,0.00129246476091901,0,0,0,0,0,0,0,0,0,0,0,0,0,0,0,0,0,0,0,0,0,0,0,0,0,0,0,0,0,0,0,0,0,0,0,0,0,0,0,0,0,0.163500585259839,0,0,0,3.67503293281744,0,0,0,0,0,0,0,0,0,0,0,0.133661292100845,0,0,0,0,0,4.44920648194336,0,0,0,0,0,0,0,0,0,0,0,0,0,0,0,0,0,0,0,0,0,0,0,0,0,0,0,0,0,0,1.30062895029518,0,0,0,0,0,0,0,0,0,0,0,0,0,0,0,0,0,0,0,0,0,0,0,0,0,0,0,0,0,0,0,0,0,0,0,0,0,0,0,0,0,0,0,0,0,0,0,0,0,0,0,0,0,0,0,0,0,0,0,0,0,0,0,0,0,0,0,0,0,0,0,0,0,0,0,0,0,0,0,0,0,0,0,0,0,0,0,0,0,0,0,0,0,0,0,0,0,0,0,0,0,0,0,0,0,0,0,0,0,0,0,0,0,0,0,0,0,0,0,0,0,0,0,0,0,0,0,0,0,0,0,0,0,0.891316412537,0,5.1302563155511,0,0,0,0,0,0,0,0,0,0,0,0,0,0,0,0,2.15466735049698,0,0,0,0,0,0,0,0,0,0,0,0,0,0,0,0,0,0,0,0,0,0,0,0,0,0,0,0,0,0,0,0,0,0,0,0,0,0,0,0,0,0,0,0,0,0,0,0,0,0,0,0,0,0,0.382311393965811,0.0240044033859513,0,0,0,0,0,0.0224101966842174,0,0,0,0,0.101137293492315,0,0,0,0,0,0,0,0,0,0,0,0,0,0,0,0,0,0,0.0156076608302934,0,0,0,0,0,0,0,0,0,0,0,0,0,0,0,0,0,0,0.0308136239433106,0,0,0,0,0,0,0,0,0,0,0,0,0,0,0,0,0,0,0,0,0,0,0,0,0,0,0.0411498406340046,0.0341487792389891,0,0,0,0,0,0,0,0,0,0,0,0,0,0,31.6895175578529,0,0,0,0,0,0,0,0,0,0,0,0,0,0,0,0,0,0,0,0,0,0,0,0,0,0,0,0,0,0,0,0,0,0,0,0,0,0,0,0,0,0,0,0,0,0,0,0,0,0,0,0,0,0,0,0,0,0,0,0,0,0,0,0,0,0,0,0,0,0,0.00342044119504885,0,0,0,0,0,0,0,0,0,0.15885785386479,0,0,0,0,0,0,0,0.659290934230075,0,0,0,0,0,0,0,0,0,0,0,0,0,0,0,0,0,28.1085005,29.21390053,25.42630045,25.21290041,29.36820053,23.92890045,29.78870053,34.5052006,25.51070046,32.26280059,20.07440035,"PAL-00427"
"176",2575,"nSPC",2010,"PRIAs","Pacific Remote Island Areas","Kingman","Kingman",2010,"ForereefDeep","Kingman","2010-04-14","Forereef","Deep",6.3785,-162.42554,22.5,30,12.5,12.5,20,22.5,2.5,NA,0,3.25,NA,NA,NA,4,2,40.8106655554132,49.4425632391908,19.186100312404,12.018794941338,121.458124048346,13.435263719587,0,0,0,0,0,0,0,0,0,0,0,0,0,0,0,0,0.0169765272631355,0,0,0,0,0.00282942121052258,0,0,0,0.0113176848420903,0,0,0,0,0,0,0,0,0,0,0,0,0,0,0,0,0,0,0,0,0,0,0,0,0.00141471060526129,0,0,0,0,0,0.00424413181578388,0.00141471060526129,0,0,0,0,0,0,0,0,0,0,0,0,0,0,0,0,0,0,0.00282942121052258,0,0,0,0,0,0,0.00282942121052258,0,0,0.00565884242104517,0,0,0,0,0,0,0,0,0,0,0.00141471060526129,0,0,0,0,0,0,0,0,0,0,0,0,0,0,0,0,0,0,0.00707355302630646,0,0,0,0.0141471060526129,0,0,0,0,0.00848826363156775,0,0,0,0,0,0,0,0,0,0,0.0141471060526129,0,0.229183118052329,0,0,0,0,0,0,0,0,0,0,0,0,0,0,0,0,0,0,0.00141471060526129,0,0,0,0,0,0,0,0,0,0,0,0,0,0,0.749796620788485,0.00282942121052258,0,0,0,0,0,0,0.00707355302630646,0,0,0,0.00565884242104517,0,0,0,0,0,0,0,0,0,0,0,0,0.00141471060526129,0,0,0,0,0,0,0,0,0,0,0.290015674078565,0.00990297423682904,0,0,0,0,0,0,0,0,0,0,0,0,0,0,0,0,0,0,0,0.00141471060526129,0,0,0,0.00565884242104517,0,0,0,0.00565884242104517,0,0,0.00565884242104517,0,0.00282942121052258,0,0,0,0,0,0.0551737136051904,0,0,0,0,0,0,0,0,0,0,0,0,0,0,0,0,0,0,0,0,0,0,0,0,0,0,0,0,0,0,0,0,0,0,0,0.00141471060526129,0,0,0,0,0,0.00282942121052258,0,0,0,0,0,0,0,0,0.00848826363156775,0,0.00141471060526129,0,0,0,0,0,0,0,0,0,0,0,0,0,0,0,0,0,0.00141471060526129,0,0,0.00990297423682904,0,0,0.0325383439210097,0,0,0,0,0,0,0,0,0,0,0,0,0,0.00990297423682904,0,0,0,0,0,0,0,0,0,0,0,0,0,0,0,0,0,0,0.00141471060526129,0.00141471060526129,0,0,0,0.00282942121052258,0,0,0,0,0,0,0,0,0,0,0,0,0.024050080289442,0,0.00141471060526129,0,0,0,0,0,0,0,0,0,0,0.00141471060526129,0,0,0,0.0424413181578388,0.00990297423682904,0.00282942121052258,0,0,0,0,0,0,0.033953054526271,0.0565884242104517,0,0.0410266075525775,0,0,0,0,0,0,0.0212206590789194,0,0,0.00282942121052258,0,0,0.00282942121052258,0,0,0,0,0,0,0.00282942121052258,0,0,0,0,0,0,0,0,0,0,0,0,0,0,0,0,0,0,0,0,0,0,0.00565884242104517,0.00707355302630646,0,0,0,0,0,0.00424413181578388,0.00282942121052258,0,0,0,0,0,0,0,0,0,0,0,0,0,0,0,0,0,0,0,0,0,0,0.00848826363156775,0,0,0,0,0.0396118969473162,0,0,0,0,0,0,0,0,0,0,0,0,0,0.091956189341984,0,0,0,0,0,0,0,0,0,0,0,0,0,0,0,0,0,0,0,0,0,0.0113176848420903,0,0,0,0,0.0466854499736226,0,0,0,0,0,0,0,0,0,0,0,0,0,0,0,0,0,0,0,0,0,0,0,0,0,0,0,0,0,0,0,0,0,0,0.00282942121052258,0,0,0,0,0,0,0,0,0.00141471060526129,0,0,0,0,0,0,0,0,0,0.00141471060526129,0,0,0,0,0.00565884242104517,0,0,0,0,0,0,0,0,0,0,0,0,0,0,0,0,0,0.00707355302630646,0,0,0,0,0,0,0,0,0.00424413181578388,0,0,0,0,0,0,0,0,0,0,0,0,0,0,0,0,0,0,0,0,0,0,0,0,0,0,0,0,0,0,0,0.00990297423682904,0,0.00424413181578388,0,0,0,0,0,0,0,0,0,0,0,0,0,0,0,0,0,0,1.17935019226971,0,0,0,0,0.36842177466818,0,0,0,0.453291103279344,0,0,0,0,0,0,0,0,0,0,0,0,0,0,0,0,0,0,0,0,0,0,0,0,0.020796245897341,0,0,0,0,0,1.03424187185883,0.102441379617354,0,0,0,0,0,0,0,0,0,0,0,0,0,0,0,0,0,0,0.153526450283135,0,0,0,0,0,0,0.214493160106981,0,0,1.04541008878601,0,0,0,0,0,0,0,0,0,0,2.04527369327536,0,0,0,0,0,0,0,0,0,0,0,0,0,0,0,0,0,0,7.92084907229244,0,0,0,0.0937391942862518,0,0,0,0,0.0249375352065182,0,0,0,0,0,0,0,0,0,0,1.06857677023195,0,0.292361264262088,0,0,0,0,0,0,0,0,0,0,0,0,0,0,0,0,0,0,1.19033299391022,0,0,0,0,0,0,0,0,0,0,0,0,0,0,1.63572659898945,4.01179365064338,0,0,0,0,0,0,0.790313110505177,0,0,0,0.222744623556776,0,0,0,0,0,0,0,0,0,0,0,0,0.0583614369316507,0,0,0,0,0,0,0,0,0,0,1.83136930624912,0.0484541481537851,0,0,0,0,0,0,0,0,0,0,0,0,0,0,0,0,0,0,0,0.0298701043967257,0,0,0,0.286170773595586,0,0,0,0.223512921869351,0,0,0.755460774818562,0,0.217956216441117,0,0,0,0,0,1.09021866462909,0,0,0,0,0,0,0,0,0,0,0,0,0,0,0,0,0,0,0,0,0,0,0,0,0,0,0,0,0,0,0,0,0,0,0,0.812084861571825,0,0,0,0,0,0.131780292880089,0,0,0,0,0,0,0,0,0.126864968078994,0,0.720184179663123,0,0,0,0,0,0,0,0,0,0,0,0,0,0,0,0,0,0.118132535722759,0,0,0.0745570726629626,0,0,0.236550365000288,0,0,0,0,0,0,0,0,0,0,0,0,0,0.860348332210265,0,0,0,0,0,0,0,0,0,0,0,0,0,0,0,0,0,0,0.0121645375337763,0.00684926559042375,0,0,0,0.00992062457000786,0,0,0,0,0,0,0,0,0,0,0,0,28.4278000145761,0,1.16257242960053,0,0,0,0,0,0,0,0,0,0,0.0148488025128225,0,0,0,22.08856292279,1.90471429635128,1.72487033579592,0,0,0,0,0,0,8.73407851445687,4.3767276555974,0,2.8626183714377,0,0,0,0,0,0,2.79625968657996,0,0,2.6085935517168,0,0,0.616537647744132,0,0,0,0,0,0,2.39531141133967,0,0,0,0,0,0,0,0,0,0,0,0,0,0,0,0,0,0,0,0,0,0,0.68682241925958,0.038142096860142,0,0,0,0,0,0.0198018732673642,0.120304492692003,0,0,0,0,0,0,0,0,0,0,0,0,0,0,0,0,0,0,0,0,0,0,0.0432156334909248,0,0,0,0,0.133226623418553,0,0,0,0,0,0,0,0,0,0,0,0,0,0.231260078936936,0,0,0,0,0,0,0,0,0,0,0,0,0,0,0,0,0,0,0,0,0,0.00973377484843979,0,0,0,0,0.186557646436866,0,0,0,0,0,0,0,0,0,0,0,0,0,0,0,0,0,0,0,0,0,0,0,0,0,0,0,0,0,0,0,0,0,0,0.298235991521496,0,0,0,0,0,0,0,0,1.01479833689501,0,0,0,0,0,0,0,0,0,2.65487588618601,0,0,0,0,2.51818915867698,0,0,0,0,0,0,0,0,0,0,0,0,0,0,0,0,0,0.0592385334639701,0,0,0,0,0,0,0,0,0.348480570435835,0,0,0,0,0,0,0,0,0,0,0,0,0,0,0,0,0,0,0,0,0,0,0,0,0,0,0,0,0,0,0,1.55534562926273,0,0.306967505698001,0,0,24.77820039,25.33170045,26.11410047,19.02800034,24.81690041,24.22280041,27.11600048,32.35430057,32.10740056,34.42300061,15.77710029,"KIN-00120"
"177",2576,"nSPC",2010,"PRIAs","Pacific Remote Island Areas","Kingman","Kingman",2010,"ForereefMid","Kingman","2010-04-14","Forereef","Mid",6.37824,-162.4205,13,26.25,26.25,6.25,21.25,18.75,1.25,NA,0,2.25,NA,NA,NA,4,2,57.8524083897107,182.241746470237,17.5739164221236,15.461907385566,273.129978667638,11.3203085020568,0,0,0,0,0,0.00282942121052258,0,0,0,0,0,0,0,0,0.00141471060526129,0,0.0325383439210097,0,0,0,0,0,0,0,0,0.0127323954473516,0,0,0,0,0,0,0,0,0,0,0,0,0,0,0,0,0,0,0,0,0,0,0,0,0.00565884242104517,0,0,0,0,0,0.00707355302630646,0,0,0,0,0,0,0,0,0,0,0,0,0,0,0,0,0,0,0,0.00707355302630646,0,0,0,0,0,0,0,0,0,0.00424413181578388,0,0,0,0,0,0,0,0,0,0,0,0,0,0,0,0,0,0,0,0,0,0,0,0,0.622472666314969,0,0,0,0,0.00707355302630646,0,0,0,0.0141471060526129,0,0,0,0,0.00707355302630646,0,0,0,0,0,0,0,0,0,0,0.00424413181578388,0,0.125909243868255,0,0,0,0,0,0,0,0,0,0,0,0,0,0,0,0,0,0,0.00141471060526129,0,0,0,0,0,0,0,0,0,0,0,0,0,0,0.0947856105525066,0.00424413181578388,0,0,0,0,0,0,0.00848826363156775,0,0,0,0,0,0,0.00565884242104517,0,0.00141471060526129,0,0,0,0,0,0,0.00141471060526129,0,0,0,0,0,0.00282942121052258,0.162691719605049,0,0,0,0,0.137226928710345,0,0,0,0,0,0,0,0,0,0,0,0,0.00424413181578388,0,0,0,0,0,0,0,0,0,0,0,0,0,0,0,0.0113176848420903,0,0,0.00565884242104517,0,0.00565884242104517,0,0,0,0,0,0.00848826363156775,0,0,0,0,0,0,0,0,0,0,0,0,0,0,0,0,0,0,0,0,0,0,0,0,0,0,0,0,0,0,0,0,0,0,0.00141471060526129,0,0,0,0,0,0.00141471060526129,0.00141471060526129,0,0,0,0,0,0,0,0,0.0141471060526129,0,0,0,0,0,0,0,0,0,0,0,0,0,0,0,0,0,0,0,0.00141471060526129,0,0,0,0,0,0.0268795014999645,0,0,0,0,0,0,0,0,0,0,0,0,0,0.00424413181578388,0,0,0,0,0,0,0,0,0,0,0,0,0,0,0,0,0,0,0.00282942121052258,0.00282942121052258,0,0,0,0.00707355302630646,0,0,0,0,0,0,0,0,0,0,0,0,0.033953054526271,0,0.00141471060526129,0,0,0,0,0,0,0,0,0,0,0.00282942121052258,0,0,0,0.00141471060526129,0.00707355302630646,0.00990297423682904,0,0,0,0,0,0,0.00424413181578388,0.0169765272631355,0,0.00282942121052258,0,0,0,0,0,0,0.00282942121052258,0,0,0.00707355302630646,0,0,0.00141471060526129,0,0,0,0,0,0,0.00848826363156775,0,0,0,0,0,0,0,0,0,0,0,0,0,0,0,0,0,0,0,0,0,0,0.00282942121052258,0.0127323954473516,0,0,0,0,0,0.00424413181578388,0.00141471060526129,0,0,0,0,0,0,0,0,0,0,0,0,0,0,0,0,0,0,0,0,0,0,0.024050080289442,0,0,0,0,0.0763943726841098,0,0,0,0,0,0,0,0,0,0,0,0,0,0.00282942121052258,0,0,0,0,0,0,0,0,0,0,0,0,0,0,0,0,0,0,0,0,0,0.0113176848420903,0,0,0,0,0.0155618166578742,0.0353677651315323,0,0,0,0,0,0,0,0,0,0,0,0,0,0,0,0,0,0,0,0,0,0,0,0,0.00141471060526129,0,0,0,0,0,0.00141471060526129,0,0,0.0113176848420903,0,0,0,0,0,0,0,0,0.00141471060526129,0,0,0,0,0,0,0,0,0,0.00141471060526129,0,0,0,0,0.00424413181578388,0,0,0,0,0,0,0,0,0,0,0,0,0,0,0,0,0,0.00141471060526129,0,0,0,0,0,0,0,0,0.00141471060526129,0,0,0,0,0,0,0,0,0,0,0.0113176848420903,0,0,0,0,0,0.00282942121052258,0,0.0212206590789194,0,0,0,0,0,0,0,0,0,0,0,0,0,0,0.00141471060526129,0,0,0,0,0,0,0,0.197069187312898,0,0,0,0,0,0,0,0,0.0775978528364291,0,2.4017354371679,0,0,0,0,0,0,0,0,0.542187415053208,0,0,0,0,0,0,0,0,0,0,0,0,0,0,0,0,0,0,0,0,0,0,0,0,0.118975322778688,0,0,0,0,0,1.38517852137646,0,0,0,0,0,0,0,0,0,0,0,0,0,0,0,0,0,0,0,0.778719343459769,0,0,0,0,0,0,0,0,0,0.765868555874,0,0,0,0,0,0,0,0,0,0,0,0,0,0,0,0,0,0,0,0,0,0,0,0,162.632142359255,0,0,0,0,4.67079430355089,0,0,0,0.11193816240066,0,0,0,0,0.0281405546162683,0,0,0,0,0,0,0,0,0,0,0.404755851658733,0,0.102563689460233,0,0,0,0,0,0,0,0,0,0,0,0,0,0,0,0,0,0,1.56298943177469,0,0,0,0,0,0,0,0,0,0,0,0,0,0,0.102016196455997,7.06037111866537,0,0,0,0,0,0,0.640311346902785,0,0,0,0,0,0,0.21170044221903,0,0.0895556462070528,0,0,0,0,0,0,0.0910336703782567,0,0,0,0,0,0.266517944295434,1.01194956949643,0,0,0,0,1.01640877807193,0,0,0,0,0,0,0,0,0,0,0,0,0.015630696215222,0,0,0,0,0,0,0,0,0,0,0,0,0,0,0,0.480448268922077,0,0,0.644990249370558,0,0.422521195780741,0,0,0,0,0,0.159343739282579,0,0,0,0,0,0,0,0,0,0,0,0,0,0,0,0,0,0,0,0,0,0,0,0,0,0,0,0,0,0,0,0,0,0,0.162204524003862,0,0,0,0,0,0.0596831036594608,0.0535711294315504,0,0,0,0,0,0,0,0,0.22338120945508,0,0,0,0,0,0,0,0,0,0,0,0,0,0,0,0,0,0,0,0.0675706642620932,0,0,0,0,0,0.203585344360731,0,0,0,0,0,0,0,0,0,0,0,0,0,0.459349177033194,0,0,0,0,0,0,0,0,0,0,0,0,0,0,0,0,0,0,0.0174192156537166,0.00889828028477043,0,0,0,0.0211918576645821,0,0,0,0,0,0,0,0,0,0,0,0,50.7772600676326,0,1.36556586872931,0,0,0,0,0,0,0,0,0,0,0.029697605025645,0,0,0,0.124143486301163,1.06264833504268,7.86053336968487,0,0,0,0,0,0,0.313110081978934,1.6068047755793,0,0.252155334786203,0,0,0,0,0,0,0.142284519124154,0,0,5.85355869413973,0,0,0.688238160478757,0,0,0,0,0,0,8.10523370412178,0,0,0,0,0,0,0,0,0,0,0,0,0,0,0,0,0,0,0,0,0,0,0.215265209264875,0.0892437494328159,0,0,0,0,0,0.147794953491882,0.0891549587313434,0,0,0,0,0,0,0,0,0,0,0,0,0,0,0,0,0,0,0,0,0,0,0.102309774824207,0,0,0,0,0.323362733711065,0,0,0,0,0,0,0,0,0,0,0,0,0,0.00401159522886152,0,0,0,0,0,0,0,0,0,0,0,0,0,0,0,0,0,0,0,0,0,0.00685144346128044,0,0,0,0,0.0584813832451575,0.0581178876791082,0,0,0,0,0,0,0,0,0,0,0,0,0,0,0,0,0,0,0,0,0,0,0,0,0.0800612544698842,0,0,0,0,0,0.0772969799859431,0,0,1.37816212265861,0,0,0,0,0,0,0,0,0.29345431112277,0,0,0,0,0,0,0,0,0,0.426974564783822,0,0,0,0,1.9765190757102,0,0,0,0,0,0,0,0,0,0,0,0,0,0,0,0,0,0.0142393092066712,0,0,0,0,0,0,0,0,0.125164540205645,0,0,0,0,0,0,0,0,0,0,0.00852080197548876,0,0,0,0,0,0.0214143450236321,0,0.073623803434766,0,0,0,0,0,0,0,0,0,0,0,0,0,0,0.10841051071587,0,0,24.77820039,25.33170045,26.11410047,19.02800034,24.81690041,24.22280041,27.11600048,32.35430057,32.10740056,34.42300061,15.77710029,"KIN-00148"
"178",2577,"nSPC",2010,"PRIAs","Pacific Remote Island Areas","Kingman","Kingman",2010,"BackreefShallow","Kingman","2010-04-14","Backreef","Shallow",6.38197,-162.40796,5,10,0,2.75,30,43.5,13.75,NA,0,1.25,NA,NA,NA,4,2,21.6307140785694,0.95572753422354,8.1430110290942,1.48987867536855,32.2193313172557,5.53270652893573,0,0,0,0,0,0,0,0,0,0,0,0,0,0,0,0,0.00282942121052258,0.00565884242104517,0,0.0183912378683968,0,0.00565884242104517,0,0,0.00141471060526129,0,0.024050080289442,0,0,0,0,0,0,0,0,0,0,0,0,0,0,0,0,0,0,0,0,0,0,0,0,0,0,0,0,0,0,0,0,0,0,0,0,0,0,0.00141471060526129,0,0,0,0,0,0,0,0,0,0,0.00141471060526129,0,0,0,0,0,0,0,0,0,0.00141471060526129,0,0,0,0,0,0,0,0,0,0,0,0,0,0,0,0,0,0,0,0,0,0,0,0,0,0,0,0,0,0.00282942121052258,0,0,0,0.0127323954473516,0,0,0,0,0,0,0,0,0,0,0,0,0,0,0,0,0,0,0,0,0,0,0,0,0,0,0,0,0,0,0,0,0,0,0,0,0,0,0,0,0,0,0,0,0,0,0,0,0,0,0,0,0,0,0,0,0,0,0,0,0,0,0,0,0,0,0.00707355302630646,0,0,0,0,0,0,0,0,0,0,0,0,0,0,0,0.0353677651315323,0,0,0,0,0,0,0,0,0,0,0,0,0,0,0,0,0,0,0,0,0,0,0,0,0,0.00424413181578388,0,0,0,0,0,0,0,0,0,0,0.00424413181578388,0,0,0,0,0,0,0,0,0,0,0,0,0,0,0,0,0,0,0,0,0,0,0,0,0,0,0,0,0,0,0,0,0,0,0,0,0,0,0,0,0,0,0,0,0,0,0,0,0,0,0,0,0,0,0,0,0,0,0.00990297423682904,0,0,0,0,0,0,0,0,0,0,0,0,0,0,0,0,0,0,0,0,0,0,0,0,0,0,0,0,0,0,0,0,0,0,0,0,0,0,0,0,0,0,0,0,0,0,0,0,0,0,0,0,0,0,0,0,0,0,0,0,0,0,0,0,0,0,0,0,0,0,0,0,0,0,0,0,0.00707355302630646,0,0,0,0,0,0,0,0,0,0,0,0,0.00141471060526129,0,0,0,0.00990297423682904,0.00282942121052258,0,0,0,0,0,0,0,0,0,0,0,0,0,0,0,0,0,0,0,0,0,0,0,0,0,0,0,0,0,0,0,0,0,0,0,0,0,0,0,0,0,0,0,0,0,0,0,0,0,0,0,0,0,0.00141471060526129,0.00424413181578388,0,0,0,0,0,0,0.00424413181578388,0,0,0,0,0,0,0,0,0,0,0,0,0,0,0,0,0,0,0,0,0,0,0.0198059484736581,0,0,0,0,0,0,0,0,0,0,0.00141471060526129,0,0,0,0,0,0,0.00141471060526129,0,0,0,0,0,0,0,0,0,0,0,0,0,0,0,0,0,0,0,0,0,0,0,0,0,0,0,0,0,0,0,0,0,0,0,0,0,0,0,0,0,0,0,0,0,0,0,0,0,0,0,0,0,0,0,0,0,0,0,0,0,0,0,0,0,0,0,0,0,0,0,0.00282942121052258,0,0,0,0,0,0,0,0,0,0.00424413181578388,0,0,0,0,0,0,0,0,0,0,0,0,0,0,0,0,0,0,0,0,0,0,0.00707355302630646,0,0,0.0438560287631001,0,0,0,0,0,0,0,0,0,0,0,0,0,0,0,0,0.140056349920868,0,0,0,0,0,0,0,0.108932716605119,0,0,0,0,0,0,0,0,0,0,0,0,0,0,0,0,0,0,0,0,0,0,0,0,0,0,0,0,0,0,0,0,0,0.143915361610718,0.204779094492356,0,0.533226185903193,0,0.489257206175493,0,0,0.000767356280141507,0,0.501108982380806,0,0,0,0,0,0,0,0,0,0,0,0,0,0,0,0,0,0,0,0,0,0,0,0,0,0,0,0,0,0,0,0,0,0,0,0,0,0,0.0501295408674848,0,0,0,0,0,0,0,0,0,0,0.0561701716726763,0,0,0,0,0,0,0,0,0,0.0778629531153655,0,0,0,0,0,0,0,0,0,0,0,0,0,0,0,0,0,0,0,0,0,0,0,0,0,0,0,0,0,1.88306886250529,0,0,0,0.0949510199688806,0,0,0,0,0,0,0,0,0,0,0,0,0,0,0,0,0,0,0,0,0,0,0,0,0,0,0,0,0,0,0,0,0,0,0,0,0,0,0,0,0,0,0,0,0,0,0,0,0,0,0,0,0,0,0,0,0,0,0,0,0,0,0,0,0,0,0.29057027920508,0,0,0,0,0,0,0,0,0,0,0,0,0,0,0,0.0177022738036345,0,0,0,0,0,0,0,0,0,0,0,0,0,0,0,0,0,0,0,0,0,0,0,0,0,0.071453692871432,0,0,0,0,0,0,0,0,0,0,0.205035173180323,0,0,0,0,0,0,0,0,0,0,0,0,0,0,0,0,0,0,0,0,0,0,0,0,0,0,0,0,0,0,0,0,0,0,0,0,0,0,0,0,0,0,0,0,0,0,0,0,0,0,0,0,0,0,0,0,0,0,0.172668895292075,0,0,0,0,0,0,0,0,0,0,0,0,0,0,0,0,0,0,0,0,0,0,0,0,0,0,0,0,0,0,0,0,0,0,0,0,0,0,0,0,0,0,0,0,0,0,0,0,0,0,0,0,0,0,0,0,0,0,0,0,0,0,0,0,0,0,0,0,0,0,0,0,0,0,0,0,19.4462522236114,0,0,0,0,0,0,0,0,0,0,0,0,0.0637164435950607,0,0,0,0.697274898048195,0.153318345573698,0,0,0,0,0,0,0,0,0,0,0,0,0,0,0,0,0,0,0,0,0,0,0,0,0,0,0,0,0,0,0,0,0,0,0,0,0,0,0,0,0,0,0,0,0,0,0,0,0,0,0,0,0,0.0806438096646634,0.0637770379981721,0,0,0,0,0,0,0.220749182788072,0,0,0,0,0,0,0,0,0,0,0,0,0,0,0,0,0,0,0,0,0,0,0.0795327840651649,0,0,0,0,0,0,0,0,0,0,0.00658183988363104,0,0,0,0,0,0,0.00587727826501955,0,0,0,0,0,0,0,0,0,0,0,0,0,0,0,0,0,0,0,0,0,0,0,0,0,0,0,0,0,0,0,0,0,0,0,0,0,0,0,0,0,0,0,0,0,0,0,0,0,0,0,0,0,0,0,0,0,0,0,0,0,0,0,0,0,0,0,0,0,0,0,2.64123412919888,0,0,0,0,0,0,0,0,0,2.89147239973685,0,0,0,0,0,0,0,0,0,0,0,0,0,0,0,0,0,0,0,0,0,0,0.0482640176465542,0,0,0.229099917062685,0,0,0,0,0,0,0,0,0,0,0,0,0,0,0,0,0.23487308410669,0,0,0,0,0,0,0,0.563996876686038,0,0,0,0,0,0,0,0,0,0,0,0,0,0,0,0,0,0,0,0,0,0,0,0,0,0,0,0,"KIN-00103"
"179",2578,"nSPC",2010,"PRIAs","Pacific Remote Island Areas","Kingman","Kingman",2010,"ForereefMid","Kingman","2010-04-14","Forereef","Mid",6.38244,-162.38927,13,35,2.5,20,17.5,17.5,7.5,NA,0,2.75,NA,NA,NA,4,2,40.6022121163115,355.884096078852,25.5884023131157,12.1073640703853,434.182074578665,13.2983906549383,0,0,0,0,0,0,0,0,0,0,0,0,0,0,0,0,0.0226353696841807,0,0,0,0,0,0,0,0,0.00282942121052258,0,0,0,0,0,0,0,0,0,0,0,0,0,0,0,0,0,0,0,0,0,0,0,0,0,0,0,0,0,0,0.00848826363156775,0,0,0,0,0,0,0,0,0,0,0,0,0,0,0,0,0,0,0,0.00282942121052258,0,0,0,0,0,0,0,0,0,0.00565884242104517,0,0,0,0,0,0,0,0,0,0,0.00990297423682904,0,0,0,0,0,0,0,0,0,0,0,0,0,1.04688584789336,0,0,0,0,0.00848826363156775,0,0,0,0.00990297423682904,0,0,0,0,0,0,0,0,0,0,0,0,0,0,0,0.00424413181578388,0,0,0,0,0,0,0,0,0,0,0,0,0,0,0,0,0,0,0,0,0,0,0,0,0,0,0,0,0,0,0,0,0,0,0.0113176848420903,0.100444452973552,0.00424413181578388,0,0,0,0,0,0,0.00282942121052258,0,0,0,0.00282942121052258,0,0,0,0,0,0,0.00707355302630646,0,0,0,0,0,0.00141471060526129,0,0,0,0,0,0,0,0,0,0,0.0707355302630646,0,0,0,0,0,0,0,0,0,0,0,0,0,0,0,0,0,0,0,0,0,0,0,0,0,0,0,0,0.0325383439210097,0,0,0.0183912378683968,0,0.033953054526271,0,0,0,0,0,0.00141471060526129,0,0,0,0,0,0,0,0,0,0,0,0,0,0,0,0,0,0,0,0,0,0,0,0,0,0,0,0,0,0,0,0,0,0,0.00141471060526129,0,0,0,0,0,0,0,0,0,0,0,0,0,0,0,0.0353677651315323,0,0,0,0,0,0,0,0,0,0,0,0,0,0,0,0,0,0,0,0.00707355302630646,0,0,0,0,0,0.00990297423682904,0,0,0,0,0,0,0,0,0,0,0,0,0,0,0,0,0,0,0,0,0,0,0,0,0,0,0,0,0,0,0,0,0.00424413181578388,0.00282942121052258,0,0,0,0.00282942121052258,0,0,0,0,0,0,0,0,0,0,0,0,0.0141471060526129,0,0.00141471060526129,0,0,0,0,0,0,0,0,0,0,0,0,0,0,0.00424413181578388,0.0127323954473516,0.00707355302630646,0,0,0,0,0,0,0.0523442923946678,0.0721502408683259,0,0.0155618166578742,0,0,0,0,0,0,0.0198059484736581,0,0,0,0,0.0226353696841807,0.00282942121052258,0,0,0,0,0,0,0.00707355302630646,0,0,0,0,0,0,0,0,0,0,0,0,0,0,0,0,0,0,0,0,0,0,0.00848826363156775,0.0141471060526129,0,0,0,0,0,0,0,0,0,0,0.00565884242104517,0,0,0,0,0,0,0,0,0,0,0,0.033953054526271,0,0,0,0,0,0,0.0127323954473516,0,0,0,0,0.0495148711841452,0,0,0,0,0,0,0,0,0,0,0,0,0,0,0,0,0,0,0,0,0,0,0,0,0,0,0,0,0,0,0,0,0,0,0,0.0113176848420903,0.0297089227104871,0,0,0.00424413181578388,0.00848826363156775,0,0,0,0,0,0,0,0,0,0,0,0,0,0,0,0,0,0,0,0,0,0,0,0,0,0,0,0,0,0,0,0,0,0,0,0,0,0,0,0,0,0,0,0.00282942121052258,0,0,0,0,0,0,0,0,0,0.00282942121052258,0,0.00141471060526129,0,0,0.00141471060526129,0,0,0,0,0,0,0,0,0,0,0,0,0,0,0,0,0,0,0,0,0,0,0,0,0,0,0,0,0,0,0,0,0,0,0,0,0,0.00848826363156775,0,0,0,0,0,0,0,0.00424413181578388,0,0,0,0,0,0,0,0,0,0,0,0,0.00141471060526129,0,0,0.00141471060526129,0,0,0,0,0,0,0,0,0,0,0,0,0,0,0,0,0,1.43099751954896,0,0,0,0,0,0,0,0,0.118788156565612,0,0,0,0,0,0,0,0,0,0,0,0,0,0,0,0,0,0,0,0,0,0,0,0,0,0,0,0,0,0,4.75714124901675,0,0,0,0,0,0,0,0,0,0,0,0,0,0,0,0,0,0,0,0.608389228041798,0,0,0,0,0,0,0,0,0,1.81698991652877,0,0,0,0,0,0,0,0,0,0,2.34993620673312,0,0,0,0,0,0,0,0,0,0,0,0,0,293.783948393156,0,0,0,0,9.68879191088127,0,0,0,0.111963715651069,0,0,0,0,0,0,0,0,0,0,0,0,0,0,0,0.263604917057219,0,0,0,0,0,0,0,0,0,0,0,0,0,0,0,0,0,0,0,0,0,0,0,0,0,0,0,0,0,0,0,0,0,0,1.65674210803017,0.133880289302539,2.8763370613062,0,0,0,0,0,0,0.395127046263918,0,0,0,0.0508081320116767,0,0,0,0,0,0,2.0762517120302,0,0,0,0,0,0.092235127062816,0,0,0,0,0,0,0,0,0,0,0.449119798520833,0,0,0,0,0,0,0,0,0,0,0,0,0,0,0,0,0,0,0,0,0,0,0,0,0,0,0,0,1.323828977021,0,0,2.99260992543454,0,1.64294372173995,0,0,0,0,0,0.0175602491576961,0,0,0,0,0,0,0,0,0,0,0,0,0,0,0,0,0,0,0,0,0,0,0,0,0,0,0,0,0,0,0,0,0,0,0.248515441310491,0,0,0,0,0,0,0,0,0,0,0,0,0,0,0,0.362472745829182,0,0,0,0,0,0,0,0,0,0,0,0,0,0,0,0,0,0,0,0.333031278480497,0,0,0,0,0,0.0321935789465075,0,0,0,0,0,0,0,0,0,0,0,0,0,0,0,0,0,0,0,0,0,0,0,0,0,0,0,0,0,0,0,0,0.0241546690610309,0.0136985311808475,0,0,0,0.00992062457000786,0,0,0,0,0,0,0,0,0,0,0,0,24.6678069812434,0,0.553751439885832,0,0,0,0,0,0,0,0,0,0,0,0,0,0,0.291444521703065,3.30056044588178,2.49880197511203,0,0,0,0,0,0,9.43852629879476,9.39071481705935,0,1.06400259934779,0,0,0,0,0,0,2.02149413096391,0,0,0,0,29.8887052371359,1.37647632095751,0,0,0,0,0,0,7.32605359420135,0,0,0,0,0,0,0,0,0,0,0,0,0,0,0,0,0,0,0,0,0,0,0.976351616802314,0.111416123469904,0,0,0,0,0,0,0,0,0,0,0.611755122621863,0,0,0,0,0,0,0,0,0,0,0,3.02164303341761,0,0,0,0,0,0,0.0797046161807726,0,0,0,0,0.204370684220776,0,0,0,0,0,0,0,0,0,0,0,0,0,0,0,0,0,0,0,0,0,0,0,0,0,0,0,0,0,0,0,0,0,0,0,0.0120963415592261,0.852938035689318,0,0,0.527692086721741,0.0404730215693575,0,0,0,0,0,0,0,0,0,0,0,0,0,0,0,0,0,0,0,0,0,0,0,0,0,0,0,0,0,0,0,0,0,0,0,0,0,0,0,0,0,0,0,2.25116600953379,0,0,0,0,0,0,0,0,0,2.5934400440843,0,0.828933669718323,0,0,0.322325951532325,0,0,0,0,0,0,0,0,0,0,0,0,0,0,0,0,0,0,0,0,0,0,0,0,0,0,0,0,0,0,0,0,0,0,0,0,0,0.00221755887374708,0,0,0,0,0,0,0,0.0225944845476886,0,0,0,0,0,0,0,0,0,0,0,0,0.132004553451819,0,0,0.110631031942651,0,19.91820031,20.66160038,20.11700035,15.29430027,20.86560035,19.59780031,23.56700041,27.34810048,25.24440044,27.72910048,12.45930023,"KIN-00147"
"180",2579,"nSPC",2010,"PRIAs","Pacific Remote Island Areas","Kingman","Kingman",2010,"ForereefShallow","Kingman","2010-04-14","Forereef","Shallow",6.38318,-162.38959,5,25,1.25,16.25,36.25,16.25,5,NA,0,2,NA,NA,NA,4,2,19.5905268424389,5.94243914182317,39.9203874442732,12.9229471297462,78.3763005582814,18.6826958434735,0,0,0,0,0,0.00141471060526129,0,0,0,0,0,0,0.00141471060526129,0.00141471060526129,0.00141471060526129,0,0.0565884242104517,0.00565884242104517,0,0,0,0,0,0,0,0,0,0,0,0,0,0,0,0,0,0,0,0,0,0,0,0.00282942121052258,0,0,0,0,0,0,0,0,0,0,0,0,0,0,0,0,0,0,0,0,0,0,0,0,0,0,0,0,0,0,0,0,0,0,0.00141471060526129,0,0,0,0,0,0,0.00141471060526129,0,0,0.00565884242104517,0,0,0,0,0,0,0,0,0,0,0,0,0,0,0,0,0,0,0,0,0,0,0,0,0,0,0,0,0,0.00565884242104517,0,0,0,0.0198059484736581,0,0,0,0,0,0,0,0,0,0,0,0,0,0,0,0.00282942121052258,0,0,0,0,0,0,0,0.00282942121052258,0,0,0,0,0,0,0,0,0,0,0,0,0,0,0,0,0,0,0,0,0,0,0,0,0,0,0,0.0127323954473516,0.0113176848420903,0,0,0,0,0,0,0.00707355302630646,0,0,0,0,0,0,0.00282942121052258,0,0.00141471060526129,0,0.00282942121052258,0,0,0,0,0,0.00282942121052258,0,0,0,0,0,0.132982796894561,0,0,0,0,0.0113176848420903,0,0,0,0,0,0,0,0,0,0,0,0,0.00990297423682904,0,0,0,0,0,0,0,0,0,0,0,0,0,0,0,0.0198059484736581,0,0,0.0268795014999645,0,0.0650766878420194,0,0,0,0,0,0,0,0,0,0,0,0,0,0,0,0,0,0,0,0,0,0,0,0,0,0,0,0,0,0,0,0,0,0,0,0,0,0,0,0,0,0,0,0,0,0,0,0,0,0,0,0,0,0,0,0,0.0381971863420549,0,0,0,0,0,0,0,0,0,0,0,0,0,0,0,0,0,0,0,0.00565884242104517,0,0,0,0,0,0.00282942121052258,0,0,0,0,0,0,0,0,0.00848826363156775,0,0,0,0,0,0,0,0,0,0,0,0,0,0,0,0,0,0,0,0,0,0,0,0,0.00141471060526129,0,0,0,0.00282942121052258,0,0,0,0,0,0,0,0,0,0,0,0,0.0141471060526129,0,0.0127323954473516,0,0,0,0,0,0,0,0,0,0,0.00141471060526129,0,0,0,0.0113176848420903,0.00565884242104517,0,0,0,0,0,0,0,0.00282942121052258,0.00707355302630646,0,0,0,0,0,0,0,0,0,0,0,0,0,0,0.00565884242104517,0,0,0,0,0,0,0,0,0,0,0,0,0,0,0,0,0,0,0,0,0,0,0,0,0,0,0,0,0,0,0.0198059484736581,0,0,0,0,0,0,0.00565884242104517,0,0,0,0,0,0,0,0,0,0,0,0,0,0,0,0,0,0,0,0,0,0,0.0565884242104517,0,0,0,0,0.0353677651315323,0,0,0,0,0,0,0,0,0,0,0,0,0,0,0,0,0,0,0,0,0,0,0,0,0,0,0,0,0,0,0,0,0,0,0,0.00565884242104517,0,0,0,0,0.0113176848420903,0.00282942121052258,0,0,0,0,0,0,0,0,0,0,0,0,0,0,0,0,0,0,0,0,0,0,0,0,0,0,0,0,0,0,0,0,0,0,0,0,0,0,0,0,0,0,0.00282942121052258,0,0,0,0,0,0,0,0,0,0.00141471060526129,0,0,0,0,0.00141471060526129,0,0,0,0,0,0,0,0,0,0,0,0,0,0,0,0,0,0.0282942121052258,0,0,0.0254647908947033,0,0,0,0,0,0,0,0,0,0,0,0,0,0,0,0,0.0636619772367581,0,0,0,0,0,0,0,0.239086092289158,0,0,0,0,0,0,0,0,0,0,0,0,0,0,0,0,0,0,0,0,0,0,0.119366207318922,0,0,0,0,0,0,0.00572307368588426,0.230808698443269,0.109772582861575,0,5.9515198998909,0.163835704164298,0,0,0,0,0,0,0,0,0,0,0,0,0,0,0,0,0,0,0,0,0,0,0,0.0699050951377762,0,0,0,0,0,0,0,0,0,0,0,0,0,0,0,0,0,0,0,0,0,0,0,0,0,0,0,0,0,0,0,0,0,0,0.484245741740635,0,0,0,0,0,0,0.0957627415434009,0,0,0.895305426012446,0,0,0,0,0,0,0,0,0,0,0,0,0,0,0,0,0,0,0,0,0,0,0,0,0,0,0,0,0,4.34251527344584,0,0,0,0.131259084559908,0,0,0,0,0,0,0,0,0,0,0,0,0,0,0,0.370025696318991,0,0,0,0,0,0,0,0.199971460248186,0,0,0,0,0,0,0,0,0,0,0,0,0,0,0,0,0,0,0,0,0,0,0,0,0,0,0,0.0709550933490011,12.4453119443414,0,0,0,0,0,0,0.661236022229177,0,0,0,0,0,0,0.0596619299544288,0,0.13736754578793,0,1.29338279448026,0,0,0,0,0,0.132379454758189,0,0,0,0,0,0.197462476861161,0,0,0,0,0.0618793261682002,0,0,0,0,0,0,0,0,0,0,0,0,0.0296429881759839,0,0,0,0,0,0,0,0,0,0,0,0,0,0,0,0.989631897598488,0,0,5.02120395855992,0,6.41209885777895,0,0,0,0,0,0,0,0,0,0,0,0,0,0,0,0,0,0,0,0,0,0,0,0,0,0,0,0,0,0,0,0,0,0,0,0,0,0,0,0,0,0,0,0,0,0,0,0,0,0,0,0,0,0,0,0,0.640843075081201,0,0,0,0,0,0,0,0,0,0,0,0,0,0,0,0,0,0,0,0.226349076082624,0,0,0,0,0,0.00812836125358928,0,0,0,0,0,0,0,0,1.19061139124003,0,0,0,0,0,0,0,0,0,0,0,0,0,0,0,0,0,0,0,0,0,0,0,0,0.00444914014238521,0,0,0,0.00734567428819364,0,0,0,0,0,0,0,0,0,0,0,0,14.3387140204603,0,5.85567880854689,0,0,0,0,0,0,0,0,0,0,0.038601086219857,0,0,0,3.67553933836792,0.569069491274833,0,0,0,0,0,0,0,0.257638869312569,1.60745630406835,0,0,0,0,0,0,0,0,0,0,0,0,0,0,1.13417670643837,0,0,0,0,0,0,0,0,0,0,0,0,0,0,0,0,0,0,0,0,0,0,0,0,0,0,0,0,0,0,0.0972719774450487,0,0,0,0,0,0,0.539271852213734,0,0,0,0,0,0,0,0,0,0,0,0,0,0,0,0,0,0,0,0,0,0,0.280735745016573,0,0,0,0,0.0947471132843175,0,0,0,0,0,0,0,0,0,0,0,0,0,0,0,0,0,0,0,0,0,0,0,0,0,0,0,0,0,0,0,0,0,0,0,0.00748933647319275,0,0,0,0,0.0299900644964419,0.0254765873772769,0,0,0,0,0,0,0,0,0,0,0,0,0,0,0,0,0,0,0,0,0,0,0,0,0,0,0,0,0,0,0,0,0,0,0,0,0,0,0,0,0,0,3.25287158460772,0,0,0,0,0,0,0,0,0,1.21538554674059,0,0,0,0,0.475743973303482,0,0,0,0,0,0,0,0,0,0,0,0,0,0,0,0,0,0.209220916526044,0,0,0.160361533522376,0,0,0,0,0,0,0,0,0,0,0,0,0,0,0,0,0.0460311463186893,0,0,0,0,0,0,0,1.70487086276371,0,0,0,0,0,0,0,0,0,0,0,0,0,0,0,0,0,0,0,0,0,0,0,0,0,0,0,0,"KIN-00105"
"181",2584,"nSPC",2010,"PRIAs","Pacific Remote Island Areas","Kingman","Kingman",2010,"ForereefDeep","Kingman","2010-04-15","Forereef","Deep",6.38208,-162.38139,24,25,0,25,20,20,10,NA,0,3.5,NA,NA,NA,2,1,77.5279183586409,134.429821187023,16.0888923057405,2.67975764286746,230.726389494272,8.03587947937616,0,0,0,0,0,0,0,0,0,0,0,0,0,0,0,0,0.00282942121052258,0,0,0,0,0,0,0,0,0.00565884242104517,0,0,0,0,0,0,0,0,0,0,0,0,0,0,0,0,0,0,0,0,0,0,0,0,0,0,0,0,0,0,0.00565884242104517,0,0,0,0,0,0,0,0,0,0,0,0,0,0,0,0,0,0,0,0,0,0,0,0,0,0,0.00282942121052258,0,0,0,0,0,0,0,0,0,0,0,0,0,0,0,0,0,0,0,0,0,0,0,0,0,0,0,0.186741799894491,0,0,0,0,0.00565884242104517,0,0,0,0.0198059484736581,0,0,0,0,0.0113176848420903,0,0,0,0,0,0,0,0,0,0,0.0113176848420903,0,0.141471060526129,0,0,0,0,0,0,0,0,0,0,0,0,0,0,0,0,0,0,0,0,0,0,0,0,0,0,0,0,0,0,0,0,0,3.11236333157484,0.00848826363156775,0,0,0,0,0,0,0,0,0,0,0.00282942121052258,0.00565884242104517,0,0,0,0,0,0,0,0,0,0,0,0,0,0,0,0,0,0,0,0,0,0,0.113176848420903,0.00282942121052258,0,0,0,0,0,0,0,0,0,0,0,0,0,0,0,0,0,0,0,0,0,0,0,0,0,0,0,0.0169765272631355,0,0,0.00282942121052258,0,0.0226353696841807,0,0,0,0,0,0,0,0,0,0,0,0,0,0,0,0,0,0,0,0,0,0,0,0,0,0,0,0,0,0,0,0,0,0,0,0.00282942121052258,0,0,0,0,0,0,0,0,0,0,0.00282942121052258,0,0,0,0,0,0,0,0,0,0.00565884242104517,0,0,0,0,0,0,0,0,0,0,0,0,0,0,0,0,0,0,0,0,0,0,0.00282942121052258,0,0,0.0169765272631355,0,0,0,0,0,0,0,0,0,0,0,0,0,0,0,0,0,0,0,0,0,0,0,0,0,0,0,0,0,0,0,0,0,0.00282942121052258,0,0,0,0,0,0,0,0,0,0,0,0,0,0,0,0,0.0933708999472453,0,0.00282942121052258,0,0,0,0,0,0,0,0,0,0,0,0,0,0,0.00565884242104517,0.0113176848420903,0,0,0,0,0,0,0,0,0.00565884242104517,0,0,0,0,0,0,0,0,0,0,0,0,0,0.0254647908947033,0,0,0,0,0,0,0,0.00282942121052258,0,0,0,0,0,0.00565884242104517,0,0,0,0,0,0,0,0,0,0,0,0,0,0,0,0,0.00282942121052258,0,0,0,0,0,0,0,0.00565884242104517,0,0,0,0.00282942121052258,0,0,0,0,0,0,0,0,0,0,0,0,0,0,0,0,0,0,0,0,0,0,0,0.0113176848420903,0,0,0,0,0,0,0,0,0,0,0,0,0,0,0,0,0,0,0,0,0,0,0,0,0,0,0,0,0,0,0,0,0,0,0,0.00848826363156775,0,0,0,0,0.0226353696841807,0,0,0,0,0,0,0,0,0,0,0,0,0,0,0,0,0,0,0,0,0,0,0,0,0,0,0,0,0,0,0,0,0,0,0.00282942121052258,0,0,0,0,0,0,0,0,0,0,0,0,0,0,0,0,0,0,0,0,0,0,0,0.00565884242104517,0,0,0,0,0,0,0,0,0,0,0,0,0,0,0,0,0,0,0,0,0,0,0,0,0,0,0,0,0,0,0,0,0,0,0,0,0,0,0,0,0,0,0,0,0,0,0,0,0,0,0,0,0,0,0,0,0,0,0,0,0,0,0,0,0,0,0,0,0,0,0,0,0,0,0,0,0,0,0,0.261071808710051,0,0,0,0,0,0,0,0,0.237576313131223,0,0,0,0,0,0,0,0,0,0,0,0,0,0,0,0,0,0,0,0,0,0,0,0,0,0,0,0,0,0,0.780542526372628,0,0,0,0,0,0,0,0,0,0,0,0,0,0,0,0,0,0,0,0,0,0,0,0,0,0,0.191525483086802,0,0,0,0,0,0,0,0,0,0,0,0,0,0,0,0,0,0,0,0,0,0,0,0,0,0,0,84.8224726919372,0,0,0,0,5.41965024964324,0,0,0,0.160114916218662,0,0,0,0,0.030053619849466,0,0,0,0,0,0,0,0,0,0,1.04728594373667,0,0.233597015140745,0,0,0,0,0,0,0,0,0,0,0,0,0,0,0,0,0,0,0,0,0,0,0,0,0,0,0,0,0,0,0,0,0,16.5963379350776,5.09074356100565,0,0,0,0,0,0,0,0,0,0,0.0419543340689246,0.171735372084743,0,0,0,0,0,0,0,0,0,0,0,0,0,0,0,0,0,0,0,0,0,0,0.489188941885907,0.040506585932349,0,0,0,0,0,0,0,0,0,0,0,0,0,0,0,0,0,0,0,0,0,0,0,0,0,0,0,1.39096706517443,0,0,0.00784190581443891,0,1.37825897153491,0,0,0,0,0,0,0,0,0,0,0,0,0,0,0,0,0,0,0,0,0,0,0,0,0,0,0,0,0,0,0,0,0,0,0,1.82176124255531,0,0,0,0,0,0,0,0,0,0,0.0611154981472878,0,0,0,0,0,0,0,0,0,0.105359042960493,0,0,0,0,0,0,0,0,0,0,0,0,0,0,0,0,0,0,0,0,0,0,0.0209950090933975,0,0,0.148417855482204,0,0,0,0,0,0,0,0,0,0,0,0,0,0,0,0,0,0,0,0,0,0,0,0,0,0,0,0,0,0,0,0,0,0.0054076140822457,0,0,0,0,0,0,0,0,0,0,0,0,0,0,0,0,66.9900525854915,0,1.10750287977166,0,0,0,0,0,0,0,0,0,0,0,0,0,0,1.38043575227839,4.82470453906234,0,0,0,0,0,0,0,0,0.718335940996563,0,0,0,0,0,0,0,0,0,0,0,0,0,28.0258828789461,0,0,0,0,0,0,0,1.87436411103419,0,0,0,0,0,0.0111230206628064,0,0,0,0,0,0,0,0,0,0,0,0,0,0,0,0,0.746701941339476,0,0,0,0,0,0,0,0.721923869502095,0,0,0,0.13689078274066,0,0,0,0,0,0,0,0,0,0,0,0,0,0,0,0,0,0,0,0,0,0,0,0.0267261927041437,0,0,0,0,0,0,0,0,0,0,0,0,0,0,0,0,0,0,0,0,0,0,0,0,0,0,0,0,0,0,0,0,0,0,0,0.0306188645717912,0,0,0,0,0.306226568142344,0,0,0,0,0,0,0,0,0,0,0,0,0,0,0,0,0,0,0,0,0,0,0,0,0,0,0,0,0,0,0,0,0,0,0.32528214593076,0,0,0,0,0,0,0,0,0,0,0,0,0,0,0,0,0,0,0,0,0,0,0,2.94513591837051,0,0,0,0,0,0,0,0,0,0,0,0,0,0,0,0,0,0,0,0,0,0,0,0,0,0,0,0,0,0,0,0,0,0,0,0,0,0,0,0,0,0,0,0,0,0,0,0,0,0,0,0,0,0,0,0,0,0,0,0,0,0,0,19.3964003,19.72280036,19.36520034,15.04190027,19.97920034,18.9653003,22.7507004,27.11020047,23.92810041,26.51480047,11.95880022,"KIN-00122"
"182",2585,"nSPC",2010,"PRIAs","Pacific Remote Island Areas","Kingman","Kingman",2010,"ForereefShallow","Kingman","2010-04-15","Forereef","Shallow",6.38016,-162.36211,5.5,18.75,0,18.75,37.5,17.5,7.5,NA,0,2.5,NA,NA,NA,4,2,25.6203703849321,18.1732474779446,66.9050714600049,11.569324992257,122.268014315139,20.3902466760147,0,0,0,0,0,0,0,0,0,0,0,0,0,0.00282942121052258,0,0,0.0282942121052258,0.0410266075525775,0,0.00707355302630646,0,0.00848826363156775,0,0,0,0,0.0962003211577679,0,0,0,0,0,0,0,0,0,0,0,0,0,0,0.00282942121052258,0,0,0,0,0,0,0,0,0,0,0,0,0,0,0,0,0,0,0,0,0,0,0,0,0,0,0,0,0,0,0,0,0,0,0.00141471060526129,0,0,0,0,0,0,0,0,0,0.00424413181578388,0,0,0,0,0,0,0,0,0,0,0,0,0,0.00141471060526129,0,0,0,0,0,0,0,0,0,0,0,0,0,0,0,0.0127323954473516,0,0,0,0.00707355302630646,0,0,0,0,0,0,0,0,0,0,0,0,0,0,0,0.00141471060526129,0,0,0,0,0,0,0,0.00282942121052258,0,0,0,0,0,0,0,0,0,0,0,0,0.00141471060526129,0,0,0,0,0,0,0,0,0,0,0,0,0,0,0,0.00141471060526129,0,0,0,0,0,0,0.00282942121052258,0,0,0,0,0,0,0.00565884242104517,0,0.00282942121052258,0,0.0127323954473516,0,0,0,0,0,0.00282942121052258,0,0,0,0,0,0.166935851420832,0,0,0,0,0,0,0,0,0,0,0,0,0,0,0,0,0,0,0,0,0,0,0,0,0,0,0,0,0,0.00424413181578388,0,0,0,0,0,0,0.0565884242104517,0,0.0410266075525775,0,0,0,0,0,0.00141471060526129,0,0,0,0,0,0,0,0,0,0,0,0,0,0,0,0,0,0,0,0,0,0,0,0,0,0,0,0,0,0,0,0,0,0,0,0,0,0,0,0,0,0,0,0,0,0,0,0,0,0,0.00990297423682904,0,0,0,0,0,0,0,0,0,0,0.00141471060526129,0,0,0,0,0,0,0,0,0.00990297423682904,0,0,0,0,0,0.00990297423682904,0,0,0,0,0,0,0,0,0,0,0,0,0,0,0,0,0,0,0,0,0,0,0,0,0,0,0,0,0,0,0,0,0,0,0,0,0,0,0,0,0,0,0,0,0,0,0,0,0,0,0.00565884242104517,0,0,0,0,0,0,0,0,0,0,0,0,0.00282942121052258,0,0,0,0.0297089227104871,0.00848826363156775,0,0,0,0,0,0,0,0,0,0,0,0,0,0,0,0,0,0,0,0,0,0,0,0.0226353696841807,0,0,0,0,0,0,0,0,0,0,0,0,0,0,0,0,0,0,0,0,0,0,0,0,0,0,0,0,0,0.00282942121052258,0.00707355302630646,0,0,0,0,0,0,0.00141471060526129,0,0.00424413181578388,0,0.00424413181578388,0,0,0,0,0,0,0,0,0,0,0,0,0,0,0,0,0,0,0.0183912378683968,0,0,0,0,0.00990297423682904,0,0,0,0,0,0,0,0,0,0,0,0,0,0,0,0,0,0,0,0,0,0,0,0,0,0,0,0,0,0,0,0,0,0,0,0,0,0,0,0.00282942121052258,0,0.00282942121052258,0,0,0,0,0,0,0,0,0,0,0,0,0,0,0,0,0,0,0,0,0,0,0,0.00282942121052258,0,0,0,0,0,0,0,0,0,0,0,0,0,0,0,0,0,0,0.00565884242104517,0,0,0,0,0,0,0,0,0,0.00848826363156775,0,0,0,0,0.00848826363156775,0,0,0,0,0,0,0,0,0,0,0,0,0,0,0,0,0,0.033953054526271,0,0,0,0,0,0,0,0,0.00141471060526129,0,0,0,0,0,0,0,0,0,0,0.058003134815713,0,0,0,0,0,0,0,0.104688584789336,0,0,0,0,0,0,0,0,0,0,0,0,0.00141471060526129,0,0,0,0,0,0,0,0,0,0,0,0,0,0,0,0,0,1.14396169762544,0,0,3.86249675546801,1.45173482451487,0,0.22306267499356,0,2.88642776054026,0,0,0,0,3.3345577356391,0,0,0,0,0,0,0,0,0,0,0,0,0,0,0.473114594164508,0,0,0,0,0,0,0,0,0,0,0,0,0,0,0,0,0,0,0,0,0,0,0,0,0,0,0,0,0,0,0,0,0,0,0.345108938069597,0,0,0,0,0,0,0,0,0,1.50888807890225,0,0,0,0,0,0,0,0,0,0,0,0,0,0.110367305045443,0,0,0,0,0,0,0,0,0,0,0,0,0,0,0,4.66295596080502,0,0,0,0.0639807287849535,0,0,0,0,0,0,0,0,0,0,0,0,0,0,0,0.117036699737791,0,0,0,0,0,0,0,0.407178327430493,0,0,0,0,0,0,0,0,0,0,0,0,0.285276630558518,0,0,0,0,0,0,0,0,0,0,0,0,0,0,0,1.13357855864731,0,0,0,0,0,0,0.27473509157586,0,0,0,0,0,0,0.290483604192493,0,0.140994330926856,0,3.42535452055236,0,0,0,0,0,0.0923263511606481,0,0,0,0,0,0.375762698574057,0,0,0,0,0,0,0,0,0,0,0,0,0,0,0,0,0,0,0,0,0,0,0,0,0,0,0,0,0,0.995799657639947,0,0,0,0,0,0,15.7739088968464,0,6.38990832487684,0,0,0,0,0,0.00458715685944676,0,0,0,0,0,0,0,0,0,0,0,0,0,0,0,0,0,0,0,0,0,0,0,0,0,0,0,0,0,0,0,0,0,0,0,0,0,0,0,0,0,0,0,0,0,0,0,0,0,0,0.471932519780245,0,0,0,0,0,0,0,0,0,0,1.01901604896971,0,0,0,0,0,0,0,0,1.22703696591452,0,0,0,0,0,0.108246440490507,0,0,0,0,0,0,0,0,0,0,0,0,0,0,0,0,0,0,0,0,0,0,0,0,0,0,0,0,0,0,0,0,0,0,0,0,0,0,0,0,0,0,0,0,0,0,0,0,0,0,19.1662128249908,0,0,0,0,0,0,0,0,0,0,0,0,0.0211131410729195,0,0,0,17.5748319424537,3.42550266120372,0,0,0,0,0,0,0,0,0,0,0,0,0,0,0,0,0,0,0,0,0,0,0,7.74641796746692,0,0,0,0,0,0,0,0,0,0,0,0,0,0,0,0,0,0,0,0,0,0,0,0,0,0,0,0,0,0.289027413838154,0.138263277594455,0,0,0,0,0,0,0.366121436590655,0,1.6660756886305,0,1.36974008434416,0,0,0,0,0,0,0,0,0,0,0,0,0,0,0,0,0,0,0.0942658370894969,0,0,0,0,0.0234069882628183,0,0,0,0,0,0,0,0,0,0,0,0,0,0,0,0,0,0,0,0,0,0,0,0,0,0,0,0,0,0,0,0,0,0,0,0,0,0,0,0.326238805641032,0,0.0107575247388882,0,0,0,0,0,0,0,0,0,0,0,0,0,0,0,0,0,0,0,0,0,0,0,0.313332769681163,0,0,0,0,0,0,0,0,0,0,0,0,0,0,0,0,0,0,5.35779495267831,0,0,0,0,0,0,0,0,0,5.41921993418543,0,0,0,0,4.76902207939277,0,0,0,0,0,0,0,0,0,0,0,0,0,0,0,0,0,0.212864756030098,0,0,0,0,0,0,0,0,0.103132403123548,0,0,0,0,0,0,0,0,0,0,0.207308155318477,0,0,0,0,0,0,0,0.90098702611488,0,0,0,0,0,0,0,0,0,0,0,0,0.166556765408647,0,0,0,0,0,0,0,0,0,0,0,0,0,0,0,"KIN-00108"
"183",2586,"nSPC",2010,"PRIAs","Pacific Remote Island Areas","Kingman","Kingman",2010,"BackreefMid","Kingman","2010-04-15","Backreef","Mid",6.38977,-162.36073,13.75,15,5,8.75,18.75,15,37.5,NA,0,1.5,NA,NA,NA,4,2,15.0866693655745,0.588359500337372,23.9309204583594,6.90473262651944,46.5106819507907,9.17014457228144,0,0,0,0,0,0,0,0,0,0,0,0,0,0,0,0,0.0212206590789194,0,0,0,0,0.00141471060526129,0,0,0,0,0,0,0,0,0,0,0,0,0,0,0,0,0,0,0,0,0,0,0,0,0,0,0,0,0.00141471060526129,0,0,0,0,0,0.00848826363156775,0,0,0,0,0,0,0,0,0,0,0,0,0,0,0,0,0,0,0,0,0,0,0,0,0,0,0,0,0,0.00848826363156775,0,0,0,0,0,0,0,0,0,0,0.00282942121052258,0,0,0,0,0,0,0,0,0,0,0,0,0,0,0,0,0,0,0.00424413181578388,0,0,0,0.0155618166578742,0,0,0,0,0,0,0,0,0,0,0,0,0,0,0,0.00141471060526129,0,0,0,0,0,0,0,0.00424413181578388,0,0,0,0,0,0.00282942121052258,0,0,0,0,0,0,0.00141471060526129,0,0,0,0,0,0,0,0,0,0,0,0,0.00282942121052258,0,0.0594178454209743,0.00282942121052258,0,0,0,0,0,0,0,0,0,0,0.00282942121052258,0,0,0.00141471060526129,0,0,0,0,0,0,0,0,0.00282942121052258,0.00424413181578388,0,0,0,0,0,0,0,0,0,0,0.0353677651315323,0,0,0,0,0,0,0,0,0,0,0,0,0,0,0,0,0,0,0,0,0,0,0,0,0.00282942121052258,0,0,0,0,0,0,0.00141471060526129,0,0.0778090832893711,0,0,0,0,0,0.00282942121052258,0,0,0,0,0,0.00565884242104517,0,0,0,0,0,0,0,0,0,0,0,0,0,0,0,0,0,0,0,0,0,0,0,0,0,0,0,0,0,0,0,0,0,0,0.00282942121052258,0.00141471060526129,0,0,0,0,0,0,0,0,0.00282942121052258,0,0,0,0,0,0,0,0,0,0,0,0,0,0,0,0,0,0,0,0.00424413181578388,0,0,0,0,0,0.00707355302630646,0,0,0,0,0,0,0,0,0.00141471060526129,0,0,0,0,0,0,0,0,0,0,0,0,0,0,0,0,0,0,0,0,0,0,0,0.00424413181578388,0.00141471060526129,0,0,0,0,0,0,0,0,0,0,0,0,0,0,0,0,0.0113176848420903,0,0.00141471060526129,0,0,0,0,0,0,0,0,0,0,0.00282942121052258,0,0,0,0,0.00141471060526129,0,0,0,0,0,0,0,0,0,0,0,0,0,0,0,0,0,0,0,0,0,0,0,0,0,0,0,0,0,0,0,0,0,0,0,0,0,0,0,0,0,0,0,0,0,0,0,0,0,0,0,0,0,0.00282942121052258,0.00141471060526129,0,0,0,0,0,0.00565884242104517,0,0,0,0,0.0141471060526129,0,0,0,0.00424413181578388,0,0,0,0,0,0,0,0,0,0,0,0,0,0,0,0,0,0,0,0,0,0,0,0,0,0,0,0,0,0,0,0,0,0.0127323954473516,0,0,0,0,0,0,0,0,0,0,0,0,0,0,0,0,0,0,0,0,0,0,0,0,0,0,0,0,0,0,0,0,0,0,0,0,0,0.00141471060526129,0,0,0,0,0,0,0,0,0,0,0,0,0,0,0,0,0,0,0,0,0,0,0,0,0,0,0,0,0,0,0,0,0.00565884242104517,0,0,0,0,0,0,0,0,0,0.00282942121052258,0,0,0,0,0.00141471060526129,0,0,0,0,0,0,0,0,0,0,0,0,0,0,0,0,0,0.0141471060526129,0,0,0,0,0,0,0,0,0,0.00424413181578388,0,0,0,0,0,0,0,0,0,0.00990297423682904,0,0,0,0,0.00848826363156775,0.00990297423682904,0,0.00282942121052258,0,0,0,0,0,0,0,0,0,0,0,0,0.00565884242104517,0,0,0,0,0,0,0,0,0,0,0,0,0,0,0,0,0,0,0,0,2.49001006311387,0,0,0,0,0.903329671407497,0,0,0,0,0,0,0,0,0,0,0,0,0,0,0,0,0,0,0,0,0,0,0,0,0,0,0,0,0.0276798032893609,0,0,0,0,0,1.67298371013431,0,0,0,0,0,0,0,0,0,0,0,0,0,0,0,0,0,0,0,0,0,0,0,0,0,0,0,0,0,1.77740778793193,0,0,0,0,0,0,0,0,0,0,0.934700790115088,0,0,0,0,0,0,0,0,0,0,0,0,0,0,0,0,0,0,2.5102762403869,0,0,0,0.14137673734275,0,0,0,0,0,0,0,0,0,0,0,0,0,0,0,0.242011569126352,0,0,0,0,0,0,0,0.250823927838519,0,0,0,0,0,0.0681729849930209,0,0,0,0,0,0,0.978313325679161,0,0,0,0,0,0,0,0,0,0,0,0,0.0817502926299197,0,0.155050018799669,1.5429105526565,0,0,0,0,0,0,0,0,0,0,0.0817502926299197,0,0,0.0543504009816321,0,0,0,0,0,0,0,0,0.132468065525867,0.153057203510954,0,0,0,0,0,0,0,0,0,0,0.192872659434505,0,0,0,0,0,0,0,0,0,0,0,0,0,0,0,0,0,0,0,0,0,0,0,0,0.274821399235938,0,0,0,0,0,0,0.36289668880043,0,9.80199874227834,0,0,0,0,0,0.0049221123742009,0,0,0,0,0,0.00137390797061593,0,0,0,0,0,0,0,0,0,0,0,0,0,0,0,0,0,0,0,0,0,0,0,0,0,0,0,0,0,0,0,0,0,0,0.0777029799939765,0.0535711294315504,0,0,0,0,0,0,0,0,0.0161432435225727,0,0,0,0,0,0,0,0,0,0,0,0,0,0,0,0,0,0,0,0.169246945349637,0,0,0,0,0,0.0516489621321819,0,0,0,0,0,0,0,0,0.294338605275062,0,0,0,0,0,0,0,0,0,0,0,0,0,0,0,0,0,0,0,0,0,0,0,0.0373311884933187,0.014084890508831,0,0,0,0,0,0,0,0,0,0,0,0,0,0,0,0,10.2482059908134,0,0.553751439885832,0,0,0,0,0,0,0,0,0,0,0.0712568511211034,0,0,0,0,1.00268015751341,0,0,0,0,0,0,0,0,0,0,0,0,0,0,0,0,0,0,0,0,0,0,0,0,0,0,0,0,0,0,0,0,0,0,0,0,0,0,0,0,0,0,0,0,0,0,0,0,0,0,0,0,0,0.129675245940779,0.0311495339606592,0,0,0,0,0,0.283516609172747,0,0,0,0,1.11396761865064,0,0,0,0.140570737866992,0,0,0,0,0,0,0,0,0,0,0,0,0,0,0,0,0,0,0,0,0,0,0,0,0,0,0,0,0,0,0,0,0,0.00291622300278246,0,0,0,0,0,0,0,0,0,0,0,0,0,0,0,0,0,0,0,0,0,0,0,0,0,0,0,0,0,0,0,0,0,0,0,0,0,0.0128738665078778,0,0,0,0,0,0,0,0,0,0,0,0,0,0,0,0,0,0,0,0,0,0,0,0,0,0,0,0,0,0,0,0,2.25162119858276,0,0,0,0,0,0,0,0,0,1.99644709719763,0,0,0,0,1.32558087018331,0,0,0,0,0,0,0,0,0,0,0,0,0,0,0,0,0,0.0584838256216896,0,0,0,0,0,0,0,0,0,0.80743766801076,0,0,0,0,0,0,0,0,0,0.00602100833599206,0,0,0,0,0.212329703911729,0.227270779536724,0,0.00849505424247301,0,0,0,0,0,0,0,0,0,0,0,0,0.475053577837055,0,0,0,0,0,0,0,0,0,0,0,0,0,0,0,"KIN-00149"
"184",2587,"nSPC",2010,"PRIAs","Pacific Remote Island Areas","Kingman","Kingman",2010,"BackreefShallow","Kingman","2010-04-15","Backreef","Shallow",6.38373,-162.35873,5.5,26.25,21.25,10,27.5,12.5,2.5,NA,0,3,NA,NA,NA,4,2,17.6118276894404,4.64382062306072,48.8034479737655,20.7385908485742,91.7976871348408,20.4183402470096,0,0,0,0,0,0,0,0,0,0,0,0,0,0,0,0,0.110347427210381,0,0,0,0,0,0,0,0,0,0,0,0,0,0,0,0,0,0,0,0,0,0,0,0,0,0,0,0,0,0,0,0,0,0.00848826363156775,0,0,0,0,0,0.00141471060526129,0,0,0,0,0,0,0,0,0,0,0,0,0,0,0,0,0.00141471060526129,0,0,0.00424413181578388,0,0,0,0,0,0,0.00141471060526129,0,0,0.00282942121052258,0,0,0,0,0,0,0,0,0,0,0.00424413181578388,0,0,0,0,0,0,0,0,0,0,0,0,0,0,0,0,0,0,0.0127323954473516,0,0,0,0.0127323954473516,0,0,0,0,0,0,0,0,0,0,0,0,0,0,0,0.00565884242104517,0,0,0,0,0,0,0,0,0,0,0,0,0,0,0,0,0,0,0,0,0.00282942121052258,0,0,0,0,0,0,0,0,0,0,0,0,0.00282942121052258,0,0.0551737136051904,0.00282942121052258,0,0,0,0,0,0,0.00282942121052258,0,0,0,0.00282942121052258,0,0,0.00141471060526129,0,0,0,0.0127323954473516,0,0,0,0,0.00282942121052258,0,0,0,0,0,0,0,0,0,0,0,0.0551737136051904,0,0,0,0,0,0,0,0,0,0,0,0,0,0,0,0,0,0,0.00565884242104517,0,0,0,0,0,0,0,0,0,0,0,0,0.00424413181578388,0,0.104688584789336,0,0,0,0,0,0.0212206590789194,0,0,0,0,0,0,0,0,0,0,0,0,0,0,0,0,0,0,0,0,0,0,0,0.00282942121052258,0,0,0,0,0,0,0,0,0,0,0,0,0,0,0,0,0.00282942121052258,0.00282942121052258,0,0,0,0,0,0,0,0,0.00848826363156775,0,0,0,0,0,0,0,0,0,0,0,0,0,0,0,0,0,0,0,0.00707355302630646,0,0,0,0,0,0,0,0,0,0,0,0,0,0,0.00565884242104517,0,0,0,0,0,0,0,0,0,0,0,0,0,0,0,0,0,0,0,0,0,0,0,0.00565884242104517,0.00282942121052258,0,0,0,0,0,0,0,0,0,0,0,0,0,0,0,0,0.0127323954473516,0,0,0,0,0,0,0,0,0,0,0,0,0,0,0,0,0.00565884242104517,0.00990297423682904,0.0113176848420903,0,0,0,0,0,0,0,0,0,0,0,0,0,0.00141471060526129,0,0,0,0,0,0,0,0,0.00141471060526129,0,0,0,0,0,0,0,0,0,0,0,0,0,0,0,0,0,0,0,0,0,0,0.00141471060526129,0,0,0,0,0,0,0.00565884242104517,0,0,0,0,0,0,0,0.00141471060526129,0,0,0,0.00141471060526129,0,0,0,0,0,0,0,0,0,0,0,0,0,0,0,0,0,0,0,0,0,0,0,0.00141471060526129,0,0,0,0,0.00282942121052258,0,0,0,0,0,0,0,0,0,0,0,0,0,0,0,0,0,0,0,0,0,0,0,0,0,0,0,0,0,0,0,0.0254647908947033,0,0,0,0,0,0,0,0,0,0,0,0,0,0,0,0,0,0,0,0,0,0,0,0,0,0,0,0,0,0,0,0,0,0,0,0,0,0,0,0,0,0,0,0,0,0,0,0.00848826363156775,0,0,0,0,0.00141471060526129,0,0,0,0,0.00424413181578388,0,0,0,0,0,0,0,0,0,0,0,0,0,0,0,0,0,0,0,0,0,0,0.0155618166578742,0,0,0,0,0,0,0,0,0,0,0,0,0,0,0,0,0,0,0,0.024050080289442,0,0,0,0.00141471060526129,0.0127323954473516,0.00707355302630646,0,0.0297089227104871,0,0,0,0,0,0,0,0,0,0,0,0,0,0,0.00141471060526129,0,0,0,0,0,0,0,0,0,0,0,0,0,0,0,0,0,0,11.549141855374,0,0,0,0,0,0,0,0,0,0,0,0,0,0,0,0,0,0,0,0,0,0,0,0,0,0,0,0,0,0,0,0,0,0.178764529733543,0,0,0,0,0,0.232100958675681,0,0,0,0,0,0,0,0,0,0,0,0,0,0,0,0,0.126827840930893,0,0,1.12419960870493,0,0,0,0,0,0,0.0490392771276487,0,0,0.843540186109576,0,0,0,0,0,0,0,0,0,0,1.0775398196585,0,0,0,0,0,0,0,0,0,0,0,0,0,0,0,0,0,0,8.51499143123743,0,0,0,0.0989455779886121,0,0,0,0,0,0,0,0,0,0,0,0,0,0,0,0.761533114806864,0,0,0,0,0,0,0,0,0,0,0,0,0,0,0,0,0,0,0,0,1.12420234160261,0,0,0,0,0,0,0,0,0,0,0,0,0.179111292414106,0,0.155670510871137,3.08710261587805,0,0,0,0,0,0,0.249133384865388,0,0,0,0.0817502926299197,0,0,0.0543504009816321,0,0,0,4.87721664411671,0,0,0,0,0.869823035418087,0,0,0,0,0,0,0,0,0,0,0,0.342096052240076,0,0,0,0,0,0,0,0,0,0,0,0,0,0,0,0,0,0,2.09588106922561,0,0,0,0,0,0,0,0,0,0,0,0,0.395063608689563,0,10.3236641537431,0,0,0,0,0,0.404479589029108,0,0,0,0,0,0,0,0,0,0,0,0,0,0,0,0,0,0,0,0,0,0,0,0.225701375147013,0,0,0,0,0,0,0,0,0,0,0,0,0,0,0,0,0.0611154981472878,0.107142258863101,0,0,0,0,0,0,0,0,0.129162835907237,0,0,0,0,0,0,0,0,0,0,0,0,0,0,0,0,0,0,0,0.208354353316851,0,0,0,0,0,0,0,0,0,0,0,0,0,0,0.794257013922152,0,0,0,0,0,0,0,0,0,0,0,0,0,0,0,0,0,0,0,0,0,0,0,0.0417482907212693,0.0136985311808475,0,0,0,0,0,0,0,0,0,0,0,0,0,0,0,0,7.74187278705673,0,0,0,0,0,0,0,0,0,0,0,0,0,0,0,0,3.11320551417309,5.42039274207141,4.41575807653189,0,0,0,0,0,0,0,0,0,0,0,0,0,0.174788399508827,0,0,0,0,0,0,0,0,0.380539461660544,0,0,0,0,0,0,0,0,0,0,0,0,0,0,0,0,0,0,0,0,0,0,0.0577634672178658,0,0,0,0,0,0,0.123892786107046,0,0,0,0,0,0,0,0.110608770625714,0,0,0,0.0684453913703302,0,0,0,0,0,0,0,0,0,0,0,0,0,0,0,0,0,0,0,0,0,0,0,0.00601457566454789,0,0,0,0,6.69545916234053,0,0,0,0,0,0,0,0,0,0,0,0,0,0,0,0,0,0,0,0,0,0,0,0,0,0,0,0,0,0,0,1.44234967724604,0,0,0,0,0,0,0,0,0,0,0,0,0,0,0,0,0,0,0,0,0,0,0,0,0,0,0,0,0,0,0,0,0,0,0,0,0,0,0,0,0,0,0,0,0,0,0,4.97820719068969,0,0,0,0,1.11395317201329,0,0,0,0,4.16011846305071,0,0,0,0,0,0,0,0,0,0,0,0,0,0,0,0,0,0,0,0,0,0,0.0840909575426398,0,0,0,0,0,0,0,0,0,0,0,0,0,0,0,0,0,0,0,0.0320806850402077,0,0,0,0.00993248925480808,0.411567382943464,0.304520416907167,0,0.441506846879639,0,0,0,0,0,0,0,0,0,0,0,0,0,0,0.133269369686005,0,0,0,0,0,0,0,0,0,0,0,0,0,"KIN-00101"
"185",2588,"nSPC",2010,"PRIAs","Pacific Remote Island Areas","Kingman","Kingman",2010,"ForereefMid","Kingman","2010-04-15","Forereef","Mid",6.38214,-162.34192,14,43.75,15,6.25,21.25,13.75,0,NA,0,3,NA,NA,NA,4,2,12.381508694688,17.8252498442654,15.7078034625404,3.10118080006714,49.0157428015609,8.98216736915587,0,0,0,0,0,0,0,0,0,0,0,0,0,0,0,0,0.0565884242104517,0,0,0,0,0,0,0,0,0.00141471060526129,0,0,0,0,0,0,0,0,0,0,0,0,0,0,0,0,0,0,0,0,0,0.00141471060526129,0,0,0.00565884242104517,0,0,0,0,0,0.00282942121052258,0,0,0,0,0,0,0,0,0,0,0,0,0,0,0,0,0,0,0,0.00565884242104517,0,0,0,0,0,0,0,0,0,0,0,0,0,0,0,0,0,0,0,0,0,0,0,0,0,0,0,0,0,0,0,0,0,0,0.0282942121052258,0,0,0,0,0.00848826363156775,0,0,0,0.00990297423682904,0,0,0,0,0.00141471060526129,0,0,0,0,0,0,0,0,0,0,0.00141471060526129,0,0.282942121052258,0,0,0,0,0,0,0.00424413181578388,0,0,0,0,0,0,0,0,0,0,0,0.00141471060526129,0,0,0,0,0,0,0,0,0,0,0,0,0.00282942121052258,0,0.481001605788839,0.00282942121052258,0,0,0,0,0,0,0.00141471060526129,0,0,0,0.00848826363156775,0,0,0,0,0.00424413181578388,0,0.00141471060526129,0,0,0,0,0,0.00424413181578388,0,0,0,0,0.00282942121052258,0.0141471060526129,0,0,0,0,0.0848826363156775,0,0,0,0,0,0,0,0,0,0,0,0,0.00990297423682904,0,0,0,0,0,0,0,0,0,0,0,0.00141471060526129,0,0,0,0.0608325560262356,0,0,0.00848826363156775,0,0.00424413181578388,0,0,0,0,0,0.00848826363156775,0,0,0,0,0,0,0,0,0,0,0,0,0,0,0,0,0,0,0,0,0,0,0,0,0,0,0,0,0,0,0,0,0,0,0,0,0,0,0,0,0.00282942121052258,0,0,0,0,0,0,0,0,0,0.0282942121052258,0,0,0,0,0,0,0,0,0,0.00141471060526129,0,0,0,0,0,0,0,0,0,0,0,0,0,0,0,0.00707355302630646,0,0,0,0,0,0,0,0,0.00141471060526129,0,0,0,0,0,0,0,0,0,0,0,0,0,0,0,0,0,0,0,0,0,0,0,0.00707355302630646,0.00707355302630646,0,0,0,0.00282942121052258,0,0,0,0,0,0,0,0,0,0,0,0,0.00707355302630646,0,0,0,0,0,0,0,0,0,0,0,0,0,0,0,0,0,0.00707355302630646,0,0,0,0,0,0,0,0.0113176848420903,0.024050080289442,0,0,0,0,0,0,0,0,0,0,0,0,0,0.00424413181578388,0,0,0,0,0,0,0,0.00282942121052258,0,0,0,0,0,0,0,0,0,0,0,0,0,0,0,0,0,0,0,0,0,0,0.00424413181578388,0.0212206590789194,0,0,0,0,0,0.00282942121052258,0.00282942121052258,0,0,0,0,0,0,0,0,0,0,0,0,0,0,0,0.00707355302630646,0,0,0,0,0,0,0.00141471060526129,0,0,0,0,0.0282942121052258,0,0,0,0,0,0,0,0,0,0,0,0,0,0,0,0,0,0,0,0,0,0,0,0,0,0,0,0,0,0,0,0,0,0,0,0.00990297423682904,0,0,0,0.00424413181578388,0.0169765272631355,0.0721502408683259,0,0,0,0.00141471060526129,0,0,0,0,0,0,0,0.0424413181578388,0,0,0,0,0,0,0,0.00141471060526129,0,0,0,0,0,0,0,0,0,0,0,0,0,0,0,0,0,0,0,0,0,0.00141471060526129,0.00282942121052258,0,0,0,0,0,0,0,0,0,0,0,0,0,0,0.00565884242104517,0,0,0,0,0,0,0,0,0,0,0,0,0,0,0,0,0,0,0,0,0,0,0,0,0,0,0,0,0,0,0,0,0,0,0,0,0,0.0834679257104162,0,0,0,0,0,0.00848826363156775,0,0.00141471060526129,0,0,0,0,0,0,0,0,0,0,0,0,0,0,0,0,0,0,0,0,0,0,0,0,0,0,0,0,0,0,0,0,0,3.21910464908267,0,0,0,0,0,0,0,0,0.0593940782828059,0,0,0,0,0,0,0,0,0,0,0,0,0,0,0,0,0,0,0,0,0,0.01064232724575,0,0,0.0766549623775989,0,0,0,0,0,0.52448132153094,0,0,0,0,0,0,0,0,0,0,0,0,0,0,0,0,0,0,0,0.333632003547537,0,0,0,0,0,0,0,0,0,0,0,0,0,0,0,0,0,0,0,0,0,0,0,0,0,0,0,0,0,0,0,0,0,0,4.5713476880567,0,0,0,0,3.14455272443387,0,0,0,0.0660314419499502,0,0,0,0,0.00669933480722482,0,0,0,0,0,0,0,0,0,0,0.0438619135579816,0,0.16935783597704,0,0,0,0,0,0,0.330124722541968,0,0,0,0,0,0,0,0,0,0,0,0.978313325679161,0,0,0,0,0,0,0,0,0,0,0,0,0.140994330926856,0,0.76338774557323,3.72325751469505,0,0,0,0,0,0,0.111765839077458,0,0,0,0.223162515214268,0,0,0,0,0.181869477241816,0,0.38005342333964,0,0,0,0,0,0.195670835449885,0,0,0,0,0.21604202289177,0.0233597015140745,0,0,0,0,0.641083520535306,0,0,0,0,0,0,0,0,0,0,0,0,0.0351757173721491,0,0,0,0,0,0,0,0,0,0,0,0.240942899958564,0,0,0,2.02604684213433,0,0,0.465726846192067,0,0.23857112816697,0,0,0,0,0,0.0126368926929265,0,0,0,0,0,0,0,0,0,0,0,0,0,0,0,0,0,0,0,0,0,0,0,0,0,0,0,0,0,0,0,0,0,0,0,0,0,0,0,0,0.0720618214554971,0,0,0,0,0,0,0,0,0,0.2334802188814,0,0,0,0,0,0,0,0,0,2.85520709098066,0,0,0,0,0,0,0,0,0,0,0,0,0,0,0,0.0186086788884255,0,0,0,0,0,0,0,0,0.0663816169043124,0,0,0,0,0,0,0,0,0,0,0,0,0,0,0,0,0,0,0,0,0,0,0,0.0360494480505828,0.0260566032118269,0,0,0,0.00633331893089883,0,0,0,0,0,0,0,0,0,0,0,0,5.349169245869,0,0,0,0,0,0,0,0,0,0,0,0,0,0,0,0,0,0.668280133679187,0,0,0,0,0,0,0,0.859486724210848,1.92469106701788,0,0,0,0,0,0,0,0,0,0,0,0,0,2.52089227083099,0,0,0,0,0,0,0,2.69530279894058,0,0,0,0,0,0,0,0,0,0,0,0,0,0,0,0,0,0,0,0,0,0,0.153521919139396,0.0740064353079156,0,0,0,0,0,0.086231498091462,0.224482981084638,0,0,0,0,0,0,0,0,0,0,0,0,0,0,0,0.37177844909646,0,0,0,0,0,0,0.0118850363993155,0,0,0,0,0.0624471789531712,0,0,0,0,0,0,0,0,0,0,0,0,0,0,0,0,0,0,0,0,0,0,0,0,0,0,0,0,0,0,0,0,0,0,0,0.0124271008987362,0,0,0,0.220585024735794,0.0322922426087563,0.240261070241759,0,0,0,0.00155177462615821,0,0,0,0,0,0,0,2.95780882948778,0,0,0,0,0,0,0,0.107142258863101,0,0,0,0,0,0,0,0,0,0,0,0,0,0,0,0,0,0,0,0,0,0.671841432688391,2.02959667379003,0,0,0,0,0,0,0,0,0,0,0,0,0,0,1.19910499896361,0,0,0,0,0,0,0,0,0,0,0,0,0,0,0,0,0,0,0,0,0,0,0,0,0,0,0,0,0,0,0,0,0,0,0,0,0,0.0144611718069809,0,0,0,0,0,0.0243898879078906,0,0.033980216969892,0,0,0,0,0,0,0,0,0,0,0,0,0,0,0,0,0,72.13230122,70.0246012,66.99500119,63.83430112,70.13360123,78.9398013,69.66570122,63.78250109,80.54130145,89.78160158,68.06760114,"KIN-00146"
"186",2589,"nSPC",2010,"PRIAs","Pacific Remote Island Areas","Kingman","Kingman",2010,"ForereefDeep","Kingman","2010-04-15","Forereef","Deep",6.38279,-162.33809,23,35,35,10,11.5,8.5,5,NA,0,3,NA,NA,NA,2,1,23.0550136567227,10.4341018901669,5.96355352213239,4.52943985190551,43.9821089209275,2.9290184894628,0,0,0,0,0,0,0,0,0,0,0,0,0,0,0,0,0.0141471060526129,0,0,0,0,0.00282942121052258,0,0,0,0,0,0,0,0,0,0,0,0,0,0,0,0,0,0,0,0,0,0,0,0,0,0,0,0,0,0,0,0,0,0,0,0,0,0,0,0,0,0,0,0,0,0,0,0,0,0,0,0,0,0,0.0113176848420903,0,0,0,0,0,0,0.00282942121052258,0,0,0,0,0,0,0,0,0,0,0,0,0,0,0,0,0,0,0,0,0,0,0,0,0,0,0,0,0,0,0,0,0.0113176848420903,0,0,0,0.0113176848420903,0,0,0,0,0,0,0,0,0,0,0,0,0,0,0,0.00282942121052258,0,0.127323954473516,0,0,0,0,0,0,0,0,0,0,0,0,0,0,0,0,0,0,0,0,0,0,0,0,0,0,0,0,0,0,0,0.00565884242104517,0,1.2025040144721,0,0,0,0,0,0,0,0,0,0,0,0.00565884242104517,0,0,0,0,0,0,0.00848826363156775,0,0,0,0,0,0,0,0,0,0,0.00565884242104517,0,0,0,0,0,0.0311236333157484,0,0,0,0,0,0,0,0,0,0,0,0,0,0,0,0,0,0,0,0,0,0,0,0,0,0,0,0,0.0311236333157484,0,0.00282942121052258,0,0,0,0,0,0,0,0,0.0565884242104517,0,0,0,0,0,0,0,0,0,0,0,0,0,0,0,0,0,0,0,0,0,0,0,0,0,0,0,0,0,0,0,0,0,0,0,0,0,0,0,0,0.00565884242104517,0,0,0,0,0,0,0,0,0,0.00848826363156775,0,0,0,0,0,0,0,0,0,0,0,0,0,0,0,0,0,0,0,0,0,0,0,0,0,0.00848826363156775,0,0,0,0,0,0,0,0,0.00565884242104517,0,0,0,0,0,0,0,0,0,0,0,0,0,0,0,0,0,0,0,0,0,0,0,0.00848826363156775,0.00565884242104517,0,0,0,0.00282942121052258,0,0,0,0,0,0,0,0,0,0,0,0,0.0113176848420903,0,0,0,0,0,0,0,0,0,0,0,0,0,0,0,0,0,0.00848826363156775,0,0,0,0,0,0,0,0,0.0311236333157484,0,0,0.0113176848420903,0,0,0,0,0,0,0,0,0,0,0,0,0,0,0,0,0,0,0.00565884242104517,0,0,0,0,0,0,0,0,0,0,0,0,0,0,0,0,0,0,0,0,0,0,0,0.00848826363156775,0,0,0,0,0,0,0,0,0,0,0.00565884242104517,0,0,0,0,0,0,0,0,0,0,0,0,0,0,0,0,0,0,0,0,0,0,0,0.0141471060526129,0,0,0,0,0,0,0,0,0,0,0,0,0,0,0,0,0,0,0,0,0,0,0,0,0,0,0,0,0,0,0,0,0,0,0,0.0169765272631355,0,0,0,0,0.033953054526271,0,0,0,0,0,0,0,0,0,0,0,0,0,0,0,0,0,0,0,0,0,0,0,0,0,0,0,0,0,0,0,0,0,0,0.0198059484736581,0,0,0,0,0,0,0,0,0.00282942121052258,0,0,0,0,0,0,0,0,0,0,0,0,0,0,0,0,0,0,0,0,0,0,0,0,0,0,0,0,0,0,0,0,0,0,0,0,0,0,0,0,0,0,0,0,0,0,0,0,0,0,0,0,0,0,0,0,0,0,0.00282942121052258,0,0,0,0,0,0,0,0,0,0,0,0,0,0,0,0,0,0,0,0,0,0,0,0,0,0,0,0,0,0,0,0,0,0,0,0.95905799058046,0,0,0,0,0.173342648086607,0,0,0,0,0,0,0,0,0,0,0,0,0,0,0,0,0,0,0,0,0,0,0,0,0,0,0,0,0,0,0,0,0,0,0,0,0,0,0,0,0,0,0,0,0,0,0,0,0,0,0,0,0,0,1.11837028751488,0,0,0,0,0,0,0.0290697402550864,0,0,0,0,0,0,0,0,0,0,0,0,0,0,0,0,0,0,0,0,0,0,0,0,0,0,0,0,0,0,0,0,4.9115905367454,0,0,0,0.101217552496139,0,0,0,0,0,0,0,0,0,0,0,0,0,0,0,0.135443100477761,0,0.060954221138288,0,0,0,0,0,0,0,0,0,0,0,0,0,0,0,0,0,0,0,0,0,0,0,0,0,0,0,0,0,0,0,0.119323859908858,0,2.61336660688708,0,0,0,0,0,0,0,0,0,0,0,0.0839086681378492,0,0,0,0,0,0,1.28569796698851,0,0,0,0,0,0,0,0,0,0,0.533035888590868,0,0,0,0,0,0.152269050763994,0,0,0,0,0,0,0,0,0,0,0,0,0,0,0,0,0,0,0,0,0,0,0,0,0,0,0,0,0.970101587288106,0,0.129925411583563,0,0,0,0,0,0,0,0,0.147175557602499,0,0,0,0,0,0,0,0,0,0,0,0,0,0,0,0,0,0,0,0,0,0,0,0,0,0,0,0,0,0,0,0,0,0,0,0,0,0,0,0,0.094148990780139,0,0,0,0,0,0,0,0,0,0.0957023662742938,0,0,0,0,0,0,0,0,0,0,0,0,0,0,0,0,0,0,0,0,0,0,0,0,0,0.0286750522001622,0,0,0,0,0,0,0,0,0.361470160271223,0,0,0,0,0,0,0,0,0,0,0,0,0,0,0,0,0,0,0,0,0,0,0,0.0468285628346878,0.0191061452630932,0,0,0,0.0048155202490365,0,0,0,0,0,0,0,0,0,0,0,0,18.0079800194995,0,0,0,0,0,0,0,0,0,0,0,0,0,0,0,0,0,0.700889842634712,0,0,0,0,0,0,0,0,1.99099859325671,0,0,0.678715037838999,0,0,0,0,0,0,0,0,0,0,0,0,0,0,0,0,0,0,4.79062282267935,0,0,0,0,0,0,0,0,0,0,0,0,0,0,0,0,0,0,0,0,0,0,0,0.021418732076161,0,0,0,0,0,0,0,0,0,0,0.176557436001391,0,0,0,0,0,0,0,0,0,0,0,0,0,0,0,0,0,0,0,0,0,0,0,0.0263063628716899,0,0,0,0,0,0,0,0,0,0,0,0,0,0,0,0,0,0,0,0,0,0,0,0,0,0,0,0,0,0,0,0,0,0,0,0.0111513148749116,0,0,0,0,0.108556576456939,0,0,0,0,0,0,0,0,0,0,0,0,0,0,0,0,0,0,0,0,0,0,0,0,0,0,0,0,0,0,0,0,0,0,1.60151635007514,0,0,0,0,0,0,0,0,1.6433205224743,0,0,0,0,0,0,0,0,0,0,0,0,0,0,0,0,0,0,0,0,0,0,0,0,0,0,0,0,0,0,0,0,0,0,0,0,0,0,0,0,0,0,0,0,0,0,0,0,0,0,0,0,0,0,0,0,0,0,0.049477837269103,0,0,0,0,0,0,0,0,0,0,0,0,0,0,0,0,0,0,0,120.4809021,123.4599021,106.4768019,122.9413021,139.1896024,162.7340027,129.9571022,131.3510023,160.9969028,138.0113024,155.5590027,"KIN-00118"
"187",2590,"nSPC",2010,"PRIAs","Pacific Remote Island Areas","Kingman","Kingman",2010,"ForereefMid","Kingman","2010-04-15","Forereef","Mid",6.38796,-162.33409,15,42.5,15,7.5,20,15,0,NA,0,2.5,NA,NA,NA,4,2,13.3622994953201,70.2309154243892,6.66671798101575,4.44766214118112,94.7075950419062,0.802739681810498,0,0,0,0,0,0,0,0,0,0,0,0,0,0.00141471060526129,0,0,0.033953054526271,0,0,0,0,0,0,0,0,0.00282942121052258,0,0,0,0,0,0,0,0,0,0,0,0,0,0,0,0,0,0,0,0,0,0,0,0,0,0,0,0,0,0,0.00565884242104517,0,0,0,0,0,0,0,0,0,0,0,0,0,0,0,0,0,0,0,0.00565884242104517,0,0,0,0,0,0,0.00141471060526129,0,0,0.00141471060526129,0,0,0,0,0,0,0,0,0,0,0,0,0,0,0,0,0,0,0,0,0,0,0,0,0.0509295817894065,0,0,0,0,0.00707355302630646,0,0,0,0.0113176848420903,0,0,0,0,0.0113176848420903,0,0,0,0,0,0,0,0,0,0,0.00282942121052258,0,0.608325560262356,0,0,0,0,0,0,0.00282942121052258,0,0,0,0,0,0,0,0,0,0,0,0,0,0,0,0,0,0,0,0,0.00848826363156775,0,0,0,0.00282942121052258,0,0.332456992236404,0.00141471060526129,0,0,0,0,0,0,0.00424413181578388,0,0,0,0.00282942121052258,0,0,0,0,0.00424413181578388,0,0,0,0,0,0,0,0.00565884242104517,0,0,0,0,0,0.0424413181578388,0,0,0,0,0.0424413181578388,0,0,0,0,0,0,0,0,0,0,0,0,0.0113176848420903,0,0,0,0,0,0,0,0,0,0,0,0,0,0,0,0.0438560287631001,0,0,0.00424413181578388,0,0,0,0,0,0,0,0.0183912378683968,0,0,0,0,0,0,0,0,0,0,0,0,0,0,0,0,0,0,0,0,0,0,0,0,0,0,0,0,0,0,0,0,0,0,0,0,0,0,0,0,0.00282942121052258,0,0,0,0,0,0,0,0,0,0.0381971863420549,0,0,0,0,0,0,0,0,0,0,0,0,0,0,0,0,0,0,0,0.00141471060526129,0,0,0,0,0,0.00282942121052258,0,0,0,0,0,0,0,0,0.00141471060526129,0,0,0,0,0,0,0,0,0,0,0,0,0,0,0,0,0,0,0,0,0,0,0,0.00565884242104517,0.00848826363156775,0,0,0,0.00424413181578388,0,0,0,0,0,0,0,0,0,0,0,0,0.0183912378683968,0,0.00141471060526129,0,0,0,0,0,0,0,0,0,0,0,0,0,0,0.00424413181578388,0.0155618166578742,0,0,0,0,0,0,0,0.0169765272631355,0.0268795014999645,0,0.00848826363156775,0,0,0,0,0,0,0,0,0,0,0,0.0452707393683613,0.00282942121052258,0,0,0,0,0,0,0.00848826363156775,0,0,0,0,0,0,0,0,0,0,0,0,0,0,0,0,0,0,0,0,0,0,0.00424413181578388,0.0226353696841807,0,0,0,0,0,0,0.00282942121052258,0,0.00141471060526129,0,0.00141471060526129,0,0,0,0,0,0,0,0,0,0,0,0.00424413181578388,0,0,0,0,0,0,0.0452707393683613,0,0,0,0,0.0523442923946678,0,0,0,0,0,0,0,0,0,0,0,0,0,0,0,0,0,0,0,0,0,0,0,0,0,0,0,0,0,0,0,0,0,0,0,0.0212206590789194,0,0,0,0,0.0212206590789194,0.162691719605049,0,0,0,0,0,0,0,0,0,0,0,0,0,0,0,0,0,0,0,0,0,0,0,0,0,0,0,0,0,0,0,0,0,0.00282942121052258,0,0,0,0,0,0,0,0,0,0,0,0,0,0,0,0,0,0,0,0,0,0,0,0,0,0,0,0,0,0,0,0,0,0,0,0,0,0,0,0,0,0,0,0,0,0,0,0,0,0,0,0,0,0,0,0,0,0,0,0,0,0.0481001605788839,0,0,0,0,0,0.00141471060526129,0,0.0523442923946678,0,0,0,0,0,0,0,0,0,0,0,0,0,0,0,0,0,0,0,0,0,0,0,0,0,0,0,0,0,0,0.167834608756221,0,0,2.09552018113047,0,0,0,0,0,0,0,0,0.0748053697322803,0,0,0,0,0,0,0,0,0,0,0,0,0,0,0,0,0,0,0,0,0,0,0,0,0,0,0,0,0,0,1.1576527367982,0,0,0,0,0,0,0,0,0,0,0,0,0,0,0,0,0,0,0,0.392632403161827,0,0,0,0,0,0,0.0377753596585932,0,0,0.165453882979333,0,0,0,0,0,0,0,0,0,0,0,0,0,0,0,0,0,0,0,0,0,0,0,0,5.99113250527469,0,0,0,0,2.43104907397372,0,0,0,0.0554689388277342,0,0,0,0,0.0185794958342844,0,0,0,0,0,0,0,0,0,0,0.0877238271159633,0,0.319735914473894,0,0,0,0,0,0,0.220083148361312,0,0,0,0,0,0,0,0,0,0,0,0,0,0,0,0,0,0,0,0,0.341650591808141,0,0,0,0.140994330926856,0,0.561545324678181,0.802739681810498,0,0,0,0,0,0,0.316478838202035,0,0,0,0.0817502926299197,0,0,0,0,0.171305938836972,0,0,0,0,0,0,0,0.267319437857768,0,0,0,0,0,0.0498218633854869,0,0,0,0,0.243894568704021,0,0,0,0,0,0,0,0,0,0,0,0,0.032577008138991,0,0,0,0,0,0,0,0,0,0,0,0,0,0,0,1.6086231206751,0,0,0.255065571188258,0,0,0,0,0,0,0,0.0685645062001716,0,0,0,0,0,0,0,0,0,0,0,0,0,0,0,0,0,0,0,0,0,0,0,0,0,0,0,0,0,0,0,0,0,0,0,0,0,0,0,0,0.0970491475209246,0,0,0,0,0,0,0,0,0,0.276459855851661,0,0,0,0,0,0,0,0,0,0,0,0,0,0,0,0,0,0,0,0.0675706642620932,0,0,0,0,0,0.0047039127624938,0,0,0,0,0,0,0,0,0.0123860742911837,0,0,0,0,0,0,0,0,0,0,0,0,0,0,0,0,0,0,0,0,0,0,0,0.0301497348246582,0.0249495077530489,0,0,0,0.00874107905541708,0,0,0,0,0,0,0,0,0,0,0,0,9.25400897101065,0,0.553751439885832,0,0,0,0,0,0,0,0,0,0,0,0,0,0,0.223960553205236,1.31520774896782,0,0,0,0,0,0,0,1.31502283005346,1.95117176802259,0,0.362146857798403,0,0,0,0,0,0,0,0,0,0,0,49.54404303163,0.315101625686376,0,0,0,0,0,0,9.13523359385053,0,0,0,0,0,0,0,0,0,0,0,0,0,0,0,0,0,0,0,0,0,0,0.250533435358221,0.107406764184801,0,0,0,0,0,0,0.181331451063367,0,0.0773020263376667,0,0.043231317307331,0,0,0,0,0,0,0,0,0,0,0,0.190508466880999,0,0,0,0,0,0,0.18380552987766,0,0,0,0,0.209455909059135,0,0,0,0,0,0,0,0,0,0,0,0,0,0,0,0,0,0,0,0,0,0,0,0,0,0,0,0,0,0,0,0,0,0,0,0.014033646262071,0,0,0,0,0.0594818353541627,0.213615371642994,0,0,0,0,0,0,0,0,0,0,0,0,0,0,0,0,0,0,0,0,0,0,0,0,0,0,0,0,0,0,0,0,0,0.181676004159171,0,0,0,0,0,0,0,0,0,0,0,0,0,0,0,0,0,0,0,0,0,0,0,0,0,0,0,0,0,0,0,0,0,0,0,0,0,0,0,0,0,0,0,0,0,0,0,0,0,0,0,0,0,0,0,0,0,0,0,0,0,0.00620916484649181,0,0,0,0,0,0.0247389186345515,0,0.314828283384243,0,0,0,0,0,0,0,0,0,0,0,0,0,0,0,0,0,122.7553021,127.6972022,110.0912019,124.2041021,142.5849025,165.6719028,131.1205023,133.8248023,161.8701028,138.5508024,157.8675027,"KIN-00145"
"188",2591,"nSPC",2010,"PRIAs","Pacific Remote Island Areas","Kingman","Kingman",2010,"ForereefShallow","Kingman","2010-04-15","Forereef","Shallow",6.38397,-162.33789,5,12.5,24.5,9.75,43.75,9.5,0,NA,0,3.5,NA,NA,NA,4,2,15.2731106337261,1.65089801201082,16.7243661711426,3.41548113580628,37.0638559526859,6.11979029751597,0,0,0,0,0,0,0,0,0,0,0,0,0.00848826363156775,0,0,0,0.130153375684039,0,0,0,0,0,0,0,0,0,0,0,0,0,0,0,0,0,0,0,0,0,0,0,0,0,0,0,0,0,0,0,0,0,0,0,0,0,0,0,0,0,0,0,0,0,0,0,0,0,0,0,0,0,0,0,0,0,0,0,0,0,0,0,0,0,0,0,0,0,0.00141471060526129,0,0,0,0,0,0,0,0,0,0,0,0,0,0,0,0,0,0,0,0,0,0,0,0,0,0,0,0,0,0.0127323954473516,0,0,0,0.00565884242104517,0,0,0,0,0,0,0,0,0,0,0,0,0,0,0,0,0,0,0,0,0,0,0,0,0,0,0,0,0,0,0,0,0,0,0,0,0,0,0,0,0,0,0,0,0,0,0,0,0,0,0,0,0.00282942121052258,0,0,0,0,0,0,0,0,0,0,0,0,0,0,0,0.00424413181578388,0,0.00565884242104517,0,0,0,0,0.00141471060526129,0,0,0,0,0,0.00282942121052258,0.481001605788839,0,0,0,0,0.00848826363156775,0,0,0,0,0,0,0,0,0,0,0,0,0.0353677651315323,0,0,0,0,0,0,0,0,0,0,0,0,0,0,0,0.0410266075525775,0,0,0.0198059484736581,0,0.0226353696841807,0,0,0,0,0,0.0127323954473516,0,0,0,0,0,0,0,0,0,0,0,0,0,0,0,0,0,0,0,0,0,0,0,0,0,0,0,0,0,0,0,0,0,0,0,0,0,0,0,0,0,0,0,0,0,0,0,0,0,0,0.0424413181578388,0,0,0,0,0,0,0,0,0,0,0,0,0,0,0,0,0,0,0,0.00141471060526129,0,0,0,0,0,0,0,0,0,0,0,0,0,0,0.00141471060526129,0,0,0,0,0,0,0,0,0,0,0,0,0,0,0,0,0,0,0,0,0,0,0,0.00424413181578388,0,0,0,0,0.00424413181578388,0,0,0,0,0,0,0,0,0,0,0,0,0.0155618166578742,0,0,0,0,0,0,0,0,0,0,0,0,0,0,0,0,0.0169765272631355,0.00565884242104517,0.00141471060526129,0,0,0,0,0,0,0,0,0,0,0,0,0,0,0,0,0.00565884242104517,0,0,0,0,0,0,0,0,0,0,0,0,0,0,0,0,0,0,0,0,0,0,0,0,0,0,0,0,0,0,0,0,0,0,0,0.00282942121052258,0.0226353696841807,0,0,0,0,0,0.00282942121052258,0.00565884242104517,0,0,0,0,0,0,0,0,0,0,0,0,0,0,0,0,0,0,0,0,0,0,0.0396118969473162,0,0,0,0,0.024050080289442,0,0,0,0,0,0.00282942121052258,0,0,0,0,0,0,0,0.00282942121052258,0,0,0,0,0,0,0,0,0,0,0,0,0,0,0,0,0,0,0,0,0,0,0,0,0,0,0,0,0,0,0,0,0,0,0,0,0,0,0,0,0,0,0,0,0,0,0,0,0,0,0,0,0,0,0,0,0,0,0,0,0,0.00424413181578388,0,0,0,0,0,0,0,0,0.00565884242104517,0,0,0,0,0,0,0,0,0,0,0,0,0,0,0,0,0,0,0,0,0,0,0,0,0,0,0,0,0,0,0,0,0.0282942121052258,0,0,0.0127323954473516,0,0,0,0,0,0,0,0,0,0,0,0,0,0,0,0,0.0990297423682904,0,0,0,0,0,0,0,0.128738665078778,0,0,0,0,0,0,0,0,0,0,0,0,0,0,0,0,0,0,0,0,0,0,0,0,0,0,0,0,0,0.0316453207920512,0,0,0,6.51611670347377,0,0,0,0,0,0,0,0,0,0,0,0,0,0,0,0,0,0,0,0,0,0,0,0,0,0,0,0,0,0,0,0,0,0,0,0,0,0,0,0,0,0,0,0,0,0,0,0,0,0,0,0,0,0,0,0,0,0,0,0,0,0,0,0,0,0,0,0,0,0.165453882979333,0,0,0,0,0,0,0,0,0,0,0,0,0,0,0,0,0,0,0,0,0,0,0,0,0,0,0,0,0,3.35562781786234,0,0,0,0.0277344694138671,0,0,0,0,0,0,0,0,0,0,0,0,0,0,0,0,0,0,0,0,0,0,0,0,0,0,0,0,0,0,0,0,0,0,0,0,0,0,0,0,0,0,0,0,0,0,0,0,0,0,0,0,3.72325751469505,0,0,0,0,0,0,0,0,0,0,0,0,0,0,0,0.200927957985441,0,1.48012873262449,0,0,0,0,0.0910336703782567,0,0,0,0,0,0.32405643977453,0.336343202269056,0,0,0,0,0.033820174781987,0,0,0,0,0,0,0,0,0,0,0,0,0.129624597490842,0,0,0,0,0,0,0,0,0,0,0,0,0,0,0,1.15508477446943,0,0,1.27245698106927,0,1.01803751585789,0,0,0,0,0,0.0277871322098197,0,0,0,0,0,0,0,0,0,0,0,0,0,0,0,0,0,0,0,0,0,0,0,0,0,0,0,0,0,0,0,0,0,0,0,0,0,0,0,0,0,0,0,0,0,0,0,0,0,0,0.359655439640452,0,0,0,0,0,0,0,0,0,0,0,0,0,0,0,0,0,0,0,0.163143763742053,0,0,0,0,0,0,0,0,0,0,0,0,0,0,0.118853091782393,0,0,0,0,0,0,0,0,0,0,0,0,0,0,0,0,0,0,0,0,0,0,0,0.0165607254396195,0,0,0,0,0.00874107905541708,0,0,0,0,0,0,0,0,0,0,0,0,11.4141350402432,0,0,0,0,0,0,0,0,0,0,0,0,0,0,0,0,1.00238382148374,0.224680686690705,0.66509643865494,0,0,0,0,0,0,0,0,0,0,0,0,0,0,0,0,0.231365167689884,0,0,0,0,0,0,0,0,0,0,0,0,0,0,0,0,0,0,0,0,0,0,0,0,0,0,0,0,0,0,0,0,0,0,0,0.131132808130273,0.161459801314996,0,0,0,0,0,0.0705790237349877,0.30163594375537,0,0,0,0,0,0,0,0,0,0,0,0,0,0,0,0,0,0,0,0,0,0,0.140548411290019,0,0,0,0,0.0623291935885875,0,0,0,0,0,0.00722091883879172,0,0,0,0,0,0,0,0.00401159522886152,0,0,0,0,0,0,0,0,0,0,0,0,0,0,0,0,0,0,0,0,0,0,0,0,0,0,0,0,0,0,0,0,0,0,0,0,0,0,0,0,0,0,0,0,0,0,0,0,0,0,0,0,0,0,0,0,0,0,0,0,0,0.335180310151532,0,0,0,0,0,0,0,0,0.91640405019643,0,0,0,0,0,0,0,0,0,0,0,0,0,0,0,0,0,0,0,0,0,0,0,0,0,0,0,0,0,0,0,0,0.142200249763833,0,0,0.0797736557662228,0,0,0,0,0,0,0,0,0,0,0,0,0,0,0,0,0.01518691834748,0,0,0,0,0,0,0,0.602440930028711,0,0,0,0,0,0,0,0,0,0,0,0,0,0,0,0,0,45.40300074,42.55180076,47.19010085,40.88010072,45.97770081,45.04100075,43.25570078,46.72030081,56.83960103,66.42620117,35.63300063,"KIN-00106"
"189",2596,"nSPC",2010,"PRIAs","Pacific Remote Island Areas","Kingman","Kingman",2010,"ForereefDeep","Kingman","2010-04-16","Forereef","Deep",6.41017,-162.42186,25,15,65,0,10,0,10,NA,0,2,NA,NA,NA,2,1,63.6960325402937,217.434386767066,12.574790288266,12.9882590610027,306.693468656629,5.90137663570159,0,0,0,0,0,0,0,0,0,0,0,0,0,0,0,0,0.0311236333157484,0,0,0,0,0.00565884242104517,0,0,0,0,0,0,0,0,0,0,0,0,0,0,0,0,0,0,0,0,0,0,0,0,0,0,0,0,0.0169765272631355,0,0,0,0,0,0,0,0,0,0,0,0,0,0.00282942121052258,0,0,0,0,0,0,0,0,0,0,0,0.00282942121052258,0,0,0,0,0,0,0,0,0,0.00565884242104517,0,0,0,0,0,0,0,0,0,0,0,0,0,0.00282942121052258,0,0,0,0,0,0,0,0,0,0,0.41592491794682,0,0,0,0,0.0169765272631355,0,0,0,0.00848826363156775,0,0,0,0,0,0,0,0,0,0,0,0,0,0,0,0.00565884242104517,0,0,0,0,0,0,0,0,0,0,0,0,0,0,0,0,0,0,0,0,0.00282942121052258,0,0,0,0,0,0,0,0,0,0,0,0,0,0,0.0735649514735872,0.00282942121052258,0,0,0,0,0,0,0.00282942121052258,0,0,0,0,0,0,0,0,0,0,0,0,0,0,0,0.00282942121052258,0.00282942121052258,0,0,0,0,0.00848826363156775,0,0,0,0,0,0.0763943726841098,0,0,0,0,0,0,0,0,0,0,0,0,0,0,0,0,0,0,0,0,0,0,0,0,0.00282942121052258,0,0,0,0.00565884242104517,0,0,0,0,0.0141471060526129,0,0,0,0,0,0.00848826363156775,0,0,0,0,0,0,0,0,0,0,0,0,0,0,0,0,0,0,0,0,0,0,0,0.00282942121052258,0,0,0,0,0,0,0,0,0,0,0,0,0,0,0,0,0,0,0,0,0,0,0,0,0,0,0.00282942121052258,0,0,0,0,0,0,0,0,0,0,0,0,0,0,0,0,0,0,0,0.00565884242104517,0,0,0,0,0,0,0,0,0,0,0,0,0,0,0,0,0,0,0,0,0,0,0,0,0,0,0,0,0,0,0,0,0,0,0,0,0,0,0,0,0,0,0,0,0,0,0,0,0,0,0,0,0,0,0,0,0.0282942121052258,0,0.00565884242104517,0,0,0,0,0,0,0,0,0,0,0,0,0,0,0,0,0,0,0,0,0,0,0,0,0,0,0,0,0,0,0,0,0,0.00282942121052258,0,0,0,0,0.00565884242104517,0,0,0,0,0,0,0,0.00282942121052258,0,0,0,0,0,0,0,0,0,0,0,0,0,0,0,0,0,0,0,0,0,0,0,0,0,0,0,0,0,0,0,0,0,0,0,0,0,0,0,0,0,0,0,0,0,0,0,0,0,0,0,0,0,0,0,0,0,0,0.00565884242104517,0,0,0,0,0,0,0,0,0,0,0,0,0,0,0,0,0,0,0,0,0,0,0,0,0,0,0,0,0,0,0,0,0,0,0,0,0.0509295817894065,0,0,0,0,0,0,0,0,0,0,0,0,0,0,0,0,0,0,0,0.0226353696841807,0,0,0,0,0,0,0,0,0,0,0,0,0,0,0,0,0,0,0,0,0,0,0,0,0,0,0,0,0,0,0,0,0,0,0,0,0,0,0,0,0,0,0.00282942121052258,0,0,0,0,0,0,0,0,0,0,0,0,0,0,0,0,0,0,0,0,0,0,0,0,0,0,0,0,0,0,0,0,0,0,0,0,0,0,0,0,0,0,0,0.00848826363156775,0,0,0,0,0,0,0,0,0,0,0,0,0,0,0.0113176848420903,0,0,0,0,0,0,0,0,0,0,0,0,0,0,0,0,0,0,0,0,3.66071970334183,0,0,0,0,0.936905922496467,0,0,0,0,0,0,0,0,0,0,0,0,0,0,0,0,0,0,0,0,0,0,0,0,0,0,0,0,0.187998062911963,0,0,0,0,0,0,0,0,0,0,0,0,0,28.4007708501332,0,0,0,0,0,0,0,0,0,0,0,0.575196051615958,0,0,0,0,0,0,0,0,0,0.686310859613678,0,0,0,0,0,0,0,0,0,0,0,0,0,0.918908233049149,0,0,0,0,0,0,0,0,0,0,205.920096102644,0,0,0,0,12.4658971788428,0,0,0,0.0922985135093611,0,0,0,0,0,0,0,0,0,0,0,0,0,0,0,0.645004181731569,0,0,0,0,0,0,0,0,0,0,0,0,0,0,0,0,0,0,0,0,2.86234938500336,0,0,0,0,0,0,0,0,0,0,0,0,0,0,0.273673503050828,2.08753930409127,0,0,0,0,0,0,0.179111292414106,0,0,0,0,0,0,0,0,0,0,0,0,0,0,0,0.673258100020243,0.0901485429108371,0,0,0,0,1.62961326767949,0,0,0,0,0,0.471611153147311,0,0,0,0,0,0,0,0,0,0,0,0,0,0,0,0,0,0,0,0,0,0,0,0,0.0846268566382463,0,0,0,0.261790264166041,0,0,0,0,1.7216992490507,0,0,0,0,0,0.240847398688328,0,0,0,0,0,0,0,0,0,0,0,0,0,0,0,0,0,0,0,0,0,0,0,0.124090881565124,0,0,0,0,0,0,0,0,0,0,0,0,0,0,0,0,0,0,0,0,0,0,0,0,0,0,0.226377830237467,0,0,0,0,0,0,0,0,0,0,0,0,0,0,0,0,0,0,0,0.196560807724632,0,0,0,0,0,0,0,0,0,0,0,0,0,0,0,0,0,0,0,0,0,0,0,0,0,0,0,0,0,0,0,0,0,0,0,0,0,0,0,0,0,0,0,0,0,0,0,0,0,0,0,0,0,0,0,0,22.1843603295861,0,4.86964357379184,0,0,0,0,0,0,0,0,0,0,0,0,0,0,0,0,0,0,0,0,0,0,0,0,0,0,0,0,0,0,0,0,0,0.115682583844942,0,0,0,0,5.379847417794,0,0,0,0,0,0,0,3.00449948419392,0,0,0,0,0,0,0,0,0,0,0,0,0,0,0,0,0,0,0,0,0,0,0,0,0,0,0,0,0,0,0,0,0,0,0,0,0,0,0,0,0,0,0,0,0,0,0,0,0,0,0,0,0,0,0,0,0,0,0.031477268920354,0,0,0,0,0,0,0,0,0,0,0,0,0,0,0,0,0,0,0,0,0,0,0,0,0,0,0,0,0,0,0,0,0,0,0,0,1.32789203202295,0,0,0,0,0,0,0,0,0,0,0,0,0,0,0,0,0,0,0,2.02812912370259,0,0,0,0,0,0,0,0,0,0,0,0,0,0,0,0,0,0,0,0,0,0,0,0,0,0,0,0,0,0,0,0,0,0,0,0,0,0,0,0,0,0,0.951487946606965,0,0,0,0,0,0,0,0,0,0,0,0,0,0,0,0,0,0,0,0,0,0,0,0,0,0,0,0,0,0,0,0,0,0,0,0,0,0,0,0,0,0,0,0.189353537556768,0,0,0,0,0,0,0,0,0,0,0,0,0,0,0.997691862329856,0,0,0,0,0,0,0,0,0,0,0,0,0,0,0,"KIN-00129"
"190",2597,"nSPC",2010,"PRIAs","Pacific Remote Island Areas","Kingman","Kingman",2010,"ForereefDeep","Kingman","2010-04-16","Forereef","Deep",6.43333,-162.42722,24,50,50,0,0,0,0,NA,0,2,NA,NA,NA,2,1,67.3758134067147,48.5562187041368,28.7677767987206,15.9860544315598,160.685863341132,23.9890210460726,0,0,0,0,0,0,0,0,0,0,0,0,0,0,0,0,0.0226353696841807,0,0,0,0,0,0,0,0,0,0,0,0,0,0,0,0,0,0,0,0,0,0,0,0,0,0,0,0,0,0,0,0,0,0,0,0,0,0,0,0.00282942121052258,0,0,0,0,0,0,0,0,0,0,0,0,0,0,0,0,0,0,0,0.0113176848420903,0,0,0,0,0,0,0,0,0,0.00282942121052258,0,0,0,0,0,0,0,0,0,0,0,0,0,0,0,0,0,0,0,0,0,0,0,0,0,0,0,0,0,0.00565884242104517,0,0,0,0.0141471060526129,0,0,0,0,0,0,0,0,0,0,0,0,0,0,0,0.00282942121052258,0,0.0877120575262001,0,0,0,0,0,0.0113176848420903,0,0,0,0,0,0,0,0,0,0,0,0,0.0113176848420903,0,0,0,0,0,0,0,0,0,0,0,0,0,0.00565884242104517,2.43330224104942,0.00848826363156775,0,0,0,0,0,0,0.00565884242104517,0,0,0,0.0141471060526129,0,0,0,0,0.00282942121052258,0,0,0,0,0,0,0,0,0,0,0,0,0.00565884242104517,0,0,0,0,0,0.161277008999787,0,0,0,0,0,0,0,0,0,0,0,0,0,0,0,0,0,0,0,0,0,0,0,0,0,0,0,0,0.0141471060526129,0,0,0,0,0.00282942121052258,0,0,0,0,0,0,0,0,0,0,0,0,0,0,0,0,0,0,0,0,0,0,0,0,0,0,0,0,0,0,0,0,0,0,0,0.00282942121052258,0,0,0,0,0,0,0,0,0,0,0,0,0,0,0,0,0,0,0,0,0,0,0,0,0,0,0,0,0,0,0,0,0,0,0,0,0,0,0,0,0.00282942121052258,0,0,0,0,0,0.00282942121052258,0,0,0,0,0,0,0,0,0,0,0,0,0,0,0,0,0,0,0,0,0,0,0,0,0,0,0,0,0,0,0,0,0.00565884242104517,0,0,0,0,0,0,0,0,0,0,0,0,0,0,0,0,0,0.033953054526271,0,0,0,0,0,0,0,0,0,0,0,0,0.00282942121052258,0,0,0,0,0,0.00848826363156775,0,0,0,0,0,0,0.0141471060526129,0.033953054526271,0,0,0,0,0,0,0,0,0.147129902947174,0,0,0,0,0,0,0,0,0,0,0,0,0.00848826363156775,0,0,0,0,0,0,0,0,0,0,0,0,0,0,0,0,0,0,0,0,0,0,0.00282942121052258,0,0,0,0,0,0,0,0,0,0,0,0,0,0,0,0,0,0,0,0,0,0,0,0,0,0,0,0,0,0,0,0,0,0,0,0.0141471060526129,0,0,0,0,0,0,0,0,0,0,0,0,0,0,0,0,0,0,0,0,0,0,0,0,0,0,0,0,0,0,0,0,0,0,0,0.00282942121052258,0,0,0,0.00282942121052258,0.00282942121052258,0.0169765272631355,0,0,0,0,0,0,0,0,0,0,0,0,0,0,0,0,0,0,0,0,0,0,0,0,0,0,0,0,0,0,0,0,0,0.00282942121052258,0,0,0,0,0,0,0,0,0,0,0,0,0,0,0,0,0,0,0,0,0,0,0,0.00282942121052258,0,0,0,0,0,0,0,0,0,0,0,0,0,0,0,0,0,0,0,0,0,0,0,0,0,0,0,0,0,0,0,0,0,0,0,0,0,0,0,0,0,0,0,0,0,0,0,0,0,0,0,0,0,0,0,0,0,0,0.00282942121052258,0,0,0,0,0,0,0,0,0,0,0,0,0,0,0,0,0,0,0,0,2.70077562758927,0,0,0,0,0,0,0,0,0,0,0,0,0,0,0,0,0,0,0,0,0,0,0,0,0,0,0,0,0,0,0,0,0,0,0,0,0,0,0,1.27377006121214,0,0,0,0,0,0,0,0,0,0,0,0,0,0,0,0,0,0,0,4.38124684264661,0,0,0,0,0,0,0,0,0,0.232429000294309,0,0,0,0,0,0,0,0,0,0,0,0,0,0,0,0,0,0,0,0,0,0,0,0,0,0,0,0,0,4.58915455014045,0,0,0,0.125449743735868,0,0,0,0,0,0,0,0,0,0,0,0,0,0,0,0.197316632695133,0,0.282871385521995,0,0,0,0,0,1.06971285283219,0,0,0,0,0,0,0,0,0,0,0,0,12.5039154541975,0,0,0,0,0,0,0,0,0,0,0,0,0,0.666401551833678,6.65970490352816,10.5336176452681,0,0,0,0,0,0,0.607935867492699,0,0,0,0.408751463149599,0,0,0,0,0.223531678154915,0,0,0,0,0,0,0,0,0,0,0,0,0.43208404578354,0,0,0,0,0,0.810440918779928,0,0,0,0,0,0,0,0,0,0,0,0,0,0,0,0,0,0,0,0,0,0,0,0,0,0,0,0,1.71309781800179,0,0,0,0,0.239432563321034,0,0,0,0,0,0,0,0,0,0,0,0,0,0,0,0,0,0,0,0,0,0,0,0,0,0,0,0,0,0,0,0,0,0,0,4.03660871839593,0,0,0,0,0,0,0,0,0,0,0,0,0,0,0,0,0,0,0,0,0,0,0,0,0,0,0,0,0,0,0,0,0,0,0,0,0,0,0,0,0.135141328524186,0,0,0,0,0,0.0376313020999504,0,0,0,0,0,0,0,0,0,0,0,0,0,0,0,0,0,0,0,0,0,0,0,0,0,0,0,0,0,0,0,0,0.0363192065948072,0,0,0,0,0,0,0,0,0,0,0,0,0,0,0,0,0,56.7701069789025,0,0,0,0,0,0,0,0,0,0,0,0,0.029697605025645,0,0,0,0,0,6.35864338284587,0,0,0,0,0,0,3.66610774159139,8.39183167160159,0,0,0,0,0,0,0,0,21.0682268406237,0,0,0,0,0,0,0,0,0,0,0,0,7.52417571822637,0,0,0,0,0,0,0,0,0,0,0,0,0,0,0,0,0,0,0,0,0,0,0.508856465368495,0,0,0,0,0,0,0,0,0,0,0,0,0,0,0,0,0,0,0,0,0,0,0,0,0,0,0,0,0,0,0,0,0,0,0,0.0622171197545815,0,0,0,0,0,0,0,0,0,0,0,0,0,0,0,0,0,0,0,0,0,0,0,0,0,0,0,0,0,0,0,0,0,0,0,0.0162072076359944,0,0,0,0.326238805641032,0.0181534692942321,0.152859524263661,0,0,0,0,0,0,0,0,0,0,0,0,0,0,0,0,0,0,0,0,0,0,0,0,0,0,0,0,0,0,0,0,0,0.529667650609828,0,0,0,0,0,0,0,0,0,0,0,0,0,0,0,0,0,0,0,0,0,0,0,0.951487946606965,0,0,0,0,0,0,0,0,0,0,0,0,0,0,0,0,0,0,0,0,0,0,0,0,0,0,0,0,0,0,0,0,0,0,0,0,0,0,0,0,0,0,0,0,0,0,0,0,0,0,0,0,0,0,0,0,0,0,0.414044051346115,0,0,0,0,79.08380138,85.86050147,90.60590151,93.96550152,63.0252011,64.60380115,54.34090091,77.95740137,77.93180135,56.85760101,64.02580111,"KIN-00128"
"191",2598,"nSPC",2010,"PRIAs","Pacific Remote Island Areas","Kingman","Kingman",2010,"ForereefMid","Kingman","2010-04-16","Forereef","Mid",6.43303,-162.42203,9,22.5,0,0,37.5,37.5,2.5,NA,0,2,NA,NA,NA,4,2,36.2690558367092,12.1690387388951,42.6424736206808,55.8998162835758,146.980384479861,30.1008090032968,0,0,0,0,0,0,0,0,0,0,0,0,0.00141471060526129,0.00282942121052258,0,0,0.0226353696841807,0.00282942121052258,0,0.00282942121052258,0,0.00707355302630646,0,0,0,0,0,0,0,0,0,0,0,0,0,0,0,0,0,0,0,0,0,0,0,0,0,0,0,0,0,0,0,0,0,0,0.0141471060526129,0,0,0,0,0,0,0,0,0.00141471060526129,0,0,0,0,0,0,0,0,0,0,0.00141471060526129,0,0,0,0,0,0,0,0,0,0.00424413181578388,0,0,0,0,0,0,0,0,0,0,0,0,0,0,0,0,0,0,0,0,0,0,0,0,0,0,0,0,0,0.00424413181578388,0,0,0,0.0155618166578742,0,0,0,0,0,0,0,0,0,0,0,0,0,0,0,0,0,0,0,0,0,0,0,0.00282942121052258,0,0,0,0,0,0,0,0,0,0,0,0,0.00282942121052258,0,0,0,0,0,0,0,0,0,0,0,0,0,0,0,0.00848826363156775,0,0,0,0,0,0,0.00282942121052258,0,0,0,0,0,0,0.00707355302630646,0,0.00424413181578388,0,0.00565884242104517,0,0,0,0,0,0.00141471060526129,0,0,0,0,0,0.117420980236687,0,0,0,0,0,0,0,0,0,0,0,0,0,0,0,0,0,0,0,0,0,0,0,0,0,0,0,0,0,0,0,0,0,0,0,0,0.0169765272631355,0,0.0113176848420903,0,0,0,0,0,0.00424413181578388,0,0,0,0,0,0,0,0,0,0,0,0,0,0,0,0,0,0,0,0,0,0,0,0,0,0,0,0,0,0,0,0,0,0,0,0,0,0,0,0,0,0,0,0,0,0,0,0,0,0,0.0127323954473516,0,0,0,0,0,0,0,0,0,0,0,0,0,0,0,0,0,0,0,0.00424413181578388,0,0,0,0,0,0.00565884242104517,0,0,0,0,0,0,0,0,0,0,0,0,0,0,0,0,0,0,0,0,0,0,0,0,0,0,0,0,0,0,0,0,0,0.00282942121052258,0,0,0,0,0,0,0,0,0,0,0,0,0,0,0,0,0.0141471060526129,0,0.067906109052542,0,0,0,0,0,0,0,0,0,0,0.0325383439210097,0,0,0,0.0198059484736581,0,0,0,0,0,0,0,0,0,0,0,0,0,0,0,0,0,0,0,0,0,0,0,0,0,0,0,0,0,0,0,0,0,0,0,0,0,0,0,0,0,0,0,0,0,0,0,0,0,0,0,0,0,0,0.00282942121052258,0.00282942121052258,0,0,0,0,0,0,0,0,0,0,0.00424413181578388,0,0,0,0,0,0,0,0,0,0,0,0,0,0,0,0,0,0,0.0367824757367936,0,0,0,0,0.0254647908947033,0,0,0,0,0,0.00282942121052258,0,0,0,0,0,0,0.00282942121052258,0,0,0,0,0,0,0,0,0,0,0,0,0,0,0,0,0,0,0,0,0,0,0,0,0,0,0.00282942121052258,0,0,0,0,0,0,0,0,0,0,0,0,0,0,0,0,0,0,0,0,0,0,0,0,0,0,0,0,0,0,0,0,0,0,0,0,0,0,0,0,0,0,0,0,0.00707355302630646,0,0,0,0,0,0,0,0,0,0.00282942121052258,0,0,0,0,0.00565884242104517,0,0,0,0,0,0,0,0,0,0,0,0,0,0,0,0,0,0.0268795014999645,0,0,0,0,0,0,0,0,0,0,0,0,0,0,0,0,0,0,0,0.0862973469209388,0,0,0,0,0,0,0,0.101859163578813,0,0,0,0,0,0,0,0,0,0,0,0,0.00707355302630646,0,0.00282942121052258,0,0,0,0,0,0,0,0,0,0,0,0,0,0,0.390363735801956,0.801172909214841,0,0,3.01887579701641,0.13249593240658,0,0.140457447755596,0,2.09960186185126,0,0,0,0,0,0,0,0,0,0,0,0,0,0,0,0,0,0,0,0,0,0,0,0,0,0,0,0,0,0,0,0,0,0,8.56545377896732,0,0,0,0,0,0,0,0,0.429391170159842,0,0,0,0,0,0,0,0,0,0,1.45809070698034,0,0,0,0,0,0,0,0,0,0.721941324328149,0,0,0,0,0,0,0,0,0,0,0,0,0,0,0,0,0,0,0,0,0,0,0,0,0,0,0,0,0,2.89437131547551,0,0,0,0.0902859106743404,0,0,0,0,0,0,0,0,0,0,0,0,0,0,0,0,0,0,0,0,0,0,0,0.474485309824201,0,0,0,0,0,0,0,0,0,0,0,0,3.12597886354938,0,0,0,0,0,0,0,0,0,0,0,0,0,0,0,11.1559992847602,0,0,0,0,0,0,0.39940763856229,0,0,0,0,0,0,0.32868724069233,0,0.233461693395738,0,2.76056678292355,0,0,0,0,0,0.0583614369316507,0,0,0,0,0,0.252503773553699,0,0,0,0,0,0,0,0,0,0,0,0,0,0,0,0,0,0,0,0,0,0,0,0,0,0,0,0,0,0,0,0,0,0,0,0,3.62702540102388,0,1.6924440218164,0,0,0,0,0,0.167720509647252,0,0,0,0,0,0,0,0,0,0,0,0,0,0,0,0,0,0,0,0,0,0,0,0,0,0,0,0,0,0,0,0,0,0,0,0,0,0,0,0,0,0,0,0,0,0,0,0,0,0,0.660306470502117,0,0,0,0,0,0,0,0,0,0,0,0,0,0,0,0,0,0,0,0.2342952889801,0,0,0,0,0,0.0797783604518948,0,0,0,0,0,0,0,0,0,0,0,0,0,0,0,0,0,0,0,0,0,0,0,0,0,0,0,0,0,0,0,0,0,0.0144702131533189,0,0,0,0,0,0,0,0,0,0,0,0,0,0,0,0,24.6630205285365,0,46.6830588708302,0,0,0,0,0,0,0,0,0,0,0.619009454753289,0,0,0,11.5613714222407,0,0,0,0,0,0,0,0,0,0,0,0,0,0,0,0,0,0,0,0,0,0,0,0,0,0,0,0,0,0,0,0,0,0,0,0,0,0,0,0,0,0,0,0,0,0,0,0,0,0,0,0,0,0,0.1462102137298,0.0347193226400193,0,0,0,0,0,0,0,0,0,0,0.702815708660249,0,0,0,0,0,0,0,0,0,0,0,0,0,0,0,0,0,0,0.19723659223422,0,0,0,0,0.11004887485721,0,0,0,0,0,0.0215007714033833,0,0,0,0,0,0,0.0070546988871528,0,0,0,0,0,0,0,0,0,0,0,0,0,0,0,0,0,0,0,0,0,0,0,0,0,0,0.768345816699938,0,0,0,0,0,0,0,0,0,0,0,0,0,0,0,0,0,0,0,0,0,0,0,0,0,0,0,0,0,0,0,0,0,0,0,0,0,0,0,0,0,0,0,0,8.00205357041918,0,0,0,0,0,0,0,0,0,1.96800683517294,0,0,0,0,3.08820366647157,0,0,0,0,0,0,0,0,0,0,0,0,0,0,0,0,0,0.204122228885575,0,0,0,0,0,0,0,0,0,0,0,0,0,0,0,0,0,0,0,0.180388334566262,0,0,0,0,0,0,0,0.841914935965832,0,0,0,0,0,0,0,0,0,0,0,0,0.849989852972878,0,0.323318599533783,0,0,66.44630113,68.95560118,78.1749013,72.7752012,38.49320068,46.37660087,44.00450074,52.1418009,53.51190098,46.34020083,43.07090072,"KIN-00159"
"192",2602,"nSPC",2010,"PRIAs","Pacific Remote Island Areas","Kingman","Kingman",2010,"ForereefDeep","Kingman","2010-04-16","Forereef","Deep",6.43841,-162.38614,24,30,30,10,15,10,5,NA,0,3,NA,NA,NA,2,1,34.3270468715028,31.2598235328797,18.8858796725368,7.73900366526123,92.2117537421805,14.0978427779087,0,0,0,0,0,0,0,0,0,0,0,0,0,0,0,0,0.0877120575262001,0,0,0,0,0,0,0,0,0,0,0,0,0,0,0,0,0,0,0,0,0,0,0,0,0,0,0,0,0,0,0,0,0,0,0,0,0,0,0,0,0,0,0,0,0,0,0,0,0,0,0,0,0,0,0,0,0,0,0,0.00565884242104517,0,0,0,0,0,0,0.00282942121052258,0,0,0.00282942121052258,0,0,0,0,0,0,0,0,0,0,0,0,0,0,0,0,0,0,0,0,0,0,0,0,0.0990297423682904,0,0,0,0,0.00565884242104517,0,0,0,0.0113176848420903,0,0,0,0,0.00565884242104517,0,0,0,0,0,0,0,0,0,0,0.00565884242104517,0,0.0990297423682904,0,0,0,0,0,0,0.00565884242104517,0,0,0,0,0,0,0,0,0,0,0,0,0,0,0,0,0,0,0,0,0.00565884242104517,0,0,0,0,0,0.0650766878420194,0.00848826363156775,0,0,0,0,0,0,0,0,0,0,0.0113176848420903,0,0,0,0,0.00282942121052258,0,0.00282942121052258,0,0,0,0,0,0.00565884242104517,0,0,0,0,0,0,0,0,0,0,0.0113176848420903,0,0,0,0,0,0,0,0,0,0,0,0,0,0,0,0,0,0,0,0,0,0,0,0,0,0,0,0,0.0622472666314969,0,0,0,0,0,0,0,0,0,0,0,0,0,0,0,0,0,0,0,0,0,0,0,0,0,0,0,0,0,0,0,0,0,0,0,0,0,0,0,0,0,0,0,0,0,0,0,0,0,0,0,0.00282942121052258,0,0,0,0,0,0,0,0,0,0.00565884242104517,0,0,0,0,0,0,0,0,0,0,0,0,0,0,0,0,0,0,0,0.00848826363156775,0,0,0.00282942121052258,0,0,0,0,0,0,0,0,0,0,0,0,0,0,0,0,0,0,0,0,0,0,0,0,0,0,0,0,0,0,0,0,0,0,0,0.00282942121052258,0.00565884242104517,0,0,0,0.00282942121052258,0,0,0,0,0,0,0,0,0,0,0,0,0.0198059484736581,0,0,0,0,0,0,0,0,0,0,0,0,0.00282942121052258,0,0,0,0,0.00282942121052258,0.00565884242104517,0,0,0,0,0,0,0.0141471060526129,0.033953054526271,0,0,0,0,0,0,0,0,0,0,0,0,0,0.0141471060526129,0,0,0,0,0,0,0,0,0,0,0,0,0,0,0,0.00282942121052258,0,0,0,0,0,0,0,0,0,0,0,0,0,0,0.00282942121052258,0,0,0,0,0,0,0,0,0,0,0,0,0,0,0,0,0,0,0,0,0,0,0,0,0,0,0,0,0,0,0,0,0,0,0,0.0282942121052258,0,0,0,0,0,0,0,0,0,0,0,0,0,0,0,0,0,0,0,0,0,0,0,0,0,0,0,0,0,0,0,0,0,0,0,0.00565884242104517,0,0,0,0,0.0282942121052258,0,0,0,0,0,0,0,0,0,0,0,0,0,0,0,0,0,0,0,0,0,0,0,0,0,0,0,0,0,0,0,0,0,0,0.00282942121052258,0,0,0,0,0,0,0,0,0,0,0,0,0,0,0,0,0,0,0,0,0,0,0,0.00848826363156775,0,0,0,0,0,0,0,0,0,0,0,0,0,0,0,0,0,0,0,0,0,0,0,0,0,0,0,0,0,0,0,0,0,0,0,0,0,0,0,0,0,0,0,0.00282942121052258,0,0.0113176848420903,0,0,0,0,0,0,0,0,0,0,0,0,0,0,0,0,0,0,0,0,0,0,0,0,0,0,0,0,0,0,0,0,0,2.91174833503012,0,0,0,0,0,0,0,0,0,0,0,0,0,0,0,0,0,0,0,0,0,0,0,0,0,0,0,0,0,0,0,0,0,0,0,0,0,0,0,0,0,0,0,0,0,0,0,0,0,0,0,0,0,0,0,0,0,0,0,0.722926695256528,0,0,0,0,0,0,0.0980785542552974,0,0,0.330907765958665,0,0,0,0,0,0,0,0,0,0,0,0,0,0,0,0,0,0,0,0,0,0,0,0,8.83672440580575,0,0,0,0,3.45520961795521,0,0,0,0.0701757356871772,0,0,0,0,0.0160851003891877,0,0,0,0,0,0,0,0,0,0,0.534533217904888,0,0.0551142957597694,0,0,0,0,0,0,0.355435989122598,0,0,0,0,0,0,0,0,0,0,0,0,0,0,0,0,0,0,0,0,0.119323859908858,0,0,0,0,0,0.135997262252252,10.5772601947051,0,0,0,0,0,0,0,0,0,0,0.247409253397689,0,0,0,0,0.0419543340689246,0,0.66611874338277,0,0,0,0,0,0.233445747726603,0,0,0,0,0,0,0,0,0,0,0.060394877626415,0,0,0,0,0,0,0,0,0,0,0,0,0,0,0,0,0,0,0,0,0,0,0,0,0,0,0,0,1.67768738017629,0,0,0,0,0,0,0,0,0,0,0,0,0,0,0,0,0,0,0,0,0,0,0,0,0,0,0,0,0,0,0,0,0,0,0,0,0,0,0,0,0,0,0,0,0,0,0,0,0,0,0,0.0611154981472878,0,0,0,0,0,0,0,0,0,0.0174857688336784,0,0,0,0,0,0,0,0,0,0,0,0,0,0,0,0,0,0,0,0.557405375884591,0,0,0.00868743324147428,0,0,0,0,0,0,0,0,0,0,0,0,0,0,0,0,0,0,0,0,0,0,0,0,0,0,0,0,0,0,0,0,0,0,0,0.0119901315272546,0.027397062361695,0,0,0,0.00785111761276115,0,0,0,0,0,0,0,0,0,0,0,0,30.1025170508234,0,0,0,0,0,0,0,0,0,0,0,0,0.029697605025645,0,0,0,0,0.112340343345353,4.0477822002005,0,0,0,0,0,0,1.14149790258301,2.38717639349397,0,0,0,0,0,0,0,0,0,0,0,0,0,18.5235945354497,0,0,0,0,0,0,0,0,0,0,0,0,0,0,0,0.130668896228596,0,0,0,0,0,0,0,0,0,0,0,0,0,0,0.234786984819254,0,0,0,0,0,0,0,0,0,0,0,0,0,0,0,0,0,0,0,0,0,0,0,0,0,0,0,0,0,0,0,0,0,0,0,0.14669113829565,0,0,0,0,0,0,0,0,0,0,0,0,0,0,0,0,0,0,0,0,0,0,0,0,0,0,0,0,0,0,0,0,0,0,0,0.00255157204764927,0,0,0,0,0.127445723563231,0,0,0,0,0,0,0,0,0,0,0,0,0,0,0,0,0,0,0,0,0,0,0,0,0,0,0,0,0,0,0,0,0,0,0.32528214593076,0,0,0,0,0,0,0,0,0,0,0,0,0,0,0,0,0,0,0,0,0,0,0,2.85446383982089,0,0,0,0,0,0,0,0,0,0,0,0,0,0,0,0,0,0,0,0,0,0,0,0,0,0,0,0,0,0,0,0,0,0,0,0,0,0,0,0,0,0,0,0.049477837269103,0,0.157315819305056,0,0,0,0,0,0,0,0,0,0,0,0,0,0,0,0,0,162.2908028,172.844003,166.2471029,179.911703,157.9458028,196.0195033,158.3029027,156.2058027,196.0632034,163.2301029,185.8678031,"KIN-00121"
"193",2603,"nSPC",2010,"PRIAs","Pacific Remote Island Areas","Kingman","Kingman",2010,"ForereefDeep","Kingman","2010-04-16","Forereef","Deep",6.41299,-162.40073,22,5,10,17.5,45,20,2.5,NA,0,3,NA,NA,NA,2,1,22.5670474290986,0.584929858472978,15.7880402129633,2.15212833434987,41.0921458348848,11.403277458356,0,0,0,0,0,0,0,0,0,0,0,0,0,0,0,0,0.0282942121052258,0,0,0,0,0.00848826363156775,0,0,0,0,0,0,0,0,0,0,0,0,0,0,0,0,0,0,0,0,0,0,0,0,0,0,0,0,0,0,0,0,0,0,0,0,0,0,0,0,0,0,0,0,0,0,0,0,0,0,0,0,0,0,0,0,0,0,0,0,0,0.00282942121052258,0,0,0.00282942121052258,0,0,0,0,0,0,0,0,0,0,0.0141471060526129,0,0,0,0,0,0,0,0,0,0,0,0,0,0,0,0,0,0,0.0113176848420903,0,0,0,0.0254647908947033,0,0,0,0,0,0,0,0,0,0,0,0,0,0,0,0,0,0,0,0,0,0,0,0.0169765272631355,0,0,0,0,0,0,0,0,0,0,0,0,0,0,0,0,0,0,0,0,0,0,0,0,0,0,0,0.0707355302630646,0.00565884242104517,0,0,0,0,0,0,0,0,0,0,0,0,0,0.00565884242104517,0,0,0,0.00565884242104517,0,0,0,0,0,0,0,0,0,0,0,0,0,0,0,0,0.0424413181578388,0,0,0,0,0,0,0,0,0,0,0,0,0,0,0,0,0,0,0,0,0,0,0,0,0,0,0,0,0.0396118969473162,0,0,0.0113176848420903,0,0.00848826363156775,0,0,0,0,0,0.0198059484736581,0,0,0,0,0,0,0,0,0,0,0,0,0,0,0,0,0,0,0,0,0,0,0,0,0,0,0,0.00282942121052258,0,0,0,0,0,0,0,0,0,0,0,0.00282942121052258,0,0,0,0,0,0,0,0,0,0,0.00282942121052258,0,0,0,0,0,0,0,0,0,0,0,0,0,0,0,0,0,0,0,0.00282942121052258,0,0,0,0,0,0.00848826363156775,0,0,0,0,0,0,0,0,0,0,0,0,0,0,0,0,0,0,0,0,0,0,0,0,0,0,0,0,0,0,0,0,0,0,0,0,0,0,0,0,0,0,0,0,0,0,0,0,0,0,0.00848826363156775,0,0,0,0,0,0,0,0,0,0,0,0,0,0,0,0,0,0.00282942121052258,0,0,0,0,0,0,0,0,0,0,0,0,0,0,0,0,0,0,0,0,0,0,0,0,0,0,0,0,0,0,0,0,0,0,0,0,0,0,0,0,0,0,0,0,0,0,0,0,0,0,0,0,0,0.00848826363156775,0,0,0,0,0,0,0,0,0,0,0,0.00282942121052258,0,0,0,0,0,0,0,0,0,0,0,0,0,0,0,0,0,0,0,0,0,0,0,0,0,0,0,0,0,0,0,0,0,0,0,0,0,0,0,0,0,0,0,0,0,0,0,0,0,0,0,0,0,0,0,0,0,0,0,0.00282942121052258,0,0,0,0,0.0169765272631355,0,0,0,0,0,0,0,0,0,0,0,0,0,0,0,0,0,0,0,0,0,0,0,0,0,0,0,0,0,0,0,0,0,0,0,0,0,0,0,0,0,0.00282942121052258,0,0.00282942121052258,0,0,0,0,0,0,0,0,0,0,0,0,0,0,0.00848826363156775,0,0,0,0,0,0,0,0,0,0,0,0,0,0,0,0,0,0,0,0,0,0,0,0,0,0,0,0,0,0,0,0,0,0,0,0,0,0.00565884242104517,0,0,0,0,0,0.00282942121052258,0,0,0,0,0,0,0,0,0,0,0,0,0,0,0,0,0,0,0,0,0,0,0,0,0,0,0,0,0,0,0,0,0,0,0,0.9330365886681,0,0,0,0,0.805171764264379,0,0,0,0,0,0,0,0,0,0,0,0,0,0,0,0,0,0,0,0,0,0,0,0,0,0,0,0,0,0,0,0,0,0,0,0,0,0,0,0,0,0,0,0,0,0,0,0,0,0,0,0,0,0,0,0,0,0,0,0,0,0.0567667018323994,0,0,0.330907765958665,0,0,0,0,0,0,0,0,0,0,1.18791219838795,0,0,0,0,0,0,0,0,0,0,0,0,0,0,0,0,0,0,9.69705483705116,0,0,0,0.184791957797766,0,0,0,0,0,0,0,0,0,0,0,0,0,0,0,0,0,0,0,0,0,0,0,1.12945676191858,0,0,0,0,0,0,0,0,0,0,0,0,0,0,0,0,0,0,0,0,0,0,0,0,0,0,0,0.203521399441374,6.17420523175611,0,0,0,0,0,0,0,0,0,0,0,0,0,0.281988661853712,0,0,0,0.348114406756569,0,0,0,0,0,0,0,0,0,0,0,0,0,0,0,0,0.24931855151656,0,0,0,0,0,0,0,0,0,0,0,0,0,0,0,0,0,0,0,0,0,0,0,0,0,0,0,0,1.29224141118884,0,0,0.501434108362123,0,0.417277815467745,0,0,0,0,0,0.128649331323049,0,0,0,0,0,0,0,0,0,0,0,0,0,0,0,0,0,0,0,0,0,0,0,0,0,0,0,0.112533322655747,0,0,0,0,0,0,0,0,0,0,0,0.0565127610563294,0,0,0,0,0,0,0,0,0,0,0.0087428844168392,0,0,0,0,0,0,0,0,0,0,0,0,0,0,0,0,0,0,0,0.135141328524186,0,0,0,0,0,0.0141117382874814,0,0,0,0,0,0,0,0,0,0,0,0,0,0,0,0,0,0,0,0,0,0,0,0,0,0,0,0,0,0,0,0,0,0,0,0,0,0,0,0,0,0,0,0,0,0,0,0,0,0,12.5445118229527,0,0,0,0,0,0,0,0,0,0,0,0,0,0,0,0,0,0.194296347802044,0,0,0,0,0,0,0,0,0,0,0,0,0,0,0,0,0,0,0,0,0,0,0,0,0,0,0,0,0,0,0,0,0,0,0,0,0,0,0,0,0,0,0,0,0,0,0,0,0,0,0,0,0,0.212947446438957,0,0,0,0,0,0,0,0,0,0,0,0.0118471683320419,0,0,0,0,0,0,0,0,0,0,0,0,0,0,0,0,0,0,0,0,0,0,0,0,0,0,0,0,0,0,0,0,0,0,0,0,0,0,0,0,0,0,0,0,0,0,0,0,0,0,0,0,0,0,0,0,0,0,0,0.0102062881905971,0,0,0,0,0.123481197766267,0,0,0,0,0,0,0,0,0,0,0,0,0,0,0,0,0,0,0,0,0,0,0,0,0,0,0,0,0,0,0,0,0,0,0,0,0,0,0,0,0,2.0859004144077,0,0.425160166681635,0,0,0,0,0,0,0,0,0,0,0,0,0,0,1.18198504036604,0,0,0,0,0,0,0,0,0,0,0,0,0,0,0,0,0,0,0,0,0,0,0,0,0,0,0,0,0,0,0,0,0,0,0,0,0,0.00344057619199546,0,0,0,0,0,0.049477837269103,0,0,0,0,0,0,0,0,0,0,0,0,0,0,0,0,0,0,0,0,0,0,0,0,0,0,0,0,0,0,"KIN-00133"
"194",2604,"nSPC",2010,"PRIAs","Pacific Remote Island Areas","Kingman","Kingman",2010,"BackreefMid","Kingman","2010-04-16","Backreef","Mid",6.42795,-162.38017,14,27.5,6.25,7.5,17.5,22.5,18.75,NA,0,2.5,NA,NA,NA,4,2,10.1557167431025,3.01388493740141,12.1294924722172,5.6840680326174,30.9831621853385,8.38010737950387,0,0,0,0,0,0,0,0,0,0,0,0,0,0,0,0,0.0353677651315323,0.00141471060526129,0,0,0,0.00565884242104517,0.00141471060526129,0,0.00141471060526129,0,0,0,0,0,0,0,0,0,0,0,0,0,0,0,0,0,0,0,0,0,0,0,0,0,0.0141471060526129,0,0,0,0,0,0.00424413181578388,0,0,0,0,0,0,0,0,0,0,0,0,0,0,0,0,0,0,0,0,0,0,0,0,0,0,0,0,0,0.00424413181578388,0,0,0,0,0,0,0,0,0,0,0,0,0,0,0,0,0,0,0,0,0,0,0,0,0,0,0,0,0,0.00282942121052258,0,0,0,0.0141471060526129,0,0,0,0,0,0,0,0,0,0,0,0,0,0,0,0.00141471060526129,0,0,0,0,0,0,0,0.00141471060526129,0,0,0,0,0,0,0,0,0,0,0,0,0,0,0,0,0,0,0,0,0,0,0,0.00282942121052258,0,0,0,0.213621301394455,0.00848826363156775,0,0,0,0,0,0,0.00565884242104517,0,0,0,0.0155618166578742,0,0,0,0,0,0,0,0,0,0,0,0.00141471060526129,0,0,0,0,0,0,0,0,0,0,0,0.0636619772367581,0.00424413181578388,0,0,0,0,0,0,0,0,0,0,0,0,0,0,0,0,0,0,0,0,0,0,0,0.00282942121052258,0,0,0.00282942121052258,0.00990297423682904,0,0,0.00141471060526129,0,0.033953054526271,0,0,0,0,0,0.0367824757367936,0,0,0,0,0,0,0,0,0,0,0,0,0,0,0,0,0,0,0,0,0,0,0,0,0,0,0,0,0,0,0,0,0,0,0,0,0,0,0,0,0.00282942121052258,0,0,0,0,0,0,0,0,0,0.0127323954473516,0,0,0,0,0,0,0,0,0,0,0,0,0,0,0,0,0,0,0,0.00707355302630646,0,0,0,0,0,0.00707355302630646,0,0,0,0,0,0,0,0,0,0,0,0,0,0,0,0,0,0,0,0,0,0,0,0,0,0,0,0,0,0,0,0,0.00848826363156775,0.00565884242104517,0,0,0,0,0,0,0,0,0,0,0,0,0,0,0,0,0.0113176848420903,0,0.00282942121052258,0,0,0,0,0,0,0,0,0,0,0.00282942121052258,0,0,0,0.00424413181578388,0.00707355302630646,0.00707355302630646,0,0,0,0,0,0,0,0,0,0,0,0,0,0,0,0,0,0,0,0.00141471060526129,0,0,0,0,0,0,0,0,0,0,0,0,0,0,0,0,0,0,0,0,0,0,0,0,0,0,0,0,0.00141471060526129,0,0,0,0,0,0,0,0,0,0,0.00424413181578388,0,0,0,0,0.00707355302630646,0,0,0,0,0,0,0,0,0,0,0,0,0,0,0,0,0,0,0,0,0,0,0,0.00848826363156775,0,0,0,0,0,0,0,0,0,0,0,0,0,0.0226353696841807,0,0,0,0,0,0,0,0,0,0,0,0,0,0,0,0,0,0,0,0,0,0.00565884242104517,0,0,0,0.00565884242104517,0.0155618166578742,0,0,0,0,0,0,0,0,0,0,0,0,0,0,0,0,0,0,0,0,0,0,0,0,0,0,0,0,0,0,0,0,0,0.00141471060526129,0.00141471060526129,0,0,0,0,0,0,0.00848826363156775,0,0.00424413181578388,0,0,0,0,0,0,0,0,0,0.00141471060526129,0,0,0.00565884242104517,0,0,0,0,0,0,0,0,0,0,0,0,0,0,0,0,0,0,0,0.00990297423682904,0,0.00141471060526129,0,0,0,0,0,0,0,0.00424413181578388,0,0,0,0,0,0,0,0,0,0.135812218105084,0,0,0,0,0.00707355302630646,0.0141471060526129,0,0.00565884242104517,0,0,0,0,0,0,0,0,0,0,0,0,0,0,0,0,0,0,0,0,0,0,0,0,0,0,0,0,0,0,0,0,0,0.86184796595408,0.0399449871885,0,0,0,0.544270060810699,0.0698753862150657,0,0.00180998222732987,0,0,0,0,0,0,0,0,0,0,0,0,0,0,0,0,0,0,0,0,0,0,0,0,0,0.106476778994386,0,0,0,0,0,0.850566457201247,0,0,0,0,0,0,0,0,0,0,0,0,0,0,0,0,0,0,0,0,0,0,0,0,0,0,0,0,0,0.736785387860701,0,0,0,0,0,0,0,0,0,0,0,0,0,0,0,0,0,0,0,0,0,0,0,0,0,0,0,0,0,1.76763339191984,0,0,0,0.105265544671001,0,0,0,0,0,0,0,0,0,0,0,0,0,0,0,0.185012848159496,0,0,0,0,0,0,0,0.0810725276719731,0,0,0,0,0,0,0,0,0,0,0,0,0,0,0,0,0,0,0,0,0,0,0,0.0106278086778991,0,0,0,0.355943451820709,3.98565457987571,0,0,0,0,0,0,0.00751793772947213,0,0,0,0.252208928497919,0,0,0,0,0,0,0,0,0,0,0,0.0263303195014002,0,0,0,0,0,0,0,0,0,0,0,0.33301255774249,0.0310417954958025,0,0,0,0,0,0,0,0,0,0,0,0,0,0,0,0,0,0,0,0,0,0,0,0.0918589987234025,0,0,0.0186420518110185,0.204727119718262,0,0,0.0911814659088,0,1.32486449452496,0,0,0,0,0,0.649914678370414,0,0,0,0,0,0,0,0,0,0,0,0,0,0,0,0,0,0,0,0,0,0,0,0,0,0,0,0,0,0,0,0,0,0,0,0,0,0,0,0,0.0694092390706321,0,0,0,0,0,0,0,0,0,0.0353292850352048,0,0,0,0,0,0,0,0,0,0,0,0,0,0,0,0,0,0,0,0.0502056052788503,0,0,0,0,0,0.0282799235281127,0,0,0,0,0,0,0,0,0,0,0,0,0,0,0,0,0,0,0,0,0,0,0,0,0,0,0,0,0,0,0,0,0.0529980346048368,0.0346326872801022,0,0,0,0,0,0,0,0,0,0,0,0,0,0,0,0,7.21382336539426,0,1.79635329765482,0,0,0,0,0,0,0,0,0,0,0.043850369920679,0,0,0,0.372430458903488,0.426768867345018,0.668612011089111,0,0,0,0,0,0,0,0,0,0,0,0,0,0,0,0,0,0,0,0.929559368827644,0,0,0,0,0,0,0,0,0,0,0,0,0,0,0,0,0,0,0,0,0,0,0,0,0,0,0,0,0.0105028115334598,0,0,0,0,0,0,0,0,0,0,0.128177868894201,0,0,0,0,0.114481925221344,0,0,0,0,0,0,0,0,0,0,0,0,0,0,0,0,0,0,0,0,0,0,0,0.0116357678551667,0,0,0,0,0,0,0,0,0,0,0,0,0,0.0626779065977179,0,0,0,0,0,0,0,0,0,0,0,0,0,0,0,0,0,0,0,0,0,0.00701682313103548,0,0,0,0.40223058462912,0.10412437333027,0,0,0,0,0,0,0,0,0,0,0,0,0,0,0,0,0,0,0,0,0,0,0,0,0,0,0,0,0,0,0,0,0,0.398184023933256,0.0908380020795855,0,0,0,0,0,0,1.64414960318901,0,1.5208327313586,0,0,0,0,0,0,0,0,0,1.21538554674059,0,0,0.0140849183399587,0,0,0,0,0,0,0,0,0,0,0,0,0,0,0,0,0,0,0,0.0601871663385936,0,0.00919817273463153,0,0,0,0,0,0,0,0.213502072560082,0,0,0,0,0,0,0,0,0,0.133497044199574,0,0,0,0,0.125981694031044,0.227470430452727,0,0.0326626969832122,0,0,0,0,0,0,0,0,0,0,0,0,0,0,0,0,0,0,0,0,0,0,0,0,0,0,0,0,"KIN-00142"
"195",2605,"nSPC",2010,"PRIAs","Pacific Remote Island Areas","Kingman","Kingman",2010,"BackreefMid","Kingman","2010-04-16","Backreef","Mid",6.41082,-162.35858,14,17.5,0,20,12.5,15,35,NA,0,2.5,NA,NA,NA,2,1,20.3999614960381,1.88150310462093,21.4004939218768,12.6615359858107,56.3434945083465,15.899530277533,0,0,0,0,0,0,0,0,0.00282942121052258,0,0,0,0,0,0,0,0.0311236333157484,0,0,0.0141471060526129,0,0.00848826363156775,0,0,0,0.00282942121052258,0,0,0,0,0,0,0,0,0,0,0,0,0,0,0,0,0,0,0,0,0,0,0,0,0,0,0,0,0,0,0.00282942121052258,0,0,0,0,0,0,0,0,0,0,0,0,0,0,0,0,0,0,0,0,0,0,0,0,0,0,0,0,0,0.00565884242104517,0,0,0,0,0,0,0,0,0,0,0,0,0,0,0,0,0,0,0,0,0,0,0,0,0,0,0,0,0,0.00282942121052258,0,0,0,0.00565884242104517,0,0,0,0,0,0,0,0,0,0,0,0,0,0,0,0,0,0,0,0,0,0,0,0.0113176848420903,0,0,0,0,0,0,0,0,0,0,0,0,0,0,0,0,0,0,0,0,0,0.0113176848420903,0,0,0,0,0,0.0763943726841098,0.0226353696841807,0,0,0,0,0,0,0,0,0,0,0,0,0,0,0,0,0,0,0,0,0,0,0,0,0,0,0,0,0.00282942121052258,0,0,0,0,0,0.033953054526271,0,0,0,0,0,0,0,0,0,0,0,0,0,0,0,0,0,0,0,0,0,0,0,0,0,0,0,0.00282942121052258,0,0,0,0,0,0.0396118969473162,0,0,0,0,0,0.0226353696841807,0,0,0,0,0,0,0,0,0,0,0,0,0,0,0,0,0,0,0,0,0,0,0,0,0,0,0,0,0,0.00282942121052258,0,0,0,0,0,0,0,0,0,0,0,0,0,0,0,0,0,0,0,0,0.00848826363156775,0,0,0,0,0,0,0,0,0,0,0,0,0,0,0,0,0,0,0,0,0,0,0,0,0,0.00565884242104517,0,0,0,0,0,0,0,0,0,0,0,0,0,0,0,0,0,0,0,0,0,0,0,0,0,0,0,0,0,0,0,0,0,0.0113176848420903,0,0,0,0,0,0,0,0,0,0,0,0,0,0,0,0,0.0113176848420903,0,0.00848826363156775,0,0,0,0,0,0,0,0,0,0,0.00565884242104517,0,0,0,0.00848826363156775,0.00282942121052258,0.0226353696841807,0,0,0,0,0,0,0,0,0,0,0,0,0,0,0,0,0,0,0,0,0,0,0,0,0,0,0,0,0,0,0,0,0,0,0,0,0,0,0,0,0,0,0,0,0,0,0,0,0,0,0,0,0.00565884242104517,0,0,0,0,0,0,0,0,0,0,0,0.00565884242104517,0,0,0,0.00282942121052258,0,0,0,0,0,0,0,0,0,0,0,0,0,0,0,0,0,0,0,0,0,0,0,0,0,0,0,0,0,0,0,0,0,0.138641639315607,0,0,0,0,0,0,0,0,0,0,0,0,0,0,0,0,0,0,0,0,0,0,0,0,0,0,0.00848826363156775,0,0,0,0,0,0,0,0,0,0,0.0141471060526129,0,0,0,0,0,0,0,0,0,0,0,0,0,0,0,0,0,0,0,0,0,0,0.00282942121052258,0,0,0,0,0,0,0,0,0,0,0,0,0,0,0,0,0,0,0,0.00848826363156775,0,0,0,0,0,0,0,0,0,0,0,0,0,0,0,0,0,0,0,0,0,0,0.0311236333157484,0,0,0,0,0,0,0,0,0,0.00848826363156775,0,0,0,0,0,0,0,0,0,0.0396118969473162,0,0,0,0,0.00282942121052258,0.00565884242104517,0,0.0141471060526129,0,0,0,0,0,0,0,0.00565884242104517,0,0,0,0,0,0,0,0,0,0,0,0,0,0,0,0,0,0.668733033123445,0,0,0,0,0,0,0,1.32361672902462,0,0,0.860422037031501,0,0.71012382426286,0,0,0,0.118788156565612,0,0,0,0,0,0,0,0,0,0,0,0,0,0,0,0,0,0,0,0,0,0,0,0,0,0,0,0,0,0,0.973501979377242,0,0,0,0,0,0,0,0,0,0,0,0,0,0,0,0,0,0,0,0,0,0,0,0,0,0,0,0,0,0.434502345887964,0,0,0,0,0,0,0,0,0,0,0,0,0,0,0,0,0,0,0,0,0,0,0,0,0,0,0,0,0,3.27679759091424,0,0,0,0.0599594536876566,0,0,0,0,0,0,0,0,0,0,0,0,0,0,0,0,0,0,0,0,0,0,0,0.492210346649225,0,0,0,0,0,0,0,0,0,0,0,0,0,0,0,0,0,0,0,0,0,0.247409253397689,0,0,0,0,0,0.110447588721233,13.8188704959862,0,0,0,0,0,0,0,0,0,0,0,0,0,0,0,0,0,0,0,0,0,0,0,0,0,0,0,0,0.102731780195644,0,0,0,0,0,0.268194525780977,0,0,0,0,0,0,0,0,0,0,0,0,0,0,0,0,0,0,0,0,0,0,0,0,0,0,0,0.0227061563694162,0,0,0,0,0,1.51335972325191,0,0,0,0,0,0.337142602418276,0,0,0,0,0,0,0,0,0,0,0,0,0,0,0,0,0,0,0,0,0,0,0,0,0,0,0,0,0,1.11828883676186,0,0,0,0,0,0,0,0,0,0,0,0,0,0,0,0,0,0,0,0,0.0145876170296027,0,0,0,0,0,0,0,0,0,0,0,0,0,0,0,0,0,0,0,0,0,0,0,0,0,0.092460109259578,0,0,0,0,0,0,0,0,0,0,0,0,0,0,0,0,0,0,0,0,0,0,0,0,0,0,0,0,0,0,0,0,0,0.0611377395644099,0,0,0,0,0,0,0,0,0,0,0,0,0,0,0,0,14.9720670339958,0,3.79579414583013,0,0,0,0,0,0,0,0,0,0,0.106899777465359,0,0,0,0.447921106410472,0.194296347802044,6.00378312006754,0,0,0,0,0,0,0,0,0,0,0,0,0,0,0,0,0,0,0,0,0,0,0,0,0,0,0,0,0,0,0,0,0,0,0,0,0,0,0,0,0,0,0,0,0,0,0,0,0,0,0,0,0.0593060549889465,0,0,0,0,0,0,0,0,0,0,0,0.104104458363893,0,0,0,0.054664764156204,0,0,0,0,0,0,0,0,0,0,0,0,0,0,0,0,0,0,0,0,0,0,0,0,0,0,0,0,0,0,0,0,0,0.110565036681053,0,0,0,0,0,0,0,0,0,0,0,0,0,0,0,0,0,0,0,0,0,0,0,0,0,0,0.0764353829324873,0,0,0,0,0,0,0,0,0,0,0.128738665078778,0,0,0,0,0,0,0,0,0,0,0,0,0,0,0,0,0,0,0,0,0,0,0.796368047866512,0,0,0,0,0,0,0,0,0,0,0,0,0,0,0,0,0,0,0,2.02599501739053,0,0,0,0,0,0,0,0,0,0,0,0,0,0,0,0,0,0,0,0,0,0,0.147746339790374,0,0,0,0,0,0,0,0,0,0.358727559607816,0,0,0,0,0,0,0,0,0,0.0619034919544183,0,0,0,0,0.0503926776124177,0.0590798519750379,0,0.150393923255633,0,0,0,0,0,0,0,0.0123197798598352,0,0,0,0,0,0,0,0,0,0,0,0,0,0,0,0,0,0,0,0,"KIN-00140"
"196",2606,"nSPC",2010,"PRIAs","Pacific Remote Island Areas","Kingman","Kingman",2010,"LagoonDeep","Kingman","2010-04-17","Lagoon","Deep",6.40656,-162.37888,23,12.5,18.75,11.25,13.75,23.75,20,NA,0,2,NA,NA,NA,4,2,27.6299360100316,1.23672445133462,55.8208153529301,8.28655547659585,92.9740312908921,26.0498017823427,0,0,0,0,0,0,0.0226353696841807,0,0,0,0,0,0,0.00141471060526129,0,0,0.0155618166578742,0,0,0,0,0.0198059484736581,0,0,0.0282942121052258,0,0,0.0254647908947033,0,0,0,0,0,0,0,0,0,0,0,0,0,0,0,0,0,0,0,0,0,0,0.00141471060526129,0,0,0,0,0,0.00565884242104517,0,0,0,0,0,0,0,0.00141471060526129,0,0,0,0,0,0,0,0,0,0,0,0,0,0,0,0,0,0,0,0,0,0.00565884242104517,0,0,0,0,0,0,0,0,0,0,0,0,0,0,0,0,0,0,0,0,0,0,0,0,0,0,0,0,0,0,0,0,0,0.0155618166578742,0,0,0,0,0,0,0,0,0,0,0,0,0,0,0,0.00282942121052258,0,0,0,0,0,0,0,0.00282942121052258,0,0,0,0,0,0,0,0,0,0,0,0,0,0,0,0,0,0,0,0,0,0,0,0.0141471060526129,0,0,0,0.033953054526271,0.0183912378683968,0,0,0,0,0,0,0,0,0.00141471060526129,0,0.00282942121052258,0,0,0,0,0,0,0.00141471060526129,0,0,0.0155618166578742,0,0.00282942121052258,0,0,0,0,0,0,0,0,0,0,0,0.00707355302630646,0.0664913984472807,0,0,0,0,0,0,0,0,0,0,0,0,0,0,0,0,0,0,0,0,0,0,0,0,0,0,0,0,0,0,0.00990297423682904,0,0.0198059484736581,0,0,0,0,0,0,0,0,0,0,0,0,0,0,0,0,0,0,0,0,0,0,0,0,0,0,0,0,0,0,0,0,0,0,0,0,0,0,0,0,0,0,0,0,0,0,0.00141471060526129,0,0,0,0,0,0,0,0,0,0.00141471060526129,0,0,0,0,0,0,0,0,0,0,0,0,0,0,0,0,0,0,0,0,0,0,0,0,0,0.00707355302630646,0,0,0,0,0,0,0,0,0,0,0,0,0,0,0,0,0,0,0,0,0,0,0,0,0,0,0,0,0,0,0,0,0,0.00282942121052258,0,0,0,0,0,0,0,0,0,0,0.00141471060526129,0,0,0.00141471060526129,0,0,0.00990297423682904,0,0.00424413181578388,0,0,0,0,0,0,0,0,0,0,0,0,0,0,0,0,0.00424413181578388,0,0,0,0,0,0,0,0,0,0,0,0,0,0,0,0,0,0,0,0,0,0,0,0,0,0,0,0,0,0,0,0,0,0,0,0,0,0,0,0,0,0,0,0,0,0,0,0,0,0,0,0,0.00707355302630646,0,0,0,0,0,0,0,0,0,0.00282942121052258,0,0.0155618166578742,0,0,0,0,0,0,0,0,0,0,0,0,0,0,0,0,0,0,0,0,0,0,0,0.00707355302630646,0,0,0,0,0,0,0,0,0,0,0,0,0,0,0,0,0,0,0,0,0,0,0,0,0,0,0,0,0,0,0,0,0,0,0,0.0127323954473516,0,0,0,0,0.00282942121052258,0,0,0,0,0,0,0,0,0,0,0,0,0,0,0,0,0,0,0,0,0,0,0,0,0,0,0,0,0,0,0,0,0,0,0,0,0,0,0,0,0,0,0,0,0,0,0,0,0,0,0,0,0,0.00848826363156775,0,0,0.00282942121052258,0,0,0,0,0,0,0,0,0,0,0,0,0,0,0,0,0,0,0,0,0,0,0,0,0,0,0,0,0,0.00424413181578388,0,0,0,0,0,0,0,0,0,0.00990297423682904,0,0,0,0,0.00848826363156775,0.00282942121052258,0,0,0,0,0,0,0,0,0,0,0,0,0,0,0.00848826363156775,0,0,0.00565884242104517,0,0,0,0,0,0,0,5.80928991590808,0,0,0,0,0,0,0.117542870572737,0,0,0.785456924651368,0,0,0,0,3.55446794650235,0,0,4.40197886069493,0,0,11.5050497452472,0,0,0,0,0,0,0,0,0,0,0,0,0,0,0,0,0,0,0,0,0,0,0.0151604632591616,0,0,0,0,0,1.41809600773968,0,0,0,0,0,0,0,5.0723738164835,0,0,0,0,0,0,0,0,0,0,0,0,0,0,0,0,0,0,0,0,0,0.607697317840299,0,0,0,0,0,0,0,0,0,0,0,0,0,0,0,0,0,0,0,0,0,0,0,0,0,0,0,0,0,0,0,0,0,0.138025718069866,0,0,0,0,0,0,0,0,0,0,0,0,0,0,0,0.219743003499237,0,0,0,0,0,0,0,0.162145055343946,0,0,0,0,0,0,0,0,0,0,0,0,0,0,0,0,0,0,0,0,0,0,0,0.0520466002757365,0,0,0,0.0983662430944229,16.0499879811762,0,0,0,0,0,0,0,0,0.0437658691700942,0,0.0817502926299197,0,0,0,0,0,0,0.836533776201816,0,0,0.108377288966902,0,0.182067340756513,0,0,0,0,0,0,0,0,0,0,0,0.0491656787252612,0.684010571956384,0,0,0,0,0,0,0,0,0,0,0,0,0,0,0,0,0,0,0,0,0,0,0,0,0,0,0,0,0,0,0.726651417663684,0,2.61709288673645,0,0,0,0,0,0,0,0,0,0,0,0,0,0,0,0,0,0,0,0,0,0,0,0,0,0,0,0,0,0,0,0,0,0,0,0,0,0,0,0,0,0,0,0,0,0,0.00905414787367227,0,0,0,0,0,0,0,0,0,0.00663072719265765,0,0,0,0,0,0,0,0,0,0,0,0,0,0,0,0,0,0,0,0,0,0,0,0,0,0.0890732920705825,0,0,0,0,0,0,0,0,0,0,0,0,0,0,0,0,0,0,0,0,0,0,0,0,0,0,0,0,0,0,0,0,0,0.0291852575211181,0,0,0,0,0,0,0,0,0,0,3.48226753683357,0,0,0.336328890113977,0,0,17.1036500096192,0,3.28488317734445,0,0,0,0,0,0,0,0,0,0,0,0,0,0,0,0,1.84464441740394,0,0,0,0,0,0,0,0,0,0,0,0,0,0,0,0,0,0,0,0,0,0,0,0,0,0,0,0,0,0,0,0,0,0,0,0,0,0,0,0,0,0,0,0,0,0,0,0,0,0,0,0,0.333805635856399,0,0,0,0,0,0,0,0,0,0.0597154731853263,0,0.263427028496365,0,0,0,0,0,0,0,0,0,0,0,0,0,0,0,0,0,0,0,0,0,0,0,0.0257609567242309,0,0,0,0,0,0,0,0,0,0,0,0,0,0,0,0,0,0,0,0,0,0,0,0,0,0,0,0,0,0,0,0,0,0,0,0.0204834533825177,0,0,0,0,0.0338989182048297,0,0,0,0,0,0,0,0,0,0,0,0,0,0,0,0,0,0,0,0,0,0,0,0,0,0,0,0,0,0,0,0,0,0,0,0,0,0,0,0,0,0,0,0,0,0,0,0,0,0,0,0,0,9.09082253310626,0,0,0.0724574918584209,0,0,0,0,0,0,0,0,0,0,0,0,0,0,0,0,0,0,0,0,0,0,0,0,0,0,0,0,0,0.382163066361765,0,0,0,0,0,0,0,0,0,0.0165980921762281,0,0,0,0,0.228159976139682,0.0642777176653205,0,0,0,0,0,0,0,0,0,0,0,0,0,0,0.744442614055171,0,0,0.115457284540703,0,0,0,0,0,0,0,0,0,0,0,0,"KIN-00134"
"197",2607,"nSPC",2010,"PRIAs","Pacific Remote Island Areas","Kingman","Kingman",2010,"BackreefDeep","Kingman","2010-04-17","Backreef","Deep",6.39561,-162.34764,22,36.25,0,13.75,26.25,23.75,0,NA,0,2.25,NA,NA,NA,4,2,10.1372634108406,2.39497209897757,2.09543705660251,3.24845700697382,17.8761295733945,0.408916364436567,0,0,0,0,0,0,0,0,0,0,0,0,0,0,0,0,0.00707355302630646,0,0,0,0,0,0,0,0.00424413181578388,0,0,0,0,0,0,0,0,0,0,0,0,0,0,0,0,0,0,0,0,0,0,0,0,0,0.00848826363156775,0,0,0,0,0,0,0,0,0,0,0,0,0,0,0,0,0,0,0,0,0,0,0,0,0,0.00141471060526129,0,0,0,0,0,0,0,0,0,0,0,0,0,0,0,0,0,0,0,0,0,0,0,0,0,0,0,0,0,0,0,0,0,0,0.0282942121052258,0,0,0,0,0,0,0,0,0.0155618166578742,0,0,0,0,0,0,0,0,0,0,0,0,0,0,0,0.00141471060526129,0,0,0,0,0,0,0,0.00990297423682904,0,0,0,0,0,0,0,0,0,0,0,0,0,0,0,0,0,0,0,0,0,0,0,0,0,0.00282942121052258,0,0.0268795014999645,0,0,0,0,0,0,0,0.00424413181578388,0,0.00565884242104517,0,0,0,0,0.00565884242104517,0,0.00141471060526129,0,0.00990297423682904,0,0,0,0,0,0,0,0,0,0.00424413181578388,0,0,0,0,0,0,0.00707355302630646,0,0,0,0,0,0,0,0,0,0,0,0,0,0,0,0,0,0,0,0,0,0,0,0,0,0,0,0,0.00424413181578388,0,0,0,0,0.0367824757367936,0,0,0,0,0,0.0127323954473516,0,0,0,0,0,0,0,0,0,0,0,0,0,0,0,0,0,0,0,0,0,0,0,0,0,0,0,0,0,0,0,0,0,0,0,0,0,0,0,0,0.00282942121052258,0,0,0,0,0,0,0,0,0,0.00990297423682904,0,0,0,0,0,0,0,0,0,0,0,0,0,0,0,0,0,0,0,0,0,0,0,0,0,0,0,0,0,0,0,0,0,0,0,0,0,0,0,0,0,0,0,0,0,0,0,0,0,0,0,0,0,0,0,0,0,0,0.00565884242104517,0.00424413181578388,0,0,0,0,0.00990297423682904,0,0,0,0,0,0,0,0,0,0,0.00141471060526129,0.00990297423682904,0,0,0,0,0,0,0,0,0,0,0,0,0,0,0,0,0,0,0,0,0,0,0,0,0,0,0,0,0,0,0,0,0,0,0,0,0,0,0,0,0,0.00424413181578388,0,0,0,0,0,0,0,0,0,0,0,0,0,0,0,0,0,0,0,0,0,0,0,0,0,0.00282942121052258,0,0,0,0.0141471060526129,0,0,0,0,0,0.00282942121052258,0,0,0,0,0,0.00141471060526129,0,0,0,0.00565884242104517,0,0,0,0,0,0,0,0,0,0,0,0,0,0,0,0,0,0,0,0.0127323954473516,0,0,0,0,0,0,0,0,0,0,0,0,0,0,0,0,0,0,0,0,0,0,0,0,0,0,0,0,0,0,0,0,0.0155618166578742,0,0,0.00141471060526129,0,0,0,0,0.00707355302630646,0,0,0,0,0,0,0,0,0,0,0,0,0,0,0,0,0,0,0,0,0,0,0,0,0,0,0,0,0,0,0,0,0,0.00141471060526129,0,0,0,0,0,0,0,0,0,0.00424413181578388,0,0,0,0,0,0,0,0,0,0,0,0,0.00141471060526129,0,0,0,0,0,0,0,0,0,0,0,0,0,0,0,0,0,0,0,0,0,0,0,0,0,0,0,0,0,0,0,0,0,0,0,0,0,0,0,0,0,0,0,0,0.00990297423682904,0.00848826363156775,0,0,0,0,0,0,0,0,0,0,0,0,0,0,0.00565884242104517,0,0,0.00141471060526129,0,0,0,0,0,0,0,0,0,0,0,0,0,0,0,0,0,0.223132975336033,0,0,0,0,0,0,0,0.00438732073480125,0,0,0,0,0,0,0,0,0,0,0,0,0,0,0,0,0,0,0,0,0,0,0,0,0,0.0668807268058486,0,0,0,0,0,0,0,0,0,0,0,0,0,0,0,0,0,0,0,0,0,0,0,0,0,0.193691726060669,0,0,0,0,0,0,0,0,0,0,0,0,0,0,0,0,0,0,0,0,0,0,0,0,0,0,0,0,0,0,0,0,0,0,1.92205699237176,0,0,0,0,0,0,0,0,0.1306662343574,0,0,0,0,0,0,0,0,0,0,0,0,0,0,0,0.0822537607929486,0,0,0,0,0,0,0,0.65962417423835,0,0,0,0,0,0,0,0,0,0,0,0,0,0,0,0,0,0,0,0,0,0,0,0,0,0.108700801963264,0,0.0683636264622835,0,0,0,0,0,0,0,0.142112000199291,0,0.156358660071915,0,0,0,0,0.163500585259839,0,0.0408751463149599,0,0.0652560177469366,0,0,0,0,0,0,0,0,0,0.173128708309858,0,0,0,0,0,0,0.0388885190706286,0,0,0,0,0,0,0,0,0,0,0,0,0,0,0,0,0,0,0,0,0,0,0,0,0,0,0,0,0.0505200352080905,0,0,0,0,1.23547011509835,0,0,0,0,0,0.0663477529661705,0,0,0,0,0,0,0,0,0,0,0,0,0,0,0,0,0,0,0,0,0,0,0,0,0,0,0,0,0,0,0,0,0,0,0,0,0,0,0,0,0.0565353725627544,0,0,0,0,0,0,0,0,0,0.0910096440715594,0,0,0,0,0,0,0,0,0,0,0,0,0,0,0,0,0,0,0,0,0,0,0,0,0,0,0,0,0,0,0,0,0,0,0,0,0,0,0,0,0,0,0,0,0,0,0,0,0,0,0,0,0,0,0,0,0,0,0.0328642768878892,0.0268914116122912,0,0,0,0,0.091079068766722,0,0,0,0,0,0,0,0,0,0,0.00857494272212834,9.64393994839081,0,0,0,0,0,0,0,0,0,0,0,0,0,0,0,0,0,0,0,0,0,0,0,0,0,0,0,0,0,0,0,0,0,0,0,0,0,0,0,0,0,0.0335817114170916,0,0,0,0,0,0,0,0,0,0,0,0,0,0,0,0,0,0,0,0,0,0,0,0,0,0.0210056230669197,0,0,0,0.373279287283369,0,0,0,0,0,0.00820984858445233,0,0,0,0,0,0.00909465579024135,0,0,0,0.176799483796202,0,0,0,0,0,0,0,0,0,0,0,0,0,0,0,0,0,0,0,0.0849701262801328,0,0,0,0,0,0,0,0,0,0,0,0,0,0,0,0,0,0,0,0,0,0,0,0,0,0,0,0,0,0,0,0,0.144913444459265,0,0,0.0172231113216325,0,0,0,0,0.0960821423674009,0,0,0,0,0,0,0,0,0,0,0,0,0,0,0,0,0,0,0,0,0,0,0,0,0,0,0,0,0,0,0,0,0,0.398184023933256,0,0,0,0,0,0,0,0,0,0.160824288894296,0,0,0,0,0,0,0,0,0,0,0,0,0.00603657399913254,0,0,0,0,0,0,0,0,0,0,0,0,0,0,0,0,0,0,0,0,0,0,0,0,0,0,0,0,0,0,0,0,0,0,0,0,0,0,0,0,0,0,0,0,0.299315208106733,0.204119294098762,0,0,0,0,0,0,0,0,0,0,0,0,0,0,0.290617905597916,0,0,0.00876230001417583,0,0,0,0,0,0,0,0,0,0,0,0,"KIN-00116"
"198",2608,"nSPC",2010,"PRIAs","Pacific Remote Island Areas","Kingman","Kingman",2010,"BackreefShallow","Kingman","2010-04-17","Backreef","Shallow",6.39142,-162.3416,6,66.25,0.75,3.75,13,16.25,0,NA,0,4,NA,NA,NA,4,2,37.9730224855957,0.983087579478596,6.72525357778516,16.5082330401262,62.1895966829856,4.15695823981865,0,0,0,0,0,0,0,0,0,0,0,0,0,0,0,0,0.00990297423682904,0,0,0,0,0,0,0,0,0,0,0,0,0,0,0,0,0,0,0,0,0,0,0,0,0,0,0,0,0,0,0,0,0,0.00424413181578388,0,0,0,0,0,0,0,0,0,0,0,0,0,0,0,0,0,0,0,0,0,0,0.00141471060526129,0,0,0.00282942121052258,0,0,0,0,0,0,0.00141471060526129,0,0,0.00282942121052258,0,0,0,0,0,0,0,0,0,0,0,0,0,0,0,0,0,0,0,0,0,0,0,0,0,0,0,0,0,0.00848826363156775,0,0,0,0.0198059484736581,0,0,0,0,0,0,0,0,0,0,0,0,0,0,0,0,0,0.00141471060526129,0,0,0,0,0,0.00565884242104517,0,0,0,0,0,0,0,0,0,0,0,0,0,0,0,0,0,0,0,0,0,0,0,0,0,0.00707355302630646,0,0.179668246868184,0.00707355302630646,0,0.00141471060526129,0,0,0,0,0.00990297423682904,0,0,0,0.00707355302630646,0,0,0.00707355302630646,0,0.00141471060526129,0,0.00565884242104517,0,0,0,0,0.00141471060526129,0.00141471060526129,0,0,0,0,0,0,0,0,0,0,0.0127323954473516,0,0,0,0,0,0,0,0,0,0,0,0,0,0,0,0,0,0,0,0,0,0,0,0,0,0,0,0,0.00424413181578388,0,0,0,0,0.024050080289442,0,0,0,0,0.0198059484736581,0.00565884242104517,0,0,0,0,0,0,0,0,0,0,0,0,0,0,0,0,0,0,0,0,0,0,0,0,0,0,0,0,0,0.00707355302630646,0,0,0,0,0,0,0,0,0,0,0.00141471060526129,0.00424413181578388,0,0,0,0,0,0,0,0,0.0381971863420549,0,0,0,0,0,0,0,0,0,0,0,0,0,0,0,0,0,0,0,0.00141471060526129,0,0,0,0,0,0.00282942121052258,0,0,0,0,0,0,0,0,0,0,0,0,0,0,0,0,0,0,0,0,0,0,0,0,0,0,0,0,0,0,0,0,0.00424413181578388,0.00990297423682904,0,0,0,0.00141471060526129,0.00141471060526129,0,0,0,0,0,0,0,0,0,0,0,0.00990297423682904,0,0.00141471060526129,0,0,0,0,0,0,0,0,0,0,0,0,0,0,0,0.00282942121052258,0.00707355302630646,0,0,0,0,0,0,0,0,0,0,0,0,0,0,0,0,0,0,0,0,0,0,0,0,0,0,0,0,0,0,0,0,0,0.0127323954473516,0,0,0,0,0,0,0,0,0,0,0,0,0,0,0,0,0,0,0,0.00424413181578388,0,0,0,0,0,0.00282942121052258,0,0,0,0,0,0,0,0,0,0,0,0,0,0,0,0,0,0,0,0,0,0,0,0.00990297423682904,0,0,0,0,0.0141471060526129,0,0,0,0,0,0,0,0,0,0,0,0,0,0,0,0,0,0,0,0,0,0,0,0,0,0,0,0,0,0,0,0,0,0,0,0.00848826363156775,0,0,0,0,0,0,0,0,0,0,0,0,0,0,0,0.00282942121052258,0,0,0,0,0,0,0,0,0,0,0,0,0,0,0,0,0,0,0,0,0,0,0,0,0,0,0,0,0,0,0,0,0.00848826363156775,0,0,0,0,0,0,0,0,0,0.00141471060526129,0,0,0.00707355302630646,0,0,0,0,0,0,0,0,0,0,0,0,0,0,0,0,0,0,0,0,0,0,0,0,0,0,0,0,0,0,0,0,0,0,0,0,0,0,0,0.0381971863420549,0,0,0,0.00424413181578388,0.00990297423682904,0.00848826363156775,0,0.0198059484736581,0,0,0,0,0,0,0,0,0,0,0,0,0.00424413181578388,0,0.00141471060526129,0,0,0,0,0,0,0,0,0,0,0,0,0,0,0,0,0,0,0.323006278183122,0,0,0,0,0,0,0,0,0,0,0,0,0,0,0,0,0,0,0,0,0,0,0,0,0,0,0,0,0,0,0,0,0,0.0168657554227435,0,0,0,0,0,0,0,0,0,0,0,0,0,0,0,0,0,0,0,0,0,0,0.277842102204443,0,0,1.55523888088136,0,0,0,0,0,0,0.0490392771276487,0,0,0.905065452822828,0,0,0,0,0,0,0,0,0,0,0,0,0,0,0,0,0,0,0,0,0,0,0,0,0,0,0,0,0,2.93288551978708,0,0,0,0.128956166052515,0,0,0,0,0,0,0,0,0,0,0,0,0,0,0,0,0,0.000985487407625016,0,0,0,0,0,0.491749211273914,0,0,0,0,0,0,0,0,0,0,0,0,0,0,0,0,0,0,0,0,0,0,0,0,0,0.238378770960991,0,0.388866031142108,3.0789423596906,0,0.13736754578793,0,0,0,0,0.87321129227379,0,0,0,0.184477752294302,0,0,0.279526097867335,0,0.0408751463149599,0,0.0781525894976552,0,0,0,0,0.0459948043547251,0.0339649142289974,0,0,0,0,0,0,0,0,0,0,0.0781636394688701,0,0,0,0,0,0,0,0,0,0,0,0,0,0,0,0,0,0,0,0,0,0,0,0,0,0,0,0,0.0424228061601718,0,0,0,0,1.10018127218687,0,0,0,0,0.0316034666455739,0.00970105338266078,0,0,0,0,0,0,0,0,0,0,0,0,0,0,0,0,0,0,0,0,0,0,0,0,0,0,0,0,0,8.84661413723719,0,0,0,0,0,0,0,0,0,0,0.0388514899969882,0.197670439320134,0,0,0,0,0,0,0,0,0.477788186010541,0,0,0,0,0,0,0,0,0,0,0,0,0,0,0,0,0,0,0,0.0546954087062533,0,0,0,0,0,0.012907536620283,0,0,0,0,0,0,0,0,0,0,0,0,0,0,0,0,0,0,0,0,0,0,0,0,0,0,0,0,0,0,0,0,0.0268692111242619,0.0574602813944961,0,0,0,0.00240776012451825,0.0154698604685322,0,0,0,0,0,0,0,0,0,0,0,13.2679679841844,0,1.97608087792224,0,0,0,0,0,0,0,0,0,0,0,0,0,0,0,0.886879747377831,7.70937073544232,0,0,0,0,0,0,0,0,0,0,0,0,0,0,0,0,0,0,0,0,0,0,0,0,0,0,0,0,0,0,0,0,0,12.5771337184476,0,0,0,0,0,0,0,0,0,0,0,0,0,0,0,0,0,0,0,0.0359434323604,0,0,0,0,0,0.0705790237349877,0,0,0,0,0,0,0,0,0,0,0,0,0,0,0,0,0,0,0,0,0,0,0,0.0578641507767347,0,0,0,0,0.0889989408472763,0,0,0,0,0,0,0,0,0,0,0,0,0,0,0,0,0,0,0,0,0,0,0,0,0,0,0,0,0,0,0,0,0,0,0,0.0180736353375156,0,0,0,0,0,0,0,0,0,0,0,0,0,0,0,0.0131828393040668,0,0,0,0,0,0,0,0,0,0,0,0,0,0,0,0,0,0,0,0,0,0,0,0,0,0,0,0,0,0,0,0,0.334395175089507,0,0,0,0,0,0,0,0,0,0.60732454994243,0,0,0.0581435655984596,0,0,0,0,0,0,0,0,0,0,0,0,0,0,0,0,0,0,0,0,0,0,0,0,0,0,0,0,0,0,0,0,0,0,0,0,0,0,0,0.0230222930347196,0,0,0,0.101017696859692,0.336545072233279,0.198107853560305,0,0.188248042275912,0,0,0,0,0,0,0,0,0,0,0,0,0.49967029622594,0,0.0868490680059978,0,0,0,0,0,0,0,0,0,0,0,0,0,"KIN-00102"
"199",2614,"nSPC",2010,"PRIAs","Pacific Remote Island Areas","Kingman","Kingman",2010,"BackreefMid","Kingman","2010-04-17","Backreef","Mid",6.39069,-162.34775,17.5,17.5,0,13.75,23.75,45,0,NA,0,2.5,NA,NA,NA,4,2,16.6972146759697,0.867184716242814,4.08558923312351,7.85167949140413,29.5016681167401,1.42951093324898,0,0,0,0,0,0,0,0,0,0,0,0,0,0,0,0,0.00990297423682904,0,0,0,0,0,0,0,0,0,0,0,0,0,0,0,0,0,0,0,0,0,0,0,0,0,0,0,0,0,0,0,0,0,0.00848826363156775,0,0,0,0,0,0,0,0,0,0,0,0,0,0,0,0,0,0,0,0,0,0,0,0,0,0.00141471060526129,0,0,0,0,0,0,0,0,0,0.00565884242104517,0,0,0,0,0,0,0,0,0,0,0,0,0,0,0,0,0,0,0,0,0,0,0,0,0,0,0,0,0,0.00707355302630646,0,0,0,0.0198059484736581,0,0,0,0,0,0,0,0,0,0,0,0,0,0,0,0,0,0,0,0,0,0,0,0.00707355302630646,0,0,0,0,0,0,0,0,0,0.00282942121052258,0,0,0,0,0,0,0,0,0,0,0,0,0,0,0,0,0,0.00282942121052258,0.00282942121052258,0,0,0,0,0,0,0.00565884242104517,0,0,0,0.00424413181578388,0,0,0.00565884242104517,0,0,0,0.00565884242104517,0,0,0,0,0,0,0,0,0,0,0,0,0,0,0,0,0.0254647908947033,0,0,0,0,0,0,0,0,0,0,0,0,0,0,0,0,0,0,0,0,0,0,0,0,0.00141471060526129,0,0,0,0,0,0,0,0,0.727161251104304,0,0,0,0,0,0.00141471060526129,0,0,0,0,0,0,0,0,0,0,0,0,0,0,0,0,0,0,0,0,0,0,0,0,0,0,0,0.00141471060526129,0,0.00282942121052258,0,0,0,0,0,0,0,0,0,0,0,0,0,0,0,0,0,0,0,0,0.00282942121052258,0,0,0,0,0,0,0,0,0,0,0,0,0,0,0,0,0,0,0,0,0,0,0,0,0,0,0,0,0,0,0,0,0,0,0,0,0,0,0,0,0,0,0,0,0,0,0,0,0,0,0,0,0,0,0,0,0,0,0.00141471060526129,0.00424413181578388,0,0,0,0,0.00141471060526129,0,0,0,0,0,0,0,0,0,0,0,0.00707355302630646,0,0.00707355302630646,0,0,0,0,0,0,0,0,0,0,0,0,0,0,0,0.00141471060526129,0.00141471060526129,0,0,0,0,0,0,0,0,0,0,0,0,0,0,0,0,0,0,0,0,0,0,0.00141471060526129,0,0,0,0,0,0,0,0,0,0,0,0,0,0,0,0,0,0,0,0,0,0,0,0,0,0,0,0,0,0.00848826363156775,0,0,0,0,0,0,0,0,0,0,0,0.00424413181578388,0,0,0,0.00424413181578388,0,0,0,0,0,0,0,0,0,0,0,0,0,0,0,0,0,0,0,0.0113176848420903,0,0,0,0,0,0,0,0,0,0,0,0,0,0,0,0,0,0,0,0,0,0,0,0,0,0,0,0,0,0,0,0,0,0,0,0.00141471060526129,0,0,0,0,0.00990297423682904,0,0,0,0,0,0,0,0,0,0,0,0,0,0,0,0,0,0,0,0,0,0,0,0,0,0,0,0,0,0,0,0,0,0.00141471060526129,0,0,0,0,0,0,0,0,0,0.00141471060526129,0,0,0,0,0,0,0,0,0,0,0,0,0.00424413181578388,0,0,0,0,0,0,0,0,0,0,0,0,0,0,0,0,0,0,0,0,0,0,0,0,0,0,0,0,0.00141471060526129,0,0,0,0,0,0,0,0,0,0,0,0,0,0,0,0.0311236333157484,0.0183912378683968,0,0,0,0,0,0,0,0,0,0,0,0,0,0,0.00424413181578388,0,0,0.00141471060526129,0,0,0,0,0,0,0,0,0,0,0,0,0,0,0,0,0,0.169452642078242,0,0,0,0,0,0,0,0,0,0,0,0,0,0,0,0,0,0,0,0,0,0,0,0,0,0,0,0,0,0,0,0,0,0.116708531975878,0,0,0,0,0,0,0,0,0,0,0,0,0,0,0,0,0,0,0,0,0,0,0,0,0,0.0561701716726763,0,0,0,0,0,0,0,0,0,0.402920657063247,0,0,0,0,0,0,0,0,0,0,0,0,0,0,0,0,0,0,0,0,0,0,0,0,0,0,0,0,0,4.75033833469776,0,0,0,0.166404664847596,0,0,0,0,0,0,0,0,0,0,0,0,0,0,0,0,0,0,0,0,0,0,0,0.524122663310525,0,0,0,0,0,0,0,0,0,0.205065823910012,0,0,0,0,0,0,0,0,0,0,0,0,0,0,0,0,0,0.0157677985220003,1.24630609704211,0,0,0,0,0,0,0.582334160782227,0,0,0,0.102727459664382,0,0,0.217401603926528,0,0,0,0.0376132495996864,0,0,0,0,0,0,0,0,0,0,0,0,0,0,0,0,0.171343604135369,0,0,0,0,0,0,0,0,0,0,0,0,0,0,0,0,0,0,0,0,0,0,0,0,0.0631617355667378,0,0,0,0,0,0,0,0,2.19788716314567,0,0,0,0,0,0.000334955514754144,0,0,0,0,0,0,0,0,0,0,0,0,0,0,0,0,0,0,0,0,0,0,0,0,0,0,0,0.0562666613278735,0,2.43365238930847,0,0,0,0,0,0,0,0,0,0,0,0,0,0,0,0,0,0,0,0,0.0951825585448845,0,0,0,0,0,0,0,0,0,0,0,0,0,0,0,0,0,0,0,0,0,0,0,0,0,0,0,0,0,0,0,0,0,0,0,0,0,0,0,0,0,0,0,0,0,0,0,0,0,0,0,0,0,0,0,0,0,0,0.00870960782685831,0.0268914116122912,0,0,0,0,0.0108649774484067,0,0,0,0,0,0,0,0,0,0,0,9.19911214986774,0,2.95423560531305,0,0,0,0,0,0,0,0,0,0,0,0,0,0,0,0.0561701716726763,1.05977389714098,0,0,0,0,0,0,0,0,0,0,0,0,0,0,0,0,0,0,0,0,0,0,0.045437095952163,0,0,0,0,0,0,0,0,0,0,0,0,0,0,0,0,0,0,0,0,0,0,0,0,0,0,0,0,0,0.257845140767817,0,0,0,0,0,0,0,0,0,0,0,0.160870246968149,0,0,0,0.0600507654015931,0,0,0,0,0,0,0,0,0,0,0,0,0,0,0,0,0,0,0,0.080118630866137,0,0,0,0,0,0,0,0,0,0,0,0,0,0,0,0,0,0,0,0,0,0,0,0,0,0,0,0,0,0,0,0,0,0,0,0.00810360381799721,0,0,0,0,0.0715247312662646,0,0,0,0,0,0,0,0,0,0,0,0,0,0,0,0,0,0,0,0,0,0,0,0,0,0,0,0,0,0,0,0,0,0.398184023933256,0,0,0,0,0,0,0,0,0,0.0254900558040026,0,0,0,0,0,0,0,0,0,0,0,0,0.0600507654015931,0,0,0,0,0,0,0,0,0,0,0,0,0,0,0,0,0,0,0,0,0,0,0,0,0,0,0,0,0.125164540205645,0,0,0,0,0,0,0,0,0,0,0,0,0,0,0,0.67973835807069,0.317213029086814,0,0,0,0,0,0,0,0,0,0,0,0,0,0,0.264229819501182,0,0,0.0207265621781764,0,0,0,0,0,0,0,0,0,0,0,0,"KIN-00139"
"200",2616,"nSPC",2010,"PRIAs","Pacific Remote Island Areas","Kingman","Kingman",2010,"LagoonDeep","Kingman","2010-04-18","Lagoon","Deep",6.40609,-162.40205,22.5,30,20,15,22.5,7.5,5,NA,0,2.75,NA,NA,NA,4,2,20.4318499315237,0.855974866421519,16.8419643309043,9.04071798811425,47.1705071169637,11.532469349668,0,0,0,0,0,0,0,0,0,0,0,0,0,0,0,0,0.00990297423682904,0,0,0,0,0,0,0,0,0,0,0,0,0,0,0,0,0,0,0,0,0,0,0,0,0,0,0,0,0,0,0,0,0,0.00848826363156775,0,0,0,0,0,0,0,0,0,0,0,0,0,0,0,0,0,0,0,0,0,0,0,0,0,0.00141471060526129,0,0,0,0,0,0,0,0,0,0.00565884242104517,0,0,0,0,0,0,0,0,0,0,0,0,0,0,0,0,0,0,0,0,0,0,0,0,0,0,0,0,0,0.00848826363156775,0,0,0,0.0282942121052258,0,0,0,0,0,0,0,0,0,0,0,0,0,0,0,0.00282942121052258,0,0,0,0,0,0,0,0,0,0,0,0,0,0,0,0,0,0,0,0,0,0,0,0,0,0,0,0,0,0,0,0,0,0,0,0.117420980236687,0.00424413181578388,0,0.00141471060526129,0,0,0,0,0.00141471060526129,0,0.00282942121052258,0,0.00565884242104517,0,0,0.00282942121052258,0,0,0,0.00565884242104517,0,0,0,0,0.00424413181578388,0.00141471060526129,0,0,0,0,0,0,0,0,0,0,0.0297089227104871,0,0,0,0,0,0,0,0,0,0,0,0,0,0,0,0,0,0,0,0,0,0,0,0,0.00141471060526129,0,0,0,0.033953054526271,0,0,0.0183912378683968,0,0.0198059484736581,0,0,0,0,0,0.0212206590789194,0,0,0,0,0,0,0,0,0,0,0,0,0,0,0,0,0,0,0,0,0,0,0,0,0,0,0,0,0,0,0,0,0,0,0,0,0,0,0,0,0.00141471060526129,0,0,0,0,0,0,0,0,0,0.00565884242104517,0,0,0,0,0,0,0,0,0,0,0,0,0,0,0,0,0,0,0,0,0,0,0,0,0,0.00565884242104517,0,0,0,0,0,0,0,0,0,0,0,0,0,0,0,0,0,0,0,0,0,0,0,0,0,0,0,0,0,0,0,0,0,0.00707355302630646,0,0,0,0,0,0,0,0,0,0,0,0.00282942121052258,0,0,0,0,0.0127323954473516,0,0.00707355302630646,0,0,0,0,0,0,0,0,0,0,0,0,0,0,0,0,0,0,0,0,0,0,0,0,0,0,0,0,0,0,0,0,0,0,0,0,0,0,0,0.00282942121052258,0,0,0,0,0,0,0,0,0,0,0,0,0,0,0,0,0,0,0,0,0,0,0,0,0,0.00282942121052258,0,0,0,0.00848826363156775,0,0,0,0,0,0,0,0,0,0,0,0,0,0,0,0,0,0,0,0,0,0,0,0,0,0,0,0,0,0,0,0,0,0,0,0.0141471060526129,0,0,0,0,0,0,0,0,0,0,0,0,0,0,0,0,0,0,0,0,0,0,0,0,0,0,0,0,0,0,0,0,0,0,0,0.00848826363156775,0.00282942121052258,0,0,0,0.00424413181578388,0,0,0,0,0,0,0,0,0,0,0,0,0,0,0,0,0,0,0,0,0,0,0,0,0,0,0,0,0,0,0,0,0,0,0,0,0,0,0,0,0,0,0,0.00424413181578388,0,0,0,0,0,0,0,0,0,0.00141471060526129,0,0,0,0,0.00282942121052258,0,0,0,0,0,0,0,0,0,0,0,0,0,0,0,0,0,0,0,0,0,0,0,0,0,0,0,0,0,0,0,0,0,0,0,0,0,0.0141471060526129,0,0,0,0,0.00565884242104517,0.00848826363156775,0,0,0,0,0,0,0,0,0,0,0,0,0,0,0.00141471060526129,0,0,0,0,0,0,0,0,0,0,0,0,0,0,0,0,0,0,0,0,0.387992304480879,0,0,0,0,0,0,0,0,0,0,0,0,0,0,0,0,0,0,0,0,0,0,0,0,0,0,0,0,0,0,0,0,0,0.144034799084984,0,0,0,0,0,0,0,0,0,0,0,0,0,0,0,0,0,0,0,0,0,0,0,0,0,1.00268015751341,0,0,0,0,0,0,0,0,0,1.09638489324835,0,0,0,0,0,0,0,0,0,0,0,0,0,0,0,0,0,0,0,0,0,0,0,0,0,0,0,0,0,7.09297388663943,0,0,0,0.233712074848849,0,0,0,0,0,0,0,0,0,0,0,0,0,0,0,0.234073399475583,0,0,0,0,0,0,0,0,0,0,0,0,0,0,0,0,0,0,0,0,0,0,0,0,0,0,0,0,0,0,0,0,0,0,0,0.233195520270971,5.31056194203847,0,0.00264129959230082,0,0,0,0,0.111765839077458,0,0.030824467028667,0,0.163500585259839,0,0,0.179111292414106,0,0,0,1.70229410055053,0,0,0,0,0.518366322255186,0.0339649142289974,0,0,0,0,0,0,0,0,0,0,0.177120771009716,0,0,0,0,0,0,0,0,0,0,0,0,0,0,0,0,0,0,0,0,0,0,0,0,0.164195839920562,0,0,0,1.60274096563138,0,0,1.6201548454787,0,0.900090623722811,0,0,0,0,0,0.293464211993505,0,0,0,0,0,0,0,0,0,0,0,0,0,0,0,0,0,0,0,0,0,0,0,0,0,0,0,0,0,0,0,0,0,0,0,0,0,0,0,0,0.0176838825657662,0,0,0,0,0,0,0,0,0,0.0535872767181597,0,0,0,0,0,0,0,0,0,0,0,0,0,0,0,0,0,0,0,0,0,0,0,0,0,0.0436711260869924,0,0,0,0,0,0,0,0,0,0,0,0,0,0,0,0,0,0,0,0,0,0,0,0,0,0,0,0,0,0,0,0,0,0.0302177590285131,0,0,0,0,0,0,0,0,0,0,0,0.824927130138945,0,0,0,0,12.6706664124882,0,3.84691321907536,0,0,0,0,0,0,0,0,0,0,0,0,0,0,0,0,0,0,0,0,0,0,0,0,0,0,0,0,0,0,0,0,0,0,0,0,0,0,0,0.564804167073688,0,0,0,0,0,0,0,0,0,0,0,0,0,0,0,0,0,0,0,0,0,0,0,0,0,0.104679389170401,0,0,0,0.329456843750038,0,0,0,0,0,0,0,0,0,0,0,0,0,0,0,0,0,0,0,0,0,0,0,0,0,0,0,0,0,0,0,0,0,0,0,0.0549569476192554,0,0,0,0,0,0,0,0,0,0,0,0,0,0,0,0,0,0,0,0,0,0,0,0,0,0,0,0,0,0,0,0,0,0,0,0.0308787469099777,0.16026107524956,0,0,0,0.0319881653270503,0,0,0,0,0,0,0,0,0,0,0,0,0,0,0,0,0,0,0,0,0,0,0,0,0,0,0,0,0,0,0,0,0,0,0,0,0,0,0,0,0,0,0,1.70108035387949,0,0,0,0,0,0,0,0,0,1.56947253241381,0,0,0,0,1.24906042078572,0,0,0,0,0,0,0,0,0,0,0,0,0,0,0,0,0,0,0,0,0,0,0,0,0,0,0,0,0,0,0,0,0,0,0,0,0,0.00362873270249521,0,0,0,0,0.148565630444832,0.366157696318989,0,0,0,0,0,0,0,0,0,0,0,0,0,0,0.132004553451819,0,0,0,0,0,0,0,0,0,0,0,0,0,0,0,"KIN-00135"
"201",2617,"nSPC",2010,"PRIAs","Pacific Remote Island Areas","Kingman","Kingman",2010,"LagoonDeep","Kingman","2010-04-18","Lagoon","Deep",6.39966,-162.39792,24.5,25,21.25,10.75,32.5,7.5,3,NA,0,2.75,NA,NA,NA,4,2,19.3811571964653,22.3993973631474,25.7332701633691,6.74300856316016,74.256833286142,19.8480386182527,0,0,0,0,0,0,0,0,0,0,0,0,0,0,0,0,0.00848826363156775,0,0,0,0,0.00141471060526129,0.00141471060526129,0,0,0,0,0,0,0,0,0,0,0,0,0,0,0,0,0,0.00141471060526129,0,0,0,0,0,0,0,0,0,0.00424413181578388,0,0,0,0,0,0.00282942121052258,0,0,0,0,0,0,0,0,0,0,0,0,0.00141471060526129,0,0,0,0,0,0,0.00141471060526129,0,0,0,0,0,0,0.00141471060526129,0,0,0.00424413181578388,0,0,0,0,0,0,0,0,0,0,0.00141471060526129,0,0,0,0,0,0,0,0,0,0,0,0,0,0,0,0,0,0,0.00707355302630646,0,0,0,0.0127323954473516,0,0,0,0,0,0,0,0,0,0,0,0,0,0,0,0,0,0,0,0,0,0,0,0.00282942121052258,0,0,0,0,0,0,0,0,0,0,0,0,0,0,0,0,0,0,0,0,0,0,0,0,0,0.00565884242104517,0,0.154203455973481,0.0113176848420903,0,0,0,0,0,0,0.00424413181578388,0,0,0,0.00565884242104517,0,0,0,0,0,0,0.00707355302630646,0,0,0,0,0.00141471060526129,0.00141471060526129,0,0,0,0,0.00282942121052258,0,0,0,0,0,0.124494533262994,0,0,0,0,0,0,0,0,0,0,0,0,0,0,0,0,0,0,0,0,0,0,0,0,0,0,0,0,0.0325383439210097,0,0,0.0169765272631355,0,0.0113176848420903,0,0,0,0,0,0.00565884242104517,0,0,0,0,0,0,0,0,0,0,0,0,0,0,0,0,0,0,0,0,0,0,0,0.00141471060526129,0,0,0,0,0,0,0,0,0,0,0,0,0,0,0,0,0,0,0,0,0,0,0,0,0,0,0.00141471060526129,0,0,0,0,0,0,0,0,0,0,0,0,0,0,0,0,0,0,0,0.00141471060526129,0,0,0,0,0,0.00282942121052258,0,0,0,0,0,0,0,0,0,0,0,0,0,0,0,0,0,0,0,0,0,0,0,0,0,0,0,0,0,0,0,0,0,0.00848826363156775,0,0,0,0,0,0,0,0,0,0,0,0,0,0,0,0,0.0113176848420903,0,0.00141471060526129,0,0,0,0,0,0,0,0,0,0,0,0,0,0,0.00282942121052258,0,0,0,0,0,0,0,0,0,0,0,0,0,0,0,0,0,0,0,0,0,0,0,0.0424413181578388,0.00141471060526129,0,0,0,0,0,0,0,0,0,0,0,0,0,0,0,0,0,0,0,0,0,0,0,0,0,0,0,0,0,0.00848826363156775,0,0,0,0,0,0,0,0,0,0,0,0.00282942121052258,0,0,0,0,0,0,0,0,0,0,0,0,0,0,0,0,0,0,0,0,0,0,0,0.00282942121052258,0,0,0,0,0,0,0,0,0,0,0,0,0,0,0,0,0,0,0,0,0,0,0,0,0,0,0,0,0,0,0,0,0,0,0,0.00424413181578388,0.0169765272631355,0,0,0,0.00848826363156775,0,0,0,0,0,0,0,0,0,0,0,0,0,0,0,0,0,0,0,0,0,0,0,0,0,0.00141471060526129,0,0,0,0,0,0,0,0,0.00141471060526129,0,0,0,0,0,0,0.00282942121052258,0,0.00565884242104517,0,0,0,0,0,0,0,0,0,0.00282942121052258,0,0,0,0,0.00707355302630646,0,0,0,0,0,0,0,0,0,0,0,0,0,0,0,0,0,0,0,0,0,0,0,0,0,0,0,0,0,0,0,0,0,0,0,0,0,0.0693208196578033,0,0,0,0,0,0.00565884242104517,0,0,0,0,0,0,0,0,0,0,0,0,0,0,0.00424413181578388,0,0,0,0,0,0,0,0,0,0,0,0,0,0,0,0,0,0,0,0,0.638539287963922,0,0,0,0,0.638976985816347,0.0859436692696235,0,0,0,0,0,0,0,0,0,0,0,0,0,0,0,0,0,0.00860418836434963,0,0,0,0,0,0,0,0,0,0.0567529550538436,0,0,0,0,0,1.27677066240589,0,0,0,0,0,0,0,0,0,0,0,0,1.42603409102965,0,0,0,0,0,0,0.0746535177350786,0,0,0,0,0,0,0.0957627415434009,0,0,0.422380481843077,0,0,0,0,0,0,0,0,0,0,0.112324740761226,0,0,0,0,0,0,0,0,0,0,0,0,0,0,0,0,0,0,3.97691054069176,0,0,0,0.105361846233366,0,0,0,0,0,0,0,0,0,0,0,0,0,0,0,0,0,0,0,0,0,0,0,0.199971460248186,0,0,0,0,0,0,0,0,0,0,0,0,0,0,0,0,0,0,0,0,0,0,0,0,0,0.402642970569021,0,0.290609286648533,5.54521179571403,0,0,0,0,0,0,0.42323549743606,0,0,0,0.190451094593184,0,0,0,0,0,0,3.08927244661498,0,0,0,0,0.058757376591434,0.0339649142289974,0,0,0,0,0.266517944295434,0,0,0,0,0,0.831059304938341,0,0,0,0,0,0,0,0,0,0,0,0,0,0,0,0,0,0,0,0,0,0,0,0,0,0,0,0,1.83115751741286,0,0,1.73907655589606,0,0.465636220863629,0,0,0,0,0,0.0646078490569689,0,0,0,0,0,0,0,0,0,0,0,0,0,0,0,0,0,0,0,0,0,0,0,0.0767409488599845,0,0,0,0,0,0,0,0,0,0,0,0,0,0,0,0,0,0,0,0,0,0,0,0,0,0,0.0353318759714055,0,0,0,0,0,0,0,0,0,0,0,0,0,0,0,0,0,0,0,0.218472945829042,0,0,0,0,0,0.0233502229530192,0,0,0,0,0,0,0,0,0,0,0,0,0,0,0,0,0,0,0,0,0,0,0,0,0,0,0,0,0,0,0,0,0,0.0432937498342615,0,0,0,0,0,0,0,0,0,0,0,0,0,0,0,0,13.7578525587891,0,1.36556586872931,0,0,0,0,0,0,0,0,0,0,0,0,0,0,0.538800664130265,0,0,0,0,0,0,0,0,0,0,0,0,0,0,0,0,0,0,0,0,0,0,0,20.5509971054915,0.380539461660544,0,0,0,0,0,0,0,0,0,0,0,0,0,0,0,0,0,0,0,0,0,0,0,0,0,0,0,0,0,0.369623434578571,0,0,0,0,0,0,0,0,0,0,0,0.152650685548475,0,0,0,0,0,0,0,0,0,0,0,0,0,0,0,0,0,0,0,0,0,0,0,0.015738634460177,0,0,0,0,0,0,0,0,0,0,0,0,0,0,0,0,0,0,0,0,0,0,0,0,0,0,0,0,0,0,0,0,0,0,0,0.014718790608199,0.380114112045697,0,0,0,0.0687342920398027,0,0,0,0,0,0,0,0,0,0,0,0,0,0,0,0,0,0,0,0,0,0,0,0,0,0.142109900812714,0,0,0,0,0,0,0,0,0.0908380020795855,0,0,0,0,0,0,2.21053424480241,0,4.04377266523212,0,0,0,0,0,0,0,0,0,1.99644709719763,0,0,0,0,2.85047562793032,0,0,0,0,0,0,0,0,0,0,0,0,0,0,0,0,0,0,0,0,0,0,0,0,0,0,0,0,0,0,0,0,0,0,0,0,0,0.123323152881837,0,0,0,0,0,0.222572786533222,0,0,0,0,0,0,0,0,0,0,0,0,0,0,0.233046513323551,0,0,0,0,0,0,0,0,0,0,0,0,0,0,0,"KIN-00136"
"202",2618,"nSPC",2010,"PRIAs","Pacific Remote Island Areas","Kingman","Kingman",2010,"LagoonMid","Kingman","2010-04-18","Lagoon","Mid",6.40269,-162.38457,14,40,8.75,6.25,32.5,8.75,3.75,NA,0,2.5,NA,NA,NA,4,2,10.9966218374381,10.9856978447082,18.9213895363436,11.6731415973983,52.5768508158882,9.57022057345779,0,0,0,0,0,0,0,0,0,0,0,0,0,0,0,0,0.0297089227104871,0,0,0,0,0,0,0,0,0.00141471060526129,0,0,0,0,0,0,0,0,0,0,0,0,0,0,0,0,0,0,0,0,0,0,0,0,0.00565884242104517,0,0,0,0,0,0,0,0,0,0,0,0,0,0,0,0,0,0,0,0,0,0,0,0,0,0.00141471060526129,0,0,0,0,0,0,0.00141471060526129,0,0,0.00282942121052258,0,0,0,0,0,0,0,0,0,0,0.00424413181578388,0,0,0,0,0,0,0,0,0,0,0,0,0,0.0254647908947033,0,0,0,0,0.00565884242104517,0,0,0,0.0155618166578742,0,0,0,0,0,0,0,0,0,0,0,0,0,0,0,0.00141471060526129,0,0,0,0,0,0,0,0.00282942121052258,0,0,0,0,0,0,0,0,0,0,0,0,0,0,0,0,0,0,0,0,0,0,0,0,0,0,0,0.113176848420903,0.00990297423682904,0,0,0,0,0,0,0.00424413181578388,0,0,0,0.00282942121052258,0,0,0,0,0,0,0,0,0,0,0,0.00282942121052258,0,0,0,0,0,0,0,0,0,0,0,0.0537590029999291,0,0,0,0,0,0,0,0,0,0,0,0,0,0,0,0,0,0,0,0,0,0,0,0,0,0,0,0,0.00282942121052258,0,0,0,0,0.0537590029999291,0,0,0,0,0,0.00848826363156775,0,0,0,0,0,0,0,0,0,0,0,0,0,0,0,0,0,0,0,0,0,0,0,0,0,0,0,0,0,0.00141471060526129,0,0,0,0,0,0,0,0,0,0,0.00565884242104517,0,0,0,0,0,0,0,0,0,0.00141471060526129,0,0,0,0,0,0,0,0,0,0,0,0,0,0,0,0,0,0,0,0.00565884242104517,0,0,0,0,0,0.00565884242104517,0,0,0,0,0,0,0,0,0,0,0,0,0,0,0,0,0,0,0,0,0,0,0,0,0,0,0,0,0,0,0,0,0.00282942121052258,0,0,0,0,0,0,0,0,0,0,0,0,0,0,0,0,0,0.0113176848420903,0,0.00141471060526129,0,0,0,0,0,0,0,0,0,0,0.00141471060526129,0,0,0,0.00424413181578388,0,0.00282942121052258,0,0,0,0,0.0254647908947033,0,0,0,0,0,0,0,0,0,0,0,0,0,0,0,0,0,0.00707355302630646,0,0,0,0,0,0,0,0,0,0,0,0,0,0,0.00141471060526129,0,0,0,0,0,0,0,0,0,0,0,0,0,0,0.00848826363156775,0.00141471060526129,0,0,0,0,0.00565884242104517,0.00282942121052258,0,0,0.00282942121052258,0,0.00141471060526129,0,0,0,0,0,0,0,0,0,0,0,0,0,0,0,0,0,0,0.00424413181578388,0,0,0,0,0.00707355302630646,0,0,0,0,0,0,0,0,0,0,0,0,0,0,0,0,0,0,0,0,0,0,0,0,0,0,0,0,0,0,0,0,0,0,0,0,0,0,0,0,0.00141471060526129,0,0,0,0,0,0,0,0,0,0,0,0,0,0,0,0,0,0,0,0,0,0,0,0,0,0.00282942121052258,0,0,0,0,0,0,0,0.00282942121052258,0,0,0,0,0,0,0,0,0,0.00707355302630646,0,0,0,0,0,0,0,0,0,0.00141471060526129,0,0,0,0,0,0,0,0,0,0,0,0,0,0,0,0,0,0,0,0,0,0,0,0,0,0,0,0,0,0,0,0,0.00141471060526129,0,0,0,0,0,0,0,0,0,0.033953054526271,0,0,0,0,0,0.00848826363156775,0,0.00282942121052258,0,0,0,0,0,0,0,0,0,0,0,0,0.00282942121052258,0,0,0,0,0,0,0,0,0,0,0,0,0,0,0,0,0,0,0,0,1.97715093183446,0,0,0,0,0,0,0,0,0.106342240015826,0,0,0,0,0,0,0,0,0,0,0,0,0,0,0,0,0,0,0,0,0,0,0,0,0.114712092369733,0,0,0,0,0,0,0,0,0,0,0,0,0,0,0,0,0,0,0,0,0,0,0,0,0,0.0971481739010218,0,0,0,0,0,0,0.0778629531153655,0,0,0.227799017860473,0,0,0,0,0,0,0,0,0,0,0.269813694437146,0,0,0,0,0,0,0,0,0,0,0,0,0,8.29989804420978,0,0,0,0,2.33595902049722,0,0,0,0.113273649889838,0,0,0,0,0,0,0,0,0,0,0,0,0,0,0,0.0822537607929486,0,0,0,0,0,0,0,0.243078675390366,0,0,0,0,0,0,0,0,0,0,0,0,0,0,0,0,0,0,0,0,0,0,0,0,0,0,0,0.319626415873047,5.66470246263951,0,0,0,0,0,0,0.444966614994297,0,0,0,0.0596619299544288,0,0,0,0,0,0,0,0,0,0,0,0.0919896087094502,0,0,0,0,0,0,0,0,0,0,0,0.378823555979127,0,0,0,0,0,0,0,0,0,0,0,0,0,0,0,0,0,0,0,0,0,0,0,0,0,0,0,0,0.194245386061745,0,0,0,0,4.63653587449573,0,0,0,0,0,0.0971340639664225,0,0,0,0,0,0,0,0,0,0,0,0,0,0,0,0,0,0,0,0,0,0,0,0,0,0,0,0,0,1.39011282067009,0,0,0,0,0,0,0,0,0,0,0.155405959987953,0,0,0,0,0,0,0,0,0,0.00267068323020432,0,0,0,0,0,0,0,0,0,0,0,0,0,0,0,0,0,0,0,0.253894615030132,0,0,0,0,0,0.0266053305846649,0,0,0,0,0,0,0,0,0,0,0,0,0,0,0,0,0,0,0,0,0,0,0,0,0,0,0,0,0,0,0,0,0.0286215806664604,0,0,0,0,0,0,0,0,0,0,0,0,0,0,0,0,0,6.44373234213137,0,0.898176648827408,0,0,0,0,0,0,0,0,0,0,0.050114708480776,0,0,0,1.76722167348474,0,4.53004904401939,0,0,0,0,1.33946931582259,0,0,0,0,0,0,0,0,0,0,0,0,0,0,0,0,0,2.42996312060405,0,0,0,0,0,0,0,0,0,0,0,0,0,0,0.106386237515649,0,0,0,0,0,0,0,0,0,0,0,0,0,0,0.465798644623096,0.0224101966842174,0,0,0,0,0.192545508681514,0.086219740041838,0,0,0.697698112075516,0,0.507797811612632,0,0,0,0,0,0,0,0,0,0,0,0,0,0,0,0,0,0,0.0325563277897739,0,0,0,0,0.0374918445849019,0,0,0,0,0,0,0,0,0,0,0,0,0,0,0,0,0,0,0,0,0,0,0,0,0,0,0,0,0,0,0,0,0,0,0,0,0,0,0,0,0.0138346960328182,0,0,0,0,0,0,0,0,0,0,0,0,0,0,0,0,0,0,0,0,0,0,0,0,0,0.222171155282598,0,0,0,0,0,0,0,0.796368047866512,0,0,0,0,0,0,0,0,0,1.79488566072918,0,0,0,0,0,0,0,0,0,1.84081875565195,0,0,0,0,0,0,0,0,0,0,0,0,0,0,0,0,0,0,0,0,0,0,0,0,0,0,0,0,0,0,0,0,0.0545680365673348,0,0,0,0,0,0,0,0,0,0.016651851179228,0,0,0,0,0,0.25811641929815,0,0.0364382766465335,0,0,0,0,0,0,0,0,0,0,0,0,0.245077482497006,0,0,0,0,0,0,0,0,0,0,0,0,0,0,0,"KIN-00132"
"203",2619,"nSPC",2010,"PRIAs","Pacific Remote Island Areas","Kingman","Kingman",2010,"LagoonDeep","Kingman","2010-04-18","Lagoon","Deep",6.39589,-162.39058,24,17.5,17.5,10,27.5,12.5,15,NA,0,2,NA,NA,NA,2,1,43.0905081228899,104.590688670749,61.0668515456315,11.5752546093395,220.32330294861,52.8004042801952,0,0,0,0,0,0,0,0,0,0,0,0,0,0,0,0,0.0141471060526129,0,0,0,0,0.00565884242104517,0,0,0,0,0,0,0,0,0.00282942121052258,0,0,0,0,0,0,0,0,0,0,0,0,0,0,0,0,0,0,0,0.0226353696841807,0,0,0,0,0,0.00282942121052258,0,0,0,0,0,0,0,0,0,0,0,0,0,0,0,0,0,0,0,0,0,0,0,0,0,0,0,0,0,0.0141471060526129,0,0,0,0,0,0,0,0,0,0,0,0,0,0,0,0,0,0,0,0,0,0,0,0,0.325383439210097,0,0,0,0,0,0,0,0,0.0311236333157484,0,0,0,0,0,0,0,0,0,0,0,0,0,0,0,0.00848826363156775,0,0,0,0,0,0,0,0.0113176848420903,0,0,0,0,0,0,0,0,0,0,0,0,0,0,0,0,0,0,0,0,0,0,0,0,0,0.00565884242104517,0,0.226353696841807,0.0594178454209743,0,0.00282942121052258,0,0,0,0,0,0,0,0,0,0,0,0,0,0,0,0,0,0,0,0,0,0,0,0,0,0,0,0,0,0,0,0,0.0169765272631355,0,0,0,0,0,0,0,0,0,0,0,0,0,0,0,0,0,0,0,0,0,0,0,0,0.00848826363156775,0,0,0,0,0.00565884242104517,0,0.0198059484736581,0,0.0169765272631355,0,0,0,0,0,0,0,0,0,0,0,0,0,0,0,0,0,0,0,0,0,0,0,0,0,0,0,0,0,0,0,0,0,0,0,0,0,0,0,0,0,0,0,0,0,0,0,0,0,0,0,0,0,0,0,0,0,0,0,0,0,0,0,0,0,0,0,0,0,0,0,0,0,0,0,0,0,0,0,0,0,0,0.00848826363156775,0,0,0,0,0,0,0,0,0,0,0,0,0,0,0,0,0,0,0,0,0,0,0,0,0,0,0,0,0,0,0,0,0,0,0,0,0,0.00565884242104517,0,0,0,0,0,0,0,0,0,0,0,0,0.0282942121052258,0,0.00848826363156775,0,0,0,0,0,0,0,0,0,0,0,0,0,0,0,0,0,0,0,0,0,0,0,0,0,0,0,0,0,0,0,0,0,0,0.00282942121052258,0,0,0,0.0424413181578388,0.00282942121052258,0,0,0,0,0,0,0.00565884242104517,0,0,0,0,0,0,0,0,0,0,0,0,0,0,0,0,0,0,0,0,0,0,0.00282942121052258,0,0,0,0,0,0,0,0,0,0,0,0.0141471060526129,0,0,0,0,0,0,0,0,0,0,0,0,0,0,0,0,0,0,0,0,0,0,0,0,0,0,0,0,0,0,0,0,0,0,0,0,0,0,0,0,0,0,0,0,0,0,0,0,0,0,0,0,0,0,0,0,0,0,0,0.00848826363156775,0,0,0,0,0.00282942121052258,0,0,0,0,0,0,0,0,0,0,0,0,0,0,0,0,0,0,0,0,0,0,0,0,0,0,0,0,0,0,0,0,0,0,0,0,0,0,0,0,0,0,0.00565884242104517,0.00282942121052258,0,0,0,0,0,0,0,0,0,0.00565884242104517,0,0,0,0,0,0,0,0,0,0,0,0,0,0,0,0,0,0,0,0,0,0,0.0311236333157484,0,0,0,0,0,0,0,0,0,0.00848826363156775,0,0,0,0,0,0,0,0,0,0,0,0,0,0,0.00282942121052258,0,0,0,0,0,0,0,0,0,0,0,0,0,0,0,0.00282942121052258,0,0,0,0,0,0,0,0,0,0,0,0,0,0,0,0,0,0,0,0,0.995786148390826,0,0,0,0,1.10517418530938,0,0,0,0,0,0,0,0,0.39838250644158,0,0,0,0,0,0,0,0,0,0,0,0,0,0,0,0,0,0,0,0.212870373005182,0,0,0,0,0,0.652170271340614,0,0,0,0,0,0,0,0,0,0,0,0,0,0,0,0,0,0,0,0,0,0,0,0,0,0,0,0,0,1.89107815659466,0,0,0,0,0,0,0,0,0,0,0,0,0,0,0,0,0,0,0,0,0,0,0,0,84.3519115182702,0,0,0,0,0,0,0,0,0.246871709135218,0,0,0,0,0,0,0,0,0,0,0,0,0,0,0,0.545473350550918,0,0,0,0,0,0,0,1.17890977981801,0,0,0,0,0,0,0,0,0,0,0,0,0,0,0,0,0,0,0,0,0,0,0,0,0,0.163500585259839,0,0.439819380069683,41.4379742745697,0,0.333200775916839,0,0,0,0,0,0,0,0,0,0,0,0,0,0,0,0,0,0,0,0,0,0,0,0,0,0,0,0,0,0,0,0,0.0791163330017982,0,0,0,0,0,0,0,0,0,0,0,0,0,0,0,0,0,0,0,0,0,0,0,0,0.296656608601782,0,0,0,0,0.261790264166041,0,2.89281188178134,0,1.639555163359,0,0,0,0,0,0,0,0,0,0,0,0,0,0,0,0,0,0,0,0,0,0,0,0,0,0,0,0,0,0,0,0,0,0,0,0,0,0,0,0,0,0,0,0,0,0,0,0,0,0,0,0,0,0,0,0,0,0,0,0,0,0,0,0,0,0,0,0,0,0,0,0,0,0,0,0,0,0,0,0,0,0,0.0466628146039385,0,0,0,0,0,0,0,0,0,0,0,0,0,0,0,0,0,0,0,0,0,0,0,0,0,0,0,0,0,0,0,0,0,0,0,0,0,0.0252703332664778,0,0,0,0,0,0,0,0,0,0,0,0,41.7878722344305,0,5.38905989296445,0,0,0,0,0,0,0,0,0,0,0,0,0,0,0,0,0,0,0,0,0,0,0,0,0,0,0,0,0,0,0,0,0,0,1.66863641177244,0,0,0,12.9402915804581,0.864545884661978,0,0,0,0,0,0,5.01611714548425,0,0,0,0,0,0,0,0,0,0,0,0,0,0,0,0,0,0,0,0,0,0,0.104992266567861,0,0,0,0,0,0,0,0,0,0,0,0.186185936992737,0,0,0,0,0,0,0,0,0,0,0,0,0,0,0,0,0,0,0,0,0,0,0,0,0,0,0,0,0,0,0,0,0,0,0,0,0,0,0,0,0,0,0,0,0,0,0,0,0,0,0,0,0,0,0,0,0,0,0,0.0306188645717912,0,0,0,0,0.0401284443440231,0,0,0,0,0,0,0,0,0,0,0,0,0,0,0,0,0,0,0,0,0,0,0,0,0,0,0,0,0,0,0,0,0,0,0,0,0,0,0,0,0,0,1.24546212461086,0.356937684870282,0,0,0,0,0,0,0,0,0,9.76003019614441,0,0,0,0,0,0,0,0,0,0,0,0,0,0,0,0,0,0,0,0,0,0,0.259912028632487,0,0,0,0,0,0,0,0,0,0.874835980505243,0,0,0,0,0,0,0,0,0,0,0,0,0,0,0.0947963016928808,0,0,0,0,0,0,0,0,0,0,0,0,0,0,0,0.507893556452958,0,0,0,0,0,0,0,0,0,0,0,0,0,0,0,"KIN-00137"
"204",2620,"nSPC",2010,"PRIAs","Pacific Remote Island Areas","Kingman","Kingman",2010,"BackreefDeep","Kingman","2010-04-18","Backreef","Deep",6.3856,-162.37407,23,18,9.5,15,7.5,7.5,42.5,NA,0,1.5,NA,NA,NA,2,1,24.1193930133311,1.04538788476814,17.5718724178218,4.20941686727609,46.9460701831972,8.1603721386025,0,0,0,0,0,0,0,0,0,0,0,0,0,0,0,0,0.0113176848420903,0.00565884242104517,0,0,0,0.0396118969473162,0,0,0,0,0.033953054526271,0,0,0,0,0,0,0,0,0,0,0,0,0,0,0,0,0,0,0,0,0,0.0198059484736581,0,0,0,0,0,0,0,0,0,0,0,0,0,0,0,0,0,0,0,0,0,0,0,0,0,0,0,0,0,0,0,0,0,0,0,0,0,0.00848826363156775,0,0,0,0,0,0,0,0,0,0,0.00282942121052258,0,0,0,0,0,0,0,0,0,0,0,0,0,0,0,0.00565884242104517,0,0,0.00565884242104517,0,0,0,0,0,0,0,0,0,0,0,0,0,0,0,0,0,0,0,0.00848826363156775,0,0,0,0,0,0,0,0.00565884242104517,0,0,0,0,0,0,0,0,0,0,0,0,0,0,0,0,0,0,0,0,0,0.00565884242104517,0,0,0,0,0,0.0877120575262001,0.00848826363156775,0,0,0,0,0,0,0,0,0,0,0,0,0,0.00565884242104517,0,0,0,0,0,0,0,0,0,0,0,0,0,0,0,0,0,0,0,0,0,0.00848826363156775,0,0,0,0,0,0,0,0,0,0,0,0,0,0,0,0,0,0,0,0,0,0,0,0,0,0,0,0,0.00282942121052258,0,0.0198059484736581,0.00848826363156775,0.0226353696841807,0,0,0,0,0,0.0141471060526129,0,0,0,0,0,0.00282942121052258,0,0,0,0,0,0,0,0,0,0,0,0,0,0,0,0,0,0,0,0,0,0,0,0,0,0,0,0,0,0,0,0,0,0,0,0,0,0,0,0,0,0,0,0,0.00565884242104517,0,0,0,0,0,0,0,0,0,0,0,0,0,0,0,0,0,0,0,0,0,0,0,0,0,0,0,0,0,0,0,0,0,0,0,0,0,0,0,0,0,0,0,0,0,0,0,0,0,0,0,0,0,0,0,0,0,0,0,0.00565884242104517,0,0,0,0,0,0,0,0,0,0,0,0,0,0,0,0,0.0141471060526129,0,0.00282942121052258,0,0,0,0,0,0,0,0,0,0,0,0,0,0,0,0,0.00848826363156775,0,0,0,0,0,0,0,0,0,0,0,0,0,0,0,0,0,0,0,0,0,0,0,0,0,0,0,0,0,0,0,0,0,0,0,0,0,0,0,0,0,0,0,0,0,0,0,0,0,0,0,0,0,0,0,0,0,0,0.00282942121052258,0,0,0,0,0,0.0481001605788839,0,0,0,0,0,0,0,0,0,0,0,0,0,0,0,0,0,0,0,0,0,0,0,0,0,0,0,0,0,0,0,0,0,0,0,0,0,0.124494533262994,0,0,0,0,0,0,0,0,0,0,0,0,0,0,0,0,0,0,0,0,0,0,0,0,0,0,0.00848826363156775,0,0,0,0,0,0,0,0,0,0,0,0,0,0,0,0,0,0,0,0,0,0,0,0,0,0,0,0,0,0,0,0,0,0,0,0,0,0,0,0,0,0,0.00282942121052258,0.00565884242104517,0,0,0,0,0,0,0,0,0,0.00282942121052258,0,0,0,0,0,0,0,0,0,0,0,0,0,0,0,0,0,0,0,0,0,0,0,0,0,0,0,0,0,0,0,0,0.00565884242104517,0,0,0,0,0,0,0,0,0,0,0,0,0,0,0.0169765272631355,0,0,0,0,0,0,0,0,0,0,0,0,0,0,0,0.00282942121052258,0,0,0,0,0,0,0,0,0,0,0,0,0,0,0,0,0,0,0,0,0.756435258826054,0.087016036939786,0,0,0,4.59828330679014,0,0,0,0,1.43667404802111,0,0,0,0,0,0,0,0,0,0,0,0,0,0,0,0,0,0,0,0,0,0.04009744755474,0,0,0,0,0,0,0,0,0,0,0,0,0,0,0,0,0,0,0,0,0,0,0,0,0,0,0,0,0,0,0,0,0,0,0,0,0,1.02579473748106,0,0,0,0,0,0,0,0,0,0,1.64475209870772,0,0,0,0,0,0,0,0,0,0,0,0,0,0,0,0.0790669075470625,0,0,3.75425526188331,0,0,0,0,0,0,0,0,0,0,0,0,0,0,0,0,0,0,0,0.57806471735472,0,0,0,0,0,0,0,0.486157350780733,0,0,0,0,0,0,0,0,0,0,0,0,0,0,0,0,0,0,0,0,0,0.119323859908858,0,0,0,0,0,0.166802868623938,1.37386423978516,0,0,0,0,0,0,0,0,0,0,0,0,0,0.281988661853712,0,0,0,0,0,0,0,0,0,0,0,0,0,0,0,0,0,0,0,0,0,0.0312581257997402,0,0,0,0,0,0,0,0,0,0,0,0,0,0,0,0,0,0,0,0,0,0,0,0,0,0,0,0,0.167167949811265,0,1.11778535856662,0.0107863333095728,1.15828507940773,0,0,0,0,0,0.0561286715117128,0,0,0,0,0,0.00566287769145678,0,0,0,0,0,0,0,0,0,0,0,0,0,0,0,0,0,0,0,0,0,0,0,0,0,0,0,0,0,0,0,0,0,0,0,0,0,0,0,0,0,0,0,0,0.0265229087706306,0,0,0,0,0,0,0,0,0,0,0,0,0,0,0,0,0,0,0,0,0,0,0,0,0,0,0,0,0,0,0,0,0,0,0,0,0,0,0,0,0,0,0,0,0,0,0,0,0,0,0,0,0,0,0,0,0,0,0,0.0563395620353239,0,0,0,0,0,0,0,0,0,0,0,0,0,0,0,0,19.6686617564327,0,0.995750083330306,0,0,0,0,0,0,0,0,0,0,0,0,0,0,0,0,0.153450998520946,0,0,0,0,0,0,0,0,0,0,0,0,0,0,0,0,0,0,0,0,0,0,0,0,0,0,0,0,0,0,0,0,0,0,0,0,0,0,0,0,0,0,0,0,0,0,0,0,0,0,0,0,0,0,0,0,0,0,0.11841127766037,0,0,0,0,0,0.327832430152617,0,0,0,0,0,0,0,0,0,0,0,0,0,0,0,0,0,0,0,0,0,0,0,0,0,0,0,0,0,0,0,0,0,0,0,0,0,0.353217316298377,0,0,0,0,0,0,0,0,0,0,0,0,0,0,0,0,0,0,0,0,0,0,0,0,0,0,0.0404730215693575,0,0,0,0,0,0,0,0,0,0,0,0,0,0,0,0,0,0,0,0,0,0,0,0,0,0,0,0,0,0,0,0,0,0,0,0,0,0,0,0,0,0,0.349872178296314,3.28664104494859,0,0,0,0,0,0,0,0,0,1.50524257686471,0,0,0,0,0,0,0,0,0,0,0,0,0,0,0,0,0,0,0,0,0,0,0,0,0,0,0,0,0,0,0,0,0.36096561388055,0,0,0,0,0,0,0,0,0,0,0,0,0,0,0.31299416493406,0,0,0,0,0,0,0,0,0,0,0,0,0,0,0,0.414044051346115,0,0,0,0,0,0,0,0,0,0,0,0,0,0,0,"KIN-00113"
"205",2623,"nSPC",2010,"PRIAs","Pacific Remote Island Areas","Kingman","Kingman",2010,"ForereefDeep","Kingman","2010-04-19","Forereef","Deep",6.41557,-162.44586,22,50,17.5,5.75,11.25,15,0.5,NA,0,2.25,NA,NA,NA,4,2,64.5233714975587,118.509596187025,12.4158658624531,8.33350766291586,203.782341209953,7.65538958409614,0,0,0,0,0,0,0,0,0,0,0,0,0,0.00141471060526129,0,0,0.0381971863420549,0,0,0,0,0,0,0,0,0.00848826363156775,0,0,0,0,0.00282942121052258,0,0,0,0,0,0,0,0,0,0,0,0,0,0,0,0,0,0,0,0.00565884242104517,0,0,0,0,0,0.0127323954473516,0,0,0,0,0,0,0,0,0,0,0,0,0,0,0,0,0,0,0,0.00141471060526129,0,0,0,0,0,0,0.00141471060526129,0,0,0.00424413181578388,0,0,0,0,0,0,0,0,0,0,0,0,0,0,0,0,0,0,0,0,0,0,0,0,0.226353696841807,0,0,0,0,0.00848826363156775,0,0,0,0.0169765272631355,0,0,0,0,0.0127323954473516,0,0,0,0,0,0,0,0,0,0,0.00990297423682904,0,0.367824757367936,0,0,0,0,0,0.00707355302630646,0,0,0,0,0,0,0,0,0,0,0,0,0,0,0,0,0,0,0,0,0,0.0183912378683968,0,0,0,0,0.00141471060526129,1.26616599170886,0.00282942121052258,0,0,0,0,0,0,0.00707355302630646,0,0,0,0.00565884242104517,0,0,0.00424413181578388,0,0.00565884242104517,0,0,0,0,0,0,0,0,0,0,0,0,0,0.155618166578742,0,0,0,0,0.0792237938946324,0,0,0,0,0,0,0,0,0,0,0,0,0.00565884242104517,0,0,0,0,0,0,0,0,0,0,0,0,0,0,0,0.0254647908947033,0,0,0,0,0.00707355302630646,0,0,0,0,0,0.0226353696841807,0,0,0,0,0,0,0,0,0,0,0,0,0,0,0,0,0,0,0,0,0,0,0,0,0,0,0,0,0,0.00141471060526129,0,0,0,0,0,0,0,0,0,0,0,0.00141471060526129,0,0,0,0,0,0,0,0,0.0155618166578742,0,0,0,0,0,0,0,0,0,0,0,0,0,0,0,0,0,0,0,0.00424413181578388,0,0,0,0,0,0.00565884242104517,0,0,0,0,0,0,0,0,0,0,0,0,0,0,0,0,0,0,0,0,0,0,0,0,0,0,0,0,0,0,0,0,0.00141471060526129,0.00565884242104517,0,0,0,0,0,0,0,0,0,0,0,0,0,0,0,0,0.0410266075525775,0,0.00141471060526129,0,0,0,0,0,0,0,0,0,0,0.00565884242104517,0,0,0,0,0.00424413181578388,0.00282942121052258,0,0,0,0,0,0,0.00990297423682904,0.0721502408683259,0,0,0.00565884242104517,0,0,0,0,0,0.00141471060526129,0,0,0,0,0.00848826363156775,0,0,0,0,0,0,0,0.00141471060526129,0,0,0,0,0,0.00282942121052258,0,0,0,0,0,0,0,0,0,0,0,0,0,0,0,0,0.00424413181578388,0.0113176848420903,0,0,0,0,0,0.00282942121052258,0,0,0,0,0,0,0,0,0,0,0,0,0,0,0,0,0,0,0,0,0,0,0,0.00990297423682904,0,0,0,0,0.0891267681314614,0,0,0,0,0,0,0,0,0,0,0,0,0,0,0,0,0,0,0,0,0,0,0,0,0,0,0,0,0,0,0,0,0,0,0,0.0155618166578742,0,0,0,0,0.0381971863420549,0.0820532151051549,0,0,0,0,0,0,0,0,0,0,0,0,0,0,0,0,0,0,0,0,0,0,0,0,0.00565884242104517,0,0,0,0,0,0,0,0,0.00141471060526129,0,0,0,0,0,0,0,0,0.00141471060526129,0,0,0,0,0,0,0,0,0,0.00282942121052258,0,0,0,0,0.00141471060526129,0,0,0,0,0,0,0,0,0,0,0,0,0,0,0,0,0,0.00141471060526129,0,0,0,0,0,0,0,0,0,0,0,0,0,0,0,0,0,0,0,0,0,0,0,0,0,0.00424413181578388,0,0.00282942121052258,0,0,0,0,0,0,0,0,0,0,0,0,0.00141471060526129,0,0,0,0,0,0,0,0,0,0,0,0,0,0,0,0,0,0.0784925873511638,0,0,2.62446332036329,0,0,0,0,0,0,0,0,0.317706370639586,0,0,0,0,0.39838250644158,0,0,0,0,0,0,0,0,0,0,0,0,0,0,0,0,0,0,0,0.0775492009511846,0,0,0,0,0,5.20549345610207,0,0,0,0,0,0,0,0,0,0,0,0,0,0,0,0,0,0,0,0.237319861327101,0,0,0,0,0,0,0.0778629531153655,0,0,1.00082819436623,0,0,0,0,0,0,0,0,0,0,0,0,0,0,0,0,0,0,0,0,0,0,0,0,91.1737937236254,0,0,0,0,4.96791460718583,0,0,0,0.148211138849312,0,0,0,0,0.04129918945381,0,0,0,0,0,0,0,0,0,0,0.939289069563622,0,0.498583629191027,0,0,0,0,0,0.545831796009236,0,0,0,0,0,0,0,0,0,0,0,0,0,0,0,0,0,0,0,0,0,0.5658610679008,0,0,0,0,0.111765839077458,2.79860173998697,3.72325751469505,0,0,0,0,0,0,0.715886476764326,0,0,0,0.123704626698844,0,0,0.16572271276002,0,0.260861585044025,0,0,0,0,0,0,0,0,0,0,0,0,0,0.344920592668756,0,0,0,0,0.432469157335046,0,0,0,0,0,0,0,0,0,0,0,0,0.0208409282869626,0,0,0,0,0,0,0,0,0,0,0,0,0,0,0,1.07175514593677,0,0,0,0,0.351729337977361,0,0,0,0,0,0.0798128423650375,0,0,0,0,0,0,0,0,0,0,0,0,0,0,0,0,0,0,0,0,0,0,0,0,0,0,0,0,0,1.08608271156687,0,0,0,0,0,0,0,0,0,0,0,0.042892044956675,0,0,0,0,0,0,0,0,0.0939367684355659,0,0,0,0,0,0,0,0,0,0,0,0,0,0,0,0,0,0,0,0.18983673723044,0,0,0,0,0,0.0357873682970528,0,0,0,0,0,0,0,0,0,0,0,0,0,0,0,0,0,0,0,0,0,0,0,0,0,0,0,0,0,0,0,0,0.00392555880638058,0.0249969369136565,0,0,0,0,0,0,0,0,0,0,0,0,0,0,0,0,51.1706230582769,0,0.981177570111793,0,0,0,0,0,0,0,0,0,0,0.0798413150738289,0,0,0,0,0.409445320931646,1.63597738961771,0,0,0,0,0,0,1.63422662135443,14.1627647869852,0,0,0.439280849883813,0,0,0,0,0,0.122933824523269,0,0,0,0,4.1101994210983,0,0,0,0,0,0,0,1.50224974209696,0,0,0,0,0,0.00556151033140319,0,0,0,0,0,0,0,0,0,0,0,0,0,0,0,0,0.975658677400751,0.0514627345075656,0,0,0,0,0,0.178309917462687,0,0,0,0,0,0,0,0,0,0,0,0,0,0,0,0,0,0,0,0,0,0,0,0.0339147872015084,0,0,0,0,0.29410164980146,0,0,0,0,0,0,0,0,0,0,0,0,0,0,0,0,0,0,0,0,0,0,0,0,0,0,0,0,0,0,0,0,0,0,0,0.0409669067650354,0,0,0,0,0.126841372167646,0.320630307038773,0,0,0,0,0,0,0,0,0,0,0,0,0,0,0,0,0,0,0,0,0,0,0,0,0.581106230703761,0,0,0,0,0,0,0,0,0.135594918556116,0,0,0,0,0,0,0,0,1.48838126092467,0,0,0,0,0,0,0,0,0,1.96800683517294,0,0,0,0,0.475743973303482,0,0,0,0,0,0,0,0,0,0,0,0,0,0,0,0,0,0.0142393092066712,0,0,0,0,0,0,0,0,0,0,0,0,0,0,0,0,0,0,0,0,0,0,0,0,0,0.0877661512091779,0,0.0456609165532924,0,0,0,0,0,0,0,0,0,0,0,0,0.132004553451819,0,0,0,0,68.90280117,70.3513012,81.51490134,77.91680128,42.52260076,49.19520092,45.40810077,58.31790102,57.39920105,49.06500087,48.49590082,"KIN-00126"
"206",2624,"nSPC",2010,"PRIAs","Pacific Remote Island Areas","Kingman","Kingman",2010,"ForereefDeep","Kingman","2010-04-19","Forereef","Deep",6.40797,-162.4597,19.75,48.75,23.75,3.75,10.5,6.25,7,NA,0,2,NA,NA,NA,4,2,64.5332722295727,10.3661753752501,21.6457294086682,5.17376794417419,101.718944957665,17.6243895376757,0,0,0,0,0,0,0,0,0,0,0,0,0,0,0,0,0.0311236333157484,0,0,0,0,0,0,0,0,0,0,0,0,0,0,0,0,0,0,0,0,0,0,0,0,0,0,0,0,0,0,0,0,0,0.00282942121052258,0,0,0,0,0,0.00282942121052258,0,0,0,0,0,0,0,0,0,0,0,0,0,0,0,0,0,0,0,0.00565884242104517,0,0,0,0,0,0,0,0,0,0.00424413181578388,0,0,0,0,0,0,0,0,0,0,0,0,0,0,0,0,0,0,0,0,0,0,0,0,0,0,0,0,0,0.00990297423682904,0,0,0,0.0169765272631355,0,0,0,0,0.0226353696841807,0,0,0,0,0,0,0,0,0,0,0.00848826363156775,0,0.268795014999645,0,0,0,0,0,0,0,0,0,0,0,0,0,0,0,0,0,0,0,0,0,0,0,0,0,0,0,0.0113176848420903,0,0,0,0,0,1.88863865802382,0.00707355302630646,0,0,0,0,0,0,0.0113176848420903,0,0,0,0.0141471060526129,0,0,0.00848826363156775,0,0.00282942121052258,0,0.00282942121052258,0,0,0,0,0,0.00141471060526129,0,0,0,0,0,0.147129902947174,0,0,0,0,0.067906109052542,0,0,0,0,0,0,0,0,0,0,0,0,0.00424413181578388,0,0,0,0,0,0,0,0,0,0,0,0,0,0,0,0.0198059484736581,0,0.00141471060526129,0,0,0.00565884242104517,0,0,0,0,0,0.00141471060526129,0,0,0,0,0,0,0,0,0,0,0,0,0,0,0,0,0,0,0,0,0,0,0,0,0,0,0,0,0,0,0,0,0,0,0,0,0,0,0,0,0.00141471060526129,0,0,0,0,0,0,0,0,0,0.0198059484736581,0,0,0,0,0,0,0,0,0,0,0,0,0,0,0,0,0,0,0,0.00707355302630646,0,0,0.00282942121052258,0,0,0.0127323954473516,0,0,0,0,0,0,0,0,0,0,0,0,0,0,0,0,0,0,0,0,0,0,0,0,0,0,0,0,0,0,0,0,0.00141471060526129,0.00565884242104517,0,0,0,0.00282942121052258,0,0,0,0,0,0,0,0,0,0,0,0,0.0325383439210097,0,0,0,0,0,0,0,0,0,0,0,0,0.0113176848420903,0,0,0,0,0,0.00141471060526129,0,0,0,0,0,0,0.00707355302630646,0.0141471060526129,0,0,0.0127323954473516,0,0,0,0,0,0.00282942121052258,0,0,0,0,0,0,0,0,0,0,0,0,0,0,0,0,0,0,0.00565884242104517,0,0,0,0.00141471060526129,0,0,0,0,0,0,0,0,0,0,0,0,0.00282942121052258,0.0183912378683968,0,0,0,0,0,0.00282942121052258,0.00141471060526129,0,0.00141471060526129,0,0,0,0,0,0,0,0,0,0,0,0,0,0,0,0,0,0,0,0,0.00990297423682904,0,0,0,0,0.0664913984472807,0,0,0,0,0,0,0,0,0,0,0,0,0,0.0113176848420903,0,0,0,0,0,0,0,0,0,0,0,0,0,0,0,0,0,0,0,0,0,0.00848826363156775,0,0,0,0.00141471060526129,0.024050080289442,0.233427249868113,0,0,0,0,0,0,0,0,0,0,0,0,0,0,0,0,0,0,0,0,0,0,0,0,0,0,0,0,0,0,0,0,0,0,0,0,0,0,0,0,0,0,0,0,0,0,0,0,0,0,0,0,0.00424413181578388,0,0,0,0,0.00424413181578388,0,0,0,0,0,0,0,0,0,0,0,0,0,0,0,0.00141471060526129,0,0.0127323954473516,0,0,0,0,0,0,0,0,0,0,0,0,0,0,0,0,0,0,0,0,0,0,0,0,0,0.00990297423682904,0,0.00707355302630646,0,0,0,0,0,0,0,0,0,0,0,0,0.00141471060526129,0,0,0,0,0,0,0,0,0,0,0,0,0,0,0,0,0,0,0,0,2.36881185069316,0,0,0,0,0,0,0,0,0,0,0,0,0,0,0,0,0,0,0,0,0,0,0,0,0,0,0,0,0,0,0,0,0,0.0303209265183232,0,0,0,0,0,0.464201917351361,0,0,0,0,0,0,0,0,0,0,0,0,0,0,0,0,0,0,0,0.479089063852716,0,0,0,0,0,0,0,0,0,0.626778580748161,0,0,0,0,0,0,0,0,0,0,0,0,0,0,0,0,0,0,0,0,0,0,0,0,0,0,0,0,0,10.3685413604649,0,0,0,0.119043582410287,0,0,0,0,0.0795317996441056,0,0,0,0,0,0,0,0,0,0,1.01897500603573,0,0.389815019016117,0,0,0,0,0,0,0,0,0,0,0,0,0,0,0,0,0,0,0,0,0,0,0,0,0,0,0,0.726502779164579,0,0,0,0,0,4.28979018585808,10.7835582522157,0,0,0,0,0,0,1.03236531496636,0,0,0,0.307071183352117,0,0,0.299151896556448,0,0.0817502926299197,0,0.973643145748139,0,0,0,0,0,0.0339649142289974,0,0,0,0,0,0.242356903208522,0,0,0,0,0.339801155728277,0,0,0,0,0,0,0,0,0,0,0,0,0.0188872133026536,0,0,0,0,0,0,0,0,0,0,0,0,0,0,0,0.853177335789858,0,0.0799691211841828,0,0,0.392959739122399,0,0,0,0,0,0.00772134838389604,0,0,0,0,0,0,0,0,0,0,0,0,0,0,0,0,0,0,0,0,0,0,0,0,0,0,0,0,0,0,0,0,0,0,0,0,0,0,0,0,0.0305577490736439,0,0,0,0,0,0,0,0,0,0.120233321005034,0,0,0,0,0,0,0,0,0,0,0,0,0,0,0,0,0,0,0,0.332575692842416,0,0,0.0486937548604546,0,0,0.128172214952431,0,0,0,0,0,0,0,0,0,0,0,0,0,0,0,0,0,0,0,0,0,0,0,0,0,0,0,0,0,0,0,0,0.0121645375337763,0.0201966860175794,0,0,0,0.00785111761276115,0,0,0,0,0,0,0,0,0,0,0,0,51.2084110792346,0,0,0,0,0,0,0,0,0,0,0,0,0.226473239887951,0,0,0,0,0,0.383336951785758,0,0,0,0,0,0,1.51891497752806,1.50275795415134,0,0,0.786485428270496,0,0,0,0,0,0.142284519124154,0,0,0,0,0,0,0,0,0,0,0,0,0,0,0,0,0,0,0.0176629448488083,0,0,0,0.0600614481827077,0,0,0,0,0,0,0,0,0,0,0,0,0.393780735784786,0.114955680536872,0,0,0,0,0,0.112680809290016,0.19554860115843,0,0.0773020263376667,0,0,0,0,0,0,0,0,0,0,0,0,0,0,0,0,0,0,0,0,0.0611648411509822,0,0,0,0,0.207133256829952,0,0,0,0,0,0,0,0,0,0,0,0,0,0.0300930535070748,0,0,0,0,0,0,0,0,0,0,0,0,0,0,0,0,0,0,0,0,0,0.0105134218629993,0,0,0,0.163119402820516,0.0675934499233163,0.371989106460656,0,0,0,0,0,0,0,0,0,0,0,0,0,0,0,0,0,0,0,0,0,0,0,0,0,0,0,0,0,0,0,0,0,0,0,0,0,0,0,0,0,0,0,0,0,0,0,0,0,0,0,0,3.53747936758675,0,0,0,0,2.32970877212504,0,0,0,0,0,0,0,0,0,0,0,0,0,0,0,0.771132720252793,0,0.108959228845855,0,0,0,0,0,0,0,0,0,0,0,0,0,0,0,0,0,0,0,0,0,0,0,0,0,0.07452180614427,0,0.033822901150587,0,0,0,0,0,0,0,0,0,0,0,0,0.102832270809469,0,0,0,0,71.26030122,71.99530123,83.22700138,80.10150131,47.35790085,51.24930095,46.13940078,63.88170111,61.28560111,51.98360092,50.99520088,"KIN-00123"
"207",2625,"nSPC",2010,"PRIAs","Pacific Remote Island Areas","Kingman","Kingman",2010,"ForereefDeep","Kingman","2010-04-19","Forereef","Deep",6.38003,-162.457,23,35,25,7.5,15,9.5,8,NA,0,2.5,NA,NA,NA,2,1,46.0668393121564,73.5972054085311,22.9478116904051,13.9280459496621,156.539902360755,14.6256178083974,0,0,0,0,0,0.0141471060526129,0,0,0,0,0,0,0,0,0,0,0.0198059484736581,0,0,0,0,0.0141471060526129,0,0,0,0.0169765272631355,0,0,0,0,0,0,0,0,0,0,0,0,0,0,0,0,0,0,0,0,0,0,0,0,0.0169765272631355,0,0,0,0,0,0.0141471060526129,0,0,0,0,0,0,0,0,0,0,0,0,0,0,0,0,0,0,0,0.00282942121052258,0,0,0,0,0,0,0.00282942121052258,0,0,0,0,0,0,0,0,0,0,0,0,0,0,0,0,0,0,0,0,0,0,0,0,0,0,0,0,0,0,0,0,0.0113176848420903,0,0,0,0.0254647908947033,0,0,0,0,0.00848826363156775,0.00565884242104517,0,0,0,0,0,0,0,0,0,0.0141471060526129,0,0.113176848420903,0,0,0,0,0,0.00565884242104517,0,0,0,0,0,0,0,0,0,0,0,0,0,0,0,0,0,0,0,0,0,0,0,0,0,0,0,0.155618166578742,0.00565884242104517,0,0,0,0,0,0,0.0141471060526129,0,0,0,0.00848826363156775,0.00565884242104517,0,0.00848826363156775,0,0.00282942121052258,0,0.00565884242104517,0,0,0,0,0,0,0,0,0,0,0.00565884242104517,0.0509295817894065,0,0,0,0,0.127323954473516,0.0169765272631355,0,0,0,0,0,0,0,0,0,0,0,0,0,0,0,0,0,0.00282942121052258,0,0,0,0,0,0,0,0,0,0,0,0.00565884242104517,0.0226353696841807,0,0,0,0,0,0.0141471060526129,0,0.00848826363156775,0,0,0,0,0,0,0,0,0,0,0,0,0,0,0,0,0,0,0,0,0,0,0,0,0,0,0,0,0,0,0,0,0,0,0,0,0,0,0,0,0,0,0,0,0,0,0,0,0,0,0.0113176848420903,0,0.00565884242104517,0,0,0,0,0,0,0.00282942121052258,0.00282942121052258,0,0,0,0,0,0,0,0,0,0,0,0,0.00565884242104517,0,0,0.0452707393683613,0,0,0,0,0,0,0,0,0,0,0,0,0,0,0,0,0,0,0,0,0,0,0,0,0,0,0,0,0,0,0,0,0,0.00282942121052258,0,0,0,0.0141471060526129,0,0,0,0,0,0,0,0,0,0,0,0,0.0311236333157484,0,0.0113176848420903,0,0,0,0,0,0,0,0,0,0,0.00848826363156775,0,0,0,0.0198059484736581,0.0113176848420903,0,0,0,0,0,0,0,0.00565884242104517,0,0,0,0,0,0,0,0,0,0,0,0,0.104688584789336,0,0.0396118969473162,0,0,0,0,0,0,0,0.00565884242104517,0,0,0,0,0,0,0,0,0,0,0,0,0,0,0,0,0,0,0,0,0,0,0,0,0,0,0,0,0,0,0,0,0.00282942121052258,0,0.0113176848420903,0,0,0,0,0,0,0,0,0,0,0,0,0,0,0,0,0,0,0.0198059484736581,0,0,0,0,0.0282942121052258,0,0,0,0,0,0,0,0,0,0,0,0,0,0.0537590029999291,0,0,0,0,0,0,0,0,0,0,0,0,0,0.141471060526129,0,0,0,0,0,0,0,0,0,0,0,0,0.0254647908947033,0.00848826363156775,0,0,0,0,0,0,0,0,0,0,0,0,0,0,0,0,0,0,0,0,0,0,0,0,0,0,0,0,0,0,0,0,0,0.00848826363156775,0,0,0,0,0,0,0,0.00282942121052258,0,0,0,0,0,0,0,0,0,0,0,0,0,0,0,0.0113176848420903,0,0,0,0,0,0,0,0,0,0,0,0,0,0,0,0,0,0.00565884242104517,0,0,0,0,0,0,0,0,0,0,0,0,0,0,0,0,0,0,0,0,0,0,0,0,0,0.00565884242104517,0,0,0,0,0,0,0,0,0,0,0,0,0,0,0,0,0,0,0,0,0,0,0,0,0.970491475209246,0,0,0,0,0,0,0,0,0,0,1.13107190148135,0,0,0,0,0.866713240433037,0,0,0,0.448832218393682,0,0,0,0,0,0,0,0,0,0,0,0,0,0,0,0,0,0,0,0,0,0,0,0,0.267190167289037,0,0,0,0,0,2.21399804715363,0,0,0,0,0,0,0,0,0,0,0,0,0,0,0,0,0,0,0,0.248286972602325,0,0,0,0,0,0,0.0980785542552974,0,0,0,0,0,0,0,0,0,0,0,0,0,0,0,0,0,0,0,0,0,0,0,0,0,0,0,0,0,0,0,0,4.8504719022675,0,0,0,0.160488446218875,0,0,0,0,0.0329777996190462,0.663471544921846,0,0,0,0,0,0,0,0,0,0.917694780348159,0,0.10584864748565,0,0,0,0,0,0.583555502051457,0,0,0,0,0,0,0,0,0,0,0,0,0,0,0,0,0,0,0,0,0,0,0,0,0,0,0,0.202937406903522,10.6500679844203,0,0,0,0,0,0,0.787509001862339,0,0,0,0.084436682428128,0.0822976010025655,0,0.422982992780568,0,0.140994330926856,0,1.00386181727241,0,0,0,0,0,0,0,0,0,0,0.648112879549061,0.164247901270836,0,0,0,0,0.365949503275767,0.0522370579739478,0,0,0,0,0,0,0,0,0,0,0,0,0,0,0,0,0,1.20032514981231,0,0,0,0,0,0,0,0,0,0,0,0.466362799819253,2.69750647936413,0,0,0,0,0,0.394906274852305,0,0.105361494946177,0,0,0,0,0,0,0,0,0,0,0,0,0,0,0,0,0,0,0,0,0,0,0,0,0,0,0,0,0,0,0,0,0,0,0,0,0,0,0,0,0,0,0,0,0,0,0,0,0,0,0.232860520002615,0,2.12612218777077,0,0,0,0,0,0,0.55629750318379,1.05657708918289,0,0,0,0,0,0,0,0,0,0,0,0,0.034934193645769,0,0,0.226803857756401,0,0,0,0,0,0,0,0,0,0,0,0,0,0,0,0,0,0,0,0,0,0,0,0,0,0,0,0,0,0,0,0,0,0.0281697810176619,0,0,0,0.0301487959726318,0,0,0,0,0,0,0,0,0,0,0,0,33.6822062573278,0,6.49656277273611,0,0,0,0,0,0,0,0,0,0,0.054754959266033,0,0,0,2.3519174912886,1.93962450303607,0,0,0,0,0,0,0,0.515277738625139,0,0,0,0,0,0,0,0,0,0,0,0,53.2875530678797,0,11.1064964271166,0,0,0,0,0,0,0,4.14301810184644,0,0,0,0,0,0,0,0,0,0,0,0,0,0,0,0,0,0,0,0,0,0,0,0,0,0,0,0,0,0,0,0,0.37361170425437,0,0.148948749594189,0,0,0,0,0,0,0,0,0,0,0,0,0,0,0,0,0,0,0.118491782439964,0,0,0,0,0.0781458645738243,0,0,0,0,0,0,0,0,0,0,0,0,0,0.0890308787450592,0,0,0,0,0,0,0,0,0,0,0,0,0,0.231318623710971,0,0,0,0,0,0,0,0,0,0,0,0,0.229306148797462,0.0322725742166646,0,0,0,0,0,0,0,0,0,0,0,0,0,0,0,0,0,0,0,0,0,0,0,0,0,0,0,0,0,0,0,0,0,1.273519657435,0,0,0,0,0,0,0,1.65786733943665,0,0,0,0,0,0,0,0,0,0,0,0,0,0,0,1.31382066726804,0,0,0,0,0,0,0,0,0,0,0,0,0,0,0,0,0,0.0569572368266848,0,0,0,0,0,0,0,0,0,0,0,0,0,0,0,0,0,0,0,0,0,0,0,0,0,0.038017327610146,0,0,0,0,0,0,0,0,0,0,0,0,0,0,0,0,0,0,0,24.41150037,25.26500045,25.40830046,18.74150033,24.2032004,23.8394004,26.57240047,32.94670059,32.00900057,33.29460059,16.00810029,"KIN-00127"
"208",2626,"nSPC",2010,"PRIAs","Pacific Remote Island Areas","Kingman","Kingman",2010,"ForereefDeep","Kingman","2010-04-19","Forereef","Deep",6.39143,-162.4792,20,40,40,5,7.5,5,2.5,NA,0,2,NA,NA,NA,2,1,78.9056649622492,84.3004232999949,16.179789319217,16.3286023932873,195.714479974748,8.38913392471124,0,0,0,0,0,0,0,0,0,0,0,0,0,0.00565884242104517,0,0,0.0594178454209743,0,0,0,0,0.00282942121052258,0,0,0,0.0311236333157484,0,0,0,0,0,0,0,0,0,0,0,0,0,0,0,0,0,0,0,0,0,0,0,0,0,0,0,0,0,0,0.0113176848420903,0,0,0,0,0,0,0,0,0,0,0,0,0,0,0,0,0,0,0,0.0113176848420903,0,0,0,0,0,0,0,0,0,0.00565884242104517,0,0,0,0,0,0,0,0,0,0,0,0,0,0,0,0,0,0,0,0,0,0,0,0,0.198059484736581,0,0,0,0,0.00565884242104517,0,0,0,0.0537590029999291,0,0,0,0,0.00565884242104517,0,0,0,0,0,0,0,0,0.00282942121052258,0,0.0113176848420903,0,0.0848826363156775,0,0,0,0,0,0,0.00282942121052258,0,0,0,0,0,0,0,0,0,0,0,0,0,0,0,0,0,0,0,0,0,0,0,0,0,0,1.27323954473516,0.00565884242104517,0,0,0,0,0,0,0.0113176848420903,0,0,0,0.0169765272631355,0,0,0.00565884242104517,0,0.0113176848420903,0,0,0,0,0,0,0,0,0,0,0,0,0.0113176848420903,0.113176848420903,0,0,0,0,0.116006269631426,0,0,0,0,0,0,0,0,0,0,0,0,0,0,0,0,0,0,0,0,0,0,0,0,0,0,0,0,0,0,0,0.0254647908947033,0,0,0,0,0,0,0,0,0,0,0,0,0,0,0,0,0,0,0,0,0,0,0,0,0,0,0,0,0,0,0,0.00282942121052258,0,0,0,0,0,0,0,0,0,0,0,0,0,0,0,0,0.00565884242104517,0,0,0,0,0,0,0,0,0,0.00848826363156775,0,0.00282942121052258,0,0,0,0,0,0,0,0,0,0,0,0,0,0,0,0,0,0.00848826363156775,0,0,0,0,0,0.00565884242104517,0,0,0,0,0,0,0.00565884242104517,0,0,0,0,0,0,0,0,0,0,0,0,0,0,0,0,0,0,0,0,0,0,0,0,0,0.00565884242104517,0.0141471060526129,0,0,0,0.00282942121052258,0,0,0,0,0,0,0,0,0,0,0,0,0.0424413181578388,0,0.00282942121052258,0,0,0,0,0,0,0,0,0,0,0,0,0,0,0,0.00282942121052258,0.00282942121052258,0,0,0,0,0,0,0.0311236333157484,0.0311236333157484,0,0.0282942121052258,0.0198059484736581,0,0,0,0,0,0,0,0,0,0,0.00848826363156775,0,0,0,0,0,0,0,0,0,0,0,0,0,0.00565884242104517,0,0,0,0,0,0,0,0,0,0,0,0,0,0,0,0,0.0141471060526129,0.0113176848420903,0,0,0,0,0,0,0,0,0,0,0,0,0,0,0,0,0,0,0,0,0,0,0,0,0,0,0,0,0,0,0,0,0,0,0.0622472666314969,0,0,0,0,0,0,0,0,0,0,0,0,0,0,0,0,0,0,0,0,0,0,0,0,0,0,0,0.0848826363156775,0,0,0,0,0,0,0,0,0,0,0,0,0.0509295817894065,1.18835690841949,0,0,0,0,0,0,0,0,0,0,0,0,0,0,0,0,0,0,0,0,0,0,0,0,0,0.00282942121052258,0,0,0,0,0,0,0.00282942121052258,0.0113176848420903,0,0,0,0,0,0,0,0.00848826363156775,0,0,0,0,0,0,0,0,0,0,0,0,0,0,0,0.0113176848420903,0,0,0,0,0,0,0,0,0,0,0,0,0,0,0,0,0,0,0,0,0,0,0,0,0,0,0,0,0,0,0,0,0,0,0,0,0,0,0,0,0,0,0,0,0,0,0,0,0,0,0,0,0,0,0,0,0,0,0,0,0,0,0,0,0,0,0,0,0,0,0,0,0,0,0,0,1.23163959774737,0,0,2.74818683028394,0,0,0,0,0.217385030496447,0,0,0,0.476191589730951,0,0,0,0,0,0,0,0,0,0,0,0,0,0,0,0,0,0,0,0,0,0,0,0,0,0,0,0,0,0,2.09792528612376,0,0,0,0,0,0,0,0,0,0,0,0,0,0,0,0,0,0,0,2.76087150455677,0,0,0,0,0,0,0,0,0,0.57857212908165,0,0,0,0,0,0,0,0,0,0,0,0,0,0,0,0,0,0,0,0,0,0,0,0,57.4842943282487,0,0,0,0,3.19662490332121,0,0,0,0.347700173101428,0,0,0,0,0.0267973392288993,0,0,0,0,0,0,0,0,1.77709787672099,0,0.659321843805584,0,0.0996437267709738,0,0,0,0,0,0,0.10975313266186,0,0,0,0,0,0,0,0,0,0,0,0,0,0,0,0,0,0,0,0,0,0,0,0,0,0,3.1042853340188,2.65772819152935,0,0,0,0,0,0,0.99653353946155,0,0,0,0.251726004413548,0,0,0.163500585259839,0,0.907692767979931,0,0,0,0,0,0,0,0,0,0,0,0,0.688822692473509,0.275936474135004,0,0,0,0,0.391554912351256,0,0,0,0,0,0,0,0,0,0,0,0,0,0,0,0,0,0,0,0,0,0,0,0,0,0,0,0,0,0,0,1.69347390149435,0,0,0,0,0,0,0,0,0,0,0,0,0,0,0,0,0,0,0,0,0,0,0,0,0,0,0,0,0,0,0,0.372388196362932,0,0,0,0,0,0,0,0,0,0,0,0,0,0,0,0,0.094148990780139,0,0,0,0,0,0,0,0,0,0.0984316690194803,0,1.18634449916377,0,0,0,0,0,0,0,0,0,0,0,0,0,0,0,0,0,0.898374747666376,0,0,0,0,0,0.0176114493827768,0,0,0,0,0,0,0.97416445501324,0,0,0,0,0,0,0,0,0,0,0,0,0,0,0,0,0,0,0,0,0,0,0,0,0,0.0321801926803138,0.111906405414681,0,0,0,0.0048155202490365,0,0,0,0,0,0,0,0,0,0,0,0,68.2356439674776,0,1.10750287977166,0,0,0,0,0,0,0,0,0,0,0,0,0,0,0,1.52547252215334,0.520984193367579,0,0,0,0,0,0,4.5621855379112,4.61930921214601,0,3.02512581902028,1.50878546604096,0,0,0,0,0,0,0,0,0,0,6.38159195211662,0,0,0,0,0,0,0,0,0,0,0,0,0,0.00643693325393888,0,0,0,0,0,0,0,0,0,0,0,0,0,0,0,0,1.75270658563626,0.0817384588263644,0,0,0,0,0,0,0,0,0,0,0,0,0,0,0,0,0,0,0,0,0,0,0,0,0,0,0,0,0,0,0,0,0,0,0.155978630616865,0,0,0,0,0,0,0,0,0,0,0,0,0,0,0,0,0,0,0,0,0,0,0,0,0,0,0,0.2792103974177,0,0,0,0,0,0,0,0,0,0,0,0,0.243625501740605,4.13683298083955,0,0,0,0,0,0,0,0,0,0,0,0,0,0,0,0,0,0,0,0,0,0,0,0,0,0.165614671984945,0,0,0,0,0,0,1.13400635428448,1.80669635623012,0,0,0,0,0,0,0,4.05384133071634,0,0,0,0,0,0,0,0,0,0,0,0,0,0,0,1.67756440246555,0,0,0,0,0,0,0,0,0,0,0,0,0,0,0,0,0,0,0,0,0,0,0,0,0,0,0,0,0,0,0,0,0,0,0,0,0,0,0,0,0,0,0,0,0,0,0,0,0,0,0,0,0,0,0,0,0,0,0,0,0,0,0,86.90860145,87.54890152,97.0747016,90.09900149,60.59110106,62.23110113,64.2694011,80.60910142,73.81940133,70.46260125,58.56920102,"KIN-00124"
"209",3421,"nSPC",2011,"PRIAs","Pacific Remote Island Areas","Wake","Wake",2011,"ForereefMid","Wake","2011-03-23","Forereef","Mid",19.3204827,166.6022507,14,35,20,4,22.25,18,0.5,0,0.25,2,NA,NA,NA,4,2,5.85041859232034,2.45048767668889,47.2131871386455,7.31923296376376,62.8333263714185,26.4997052128804,0,0,0,0,0,0.00282942121052258,0,0,0,0,0,0,0,0,0,0,0,0.0155618166578742,0,0.0226353696841807,0,0,0,0,0,0,0,0,0,0,0,0,0,0,0,0,0,0,0,0,0,0.00141471060526129,0,0,0,0,0,0,0,0,0,0,0,0,0,0,0.00141471060526129,0,0,0,0,0,0,0,0,0,0,0,0,0.00141471060526129,0,0,0,0,0,0,0,0,0,0,0,0,0,0,0,0,0,0,0,0,0,0,0,0,0,0,0,0,0,0,0,0,0,0,0,0,0,0,0,0,0,0,0,0,0,0,0.00707355302630646,0,0,0,0.0155618166578742,0,0,0,0,0.0169765272631355,0,0,0,0,0,0,0,0,0,0,0,0,0.616813823893923,0.118835690841949,0,0,0,0,0.00282942121052258,0,0,0,0,0,0,0,0,0,0,0,0,0.0325383439210097,0,0,0,0,0,0,0,0,0,0,0,0,0,0.00282942121052258,0,0,0,0,0,0,0,0,0.00282942121052258,0,0,0,0.00424413181578388,0,0,0,0,0,0,0.00141471060526129,0,0,0,0,0,0,0,0.0608325560262356,0,0,0,0,0,0,0,0,0,0,0,0,0,0,0,0,0,0,0,0,0,0,0,0,0,0,0,0.00282942121052258,0,0,0,0,0,0,0,0,0,0.0410266075525775,0,0,0,0,0.00141471060526129,0,0,0,0,0,0,0,0,0,0,0,0,0,0,0,0,0,0,0,0,0,0,0,0,0,0,0,0.00141471060526129,0,0.00141471060526129,0,0,0,0,0,0,0,0,0.00141471060526129,0,0,0,0,0,0,0,0,0,0,0,0,0,0,0,0,0,0.00707355302630646,0,0,0,0,0,0,0,0,0,0,0,0,0,0,0,0,0,0,0,0,0,0,0,0,0,0.0127323954473516,0,0,0,0,0,0,0,0,0.00282942121052258,0,0,0,0,0.00990297423682904,0,0,0,0,0,0,0,0,0,0,0,0,0,0,0,0,0,0,0,0,0,0,0,0.00141471060526129,0,0,0,0,0,0,0,0,0,0,0,0,0,0.00282942121052258,0,0,0.00141471060526129,0,0,0,0,0,0,0,0,0,0,0,0,0,0.00282942121052258,0,0,0,0,0,0,0,0,0,0,0,0,0,0,0.00141471060526129,0,0,0,0,0,0.00141471060526129,0,0,0.00565884242104517,0,0,0,0,0,0,0,0,0,0,0,0,0,0,0,0,0,0,0,0,0,0,0,0,0,0,0,0,0,0.00424413181578388,0.00424413181578388,0,0,0,0,0,0.00424413181578388,0.00141471060526129,0,0.00424413181578388,0,0.00565884242104517,0,0,0,0,0,0,0,0,0,0,0,0,0,0,0,0,0,0,0.00282942121052258,0,0,0,0,0.0212206590789194,0,0,0,0,0,0,0,0,0,0,0,0,0,0,0,0,0,0,0,0,0,0,0,0,0,0,0,0,0,0,0,0,0,0,0,0,0,0,0,0,0.0155618166578742,0,0,0.0438560287631,0,0,0,0,0,0,0,0,0,0,0,0,0,0,0,0,0,0,0,0,0,0,0,0,0,0,0,0,0,0,0,0.00141471060526129,0,0,0,0,0,0,0,0.00707355302630646,0,0,0,0,0,0,0,0,0,0.00141471060526129,0,0,0,0,0,0,0,0,0,0,0,0,0,0,0,0,0,0,0,0,0,0,0,0,0,0,0.0622472666314969,0,0,0,0,0,0.00141471060526129,0,0,0,0,0,0,0,0,0,0,0,0,0,0,0,0,0.0282942121052258,0,0,0.00282942121052258,0,0,0,0,0,0,0,0,0,0,0,0,0.00424413181578388,0,0,0,0,0,0,0,0,0.155405959987953,0,0,0,0,0,0,0,0,0,0,0,0.858589888482533,0,0.302528280843098,0,0,0,0,0,0,0,0,0,0,0,0,0,0,0,0,0,0,0,0,0,0.232100958675681,0,0,0,0,0,0,0,0,0,0,0,0,0,0,0.232100958675681,0,0,0,0,0,0,0,0,0,0,0,0,1.89582742401506,0,0,0,0,0,0,0,0,0,0,0,0,0,0,0,0,0,0,0,0,0,0,0,0,0,0,0,0,0,0,0,0,0,0,0,0,0,0,0,0,0,0,0,0,0,0,3.22438594392447,0,0,0,0.0774412036193443,0,0,0,0,0.0300338241276025,0,0,0,0,0,0,0,0,0,0,0,0,0.65925457616752,0.0519212939236947,0,0,0,0,0.243078675390366,0,0,0,0,0,0,0,0,0,0,0,0,23.9476548817597,0,0,0,0,0,0,0,0,0,0,0,0,0,0.182263004540886,0,0,0,0,0,0,0,0,0.196431352935634,0,0,0,0.0806390969888911,0,0,0,0,0,0,0.183546357444183,0,0,0,0,0,0,0,15.3701625466542,0,0,0,0,0,0,0,0,0,0,0,0,0,0,0,0,0,0,0,0,0,0,0,0,0,0,0,0.271583650217482,0,0,0,0,0,0,0,0,0,1.13363446293582,0,0,0,0,0.0982399347805997,0,0,0,0,0,0,0,0,0,0,0,0,0,0,0,0,0,0,0,0,0,0,0,0,0,0,0,0.121270506903843,0,0.249745459802895,0,0,0,0,0,0,0,0,1.12048843970421,0,0,0,0,0,0,0,0,0,0,0,0,0,0,0,0,0,0.0435850894697141,0,0,0,0,0,0,0,0,0,0,0,0,0,0,0,0,0,0,0,0,0,0,0,0,0,0.0263042801678653,0,0,0,0,0,0,0,0,0.284782942491824,0,0,0,0,0.770549293599184,0,0,0,0,0,0,0,0,0,0,0,0,0,0,0,0,0,0,0,0,0,0,0,0.00135060852456635,0,0,0,0,0,0,0,0,0,0,0,0,0,0.402425040648841,0,0,0.391032717779601,0,0,0,0,0,0,0,0,0,0,0,0,0,0.474639722654202,0,0,0,0,0,0,0,0,0,0,0,0,0,0,0.0651969572665146,0,0,0,0,0,0.743202732725313,0,0,1.6916127920381,0,0,0,0,0,0,0,0,0,0,0,0,0,0,0,0,0,0,0,0,0,0,0,0,0,0,0,0,0,0.593968539450134,0.0200982337365748,0,0,0,0,0,0.0964488054447575,0.0707226804376531,0,2.40571631040959,0,0.184539034440015,0,0,0,0,0,0,0,0,0,0,0,0,0,0,0,0,0,0,0.0253537222079531,0,0,0,0,0.0998677584663197,0,0,0,0,0,0,0,0,0,0,0,0,0,0,0,0,0,0,0,0,0,0,0,0,0,0,0,0,0,0,0,0,0,0,0,0,0,0,0,0,0.0690969749457291,0,0,0.160362823006667,0,0,0,0,0,0,0,0,0,0,0,0,0,0,0,0,0,0,0,0,0,0,0,0,0,0,0,0,0,0,0,0.0908380020795855,0,0,0,0,0,0,0,1.98744280335291,0,0,0,0,0,0,0,0,0,0.381061170323657,0,0,0,0,0,0,0,0,0,0,0,0,0,0,0,0,0,0,0,0,0,0,0,0,0,0,0.339892688554335,0,0,0,0,0,0.103132403123548,0,0,0,0,0,0,0,0,0,0,0,0,0,0,0,0,0.200061056357219,0,0,0.0104118841275256,0,0,0,0,0,0,0,0,0,0,0,0,0.181300621087341,0,0,0,93.9245016,132.7451023,137.5237025,122.3054021,102.4555018,94.96200165,116.920802,101.8180018,106.381802,109.2078019,130.5178023,"WAK-00117"
"210",3422,"nSPC",2011,"PRIAs","Pacific Remote Island Areas","Wake","Wake",2011,"ForereefMid","Wake","2011-03-23","Forereef","Mid",19.29691563,166.5987947,16.5,23.75,0,7.5,20,32.5,16.25,0,0,3,NA,NA,NA,4,2,1.90470095601687,7.04972173298606,11.7332138062508,4.09109706893678,24.7787335641906,4.88676098068344,0,0,0,0,0,0,0,0,0,0,0,0,0,0,0,0,0,0.00565884242104517,0,0.00424413181578388,0,0,0,0,0,0.0141471060526129,0,0,0,0,0.00424413181578388,0,0,0,0,0,0,0,0,0,0,0,0,0,0,0,0,0,0,0,0,0,0,0,0,0,0.00282942121052258,0,0,0,0,0,0,0,0,0,0,0,0,0,0,0,0,0,0,0,0,0,0,0,0,0,0,0,0,0,0,0,0,0,0,0,0,0,0,0,0,0,0,0,0,0,0,0,0,0,0,0,0,0,0,0,0,0,0,0,0.00707355302630646,0,0,0,0.0127323954473516,0,0,0,0,0.00707355302630646,0,0,0,0,0,0,0,0,0,0,0,0,0.502222264867759,0.195230063526058,0,0,0,0,0,0,0,0,0,0,0,0,0,0,0,0,0,0,0,0,0,0,0,0,0,0,0,0,0,0,0,0,0,0.00141471060526129,0,0,0,0,0,0,0.00282942121052258,0,0,0,0.0141471060526129,0,0,0.00282942121052258,0,0,0,0.00424413181578388,0,0,0,0,0.00141471060526129,0,0,0.00424413181578388,0,0,0,0,0,0,0,0,0,0,0,0,0,0,0,0,0,0,0,0,0,0,0,0,0,0,0,0.00282942121052258,0,0,0,0,0,0,0,0,0,0.0325383439210097,0,0,0,0,0.0268795014999645,0,0,0,0,0,0,0,0,0,0,0,0,0,0,0,0,0,0,0,0,0,0,0,0,0,0,0,0,0,0.00141471060526129,0,0,0,0,0,0,0,0,0,0,0,0,0,0,0.00141471060526129,0,0,0,0,0,0,0,0,0,0,0,0.00141471060526129,0,0,0,0,0,0,0,0,0,0,0,0,0,0,0,0,0,0,0,0,0,0,0,0,0,0.0183912378683968,0,0,0,0,0,0,0,0,0.00141471060526129,0,0,0,0,0.0452707393683613,0,0,0,0,0,0,0,0,0,0,0,0,0,0,0,0,0,0,0,0,0,0,0,0.00424413181578388,0,0,0,0,0,0,0,0,0,0,0,0,0,0.00141471060526129,0,0,0,0,0,0,0.00141471060526129,0,0,0,0,0,0,0,0,0,0.00424413181578388,0,0,0,0,0,0.00282942121052258,0,0,0.00707355302630646,0,0,0,0,0,0,0,0,0,0,0,0,0,0,0.00424413181578388,0,0,0,0,0,0,0,0,0.00565884242104517,0,0,0,0,0,0,0,0,0,0,0,0,0,0,0,0,0,0,0,0,0.00565884242104517,0.00990297423682904,0,0,0,0,0,0.00282942121052258,0,0,0.00282942121052258,0,0.00141471060526129,0,0,0,0,0,0,0,0,0,0,0,0,0,0,0,0,0,0,0.00424413181578388,0,0,0,0,0.0155618166578742,0,0,0,0,0,0,0,0,0,0,0,0,0,0,0,0,0,0,0,0,0,0,0,0,0,0,0,0,0,0,0,0,0,0,0,0,0,0,0,0,0.00565884242104517,0,0,0.138641639315607,0,0,0,0,0.00141471060526129,0,0,0,0,0,0,0,0,0,0,0,0,0,0,0,0,0,0,0,0,0,0,0.00141471060526129,0,0,0,0.00141471060526129,0,0,0,0,0,0,0,0.00990297423682904,0,0,0,0,0,0,0,0,0,0,0,0,0,0,0,0,0,0,0,0,0,0,0,0,0,0,0,0,0,0,0,0,0,0,0,0,0.00424413181578388,0,0,0,0,0,0.00141471060526129,0,0,0,0,0,0,0,0,0,0,0,0,0,0,0,0,0.00990297423682904,0,0,0,0,0,0,0,0,0,0,0,0,0,0,0,0.00707355302630646,0,0,0,0,0,0,0,0,0,0,0,0,0,0,0,0,0,0,0,0,0.062371853565188,0,0.0643434209906054,0,0,0,0,0,0.605109640114476,0,0,0,0,0.367258873125831,0,0,0,0,0,0,0,0,0,0,0,0,0,0,0,0,0,0,0,0,0,0,0,0,0,0.333141004814047,0,0,0,0,0,0,0,0,0,0,0,0,0,0,0,0,0,0,0,0,0,0,0,0,0,0,0,0,0,0,0,0,0,0,0,0,0,0,0,0,0,0,0,0,0,0,0,0,0,0,0,0,0,0,0,0,0,0,0,0.630387169492331,0,0,0,0.0982509841076145,0,0,0,0,0.0209162601092212,0,0,0,0,0,0,0,0,0,0,0,0,0.565377775707833,0.0589425026576065,0,0,0,0,0,0,0,0,0,0,0,0,0,0,0,0,0,0,0,0,0,0,0,0,0,0,0,0,0,0,0,0,0,0.487956519024436,0,0,0,0,0,0,0.179111292414106,0,0,0,0.218625468287375,0,0,0.108700801963264,0,0,0,1.92403300672174,0,0,0,0,0.336629050010122,0,0,0.940996707244361,0,0,0,0,0,0,0,0,0,0,0,0,0,0,0,0,0,0,0,0,0,0,0,0,0,0,0,0.50075007744688,0,0,0,0,0,0,0,0,0,1.30584551523707,0,0,0,0,1.48924981571904,0,0,0,0,0,0,0,0,0,0,0,0,0,0,0,0,0,0,0,0,0,0,0,0,0,0,0,0,0,0.0493796742984509,0,0,0,0,0,0,0,0,0,0,0,0,0,0,0.185969885936686,0,0,0,0,0,0,0,0,0,0,0,0.013078105191551,0,0,0,0,0,0,0,0,0,0,0,0,0,0,0,0,0,0,0,0,0,0,0,0,0,0.0969006029073722,0,0,0,0,0,0,0,0,0.377992989843251,0,0,0,0,4.06316458163794,0,0,0,0,0,0,0,0,0,0,0,0,0,0,0,0,0,0,0,0,0,0,0,0.00874107905541708,0,0,0,0,0,0,0,0,0,0,0,0,0,0.142885922388105,0,0,0,0,0,0,0.0119786376368684,0,0,0,0,0,0,0,0,0,0.446988473477003,0,0,0,0,0,0.385872882011773,0,0,1.27704272737633,0,0,0,0,0,0,0,0,0,0,0,0,0,0,1.96936334628898,0,0,0,0,0,0,0,0,0.0225032017911173,0,0,0,0,0,0,0,0,0,0,0,0,0,0,0,0,0,0,0,0,0.642522086483792,0.0878700627574013,0,0,0,0,0,0.112680809290016,0,0,0.420997020744829,0,0.0548450825180222,0,0,0,0,0,0,0,0,0,0,0,0,0,0,0,0,0,0,0.0419211894247632,0,0,0,0,0.107167821675476,0,0,0,0,0,0,0,0,0,0,0,0,0,0,0,0,0,0,0,0,0,0,0,0,0,0,0,0,0,0,0,0,0,0,0,0,0,0,0,0,0.0233748921778253,0,0,0.480084505491873,0,0,0,0,0.221070467836749,0,0,0,0,0,0,0,0,0,0,0,0,0,0,0,0,0,0,0,0,0,0,0.0285911941051057,0,0,0,0.0908380020795855,0,0,0,0,0,0,0,2.47477145493727,0,0,0,0,0,0,0,0,0,0,0,0,0,0,0,0,0,0,0,0,0,0,0,0,0,0,0,0,0,0,0,0,0,0,0,0,0.0223792227367238,0,0,0,0,0,0.0671353747147957,0,0,0,0,0,0,0,0,0,0,0,0,0,0,0,0,0.126877302530746,0,0,0,0,0,0,0,0,0,0,0,0,0,0,0,0.425747226091594,0,0,0,25.93940042,23.50140041,12.48440022,23.78930044,15.94760028,13.33350023,10.97840021,15.70780026,14.94370024,20.72200035,16.52770029,"WAK-00100"
"211",3423,"nSPC",2011,"PRIAs","Pacific Remote Island Areas","Wake","Wake",2011,"ForereefShallow","Wake","2011-03-23","Forereef","Shallow",19.30485522,166.5946153,3.5,27.5,8,0.5,18.75,45.25,0,0,0,2.75,NA,NA,NA,4,2,1.79131266332291,14.9147263928829,36.8770512798385,19.8344184115629,73.4175087476073,17.0580594401292,0,0,0,0,0,0.0254647908947033,0,0,0.00282942121052258,0,0.00565884242104517,0,0,0,0,0,0,0.0155618166578742,0,0.033953054526271,0,0,0,0,0,0,0,0,0,0,0,0,0,0,0,0,0,0,0,0,0,0.00141471060526129,0,0,0,0,0,0,0,0,0,0,0,0,0,0,0.00141471060526129,0,0,0,0,0,0,0,0,0,0,0,0,0.00424413181578388,0,0,0,0,0,0,0,0,0,0,0,0,0,0,0,0,0,0,0,0,0,0,0,0,0,0,0,0,0,0,0,0,0,0,0,0,0,0,0,0,0,0,0,0,0,0,0.00565884242104517,0,0,0,0.0141471060526129,0,0,0,0,0.00424413181578388,0,0,0,0,0,0,0,0,0,0,0,0,0.792237938946324,0.2192801438155,0,0,0,0,0.00424413181578388,0,0,0,0,0,0,0,0,0,0,0,0,0.00707355302630646,0,0,0,0,0,0,0,0,0,0,0,0,0,0,0,0.00282942121052258,0,0,0,0,0,0,0.00282942121052258,0,0,0,0,0,0,0.00565884242104517,0,0.00282942121052258,0,0.0141471060526129,0,0,0,0,0.00141471060526129,0,0,0.00565884242104517,0.00141471060526129,0,0,0,0,0,0,0,0,0,0,0,0,0,0,0,0,0,0,0,0,0.00141471060526129,0,0,0,0,0,0.00424413181578388,0,0,0,0,0,0,0,0,0,0.0169765272631355,0,0.00141471060526129,0,0,0.0410266075525775,0,0,0,0,0,0,0,0,0,0,0,0,0,0,0,0,0,0,0,0,0,0,0,0,0,0,0,0,0,0.00282942121052258,0,0,0,0,0,0,0,0,0,0,0,0,0,0,0,0,0.00141471060526129,0,0,0,0,0,0,0,0,0,0.0141471060526129,0,0,0,0,0,0,0,0,0,0,0,0,0,0,0,0,0,0,0,0,0,0,0,0,0,0,0,0,0,0,0,0,0,0,0.00565884242104517,0,0,0,0,0,0,0,0,0,0,0,0,0,0,0,0,0,0,0,0,0,0,0,0,0,0,0,0,0.00707355302630646,0,0,0,0,0,0,0,0,0,0,0,0,0,0.00141471060526129,0,0,0,0,0,0,0,0,0,0,0,0,0,0,0,0.00565884242104517,0.00707355302630646,0,0,0,0,0,0,0,0.00565884242104517,0.0565884242104517,0,0,0,0,0,0,0,0,0,0,0,0,0,0,0.0127323954473516,0,0,0,0,0,0,0,0,0.00707355302630646,0,0,0,0,0,0,0,0,0,0,0,0,0,0,0,0,0,0,0,0,0.00282942121052258,0.00990297423682904,0,0,0,0,0,0.00424413181578388,0.00424413181578388,0,0.00565884242104517,0,0.00141471060526129,0,0,0,0,0,0,0,0,0,0,0,0,0,0,0,0,0,0,0.0282942121052258,0,0,0,0.00141471060526129,0.0113176848420903,0,0,0,0,0,0,0,0,0,0,0,0,0,0,0,0,0,0,0,0,0,0,0,0,0,0,0,0,0,0,0,0,0,0,0,0,0,0,0,0,0,0,0,0,0,0.00282942121052258,0,0,0,0,0,0,0,0,0,0,0,0,0,0,0,0,0,0.00141471060526129,0,0.00141471060526129,0,0,0,0,0,0,0,0,0,0,0,0,0,0,0,0,0,0.0127323954473516,0,0,0,0,0,0,0,0,0,0,0,0,0,0,0,0,0,0,0,0,0,0,0,0,0,0,0,0,0,0,0,0,0,0,0,0,0.033953054526271,0,0,0,0,0,0,0,0,0,0,0,0,0,0,0,0,0,0,0,0,0,0,0.0155618166578742,0,0.0212206590789194,0.024050080289442,0,0,0,0,0,0,0,0,0,0,0,0,0.0198059484736581,0,0,0,0,0,0,0,0,2.73838458307402,0,0,2.22274867673915,0,0.0360541827172051,0,0,0,0,0,0,0.32923242845119,0,1.00940335582805,0,0,0,0,0,0,0,0,0,0,0,0,0,0,0,0,0,0,0,0,0,0.0866312186237805,0,0,0,0,0,0,0,0,0,0,0,0,0,0,0.118835690841949,0,0,0,0,0,0,0,0,0,0,0,0,2.94570022247021,0,0,0,0,0,0,0,0,0,0,0,0,0,0,0,0,0,0,0,0,0,0,0,0,0,0,0,0,0,0,0,0,0,0,0,0,0,0,0,0,0,0,0,0,0,0,0.907721671183549,0,0,0,0.0787760479419032,0,0,0,0,0.00900482299422787,0,0,0,0,0,0,0,0,0,0,0,0,1.81639929038737,0.0763024164947678,0,0,0,0,0.372850278697701,0,0,0,0,0,0,0,0,0,0,0,0,4.47467586814976,0,0,0,0,0,0,0,0,0,0,0,0,0,0,0,4.51157530653678,0,0,0,0,0,0,0.179111292414106,0,0,0,0,0,0,0.358222584828211,0,0.191717946769562,0,3.81632445484484,0,0,0,0,0.133508123104292,0,0,1.42656246857222,9.78873760866671,0,0,0,0,0,0,0,0,0,0,0,0,0,0,0,0,0,0,0,0,0.0029340199630071,0,0,0,0,0,1.81171690419063,0,0,0,0,0,0,0,0,0,0.783932095461776,0,0.0971299684107234,0,0,2.75367277857602,0,0,0,0,0,0,0,0,0,0,0,0,0,0,0,0,0,0,0,0,0,0,0,0,0,0,0,0,0,0.155668800665548,0,0,0,0,0,0,0,0,0,0,0,0,0,0,0,0,0.0388514899969882,0,0,0,0,0,0,0,0,0,0.168974752619413,0,0,0,0,0,0,0,0,0,0,0,0,0,0,0,0,0,0,0,0,0,0,0,0,0,0,0,0,0,0,0,0,0,0,0.328763182846066,0,0,0,0,0,0,0,0,0,0,0,0,0,0,0,0,0,0,0,0,0,0,0,0,0,0,0,0,0.0201795023072873,0,0,0,0,0,0,0,0,0,0,0,0,0,0.426572103655456,0,0,0,0,0,0,0,0,0,0,0,0,0,0,0,0.774766904242675,0.829362150784332,0,0,0,0,0,0,0,0.75658358974901,11.4906741920091,0,0,0,0,0,0,0,0,0,0,0,0,0,0,6.16015068335628,0,0,0,0,0,0,0,0,0.00930937816130574,0,0,0,0,0,0,0,0,0,0,0,0,0,0,0,0,0,0,0,0,0.410960854051124,0.0893049174642323,0,0,0,0,0,0.101740315745271,0.25205413150102,0,1.48655684222943,0,0.35290727675897,0,0,0,0,0,0,0,0,0,0,0,0,0,0,0,0,0,0,0.237837762807253,0,0,0,0.00658183988363104,0.0482915337746062,0,0,0,0,0,0,0,0,0,0,0,0,0,0,0,0,0,0,0,0,0,0,0,0,0,0,0,0,0,0,0,0,0,0,0,0,0,0,0,0,0,0,0,0,0,0.00310354925231643,0,0,0,0,0,0,0,0,0,0,0,0,0,0,0,0,0,0.0646044607260007,0,0.131206005420854,0,0,0,0,0,0,0,0,0,0,0,0,0,0,0,0,0,4.25548381059779,0,0,0,0,0,0,0,0,0,0,0,0,0,0,0,0,0,0,0,0,0,0,0,0,0,0,0,0,0,0,0,0,0,0,0,0,0.19644553331206,0,0,0,0,0,0,0,0,0,0,0,0,0,0,0,0,0,0,0,0,0,0,0.154850062202571,0,0.18490508111568,0.0577536899101235,0,0,0,0,0,0,0,0,0,0,0,0,1.14519804352719,0,0,0,52.84680089,66.27610115,69.2473013,66.57140112,45.09330073,43.27950075,37.82210066,41.51230073,40.75970073,51.6870009,54.90540094,"WAK-00142"
"212",3424,"nSPC",2011,"PRIAs","Pacific Remote Island Areas","Wake","Wake",2011,"ForereefMid","Wake","2011-03-23","Forereef","Mid",19.31941417,166.6230351,15,22.5,17.5,14.25,4.5,38.75,2.5,0,0,2.5,NA,NA,NA,4,2,5.67889735345863,3.6457535084344,22.7749269513646,7.14131442380268,39.2408922370603,7.23984757059051,0,0,0,0,0,0,0,0,0.00141471060526129,0,0,0,0,0,0,0,0,0.00141471060526129,0,0.00141471060526129,0,0,0,0,0,0,0,0,0,0,0,0,0,0,0,0,0,0,0,0,0,0,0,0,0,0,0,0,0,0,0,0,0,0,0,0,0.00141471060526129,0,0,0,0,0,0,0,0,0,0,0,0,0.00141471060526129,0,0,0,0,0,0,0,0,0,0,0,0,0,0,0,0,0,0,0,0,0,0,0,0,0,0,0,0,0,0,0,0,0,0,0,0,0,0,0,0,0,0,0,0,0,0,0.0127323954473516,0,0,0,0.00848826363156775,0,0,0,0,0.00565884242104517,0,0,0,0,0,0,0,0,0,0,0,0,0.778090832893711,0.0282942121052258,0,0,0,0,0.00141471060526129,0,0,0,0,0,0,0,0,0,0.00282942121052258,0,0,0,0,0,0,0,0,0,0,0,0,0,0,0,0,0.00282942121052258,0,0,0,0,0,0,0,0,0.00141471060526129,0,0,0,0.00141471060526129,0,0,0.00282942121052258,0,0,0,0.00424413181578388,0,0,0,0,0.00282942121052258,0,0,0.0113176848420903,0,0.00848826363156775,0,0,0,0,0,0,0,0,0,0,0,0,0,0,0,0,0,0,0,0,0,0,0,0,0,0.00565884242104517,0,0,0,0,0,0,0,0,0,0,0,0.00990297423682904,0,0,0,0,0,0,0,0,0,0,0,0,0,0,0,0,0,0,0,0,0,0,0,0,0,0,0,0,0,0,0,0,0,0,0,0,0,0,0,0,0,0,0,0,0,0,0,0,0,0,0,0,0,0,0,0,0,0,0,0.00141471060526129,0,0,0,0,0,0,0,0,0,0,0,0,0,0,0,0,0,0,0,0,0,0,0,0,0,0.0381971863420549,0,0,0,0,0,0,0,0,0,0,0,0,0,0,0,0,0,0,0,0,0,0,0,0,0,0,0,0,0,0,0,0,0,0,0,0,0,0.00282942121052258,0,0,0,0,0,0,0,0,0,0,0,0,0,0,0,0,0,0,0,0,0,0,0,0,0,0,0,0,0,0,0.00141471060526129,0,0,0,0,0,0,0,0,0,0,0,0,0,0,0,0,0,0,0,0,0.00424413181578388,0,0,0.0169765272631355,0,0,0,0,0,0,0,0,0,0,0,0,0,0,0,0,0,0,0,0,0,0,0,0,0,0,0,0,0,0.00282942121052258,0,0,0,0,0,0,0.00141471060526129,0.00141471060526129,0,0.00141471060526129,0,0.00282942121052258,0,0,0,0,0,0,0,0,0,0,0,0,0,0,0,0,0,0,0,0,0,0,0,0.00141471060526129,0,0,0,0,0,0,0,0,0,0,0,0,0,0,0,0,0,0,0,0,0,0,0,0,0,0,0,0,0,0,0,0,0,0,0,0.00282942121052258,0,0,0,0,0.00141471060526129,0,0,0.0424413181578388,0,0,0,0,0,0,0,0,0,0,0,0,0,0,0,0,0,0,0,0,0,0,0,0,0,0,0,0,0,0,0,0,0,0,0,0,0,0,0,0.00424413181578388,0,0,0,0,0,0,0.00282942121052258,0,0,0.00141471060526129,0,0,0,0,0,0,0,0,0,0,0,0,0,0,0,0,0,0,0,0,0,0,0,0,0,0,0.00565884242104517,0,0,0,0,0,0.00141471060526129,0,0,0,0,0,0,0,0,0,0,0,0,0,0,0,0,0.0198059484736581,0,0,0,0,0,0,0,0,0,0,0,0,0,0,0.00141471060526129,0,0,0,0,0,0,0,0,0,0,0,0,0.250451165356656,0,0,0,0,0,0,0,0,0.0519876313138589,0,0.00912920553107659,0,0,0,0,0,0,0,0,0,0,0,0,0,0,0,0,0,0,0,0,0,0,0,0,0,0,0,0,0,0,0,0,0,0,0,0,0.326085135670307,0,0,0,0,0,0,0,0,0,0,0,0,1.22190978098937,0,0,0,0,0,0,0,0,0,0,0,0,0,0,0,0,0,0,0,0,0,0,0,0,0,0,0,0,0,0,0,0,0,0,0,0,0,0,0,0,0,0,0,0,0,0,4.50360199024591,0,0,0,0.0539759877228696,0,0,0,0,0.0277344694138671,0,0,0,0,0,0,0,0,0,0,0,0,2.73016511445745,0.0272282276641615,0,0,0,0,0.121539337695183,0,0,0,0,0,0,0,0,0,0.073216179013881,0,0,0,0,0,0,0,0,0,0,0,0,0,0,0,0,0.140994330926856,0,0,0,0,0,0,0,0,0.070497165463428,0,0,0,0.014072780404688,0,0,0.27473509157586,0,0,0,1.07084639888356,0,0,0,0,0.868903692917113,0,0,7.31850075939478,0,0.470385409882936,0,0,0,0,0,0,0,0,0,0,0,0,0,0,0,0,0,0,0,0,0,0,0,0,0,2.15716969554964,0,0,0,0,0,0,0,0,0,0,0,1.78163363495121,0,0,0,0,0,0,0,0,0,0,0,0,0,0,0,0,0,0,0,0,0,0,0,0,0,0,0,0,0,0,0,0,0,0,0,0,0,0,0,0,0,0,0,0,0,0,0,0,0,0,0,0,0,0,0,0,0,0,0,0.017386538972798,0,0,0,0,0,0,0,0,0,0,0,0,0,0,0,0,0,0,0,0,0,0,0,0,0,0.200254974124886,0,0,0,0,0,0,0,0,0,0,0,0,0,0,0,0,0,0,0,0,0,0,0,0,0,0,0,0,0,0,0,0,0,0,0,0,0,0.00992062457000786,0,0,0,0,0,0,0,0,0,0,0,0,0,0,0,0,0,0,0,0,0,0,0,0,0,0,0,0,0,0,0.762736261076669,0,0,0,0,0,0,0,0,0,0,0,0,0,0,0,0,0,0,0,0,0.748754967603933,0,0,5.20844406645718,0,0,0,0,0,0,0,0,0,0,0,0,0,0,0,0,0,0,0,0,0,0,0,0,0,0,0,0,0,0.564506667652644,0,0,0,0,0,0,0.0891549587313434,0.19554860115843,0,0.0389904437071976,0,0.386340912241643,0,0,0,0,0,0,0,0,0,0,0,0,0,0,0,0,0,0,0,0,0,0,0,0.00972405879562911,0,0,0,0,0,0,0,0,0,0,0,0,0,0,0,0,0,0,0,0,0,0,0,0,0,0,0,0,0,0,0,0,0,0,0,0.0162072076359944,0,0,0,0,0.00907673464711605,0,0,0.13960519870885,0,0,0,0,0,0,0,0,0,0,0,0,0,0,0,0,0,0,0,0,0,0,0,0,0,0,0,0,0,0,0,0,0,0,0,0,0,0,0,3.32300317305501,0,0,0,0,0,0,1.77935226376739,0,0,1.06664573488455,0,0,0,0,0,0,0,0,0,0,0,0,0,0,0,0,0,0,0,0,0,0,0,0,0,0,0.0704861995559639,0,0,0,0,0,0.244461992589151,0,0,0,0,0,0,0,0,0,0,0,0,0,0,0,0,0.487637212237647,0,0,0,0,0,0,0,0,0,0,0,0,0,0,0.307890259861656,0,0,0,0,175.266003,198.7048035,213.8877038,174.2669029,196.5936034,173.425003,193.8985033,175.847603,196.3912035,163.6784028,185.7502032,"WAK-00091"
"213",3425,"nSPC",2011,"PRIAs","Pacific Remote Island Areas","Wake","Wake",2011,"ForereefMid","Wake","2011-03-23","Forereef","Mid",19.31633843,166.5984116,12,20,15,8.75,11.25,42.25,2.5,0,0.25,2.5,NA,NA,NA,4,2,7.28832809292301,4.93933135900987,45.2731903915996,20.3020657806621,77.8029156241946,11.4912877343298,0,0,0,0,0,0.00141471060526129,0,0,0,0,0,0,0,0,0,0,0.00141471060526129,0.0212206590789194,0,0.0169765272631355,0,0,0,0,0,0.0183912378683968,0,0,0,0,0.00424413181578388,0,0,0,0,0,0,0,0,0,0,0.00282942121052258,0,0,0,0,0,0,0,0,0,0,0,0,0,0,0.00565884242104517,0,0,0,0,0,0,0,0,0,0,0,0,0.00282942121052258,0,0,0,0,0,0,0,0,0,0,0,0,0,0,0,0,0,0,0,0,0,0,0,0,0,0,0,0,0,0,0,0,0,0,0,0,0,0,0,0,0,0,0,0,0,0,0.00848826363156775,0,0,0,0.00848826363156775,0,0,0,0,0.00282942121052258,0,0,0,0,0,0,0,0,0,0,0,0,0.424413181578388,0.0594178454209743,0,0,0,0,0,0,0,0,0,0,0,0,0,0,0,0,0,0,0,0,0,0,0,0,0,0,0,0,0,0,0,0,0,0.00141471060526129,0,0,0,0,0,0,0.00565884242104517,0,0,0,0,0,0,0,0,0,0,0.0155618166578742,0,0,0,0,0,0,0,0.0183912378683968,0,0,0.00141471060526129,0,0,0,0,0,0,0,0,0,0,0,0,0,0,0,0,0,0,0,0,0,0,0,0,0.00424413181578388,0,0,0,0,0,0,0,0,0,0.0353677651315323,0,0,0,0,0.058003134815713,0,0,0,0,0,0,0,0,0,0,0,0,0,0,0,0,0,0,0,0,0,0,0,0,0,0,0,0,0,0,0,0,0,0,0,0,0,0,0,0,0,0,0,0,0,0,0,0,0,0,0,0,0,0,0,0,0.00141471060526129,0,0,0,0,0,0,0,0,0,0,0,0,0,0,0,0,0,0,0,0,0,0,0,0,0,0.00565884242104517,0,0,0,0,0,0,0,0,0,0,0,0,0,0.0141471060526129,0,0,0,0,0,0,0,0,0,0,0,0,0,0,0,0,0,0,0,0,0,0,0,0.00141471060526129,0,0,0,0,0,0,0,0,0,0.00141471060526129,0,0,0,0.00141471060526129,0,0,0,0,0,0,0,0,0,0,0,0,0,0,0,0,0.0155618166578742,0,0,0,0,0,0,0,0,0,0,0,0,0,0,0,0,0,0,0,0,0,0,0,0.00990297423682904,0,0,0,0,0,0,0,0,0,0,0,0,0,0,0,0,0,0,0,0,0,0,0,0,0,0,0,0,0,0.00282942121052258,0.00424413181578388,0,0,0,0,0,0.00424413181578388,0.00141471060526129,0,0.00141471060526129,0,0.00141471060526129,0,0,0,0,0,0,0,0,0,0,0,0,0,0,0,0,0,0,0,0,0,0,0,0.00424413181578388,0,0,0,0,0,0,0,0,0,0,0,0,0,0,0,0,0,0,0,0,0,0,0,0,0,0,0,0,0,0,0,0,0,0,0,0,0,0,0,0,0.00424413181578388,0,0,0.325383439210097,0,0,0,0,0,0,0,0,0,0,0,0,0,0,0,0,0,0,0,0,0,0,0,0,0,0,0,0,0,0,0.00424413181578388,0,0,0,0,0,0,0,0,0.00282942121052258,0,0,0,0,0,0,0,0,0,0,0,0,0,0,0,0,0,0,0,0,0,0,0,0,0,0,0,0,0,0,0,0,0,0,0,0,0.0254647908947033,0,0,0,0,0,0,0,0,0,0,0,0,0,0,0,0,0,0,0,0,0,0,0.0226353696841807,0,0.00282942121052258,0,0,0,0,0,0,0,0,0,0,0,0,0,0.0113176848420903,0,0,0,0,0,0,0,0,0.206264806247096,0,0,0,0,0,0,0,0,0,0,0.0442325942831442,1.53274767312229,0,0.424183791145281,0,0,0,0,0,0.771192279569275,0,0,0,0,0.466076408903333,0,0,0,0,0,0,0,0,0,0,0.350936649517629,0,0,0,0,0,0,0,0,0,0,0,0,0,0,1.27931077529764,0,0,0,0,0,0,0,0,0,0,0,0,9.136918616378,0,0,0,0,0,0,0,0,0,0,0,0,0,0,0,0,0,0,0,0,0,0,0,0,0,0,0,0,0,0,0,0,0,0,0,0,0,0,0,0,0,0,0,0,0,0,4.34178139761224,0,0,0,0.0686827845823126,0,0,0,0,0.0133986696144496,0,0,0,0,0,0,0,0,0,0,0,0,1.40818850642892,0.0567143334543199,0,0,0,0,0,0,0,0,0,0,0,0,0,0,0,0,0,0,0,0,0,0,0,0,0,0,0,0,0,0,0,0,0,1.54355130793903,0,0,0,0,0,0,0.92399485317684,0,0,0,0,0,0,0,0,0,0,8.14641158290395,0,0,0,0,0,0,0,12.693097316593,0,0,0.133258972147717,0,0,0,0,0,0,0,0,0,0,0,0,0,0,0,0,0,0,0,0,0,0,0,0,2.41414935098472,0,0,0,0,0,0,0,0,0,1.90674005185965,0,0,0,0,2.65547718265553,0,0,0,0,0,0,0,0,0,0,0,0,0,0,0,0,0,0,0,0,0,0,0,0,0,0,0,0,0,0,0,0,0,0,0,0,0,0,0,0,0,0,0,0,0,0,0,0,0,0,0,0,0,0,0,0,0.113188915118734,0,0,0,0,0,0,0,0,0,0,0,0,0,0,0,0,0,0,0,0,0,0,0,0,0,0.0162567225071786,0,0,0,0,0,0,0,0,0,0,0,0,0,1.63292971612285,0,0,0,0,0,0,0,0,0,0,0,0,0,0,0,0,0,0,0,0,0,0,0,0.00392555880638058,0,0,0,0,0,0,0,0,0,0.936471622656557,0,0,0,0.652891228802613,0,0,0,0,0,0,0,0,0,0,0,0,0,0,0,0,5.24574215902542,0,0,0,0,0,0,0,0,0,0,0,0,0,0,0,0,0,0,0,0,0,0,0,7.84244983392272,0,0,0,0,0,0,0,0,0,0,0,0,0,0,0,0,0,0,0,0,0,0,0,0,0,0,0,0,0,0.836306174300213,0.0515841486672503,0,0,0,0,0,0.559122769693217,0.271806976019704,0,0.0773020263376667,0,0.633719895332508,0,0,0,0,0,0,0,0,0,0,0,0,0,0,0,0,0,0,0,0,0,0,0,0.0217532101247249,0,0,0,0,0,0,0,0,0,0,0,0,0,0,0,0,0,0,0,0,0,0,0,0,0,0,0,0,0,0,0,0,0,0,0,0,0,0,0,0,0.0508913653156279,0,0,1.07030652343452,0,0,0,0,0,0,0,0,0,0,0,0,0,0,0,0,0,0,0,0,0,0,0,0,0,0,0,0,0,0,3.56493702050025,0,0,0,0,0,0,0,0,1.80132484348679,0,0,0,0,0,0,0,0,0,0,0,0,0,0,0,0,0,0,0,0,0,0,0,0,0,0,0,0,0,0,0,0,0,0,0,0,0.387270092669718,0,0,0,0,0,0,0,0,0,0,0,0,0,0,0,0,0,0,0,0,0,0,0.725138407316019,0,0.0286708080683464,0,0,0,0,0,0,0,0,0,0,0,0,0,0.76161570154921,0,0,0,87.12940147,116.867802,129.3855024,116.338302,91.98310159,90.75630159,107.1158019,95.81990169,97.4600018,99.8515017,122.5694021,"WAK-00098"
"214",3426,"nSPC",2011,"PRIAs","Pacific Remote Island Areas","Wake","Wake",2011,"ForereefShallow","Wake","2011-03-23","Forereef","Shallow",19.31762522,166.5999884,5,23.75,1.25,2.5,16.25,55,0,0,1.25,2,NA,NA,NA,4,2,5.79280524683124,9.08368315288772,32.9501383326815,10.8443489046508,58.6709756370512,4.90723800651823,0,0,0,0,0,0,0,0,0,0,0,0,0,0,0,0,0,0,0,0.0452707393683613,0,0,0,0,0,0,0.0141471060526129,0,0,0,0,0,0,0,0,0,0,0,0,0,0,0,0,0,0,0,0,0,0,0,0,0,0,0,0,0,0.00141471060526129,0,0,0,0,0,0,0,0,0,0,0.00282942121052258,0,0,0,0,0,0,0,0,0,0,0,0,0,0,0,0,0,0,0,0,0,0,0,0,0,0,0,0,0,0,0,0,0,0,0,0,0,0,0,0,0,0,0,0,0,0,0,0,0.00565884242104517,0,0,0,0.00990297423682904,0,0,0,0,0.00990297423682904,0,0,0,0,0,0,0,0,0,0,0,0,0.190985931710274,0.0198059484736581,0,0,0,0,0.00141471060526129,0,0,0,0,0,0,0,0,0,0,0,0,0,0,0,0,0,0,0,0,0,0,0,0,0,0,0.00565884242104517,0,0,0,0,0,0,0,0,0.00141471060526129,0,0,0,0,0,0,0,0,0,0,0.00565884242104517,0,0,0,0,0.00141471060526129,0,0,0.0396118969473162,0,0,0,0.509295817894065,0,0,0,0,0,0,0,0,0,0,0,0,0,0,0,0.00141471060526129,0,0,0,0,0,0,0,0.00282942121052258,0,0,0,0,0,0,0,0,0,0.00282942121052258,0,0.00990297423682904,0,0,0,0,0,0,0,0,0,0,0,0,0,0,0,0,0,0,0,0,0,0,0,0,0,0,0,0,0,0,0.00141471060526129,0,0,0,0,0,0,0,0,0,0,0.00141471060526129,0,0,0.00141471060526129,0,0,0,0,0,0,0,0,0,0,0,0,0,0,0.00990297423682904,0,0,0,0,0,0,0,0,0,0,0,0,0,0,0,0,0,0,0,0,0,0,0,0,0,0.0141471060526129,0,0,0,0,0,0,0,0,0.00141471060526129,0,0,0,0,0,0,0,0,0,0,0,0,0,0,0,0,0,0,0,0,0,0,0,0,0,0,0,0,0.00424413181578388,0,0,0,0,0,0,0,0,0,0,0.00141471060526129,0,0,0.00141471060526129,0,0,0,0,0,0,0,0,0,0,0,0,0,0,0,0.0396118969473162,0.0311236333157484,0.00707355302630646,0,0,0,0,0,0,0,0,0,0,0,0,0,0,0,0,0,0,0,0,0,0,0.00424413181578388,0,0,0,0,0,0,0,0,0.00141471060526129,0,0,0,0,0,0,0,0,0,0,0,0,0,0,0,0,0,0,0,0,0.00141471060526129,0.00424413181578388,0,0,0,0,0,0.00141471060526129,0.00424413181578388,0,0.00141471060526129,0,0.00141471060526129,0,0,0,0,0,0,0,0,0,0,0,0,0,0,0,0,0,0,0.00707355302630646,0,0,0,0.0254647908947033,0.0169765272631355,0,0,0,0,0,0,0,0,0,0,0,0,0,0,0,0,0,0,0,0,0,0,0,0,0,0,0,0,0,0,0,0,0,0,0,0,0,0,0,0,0,0,0,0,0,0,0,0,0,0,0,0,0,0,0,0,0,0,0,0,0,0,0,0,0,0.00141471060526129,0,0,0,0,0,0,0,0,0,0,0,0,0,0,0,0,0,0.00424413181578388,0,0,0,0,0,0,0.00141471060526129,0,0,0,0,0,0,0,0,0,0,0,0,0,0,0,0,0,0,0,0,0,0,0,0,0,0,0,0,0,0.0381971863420549,0,0,0,0,0,0.00141471060526129,0,0,0,0,0,0,0,0,0,0,0,0,0,0,0,0,0.0183912378683968,0,0.00848826363156775,0,0,0,0,0,0,0,0,0,0,0,0,0.00424413181578388,0.00424413181578388,0,0,0,0,0,0,0,0,0,0,0,0,0,0,0,0,0,0,0,0,0,0,1.61463142518728,0,0,0,0,0,0,0.724145205763515,0,0,0,0,0,0,0,0,0,0,0,0,0,0,0,0,0,0,0,0,0,0,0,0,0,0,0,0,0,0.232100958675681,0,0,0,0,0,0,0,0,0,0,0.516586682077087,0,0,0,0,0,0,0,0,0,0,0,0,0,0,0,0,0,0,0,0,0,0,0,0,0,0,0,0,0,0,0,0,0,0,0,0,0,0,0,0,0,0,0,0,0,0,0,0,2.088974286046,0,0,0,0.0909030277940182,0,0,0,0,0.049579488643246,0,0,0,0,0,0,0,0,0,0,0,0,0.948075385668881,0.0149732970460855,0,0,0,0,0.145888875512864,0,0,0,0,0,0,0,0,0,0,0,0,0,0,0,0,0,0,0,0,0,0,0,0,0,0,0.498266769730775,0,0,0,0,0,0,0,0,0.236917136151571,0,0,0,0,0,0,0,0,0,0,1.58943013915613,0,0,0,0,0.614501165838078,0,0,15.1735451757847,0,0,0,2.87689323959273,0,0,0,0,0,0,0,0,0,0,0,0,0,0,0,0.000641712730546522,0,0,0,0,0,0,0,0.665393092068829,0,0,0,0,0,0,0,0,0,0.209655466282478,0,1.87859626514719,0,0,0,0,0,0,0,0,0,0,0,0,0,0,0,0,0,0,0,0,0,0,0,0,0,0,0,0,0,0,0.167005142069271,0,0,0,0,0,0,0,0,0,0,0.850948235947874,0,0,0.812084861571825,0,0,0,0,0,0,0,0,0,0,0,0,0,0,0.2045618114065,0,0,0,0,0,0,0,0,0,0,0,0,0,0,0,0,0,0,0,0,0,0,0,0,0,0.156169903714794,0,0,0,0,0,0,0,0,0.193532410799745,0,0,0,0,0,0,0,0,0,0,0,0,0,0,0,0,0,0,0,0,0,0,0,0,0,0,0,0,0.0139857751578052,0,0,0,0,0,0,0,0,0,0,0.891316412537,0,0,1.03267265936405,0,0,0,0,0,0,0,0,0,0,0,0,0,0,0,5.24374123058002,5.54276755591753,3.83307762337759,0,0,0,0,0,0,0,0,0,0,0,0,0,0,0,0,0,0,0,0,0,0,2.0083393523656,0,0,0,0,0,0,0,0,0.00631113770391906,0,0,0,0,0,0,0,0,0,0,0,0,0,0,0,0,0,0,0,0,0.0806438096646634,0.0568756589677636,0,0,0,0,0,0.0155088176538089,0.654222722665122,0,0.647858226847851,0,0.35290727675897,0,0,0,0,0,0,0,0,0,0,0,0,0,0,0,0,0,0,0.0782234226770278,0,0,0,0.122641663723419,0.0695011063980448,0,0,0,0,0,0,0,0,0,0,0,0,0,0,0,0,0,0,0,0,0,0,0,0,0,0,0,0,0,0,0,0,0,0,0,0,0,0,0,0,0,0,0,0,0,0,0,0,0,0,0,0,0,0,0,0,0,0,0,0,0,0,0,0,0,0.094274693116641,0,0,0,0,0,0,0,0,0,0,0,0,0,0,0,0,0,2.63025851320511,0,0,0,0,0,0,0.687549354156988,0,0,0,0,0,0,0,0,0,0,0,0,0,0,0,0,0,0,0,0,0,0,0,0,0,0,0,0,0,0.423132388251113,0,0,0,0,0,0.103132403123548,0,0,0,0,0,0,0,0,0,0,0,0,0,0,0,0,0.609153050362971,0,0.092246063545002,0,0,0,0,0,0,0,0,0,0,0,0,0.49967029622594,0.326963262296073,0,0,0,81.93420137,109.0594019,124.6982023,110.8003019,84.19940146,87.43820153,94.51820169,93.02590164,92.6224017,92.99030158,117.261002,"WAK-00144"
"215",3429,"nSPC",2011,"PRIAs","Pacific Remote Island Areas","Wake","Wake",2011,"ForereefDeep","Wake","2011-03-24","Forereef","Deep",19.27399591,166.6430134,23,50,2.5,5,7.5,22.5,12.5,0,0,2.5,NA,NA,NA,2,1,4.07863609172336,2.98051460459833,10.6559613938432,224.51764196558,242.232754055745,6.38970778990835,0,0,0,0,0,0,0,0,0,0,0,0,0,0,0,0,0,0,0,0,0,0,0,0,0,0.00565884242104517,0,0,0,0,0,0,0,0,0,0,0,0,0,0,0,0,0,0,0,0,0,0,0,0,0,0,0,0,0,0,0.00282942121052258,0,0,0,0,0,0,0,0,0,0,0,0,0.00282942121052258,0,0,0,0,0,0,0,0,0,0,0,0,0,0,0,0,0,0,0,0,0,0,0,0,0,0,0,0,0,0,0,0,0,0,0,0,0,0,0,0,0,0,0,0,0,0,0.00565884242104517,0,0,0,0.0282942121052258,0,0,0,0,0.0311236333157484,0,0,0,0,0,0,0,0,0,0,0.00282942121052258,0,0.820532151051549,0.127323954473516,0,0,0,0,0,0,0,0,0,0,0,0,0,0,0,0,0,0,0,0,0,0,0,0,0,0,0,0,0,0,0,0,0,0,0,0,0,0,0,0,0.00282942121052258,0,0,0,0.0254647908947033,0,0,0.00565884242104517,0,0,0,0.00848826363156775,0,0,0,0,0,0,0,0,0.00282942121052258,0,0,0,0,0,0,0,0,0,0,0,0,0,0,0,0,0,0,0,0,0,0,0,0,0,0,0.00282942121052258,0,0,0,0,0,0,0,0,0,0.0565884242104517,0,0,0,0,0,0,0,0,0,0,0,0,0,0,0,0,0,0,0,0,0,0,0,0,0,0,0,0,0,0,0,0,0,0,0,0,0,0,0,0,0,0,0,0,0,0,0,0,0,0,0,0,0,0,0,0,0,0,0,0,0,0.00282942121052258,0,0,0,0,0,0,0,0,0,0,0,0,0,0,0,0,0,0,0,0,0,0,0,0,0,0,0,0,0,0,0,0,0,0,0,0,0,0,0,0,0,0,0,0,0,0,0,0,0,0,0,0,0,0,0,0,0,0,0,0.00282942121052258,0,0,0,0.00282942121052258,0,0,0,0,0,0,0,0,0,0,0,0,0,0.00282942121052258,0,0,0,0,0,0,0,0,0,0,0,0,0,0,0,0,0,0,0,0,0,0,0,0,0,0.00282942121052258,0,0,0,0,0,0,0,0,0,0,0,0,0,0,0.00282942121052258,0,0,0,0,0,0,0,0,0,0,0,0,0,0,0,0,0,0,0,0,0,0,0,0,0,0,0,0,0,0.00282942121052258,0.00848826363156775,0,0,0,0,0,0.00565884242104517,0.00282942121052258,0,0.00282942121052258,0,0,0,0,0,0,0,0,0,0,0,0,0,0,0,0,0,0,0,0,0,0,0,0,0,0.00565884242104517,0,0,0,0,0,0,0,0,0,0,0,0,0,0,0,0,0,0,0,0,0,0,0,0,0,0,0,0,0,0,0,0,0,0,0,0,0,0,0,0,0.0254647908947033,0,0,0.33953054526271,0,0,0,0,0,0,0,0,0,0,0,0,0,0,0,0,0,0,0,0,0,0,0,0,0,0,0,0.00282942121052258,0,0,0,0.00565884242104517,0,0,0,0,0,0,0,0.00565884242104517,0,0,0,0,0,0,0,0,0,0.00565884242104517,0,0,0,0,0,0,0,0,0,0,0,0,0,0,0,0,0,0,0,0,0,0,0,0,0,0,0,0,0,0,0,0,0.00282942121052258,0,0,0,0,0,0,0,0,0,0,0,0,0,0,0,0,0.0141471060526129,0,0,0,0,0,0,0,0,0,0,0,0,0,0.00282942121052258,0,0.00565884242104517,0,0,0,0,0,0,0,0,0,0,0,0,0,0,0,0,0,0,0,0,0,0,0,0,0,0,0,0,0.149610739464561,0,0,0,0,0,0,0,0,0,0,0,0,0,0,0,0,0,0,0,0,0,0,0,0,0,0,0,0,0,0,0.584760725710518,0,0,0,0,0,0,0,0,0,0,0,0,6.20629142167401,0,0,0,0,0,0,0,0,0,0,0,0,0,0,0,0,0,0,0,0,0,0,0,0,0,0,0,0,0,0,0,0,0,0,0,0,0,0,0,0,0,0,0,0,0,0,2.25101909204683,0,0,0,0.210531089342002,0,0,0,0,0.10377452522463,0,0,0,0,0,0,0,0,0,0,0.32023041145109,0,0.718675816893947,0.0436226015132319,0,0,0,0,0,0,0,0,0,0,0,0,0,0,0,0,0,0,0,0,0,0,0,0,0,0,0,0,0,0,0,0,0,0,0,0,0,0,0,0,0.179111292414106,0,0,0,0.322353913582127,0,0,0.119323859908858,0,0,0,3.20168332095926,0,0,0,0,0,0,0,0,213.706443295654,0,0,0,0,0,0,0,0,0,0,0,0,0,0,0,0,0,0,0,0,0,0,0,0,0,0,1.34091207411356,0,0,0,0,0,0,0,0,0,2.22491849039149,0,0,0,0,0,0,0,0,0,0,0,0,0,0,0,0,0,0,0,0,0,0,0,0,0,0,0,0,0,0,0,0,0,0,0,0,0,0,0,0,0,0,0,0,0,0,0,0,0,0,0,0,0,0,0,0,0,0,0,0,0,0.026156210383102,0,0,0,0,0,0,0,0,0,0,0,0,0,0,0,0,0,0,0,0,0,0,0,0,0,0,0,0,0,0,0,0,0,0,0,0,0,0,0,0,0,0,0,0,0,0,0,0,0,0,0,0,0,0,0,0,0,0,0,0.000575968651397952,0,0,0,0.0048155202490365,0,0,0,0,0,0,0,0,0,0,0,0,0,0.759206074486025,0,0,0,0,0,0,0,0,0,0,0,0,0,0,0,0,0,0,0,0,0,0,0,0,0,0.492860277831265,0,0,0,0,0,0,0,0,0,0,0,0,0,0,1.37647632095751,0,0,0,0,0,0,0,0,0,0,0,0,0,0,0,0,0,0,0,0,0,0,0,0,0,0,0,0,0,0.327784231401438,0.103168297334501,0,0,0,0,0,0.203744428796624,0.39109720231686,0,0.188446368267865,0,0,0,0,0,0,0,0,0,0,0,0,0,0,0,0,0,0,0,0,0,0,0,0,0,0.0358747925305607,0,0,0,0,0,0,0,0,0,0,0,0,0,0,0,0,0,0,0,0,0,0,0,0,0,0,0,0,0,0,0,0,0,0,0,0,0,0,0,0,0.102548665043464,0,0,1.25807483734419,0,0,0,0,0,0,0,0,0,0,0,0,0,0,0,0,0,0,0,0,0,0,0,0,0,0,0,0.0571823882102115,0,0,0,0.854949796540588,0,0,0,0,0,0,0,0.292610658532673,0,0,0,0,0,0,0,0,0,2.89541381041642,0,0,0,0,0,0,0,0,0,0,0,0,0,0,0,0,0,0,0,0,0,0,0,0,0,0,0,0,0,0,0,0,0.206264806247096,0,0,0,0,0,0,0,0,0,0,0,0,0,0,0,0,0.304017220289484,0,0,0,0,0,0,0,0,0,0,0,0,0,0.317670331551137,0,0.350553178019161,0,0,0,10.43110017,5.025500071,10.8267002,2.751800047,9.649100175,2.900200047,3.221200053,6.173700111,1.471000024,10.02520019,8.646600139,"WAK-00074"
"216",3430,"nSPC",2011,"PRIAs","Pacific Remote Island Areas","Wake","Wake",2011,"ForereefShallow","Wake","2011-03-24","Forereef","Shallow",19.28197288,166.6258988,5,13.75,0,0.5,13.75,63.25,8.75,0,0,3,NA,NA,NA,4,2,6.5798014919077,0.891944421511897,28.3510379420477,3.88386019930925,39.7066440547766,13.3754368666001,0,0,0,0,0,0.00424413181578388,0,0,0,0,0.0155618166578742,0,0,0,0,0,0,0.00141471060526129,0,0.128738665078778,0,0,0,0,0,0,0.00990297423682904,0,0,0,0,0,0,0,0,0,0,0,0,0,0,0,0,0,0,0,0,0,0,0,0,0,0,0,0,0,0,0,0,0,0,0,0,0,0,0,0,0,0,0,0,0,0,0,0,0,0,0,0,0,0,0,0,0,0,0,0,0,0,0,0,0,0,0,0,0.00424413181578388,0,0,0,0,0,0,0,0,0,0,0,0,0,0,0.00141471060526129,0,0,0,0,0,0.00424413181578388,0,0,0,0.00707355302630646,0,0,0,0,0,0,0,0,0,0,0,0,0,0,0,0,0,0.537590029999291,0.0565884242104517,0,0,0,0,0.00282942121052258,0,0,0,0,0,0,0,0,0,0.00141471060526129,0,0,0.00282942121052258,0,0,0,0,0,0,0,0,0,0,0,0,0,0,0,0,0,0,0,0,0,0,0.00282942121052258,0,0,0,0,0,0,0.00282942121052258,0,0,0,0.0141471060526129,0,0,0,0,0.00282942121052258,0,0,0.0127323954473516,0,0,0,0,0,0,0,0,0,0,0,0,0,0,0,0,0,0,0.00141471060526129,0,0,0,0,0,0,0,0,0.00424413181578388,0,0,0,0,0,0,0,0,0,0.00141471060526129,0,0.00990297423682904,0,0,0.0650766878420194,0,0,0,0,0,0,0,0,0,0,0,0,0,0,0,0,0,0,0,0,0,0,0,0,0,0,0,0,0,0,0,0,0,0,0,0,0,0,0.00282942121052258,0,0,0,0,0,0,0,0,0,0,0,0,0,0,0,0,0,0.00707355302630646,0,0,0,0,0,0,0,0,0.00141471060526129,0,0,0,0,0,0,0,0,0,0,0,0,0,0,0,0,0.024050080289442,0,0,0,0,0,0,0,0,0,0,0,0,0,0,0,0,0,0,0,0,0,0,0,0,0,0,0,0,0,0,0,0,0,0,0,0,0,0.00141471060526129,0,0,0,0,0,0,0,0,0,0,0,0,0,0,0,0,0,0,0,0,0,0,0,0,0,0,0,0,0,0,0.0127323954473516,0.00141471060526129,0,0,0,0,0,0,0,0,0,0,0,0,0,0,0,0,0,0,0,0,0,0,0.00282942121052258,0,0,0,0,0,0,0,0,0,0,0,0,0,0,0,0,0,0,0,0,0,0,0,0,0,0,0,0,0,0.00141471060526129,0.00565884242104517,0.00141471060526129,0,0,0,0,0.00141471060526129,0.00141471060526129,0,0.00141471060526129,0,0.00282942121052258,0,0,0,0,0,0,0,0,0,0,0,0,0,0,0,0,0,0,0.00848826363156775,0,0,0,0.00141471060526129,0.00990297423682904,0,0,0,0,0,0,0,0,0,0,0,0,0,0,0,0,0,0,0,0,0,0,0,0,0,0,0,0,0,0,0,0,0,0,0,0,0,0,0,0,0.00141471060526129,0,0,0,0,0,0,0,0,0,0,0,0,0,0,0,0,0,0,0,0,0,0,0,0,0.00424413181578388,0,0,0,0,0,0,0,0,0.00141471060526129,0.00282942121052258,0,0,0,0,0,0,0,0.00990297423682904,0,0,0,0,0,0,0,0,0,0.00707355302630646,0,0,0,0,0,0,0,0,0,0,0,0,0,0,0,0,0,0,0,0,0,0,0,0,0,0.00141471060526129,0.0353677651315323,0,0,0,0,0,0,0,0,0,0,0,0,0,0,0,0,0,0,0,0,0,0,0.0183912378683968,0,0.0127323954473516,0.0141471060526129,0,0,0,0,0,0,0,0,0,0,0,0.00141471060526129,0.00282942121052258,0,0,0,0,0,0,0,0,0.319618493493657,0,0,0,0,0.180459635980767,0,0,0,0,0,0,0.0217540092349465,0,3.37972502909168,0,0,0,0,0,0,0.470721815450658,0,0,0,0,0,0,0,0,0,0,0,0,0,0,0,0,0,0,0,0,0,0,0,0,0,0,0,0,0,0,0,0,0,0,0,0,0,0,0,0,0,0,0,0,0,0,0,0,0,0,0,0,0,0,0,0,0,0,0,0,0,0,0,0,0,0,0,0,0.0214716743139898,0,0,0,0,0,0,0,0,0,0,0,0,0,0,0.0294239283113056,0,0,0,0,0,0.925716999910192,0,0,0,0.0609233009501899,0,0,0,0,0,0,0,0,0,0,0,0,0,0,0,0,0,0.859199021314551,0.0300109634247104,0,0,0,0,0.202611865367156,0,0,0,0,0,0,0,0,0,0.126642163523884,0,0,1.68854927750381,0,0,0,0,0,0,0,0,0,0,0,0,0,0,0,0,0,0,0,0,0,0,0.179111292414106,0,0,0,0,0,0,0.179111292414106,0,0,0,4.31458819233561,0,0,0,0,0.224541793482549,0,0,3.70729037719168,0,0,0,0,0,0,0,0,0,0,0,0,0,0,0,0,0,0,0.0523148664140784,0,0,0,0,0,0,0,0,0.31919524319941,0,0,0,0,0,0,0,0,0,0.104827733141239,0,0.762498038174387,0,0,3.52611141499438,0,0,0,0,0,0,0,0,0,0,0,0,0,0,0,0,0,0,0,0,0,0,0,0,0,0,0,0,0,0,0,0,0,0,0,0,0,0,0.302796366518546,0,0,0,0,0,0,0,0,0,0,0,0,0,0,0,0,0,0.0983212631613128,0,0,0,0,0,0,0,0,5.22377875488882,0,0,0,0,0,0,0,0,0,0,0,0,0,0,0,0,0.0278095322518633,0,0,0,0,0,0,0,0,0,0,0,0,0,0,0,0,0,0,0,0,0,0,0,0,0,0,0,0,0,0,0,0,0,0,0,0,0,0.00392555880638058,0,0,0,0,0,0,0,0,0,0,0,0,0,0,0,0,0,0,0,0,0,0,0,0,0,0,0,0,0,0,0.910839308557543,0.539919321993713,0,0,0,0,0,0,0,0,0,0,0,0,0,0,0,0,0,0,0,0,0,0,1.03867703962931,0,0,0,0,0,0,0,0,0,0,0,0,0,0,0,0,0,0,0,0,0,0,0,0,0,0,0,0,0,0.0412896305483076,0.0436399107154559,0.206903231518623,0,0,0,0,0.0550702060811788,0.0311495339606592,0,0.0942231841339325,0,0.123290473888352,0,0,0,0,0,0,0,0,0,0,0,0,0,0,0,0,0,0,0.0619453567609035,0,0,0,0.00658183988363104,0.0532304790450789,0,0,0,0,0,0,0,0,0,0,0,0,0,0,0,0,0,0,0,0,0,0,0,0,0,0,0,0,0,0,0,0,0,0,0,0,0,0,0,0,0.0138346960328182,0,0,0,0,0,0,0,0,0,0,0,0,0,0,0,0,0,0,0,0,0,0,0,0,0.144216538730877,0,0,0,0,0,0,0,0,0.398184023933256,0.376560595355424,0,0,0,0,0,0,0,4.530044313177,0,0,0,0,0,0,0,0,0,2.84225508358367,0,0,0,0,0,0,0,0,0,0,0,0,0,0,0,0,0,0,0,0,0,0,0,0,0,0.00273443677263595,0.219977288899842,0,0,0,0,0,0,0,0,0,0,0,0,0,0,0,0,0,0,0,0,0,0,0.23492183171756,0,0.0539003325893947,0.0160912411659166,0,0,0,0,0,0,0,0,0,0,0,0.102832270809469,0.221281988032052,0,0,0,7.330700123,3.655700056,6.648400127,1.725400036,8.404500149,1.550200023,2.205800037,5.172100089,0.398800005,5.105000087,3.581400064,"WAK-00129"
"217",3431,"nSPC",2011,"PRIAs","Pacific Remote Island Areas","Wake","Wake",2011,"ForereefShallow","Wake","2011-03-24","Forereef","Shallow",19.2934125,166.6060736,3.5,4.25,0,0.5,7.75,78,9.5,0,0,2.75,NA,NA,NA,4,2,1.91519580771004,0.742153483240446,28.1361257272302,3.0851380328106,33.8786130509913,16.0810584539677,0,0,0,0,0,0.0113176848420903,0,0,0.00141471060526129,0,0.00141471060526129,0,0,0,0,0,0,0,0.00141471060526129,0.132982796894561,0,0,0,0,0,0,0.00424413181578388,0,0,0,0,0,0,0,0,0,0,0,0,0,0,0,0,0,0,0,0,0,0,0,0,0,0,0,0,0,0.00141471060526129,0,0,0,0,0,0,0,0,0,0,0,0,0,0,0,0,0,0,0,0,0,0,0,0,0,0,0,0,0,0,0.00141471060526129,0,0,0,0,0,0,0,0.00141471060526129,0,0.00141471060526129,0,0,0,0,0,0,0,0,0,0,0,0,0,0,0,0,0,0,0.00424413181578388,0,0,0,0.00424413181578388,0,0,0,0,0.00141471060526129,0,0,0,0,0,0,0,0,0,0,0,0,0.381971863420549,0,0,0,0,0,0,0,0,0,0,0,0,0,0,0,0,0,0,0.00141471060526129,0,0,0,0,0,0,0,0,0,0,0,0,0,0,0,0.00141471060526129,0,0,0,0,0,0,0.00282942121052258,0,0,0,0,0,0,0,0,0,0,0.00990297423682904,0,0,0,0,0.00424413181578388,0,0,0.00565884242104517,0,0,0,0,0,0,0,0,0,0,0,0,0,0,0,0,0,0,0,0,0,0,0,0,0,0,0,0.00424413181578388,0,0,0,0,0,0,0,0,0,0,0,0.00848826363156775,0,0,0.0353677651315323,0,0,0,0,0,0,0,0,0,0,0,0,0,0,0,0,0,0,0,0,0,0,0,0,0,0,0,0,0,0,0,0,0,0,0,0,0,0,0,0,0,0,0,0,0,0,0,0,0,0,0,0,0,0,0,0,0.00141471060526129,0,0,0,0,0,0,0,0,0,0,0,0,0,0,0,0,0,0,0,0,0,0,0,0,0,0.00848826363156775,0,0,0,0,0,0,0,0,0,0,0,0,0,0,0,0,0,0,0,0,0,0,0,0,0,0,0,0,0,0,0,0,0,0,0,0,0,0.00141471060526129,0,0,0,0,0,0,0,0,0,0,0,0,0,0.00141471060526129,0,0,0,0,0,0,0,0,0,0,0,0,0,0,0,0.00282942121052258,0.00141471060526129,0,0,0,0,0,0,0,0,0,0,0,0,0,0,0,0,0,0,0,0,0,0,0,0.00282942121052258,0,0,0,0,0,0,0,0,0.00141471060526129,0,0,0,0,0,0,0,0,0,0,0,0.00141471060526129,0,0,0,0,0,0,0,0,0.00707355302630646,0.00565884242104517,0.00141471060526129,0,0,0,0.00141471060526129,0,0,0,0.00565884242104517,0,0.00565884242104517,0,0,0,0,0,0,0,0,0,0,0,0,0,0,0,0,0,0,0.00141471060526129,0,0,0,0.00282942121052258,0.00141471060526129,0,0,0,0,0,0,0,0,0,0,0,0,0,0,0,0,0,0,0,0,0,0,0,0,0,0,0,0,0,0,0,0,0,0,0,0,0,0,0,0,0,0,0,0,0,0,0,0,0,0,0,0,0,0,0,0,0,0,0,0,0,0,0,0.00565884242104517,0,0,0,0,0,0,0,0,0,0,0,0.00141471060526129,0,0,0,0,0,0,0,0.0155618166578742,0,0,0,0,0,0,0,0,0,0.0141471060526129,0,0,0,0,0,0,0,0,0,0,0,0,0,0,0,0,0,0,0,0,0,0,0,0,0,0,0.0127323954473516,0,0,0,0,0,0,0,0,0,0,0,0,0,0,0,0,0,0,0,0,0,0,0.00424413181578388,0,0.033953054526271,0.00565884242104517,0,0,0,0,0,0,0,0,0,0,0,0,0.00707355302630646,0,0,0.00424413181578388,0,0,0,0,0,0.999952823563813,0,0,0.856287152203871,0,0.00901354567930127,0,0,0,0,0,0,0,0.180674259572311,3.78355855307174,0,0,0,0,0,0,0.181002110116695,0,0,0,0,0,0,0,0,0,0,0,0,0,0,0,0,0,0,0,0,0,0,0,0,0,0,0,0,0,0.0729799686383116,0,0,0,0,0,0,0,0,0,0,0,0,0,0,0,0,0,0,0,0,0,0,0,0,0,0,0,0,0,0,0.139765710099286,0,0,0,0,0,0,0,0.00813997099340299,0,0.405654634803374,0,0,0,0,0,0,0,0,0,0,0,0,0,0,0,0,0,0,1.05753041757423,0,0,0,0.0566796006832058,0,0,0,0,0.000962272799634006,0,0,0,0,0,0,0,0,0,0,0,0,0.380690135612182,0,0,0,0,0,0,0,0,0,0,0,0,0,0,0,0,0,0,0.562101170801307,0,0,0,0,0,0,0,0,0,0,0,0,0,0,0,1.54355130793903,0,0,0,0,0,0,0.152640985392418,0,0,0,0,0,0,0,0,0,0,3.33390580505128,0,0,0,0,0.38356287404778,0,0,1.18290526067513,0,0,0,0,0,0,0,0,0,0,0,0,0,0,0,0,0,0,0,0,0,0,0,0,0,0,0,0.150437863058124,0,0,0,0,0,0,0,0,0,0,0,0.58277981046434,0,0,2.46449367874674,0,0,0,0,0,0,0,0,0,0,0,0,0,0,0,0,0,0,0,0,0,0,0,0,0,0,0,0,0,0,0,0,0,0,0,0,0,0,0,0,0,0,0,0,0,0,0,0,0,0,0,0,0,0,0,0,0.017386538972798,0,0,0,0,0,0,0,0,0,0,0,0,0,0,0,0,0,0,0,0,0,0,0,0,0,0.0129451679223829,0,0,0,0,0,0,0,0,0,0,0,0,0,0,0,0,0,0,0,0,0,0,0,0,0,0,0,0,0,0,0,0,0,0,0,0,0,0.000665622256761396,0,0,0,0,0,0,0,0,0,0,0,0,0,0.259539118260736,0,0,0,0,0,0,0,0,0,0,0,0,0,0,0,0.361463347628264,0.0746535177350786,0,0,0,0,0,0,0,0,0,0,0,0,0,0,0,0,0,0,0,0,0,0,0,0.778891139166683,0,0,0,0,0,0,0,0,0.001777336436582,0,0,0,0,0,0,0,0,0,0,0,0.565268701520168,0,0,0,0,0,0,0,0,0.476359996881401,0.0252445508156762,0.308403696077193,0,0,0,0.308325424616099,0,0,0,0.190379899111397,0,0.174741352615357,0,0,0,0,0,0,0,0,0,0,0,0,0,0,0,0,0,0,0.0118850363993155,0,0,0,0.00332952533180386,0.000537815197037597,0,0,0,0,0,0,0,0,0,0,0,0,0,0,0,0,0,0,0,0,0,0,0,0,0,0,0,0,0,0,0,0,0,0,0,0,0,0,0,0,0,0,0,0,0,0,0,0,0,0,0,0,0,0,0,0,0,0,0,0,0,0,0,0.300317446521417,0,0,0,0,0,0,0,0,0,0,0,0.16264107296538,0,0,0,0,0,0,0,7.41577535589706,0,0,0,0,0,0,0,0,0,2.82007017947564,0,0,0,0,0,0,0,0,0,0,0,0,0,0,0,0,0,0,0,0,0,0,0,0,0,0,0.0810567354729103,0,0,0,0,0,0,0,0,0,0,0,0,0,0,0,0,0,0,0,0,0,0,0.0958366405914485,0,0.122214727122615,0.00561635209491805,0,0,0,0,0,0,0,0,0,0,0,0,0.447096685685495,0,0,0.366920156632172,7.406500133,5.673900085,8.25670015,1.06830002,8.144100143,2.149100042,0.414900011,3.013400056,0.476400007,6.473700124,9.056900147,"WAK-00135"
"218",3432,"nSPC",2011,"PRIAs","Pacific Remote Island Areas","Wake","Wake",2011,"ForereefDeep","Wake","2011-03-24","Forereef","Deep",19.28428897,166.6159408,23,40,1.25,2.5,8.75,15,32.5,0,0,2.75,NA,NA,NA,4,2,3.26078011455879,1.72796270297179,13.5373284476385,49.5909309405354,68.1170022057045,9.15859573202694,0,0,0,0,0,0.00141471060526129,0,0,0,0,0,0,0,0,0,0,0,0,0,0.00141471060526129,0,0,0,0,0,0.00141471060526129,0,0,0,0,0,0,0,0,0,0,0,0,0,0,0,0,0,0,0,0,0,0,0,0,0,0,0,0,0,0,0.00282942121052258,0,0,0,0,0,0,0,0,0,0,0,0,0,0,0,0,0,0,0,0,0,0,0,0,0,0,0,0,0,0,0,0,0,0,0,0,0,0,0,0,0,0,0,0,0,0,0,0,0,0,0,0,0,0,0,0,0,0,0,0.00707355302630646,0,0,0,0.0198059484736581,0,0,0,0,0.0254647908947033,0,0,0,0,0,0,0,0,0,0,0,0,0.732820093525349,0.0254647908947033,0,0,0,0,0.00141471060526129,0,0,0,0,0,0,0,0,0,0.00282942121052258,0,0,0,0,0,0,0,0,0,0,0,0,0,0,0,0,0,0,0,0,0,0,0,0,0,0.00141471060526129,0,0,0,0.0141471060526129,0,0,0.00141471060526129,0,0,0,0.00707355302630646,0,0,0,0,0,0,0,0,0.00282942121052258,0,0,0,0,0,0,0,0,0,0,0,0,0,0,0,0,0,0,0,0,0,0,0,0,0,0,0.00424413181578388,0,0,0,0,0,0,0,0,0,0.0481001605788839,0,0,0,0,0.00424413181578388,0,0,0,0,0,0,0,0,0,0,0,0,0,0,0,0,0,0,0,0,0,0,0,0,0,0,0.00141471060526129,0,0,0,0,0,0,0,0,0,0,0,0,0,0,0,0,0,0,0,0.00282942121052258,0.00424413181578388,0,0,0,0,0,0,0,0,0.00707355302630646,0,0,0,0,0,0,0,0,0,0,0,0,0,0,0,0,0,0,0,0,0,0,0,0,0,0.00565884242104517,0,0,0,0,0,0,0,0,0,0,0,0,0,0,0,0,0,0,0,0,0,0,0,0,0,0,0,0,0,0,0,0,0,0,0,0,0,0.00282942121052258,0,0,0,0,0,0.00282942121052258,0,0,0,0.00141471060526129,0,0,0,0.00141471060526129,0,0,0,0,0,0,0,0,0,0,0,0,0,0,0,0,0.00141471060526129,0,0,0,0,0,0,0,0,0,0,0,0,0,0,0,0,0,0,0,0,0,0,0,0,0,0,0,0,0,0,0,0,0,0,0,0,0,0,0,0,0,0.00141471060526129,0,0,0,0,0,0,0,0,0,0,0,0.00282942121052258,0,0,0,0,0,0,0.00848826363156775,0.00424413181578388,0,0.00282942121052258,0,0.00565884242104517,0,0,0,0,0,0,0,0,0,0,0,0,0,0,0,0,0,0,0,0,0,0,0,0.0183912378683968,0,0,0,0,0,0,0,0,0,0,0,0,0,0,0,0,0,0,0,0,0,0,0,0,0,0.00282942121052258,0,0,0,0,0,0,0,0,0,0,0,0,0,0,0.00848826363156775,0,0,0.033953054526271,0,0.00424413181578388,0,0,0,0,0,0,0,0,0,0,0,0,0,0,0,0,0,0,0,0,0,0,0,0,0,0,0,0,0.00141471060526129,0,0,0,0,0,0,0,0,0.00848826363156775,0,0,0,0,0,0,0,0,0,0.00141471060526129,0,0,0,0,0,0,0,0,0,0,0,0,0,0,0,0,0,0,0,0,0,0,0,0,0,0,0,0,0,0,0,0,0,0,0,0,0,0,0,0,0,0,0,0,0,0,0,0,0,0.0113176848420903,0,0,0,0,0,0,0,0,0,0,0,0,0,0,0,0.0169765272631355,0,0,0,0,0,0,0,0,0.282942121052258,0,0,0,0,0,0,0,0,0,0,0,0,0,0.0345323610262925,0,0,0,0,0,0.0593940782828059,0,0,0,0,0,0,0,0,0,0,0,0,0,0,0,0,0,0,0,0,0,0,0,0,0,0,0,0,0,0,0.464201917351361,0,0,0,0,0,0,0,0,0,0,0,0,0,0,0,0,0,0,0,0,0,0,0,0,0,0,0,0,0,0,0,0,0,0,0,0,0,0,0,0,0,0,0,0,0,0,0,0,0,0,0,0,0,0,0,0,0,0,0,1.81052650038977,0,0,0,0.18498650206273,0,0,0,0,0.0930036300907757,0,0,0,0,0,0,0,0,0,0,0,0,1.4816620675974,0.0119726958523263,0,0,0,0,0.145888875512864,0,0,0,0,0,0,0,0,0,0.610992380921885,0,0,0,0,0,0,0,0,0,0,0,0,0,0,0,0,0,0,0,0,0,0,0,0,0,0.0895556462070528,0,0,0,0.19986171971103,0,0,0.0298309649772144,0,0,0,3.16207613995037,0,0,0,0,0,0,0,0,39.7479377394419,0,0,0,0,0,0,0,0,0,0,0,0,0,0,0,0,0,0,0,0,0,0,0,0,0,0,0.610619768802886,0,0,0,0,0,0,0,0,0,2.02559274597211,0,0,0,0,0.294719804341799,0,0,0,0,0,0,0,0,0,0,0,0,0,0,0,0,0,0,0,0,0,0,0,0,0,0,0.348457692251784,0,0,0,0,0,0,0,0,0,0,0,0,0,0,0,0,0,0,0,0.144866365978756,0.346103856618996,0,0,0,0,0,0,0,0,0.33315009703508,0,0,0,0,0,0,0,0,0,0,0,0,0,0,0,0,0,0,0,0,0,0,0,0,0,0.0201139309724235,0,0,0,0,0,0,0,0,0,0,0,0,0,0,0,0,0,0,0,0,0,0,0,0,0,0,0,0,0,0,0,0,0,0,0,0,0,0.0027012170491327,0,0,0,0,0,1.28043415236989,0,0,0,2.01218623768993,0,0,0,0.531765698746473,0,0,0,0,0,0,0,0,0,0,0,0,0,0,0,0,0.345108938069597,0,0,0,0,0,0,0,0,0,0,0,0,0,0,0,0,0,0,0,0,0,0,0,0,0,0,0,0,0,0,0,0,0,0,0,0,0,0,0,0,0,0.0826901826749377,0,0,0,0,0,0,0,0,0,0,0,0.219996312765202,0,0,0,0,0,0,0.226570518671013,0.191027173129656,0,0.363711699582466,0,1.37911649934268,0,0,0,0,0,0,0,0,0,0,0,0,0,0,0,0,0,0,0,0,0,0,0,0.100659383133309,0,0,0,0,0,0,0,0,0,0,0,0,0,0,0,0,0,0,0,0,0,0,0,0,0,0.0146825995367817,0,0,0,0,0,0,0,0,0,0,0,0,0,0,0.0640570535932006,0,0,0.174933861239253,0,0.00439012247967246,0,0,0,0,0,0,0,0,0,0,0,0,0,0,0,0,0,0,0,0,0,0,0,0,0,0,0,0,1.13718051610417,0,0,0,0,0,0,0,0,5.14815809061223,0,0,0,0,0,0,0,0,0,0.848361501464341,0,0,0,0,0,0,0,0,0,0,0,0,0,0,0,0,0,0,0,0,0,0,0,0,0,0,0,0,0,0,0,0,0,0,0,0,0,0,0,0,0,0,0,0,0,0,0,0,0,0.338434232052637,0,0,0,0,0,0,0,0,0,0,0,0,0,0,0,1.11784661299604,0,0,0,13.23800023,6.594400096,12.91110023,4.899800091,9.968400181,5.787800094,4.076700071,6.932400121,2.451200044,12.70790023,10.36690017,"WAK-00071"
"219",3433,"nSPC",2011,"PRIAs","Pacific Remote Island Areas","Wake","Wake",2011,"ForereefDeep","Wake","2011-03-24","Forereef","Deep",19.28137056,166.624112,24,60,0,10,2.5,10,17.5,0,0,4,NA,NA,NA,2,1,10.2454406254527,8.04366451024713,20.0022079849772,9.82283666474376,48.1141497854208,9.43416507468869,0,0,0,0,0,0,0,0,0,0,0,0,0,0,0,0,0,0,0,0.00848826363156775,0,0,0,0,0,0.0198059484736581,0,0,0,0,0.00565884242104517,0,0,0,0,0,0,0,0,0,0,0,0,0,0,0,0,0,0,0,0,0,0,0,0,0,0.00282942121052258,0,0,0,0,0,0,0,0,0,0,0,0,0,0,0,0,0,0,0,0,0,0,0,0,0,0,0,0,0,0,0,0,0,0,0,0,0,0,0,0,0,0,0,0,0,0,0,0,0,0,0,0,0,0,0,0,0,0,0,0.00565884242104517,0,0,0,0.0113176848420903,0,0,0,0,0.0226353696841807,0,0,0,0,0,0,0,0,0,0,0,0,0.763943726841098,0.0594178454209743,0,0,0,0,0.00565884242104517,0,0,0,0,0,0,0,0,0,0,0,0,0,0,0,0,0,0,0,0,0,0,0,0,0,0,0,0,0,0,0,0,0,0,0,0.00282942121052258,0,0,0,0.0169765272631355,0,0,0.00565884242104517,0,0,0,0.0113176848420903,0,0,0,0,0,0,0,0,0,0,0,0,0,0,0,0,0,0,0,0,0,0,0,0,0,0,0,0,0,0,0,0,0,0,0,0.00282942121052258,0,0,0,0,0,0,0,0,0,0.0169765272631355,0,0,0,0,0,0,0,0,0,0,0,0,0,0,0,0,0,0,0,0,0,0,0,0,0,0,0,0,0,0,0,0,0,0,0,0,0,0,0,0,0.00282942121052258,0,0,0,0,0,0,0,0,0,0,0,0.00282942121052258,0,0,0,0,0,0,0,0,0.00848826363156775,0,0,0,0,0,0,0,0,0,0,0,0,0,0,0,0,0,0,0,0,0,0,0,0,0,0.00565884242104517,0,0,0,0,0,0,0,0,0.00565884242104517,0,0,0,0,0.0169765272631355,0,0,0,0,0,0,0,0,0,0,0,0,0,0,0,0,0,0,0,0,0,0,0,0.00282942121052258,0,0,0,0,0,0.00282942121052258,0,0,0,0,0,0,0,0.00282942121052258,0,0,0.00282942121052258,0,0,0,0,0,0,0,0,0,0,0,0,0,0.00565884242104517,0,0,0,0,0,0,0,0,0,0,0,0,0,0,0,0,0,0,0,0,0,0,0,0.00282942121052258,0,0,0,0,0,0,0,0,0,0,0,0,0,0,0,0,0,0,0,0,0,0,0,0,0,0,0,0,0,0.00282942121052258,0.00282942121052258,0,0,0,0,0,0,0,0,0.00282942121052258,0,0.00282942121052258,0,0,0,0,0,0,0,0,0,0,0,0,0,0,0,0,0,0,0,0,0,0,0,0.0254647908947033,0,0,0,0,0,0,0,0,0,0,0,0,0,0,0,0,0,0,0,0,0,0,0,0,0,0,0,0,0,0,0,0,0,0,0,0,0,0,0,0,0.00282942121052258,0,0,0.594178454209743,0,0,0,0,0,0,0,0,0,0,0,0,0,0,0,0,0,0,0,0,0,0,0,0,0,0,0,0,0,0,0,0,0,0,0,0,0,0,0,0.0113176848420903,0,0,0,0,0,0,0,0,0,0.00282942121052258,0,0,0,0,0,0,0,0,0,0,0,0,0,0,0,0,0,0,0,0,0,0,0,0,0,0,0,0,0,0,0,0,0,0,0,0,0,0,0,0,0,0,0,0,0,0,0,0,0,0.00848826363156775,0,0,0,0,0,0,0,0,0,0,0,0,0,0,0,0.00848826363156775,0,0,0,0,0,0,0,0,0,0,0,0,0,0,0,0,0,0,0,0,0,0,0.156508581153009,0,0,0,0,0,0.968097501923023,0,0,0,0,0.79676501288316,0,0,0,0,0,0,0,0,0,0,0,0,0,0,0,0,0,0,0,0,0,0,0,0,0,1.90137105347118,0,0,0,0,0,0,0,0,0,0,0,0,0,0,0,0,0,0,0,0,0,0,0,0,0,0,0,0,0,0,0,0,0,0,0,0,0,0,0,0,0,0,0,0,0,0,0,0,0,0,0,0,0,0,0,0,0,0,0,4.58915455014045,0,0,0,0.0918668750565515,0,0,0,0,0.0948695193959011,0,0,0,0,0,0,0,0,0,0,0,0,2.66300597260449,0.0477719477184633,0,0,0,0,0.486157350780733,0,0,0,0,0,0,0,0,0,0,0,0,0,0,0,0,0,0,0,0,0,0,0,0,0,0,0,0,0,0,0,0,0,0,0,0.27473509157586,0,0,0,0.620268445326176,0,0,0.54947018315172,0,0,0,3.42286034588062,0,0,0,0,0,0,0,0,0,0,0,0,0,0,0,0,0,0,0,0,0,0,0,0,0,0,0,0,0,0,0,0,0,0,0,1.07058249271299,0,0,0,0,0,0,0,0,0,1.42141536658689,0,0,0,0,0,0,0,0,0,0,0,0,0,0,0,0,0,0,0,0,0,0,0,0,0,0,0,0,0,0,0,0,0,0,0,0,0,0,0,0,1.82176124255531,0,0,0,0,0,0,0,0,0,0,0,0.131780292880089,0,0,0,0,0,0,0,0,1.00766667845992,0,0,0,0,0,0,0,0,0,0,0,0,0,0,0,0,0,0,0,0,0,0,0,0,0,0.0321747632954576,0,0,0,0,0,0,0,0,1.14305080128599,0,0,0,0,1.09403871825096,0,0,0,0,0,0,0,0,0,0,0,0,0,0,0,0,0,0,0,0,0,0,0,0.0119901315272546,0,0,0,0,0,1.31821876759266,0,0,0,0,0,0,0,0.759206074486025,0,0,1.18645183794633,0,0,0,0,0,0,0,0,0,0,0,0,0,3.05094504430668,0,0,0,0,0,0,0,0,0,0,0,0,0,0,0,0,0,0,0,0,0,0,0,5.14120991838513,0,0,0,0,0,0,0,0,0,0,0,0,0,0,0,0,0,0,0,0,0,0,0,0,0,0,0,0,0,0.746701941339476,0.0204346147065911,0,0,0,0,0,0,0,0,0.740718469869592,0,0.168410588356291,0,0,0,0,0,0,0,0,0,0,0,0,0,0,0,0,0,0,0,0,0,0,0,0.145357193272674,0,0,0,0,0,0,0,0,0,0,0,0,0,0,0,0,0,0,0,0,0,0,0,0,0,0,0,0,0,0,0,0,0,0,0,0,0,0,0,0,0.0276693920656364,0,0,3.2707503697502,0,0,0,0,0,0,0,0,0,0,0,0,0,0,0,0,0,0,0,0,0,0,0,0,0,0,0,0,0,0,0,0,0,0,0,0,0,0,0,5.45584270208336,0,0,0,0,0,0,0,0,0,0.555462026724714,0,0,0,0,0,0,0,0,0,0,0,0,0,0,0,0,0,0,0,0,0,0,0,0,0,0,0,0,0,0,0,0,0,0,0,0,0,0,0,0,0,0,0,0,0,0,0,0,0,0.518180320514937,0,0,0,0,0,0,0,0,0,0,0,0,0,0,0,0.611227605404344,0,0,0,10.70720018,4.952600069,11.2762002,2.880600049,9.580500177,3.092800049,3.471700058,6.288800112,1.570000027,10.5724002,8.73370014,"WAK-00076"
"220",3434,"nSPC",2011,"PRIAs","Pacific Remote Island Areas","Wake","Wake",2011,"ForereefMid","Wake","2011-03-24","Forereef","Mid",19.28282188,166.6205889,15.5,35,2.25,10,3.75,18.5,30,0,0.5,5,NA,NA,NA,4,2,4.55484648638691,4.55115202996912,23.0809949822856,6.20645660015075,38.3934500987924,16.1820622832862,0,0,0,0,0,0,0,0,0,0,0,0,0,0,0,0,0,0,0,0.00848826363156775,0,0,0,0,0,0,0,0,0,0,0,0,0,0,0,0,0,0,0,0,0,0,0,0,0,0,0,0,0,0,0,0,0,0,0,0,0.00282942121052258,0,0,0,0,0,0,0,0,0,0,0,0,0,0,0,0,0,0,0,0,0,0,0,0,0,0,0,0,0,0,0,0,0,0,0,0,0,0,0,0,0,0,0,0,0,0,0,0,0,0,0,0,0,0,0,0,0,0,0,0.00424413181578388,0,0,0,0.0183912378683968,0,0,0,0,0.00565884242104517,0,0,0,0,0,0,0,0,0,0,0,0,0.58003134815713,0.134397507499823,0,0,0,0,0.00282942121052258,0,0,0,0,0,0,0,0,0,0,0,0,0.00282942121052258,0,0,0,0,0,0,0,0,0,0,0,0,0,0,0,0,0,0,0,0,0,0,0.00282942121052258,0,0,0,0.0141471060526129,0,0,0,0,0,0,0.00990297423682904,0,0,0,0,0.00141471060526129,0,0,0.00141471060526129,0,0,0,0,0,0,0,0,0,0,0,0,0,0,0,0,0,0,0,0,0,0,0,0,0,0,0,0.00282942121052258,0,0,0,0,0,0,0,0,0,0.0183912378683968,0,0.00424413181578388,0,0,0.00282942121052258,0,0,0,0,0,0,0,0,0,0,0,0,0,0,0,0,0,0,0,0,0,0,0,0,0,0,0.00424413181578388,0,0,0,0,0,0,0,0,0,0,0,0,0,0,0.00141471060526129,0,0,0,0,0,0,0,0,0,0,0,0,0,0,0.00424413181578388,0,0,0,0,0,0,0,0,0,0,0,0,0,0,0,0,0,0,0,0,0,0,0,0,0.00141471060526129,0.00707355302630646,0,0,0,0,0,0,0,0,0.00282942121052258,0,0,0,0,0,0,0,0,0,0,0,0,0,0,0,0,0,0,0,0,0,0,0,0,0,0,0,0,0.00141471060526129,0,0,0,0,0,0,0,0,0,0,0,0,0,0,0,0,0,0,0,0,0,0,0,0,0,0,0,0,0,0.00848826363156775,0.00282942121052258,0.00141471060526129,0,0,0,0,0,0,0,0,0,0,0,0,0,0,0,0,0,0,0,0,0,0,0,0,0,0,0,0,0,0,0,0,0,0,0,0,0,0,0.00141471060526129,0,0,0,0,0,0,0,0,0,0,0,0,0,0.00707355302630646,0,0,0,0,0,0,0.00565884242104517,0.00141471060526129,0,0.00282942121052258,0,0.00282942121052258,0,0,0,0,0,0,0,0,0,0,0,0,0,0,0,0,0,0,0,0,0,0,0,0.00990297423682904,0,0,0,0,0,0,0,0,0,0,0,0,0,0,0,0,0,0,0,0,0,0,0,0,0,0,0,0,0,0,0,0,0,0,0,0,0,0,0,0,0.00565884242104517,0,0,0.254647908947033,0,0,0,0,0,0,0,0,0,0,0,0,0,0,0,0,0,0,0,0,0,0,0,0,0,0,0,0,0,0,0.00141471060526129,0,0,0,0,0,0,0,0,0.0127323954473516,0,0,0,0,0,0,0,0,0,0,0,0,0,0,0,0,0,0,0,0,0,0,0,0,0,0,0,0,0,0,0,0,0,0,0,0,0.024050080289442,0,0,0,0,0,0.00141471060526129,0,0,0,0,0,0,0,0,0,0,0,0,0,0,0,0,0.0183912378683968,0,0,0,0,0,0,0,0,0,0,0,0,0,0,0,0.0127323954473516,0,0,0,0,0,0,0,0,0,0,0,0,0,0,0,0,0,0,0,0,0,0,0.220413436585719,0,0,0,0,0,0,0,0,0,0,0,0,0,0,0,0,0,0,0,0,0,0,0,0,0,0,0,0,0,0,0,0,0,0,0,0,0.802140913183153,0,0,0,0,0,0,0,0,0,0,0,0,0,0,0,0,0,0,0,0,0,0,0,0,0,0,0,0,0,0,0,0,0,0,0,0,0,0,0,0,0,0,0,0,0,0,0,0,0,0,0,0,0,0,0,0,0,0,0,1.3910256429289,0,0,0,0.261768732744245,0,0,0,0,0.0214412198090435,0,0,0,0,0,0,0,0,0,0,0,0,1.58115979623391,0.0961677828138468,0,0,0,0,0.243078675390366,0,0,0,0,0,0,0,0,0,0,0,0,4.35222595455374,0,0,0,0,0,0,0,0,0,0,0,0,0,0,0,0,0,0,0,0,0,0,0.27473509157586,0,0,0,0.386663100474108,0,0,0,0,0,0,4.12104446519915,0,0,0,0,0.434451846458556,0,0,0.696931997622328,0,0,0,0,0,0,0,0,0,0,0,0,0,0,0,0,0,0,0,0,0,0,0,0,0,0,0,0.716711068758232,0,0,0,0,0,0,0,0,0,1.63669937856682,0,1.11768279728928,0,0,0.47431202208772,0,0,0,0,0,0,0,0,0,0,0,0,0,0,0,0,0,0,0,0,0,0,0,0,0,0,0.605128619971536,0,0,0,0,0,0,0,0,0,0,0,0,0,0,0.514801445588585,0,0,0,0,0,0,0,0,0,0,0,0,0,0,0.261709706208873,0,0,0,0,0,0,0,0,0,0,0,0,0,0,0,0,0,0,0,0,0,0,0,0,0.0149959324157697,0.129583388781179,0,0,0,0,0,0,0,0,0.23533541153249,0,0,0,0,0,0,0,0,0,0,0,0,0,0,0,0,0,0,0,0,0,0,0,0,0,0,0,0,0.00870960782685831,0,0,0,0,0,0,0,0,0,0,0,0,0,0,0,0,0,0,0,0,0,0,0,0,0,0,0,0,0,2.07065362841758,0.886879747377831,0.66509643865494,0,0,0,0,0,0,0,0,0,0,0,0,0,0,0,0,0,0,0,0,0,0,0,0,0,0,0,0,0,0,0,0,0,0,0,0,0,0,0.0766056924613161,0,0,0,0,0,0,0,0,0,0,0,0,0,0.613323053769653,0,0,0,0,0,0,0.539271852213734,0.0891549587313434,0,0.264107878464852,0,0.4213526681293,0,0,0,0,0,0,0,0,0,0,0,0,0,0,0,0,0,0,0,0,0,0,0,0.0643589284383226,0,0,0,0,0,0,0,0,0,0,0,0,0,0,0,0,0,0,0,0,0,0,0,0,0,0,0,0,0,0,0,0,0,0,0,0,0,0,0,0,0.0694840227341482,0,0,0.803170822503783,0,0,0,0,0,0,0,0,0,0,0,0,0,0,0,0,0,0,0,0,0,0,0,0,0,0,0,0,0,0,1.13718051610417,0,0,0,0,0,0,0,0,7.70879186353333,0,0,0,0,0,0,0,0,0,0,0,0,0,0,0,0,0,0,0,0,0,0,0,0,0,0,0,0,0,0,0,0,0,0,0,0,0.229556229598231,0,0,0,0,0,0.244461992589151,0,0,0,0,0,0,0,0,0,0,0,0,0,0,0,0,0.557834633152255,0,0,0,0,0,0,0,0,0,0,0,0,0,0,0,1.3532471373182,0,0,0,10.51270017,4.499400066,10.21570019,2.880600049,9.321300173,2.976800045,3.463700058,6.128100107,1.570000027,10.4538002,8.133100133,"WAK-00099"
"221",3435,"nSPC",2011,"PRIAs","Pacific Remote Island Areas","Wake","Wake",2011,"ForereefMid","Wake","2011-03-24","Forereef","Mid",19.29461472,166.6033414,12,28.75,5,7.5,0,21.25,37.5,0,0,3.75,NA,NA,NA,4,2,8.83010917944696,2.47820753689577,18.9644406492217,10.7260873642691,40.9988447298335,6.27764866273325,0,0,0,0,0,0,0,0,0.00141471060526129,0,0,0,0,0,0,0,0,0,0,0.0127323954473516,0,0,0,0,0,0,0.0495148711841452,0,0,0,0,0,0,0,0,0,0,0,0,0,0,0.00141471060526129,0,0,0,0,0,0,0,0,0,0,0,0,0,0,0.00141471060526129,0,0,0,0,0,0,0,0,0,0,0,0,0,0,0,0,0,0,0,0,0,0,0,0,0,0,0,0,0,0,0,0,0,0,0,0,0,0,0,0,0,0,0,0,0,0,0,0,0,0,0,0,0,0,0,0,0,0,0,0.00707355302630646,0,0,0,0.00424413181578388,0,0,0,0,0.00990297423682904,0,0,0,0,0,0,0,0,0,0,0.00141471060526129,0,0.509295817894065,0.058003134815713,0,0,0,0,0.00565884242104517,0,0,0,0,0,0,0,0,0,0.00282942121052258,0,0,0,0,0,0,0,0,0,0,0,0,0,0,0,0,0,0,0,0,0,0,0,0,0,0.00282942121052258,0,0,0,0.00848826363156775,0,0,0.00707355302630646,0,0,0,0.00424413181578388,0,0,0,0,0.00141471060526129,0,0,0.00565884242104517,0,0.00282942121052258,0,0,0,0,0,0,0,0,0,0,0,0,0,0,0,0,0,0,0,0,0,0,0,0,0,0.00707355302630646,0,0,0,0,0,0,0,0,0,0.024050080289442,0,0,0,0,0.0141471060526129,0,0,0,0,0,0,0,0,0,0,0,0,0,0,0,0,0,0,0,0,0,0,0,0,0,0,0,0,0,0,0,0,0,0,0,0.00141471060526129,0,0,0,0,0.00141471060526129,0,0,0,0,0,0,0,0,0,0,0,0,0,0,0,0.00424413181578388,0,0,0,0,0,0,0,0,0,0,0,0,0,0,0,0,0,0,0,0,0,0,0,0,0,0.00565884242104517,0,0,0,0,0,0,0,0,0,0,0,0,0,0.00848826363156775,0,0,0,0,0,0,0,0,0,0,0,0,0,0,0,0,0,0,0,0,0,0,0,0.00424413181578388,0,0,0,0,0,0,0,0,0,0,0,0,0,0,0,0,0,0,0,0,0,0,0,0,0,0,0,0,0,0,0.00565884242104517,0.00282942121052258,0,0,0,0,0,0,0,0.00141471060526129,0,0,0,0,0,0,0,0,0,0,0,0,0,0,0,0,0,0,0,0,0,0,0,0,0,0,0,0,0,0,0,0,0,0,0,0,0,0,0,0,0,0,0,0,0.00282942121052258,0,0,0,0,0,0.00141471060526129,0.00424413181578388,0.00141471060526129,0,0.00141471060526129,0,0.00141471060526129,0,0,0,0,0,0,0,0,0,0,0,0,0,0,0,0,0,0,0.00282942121052258,0,0,0,0,0.00990297423682904,0.00141471060526129,0,0,0,0,0,0,0,0,0,0,0,0,0,0,0,0,0,0,0,0,0,0,0,0,0,0,0,0,0,0,0,0,0,0,0,0,0,0,0,0.00565884242104517,0,0,0,0,0,0,0,0,0,0,0,0,0,0,0,0,0,0,0,0,0,0,0,0,0,0,0,0,0,0,0.00424413181578388,0,0,0.00141471060526129,0.00565884242104517,0,0,0,0,0,0,0,0.00565884242104517,0,0,0,0,0,0,0,0,0,0.00141471060526129,0,0,0,0,0,0,0,0,0,0,0,0,0,0,0,0,0,0,0,0,0,0,0,0,0,0,0.0155618166578742,0,0,0,0,0,0.00282942121052258,0,0,0,0,0,0,0,0,0,0,0,0,0,0,0,0,0.0183912378683968,0,0.00141471060526129,0,0,0,0,0,0,0,0,0,0,0,0,0,0.00848826363156775,0,0,0,0,0,0,0,0,0,0,0,0.492660147517832,0,0,0,0,0,0,0,0,0,0,0.447549292684749,0,0,0,0,0,0,3.02614406787809,0,0,0,0,0,0,0,0,0,0,0,0,0,0,0.118835690841949,0,0,0,0,0,0,0,0,0,0,0,0,0,0,0.636885030606068,0,0,0,0,0,0,0,0,0,0,0,0,0,0,0,0,0,0,0,0,0,0,0,0,0,0,0,0,0,0,0,0,0,0,0,0,0,0,0,0,0,0,0,0,0,0,0,0,0,0,0,0,0,0,0,0,0,0,0,3.91797337674652,0,0,0,0.0579758088685869,0,0,0,0,0.0361831048108622,0,0,0,0,0,0,0,0,0,0,0.346952545424549,0,1.64247901270836,0.0415974432818004,0,0,0,0,0.840373288584231,0,0,0,0,0,0,0,0,0,0.610992380921885,0,0,0,0,0,0,0,0,0,0,0,0,0,0,0,0,0,0,0,0,0,0,0,0,0,0.27473509157586,0,0,0,0.183366556653273,0,0,0.398229130831955,0,0,0,1.92403300672174,0,0,0,0,0.0910336703782567,0,0,2.48319035816243,0,0.211467495882241,0,0,0,0,0,0,0,0,0,0,0,0,0,0,0,0,0,0,0,0,0,0,0,0,0,4.07830240186844,0,0,0,0,0,0,0,0,0,1.61930559062965,0,0,0,0,1.69057293715618,0,0,0,0,0,0,0,0,0,0,0,0,0,0,0,0,0,0,0,0,0,0,0,0,0,0,0,0,0,0,0,0,0,0,0,2.01830435919796,0,0,0,0,0.895318750382839,0,0,0,0,0,0,0,0,0,0,0,0,0,0,0,0.0722926669305392,0,0,0,0,0,0,0,0,0,0,0,0,0,0,0,0,0,0,0,0,0,0,0,0,0,0.0385344533503492,0,0,0,0,0,0,0,0,0,0,0,0,0,0.599950473479209,0,0,0,0,0,0,0,0,0,0,0,0,0,0,0,0,0,0,0,0,0,0,0,0.0165607254396195,0,0,0,0,0,0,0,0,0,0,0,0,0,0,0,0,0,0,0,0,0,0,0,0,0,0,0,0,0,0,1.79806307528546,0.643829048469548,0,0,0,0,0,0,0,0.179583985249141,0,0,0,0,0,0,0,0,0,0,0,0,0,0,0,0,0,0,0,0,0,0,0,0,0,0,0,0,0,0,0,0,0,0,0,0,0,0,0,0,0,0,0,0,0.278322694807111,0,0,0,0,0,0.473645110641481,0.220749182788072,0.0419581288523632,0,0.186805852127185,0,0.0548450825180222,0,0,0,0,0,0,0,0,0,0,0,0,0,0,0,0,0,0,0.0237700727986309,0,0,0,0,0.0752671354521412,0.0145966221772624,0,0,0,0,0,0,0,0,0,0,0,0,0,0,0,0,0,0,0,0,0,0,0,0,0,0,0,0,0,0,0,0,0,0,0,0,0,0,0,0.0458228613598685,0,0,0,0,0,0,0,0,0,0,0,0,0,0,0,0,0,0,0,0,0,0,0,0,0,0,0,0,0,0,0.23911436823311,0,0,1.13718051610417,0.844025401246761,0,0,0,0,0,0,0,3.77118985177032,0,0,0,0,0,0,0,0,0,0.582425804241187,0,0,0,0,0,0,0,0,0,0,0,0,0,0,0,0,0,0,0,0,0,0,0,0,0,0,0.158248612222648,0,0,0,0,0,0.170267777838344,0,0,0,0,0,0,0,0,0,0,0,0,0,0,0,0,0.3442622754258,0,0.0261734194368786,0,0,0,0,0,0,0,0,0,0,0,0,0,0.876898991271914,0,0,0,8.926600152,6.140500087,9.188200167,1.724100034,8.895000153,3.098400053,1.969500037,5.03900009,0.740100012,7.074300141,9.300800154,"WAK-00092"
"222",3440,"nSPC",2011,"PRIAs","Pacific Remote Island Areas","Wake","Wake",2011,"ForereefDeep","Wake","2011-03-25","Forereef","Deep",19.28411697,166.6569978,23.5,15,0,7.5,7.5,60,10,0,0,3,NA,NA,NA,2,1,2.85291258797439,1.58587406467804,47.5890401559716,6.73748081753451,58.7653076261586,12.356279804516,0,0,0,0,0,0,0,0,0.00565884242104517,0,0,0,0,0,0,0,0,0,0,0,0,0,0,0,0,0,0,0,0,0,0,0,0,0,0,0,0,0,0,0,0,0,0,0,0,0,0,0,0,0,0,0,0,0,0,0,0,0,0,0,0,0,0,0,0,0,0,0,0,0,0,0,0,0,0,0,0,0,0,0,0,0,0,0,0,0,0,0,0,0,0,0,0,0,0,0,0,0,0,0,0,0,0,0,0,0,0,0,0,0,0,0,0,0,0,0,0.00282942121052258,0,0,0,0.00848826363156775,0,0,0,0,0.0198059484736581,0,0,0,0,0,0,0,0,0,0,0.00282942121052258,0,1.27323954473516,0.0367824757367936,0,0,0,0,0,0,0,0,0,0,0,0,0,0,0,0,0,0.00282942121052258,0,0,0,0,0,0,0,0,0,0,0,0,0,0,0,0,0,0,0,0,0,0,0,0,0,0,0,0,0,0.00565884242104517,0,0,0,0.00282942121052258,0,0,0,0,0,0,0,0.0594178454209743,0,0,0,0,0,0,0,0,0,0,0,0,0,0,0,0,0,0,0,0,0,0,0,0,0,0,0,0,0,0,0,0,0,0,0,0,0,0.0226353696841807,0,0.0650766878420194,0,0,0.0113176848420903,0,0,0,0,0,0,0,0,0,0,0,0,0,0,0,0,0,0,0,0,0,0,0,0,0,0,0.00282942121052258,0,0,0.00565884242104517,0,0,0,0,0,0,0,0,0.00282942121052258,0,0,0,0,0,0,0,0.00565884242104517,0,0,0,0,0,0,0,0,0,0,0,0,0,0,0,0,0,0,0,0,0,0,0,0,0,0,0,0,0,0,0,0,0,0,0,0.0226353696841807,0,0,0,0,0,0,0,0,0,0,0,0,0,0,0,0,0,0,0,0,0,0,0,0,0,0,0,0,0,0,0,0,0,0,0,0,0,0.00848826363156775,0,0,0,0,0,0.00565884242104517,0,0,0,0,0,0,0,0.00282942121052258,0,0,0,0,0,0,0,0,0,0,0,0,0,0,0,0,0,0,0,0,0,0,0,0,0,0,0,0,0,0,0,0,0,0,0,0,0,0,0,0,0.00565884242104517,0,0,0,0,0,0,0,0,0,0,0,0,0,0,0,0,0,0,0,0,0,0,0,0,0,0,0,0,0,0.00565884242104517,0,0,0,0,0,0,0.00282942121052258,0,0,0.00282942121052258,0,0.00282942121052258,0,0,0,0,0,0,0,0,0,0,0,0,0,0,0,0,0,0,0,0,0,0,0,0.00282942121052258,0,0,0,0,0,0,0,0,0,0,0,0,0,0,0,0,0,0,0,0,0,0,0,0,0,0,0,0,0,0,0,0,0,0,0,0,0,0,0,0,0.0198059484736581,0,0,0.0509295817894065,0,0,0,0,0,0,0,0,0,0,0,0,0,0,0,0,0,0,0,0,0,0,0,0,0,0,0,0,0,0,0.00282942121052258,0.00282942121052258,0,0,0,0,0,0,0,0.0169765272631355,0,0,0,0,0,0,0,0,0,0.00282942121052258,0,0,0,0,0,0,0,0,0,0,0,0,0,0,0,0,0,0,0,0,0,0,0,0,0,0,0.0113176848420903,0,0,0,0,0,0.00282942121052258,0,0,0,0,0,0,0,0,0,0,0,0,0,0,0,0,0.0254647908947033,0,0,0,0,0,0,0,0,0,0,0,0,0,0,0,0.00565884242104517,0,0,0,0,0,0,0,0,0,0,0,1.74517601231738,0,0,0,0,0,0,0,0,0,0,0,0,0,0,0,0,0,0,0,0,0,0,0,0,0,0,0,0,0,0,0,0,0,0,0,0,0,0,0,0,0,0,0,0,0,0,0,0,0,0,0,0,0,0,0,0,0,0,0,0,0,0,0,0,0,0,0,0,0,0,0,0,0,0,0,0,0,0,0,0,0,0,0,0,0,0,0,0,0,0,0,0,0,0,0,0,0,0,0,0,0,0,0,0,0,0,0,0.177707563525781,0,0,0,0.0586513264426632,0,0,0,0,0.0257078283855278,0,0,0,0,0,0,0,0,0,0,0.197316632695133,0,1.42713176437549,0.0142800888495075,0,0,0,0,0,0,0,0,0,0,0,0,0,0,0,0,0,1.95662665135832,0,0,0,0,0,0,0,0,0,0,0,0,0,0,0,0,0,0,0,0,0,0,0,0,0,0,0,0,0,0.281988661853712,0,0,0,1.22361643691607,0,0,0,0,0,0,0,21.9856078023808,0,0,0,0,0,0,0,0,0,0,0,0,0,0,0,0,0,0,0,0,0,0,0,0,0,0,0,0,0,0,0,0,0,0,0,0,0,0.68035566929629,0,6.39895034353202,0,0,0.558794057286514,0,0,0,0,0,0,0,0,0,0,0,0,0,0,0,0,0,0,0,0,0,0,0,0,0,0,0.696915384503568,0,0,0.725192294752804,0,0,0,0,0,0,0,0,1.26099478075621,0,0,0,0,0,0,0,0.238732414637843,0,0,0,0,0,0,0,0,0,0,0,0,0,0,0,0,0,0,0,0,0,0,0,0,0,0,0,0,0,0,0,0,0,0,0,0.0910301197797799,0,0,0,0,0,0,0,0,0,0,0,0,0,0,0,0,0,0,0,0,0,0,0,0,0,0,0,0,0,0,0,0,0,0,0,0,0,0.00810365114739811,0,0,0,0,0,2.02822217459331,0,0,0,0,0,0,0,0.853144207310912,0,0,0,0,0,0,0,0,0,0,0,0,0,0,0,0,0,0,0,0,0,0,0,0,0,0,0,0,0,0,0,0,0,0,0,0,0,0,0,0,3.39540897391694,0,0,0,0,0,0,0,0,0,0,0,0,0,0,0,0,0,0,0,0,0,0,0,0,0,0,0,0,0,0.40983781433135,0,0,0,0,0,0,0.110140412162358,0,0,0.653547673221794,0,0.0668672709653461,0,0,0,0,0,0,0,0,0,0,0,0,0,0,0,0,0,0,0,0,0,0,0,0.00107563039407519,0,0,0,0,0,0,0,0,0,0,0,0,0,0,0,0,0,0,0,0,0,0,0,0,0,0,0,0,0,0,0,0,0,0,0,0,0,0,0,0,0.0280712718341683,0,0,0.144462211453045,0,0,0,0,0,0,0,0,0,0,0,0,0,0,0,0,0,0,0,0,0,0,0,0,0,0,0,0,0,0,1.13400635428448,0.181676004159171,0,0,0,0,0,0,0,7.47931371331295,0,0,0,0,0,0,0,0,0,1.69672300292868,0,0,0,0,0,0,0,0,0,0,0,0,0,0,0,0,0,0,0,0,0,0,0,0,0,0,0.0274507602964839,0,0,0,0,0,0.167700926916158,0,0,0,0,0,0,0,0,0,0,0,0,0,0,0,0,0.278122161683569,0,0,0,0,0,0,0,0,0,0,0,0,0,0,0,0.356657577601028,0,0,0,140.3138024,127.3145023,124.4056022,102.4268018,156.4170027,125.1976021,143.3627024,121.2231021,146.7372026,116.736402,126.1490022,"WAK-00077"
"223",3441,"nSPC",2011,"PRIAs","Pacific Remote Island Areas","Wake","Wake",2011,"ForereefMid","Wake","2011-03-25","Forereef","Mid",19.28616584,166.657092,15.5,27.5,1.25,20,11.25,35,5,0,0,2,NA,NA,NA,4,2,1.22591737446428,0.937947472445816,8.56750947393225,5.16434058825925,15.8957149091016,3.87289295797938,0,0,0,0,0,0,0,0,0.00141471060526129,0,0,0,0,0,0,0,0,0,0,0.00848826363156775,0,0,0,0,0,0,0,0,0,0,0,0,0,0,0,0,0,0,0,0,0,0,0,0,0,0,0,0,0,0,0,0,0,0,0,0,0.00282942121052258,0,0,0,0,0,0,0,0,0,0,0,0,0,0,0,0,0,0,0,0,0,0,0,0,0,0,0,0,0,0,0,0,0,0,0,0,0,0,0,0,0.00141471060526129,0,0,0,0,0,0,0,0,0,0,0,0,0,0,0,0,0,0,0.00282942121052258,0,0,0,0.00848826363156775,0,0,0,0,0.00990297423682904,0,0,0,0,0,0,0,0,0,0,0.00141471060526129,0,0.742723067762178,0.00565884242104517,0,0,0,0,0,0,0,0,0,0,0,0,0,0,0,0,0,0,0,0,0,0,0,0,0,0,0,0,0,0,0,0,0,0,0,0,0,0,0,0,0.00141471060526129,0,0,0,0.00848826363156775,0,0,0.00282942121052258,0,0,0,0.00424413181578388,0,0,0,0,0.00141471060526129,0,0,0.00848826363156775,0,0,0,0,0,0,0,0,0,0,0,0,0,0,0,0,0,0,0,0,0,0.00141471060526129,0,0,0,0,0,0.00990297423682904,0,0,0,0,0,0,0,0,0,0.0113176848420903,0,0.00282942121052258,0,0,0.00424413181578388,0,0,0,0,0,0,0,0,0,0,0,0,0,0,0,0,0,0,0,0,0,0,0,0,0,0,0,0,0,0,0,0,0,0,0,0,0,0,0,0,0,0,0,0,0,0,0,0,0,0,0,0,0,0,0,0,0,0,0,0,0,0,0,0,0,0,0,0,0,0,0,0,0,0,0,0,0,0,0,0,0,0,0.0636619772367581,0,0,0,0,0,0,0,0,0,0,0,0,0,0,0,0,0,0,0,0,0,0,0,0,0,0,0,0,0,0,0,0,0,0,0,0,0,0.00282942121052258,0,0,0,0,0,0,0,0,0,0,0,0,0,0,0,0,0,0,0,0,0,0,0,0,0,0,0,0,0,0,0.00424413181578388,0.00424413181578388,0,0,0,0,0,0,0,0,0,0,0,0,0,0,0,0,0,0,0,0,0,0,0,0,0,0,0,0,0,0,0,0,0,0,0,0,0,0,0,0,0,0,0,0,0,0,0,0,0,0,0,0,0.00424413181578388,0.00141471060526129,0,0,0,0,0,0.00424413181578388,0.00141471060526129,0,0,0,0.00282942121052258,0,0,0,0,0,0,0,0,0,0,0,0,0,0,0,0,0,0,0,0,0,0,0,0.00707355302630646,0,0,0,0,0,0,0,0,0,0,0,0,0,0,0,0,0,0,0,0,0,0,0,0,0,0,0,0,0,0,0,0,0,0,0,0,0,0,0,0,0.0113176848420903,0,0,0,0,0.00141471060526129,0,0,0,0,0,0,0,0,0,0,0,0,0,0,0,0,0,0,0,0,0,0,0,0,0,0,0,0,0,0,0,0,0,0,0,0,0,0.00565884242104517,0,0,0,0,0,0,0,0,0,0,0,0,0,0,0,0,0,0,0,0,0,0,0,0,0,0,0,0,0,0,0,0,0,0,0,0,0.0367824757367936,0,0,0,0,0,0.00424413181578388,0,0,0,0,0,0,0,0,0,0,0,0,0,0,0,0,0.0367824757367936,0,0.00424413181578388,0,0,0,0,0,0,0,0,0,0,0,0,0,0.00141471060526129,0,0,0,0,0,0,0,0,0,0,0,0.554870102726296,0,0,0,0,0,0,0,0,0,0,0.166448341361642,0,0,0,0,0,0,0,0,0,0,0,0,0,0,0,0,0,0,0,0,0,0,0,0,0,0,0,0,0,0,0,0,0,0,0,0,0.410696147549774,0,0,0,0,0,0,0,0,0,0,0,0,0,0,0,0,0,0,0,0,0,0,0,0,0,0,0,0,0,0,0,0,0,0,0,0,0,0,0,0,0.405654634803374,0,0,0,0,0,0,0,0,0,0,0,0,0,0,0,0,0,0,0.41106349306293,0,0,0,0.0503607978279739,0,0,0,0,0.0159129164904268,0,0,0,0,0,0,0,0,0,0,0.0822537607929486,0,0.934570558231057,0.0033769142147587,0,0,0,0,0,0,0,0,0,0,0,0,0,0,0,0,0,0,0,0,0,0,0,0,0,0,0,0,0,0,0,0,0,0,0,0,0,0,0,0,0.0408751463149599,0,0,0,0.0913410690579023,0,0,0.0596619299544288,0,0,0,1.29812350880014,0,0,0,0,0.0737106889344332,0,0,2.26371194273019,0,0,0,0,0,0,0,0,0,0,0,0,0,0,0,0,0,0,0,0,0,0.00521023207174066,0,0,0,0,0,1.86926984049956,0,0,0,0,0,0,0,0,0,0.19458408908714,0,0.149095357558606,0,0,0.222419769577171,0,0,0,0,0,0,0,0,0,0,0,0,0,0,0,0,0,0,0,0,0,0,0,0,0,0,0,0,0,0,0,0,0,0,0,0,0,0,0,0,0,0,0,0,0,0,0,0,0,0,0,0,0,0,0,0,0,0,0,0,0,0,0,0,0,0,0,0,0,0,0,0,0,0,0,0,0,0,0,0,0,0,0.13650754836757,0,0,0,0,0,0,0,0,0,0,0,0,0,0,0,0,0,0,0,0,0,0,0,0,0,0,0,0,0,0,0,0,0,0,0,0,0,0.0048155202490365,0,0,0,0,0,0,0,0,0,0,0,0,0,0,0,0,0,0,0,0,0,0,0,0,0,0,0,0,0,0,0.835467031000109,2.26478965778963,0,0,0,0,0,0,0,0,0,0,0,0,0,0,0,0,0,0,0,0,0,0,0,0,0,0,0,0,0,0,0,0,0,0,0,0,0,0,0,0,0,0,0,0,0,0,0,0,0,0,0,0,0.261309837775632,0.0155088176538089,0,0,0,0,0,0.0294446013223316,0.0311495339606592,0,0,0,0.101879026853003,0,0,0,0,0,0,0,0,0,0,0,0,0,0,0,0,0,0,0,0,0,0,0,0.0276950953531897,0,0,0,0,0,0,0,0,0,0,0,0,0,0,0,0,0,0,0,0,0,0,0,0,0,0,0,0,0,0,0,0,0,0,0,0,0,0,0,0,0.0585014388980221,0,0,0,0,0.00155177462615821,0,0,0,0,0,0,0,0,0,0,0,0,0,0,0,0,0,0,0,0,0,0,0,0,0,0,0,0,0,0,0,0,0,0,0,0,0,2.16911481437587,0,0,0,0,0,0,0,0,0,0,0,0,0,0,0,0,0,0,0,0,0,0,0,0,0,0,0,0,0,0,0,0,0,0,0,0,0.148897641016785,0,0,0,0,0,0.203789628572131,0,0,0,0,0,0,0,0,0,0,0,0,0,0,0,0,0.2017008237717,0,0.0127425813637095,0,0,0,0,0,0,0,0,0,0,0,0,0,0.0876382945047902,0,0,0,136.6492023,120.2652022,118.5075021,98.5395017,149.8918026,118.209702,135.7033023,112.2449019,138.4675025,109.7991019,116.078902,"WAK-00093"
"224",3442,"nSPC",2011,"PRIAs","Pacific Remote Island Areas","Wake","Wake",2011,"ForereefDeep","Wake","2011-03-25","Forereef","Deep",19.26983622,166.6515743,24.05,27.5,3.75,6.75,13.25,26.25,22.5,0,0,3.25,NA,NA,NA,4,2,4.50704731509133,12.7516110633523,25.577856016023,7.73417050805971,50.5706849025263,17.0851546692491,0,0,0,0,0,0,0,0,0.00707355302630646,0,0,0,0,0,0,0,0,0,0.00141471060526129,0.00282942121052258,0,0,0,0,0,0.00424413181578388,0,0,0,0,0,0,0,0,0,0,0,0,0,0,0,0,0,0,0,0,0,0,0,0,0,0,0,0,0,0,0.00282942121052258,0,0,0,0,0,0,0,0,0,0,0,0,0,0,0,0,0,0,0,0,0,0,0,0,0,0,0,0,0,0,0,0,0,0,0,0,0,0,0,0,0,0,0,0,0,0,0,0,0,0,0,0,0,0,0,0,0,0,0,0.00141471060526129,0,0,0,0.0226353696841807,0,0,0,0,0.0226353696841807,0,0,0,0,0,0,0,0,0,0,0,0,1.00444452973552,0.0466854499736226,0,0,0,0,0.00848826363156775,0,0,0,0,0,0,0,0,0,0,0,0,0,0,0,0,0,0,0,0,0,0,0,0,0,0,0,0,0.00282942121052258,0,0,0,0,0,0,0.00282942121052258,0,0,0,0.0127323954473516,0,0,0.00424413181578388,0,0,0,0.0155618166578742,0,0,0,0,0.00141471060526129,0,0,0,0,0,0,0.0424413181578388,0,0,0,0,0,0,0,0,0,0,0,0,0,0,0,0,0,0,0,0,0,0,0,0.00282942121052258,0,0,0,0,0,0,0,0,0,0.0367824757367936,0,0.00141471060526129,0,0,0,0,0,0,0,0,0,0,0,0,0,0,0,0,0,0,0,0,0,0,0,0,0,0,0,0,0,0.00282942121052258,0,0,0.00565884242104517,0,0,0,0,0,0.00141471060526129,0,0,0,0,0,0,0,0,0,0,0,0.00141471060526129,0,0,0,0,0,0,0,0,0.00282942121052258,0,0,0,0,0,0,0,0,0,0,0,0,0,0,0,0,0,0,0,0,0,0,0,0,0,0.0113176848420903,0,0,0,0,0,0,0,0,0.00282942121052258,0,0,0,0,0,0,0,0,0,0,0,0,0,0,0,0,0,0,0,0,0,0,0,0.00141471060526129,0,0,0.00282942121052258,0,0.00282942121052258,0,0,0,0,0,0,0,0,0,0,0,0,0,0.00565884242104517,0,0,0,0,0,0,0,0,0,0,0,0,0,0,0,0,0.00141471060526129,0,0,0,0,0,0.00282942121052258,0,0.00424413181578388,0.0297089227104871,0,0,0,0,0,0,0,0,0,0,0,0,0,0,0,0,0,0,0,0,0,0,0,0,0,0,0,0,0,0,0,0,0.00141471060526129,0,0,0,0,0,0,0,0,0,0,0,0,0.00141471060526129,0,0,0,0,0,0.00282942121052258,0,0,0,0,0.00565884242104517,0,0,0,0,0,0,0,0,0,0,0,0,0,0,0,0,0,0,0,0,0,0,0,0.00565884242104517,0,0,0,0,0,0,0,0,0,0,0,0,0,0,0,0,0,0,0,0,0,0,0,0,0,0,0,0,0,0,0,0,0,0,0,0,0,0,0,0,0.0127323954473516,0,0,0.389045416446855,0,0.00424413181578388,0,0,0,0,0,0,0,0,0,0,0,0,0,0,0,0,0,0,0,0,0,0,0,0,0,0,0,0,0,0,0,0,0,0,0,0,0,0.00990297423682904,0,0,0,0,0,0,0,0,0,0,0,0,0,0,0,0,0,0,0,0,0,0,0,0,0,0,0,0,0,0,0,0,0,0,0,0,0,0,0,0,0,0,0.00424413181578388,0,0,0,0,0,0,0,0,0,0,0,0,0,0,0,0,0.00848826363156775,0,0,0,0,0,0,0,0,0,0,0,0,0,0,0,0.00565884242104517,0,0,0,0,0,0,0,0,0,0,0,4.99303937806114,0,0,0,0,0,0,0,0,0,0.65268568361111,0.0706972985242135,0,0,0,0,0,0.105173406113759,0,0,0,0,0,0,0,0,0,0,0,0,0,0,0,0,0,0,0,0,0,0,0,0,0,0,0,0,0,0,0.291979292398668,0,0,0,0,0,0,0,0,0,0,0,0,0,0,0,0,0,0,0,0,0,0,0,0,0,0,0,0,0,0,0,0,0,0,0,0,0,0,0,0,0,0,0,0,0,0,0,0,0,0,0,0,0,0,0,0,0,0,0,1.63839879545712,0,0,0,0.169652358658356,0,0,0,0,0.0360474957023145,0,0,0,0,0,0,0,0,0,0,0,0,2.05966868193628,0.0315855363283662,0,0,0,0,0.605195190982498,0,0,0,0,0,0,0,0,0,0,0,0,0,0,0,0,0,0,0,0,0,0,0,0,0,0,0,0,4.51157530653678,0,0,0,0,0,0,0.179111292414106,0,0,0,0.155980691222293,0,0,0.230549977133909,0,0,0,6.8923679567569,0,0,0,0,0.758917022573453,0,0,0,0,0,0,0.13687325105903,0,0,0,0,0,0,0,0,0,0,0,0,0,0,0,0,0,0,0,0,0,0,0,1.52005064561013,0,0,0,0,0,0,0,0,0,1.80739214137622,0,0.0799691211841828,0,0,0,0,0,0,0,0,0,0,0,0,0,0,0,0,0,0,0,0,0,0,0,0,0,0,0,0,0,0.499724873277036,0,0,1.5701330798449,0,0,0,0,0,2.01830435919796,0,0,0,0,0,0,0,0,0,0,0,0.0658901464400447,0,0,0,0,0,0,0,0,0.0138839585383347,0,0,0,0,0,0,0,0,0,0,0,0,0,0,0,0,0,0,0,0,0,0,0,0,0,0.0543584158833783,0,0,0,0,0,0,0,0,0.259914027704057,0,0,0,0,0,0,0,0,0,0,0,0,0,0,0,0,0,0,0,0,0,0,0,0.00135060852456635,0,0,0.00093295188933114,0,0.00633331893089883,0,0,0,0,0,0,0,0,0,0,0,0,0,0.697826873277763,0,0,0,0,0,0,0,0,0,0,0,0,0,0,0,0,0.345108938069597,0,0,0,0,0,0.554154714408646,0,1.65644447715399,6.9143828799563,0,0,0,0,0,0,0,0,0,0,0,0,0,0,0,0,0,0,0,0,0,0,0,0,0,0,0,0,0,0,0,0,0.112359099237512,0,0,0,0,0,0,0,0,0,0,0,0,0.0155088176538089,0,0,0,0,0,0.0586399947605389,0,0,0,0,0.329109320619256,0,0,0,0,0,0,0,0,0,0,0,0,0,0,0,0,0,0,0,0,0,0,0,0.0351867520514352,0,0,0,0,0,0,0,0,0,0,0,0,0,0,0,0,0,0,0,0,0,0,0,0,0,0,0,0,0,0,0,0,0,0,0,0,0,0,0,0,0.0609081134328268,0,0,1.84748283080456,0,0.00187761162978889,0,0,0,0,0,0,0,0,0,0,0,0,0,0,0,0,0,0,0,0,0,0,0,0,0,0,0,0,0,0,0,0,0,0,0,0,0,5.6812114059554,0,0,0,0,0,0,0,0,0,0,0,0,0,0,0,0,0,0,0,0,0,0,0,0,0,0,0,0,0,0,0,0,0,0,0,0,0,0,0,0,0,0,0.273400180961892,0,0,0,0,0,0,0,0,0,0,0,0,0,0,0,0,0.231237697094877,0,0,0,0,0,0,0,0,0,0,0,0,0,0,0,0.338108931586804,0,0,0,14.28540023,5.46790008,12.78780023,3.538800061,10.64970019,6.884100112,4.688500079,8.05760014,3.981800076,14.19570027,9.742000161,"WAK-00080"
"225",3443,"nSPC",2011,"PRIAs","Pacific Remote Island Areas","Wake","Wake",2011,"ForereefShallow","Wake","2011-03-25","Forereef","Shallow",19.27304297,166.6463216,5,30,0,3,15.75,49.5,1.25,0,0.5,2.25,NA,NA,NA,4,2,1.44086303191915,0.122893929684201,17.264083480379,3.23114779596794,22.0589882379503,7.5536816901313,0,0,0,0,0,0,0,0,0,0,0,0,0,0,0,0,0,0,0,0.106103295394597,0,0,0,0,0,0,0.0254647908947033,0,0,0,0,0,0,0,0,0,0,0,0,0,0,0.00424413181578388,0,0,0,0,0,0,0,0,0,0,0,0,0,0,0,0,0,0,0,0,0,0,0,0,0,0,0,0,0,0,0,0,0,0,0,0,0,0,0,0,0,0,0,0,0,0,0,0,0,0,0,0,0,0.00141471060526129,0,0,0,0,0,0,0,0,0,0,0,0,0,0,0,0,0,0,0,0,0.00141471060526129,0,0,0,0.0113176848420903,0,0,0,0,0,0,0,0,0,0,0,0,0,0,0,0,0,0.0862973469209388,0,0,0,0,0,0.00424413181578388,0,0,0,0,0,0,0,0,0,0.00282942121052258,0,0,0,0,0,0,0,0,0,0,0,0,0,0,0,0,0,0,0,0,0,0,0,0,0,0,0,0,0,0,0,0,0.00282942121052258,0,0.00141471060526129,0,0.0141471060526129,0,0,0,0,0.00141471060526129,0,0,0.00282942121052258,0,0,0,0,0,0,0,0,0,0,0,0,0,0,0,0,0,0,0,0,0,0,0,0,0,0,0,0.00424413181578388,0,0,0,0,0,0,0,0,0,0,0,0.0113176848420903,0,0,0.0254647908947033,0,0,0,0,0,0,0,0,0,0,0,0,0,0,0,0,0,0,0,0,0,0,0,0,0,0,0,0,0,0,0,0,0,0,0,0,0,0,0,0,0,0,0,0,0.00141471060526129,0,0,0,0,0,0,0,0,0.00141471060526129,0,0,0.00424413181578388,0,0,0,0,0,0,0,0,0,0,0,0,0,0,0,0,0,0,0,0,0,0,0,0,0,0.024050080289442,0,0,0,0,0,0,0,0,0.00141471060526129,0,0,0,0,0,0,0,0,0,0,0,0,0,0,0,0,0,0,0,0,0,0,0,0,0,0,0,0,0.00707355302630646,0,0,0,0,0,0,0,0,0,0,0,0,0,0,0,0,0,0,0,0,0,0,0,0,0,0,0,0,0,0,0.00990297423682904,0,0,0,0,0,0,0,0,0,0,0,0,0,0,0,0,0,0,0,0,0,0,0,0,0,0,0,0,0,0,0,0,0,0,0,0,0,0,0,0,0,0,0,0,0,0,0,0,0,0,0,0,0,0.00141471060526129,0.0127323954473516,0,0,0,0,0.00424413181578388,0.00990297423682904,0.00141471060526129,0,0.00141471060526129,0,0.00848826363156775,0,0,0,0,0,0,0,0,0,0,0,0,0,0,0,0,0,0,0.00282942121052258,0,0,0,0,0.00848826363156775,0,0,0,0,0,0,0,0,0,0,0,0,0,0,0,0,0,0,0,0,0,0,0,0,0,0,0,0,0,0,0,0,0,0,0,0,0,0,0,0,0.00141471060526129,0,0,0,0,0,0,0,0,0,0,0,0,0,0,0,0,0,0,0,0,0,0,0.00282942121052258,0,0.00141471060526129,0,0,0,0,0,0,0,0,0,0,0,0,0,0,0,0,0,0.0127323954473516,0,0,0,0,0,0,0,0,0,0.00565884242104517,0.00141471060526129,0,0,0,0,0,0,0,0,0,0,0,0,0,0,0,0,0,0,0,0,0,0,0,0,0,0.0325383439210097,0,0,0,0,0,0.00141471060526129,0,0,0,0,0,0,0,0,0,0,0,0,0,0,0,0,0.00707355302630646,0,0.0495148711841452,0.00141471060526129,0,0,0,0,0,0,0,0,0,0,0,0,0.00141471060526129,0,0,0,0,0,0,0,0,0,0,0,0,0,0,0,0,0,0,0,0,0,0,3.3986320768252,0,0,0,0,0,0,1.11273928703559,0,0,0,0,0,0,0,0,0,0,0,0,0,0,0.155080576548743,0,0,0,0,0,0,0,0,0,0,0,0,0,0,0,0,0,0,0,0,0,0,0,0,0,0,0,0,0,0,0,0,0,0,0,0,0,0,0,0,0,0,0,0,0,0,0,0,0,0,0,0,0,0.0169449749985486,0,0,0,0,0,0,0,0,0,0,0,0,0,0,0,0,0,0,0,0,0.367423581657899,0,0,0,0.0752858178271729,0,0,0,0,0,0,0,0,0,0,0,0,0,0,0,0,0,0.122893929684201,0,0,0,0,0,0.364618013085549,0,0,0,0,0,0,0,0,0,0.205065823910012,0,0,0,0,0,0,0,0,0,0,0,0,0,0,0,0,0,0,0,0,0,0,0,0,0,0,0,0,0,0,0,0,0.143906047188685,0,0.0298309649772144,0,2.28511177017284,0,0,0,0,0.293824528772637,0,0,0.737432173587375,0,0,0,0,0,0,0,0,0,0,0,0,0,0,0,0,0,0,0,0,0,0,0,0,0,0,0,0.401685495929817,0,0,0,0,0,0,0,0,0,0,0,1.05746990177269,0,0,1.65878159518944,0,0,0,0,0,0,0,0,0,0,0,0,0,0,0,0,0,0,0,0,0,0,0,0,0,0,0,0,0,0,0,0,0,0,0,0,0,0,0,0,0,0,0,0,0.1426471473588,0,0,0,0,0,0,0,0,0.00271488430799702,0,0,0.0575889394154226,0,0,0,0,0,0,0,0,0,0,0,0,0,0,0,0,0,0,0,0,0,0,0,0,0,0.0632205875279166,0,0,0,0,0,0,0,0,0.0663816169043124,0,0,0,0,0,0,0,0,0,0,0,0,0,0,0,0,0,0,0,0,0,0,0,0,0,0,0,0,0.0122751085186072,0,0,0,0,0,0,0,0,0,0,0,0,0,0,0,0,0,0,0,0,0,0,0,0,0,0,0,0,0,0,1.38089565443755,0,0,0,0,0,0,0,0,0,0,0,0,0,0,0,0,0,0,0,0,0,0,0,0,0,0,0,0,0,0,0,0,0,0,0,0,0,0,0,0,0,0,0,0,0,0,0,0,0,0,0,0,0,0.0655664040651367,0.0968694971662468,0,0,0,0,0.62268543879,0.211390926086651,0.0311495339606592,0,0.0389904437071976,0,0.442945623252425,0,0,0,0,0,0,0,0,0,0,0,0,0,0,0,0,0,0,0.0237700727986309,0,0,0,0,0.0308986449610638,0,0,0,0,0,0,0,0,0,0,0,0,0,0,0,0,0,0,0,0,0,0,0,0,0,0,0,0,0,0,0,0,0,0,0,0,0,0,0,0,0.00557988806878136,0,0,0,0,0,0,0,0,0,0,0,0,0,0,0,0,0,0,0,0,0,0,0.262412010841709,0,0.0646044607260007,0,0,0,0,0,0,0,0,0,0,0,0,0,0,0,0,0,3.97484409682879,0,0,0,0,0,0,0,0,0,1.27590423184696,0.0178215912827084,0,0,0,0,0,0,0,0,0,0,0,0,0,0,0,0,0,0,0,0,0,0,0,0,0,0.163232554475487,0,0,0,0,0,0.103132403123548,0,0,0,0,0,0,0,0,0,0,0,0,0,0,0,0,0.0550852707857189,0,0.308830617773237,0.00183627567646446,0,0,0,0,0,0,0,0,0,0,0,0,0.108987754098691,0,0,0,9.708400161,4.99250007,10.26100019,2.469400046,9.459500171,2.38640004,2.872800047,5.996700107,1.22740002,9.29730017,8.341500134,"WAK-00120"
"226",3444,"nSPC",2011,"PRIAs","Pacific Remote Island Areas","Wake","Wake",2011,"ForereefDeep","Wake","2011-03-25","Forereef","Deep",19.30428819,166.6506634,24,17.5,15,10,5,17.5,35,0,0,4,NA,NA,NA,2,1,12.798655880033,3.77490309212148,34.9040616336415,20.0043860598583,71.4820066656543,12.915580488666,0,0,0,0,0,0,0,0,0,0,0,0,0,0,0,0,0,0,0,0,0,0,0,0,0,0,0.00282942121052258,0,0,0,0,0,0,0,0,0,0,0,0,0,0,0,0,0,0,0,0,0,0,0,0,0,0,0,0,0,0.00282942121052258,0,0,0,0,0,0,0,0,0,0,0,0,0,0,0,0,0,0,0,0,0,0,0,0,0,0,0,0,0,0,0,0,0,0,0,0,0,0,0,0,0,0,0,0,0,0,0,0,0,0,0,0,0,0,0,0,0,0,0,0.00565884242104517,0,0,0,0.0141471060526129,0,0,0,0,0.0141471060526129,0,0,0,0,0,0,0,0,0,0,0,0,0.735649514735872,0.0452707393683613,0,0,0,0,0,0,0,0,0,0,0,0,0,0,0,0,0,0,0,0,0,0,0,0,0,0,0,0,0,0,0,0.00565884242104517,0,0,0,0,0,0,0,0,0,0,0,0,0,0,0,0,0,0,0,0.0113176848420903,0,0,0,0,0.00565884242104517,0,0,0.0537590029999291,0,0.0113176848420903,0,0,0,0,0,0,0,0,0,0,0,0,0,0,0,0,0,0,0,0,0,0,0,0,0,0.00565884242104517,0,0,0,0,0,0,0,0,0,0.0113176848420903,0,0,0,0,0.00565884242104517,0,0,0,0,0,0,0,0,0,0,0,0,0,0,0,0,0,0,0,0,0,0,0,0,0,0,0,0,0,0,0,0,0,0,0,0,0,0,0,0,0,0.00282942121052258,0,0,0,0,0,0,0,0,0,0,0,0,0,0,0,0,0,0,0,0,0,0,0,0,0,0,0,0,0,0,0,0,0,0,0,0,0,0,0,0,0.00565884242104517,0,0,0,0,0,0,0,0,0.00282942121052258,0,0,0,0,0.0169765272631355,0,0,0,0,0,0,0,0,0,0,0,0,0,0,0,0,0,0,0,0,0,0,0,0,0,0,0,0,0,0.00282942121052258,0,0,0,0,0,0,0,0.00848826363156775,0,0,0.00282942121052258,0,0,0,0,0,0,0,0,0,0,0,0,0,0,0.00565884242104517,0,0,0,0,0,0,0,0,0,0,0,0,0,0,0,0,0,0,0,0,0,0,0.00565884242104517,0,0,0,0,0,0,0,0,0,0,0,0,0,0,0,0,0,0,0,0,0.00282942121052258,0,0,0,0,0,0,0,0,0.00282942121052258,0,0,0,0,0,0,0,0,0,0.00565884242104517,0,0,0,0,0,0.00282942121052258,0,0,0,0,0,0,0,0,0,0,0,0,0,0,0,0,0,0,0,0.00282942121052258,0,0,0,0,0,0,0,0,0,0,0,0,0,0,0,0,0,0,0,0,0,0,0,0,0,0,0,0,0,0,0,0,0,0,0,0,0,0,0,0,0.00848826363156775,0,0,0.0226353696841807,0,0,0,0,0,0,0,0,0,0,0,0,0,0,0,0,0,0,0,0,0,0,0,0,0,0,0,0,0,0,0,0.00282942121052258,0,0,0,0,0,0,0,0.00565884242104517,0,0,0,0,0,0,0,0,0,0,0,0,0,0,0,0,0,0,0,0,0,0,0,0,0,0,0,0,0,0,0,0,0,0,0,0,0.0113176848420903,0,0,0,0,0,0,0,0,0,0,0,0,0,0,0,0,0,0,0,0,0,0,0.0113176848420903,0,0,0,0,0,0,0,0,0,0,0,0,0,0,0,0.00565884242104517,0,0,0,0,0,0,0,0,0,0,0,0,0,0,0,0,0,0,0,0,0,0,0,0,0,0,0,0,0,0.172922518164462,0,0,0,0,0,0,0,0,0,0,0,0,0,0,0,0,0,0,0,0,0,0,0,0,0,0,0,0,0,1.90137105347118,0,0,0,0,0,0,0,0,0,0,0,0,0,0,0,0,0,0,0,0,0,0,0,0,0,0,0,0,0,0,0,0,0,0,0,0,0,0,0,0,0,0,0,0,0,0,0,0,0,0,0,0,0,0,0,0,0,0,0,6.55359518182848,0,0,0,0.191996784914707,0,0,0,0,0.0562811092325366,0,0,0,0,0,0,0,0,0,0,0,0,2.37246968502319,0.0442861007870995,0,0,0,0,0,0,0,0,0,0,0,0,0,0,0,0,0,0,0,0,0,0,0,0,0,0,0,0,0,0,0,0.54947018315172,0,0,0,0,0,0,0,0,0,0,0,0,0,0,0,0,0,0,0,6.85185949479184,0,0,0,0,1.95684804065825,0,0,14.9109858812269,0,0.845869983528964,0,0,0,0,0,0,0,0,0,0,0,0,0,0,0,0,0,0,0,0,0,0,0,0,0,3.66605262335202,0,0,0,0,0,0,0,0,0,0.830930921769796,0,0,0,0,0.392959739122399,0,0,0,0,0,0,0,0,0,0,0,0,0,0,0,0,0,0,0,0,0,0,0,0,0,0,0,0,0,0,0,0,0,0,0,0,0,0,0,0,0,2.41053586544753,0,0,0,0,0,0,0,0,0,0,0,0,0,0,0,0,0,0,0,0,0,0,0,0,0,0,0,0,0,0,0,0,0,0,0,0,0,0,0,0,0.0210358978738723,0,0,0,0,0,0,0,0,0.38706482159949,0,0,0,0,1.19990094695842,0,0,0,0,0,0,0,0,0,0,0,0,0,0,0,0,0,0,0,0,0,0,0,0,0,0,0,0,0,3.14797205077752,0,0,0,0,0,0,0,2.08767543217134,0,0,1.18645183794633,0,0,0,0,0,0,0,0,0,0,0,0,0,0,0.78118937506071,0,0,0,0,0,0,0,0,0,0,0,0,0,0,0,0,0,0,0,0,0,0,4.88253870049656,0,0,0,0,0,0,0,0,0,0,0,0,0,0,0,0,0,0,0,0,3.67598403671094,0,0,0,0,0,0,0,0,0.746701941339476,0,0,0,0,0,0,0,0,0,1.48416282196357,0,0,0,0,0,0.42431718354743,0,0,0,0,0,0,0,0,0,0,0,0,0,0,0,0,0,0,0,0.0120291513290958,0,0,0,0,0,0,0,0,0,0,0,0,0,0,0,0,0,0,0,0,0,0,0,0,0,0,0,0,0,0,0,0,0,0,0,0,0,0,0,0,0.0334793284126882,0,0,0.158246359352772,0,0,0,0,0,0,0,0,0,0,0,0,0,0,0,0,0,0,0,0,0,0,0,0,0,0,0,0,0,0,0,1.03450713009732,0,0,0,0,0,0,0,5.63940381032672,0,0,0,0,0,0,0,0,0,0,0,0,0,0,0,0,0,0,0,0,0,0,0,0,0,0,0,0,0,0,0,0,0,0,0,0,0.11391447365337,0,0,0,0,0,0,0,0,0,0,0,0,0,0,0,0,0,0,0,0,0,0,0.321045183170836,0,0,0,0,0,0,0,0,0,0,0,0,0,0,0,0.435951016394763,0,0,0,135.1470023,119.4205022,116.6047021,97.79440168,146.9360025,116.3181019,133.5496023,110.1555019,137.0073024,108.7330019,114.465902,"WAK-00075"
"227",3445,"nSPC",2011,"PRIAs","Pacific Remote Island Areas","Wake","Wake",2011,"ForereefMid","Wake","2011-03-25","Forereef","Mid",19.29726105,166.6528419,14.3,52.5,6.25,7.5,6.25,22.5,5,0,0,2.5,NA,NA,NA,4,2,7.64251418337326,17.5292867791182,42.5677065208595,6.08380908095664,73.8233165643076,11.744953055344,0,0,0,0,0,0,0,0,0,0,0,0,0,0,0,0,0,0,0,0.00424413181578388,0,0,0,0,0,0,0.00141471060526129,0,0,0,0,0,0,0,0,0,0,0,0,0,0,0,0,0,0,0,0,0,0,0,0,0,0,0,0,0,0,0,0,0,0,0,0,0,0,0,0,0,0,0,0,0,0,0,0,0,0,0,0,0,0,0,0,0,0,0,0,0,0,0,0,0,0,0,0,0,0,0,0,0,0,0,0,0,0,0,0,0,0,0,0,0,0,0,0,0,0.00990297423682904,0,0,0,0.0141471060526129,0,0,0,0,0.00424413181578388,0,0,0,0,0,0,0,0,0,0,0,0,0.275868568025952,0.0254647908947033,0,0,0,0,0,0,0,0,0,0,0,0,0,0,0,0,0,0.00282942121052258,0,0,0,0,0,0,0,0,0,0,0,0,0,0,0,0.00141471060526129,0,0,0,0,0,0,0.00282942121052258,0,0,0,0.00848826363156775,0,0,0,0,0,0,0.00424413181578388,0,0,0,0,0.00282942121052258,0,0,0.0212206590789194,0,0,0,0.304162780131178,0,0,0,0,0,0,0,0,0,0,0,0,0,0,0,0,0,0,0,0,0,0,0,0.00141471060526129,0,0,0,0,0,0,0,0,0,0.0113176848420903,0,0,0,0,0,0,0,0,0,0,0,0,0,0,0,0,0,0,0,0,0,0,0,0,0,0,0,0,0,0,0,0,0,0,0,0,0,0,0,0,0,0,0,0,0,0,0.00282942121052258,0,0,0,0,0,0,0,0,0,0,0,0,0,0,0.00424413181578388,0,0,0,0,0,0,0,0,0,0,0,0,0,0,0,0,0,0,0,0,0,0,0,0,0,0.0198059484736581,0,0,0,0,0,0,0,0,0.00141471060526129,0,0,0,0,0,0,0,0,0,0,0,0,0,0,0,0,0,0,0,0,0,0,0,0,0,0,0,0,0.00848826363156775,0,0,0,0,0,0,0,0,0,0,0,0,0,0,0,0,0,0,0,0,0,0,0,0,0,0,0,0,0,0.0325383439210097,0.0141471060526129,0,0,0,0,0,0,0,0,0,0,0,0,0,0,0,0,0,0,0,0,0,0,0,0.0183912378683968,0,0,0,0,0,0,0,0,0,0,0,0,0,0,0,0,0,0,0,0,0,0,0,0,0,0,0,0,0,0.00141471060526129,0.00282942121052258,0,0,0,0,0,0.00141471060526129,0.00141471060526129,0,0,0,0.00282942121052258,0,0,0,0,0,0,0,0,0,0,0,0,0,0,0,0,0,0,0,0,0,0,0,0.00990297423682904,0,0,0,0,0,0,0,0,0,0,0,0,0,0,0,0,0,0,0,0,0,0,0,0,0,0,0,0,0,0,0,0,0,0,0,0,0,0,0,0,0.00707355302630646,0,0,0,0,0,0,0,0,0,0,0,0,0,0,0,0,0,0,0,0,0,0,0,0,0,0,0,0,0,0,0,0,0,0.00424413181578388,0.00141471060526129,0,0,0,0,0,0,0,0.00707355302630646,0,0,0,0,0,0,0,0,0,0,0,0,0,0,0,0,0,0,0,0,0,0,0,0,0,0,0,0,0,0,0,0,0,0,0,0,0.0226353696841807,0,0,0,0,0,0.00282942121052258,0,0,0,0,0,0,0,0,0,0,0,0,0,0,0,0,0.0198059484736581,0,0,0,0,0,0,0,0,0,0,0,0,0,0,0,0.00141471060526129,0,0,0,0,0,0,0,0,0,0,0,0,0,0,0,0,0,0,0,0,0,0,0.0898266272567654,0,0,0,0,0,0,0.0724145205763515,0,0,0,0,0,0,0,0,0,0,0,0,0,0,0,0,0,0,0,0,0,0,0,0,0,0,0,0,0,0,0,0,0,0,0,0,0,0,0,0,0,0,0,0,0,0,0,0,0,0,0,0,0,0,0,0,0,0,0,0,0,0,0,0,0,0,0,0,0,0,0,0,0,0,0,0,0,0,0,0,0,0,0,0,0,0,0,0,0,6.28429338885395,0,0,0,0.1791736602628,0,0,0,0,0.0210351346066423,0,0,0,0,0,0,0,0,0,0,0,0,0.889676131883695,0.0236532539646662,0,0,0,0,0,0,0,0,0,0,0,0,0,0,0,0,0,3.32371248512104,0,0,0,0,0,0,0,0,0,0,0,0,0,0,0,1.04376965204563,0,0,0,0,0,0,0.27473509157586,0,0,0,0.232405428662109,0,0,0,0,0,0,1.57432080339399,0,0,0,0,0.653958844214226,0,0,10.4539799643349,0,0,0,1.57878732654889,0,0,0,0,0,0,0,0,0,0,0,0,0,0,0,0,0,0,0,0,0,0,0,0.535291246356494,0,0,0,0,0,0,0,0,0,0.826125759705207,0,0,0,0,0,0,0,0,0,0,0,0,0,0,0,0,0,0,0,0,0,0,0,0,0,0,0,0,0,0,0,0,0,0,0,0,0,0,0,0,0,0,0,0,0,0,0.967301368179344,0,0,0,0,0,0,0,0,0,0,0,0,0,0,0.151160160460178,0,0,0,0,0,0,0,0,0,0,0,0,0,0,0,0,0,0,0,0,0,0,0,0,0,0.163752611087934,0,0,0,0,0,0,0,0,0.193532410799745,0,0,0,0,0,0,0,0,0,0,0,0,0,0,0,0,0,0,0,0,0,0,0,0,0,0,0,0,0.0276923667527769,0,0,0,0,0,0,0,0,0,0,0,0,0,0,0,0,0,0,0,0,0,0,0,0,0,0,0,0,0,15.037170066721,5.76767604219016,0,0,0,0,0,0,0,0,0,0,0,0,0,0,0,0,0,0,0,0,0,0,0,13.0402664374048,0,0,0,0,0,0,0,0,0,0,0,0,0,0,0,0,0,0,0,0,0,0,0,0,0,0,0,0,0,0.191155696982906,0.021819955357728,0,0,0,0,0,0.110608770625714,0.0891549587313434,0,0,0,0.525292488007201,0,0,0,0,0,0,0,0,0,0,0,0,0,0,0,0,0,0,0,0,0,0,0,0.0643589284383226,0,0,0,0,0,0,0,0,0,0,0,0,0,0,0,0,0,0,0,0,0,0,0,0,0,0,0,0,0,0,0,0,0,0,0,0,0,0,0,0,0.0691734801640909,0,0,0,0,0,0,0,0,0,0,0,0,0,0,0,0,0,0,0,0,0,0,0,0,0,0,0,0,0,0,0,0,0,2.10938740161518,0.51725356504866,0,0,0,0,0,0,0,5.80315011478331,0,0,0,0,0,0,0,0,0,0,0,0,0,0,0,0,0,0,0,0,0,0,0,0,0,0,0,0,0,0,0,0,0,0,0,0,0.263267565079201,0,0,0,0,0,0.356425585194983,0,0,0,0,0,0,0,0,0,0,0,0,0,0,0,0,0.187569517221143,0,0,0,0,0,0,0,0,0,0,0,0,0,0,0,0.108987754098691,0,0,0,144.7643025,133.1685024,139.8963025,112.0286019,159.8844027,133.5926023,152.2949026,129.4819022,155.3130028,122.3072021,134.9942023,"WAK-00107"
"228",3446,"nSPC",2011,"PRIAs","Pacific Remote Island Areas","Wake","Wake",2011,"ForereefMid","Wake","2011-03-25","Forereef","Mid",19.27449354,166.6428128,13.85,17.5,6.25,7.5,6.25,23.75,38.75,0,0,3.75,NA,NA,NA,4,2,5.49995956900085,6.62591799549247,25.2965353675337,9.10578686461976,46.5281997966468,9.31602486234005,0,0,0,0,0,0.00848826363156775,0,0,0,0,0,0,0,0,0,0,0.00141471060526129,0,0,0,0,0,0,0,0,0,0,0,0,0,0,0,0,0,0,0,0,0,0,0,0,0.00282942121052258,0,0,0,0,0,0,0,0,0,0,0,0,0,0,0.00424413181578388,0,0,0,0,0,0,0,0,0,0,0,0,0,0,0,0,0,0,0,0,0,0,0,0,0,0,0,0,0,0,0,0,0,0,0,0,0,0,0.00141471060526129,0,0,0,0,0.00282942121052258,0,0,0,0,0,0,0,0,0,0,0,0,0,0,0,0.00141471060526129,0,0,0,0.00848826363156775,0,0,0,0,0.00282942121052258,0,0,0,0,0,0,0,0,0,0,0,0,0.24050080289442,0.0608325560262356,0,0,0,0,0,0,0,0,0,0,0,0,0,0,0.00282942121052258,0,0,0,0,0,0,0,0,0,0,0,0,0,0,0,0,0,0,0,0,0,0,0,0,0,0.00141471060526129,0,0,0,0.00848826363156775,0,0,0.00565884242104517,0,0.00141471060526129,0,0.0127323954473516,0,0,0,0,0.00282942121052258,0,0,0.00424413181578388,0,0,0,0.0707355302630646,0,0,0,0,0,0,0,0,0,0,0,0,0,0,0,0,0,0,0,0,0,0,0,0.00141471060526129,0,0,0,0,0,0,0,0,0,0.0282942121052258,0,0,0,0,0.00707355302630646,0,0,0,0,0,0,0,0,0,0,0,0,0,0,0,0,0,0,0,0,0,0,0,0,0,0,0,0,0,0.00141471060526129,0,0,0,0,0,0.00141471060526129,0,0,0,0,0,0,0,0,0,0,0,0.00141471060526129,0,0,0,0,0,0,0,0,0.00141471060526129,0,0,0,0,0,0,0,0,0,0,0,0,0,0,0,0,0,0,0,0,0,0,0,0,0,0.00424413181578388,0,0,0,0,0,0,0,0,0.00282942121052258,0,0,0,0,0.033953054526271,0,0,0,0,0,0,0,0,0,0,0,0,0,0,0,0,0,0,0,0,0,0,0,0.00282942121052258,0,0,0,0,0,0,0,0,0,0,0,0,0,0.00141471060526129,0,0,0,0,0,0,0,0,0,0,0,0,0,0,0,0.00707355302630646,0.00707355302630646,0.00282942121052258,0,0,0,0,0,0,0,0.00707355302630646,0,0,0,0,0,0,0,0,0,0,0,0,0,0,0.00848826363156775,0,0,0,0,0,0,0,0,0,0,0,0,0,0,0,0,0,0,0,0,0,0,0,0,0,0,0,0,0,0.00141471060526129,0,0,0,0,0,0,0.00424413181578388,0.00141471060526129,0,0.00565884242104517,0,0.00424413181578388,0,0,0,0,0,0,0,0,0,0,0,0,0,0,0,0,0,0,0,0,0,0,0,0.00141471060526129,0,0,0,0,0,0,0,0,0,0,0,0,0,0,0,0,0,0,0,0,0,0,0,0,0,0,0,0,0,0,0,0,0,0,0,0,0,0,0,0,0.00282942121052258,0,0,0,0,0,0,0,0,0,0,0,0,0,0,0,0,0,0,0,0,0,0,0,0,0,0,0,0,0,0,0,0,0,0,0.00282942121052258,0,0,0,0,0,0,0,0.00848826363156775,0,0,0,0,0,0,0,0,0,0.00424413181578388,0,0,0,0,0,0,0,0,0,0,0,0,0,0,0,0,0,0,0,0,0,0,0,0,0,0,0.00990297423682904,0,0,0,0,0,0.00282942121052258,0,0,0,0,0,0,0,0,0,0,0,0,0,0,0,0,0.0113176848420903,0,0.00141471060526129,0,0,0,0,0,0,0,0,0.00282942121052258,0,0,0,0,0.00990297423682904,0,0,0,0,0,0,0,0,3.04604877195322,0,0,0,0,0,0,0,0,0,0,0.0719576808053589,0,0,0,0,0,0,0,0,0,0,0,0,0,0,0,0,0,0,0,0,0,0,0,0,0.519906147433525,0,0,0,0,0,0,0,0,0,0,0,0,0,0,1.27005644587332,0,0,0,0,0,0,0,0,0,0,0,0,0,0,0,0,0,0,0,0,0,0,0,0,0,0,0,0,0,0,0,0,0,0,0,0,0,0,0.0230427249213659,0,0,0,0,1.26092385751765,0,0,0,0,0,0,0,0,0,0,0,0,0,0,0,1.63839879545712,0,0,0,0.0793326461748781,0,0,0,0,0.0107206099045217,0,0,0,0,0,0,0,0,0,0,0,0,0.941687967286126,0.0443554216067573,0,0,0,0,0,0,0,0,0,0,0,0,0,0,0.308604317414092,0,0,0,0,0,0,0,0,0,0,0,0,0,0,0,0,0,0,0,0,0,0,0,0,0,0.0895556462070528,0,0,0,0.304494916186695,0,0,0.222744623556776,0,0.070497165463428,0,4.14553803731066,0,0,0,0,0.978424020329123,0,0,1.7862583605401,0,0,0,0.394194963050006,0,0,0,0,0,0,0,0,0,0,0,0,0,0,0,0,0,0,0,0,0,0,0,0.916513155838006,0,0,0,0,0,0,0,0,0,2.30720857761987,0,0,0,0,0.720744169142571,0,0,0,0,0,0,0,0,0,0,0,0,0,0,0,0,0,0,0,0,0,0,0,0,0,0,0,0,0,0.186194098181466,0,0,0,0,0,2.01830435919796,0,0,0,0,0,0,0,0,0,0,0,0.0337357549773029,0,0,0,0,0,0,0,0,0.0431670051503314,0,0,0,0,0,0,0,0,0,0,0,0,0,0,0,0,0,0,0,0,0,0,0,0,0,0.0201515622745234,0,0,0,0,0,0,0,0,0.459639475649394,0,0,0,0,2.38315810658806,0,0,0,0,0,0,0,0,0,0,0,0,0,0,0,0,0,0,0,0,0,0,0,0.00633331893089883,0,0,0,0,0,0,0,0,0,0,0,0,0,0.379603037243013,0,0,0,0,0,0,0,0,0,0,0,0,0,0,0,1.72554469034798,2.00381829769006,0.860393782420117,0,0,0,0,0,0,0,1.13697684661354,0,0,0,0,0,0,0,0,0,0,0,0,0,0,5.02462561486243,0,0,0,0,0,0,0,0,0,0,0,0,0,0,0,0,0,0,0,0,0,0,0,0,0,0,0,0,0,0.0806438096646634,0,0,0,0,0,0,0.381947388182062,0.110608770625714,0,0.930776791316351,0,0.275558908505926,0,0,0,0,0,0,0,0,0,0,0,0,0,0,0,0,0,0,0,0,0,0,0,0.00601457566454789,0,0,0,0,0,0,0,0,0,0,0,0,0,0,0,0,0,0,0,0,0,0,0,0,0,0,0,0,0,0,0,0,0,0,0,0,0,0,0,0,0.0181534692942321,0,0,0,0,0,0,0,0,0,0,0,0,0,0,0,0,0,0,0,0,0,0,0,0,0,0,0,0,0,0,0,0,0,0,0.529667650609828,0,0,0,0,0,0,0,4.03259899406348,0,0,0,0,0,0,0,0,0,1.1378878309659,0,0,0,0,0,0,0,0,0,0,0,0,0,0,0,0,0,0,0,0,0,0,0,0,0,0,0.0945268940313232,0,0,0,0,0,0.422674785186643,0,0,0,0,0,0,0,0,0,0,0,0,0,0,0,0,0.187007893689382,0,0.0663676112693204,0,0,0,0,0,0,0,0,0.00868329431014043,0,0,0,0,0.812226157547978,0,0,0,10.07540017,5.00160007,10.53370019,2.618300047,9.545400173,2.679200044,2.998100049,6.050400108,1.359400022,9.709700177,8.425700135,"WAK-00113"
"229",3450,"nSPC",2011,"PRIAs","Pacific Remote Island Areas","Wake","Wake",2011,"ForereefDeep","Wake","2011-03-26","Forereef","Deep",19.31377717,166.649086,24.2,20,12.5,2.5,5,55,5,0,0,3.5,NA,NA,NA,2,1,9.58700117147616,38.3138408031361,62.670980831652,29.8335186780967,140.405341484361,4.80402837155069,0,0,0,0,0,0,0,0,0,0,0,0,0,0,0,0,0,0,0,0,0,0,0,0,0,0,0,0,0.00282942121052258,0,0.0169765272631355,0,0,0,0,0,0,0,0,0,0,0,0,0,0,0,0,0,0,0,0,0,0,0,0,0,0.00282942121052258,0,0,0,0,0,0,0,0,0,0,0,0,0,0,0,0,0,0,0,0,0,0,0,0,0,0,0,0,0,0,0,0,0,0,0,0,0,0,0,0,0,0,0,0,0,0,0,0,0,0,0,0,0,0,0,0,0,0,0,0.00848826363156775,0,0,0,0.00282942121052258,0,0,0,0,0.0113176848420903,0,0,0,0,0,0,0,0,0,0,0,0,1.41471060526129,0.0396118969473162,0,0,0,0,0.00565884242104517,0,0,0,0,0,0,0,0,0,0,0,0,0,0,0,0,0,0,0,0,0,0,0,0,0,0,0.00565884242104517,0,0,0,0,0,0,0,0,0.00282942121052258,0,0,0,0.00565884242104517,0,0,0,0,0,0,0.00565884242104517,0,0,0,0,0,0,0,0.0877120575262001,0,0,0,0,0,0,0,0,0,0,0,0,0,0,0,0,0,0,0,0,0,0,0,0,0,0,0,0,0,0,0,0,0,0,0,0,0,0.0198059484736581,0,0,0,0,0,0,0,0,0,0,0,0,0,0,0,0,0,0,0,0,0,0,0,0,0,0,0,0,0,0,0,0,0,0,0,0,0,0,0,0,0.00282942121052258,0,0,0,0,0,0,0,0,0,0,0.00282942121052258,0,0,0,0,0,0,0,0,0,0,0,0,0,0,0,0,0,0,0,0,0,0,0,0,0,0,0,0,0,0,0,0,0,0,0,0.0198059484736581,0,0,0,0,0,0,0,0,0,0,0,0,0,0,0,0,0,0,0,0,0,0,0,0,0,0,0,0,0,0,0,0,0,0,0,0,0,0.00282942121052258,0,0,0,0,0,0,0,0,0,0,0,0,0,0.00282942121052258,0,0,0,0,0,0,0,0,0,0,0,0,0,0,0,0,0.00848826363156775,0.00848826363156775,0,0,0,0,0,0,0,0,0,0,0,0,0,0,0,0,0,0,0,0.0198059484736581,0,0.0254647908947033,0.00282942121052258,0,0,0,0,0,0,0,0,0,0,0,0,0,0,0,0,0,0,0,0,0,0,0,0,0,0,0,0,0,0.00565884242104517,0,0,0,0,0,0,0,0.00282942121052258,0,0.00282942121052258,0,0,0,0,0,0,0,0,0,0,0,0,0,0,0,0,0,0,0,0,0,0,0,0,0,0.00565884242104517,0,0,0,0,0,0,0,0,0,0,0,0,0,0,0,0,0,0,0,0,0,0,0,0,0,0,0,0,0,0,0,0,0,0,0,0,0,0,0,0,0.00565884242104517,0,0,0.113176848420903,0,0,0,0,0,0,0,0,0,0,0,0,0,0,0,0,0,0,0,0,0,0,0,0,0,0,0,0,0,0,0,0,0,0,0,0,0,0,0,0.00282942121052258,0,0,0,0,0,0,0,0,0,0,0,0,0,0,0,0,0,0,0,0,0,0,0,0,0,0,0,0,0,0,0,0,0,0,0,0,0.0254647908947033,0,0,0,0,0,0.00282942121052258,0,0,0,0,0,0,0,0,0,0,0,0,0,0,0,0,0.0113176848420903,0,0,0,0,0,0,0,0,0,0,0,0,0,0,0,0.0141471060526129,0,0,0,0,0,0,0,0,0,0,0,0,0,0,0,0,0,0,0,0,0,0,0,0,0,0,0,0,0,0,0,21.8438241189251,0,2.39029503864948,0,0,0,0,0,0,0,0,0,0,0,0,0,0,0,0,0,0,0,0,0,0,0,0,0,0.802140913183153,0,0,0,0,0,0,0,0,0,0,0,0,0,0,0,0,0,0,0,0,0,0,0,0,0,0,0,0,0,0,0,0,0,0,0,0,0,0,0,0,0,0,0,0,0,0,0,0,0,0,0,0,0,0,0,0,0,0,0,3.8165790950236,0,0,0,0.00804255019459387,0,0,0,0,0.0482385590379428,0,0,0,0,0,0,0,0,0,0,0,0,3.84705084309914,0.0263419114699653,0,0,0,0,0.486157350780733,0,0,0,0,0,0,0,0,0,0,0,0,0,0,0,0,0,0,0,0,0,0,0,0,0,0,0.281988661853712,0,0,0,0,0,0,0,0,0.140994330926856,0,0,0,0.119323859908858,0,0,0,0,0,0,3.14616103211405,0,0,0,0,0,0,0,51.4353459737207,0,0,0,0,0,0,0,0,0,0,0,0,0,0,0,0,0,0,0,0,0,0,0,0,0,0,0,0,0,0,0,0,0,0,0,0,0,1.61809628058447,0,0,0,0,0,0,0,0,0,0,0,0,0,0,0,0,0,0,0,0,0,0,0,0,0,0,0,0,0,0,0,0,0,0,0,0,0,0,0,0,4.03660871839593,0,0,0,0,0,0,0,0,0,0,0.0611154981472878,0,0,0,0,0,0,0,0,0,0,0,0,0,0,0,0,0,0,0,0,0,0,0,0,0,0,0,0,0,0,0,0,0,0,0,0.0903527563419808,0,0,0,0,0,0,0,0,0,0,0,0,0,0,0,0,0,0,0,0,0,0,0,0,0,0,0,0,0,0,0,0,0,0,0,0,0,0.00785111761276115,0,0,0,0,0,0,0,0,0,0,0,0,0,0.390946487283056,0,0,0,0,0,0,0,0,0,0,0,0,0,0,0,0,2.07065362841758,2.86354068445291,0,0,0,0,0,0,0,0,0,0,0,0,0,0,0,0,0,0,0,14.7451203007103,0,19.1447758563499,1.37647632095751,0,0,0,0,0,0,0,0,0,0,0,0,0,0,0,0,0,0,0,0,0,0,0,0,0,0,0,0,0,0.661016400166888,0,0,0,0,0,0,0,0.27065604470659,0,0.740718469869592,0,0,0,0,0,0,0,0,0,0,0,0,0,0,0,0,0,0,0,0,0,0,0,0,0,0.0388962351825164,0,0,0,0,0,0,0,0,0,0,0,0,0,0,0,0,0,0,0,0,0,0,0,0,0,0,0,0,0,0,0,0,0,0,0,0,0,0,0,0,0.0553387841312727,0,0,0.550551891506816,0,0,0,0,0,0,0,0,0,0,0,0,0,0,0,0,0,0,0,0,0,0,0,0,0,0,0,0,0,0,0,0,0,0,0,0,0,0,0,1.65786733943665,0,0,0,0,0,0,0,0,0,0,0,0,0,0,0,0,0,0,0,0,0,0,0,0,0,0,0,0,0,0,0,0,0,0,0,0,0.256307565720082,0,0,0,0,0,0.206264806247096,0,0,0,0,0,0,0,0,0,0,0,0,0,0,0,0,0.11591047778346,0,0,0,0,0,0,0,0,0,0,0,0,0,0,0,1.05379158146845,0,0,0,200.9492034,216.6893039,223.278104,196.8349033,208.8593036,191.1778033,205.8356035,189.4660033,211.3611038,185.0167032,196.1057034,"WAK-00081"
"230",3451,"nSPC",2011,"PRIAs","Pacific Remote Island Areas","Wake","Wake",2011,"ForereefMid","Wake","2011-03-26","Forereef","Mid",19.31542941,166.6425026,11.05,36.25,8.75,7.5,12.5,32.25,2.5,0,0.25,2,NA,NA,NA,4,2,5.87823909636508,5.48544814315512,19.2512383674954,2.64143652399978,33.2563621310154,4.70954112726086,0,0,0,0,0,0,0,0,0,0,0,0,0,0,0,0,0,0,0,0.0735649514735872,0,0,0,0,0,0,0,0,0,0,0,0,0,0,0,0,0,0,0,0,0,0,0,0,0,0,0,0,0,0,0,0,0,0,0,0,0,0,0,0,0,0,0,0,0,0,0,0,0,0,0,0,0,0,0,0,0,0,0,0,0,0,0,0,0,0,0,0,0,0,0,0,0,0,0,0,0,0,0,0,0,0,0,0,0,0,0,0,0,0,0,0,0,0,0,0,0.00565884242104517,0,0,0,0.0141471060526129,0,0,0,0,0.0127323954473516,0,0,0,0,0,0,0,0,0,0,0,0,0,0.00141471060526129,0,0,0,0,0.00141471060526129,0,0,0,0,0,0,0,0,0,0,0,0,0,0,0,0,0,0,0,0,0,0,0,0,0,0,0.00424413181578388,0,0,0,0,0,0,0,0,0.00565884242104517,0,0,0,0,0,0,0,0,0,0,0.00848826363156775,0,0,0,0,0.00141471060526129,0,0,0.00282942121052258,0,0.00282942121052258,0,0.990297423682904,0,0,0,0,0,0,0,0,0,0,0,0,0,0,0,0.00141471060526129,0,0,0,0,0,0,0,0.00141471060526129,0,0,0,0,0,0,0,0,0,0,0,0.00282942121052258,0,0,0,0,0,0,0,0,0,0,0,0,0,0,0,0,0,0,0,0,0,0,0,0,0,0,0,0,0,0,0,0,0,0,0,0,0,0,0,0,0,0,0,0.00141471060526129,0,0,0,0,0,0,0,0,0,0,0,0,0,0,0,0.00707355302630646,0,0,0,0,0,0,0,0,0,0,0,0,0,0,0,0,0,0,0,0,0,0,0,0,0,0.033953054526271,0,0,0,0,0,0,0,0,0.00141471060526129,0,0,0,0,0,0,0,0,0,0,0,0,0,0,0,0,0,0,0,0,0,0,0,0,0,0,0,0,0.00141471060526129,0,0,0,0,0,0,0,0,0,0,0,0,0,0,0,0,0,0,0,0,0,0,0,0,0,0,0,0,0,0.0198059484736581,0.0381971863420549,0,0,0,0,0,0,0,0,0,0,0,0,0,0,0,0,0,0,0,0,0,0,0,0,0,0,0,0,0,0,0,0,0,0,0,0,0,0,0,0,0,0,0,0,0,0,0,0,0,0,0,0,0,0.00424413181578388,0,0,0,0,0,0,0.00282942121052258,0.00141471060526129,0,0.00282942121052258,0,0.00141471060526129,0,0,0,0,0,0,0,0,0,0,0,0,0,0,0,0,0,0,0,0,0,0,0.00848826363156775,0.0113176848420903,0,0,0,0,0,0,0,0,0,0,0,0,0,0,0,0,0,0,0,0,0,0,0,0,0,0,0,0,0,0,0,0,0,0,0,0,0,0,0,0,0.00141471060526129,0,0,0,0,0,0,0,0,0,0,0,0,0,0,0,0,0,0,0,0,0,0,0,0,0,0,0,0,0,0,0,0,0,0,0,0,0,0,0,0,0,0,0.00424413181578388,0,0,0,0,0,0,0,0,0,0,0,0,0,0,0,0,0,0,0,0,0,0,0,0,0,0,0,0,0,0,0,0,0,0,0,0,0.0636619772367581,0,0,0,0,0,0,0,0,0,0,0,0,0,0,0,0,0,0,0,0,0,0,0.0155618166578742,0,0.0226353696841807,0,0,0,0,0,0,0,0,0,0,0,0,0,0.00141471060526129,0,0,0,0,0,0,0,0,0,0,0,0,0,0,0,0,0,0,0,0,0,0,1.52005606117234,0,0,0,0,0,0,0,0,0,0,0,0,0,0,0,0,0,0,0,0,0,0,0,0,0,0,0,0,0,0,0,0,0,0,0,0,0,0,0,0,0,0,0,0,0,0,0,0,0,0,0,0,0,0,0,0,0,0,0,0,0,0,0,0,0,0,0,0,0,0,0,0,0,0,0,0,0,0,0,0,0,0,0,0,0,0,0,0,0,0,0,0,0,0,0,0,4.01164475423004,0,0,0,0.0922996773365182,0,0,0,0,0.0522598341352397,0,0,0,0,0,0,0,0,0,0,0,0,0,0.000618935889801815,0,0,0,0,0.099985730124093,0,0,0,0,0,0,0,0,0,0,0,0,0,0,0,0,0,0,0,0,0,0,0,0,0,0,0.12262543894488,0,0,0,0,0,0,0,0,0.342315816211366,0,0,0,0,0,0,0,0,0,0,3.39836677376912,0,0,0,0,0.21950699775567,0,0,1.39386399524466,0,0.1734305985675,0,3.52585494728061,0,0,0,0,0,0,0,0,0,0,0,0,0,0,0,0.00101901604896971,0,0,0,0,0,0,0,0.283374535909365,0,0,0,0,0,0,0,0,0,0,0,0.159938242368366,0,0,0,0,0,0,0,0,0,0,0,0,0,0,0,0,0,0,0,0,0,0,0,0,0,0,0,0,0,0,0,0,0,0,0,0,0,0,0,0,0,0,0,0.895318750382839,0,0,0,0,0,0,0,0,0,0,0,0,0,0,0,0.150852783436817,0,0,0,0,0,0,0,0,0,0,0,0,0,0,0,0,0,0,0,0,0,0,0,0,0,0.138031616102618,0,0,0,0,0,0,0,0,0.193532410799745,0,0,0,0,0,0,0,0,0,0,0,0,0,0,0,0,0,0,0,0,0,0,0,0,0,0,0,0,0.00392555880638058,0,0,0,0,0,0,0,0,0,0,0,0,0,0,0,0,0,0,0,0,0,0,0,0,0,0,0,0,0,1.95897425998471,10.6945744265496,0,0,0,0,0,0,0,0,0,0,0,0,0,0,0,0,0,0,0,0,0,0,0,0,0,0,0,0,0,0,0,0,0,0,0,0,0,0,0,0,0,0,0,0,0,0,0,0,0,0,0,0,0,0.499704886375438,0,0,0,0,0,0,0.382415746645418,0.0891549587313434,0,0.225796295834383,0,0.0684453913703302,0,0,0,0,0,0,0,0,0,0,0,0,0,0,0,0,0,0,0,0,0,0,0.0394910393017862,0.062954537840708,0,0,0,0,0,0,0,0,0,0,0,0,0,0,0,0,0,0,0,0,0,0,0,0,0,0,0,0,0,0,0,0,0,0,0,0,0,0,0,0,0.00907673464711605,0,0,0,0,0,0,0,0,0,0,0,0,0,0,0,0,0,0,0,0,0,0,0,0,0,0,0,0,0,0,0,0,0,0,0,0,0,0,0,0,0,0,1.31117435349174,0,0,0,0,0,0,0,0,0,0,0,0,0,0,0,0,0,0,0,0,0,0,0,0,0,0,0,0,0,0,0,0,0,0,0,0,0.573841398900326,0,0,0,0,0,0,0,0,0,0,0,0,0,0,0,0,0,0,0,0,0,0,0.26513641990778,0,0.242954618439245,0,0,0,0,0,0,0,0,0,0,0,0,0,0.0538445884785327,0,0,0,196.8446033,216.3011039,219.2924039,194.9301033,207.4130035,189.1539032,202.5985035,186.7042032,209.7965038,179.7811031,195.0906034,"WAK-00090"
"231",3452,"nSPC",2011,"PRIAs","Pacific Remote Island Areas","Wake","Wake",2011,"ForereefShallow","Wake","2011-03-26","Forereef","Shallow",19.31508232,166.6341474,5.25,7.5,0,3.5,40,48.5,0,0,0.5,2.25,NA,NA,NA,4,2,4.53682969977325,4.54378523354117,22.9410358678956,5.91334541285379,37.9349962140639,2.03261955778258,0,0,0,0,0,0.00282942121052258,0,0,0,0,0,0,0,0,0,0,0,0,0,0.132982796894561,0,0,0,0,0,0,0,0,0,0,0,0,0,0,0,0,0,0,0,0,0,0,0,0,0,0,0,0,0,0,0,0,0,0,0,0,0,0,0,0,0,0,0,0,0,0,0,0,0,0,0,0,0,0,0,0,0,0,0,0,0,0,0,0,0,0,0,0,0,0,0,0,0,0,0,0,0,0,0,0,0,0,0,0,0,0,0,0,0,0,0,0,0,0,0,0,0.00565884242104517,0,0,0,0.0141471060526129,0,0,0,0,0,0,0,0,0,0,0,0,0,0,0,0,0,0,0.00282942121052258,0,0,0,0,0,0,0,0,0,0,0,0,0,0,0.00282942121052258,0,0,0,0,0,0,0,0,0,0,0,0,0,0,0,0,0.00707355302630646,0,0,0,0,0,0,0,0,0,0,0,0,0,0,0,0,0,0,0,0.00141471060526129,0,0,0,0,0.00565884242104517,0,0,0.00424413181578388,0,0,0,0.389045416446855,0,0,0,0,0,0,0,0,0,0,0,0,0,0,0,0.00282942121052258,0,0,0,0,0,0.00141471060526129,0,0.00282942121052258,0,0,0,0,0,0,0,0,0,0.00141471060526129,0,0.00282942121052258,0,0,0.0113176848420903,0,0,0,0,0,0,0,0,0,0,0,0,0,0,0,0,0,0,0,0,0,0,0,0,0,0,0,0,0,0,0,0,0,0,0,0,0,0,0,0,0,0,0,0,0,0,0,0,0,0,0,0,0,0,0,0,0.00424413181578388,0,0,0,0,0,0,0,0,0,0,0,0,0,0,0,0.00141471060526129,0,0,0,0,0,0,0,0,0,0.0226353696841807,0,0,0,0,0,0,0,0,0.00282942121052258,0,0,0,0,0,0,0,0,0,0,0,0,0,0,0,0,0,0,0,0,0,0,0,0,0,0,0,0,0.00848826363156775,0,0,0,0,0,0,0,0,0,0,0.00141471060526129,0,0,0,0,0,0,0,0,0,0,0,0,0,0,0,0,0,0,0.00848826363156775,0.0113176848420903,0,0,0,0,0,0,0,0,0,0,0,0,0,0,0,0,0,0,0,0,0,0,0,0.00848826363156775,0,0,0,0,0,0,0,0,0,0,0,0,0,0,0,0,0,0,0,0,0,0,0,0,0,0,0,0,0,0,0,0,0,0,0,0,0,0.00282942121052258,0,0,0,0,0,0,0,0,0,0,0,0,0,0,0,0,0,0,0,0,0,0,0,0,0,0,0.0254647908947033,0,0,0,0,0,0,0.00141471060526129,0,0,0,0,0,0,0,0,0,0,0,0,0,0,0,0,0,0,0,0,0,0,0,0,0,0,0,0,0,0,0,0,0,0,0,0,0,0,0,0,0,0,0,0,0,0,0,0,0,0,0,0,0,0,0,0,0,0,0,0,0,0,0,0,0,0,0,0,0,0,0,0,0,0,0,0,0,0.00424413181578388,0,0,0,0,0,0,0,0,0,0,0,0,0,0,0,0,0,0,0,0,0,0,0,0,0,0,0,0,0,0,0,0,0,0,0,0,0.00848826363156775,0,0,0,0,0,0,0,0,0,0,0,0,0,0,0,0,0,0,0,0,0,0,0,0.00282942121052258,0.033953054526271,0,0,0,0,0,0,0,0,0,0,0,0,0,0.00141471060526129,0,0,0,0,0,0,0,0,0.456703951143477,0,0,0,0,0,0,0,0,0,0,0,0,0,5.21245665216727,0,0,0,0,0,0,0,0,0,0,0,0,0,0,0,0,0,0,0,0,0,0,0,0,0,0,0,0,0,0,0,0,0,0,0,0,0,0,0,0,0,0,0,0,0,0,0,0,0,0,0,0,0,0,0,0,0,0,0,0,0,0,0,0,0,0,0,0,0,0,0,0,0,0,0,0,0,0,0,0,0,0,0,0,0,0,0,0,0,0,0,0,0,0,0,0,2.4624519722934,0,0,0,0.0932368075214861,0,0,0,0,0,0,0,0,0,0,0,0,0,0,0,0,0,0,0.00123787177960363,0,0,0,0,0,0,0,0,0,0,0,0,0,0,0.253284327047767,0,0,0,0,0,0,0,0,0,0,0,0,0,0,0,0,0.447778231035264,0,0,0,0,0,0,0,0,0,0,0,0,0,0,0,0,0,0,0,0.48682157287407,0,0,0,0,1.95684804065825,0,0,1.17718309588633,0,0,0,1.63663908732984,0,0,0,0,0,0,0,0,0,0,0,0,0,0,0,0.00398990832001842,0,0,0,0,0,0.00855652540623826,0,1.4518044021945,0,0,0,0,0,0,0,0,0,0.0189572885898742,0,0.233181399909626,0,0,0.456596352513335,0,0,0,0,0,0,0,0,0,0,0,0,0,0,0,0,0,0,0,0,0,0,0,0,0,0,0,0,0,0,0,0,0,0,0,0,0,0,0,0,0,0,0,0,0,0,0,0,0,0,0,0,0,0,0,0,0.0845184960177583,0,0,0,0,0,0,0,0,0,0,0,0,0,0,0,0.282942121052258,0,0,0,0,0,0,0,0,0,0.0921026118896285,0,0,0,0,0,0,0,0,0.38706482159949,0,0,0,0,0,0,0,0,0,0,0,0,0,0,0,0,0,0,0,0,0,0,0,0,0,0,0,0,0.0225872624318055,0,0,0,0,0,0,0,0,0,0,1.32408002924945,0,0,0,0,0,0,0,0,0,0,0,0,0,0,0,0,0,0,2.90590827443172,3.59612615057092,0,0,0,0,0,0,0,0,0,0,0,0,0,0,0,0,0,0,0,0,0,0,0,9.45339410932637,0,0,0,0,0,0,0,0,0,0,0,0,0,0,0,0,0,0,0,0,0,0,0,0,0,0,0,0,0,0,0,0,0,0,0,0,0,0.467355577178134,0,0,0,0,0,0,0,0,0,0,0,0,0,0,0,0,0,0,0,0,0,0,0,0,0,0,0.118473117905359,0,0,0,0,0,0,0.00361045941939586,0,0,0,0,0,0,0,0,0,0,0,0,0,0,0,0,0,0,0,0,0,0,0,0,0,0,0,0,0,0,0,0,0,0,0,0,0,0,0,0,0,0,0,0,0,0,0,0,0,0,0,0,0,0,0,0,0,0,0,0,0,0,0,0,0,0,0,0,0,0,0,0,0,0,0,0,0,1.54579798490851,0,0,0,0,0,0,0,0,0,0,0,0,0,0,0,0,0,0,0,0,0,0,0,0,0,0,0,0,0,0,0,0,0,0,0,0,0.0854358552400272,0,0,0,0,0,0,0,0,0,0,0,0,0,0,0,0,0,0,0,0,0,0,0,0.865643735476819,0.233240366597158,0,0,0,0,0,0,0,0,0,0,0,0,0,0.108987754098691,0,0,0,0,0,0,0,0,0,0,0,0,0,0,"WAK-00118"
"232",3453,"nSPC",2011,"PRIAs","Pacific Remote Island Areas","Wake","Wake",2011,"ForereefShallow","Wake","2011-03-26","Forereef","Shallow",19.32123195,166.6035044,5.15,12.5,0,4.25,20,62,0,0,1.25,2.75,NA,NA,NA,4,2,14.0794023258329,33.9746418763142,28.6832078006242,8.57044749317493,85.3076994959462,6.19929741382556,0,0,0,0,0,0,0,0,0,0,0,0,0,0,0,0,0,0,0,0.0721502408683259,0,0,0,0,0,0,0.00141471060526129,0,0,0,0,0,0,0,0,0,0,0,0,0,0,0,0,0,0,0,0,0,0,0,0,0,0,0,0,0,0.00282942121052258,0,0,0,0,0,0,0,0,0,0,0,0,0,0,0,0,0,0,0,0,0,0,0,0,0,0,0,0,0,0,0,0,0,0,0,0,0,0,0,0,0,0,0,0,0,0,0,0,0,0,0,0,0,0,0,0,0,0,0,0.00990297423682904,0,0,0,0.0127323954473516,0,0,0,0,0.0113176848420903,0,0,0,0,0,0,0,0,0,0,0,0,0,0,0,0,0,0,0,0,0,0,0,0,0,0,0,0,0,0,0,0.00282942121052258,0,0,0,0,0,0,0,0,0,0,0,0,0,0,0,0,0,0,0,0,0,0,0.00282942121052258,0,0,0,0,0,0,0,0,0,0,0.00424413181578388,0,0,0,0,0.00282942121052258,0,0,0.00990297423682904,0,0,0,0.848826363156775,0,0,0,0,0,0,0,0,0,0,0,0,0,0,0,0,0,0,0,0,0,0.00141471060526129,0,0.00141471060526129,0,0,0,0,0,0,0,0,0,0,0,0.00707355302630646,0,0,0,0,0,0,0,0,0,0,0,0,0,0,0,0,0,0,0,0,0,0,0,0,0,0,0,0,0,0,0,0,0,0,0,0,0,0,0.00141471060526129,0,0,0,0,0.00141471060526129,0,0,0,0,0,0,0,0,0,0,0,0,0,0,0,0.0141471060526129,0,0,0,0,0,0,0,0,0,0,0,0,0,0,0,0,0,0,0,0,0,0,0,0,0,0.0169765272631355,0,0,0,0,0,0,0,0,0,0,0,0,0,0.0396118969473162,0,0,0,0,0,0,0,0,0,0,0,0,0,0,0,0,0,0,0,0,0,0,0,0.00141471060526129,0,0,0,0,0,0,0,0,0,0,0,0,0,0.00282942121052258,0,0,0.00141471060526129,0,0,0,0,0,0,0,0,0,0,0,0,0.00707355302630646,0.033953054526271,0,0,0,0,0,0,0,0,0.0622472666314969,0,0,0,0,0,0,0,0,0,0,0,0,0,0,0.00565884242104517,0,0,0,0,0,0,0,0,0,0,0,0,0,0,0,0,0,0,0,0,0,0,0,0,0,0,0,0,0,0.00282942121052258,0.00141471060526129,0,0,0,0,0,0.0113176848420903,0.00141471060526129,0,0,0,0,0,0,0,0,0,0,0,0,0,0,0,0,0,0,0,0,0,0,0,0,0,0,0.00848826363156775,0.00990297423682904,0,0,0,0,0,0,0,0,0,0,0,0,0,0,0,0,0,0,0,0,0,0,0,0,0,0,0,0,0,0,0,0,0,0,0,0,0,0,0,0,0,0,0,0,0,0,0,0,0,0,0,0,0,0,0,0,0,0,0,0,0,0,0,0,0,0.00141471060526129,0,0,0,0,0,0,0,0,0.00282942121052258,0.00141471060526129,0,0,0,0,0,0,0,0.00707355302630646,0,0,0,0,0,0,0,0,0,0,0,0,0,0,0,0,0,0,0,0,0,0,0,0,0,0,0,0,0,0,0,0,0,0,0,0,0.00707355302630646,0,0,0,0,0,0,0,0,0,0,0,0,0,0,0,0,0,0,0,0,0,0,0.0113176848420903,0,0.0268795014999645,0,0,0,0,0,0,0,0,0,0,0,0,0,0.00282942121052258,0,0,0,0,0,0,0,0,0,0,0,0,0,0,0,0,0,0,0,0,0,0,1.94276347493899,0,0,0,0,0,0,0.0724145205763515,0,0,0,0,0,0,0,0,0,0,0,0,0,0,0,0,0,0,0,0,0,0,0,0,0,0,0,0,0,1.03795548719764,0,0,0,0,0,0,0,0,0,0,0,0,0,0,0,0,0,0,0,0,0,0,0,0,0,0,0,0,0,0,0,0,0,0,0,0,0,0,0,0,0,0,0,0,0,0,0,0,0,0,0,0,0,0,0,0,0,0,0,3.35350697717872,0,0,0,0.0819851526343977,0,0,0,0,0.0402043799081591,0,0,0,0,0,0,0,0,0,0,0,0,0,0,0,0,0,0,0,0,0,0,0,0,0,0,0,0,0,0,0,1.95662665135832,0,0,0,0,0,0,0,0,0,0,0,0,0,0,0,0,0,0,0,0,0,0,0.179111292414106,0,0,0,0,0,0,0,0,0,0,0.752896362954311,0,0,0,0,1.6506826221464,0,0,4.33389562293887,0,0,0,3.12344758916706,0,0,0,0,0,0,0,0,0,0,0,0,0,0,0,0,0,0,0,0,0,0.00293876393519686,0,1.46031877801857,0,0,0,0,0,0,0,0,0,0,0,1.31580696575295,0,0,0,0,0,0,0,0,0,0,0,0,0,0,0,0,0,0,0,0,0,0,0,0,0,0,0,0,0,0,0,0,0,0,0,0,0,0,5.01779267306213,0,0,0,0,1.34588483192871,0,0,0,0,0,0,0,0,0,0,0,0,0,0,0,0.183892432283244,0,0,0,0,0,0,0,0,0,0,0,0,0,0,0,0,0,0,0,0,0,0,0,0,0,0.0847080610269883,0,0,0,0,0,0,0,0,0,0,0,0,0,6.94974887181883,0,0,0,0,0,0,0,0,0,0,0,0,0,0,0,0,0,0,0,0,0,0,0,0.00240776012451825,0,0,0,0,0,0,0,0,0,0,0,0,0,1.30578245760523,0,0,1.93236619639266,0,0,0,0,0,0,0,0,0,0,0,0,2.70797123903468,8.3453099675274,0,0,0,0,0,0,0,0,21.1934741762936,0,0,0,0,0,0,0,0,0,0,0,0,0,0,6.14900946398004,0,0,0,0,0,0,0,0,0,0,0,0,0,0,0,0,0,0,0,0,0,0,0,0,0,0,0,0,0,0.308549189392533,0.0155088176538089,0,0,0,0,0,0.887798369522108,0.19554860115843,0,0,0,0,0,0,0,0,0,0,0,0,0,0,0,0,0,0,0,0,0,0,0,0,0,0,0.0335482783733159,0.0495209959139977,0,0,0,0,0,0,0,0,0,0,0,0,0,0,0,0,0,0,0,0,0,0,0,0,0,0,0,0,0,0,0,0,0,0,0,0,0,0,0,0,0,0,0,0,0,0,0,0,0,0,0,0,0,0,0,0,0,0,0,0,0,0,0,0,0,0.131206005420854,0,0,0,0,0,0,0,0,2.42775650439608,0.51725356504866,0,0,0,0,0,0,0,3.48977439951293,0,0,0,0,0,0,0,0,0,0,0,0,0,0,0,0,0,0,0,0,0,0,0,0,0,0,0,0,0,0,0,0,0,0,0,0,0.0609000052026056,0,0,0,0,0,0,0,0,0,0,0,0,0,0,0,0,0,0,0,0,0,0,0.302706754885203,0,0.226043167863952,0,0,0,0,0,0,0,0,0,0,0,0,0,0.138682069403646,0,0,0,0,0,0,0,0,0,0,0,0,0,0,"WAK-00131"
"233",3454,"nSPC",2011,"PRIAs","Pacific Remote Island Areas","Wake","Wake",2011,"ForereefMid","Wake","2011-03-26","Forereef","Mid",19.31553679,166.6330482,14,27.5,18.75,2.75,6.25,44.25,0.5,0,0,2,NA,NA,NA,4,2,11.0077566177431,2.55928253646554,26.5021848126169,26.0425886762648,66.1118126430904,2.47923694981216,0,0.00141471060526129,0,0,0,0,0,0,0,0,0,0,0,0,0,0,0,0.00141471060526129,0,0.0396118969473162,0,0,0,0,0,0,0,0,0.00141471060526129,0,0,0,0,0,0,0,0,0,0,0,0,0,0,0,0,0,0,0,0,0,0,0,0,0,0,0,0.00141471060526129,0,0,0,0,0,0,0,0,0,0,0,0,0,0,0,0,0,0,0,0,0,0,0,0,0,0,0,0,0,0,0,0,0,0,0,0,0,0,0.00141471060526129,0,0,0,0,0,0,0,0,0,0,0,0,0,0,0,0,0,0,0,0,0.00848826363156775,0,0,0,0.0169765272631355,0,0,0,0,0.00990297423682904,0,0,0,0,0,0,0,0,0,0,0,0,0.848826363156775,0.0452707393683613,0,0,0,0,0,0,0,0,0,0,0,0,0,0,0,0,0,0,0,0,0,0,0,0,0,0,0,0,0,0,0,0.00282942121052258,0,0,0,0,0,0,0,0,0,0,0,0,0.00990297423682904,0,0,0,0,0,0,0.00282942121052258,0,0,0,0,0.00282942121052258,0,0,0.091956189341984,0,0,0,0,0,0,0,0,0,0,0,0,0,0,0,0,0,0,0,0,0,0.00141471060526129,0,0,0,0,0,0.00565884242104517,0,0,0,0,0,0,0,0,0,0.0438560287631001,0,0,0,0,0.00565884242104517,0,0,0,0,0,0,0,0,0,0,0,0,0,0,0,0,0,0,0,0,0,0,0,0,0,0,0,0,0,0,0,0,0,0,0,0.00282942121052258,0,0,0,0,0,0,0,0,0,0,0,0,0,0,0,0,0,0,0,0,0.0155618166578742,0,0,0,0,0,0,0,0,0.00141471060526129,0.00141471060526129,0,0,0,0,0,0,0,0,0,0,0,0,0,0,0,0.0183912378683968,0,0,0,0,0,0,0,0,0,0,0,0,0,0.00282942121052258,0,0,0,0,0,0,0,0,0,0,0,0,0,0,0,0,0,0,0,0,0,0,0,0.00282942121052258,0,0,0,0,0,0,0,0,0,0,0,0,0,0.00424413181578388,0,0,0.00141471060526129,0,0,0,0,0,0,0,0,0,0,0,0,0,0.00424413181578388,0.00282942121052258,0,0,0,0,0,0,0.00282942121052258,0.00565884242104517,0,0,0,0,0,0,0,0,0,0,0,0,0,0,0.00141471060526129,0,0,0,0,0,0,0,0,0,0,0,0,0,0,0,0.0127323954473516,0,0,0,0,0,0,0,0,0,0,0,0,0,0.00141471060526129,0.00141471060526129,0,0,0,0,0,0.00707355302630646,0,0,0.00282942121052258,0,0.00141471060526129,0,0,0,0,0,0,0,0,0,0,0,0,0,0,0,0,0,0,0,0,0,0,0,0.0212206590789194,0,0,0,0,0,0,0,0,0,0,0,0,0,0,0,0,0,0,0,0,0,0,0,0,0,0,0,0,0,0,0,0,0,0,0,0,0,0,0,0,0.0155618166578742,0,0,0.00707355302630646,0,0.00141471060526129,0,0,0,0,0,0,0,0,0,0,0,0,0,0,0,0,0,0,0,0,0,0,0,0,0,0,0,0,0.00141471060526129,0.00282942121052258,0,0,0,0,0,0,0,0.00424413181578388,0,0,0,0,0,0,0,0,0,0,0,0,0,0,0,0,0,0,0,0,0,0,0,0,0,0,0,0,0,0,0,0,0,0,0,0.00141471060526129,0.0763943726841098,0,0,0,0,0,0,0,0,0,0,0,0,0,0,0,0,0,0,0,0,0,0,0.0565884242104517,0,0.00707355302630646,0,0,0,0,0,0,0,0,0,0,0,0,0,0.00141471060526129,0,0,0,0,0.142548504123096,0,0,0,0,0,0,0,0,0,0,0,0,0,0,0,0.0101627085685684,0,0.417407380502375,0,0,0,0,0,0,0,0,20.4681563323796,0,0,0,0,0,0,0,0,0,0,0,0,0,0,0,0,0,0,0,0,0,0,0,0,0,0,0,0.232100958675681,0,0,0,0,0,0,0,0,0,0,0,0,0,0,0,0,0,0,0,0,0,0,0,0,0,0,0,0,0,0,0,0,0,0,0,0,0,0,0.000687206698145313,0,0,0,0,0,0,0,0,0,0,0,0,0,0,0,0,0,0,0,0,1.99738298270665,0,0,0,0.0575343922378293,0,0,0,0,0.00911756401838127,0,0,0,0,0,0,0,0,0,0,0,0,0.942417957958441,0.0156417478070715,0,0,0,0,0,0,0,0,0,0,0,0,0,0,0,0,0,0,0,0,0,0,0,0,0,0,0,0,0,0,0,0.223531678154915,0,0,0,0,0,0,0,0,0,0,0,0,0.10541384946259,0,0,0,0,0,0,1.21658719954146,0,0,0,0,0.250054750943488,0,0,21.001994383276,0,0,0,0,0,0,0,0,0,0,0,0,0,0,0,0,0,0,0,0,0,0.0029340199630071,0,0,0,0,0,1.10111374065796,0,0,0,0,0,0,0,0,0,0.40144285718246,0,0,0,0,0.269640761786561,0,0,0,0,0,0,0,0,0,0,0,0,0,0,0,0,0,0,0,0,0,0,0,0,0,0,0,0,0,0,0,0,0,0,0,3.99912743415416,0,0,0,0,0,0,0,0,0,0,0,0,0,0,0,0,0,0,0,0,0.143188209948933,0,0,0,0,0,0,0,0,2.83613957853628,1.36629299140399,0,0,0,0,0,0,0,0,0,0,0,0,0,0,0,0.0397951019706975,0,0,0,0,0,0,0,0,0,0,0,0,0,0.21259535326352,0,0,0,0,0,0,0,0,0,0,0,0,0,0,0,0,0,0,0,0,0,0,0,0.0027012170491327,0,0,0,0,0,0,0,0,0,0,0,0,0,0.485501558949246,0,0,0.391032717779601,0,0,0,0,0,0,0,0,0,0,0,0,0,0.484531626022359,0.766673903571517,0,0,0,0,0,0,0.378291794874505,0.98572055566253,0,0,0,0,0,0,0,0,0,0,0,0,0,0,0.688238160478757,0,0,0,0,0,0,0,0,0,0,0,0,0,0,0,0.540695445145874,0,0,0,0,0,0,0,0,0,0,0,0,0,0.0655664040651367,0.0155088176538089,0,0,0,0,0,0.120113550421599,0,0,0.513579688738082,0,0.0842052941781453,0,0,0,0,0,0,0,0,0,0,0,0,0,0,0,0,0,0,0,0,0,0,0,0.050133180966962,0,0,0,0,0,0,0,0,0,0,0,0,0,0,0,0,0,0,0,0,0,0,0,0,0,0,0,0,0,0,0,0,0,0,0,0,0,0,0,0,0.0380002266047538,0,0,0.018098477655744,0,0.000625870543262963,0,0,0,0,0,0,0,0,0,0,0,0,0,0,0,0,0,0,0,0,0,0,0,0,0,0,0,0,0.506204700954394,0.32528214593076,0,0,0,0,0,0,0,1.2626497502707,0,0,0,0,0,0,0,0,0,0,0,0,0,0,0,0,0,0,0,0,0,0,0,0,0,0,0,0,0,0,0,0,0,0,0,0.00651664924373117,0.467367263245391,0,0,0,0,0,0,0,0,0,0,0,0,0,0,0,0,0,0,0,0,0,0,0.347672475645786,0,0.0345504868148728,0,0,0,0,0,0,0,0,0,0,0,0,0,0.0693410347018229,0,0,0,158.1339027,186.3542033,191.8589034,165.5617028,166.2102029,151.7098026,175.328403,157.3192027,159.4888029,148.8713025,169.2239029,"WAK-00109"
"234",3455,"nSPC",2011,"PRIAs","Pacific Remote Island Areas","Wake","Wake",2011,"ForereefMid","Wake","2011-03-26","Forereef","Mid",19.31953311,166.6228907,15,17.5,20,10.5,7.5,40.5,4,0,0,2,NA,NA,NA,4,2,2.76899324671544,1.5949894926341,19.3213952950344,1.58789352408658,25.2732715584705,6.10631952253878,0,0,0,0,0,0,0,0,0,0,0,0,0,0,0,0,0,0,0,0.00282942121052258,0,0,0,0,0,0,0.00282942121052258,0,0,0,0,0,0,0,0,0,0,0,0,0,0,0.00141471060526129,0,0,0,0,0,0,0,0,0,0,0,0,0,0,0.00141471060526129,0,0,0,0,0,0,0,0,0,0,0,0,0,0,0,0,0,0,0,0,0,0,0,0,0,0,0,0,0,0,0,0,0,0,0,0,0,0,0,0,0,0,0,0,0,0,0,0,0,0,0,0,0,0,0,0,0,0,0,0.00848826363156775,0,0,0,0.00707355302630646,0,0,0,0,0.00707355302630646,0,0,0,0,0,0,0,0,0,0,0,0,1.35812218105084,0.0763943726841098,0,0,0,0,0,0,0,0,0,0,0,0,0,0,0,0,0,0.00141471060526129,0,0,0,0,0,0,0,0,0,0,0,0,0,0,0,0,0,0,0,0,0,0,0,0,0,0,0.00707355302630646,0,0,0,0,0,0,0.00990297423682904,0,0,0,0,0.00141471060526129,0,0,0.0381971863420549,0,0,0,0,0,0,0,0,0,0,0,0,0,0,0,0,0,0,0,0,0,0,0,0,0,0,0,0.00141471060526129,0,0,0,0,0,0,0,0,0,0.0353677651315323,0,0.00565884242104517,0,0,0.00565884242104517,0,0,0,0,0,0,0,0,0,0,0,0,0,0,0,0,0,0,0,0,0,0,0,0,0,0,0,0,0,0,0,0,0,0,0,0,0,0,0,0,0,0.00282942121052258,0,0,0,0,0,0,0,0,0,0,0,0,0,0,0.00707355302630646,0,0,0,0,0,0,0,0,0,0,0,0,0,0,0,0,0,0,0,0,0,0,0,0,0,0.033953054526271,0,0,0,0,0,0,0,0,0,0,0,0,0,0,0,0,0,0,0,0,0,0,0,0,0,0,0,0,0,0,0,0,0,0,0,0,0,0.00707355302630646,0,0,0,0,0,0,0,0,0,0,0,0,0,0,0,0,0,0,0,0,0,0,0,0,0,0,0,0,0,0,0.00424413181578388,0,0,0,0,0,0,0,0,0,0,0,0,0,0,0,0,0,0,0,0,0,0,0,0.00141471060526129,0,0,0,0,0,0,0,0,0,0,0,0,0,0,0,0,0,0,0,0,0,0,0,0,0,0,0,0,0,0.00141471060526129,0.00282942121052258,0,0,0,0,0,0.00141471060526129,0,0,0.00424413181578388,0,0.00424413181578388,0.00141471060526129,0,0,0,0,0,0,0,0,0,0,0,0,0,0,0,0,0,0,0,0,0,0,0.0113176848420903,0,0,0,0,0,0,0,0,0,0,0,0,0,0,0,0,0,0,0,0,0,0,0,0,0,0,0,0,0,0,0,0,0,0,0,0,0,0,0,0,0.0155618166578742,0,0,0.0297089227104871,0,0,0,0,0,0,0,0,0,0,0,0,0,0,0,0,0,0,0,0,0,0,0,0,0,0,0,0,0,0,0,0.00424413181578388,0,0,0,0,0,0,0,0.00424413181578388,0,0,0.00141471060526129,0,0,0,0,0,0,0,0.00141471060526129,0,0,0,0,0,0,0,0,0,0,0,0,0,0,0,0,0,0,0,0,0,0,0,0,0.00282942121052258,0.0523442923946678,0,0,0,0,0,0.00141471060526129,0,0,0,0,0,0,0,0,0,0,0,0,0,0,0,0,0.0608325560262356,0,0.00282942121052258,0,0,0,0,0,0,0,0,0,0,0,0,0,0.00141471060526129,0,0,0,0,0,0,0,0,0,0,0,0,0,0,0,0,0,0,0,0,0,0,0.0294755864581267,0,0,0,0,0,0,0.132272399380283,0,0,0,0,0,0,0,0,0,0,0,0,0,0,0.0729799686383116,0,0,0,0,0,0,0,0,0,0,0,0,0,0,0.232100958675681,0,0,0,0,0,0,0,0,0,0,0,0,0,0,0,0,0,0,0,0,0,0,0,0,0,0,0,0,0,0,0,0,0,0,0,0,0,0,0,0,0,0,0,0,0,0,0,0,0,0,0,0,0,0,0,0,0,0,0,0.749175888715913,0,0,0,0.0369872708281904,0,0,0,0,0.00481136399817003,0,0,0,0,0,0,0,0,0,0,0,0,1.45925135395734,0.0315657303798926,0,0,0,0,0,0,0,0,0,0,0,0,0,0,0,0,0,1.19033299391022,0,0,0,0,0,0,0,0,0,0,0,0,0,0,0,0,0,0,0,0,0,0,0,0,0,0,0.075246610215008,0,0,0,0,0,0,2.18183000633202,0,0,0,0,0.0910336703782567,0,0,10.4485065698076,0,0,0,0,0,0,0,0,0,0,0,0,0,0,0,0,0,0,0,0,0,0,0,0,0,0,0,0.0738000131959987,0,0,0,0,0,0,0,0,0,0.475666545041743,0,0.388519873642894,0,0,0.234637002649382,0,0,0,0,0,0,0,0,0,0,0,0,0,0,0,0,0,0,0,0,0,0,0,0,0,0,0,0,0,0,0,0,0,0,0,0,0,0,0,0,0,1.65869514850794,0,0,0,0,0,0,0,0,0,0,0,0,0,0,0.0167549341074521,0,0,0,0,0,0,0,0,0,0,0,0,0,0,0,0,0,0,0,0,0,0,0,0,0,0.057594707863974,0,0,0,0,0,0,0,0,0,0,0,0,0,0,0,0,0,0,0,0,0,0,0,0,0,0,0,0,0,0,0,0,0,0,0,0,0,0.00469808381941689,0,0,0,0,0,0,0,0,0,0,0,0,0,0,0,0,0,0,0,0,0,0,0,0,0,0,0,0,0,0,0.528159761288792,0,0,0,0,0,0,0,0,0,0,0,0,0,0,0,0,0,0,0,0,0,0,0,0.549994407056462,0,0,0,0,0,0,0,0,0,0,0,0,0,0,0,0,0,0,0,0,0,0,0,0,0,0,0,0,0,0.0978717168552477,0.021819955357728,0,0,0,0,0,0.0311495339606592,0,0,0.231384960033018,0,0.151072565143491,0.0168350562026094,0,0,0,0,0,0,0,0,0,0,0,0,0,0,0,0,0,0,0,0,0,0,0.0178494701935315,0,0,0,0,0,0,0,0,0,0,0,0,0,0,0,0,0,0,0,0,0,0,0,0,0,0,0,0,0,0,0,0,0,0,0,0,0,0,0,0,0.0589300682550831,0,0,0.0954172363964376,0,0,0,0,0,0,0,0,0,0,0,0,0,0,0,0,0,0,0,0,0,0,0,0,0,0,0,0,0,0,0,0.299162909910063,0,0,0,0,0,0,0,1.27855581702299,0,0,0.535749037380938,0,0,0,0,0,0,0,0.919851667892613,0,0,0,0,0,0,0,0,0,0,0,0,0,0,0,0,0,0,0,0,0,0,0,0,0.00875517190043431,0.298406697839113,0,0,0,0,0,0.0838504634580789,0,0,0,0,0,0,0,0,0,0,0,0,0,0,0,0,0.296297156159148,0,0.0185829311554097,0,0,0,0,0,0,0,0,0,0,0,0,0,0.0876382945047902,0,0,0,173.865703,197.6762035,213.6802038,173.5770029,195.9131033,172.680103,192.8814033,174.256903,194.3949035,162.9233028,184.5565032,"WAK-00116"
"235",3456,"nSPC",2011,"PRIAs","Pacific Remote Island Areas","Wake","Wake",2011,"ForereefMid","Wake","2011-03-26","Forereef","Mid",19.31466356,166.6453543,12.5,30,3,2.75,8.5,54.75,0.5,0.25,0.25,1.5,NA,NA,NA,4,2,1.52195116649797,0.815384496322005,9.60368989295053,1.74394466013099,13.6849702159015,5.6754654695187,0,0,0,0,0,0,0,0,0,0,0,0,0,0,0,0,0,0,0,0.0891267681314614,0,0,0,0,0,0,0,0,0,0,0,0,0,0,0,0,0,0,0,0,0,0,0,0,0,0,0,0,0,0,0,0,0,0,0,0,0.00141471060526129,0,0,0,0,0,0,0,0,0,0,0,0,0,0,0,0,0,0,0,0,0,0,0,0,0.00282942121052258,0,0,0,0,0,0,0,0,0,0,0,0,0,0.00282942121052258,0,0,0,0,0,0,0,0,0,0,0,0,0,0,0,0,0,0,0,0,0.00424413181578388,0,0,0,0.00848826363156775,0,0,0,0,0.00282942121052258,0,0,0,0,0,0,0,0,0,0,0,0,0.466854499736226,0.00141471060526129,0,0,0,0,0.00141471060526129,0,0,0,0,0,0,0,0,0,0,0,0,0,0,0,0,0,0,0,0,0,0,0,0,0,0,0.00565884242104517,0,0,0,0,0,0,0,0,0.00141471060526129,0,0,0,0.00141471060526129,0,0,0.00424413181578388,0,0,0,0.00990297423682904,0,0,0,0,0.00282942121052258,0,0,0.00141471060526129,0,0,0,0,0,0,0,0,0,0,0,0,0,0,0,0,0,0,0,0,0,0.00707355302630646,0,0,0,0,0,0,0,0,0,0,0,0,0,0,0,0.0183912378683968,0,0.00282942121052258,0,0,0,0,0,0,0,0,0,0,0,0,0,0,0,0,0,0,0,0,0,0,0,0,0,0,0,0,0,0,0,0,0,0,0,0,0,0,0,0,0,0,0,0,0,0,0,0,0,0,0,0,0,0,0,0,0,0,0,0.00424413181578388,0,0,0,0,0,0,0,0,0,0,0,0,0,0,0,0,0,0,0,0,0,0,0,0,0,0.0396118969473162,0,0,0,0,0,0,0,0,0,0,0,0,0,0,0,0,0,0,0,0,0,0,0,0,0,0,0,0,0,0,0,0,0,0,0,0,0,0.00707355302630646,0,0,0,0,0,0,0,0,0,0,0,0,0,0,0,0,0,0,0,0,0,0,0,0,0,0,0,0,0,0.00282942121052258,0.00565884242104517,0,0,0,0,0,0,0,0,0,0,0,0,0,0,0,0,0,0,0,0,0,0,0,0,0,0,0,0,0,0,0,0,0,0,0,0,0,0,0,0,0,0,0,0,0,0,0,0,0,0,0,0,0,0.00424413181578388,0.00424413181578388,0,0,0,0,0,0.00141471060526129,0.00282942121052258,0,0.00141471060526129,0,0.00424413181578388,0,0,0,0,0,0,0,0,0,0,0,0,0,0,0,0,0,0,0,0,0,0,0.00282942121052258,0.0113176848420903,0,0,0,0,0,0,0,0,0,0,0,0,0,0,0,0,0,0,0,0,0,0,0,0,0,0,0,0,0,0,0,0,0,0,0,0,0,0,0,0,0.00282942121052258,0,0,0,0,0,0,0,0,0,0,0,0,0,0,0,0,0,0,0,0,0,0,0,0,0,0,0,0,0,0,0,0,0,0,0,0,0,0,0,0,0,0,0.00707355302630646,0,0,0,0,0,0,0,0,0,0,0,0,0,0,0,0,0,0,0,0,0,0,0,0,0,0,0,0,0,0,0,0,0.00848826363156775,0,0,0,0.0495148711841452,0,0,0,0,0,0,0,0,0,0,0,0,0,0,0,0,0,0,0,0,0,0,0.0297089227104871,0,0.0212206590789194,0,0,0,0,0,0,0,0,0,0,0,0,0,0,0,0,0,0,0,0,0,0,0,0,0,0,0,0,0,0,0,0,0,0,0,0,1.54576687945712,0,0,0,0,0,0,0,0,0,0,0,0,0,0,0,0,0,0,0,0,0,0,0,0,0,0,0,0,0,0,0,0,0,0,0,0,0.326085135670307,0,0,0,0,0,0,0,0,0,0,0,0,0,0,0,0,0,0,0,0,0,0,0,0,0.00669024453210871,0,0,0,0,0,0,0,0,0,0,0,0,0,0.0246334079739779,0,0,0,0,0,0,0,0,0,0,0,0,0,0,0,0,0,0,0,0,0.84548668980063,0,0,0,0.0446237358203831,0,0,0,0,0.0206290494042411,0,0,0,0,0,0,0,0,0,0,0,0,0.52778325608362,0.000618935889801815,0,0,0,0,0.121539337695183,0,0,0,0,0,0,0,0,0,0,0,0,0,0,0,0,0,0,0,0,0,0,0,0,0,0,0.447063356309831,0,0,0,0,0,0,0,0,0.0895556462070528,0,0,0,0.014072780404688,0,0,0.198256448170317,0,0,0,2.0282076151393,0,0,0,0,0.318042161130463,0,0,0.854077774875591,0,0,0,0,0,0,0,0,0,0,0,0,0,0,0,0,0,0,0,0,0,0.013984030174279,0,0,0,0,0,0,0,0,0,0,0,0,0,0,0,0.334255823866537,0,0.177099089594906,0,0,0,0,0,0,0,0,0,0,0,0,0,0,0,0,0,0,0,0,0,0,0,0,0,0,0,0,0,0,0,0,0,0,0,0,0,0,0,0,0,0,0,0,0,0,0,0,0,0,0,0,0,0,0,0,0,0,0,0.0474837616713598,0,0,0,0,0,0,0,0,0,0,0,0,0,0,0,0,0,0,0,0,0,0,0,0,0,0.0967312620479224,0,0,0,0,0,0,0,0,0,0,0,0,0,0,0,0,0,0,0,0,0,0,0,0,0,0,0,0,0,0,0,0,0,0,0,0,0,0.00833018570118301,0,0,0,0,0,0,0,0,0,0,0,0,0,0,0,0,0,0,0,0,0,0,0,0,0,0,0,0,0,0.280292059816475,0.581679799923381,0,0,0,0,0,0,0,0,0,0,0,0,0,0,0,0,0,0,0,0,0,0,0,0,0,0,0,0,0,0,0,0,0,0,0,0,0,0,0,0,0,0,0,0,0,0,0,0,0,0,0,0,0,0.159352167897375,0.0106041933174744,0,0,0,0,0,0.0707226804376531,0.120304492692003,0,0.0161346139430312,0,0.0997374291807068,0,0,0,0,0,0,0,0,0,0,0,0,0,0,0,0,0,0,0,0,0,0,0.00111820323753005,0.0319446385427531,0,0,0,0,0,0,0,0,0,0,0,0,0,0,0,0,0,0,0,0,0,0,0,0,0,0,0,0,0,0,0,0,0,0,0,0,0,0,0,0,0.0181534692942321,0,0,0,0,0,0,0,0,0,0,0,0,0,0,0,0,0,0,0,0,0,0,0,0,0,0,0,0,0,0,0,0,0,0,0,0,0,0,0,0,0,0,3.6472578543794,0,0,0,0,0,0,0,0,0,0,0,0,0,0,0,0,0,0,0,0,0,0,0,0,0,0,0,0,0,0,0,0,0.016080166623642,0,0,0,0.315394665717773,0,0,0,0,0,0,0,0,0,0,0,0,0,0,0,0,0,0,0,0,0,0,0.158199963208135,0,0.0669772100691274,0,0,0,0,0,0,0,0,0,0,0,0,0,0,0,0,0,198.9986034,216.4065039,221.067204,195.6516033,207.9923035,190.7629033,203.6236035,187.3422032,210.8565038,182.3798031,195.8775034,"WAK-00110"
"236",3457,"nSPC",2011,"PRIAs","Pacific Remote Island Areas","Wake","Wake",2011,"ForereefMid","Wake","2011-03-26","Forereef","Mid",19.32548669,166.6076992,14,23.75,7.5,2.5,8.75,56.75,0.5,0,0.25,1.5,NA,NA,NA,4,2,2.03865906340449,0.815684684202536,17.3400709559205,3.66064501864422,23.8550597221717,4.90549687581852,0,0,0,0,0,0,0,0,0,0,0,0,0,0,0,0,0,0.00141471060526129,0,0.0268795014999645,0,0,0,0,0,0,0,0,0,0,0,0,0,0,0,0,0,0,0,0,0,0.00424413181578388,0,0,0,0,0,0,0,0,0,0,0,0,0,0,0,0,0,0,0,0,0,0,0,0,0,0,0,0,0,0,0,0,0,0,0,0,0,0,0,0.00141471060526129,0,0,0,0,0,0,0,0,0,0,0,0,0,0,0,0,0,0,0,0,0,0,0,0,0,0,0,0,0,0,0,0,0,0,0.00565884242104517,0,0,0,0.00565884242104517,0,0,0,0,0.0183912378683968,0,0,0,0,0,0,0,0,0,0,0,0,0.707355302630646,0.0481001605788839,0,0,0,0,0,0,0,0,0,0,0,0,0,0,0,0,0,0,0,0,0,0,0,0,0,0,0,0,0,0,0,0,0,0,0,0,0,0,0,0,0,0,0,0,0.00424413181578388,0,0,0,0,0,0,0.00424413181578388,0,0,0,0,0.00141471060526129,0,0,0.024050080289442,0,0.00141471060526129,0,0,0,0,0,0,0,0,0,0,0,0,0,0,0,0,0,0,0,0.00141471060526129,0,0,0,0,0,0.00141471060526129,0,0,0,0,0,0,0,0,0,0.0551737136051904,0,0.00141471060526129,0,0,0.00141471060526129,0,0,0,0,0,0,0,0,0,0,0,0,0,0,0,0,0,0,0,0,0,0,0,0,0,0,0,0,0,0,0,0,0,0,0,0,0,0,0,0,0,0,0,0,0,0,0,0,0,0,0,0,0,0,0,0,0.00990297423682904,0,0,0,0,0,0,0,0,0,0,0,0,0,0,0,0,0,0,0,0,0,0,0,0,0,0.0325383439210097,0,0,0,0,0,0,0,0,0,0,0,0,0,0,0,0,0,0,0,0,0,0,0,0,0,0,0,0,0,0,0,0,0,0,0,0,0,0.00707355302630646,0,0,0,0,0,0,0,0,0,0,0,0,0,0,0,0,0,0,0,0,0,0,0,0,0,0,0,0,0,0,0.0113176848420903,0,0,0,0,0,0,0,0,0,0,0,0,0,0,0,0,0,0,0,0,0,0,0,0.00424413181578388,0,0,0,0,0,0,0,0,0,0,0,0,0,0,0,0,0,0,0,0,0,0,0,0,0,0,0,0,0,0.00424413181578388,0.00707355302630646,0,0,0,0,0.00282942121052258,0.00565884242104517,0.00141471060526129,0,0.00707355302630646,0,0.00141471060526129,0,0,0,0,0,0,0,0,0,0,0,0,0,0,0,0,0,0,0,0,0,0,0,0.0226353696841807,0,0,0,0,0,0,0,0,0,0,0,0,0,0,0,0,0,0,0,0,0,0,0,0,0,0,0,0,0,0,0,0,0,0,0,0,0,0,0,0,0.00424413181578388,0,0,0,0,0.00141471060526129,0,0,0,0,0,0,0,0,0,0,0,0,0,0,0,0,0,0,0,0,0,0,0,0,0,0,0,0,0,0,0,0,0,0,0,0,0,0.00707355302630646,0,0,0,0,0,0,0,0,0,0,0,0,0,0,0,0,0,0,0,0,0,0,0,0,0,0,0,0,0,0,0,0,0,0,0,0,0.0438560287631,0,0,0,0,0,0.00141471060526129,0,0,0,0,0,0,0,0,0,0,0,0,0,0,0,0,0.0452707393683613,0,0.00848826363156775,0,0,0,0,0,0,0,0,0,0,0,0,0,0.00424413181578388,0,0,0,0,0,0,0,0,0,0,0,0,0,0,0,0,0,0,0,0,0.0217540092349465,0,0.562298289166797,0,0,0,0,0,0,0,0,0,0,0,0,0,0,0,0,0,0,0,0,0,0.413652185359468,0,0,0,0,0,0,0,0,0,0,0,0,0,0,0,0,0,0,0,0,0,0,0,0,0,0,0,0,0,0,0,0,0,0,0,0,0,0,0,0.00334512226605436,0,0,0,0,0,0,0,0,0,0,0,0,0,0,0,0,0,0,0,0,0,0,0,0,0,0,0,0,0,0,0,0,0,0,0.873577128197335,0,0,0,0.0258662943266758,0,0,0,0,0.0239043391662063,0,0,0,0,0,0,0,0,0,0,0,0,0.789849907444642,0.0224896544918388,0,0,0,0,0,0,0,0,0,0,0,0,0,0,0,0,0,0,0,0,0,0,0,0,0,0,0,0,0,0,0,0,0,0,0,0,0,0,0,0,0,0,0,0,0.042218341214064,0,0,0,0,0,0,1.87959050724628,0,0,0,0,0.159021080565231,0,0,6.69998981482745,0,0.0867152992837499,0,0,0,0,0,0,0,0,0,0,0,0,0,0,0,0,0,0,0,0.0029340199630071,0,0,0,0,0,0.245760893515536,0,0,0,0,0,0,0,0,0,1.03674139566699,0,0.0971299684107234,0,0,0.0982399347805997,0,0,0,0,0,0,0,0,0,0,0,0,0,0,0,0,0,0,0,0,0,0,0,0,0,0,0,0,0,0,0,0,0,0,0,0,0,0,0,0,0,0,0,0,0,0,0,0,0,0,0,0,0,0,0,0,0.0380048103000872,0,0,0,0,0,0,0,0,0,0,0,0,0,0,0,0,0,0,0,0,0,0,0,0,0,0.0919709023322787,0,0,0,0,0,0,0,0,0,0,0,0,0,0,0,0,0,0,0,0,0,0,0,0,0,0,0,0,0,0,0,0,0,0,0,0,0,0.0114422961045498,0,0,0,0,0,0,0,0,0,0,0,0,0,0,0,0,0,0,0,0,0,0,0,0,0,0,0,0,0,0,1.46103348200285,0,0,0,0,0,0,0,0,0,0,0,0,0,0,0,0,0,0,0,0,0,0,0,1.78822697459168,0,0,0,0,0,0,0,0,0,0,0,0,0,0,0,0,0,0,0,0,0,0,0,0,0,0,0,0,0,0.332658701674502,0.0702101374055228,0,0,0,0,0.716151407289919,0.0851222922820732,0.0311495339606592,0,1.96635943402158,0,0.0684453913703302,0,0,0,0,0,0,0,0,0,0,0,0,0,0,0,0,0,0,0,0,0,0,0,0.0399973595045724,0,0,0,0,0,0,0,0,0,0,0,0,0,0,0,0,0,0,0,0,0,0,0,0,0,0,0,0,0,0,0,0,0,0,0,0,0,0,0,0,0.0319881653270503,0,0,0,0,0.00155177462615821,0,0,0,0,0,0,0,0,0,0,0,0,0,0,0,0,0,0,0,0,0,0,0,0,0,0,0,0,0,0,0,0,0,0,0,0,0,3.02590636857224,0,0,0,0,0,0,0,0,0,0,0,0,0,0,0,0,0,0,0,0,0,0,0,0,0,0,0,0,0,0,0,0,0,0,0,0,0.310841755261899,0,0,0,0,0,0.0838504634580789,0,0,0,0,0,0,0,0,0,0,0,0,0,0,0,0,0.252645809009425,0,0.0568106752465382,0,0,0,0,0,0,0,0,0,0,0,0,0,0.305613802702172,0,0,0,182.8026031,207.9879037,217.4579039,183.7991031,192.0820033,175.487403,191.3816033,175.372203,188.1094034,171.3655029,191.6285033,"WAK-00105"
"237",3464,"nSPC",2011,"PRIAs","Pacific Remote Island Areas","Wake","Wake",2011,"ForereefDeep","Wake","2011-03-27","Forereef","Deep",19.27007628,166.6511118,24,25,1.25,6.25,6.25,21.25,40,0,0,2.75,NA,NA,NA,4,2,7.08041064763113,12.4428181356477,16.235002519014,17.128312848634,52.8865441509269,8.92936816756881,0,0,0,0,0,0,0,0,0.00424413181578388,0,0,0,0,0,0,0,0,0,0,0.0127323954473516,0,0,0,0,0,0.0127323954473516,0,0,0,0,0.00141471060526129,0,0,0,0,0,0,0,0,0,0,0.00282942121052258,0,0,0,0,0,0,0,0,0,0,0,0,0,0,0.00141471060526129,0,0,0,0,0,0,0,0,0,0,0,0,0,0,0,0,0,0,0,0,0,0,0,0,0.00141471060526129,0,0,0,0,0,0.00282942121052258,0,0,0,0,0,0,0,0,0,0,0,0,0.00141471060526129,0,0,0,0,0,0,0,0,0,0,0,0,0,0,0,0.00424413181578388,0,0,0,0.0141471060526129,0,0,0,0,0.0127323954473516,0,0,0,0,0,0,0,0,0,0,0,0,0.763943726841098,0.0990297423682904,0,0,0,0,0.00565884242104517,0,0,0,0,0,0,0,0,0,0.00282942121052258,0,0,0,0,0,0,0,0,0,0,0,0,0,0,0,0,0,0,0,0,0,0,0,0,0,0.00707355302630646,0,0,0,0.0127323954473516,0,0,0.00565884242104517,0,0,0,0.00848826363156775,0,0,0,0,0,0,0,0,0,0.00141471060526129,0,0,0,0,0,0,0,0,0,0,0,0,0,0,0,0,0,0,0,0,0,0,0,0,0,0.00141471060526129,0,0,0,0,0,0,0,0,0,0.0169765272631355,0,0.00141471060526129,0,0,0,0,0,0,0,0,0,0,0,0,0,0,0,0,0,0,0,0,0,0,0,0,0,0,0,0,0,0.00424413181578388,0,0,0.00141471060526129,0,0,0,0,0,0,0,0,0,0,0,0.00141471060526129,0,0,0,0,0,0.00282942121052258,0,0,0,0,0,0,0,0,0.00424413181578388,0,0,0,0,0,0,0,0,0,0,0,0,0,0,0,0,0,0,0,0,0,0,0,0,0,0.0127323954473516,0,0,0,0,0,0,0,0,0.00282942121052258,0,0,0,0,0.0155618166578742,0,0,0,0,0,0,0,0,0,0,0,0,0,0,0,0,0,0,0,0,0,0,0,0.00424413181578388,0,0,0,0,0,0.00282942121052258,0,0,0,0,0,0,0,0.00424413181578388,0,0,0.00141471060526129,0,0,0,0,0,0,0,0,0,0,0,0,0,0.00282942121052258,0.00141471060526129,0,0,0,0,0,0,0,0.0424413181578388,0,0,0,0,0,0,0,0,0,0,0,0,0,0,0.00141471060526129,0,0,0,0,0,0,0,0,0.00282942121052258,0,0,0,0,0,0,0,0,0,0,0,0,0,0,0,0,0,0,0,0,0.00424413181578388,0.00565884242104517,0,0,0,0,0.00848826363156775,0.00848826363156775,0,0,0.00565884242104517,0,0.00282942121052258,0,0,0,0,0,0,0,0,0,0,0,0,0,0,0,0,0,0,0,0,0,0,0,0.0127323954473516,0,0,0,0,0,0,0,0,0,0,0,0,0,0,0,0,0,0,0,0,0,0,0,0,0,0,0,0,0,0,0,0,0,0,0,0,0,0,0,0,0.0141471060526129,0,0,0.281527410446997,0,0.00141471060526129,0,0,0,0,0,0,0,0,0,0,0,0,0,0,0,0,0,0,0,0,0,0,0,0,0,0,0,0,0.00424413181578388,0,0,0,0,0,0,0,0,0.00848826363156775,0,0,0,0,0,0,0,0,0,0.00565884242104517,0,0,0,0,0,0,0,0,0,0,0,0,0,0,0,0,0,0,0,0,0,0,0,0,0,0,0,0,0,0,0,0,0.00282942121052258,0,0,0,0,0,0,0,0,0,0,0,0,0,0,0,0,0.00565884242104517,0,0,0,0,0,0,0,0,0,0,0,0,0,0.00141471060526129,0.00141471060526129,0.00990297423682904,0,0,0,0,0,0,0,0,0,0,0,3.76102224656355,0,0,0,0,0,0,0,0,0,0,0.201932737708991,0,0,0,0,0,0.95708016014243,0,0,0,0,0.230588774509717,0,0,0,0,0,0,0,0,0,0,0.119266470221251,0,0,0,0,0,0,0,0,0,0,0,0,0,0,0.326085135670307,0,0,0,0,0,0,0,0,0,0,0,0,0,0,0,0,0,0,0,0,0,0,0,0,0.00334512226605436,0,0,0,0,0,1.56356120227687,0,0,0,0,0,0,0,0,0,0,0,0,0.409961836182962,0,0,0,0,0,0,0,0,0,0,0,0,0,0,0,1.61953464955659,0,0,0,0.106325693495899,0,0,0,0,0.0244689460187726,0,0,0,0,0,0,0,0,0,0,0,0,1.36581254790104,0.0449198911382565,0,0,0,0,0.453922806369674,0,0,0,0,0,0,0,0,0,0.308604317414092,0,0,0,0,0,0,0,0,0,0,0,0,0,0,0,0,0,0,0,0,0,0,0,0,0,0.495201732616582,0,0,0,0.168081343420838,0,0,0.284900378115541,0,0,0,2.7746088119407,0,0,0,0,0,0,0,0,0,0.0700798373438954,0,0,0,0,0,0,0,0,0,0,0,0,0,0,0,0,0,0,0,0,0,0,0,0,0,0.130101845712334,0,0,0,0,0,0,0,0,0,0.891970345518374,0,0.190228366964478,0,0,0,0,0,0,0,0,0,0,0,0,0,0,0,0,0,0,0,0,0,0,0,0,0,0,0,0,0,1.16762374890152,0,0,0.158976120012694,0,0,0,0,0,0,0,0,0,0,0,0.812084861571825,0,0,0,0,0,0.20977470325875,0,0,0,0,0,0,0,0,0.220765441391795,0,0,0,0,0,0,0,0,0,0,0,0,0,0,0,0,0,0,0,0,0,0,0,0,0,0.0759587832887498,0,0,0,0,0,0,0,0,0.292621005129214,0,0,0,0,1.16545217783606,0,0,0,0,0,0,0,0,0,0,0,0,0,0,0,0,0,0,0,0,0,0,0,0.00874107905541708,0,0,0,0,0,2.23309540918509,0,0,0,0,0,0,0,0.770549524526069,0,0,1.37121857248731,0,0,0,0,0,0,0,0,0,0,0,0,0,0.690217876139193,0.66509643865494,0,0,0,0,0,0,0,7.39290416746897,0,0,0,0,0,0,0,0,0,0,0,0,0,0,0.688238160478757,0,0,0,0,0,0,0,0,0.00355467287316401,0,0,0,0,0,0,0,0,0,0,0,0,0,0,0,0,0,0,0,0,0.210271266681196,0.0383484004149426,0,0,0,0,1.28063112470553,0.292961288056834,0,0,0.930776791316351,0,0.076664952790004,0,0,0,0,0,0,0,0,0,0,0,0,0,0,0,0,0,0,0,0,0,0,0,0.0372114840940365,0,0,0,0,0,0,0,0,0,0,0,0,0,0,0,0,0,0,0,0,0,0,0,0,0,0,0,0,0,0,0,0,0,0,0,0,0,0,0,0,0.0768606830969218,0,0,1.35446890311934,0,0.000625870543262963,0,0,0,0,0,0,0,0,0,0,0,0,0,0,0,0,0,0,0,0,0,0,0,0,0,0,0,0,6.11753514964922,0,0,0,0,0,0,0,0,3.65557454185728,0,0,0,0,0,0,0,0,0,2.49918481377083,0,0,0,0,0,0,0,0,0,0,0,0,0,0,0,0,0,0,0,0,0,0,0,0,0,0,0,0,0,0,0,0,0.250329080411291,0,0,0,0,0,0,0,0,0,0,0,0,0,0,0,0,0.287425231462707,0,0,0,0,0,0,0,0,0,0,0,0,0,0.158835165775569,0.439131483295662,0.751229978557209,0,0,0,13.38500022,5.43620008,12.63600023,3.325600056,10.30750019,5.55400009,4.287000072,7.528100132,3.401000065,13.22240025,9.413400153,"WAK-00082"
"238",3465,"nSPC",2011,"PRIAs","Pacific Remote Island Areas","Wake","Wake",2011,"ForereefMid","Wake","2011-03-27","Forereef","Mid",19.28780509,166.6128398,13.5,18.75,0,2.75,6.25,45.5,26.25,0,0.5,3,NA,NA,NA,4,2,1.98962079640617,2.38839596885959,16.1959031115516,6.57998018274873,27.153900059566,4.79349009550079,0,0,0,0,0,0,0,0,0,0,0,0,0,0,0,0,0,0,0.00141471060526129,0.00565884242104517,0,0,0,0,0,0,0.0297089227104871,0,0,0,0.00282942121052258,0,0,0,0,0,0,0,0,0,0,0.00424413181578388,0,0,0,0,0,0,0,0,0,0,0,0,0,0,0.00282942121052258,0,0,0,0,0,0,0,0,0,0,0,0,0,0,0,0,0,0,0,0,0,0,0,0,0,0.00141471060526129,0,0,0,0,0,0,0,0,0,0,0,0,0,0,0,0,0,0,0,0,0,0,0,0,0,0,0,0,0,0,0,0,0,0.00141471060526129,0,0,0,0.00141471060526129,0,0,0,0,0.00848826363156775,0,0,0,0,0,0,0,0,0,0,0,0,0.657840431446501,0.0198059484736581,0,0,0,0,0.00990297423682904,0,0,0,0,0,0,0,0,0,0,0,0,0,0,0,0,0,0,0,0,0,0,0,0,0,0,0,0,0,0,0,0,0,0,0,0.00565884242104517,0,0,0,0.00424413181578388,0,0,0.00424413181578388,0,0,0,0.00707355302630646,0,0,0,0,0.00141471060526129,0,0,0.00282942121052258,0,0.00424413181578388,0,0.0424413181578388,0,0,0,0,0,0,0,0,0,0,0,0,0,0,0,0,0,0,0,0,0,0,0,0.00141471060526129,0,0,0,0,0,0,0,0,0,0.00707355302630646,0,0,0,0,0.0212206590789194,0,0,0,0,0,0,0,0,0,0,0,0,0,0,0,0,0,0,0,0,0,0,0,0,0,0,0,0,0,0,0,0,0,0,0,0,0,0,0,0,0,0,0,0,0.00141471060526129,0,0.00141471060526129,0.00141471060526129,0,0,0,0,0,0,0,0,0.00424413181578388,0,0,0,0,0,0,0,0,0,0,0,0,0,0,0,0,0,0,0,0,0,0,0,0,0,0.00424413181578388,0,0,0,0,0,0,0,0,0.00282942121052258,0,0,0,0,0.00707355302630646,0,0,0,0,0,0,0,0,0,0,0,0,0,0,0,0,0,0,0,0,0,0,0,0.00565884242104517,0,0,0,0,0,0,0,0.00141471060526129,0,0,0,0,0,0,0,0,0,0,0,0,0,0,0,0,0,0,0,0,0,0,0,0,0,0,0,0,0,0,0,0,0,0,0,0,0,0,0,0,0,0,0,0,0,0,0.00565884242104517,0,0,0,0,0,0,0,0,0.00141471060526129,0,0,0,0,0,0,0,0,0,0,0,0,0,0,0,0,0,0,0,0,0.00424413181578388,0.00282942121052258,0,0,0,0,0,0.00565884242104517,0,0,0,0,0.00565884242104517,0,0,0,0,0,0,0,0,0,0,0,0,0,0,0,0,0,0,0.00424413181578388,0,0,0,0,0.0254647908947033,0,0,0,0,0,0,0,0,0,0,0,0,0,0,0,0,0,0,0,0,0,0,0,0,0,0,0,0,0,0,0,0,0,0,0,0,0,0,0,0,0.00848826363156775,0,0,0,0,0.0113176848420903,0,0,0,0,0,0,0,0,0,0,0,0,0,0,0,0,0,0,0,0,0,0,0,0,0,0,0,0,0.00141471060526129,0.00141471060526129,0,0,0,0,0,0,0,0.00707355302630646,0,0,0,0,0,0,0,0,0,0,0,0,0,0,0,0,0,0,0,0,0,0,0,0,0,0,0,0,0,0,0,0,0,0,0,0,0.024050080289442,0,0,0,0,0,0,0,0,0,0,0,0,0,0,0,0,0,0,0,0,0,0,0.0113176848420903,0,0,0,0,0,0,0,0,0,0,0,0,0,0,0,0.0141471060526129,0,0,0,0,0,0,0,0,0,0,0,0,0,0,0,0,0,0,0,0,0,0.366336397239077,0.178450139994848,0,0,0,0,0,0,1.55034825941994,0,0,0,0.0972613541117138,0,0,0,0,0,0,0,0,0,0,0.164275488127639,0,0,0,0,0,0,0,0,0,0,0,0,0,0,0.497728436630146,0,0,0,0,0,0,0,0,0,0,0,0,0,0,0,0,0,0,0,0,0,0,0,0,0,0.139388219828617,0,0,0,0,0,0,0,0,0,0,0,0,0,0,0,0,0,0,0,0,0,0,0,0,0,0,0,0,0,0,0,0,0,0.367423581657899,0,0,0,0.00215310001010562,0,0,0,0,0.0264247677059744,0,0,0,0,0,0,0,0,0,0,0,0,1.58535724259972,0.0104327833584994,0,0,0,0,0.786114541153012,0,0,0,0,0,0,0,0,0,0,0,0,0,0,0,0,0,0,0,0,0,0,0,0,0,0,0,0,0,0,0,0,0,0,0,0.456998096116745,0,0,0,0.0579765257865904,0,0,0.211491496390284,0,0,0,2.31210783058616,0,0,0,0,0.434451846458556,0,0,1.2577069051403,0,0.298182795165991,0,0.13687325105903,0,0,0,0,0,0,0,0,0,0,0,0,0,0,0,0,0,0,0,0,0,0,0,0.130101845712334,0,0,0,0,0,0,0,0,0,0.0630272901417101,0,0,0,0,1.73349004040572,0,0,0,0,0,0,0,0,0,0,0,0,0,0,0,0,0,0,0,0,0,0,0,0,0,0,0,0,0,0,0,0,0,0,0,0,0,0,0,0,0,0,0,0,0.297506486810401,0,0.0485245737604623,0.0337357549773029,0,0,0,0,0,0,0,0,0.0998523875496547,0,0,0,0,0,0,0,0,0,0,0,0,0,0,0,0,0,0,0,0,0,0,0,0,0,0.0184393380289757,0,0,0,0,0,0,0,0,0.259938219255407,0,0,0,0,0.516344472013719,0,0,0,0,0,0,0,0,0,0,0,0,0,0,0,0,0,0,0,0,0,0,0,0.0098673483940889,0,0,0,0,0,0,0,0.526298572495137,0,0,0,0,0,0,0,0,0,0,0,0,0,0,0,0,0,0,0,0,0,0,0,0,0,0,0,0,0,0,0,0,0,0,0,0,0,0,0,0,0,0,0,0,0,0,4.44327806888892,0,0,0,0,0,0,0,0,0.0102173073532955,0,0,0,0,0,0,0,0,0,0,0,0,0,0,0,0,0,0,0,0,0.491413508018805,0.0466583516144681,0,0,0,0,0,0.33554878328892,0,0,0,0,0.519429067954653,0,0,0,0,0,0,0,0,0,0,0,0,0,0,0,0,0,0,0.0419211894247632,0,0,0,0,0.0980003987428663,0,0,0,0,0,0,0,0,0,0,0,0,0,0,0,0,0,0,0,0,0,0,0,0,0,0,0,0,0,0,0,0,0,0,0,0,0,0,0,0,0.082635551887731,0,0,0,0,0.014000803776254,0,0,0,0,0,0,0,0,0,0,0,0,0,0,0,0,0,0,0,0,0,0,0,0,0,0,0,0,1.72462737052435,0.264833825304914,0,0,0,0,0,0,0,2.48138226491463,0,0,0,0,0,0,0,0,0,0,0,0,0,0,0,0,0,0,0,0,0,0,0,0,0,0,0,0,0,0,0,0,0,0,0,0,0.151097554251554,0,0,0,0,0,0,0,0,0,0,0,0,0,0,0,0,0,0,0,0,0,0,0.144146132681541,0,0,0,0,0,0,0,0,0,0,0,0,0,0,0,1.6301004928526,0,0,0,7.671100136,6.168900089,8.645100156,1.848700035,8.115100142,3.461400057,0.503500013,3.096200053,0.886600016,6.632000127,9.294500153,"WAK-00108"
"239",4187,"nSPC",2012,"PRIAs","Pacific Remote Island Areas","Johnston","Johnston",2012,"LagoonDeep","Johnston","2012-03-02","Lagoon","Deep",16.691956,-169.41222,19.65,10.5,0,7.5,7.5,72,2.5,0,0,NA,0.8175,0.753960122598195,2.25,2,1,8.53954961815858,2.78342704309416,4.62963223712477,3.86733461129999,19.8199435096775,0,0,0,0,0,0,0,0,0,0,0,0,0,0,0,0,0,0,0,0,0.0452707393683613,0,0.00565884242104517,0,0,0,0,0,0,0,0,0,0,0,0,0,0,0,0,0,0,0,0,0,0,0,0,0,0,0,0,0,0,0,0,0,0,0,0,0,0,0,0,0,0,0.00282942121052258,0,0,0,0,0,0,0,0,0,0,0,0,0,0,0,0,0,0,0,0,0,0,0,0,0,0,0,0,0,0,0,0,0,0,0,0,0,0.00565884242104517,0,0,0,0,0,0,0,0,0,0,0,0,0,0,0,0,0,0,0,0,0,0,0.00848826363156775,0,0,0,0,0,0,0,0,0,0,0,0,0.183912378683968,0,0,0,0,0,0,0,0,0,0,0,0,0,0,0,0,0,0,0,0,0,0,0,0,0,0,0,0,0,0,0,0,0,0,0,0,0,0,0,0,0,0.00282942121052258,0,0,0,0,0,0,0.0254647908947033,0,0,0,0,0,0,0,0,0,0,0,0,0,0,0,0,0,0,0,0,0,0,0,0,0,0,0,0,0,0,0,0,0,0,0,0,0,0,0,0,0,0,0,0,0,0,0,0,0,0,0,0,0,0,0,0,0,0,0.00848826363156775,0,0,0,0,0,0,0,0,0,0,0,0,0,0,0,0,0,0,0,0,0,0,0,0,0,0,0,0,0,0,0,0,0,0,0,0,0,0,0,0,0,0,0,0,0,0,0,0,0,0,0,0,0,0,0,0,0,0,0,0,0,0,0,0.00282942121052258,0,0,0,0,0,0,0,0,0,0,0,0,0,0,0.00565884242104517,0,0,0,0,0,0,0,0,0,0,0,0,0,0,0,0,0,0,0,0,0,0,0,0,0,0,0,0,0,0,0,0,0,0,0,0,0,0,0,0,0,0,0,0,0,0,0,0,0,0,0,0,0,0,0,0,0,0,0,0,0,0,0,0,0,0,0,0.00848826363156775,0,0,0,0,0,0,0,0,0,0,0,0,0,0,0,0,0,0,0,0,0,0,0,0,0,0,0,0,0,0,0,0,0,0,0,0,0,0,0,0,0,0,0,0,0,0,0,0,0,0,0,0,0,0,0,0.0113176848420903,0,0,0,0,0,0,0,0,0,0,0.00565884242104517,0,0,0,0,0,0,0,0,0,0,0,0,0,0,0,0,0,0,0,0,0,0,0.0226353696841807,0.00565884242104517,0,0,0,0,0,0.0169765272631355,0,0,0,0,0,0,0,0,0,0,0,0,0,0,0,0,0,0,0,0,0,0,0,0,0,0,0,0,0,0,0,0,0,0,0,0,0,0,0,0.00282942121052258,0,0,0,0,0,0,0,0,0,0,0,0,0,0,0,0,0,0,0,0,0,0,0,0,0,0,0,0,0,0,0,0,0,0,0,0,0,0,0,0,0,0,0,0,0,0,0,0,0,0,0,0,0,0,0,0,0,0,0,0,0,0,0,0,0,0,0,0,0,0,0,0,0,0,0,0,0,0,0,0,0.00282942121052258,0,0.00282942121052258,0,0,0,0,0,0,0,0,0,0,0,0,0,0,0,0,0.0905414787367227,0,0,0,0,0,0,0,0,0,0,0,0,0.00565884242104517,0,0,0,0,0,0,0,0,0,0,0,0,0,0,0,0,0,0,0,0,0,0,0,3.81410222331478,0,0.604192757259184,0,0,0,0,0,0,0,0,0,0,0,0,0,0,0,0,0,0,0,0,0,0,0,0,0,0,0,0,0,0,0,0,0,0,0,0,0,0,0,0,0,0,6.50151752021917,0,0,0,0,0,0,0,0,0,0,0,0,0,0,0,0,0,0,0,0,0,0,0,0,0,0,0,0,0,0,0,0,0,0,0,0,0,0.0582049775467197,0,0,0,0,0,0,0,0,0,0,0,0,0,0,0,0,0,0,0,0,0,0,0.0241276505837816,0,0,0,0,0,0,0,0,0,0,0,0,0.747510448450383,0,0,0,0,0,0,0,0,0,0,0,0,0,0,0,0,0,0,0,0,0,0,0,0,0,0,0,0,0,0,0,0,0,0,0,0,0,0,0,0,0,0.333200775916839,0,0,0,0,0,0,0.397565063914131,0,0,0,0,0,0,0,0,0,0,0,0,0,0,0,0,0,0,0,0,0,0,0,0,0,0,0,0,0,0,0,0,0,0,0,0,0,0,0,0,0,0,0,0,0,0,0,0,0,0,0,0,0,0,0,0,0,0,0.343183695334763,0,0,0,0,0,0,0,0,0,0,0,0,0,0,0,0,0,0,0,0,0,0,0,0,0,0,0,0,0,0,0,0,0,0,0,0,0,0,0,0,0,0,0,0,0,0,0,0,0,0,0,0,0,0,0,0,0,0,0,0,0,0,0,2.03803209793942,0,0,0,0,0,0,0,0,0,0,0,0,0,0,0.0385344533503492,0,0,0,0,0,0,0,0,0,0,0,0,0,0,0,0,0,0,0,0,0,0,0,0,0,0,0,0,0,0,0,0,0,0,0,0,0,0,0,0,0,0,0,0,0,0,0,0,0,0,0,0,0,0,0,0,0,0,0,0,0,0,0,0,0,0,0,1.69273289930901,0,0,0,0,0,0,0,0,0,0,0,0,0,0,0,0,0,0,0,0,0,0,0,0,0,0,0,0,0,0,0,0,0,0,0,0,0,0,0,0,0,0,0,0,0,0,0,0,0,0,0,0,0,0,0,0.150759372005209,0,0,0,0,0,0,0,0,0,0,0.104104458363893,0,0,0,0,0,0,0,0,0,0,0,0,0,0,0,0,0,0,0,0,0,0,0.143446466097883,0.0133630963520719,0,0,0,0,0,0.1290046284203,0,0,0,0,0,0,0,0,0,0,0,0,0,0,0,0,0,0,0,0,0,0,0,0,0,0,0,0,0,0,0,0,0,0,0,0,0,0,0,0.00627676278629307,0,0,0,0,0,0,0,0,0,0,0,0,0,0,0,0,0,0,0,0,0,0,0,0,0,0,0,0,0,0,0,0,0,0,0,0,0,0,0,0,0,0,0,0,0,0,0,0,0,0,0,0,0,0,0,0,0,0,0,0,0,0,0,0,0,0,0,0,0,0,0,0,0,0,0,0,0,0,0,0,0.488923985178303,0,0.723920108921215,0,0,0,0,0,0,0,0,0,0,0,0,0,0,0,0,1.04618952733345,0,0,0,0,0,0,0,0,0,0,0,0,0.421050541080358,0,0,0,0,135.7390025,124.8669022,119.1588021,112.067602,149.2350026,150.7042026,126.1877022,138.7133025,143.9259025,138.1107024,147.4379025,"JOH-00279"
"240",4188,"nSPC",2012,"PRIAs","Pacific Remote Island Areas","Johnston","Johnston",2012,"LagoonMid","Johnston","2012-03-02","Lagoon","Mid",16.69143364,-169.43220394,16.35,15,0,5,12.5,35,32.5,0,0,NA,0.395,0.231457688875071,1,2,1,10.3428003250638,27.6906180918572,7.76657662891244,1.71412709478864,47.5141221406221,5.30975177237201,0,0,0,0,0,0,0,0,0,0,0,0,0,0,0,0,0,0,0,0,0,0.00848826363156775,0,0,0,0,0,0,0,0,0,0,0,0,0,0,0,0,0,0,0,0,0,0,0,0,0,0,0,0,0,0,0,0,0,0,0,0,0,0,0,0,0,0,0.00565884242104517,0,0,0,0,0,0,0,0,0,0,0,0,0,0,0,0,0,0,0,0,0,0,0,0,0,0,0,0,0,0,0,0,0,0,0,0,0,0,0,0,0,0,0,0,0.00565884242104517,0,0,0,0,0,0,0,0,0,0,0,0,0,0,0,0.0113176848420903,0,0,0,0,0,0,0,0,0,0,0,0,0.067906109052542,0,0,0,0,0,0,0,0,0,0,0,0,0,0,0,0,0,0,0,0,0,0,0,0,0,0,0,0.00282942121052258,0,0,0,0,0,0,0,0,0,0,0,0,0.00848826363156775,0,0,0,0,0,0,0,0.0141471060526129,0,0,0,0,0,0,0,0,0,0,0,0,0,0,0,0,0,0,0,0,0,0,0,0,0,0,0,0,0,0,0,0,0,0,0,0,0,0,0,0,0,0,0,0,0,0,0,0,0,0,0,0,0,0,0,0.00282942121052258,0,0,0,0,0,0,0,0,0,0,0,0,0,0,0,0,0,0,0,0,0,0,0,0,0,0,0,0,0,0,0,0,0,0,0,0,0,0,0,0,0,0,0,0,0,0,0,0,0,0,0,0,0,0,0,0,0,0,0,0,0,0,0,0,0,0,0,0,0,0,0,0,0,0,0,0,0,0,0,0,0,0.00282942121052258,0,0,0,0,0,0,0,0,0,0,0,0,0,0,0,0,0,0,0,0,0,0,0,0,0,0,0,0,0,0,0,0,0,0,0,0,0,0,0,0,0,0,0,0,0,0,0,0,0,0,0,0,0,0,0,0,0,0,0,0,0.0282942121052258,0,0,0,0,0,0,0.0311236333157484,0.00565884242104517,0,0,0,0,0,0,0,0,0,0,0,0,0,0,0,0,0,0,0,0,0,0,0.0367824757367936,0,0,0,0,0,0,0,0,0,0,0,0,0,0,0,0,0,0,0,0,0,0,0,0,0,0,0,0,0,0,0,0.0141471060526129,0,0,0,0,0,0,0,0,0,0,0.00848826363156775,0,0,0,0,0,0,0,0,0,0,0,0,0,0,0,0,0,0,0,0,0,0,0.0113176848420903,0.0169765272631355,0,0,0,0,0,0.00848826363156775,0,0,0,0,0,0,0,0,0,0,0,0,0,0,0,0,0,0,0,0,0,0,0,0,0,0,0,0,0,0,0,0,0,0,0,0,0,0,0,0,0,0,0,0,0,0,0,0,0,0,0,0,0,0,0,0,0,0,0,0,0,0,0,0,0,0,0,0,0,0,0,0,0,0,0,0,0,0,0,0,0,0,0,0,0,0,0,0,0.00282942121052258,0,0,0,0,0,0,0,0,0,0,0,0,0,0,0,0,0,0,0,0,0,0,0,0,0,0,0,0,0,0,0,0.00565884242104517,0,0,0,0,0,0,0,0,0,0,0,0,0,0,0,0,0.00282942121052258,0,0.0396118969473162,0,0,0,0,0,0,0,0,0,0.00565884242104517,0,0,0,0,0,0,0,0,0,0,0,0,0,0,0,0,0,0,0,0,0,0,0,0,0,0,0,0,0.695020959647779,0,0,0,0,0,0,0,0,0,0,0,0,0,0,0,0,0,0,0,0,0,0,0,0,0,0,0,0,0,0,0,0,0,0,0,0,0,0,0,0,0,0,10.3428003250638,0,0,0,0,0,0,0,0,0,0,0,0,0,0,0,0,0,0,0,0,0,0,0,0,0,0,0,0,0,0,0,0,0,0,0,0,0,0,0,0,0,0,0,0,0.193716587534143,0,0,0,0,0,0,0,0,0,0,0,0,0,0,0,0.0535946784577985,0,0,0,0,0,0,0,0,0,0,0,0,0.165561884481003,0,0,0,0,0,0,0,0,0,0,0,0,0,0,0,0,0,0,0,0,0,0,0,0,0,0,0,0.0817502926299197,0,0,0,0,0,0,0,0,0,0,0,0,0.0912299124218716,0,0,0,0,0,0,0,0.201165020111437,0,0,0,0,0,0,0,0,0,0,0,0,0,0,0,0,0,0,0,0,0,0,0,0,0,0,0,0,0,0,0,0,0,0,0,0,0,0,0,0,0,0,0,0,0,0,0,0,0,0,0,0,0,0,0,0.170806499636827,0,0,0,0,0,0,0,0,0,0,0,0,0,0,0,0,0,0,0,0,0,0,0,0,0,0,0,0,0,0,0,0,0,0,0,0,0,0,0,0,0,0,0,0,0,0,0,0,0,0,0,0,0,0,0,0,0,0,0,0,0,0,0,0,0,0,0,0,0,0,0,0,0,0,0,0,0,0,0,0,0,0.0274332192308638,0,0,0,0,0,0,0,0,0,0,0,0,0,0,0,0,0,0,0,0,0,0,0,0,0,0,0,0,0,0,0,0,0,0,0,0,0,0,0,0,0,0,0,0,0,0,0,0,0,0,0,0,0,0,0,0,0,0,0,0,0.12461960942007,0,0,0,0,0,0,4.89371595590973,1.26541392775515,0,0,0,0,0,0,0,0,0,0,0,0,0,0,0,0,0,0,0,0,0,0,22.0635666045113,0,0,0,0,0,0,0,0,0,0,0,0,0,0,0,0,0,0,0,0,0,0,0,0,0,0,0,0,0,0,0,0.110277643080829,0,0,0,0,0,0,0,0,0,0,0.16517707391205,0,0,0,0,0,0,0,0,0,0,0,0,0,0,0,0,0,0,0,0,0,0,0.0496605934703742,0.0749549937376596,0,0,0,0,0,0.0782722035087297,0,0,0,0,0,0,0,0,0,0,0,0,0,0,0,0,0,0,0,0,0,0,0,0,0,0,0,0,0,0,0,0,0,0,0,0,0,0,0,0,0,0,0,0,0,0,0,0,0,0,0,0,0,0,0,0,0,0,0,0,0,0,0,0,0,0,0,0,0,0,0,0,0,0,0,0,0,0,0,0,0,0,0,0,0,0,0,0,5.30975177237201,0,0,0,0,0,0,0,0,0,0,0,0,0,0,0,0,0,0,0,0,0,0,0,0,0,0,0,0,0,0,0,0.373965733163254,0,0,0,0,0,0,0,0,0,0,0,0,0,0,0,0,0.0284153129042111,0,0.467227983336015,0,0,0,0,0,0,0,0,0,0.486023354325303,0,0,0,0,0,0,0,121.1667022,117.157602,113.6320021,104.2205018,143.4061025,145.9627025,116.137602,133.1927024,135.2181024,134.3541023,139.5307024,"JOH-00263"
"241",4189,"nSPC",2012,"PRIAs","Pacific Remote Island Areas","Johnston","Johnston",2012,"LagoonShallow","Johnston","2012-03-02","Lagoon","Shallow",16.7214142,-169.53862896,6.15,5,0,47.5,7.5,35,5,0,0,NA,1.3875,0.92887942397183,3.5,2,1,0,0,24.2584534440772,5.70482870312236,29.9632821471995,9.95448136362753,0,0.00565884242104517,0,0,0,0.0113176848420903,0,0,0.00282942121052258,0,0,0,0,0,0,0,0,0,0,0,0,0.00282942121052258,0,0,0,0,0.00282942121052258,0,0,0,0,0,0,0,0,0,0,0,0,0,0,0,0,0,0,0,0,0,0,0,0,0,0,0,0,0,0,0,0,0,0,0,0,0,0,0,0,0,0,0,0,0,0,0,0,0,0,0,0,0,0,0,0,0,0,0,0,0,0,0,0,0,0,0,0,0,0,0,0,0,0,0,0.00282942121052258,0,0,0,0,0,0,0,0,0,0,0,0,0,0,0,0,0,0,0,0,0,0,0,0,0,0,0,0,0,0,0,0,0,0,0,0,0,0,0,0,0,0.0113176848420903,0,0,0,0,0,0.00565884242104517,0,0,0,0,0,0,0,0,0,0,0,0,0,0,0,0,0,0,0,0,0,0,0,0,0,0,0,0,0,0.00848826363156775,0,0,0.00282942121052258,0,0,0,0,0,0,0,0.0565884242104517,0,0,0,0,0,0.00565884242104517,0,0.0141471060526129,0,0,0.00282942121052258,0,0,0,0,0,0,0,0,0,0,0,0,0,0,0,0,0,0,0,0,0,0,0,0,0,0,0,0,0,0,0.00282942121052258,0,0,0,0,0,0,0,0,0,0.0254647908947033,0,0,0,0,0,0,0,0,0,0,0,0,0,0,0,0,0,0,0,0,0,0,0,0,0,0,0,0,0.00282942121052258,0,0,0,0,0,0,0,0,0,0,0,0,0,0,0,0,0,0,0,0,0,0,0,0,0,0,0,0,0,0,0,0,0,0,0,0,0,0,0,0,0,0,0,0,0,0,0,0,0,0,0,0,0.00282942121052258,0,0,0,0,0,0,0,0,0,0,0,0,0,0,0,0,0,0,0,0,0,0,0,0,0,0,0,0,0,0,0,0,0,0,0,0,0,0,0,0,0,0,0,0,0,0,0,0,0,0,0,0,0,0,0,0,0,0,0,0,0,0,0,0,0,0,0,0,0,0,0,0,0,0,0,0,0,0,0,0,0,0,0,0,0,0,0,0,0,0,0,0,0.0113176848420903,0,0,0,0,0,0,0,0,0,0,0,0,0,0,0,0,0,0,0,0,0,0,0,0,0,0,0,0,0,0,0,0,0,0,0,0,0,0,0,0,0,0.00282942121052258,0,0,0,0,0,0,0,0,0,0,0,0,0,0,0,0,0,0,0,0,0,0,0,0,0,0,0,0,0,0,0,0,0,0,0,0,0,0,0,0,0,0,0,0,0,0,0,0,0,0,0,0,0,0,0,0,0,0,0,0,0,0,0,0,0,0,0,0,0,0,0,0,0,0,0,0,0,0,0,0,0,0,0,0,0,0,0,0.00565884242104517,0,0,0,0,0,0,0,0,0,0,0,0,0,0,0,0,0,0,0,0,0,0,0,0,0,0,0,0,0,0,0,0,0,0,0,0,0,0,0,0,0,0,0,0,0,0,0,0,0,0,0,0,0,0,0.00282942121052258,0,0,0,0,0,0,0,0,0,0,0,0,0,0,0,0,0,0,0,0,0,0.00565884242104517,0,0,0,0,0,0,0,0,0,0,0,0,0,0,0,0,0,0,0.0141471060526129,0,0,0.00282942121052258,0,0.3551879963575,0,0,0,2.04800580770651,0,0,1.71257430440774,0,0,0,0,0,0,0,0,0,0,0,0,0.393396000525706,0,0,0,0,0.119715757607862,0,0,0,0,0,0,0,0,0,0,0,0,0,0,0,0,0,0,0,0,0,0,0,0,0,0,0,0,0,0,0,0,0,0,0,0,0,0,0,0,0,0,0,0,0,0,0,0,0,0,0,0,0,0,0,0,0,0,0,0,0,0,0,0,0,0,0,0,0,0,0,0,0,0,0,0.0112604776697079,0,0,0,0,0,0,0,0,0,0,0,0,0,0,0,0,0,0,0,0,0,0,0,0,0,0,0,0,0,0,0,0,0,0,0,0,0,0,0,0,0,0.815413401172255,0,0,0,0,0,0.2285877972176,0,0,0,0,0,0,0,0,0,0,0,0,0,0,0,0,0,0,0,0,0,0,0,0,0,0,0,0,0,0.94887782171401,0,0,4.27637363636202,0,0,0,0,0,0,0,5.6781077272655,0,0,0,0,0,0.37444288091,0,2.62542826293567,0,0,0.172205673118377,0,0,0,0,0,0,0,0,0,0,0,0,0,0,0,0,0,0,0,0,0,0,0,0,0,0,0,0,0,0,0.832698662256796,0,0,0,0,0,0,0,0,0,1.633617265477,0,0,0,0,0,0,0,0,0,0,0,0,0,0,0,0,0,0,0,0,0,0,0,0,0,0,0,0,0.372388196362932,0,0,0,0,0,0,0,0,0,0,0,0,0,0,0,0,0,0,0,0,0,0,0,0,0,0,0,0,0,0,0,0,0,0,0,0,0,0,0,0,0,0,0,0,0,0,0,0,0,0,0,0,0.0192672266751746,0,0,0,0,0,0,0,0,0,0,0,0,0,0,0,0,0,0,0,0,0,0,0,0,0,0,0,0,0,0,0,0,0,0,0,0,0,0,0,0,0,0,0,0,0,0,0,0,0,0,0,0,0,0,0,0,0,0,0,0,0,0,0,0,0,0,0,0,0,0,0,0,0,0,0,0,0,0,0,0,0,0,0,0,0,0,0,0,0,0,0,0,3.2782781307348,0,0,0,0,0,0,0,0,0,0,0,0,0,0,0,0,0,0,0,0,0,0,0,0,0,0,0,0,0,0,0,0,0,0,0,0,0,0,0,0,0,0.468203291434068,0,0,0,0,0,0,0,0,0,0,0,0,0,0,0,0,0,0,0,0,0,0,0,0,0,0,0,0,0,0,0,0,0,0,0,0,0,0,0,0,0,0,0,0,0,0,0,0,0,0,0,0,0,0,0,0,0,0,0,0,0,0,0,0,0,0,0,0,0,0,0,0,0,0,0,0,0,0,0,0,0,0,0,0,0,0,0,1.33220607576044,0,0,0,0,0,0,0,0,0,0,0,0,0,0,0,0,0,0,0,0,0,0,0,0,0,0,0,0,0,0,0,0,0,0,0,0,0,0,0,0,0,0,0,0,0,0,0,0,0,0,0,0,0,0,0.0145573721281387,0,0,0,0,0,0,0,0,0,0,0,0,0,0,0,0,0,0,0,0,0,0.125980304372564,0,0,0,0,0,0,0,0,0,0,0,0,0,0,0,0,0,0,1.60787172656918,0,0,0.518636350457978,0,0,0,0,0,0,0,0,0,0,0,"JOH-00299"
"242",4190,"nSPC",2012,"PRIAs","Pacific Remote Island Areas","Johnston","Johnston",2012,"ForereefDeep","Johnston","2012-03-02","Forereef","Deep",16.71641573,-169.56078099,23.3,2,0,0,2.5,94.5,1,0,0,NA,0.355,0.287501399325111,1.2,2,1,8.53536053914517,12.8292138539021,10.3827608291865,3.86982989103151,35.6171651132652,2.37567553730054,0,0,0,0,0,0.00848826363156775,0,0,0,0,0,0,0,0,0,0,0,0,0,0.0481001605788839,0,0,0,0,0,0,0,0,0,0,0.00282942121052258,0,0,0,0,0,0,0,0,0,0,0,0,0,0,0,0,0,0,0,0,0,0,0,0,0,0.00565884242104517,0,0,0,0,0,0,0,0,0,0,0,0,0,0,0,0,0,0,0,0,0,0,0,0,0,0,0,0,0,0,0,0,0,0,0,0,0,0,0,0,0,0,0,0,0,0.00565884242104517,0,0,0,0,0,0,0,0,0,0,0,0,0,0,0,0,0,0,0,0,0,0,0.0452707393683613,0,0,0,0,0.00565884242104517,0,0,0,0,0,0,0,0.481001605788839,0.254647908947033,0,0,0,0,0.00282942121052258,0,0,0,0,0,0,0,0,0,0,0,0,0,0,0,0,0,0,0,0,0,0,0,0,0,0,0,0,0,0,0,0,0,0,0,0,0,0,0,0,0,0,0,0,0,0,0.0311236333157484,0,0,0,0,0,0,0,0,0,0,0,0,0,0,0,0,0,0,0,0,0,0,0,0,0,0,0,0,0,0,0,0,0,0,0,0,0,0,0,0,0,0.00565884242104517,0,0,0,0,0,0.00282942121052258,0,0,0,0.0820532151051549,0,0,0,0,0,0,0,0,0,0,0,0,0,0,0,0,0,0,0,0,0,0,0,0,0,0,0,0,0.00282942121052258,0,0,0,0,0,0,0,0,0,0,0,0,0,0,0,0,0.00282942121052258,0,0,0,0,0,0,0,0,0,0,0,0,0,0,0,0,0,0,0,0.00282942121052258,0,0,0,0,0,0,0,0,0,0,0,0,0,0,0,0.00565884242104517,0,0,0,0,0,0,0,0,0,0,0,0,0,0.0650766878420194,0,0,0,0,0,0,0,0,0,0,0,0,0,0,0,0,0,0,0,0,0,0,0.00282942121052258,0,0,0,0,0,0,0,0,0,0,0,0,0.00282942121052258,0,0,0,0,0,0,0,0,0,0,0,0,0,0,0,0,0,0.00848826363156775,0,0,0,0,0,0,0.0169765272631355,0,0,0.0169765272631355,0,0,0.0198059484736581,0,0,0,0,0,0,0,0,0,0,0,0.0169765272631355,0,0,0,0,0,0,0,0,0,0,0,0,0.00565884242104517,0,0,0,0,0,0,0,0,0,0,0,0,0,0,0,0,0,0,0,0,0,0,0,0,0,0,0.00282942121052258,0,0.00282942121052258,0,0,0,0,0,0,0,0,0,0,0,0,0,0,0,0,0,0,0,0,0,0,0,0,0,0,0,0,0,0,0,0,0,0,0,0,0,0,0,0,0,0,0,0,0,0,0,0,0,0,0,0,0,0.00282942121052258,0,0,0,0,0,0,0,0,0,0,0,0,0,0,0,0,0,0,0,0,0,0,0,0,0,0,0,0,0,0,0,0,0,0,0,0,0,0,0,0,0,0,0,0,0,0,0,0,0,0,0,0,0,0,0,0,0,0,0,0,0,0,0,0.00282942121052258,0,0,0,0,0,0,0,0,0,0,0,0,0,0,0,0,0,0,0,0,0,0,0,0,0,0,0,0,0,0,0,0,0.00565884242104517,0,0,0,0,0,0,0,0,0,0,0,0,0,0.0113176848420903,0,0,0,0,0,0,0,0,0,0,0,0,0,0,0,0,0,0.00282942121052258,0.0141471060526129,0,0,0,0,0,0,0,0,0.582294885125548,0,0,0,0,0,0,0,0,0,0,0,0,0,0.807008864537415,0,0,0,0,0,0,0,0,0,0,0.567228217179515,0,0,0,0,0,0,0,0,0,0,0,0,0,0,0,0,0,0,0,0,0,0,0,0,0,2.70351196665433,0,0,0,0,0,0,0,0,0,0,0,0,0,0,0,0,0,0,0,0,0,0,0,0,0,0,0,0,0,0,0,0,0,0,0,0,0,0,0,0,0,0,0,0,0,0.0172594485935457,0,0,0,0,0,0,0,0,0,0,0,0,0,0,0,0,0,0,0,0,0,0,0.143755538006197,0,0,0,0,0.0450829941805216,0,0,0,0,0,0,0,0.373755224225191,0.0889287086467248,0,0,0,0,0.243078675390366,0,0,0,0,0,0,0,0,0,0,0,0,0,0,0,0,0,0,0,0,0,0,0,0,0,0,0,0,0,0,0,0,0,0,0,0,0,0,0,0,0,0,0,0,0,0,1.21082392881817,0,0,0,0,0,0,0,0,0,0,0,0,0,0,0,0,0,0,0,0,0,0,0,0,0,0,0,0,0,0,0,0,0,0,0,0,0,0,0,0,0,1.16109034209792,0,0,0,0,0,0.0101213310703423,0,0,0,1.48248090209573,0,0,0,0,0,0,0,0,0,0,0,0,0,0,0,0,0,0,0,0,0,0,0,0,0,0,0,0,0.372388196362932,0,0,0,0,0,0,0,0,0,0,0,0,0,0,0,0,0.0611154981472878,0,0,0,0,0,0,0,0,0,0,0,0,0,0,0,0,0,0,0,5.71041418196132,0,0,0,0,0,0,0,0,0,0,0,0,0,0,0,0.0321747632954576,0,0,0,0,0,0,0,0,0,0,0,0,0,5.04848646812214,0,0,0,0,0,0,0,0,0,0,0,0,0,0,0,0,0,0,0,0,0,0,0.00302636775132461,0,0,0,0,0,0,0,0,0,0,0,0,0.121434390529515,0,0,0,0,0,0,0,0,0,0,0,0,0,0,0,0,0,2.34892723575966,0,0,0,0,0,0,0.383727794073747,0,0,3.67814586013977,0,0,1.28767464718256,0,0,0,0,0,0,0,0,0,0,0,4.37734960615438,0,0,0,0,0,0,0,0,0,0,0,0,0.00329570982601671,0,0,0,0,0,0,0,0,0,0,0,0,0,0,0,0,0,0,0,0,0,0,0,0,0,0,0.226955786527786,0,0.0505686467461576,0,0,0,0,0,0,0,0,0,0,0,0,0,0,0,0,0,0,0,0,0,0,0,0,0,0,0,0,0,0,0,0,0,0,0,0,0,0,0,0,0,0,0,0,0,0,0,0,0,0,0,0,0,0.0146825995367817,0,0,0,0,0,0,0,0,0,0,0,0,0,0,0,0,0,0,0,0,0,0,0,0,0,0,0,0,0,0,0,0,0,0,0,0,0,0,0,0,0,0,0,0,0,0,0,0,0,0,0,0,0,0,0,0,0,0,0,0,0,0,0,1.16485160848237,0,0,0,0,0,0,0,0,0,0,0,0,0,0,0,0,0,0,0,0,0,0,0,0,0,0,0,0,0,0,0,0,0.373965733163254,0,0,0,0,0,0,0,0,0,0,0,0,0,0.115818163855342,0,0,0,0,0,0,0,0,0,0,0,0,0,0,0,0,0,0.264009106903639,0.541731722122271,0,0,0,130.5108022,147.0876024,164.3366028,161.9522028,101.1996018,111.8392019,110.6866018,123.6705022,128.2732022,110.7646019,119.6839021,"JOH-00221"
"243",4191,"nSPC",2012,"PRIAs","Pacific Remote Island Areas","Johnston","Johnston",2012,"ForereefMid","Johnston","2012-03-02","Forereef","Mid",16.74110807,-169.54634652,16,5,0.5,5,5,82.5,2,0,0,NA,0.53375,0.377633739425739,1.55,2,1,22.0213946086455,3.81271855224376,7.95147025266349,5.48192835215748,39.2675117657102,2.55234743929421,0,0,0,0,0,0,0,0,0,0,0,0,0,0,0,0,0,0,0,0.107518005999858,0,0,0,0,0,0,0,0,0,0,0,0,0,0,0,0,0,0,0,0,0,0,0,0,0,0,0,0,0,0,0,0,0,0,0,0,0.00282942121052258,0,0,0,0,0,0,0,0.00282942121052258,0,0,0,0,0.00282942121052258,0,0,0,0,0,0,0,0,0,0,0,0,0,0,0,0,0,0,0,0,0,0,0,0,0,0,0,0.00282942121052258,0,0,0,0,0.0141471060526129,0,0,0,0,0,0,0.00282942121052258,0,0,0,0,0,0,0,0,0,0,0,0,0,0,0,0.0509295817894065,0,0,0,0,0,0,0,0,0,0,0,0,0.254647908947033,0.254647908947033,0,0,0,0,0,0,0,0,0,0,0,0,0,0,0,0,0,0,0,0,0,0,0,0,0,0,0,0,0,0,0,0,0,0,0,0,0,0,0,0.00848826363156775,0,0,0,0.00282942121052258,0,0,0,0.00565884242104517,0,0,0,0.0311236333157484,0,0,0,0,0,0,0,0,0,0,0,0,0,0,0,0,0,0,0,0,0,0,0,0,0,0,0,0,0,0,0,0,0,0,0,0,0,0,0,0,0,0.00282942121052258,0,0,0,0,0,0,0,0,0,0.0367824757367936,0,0,0.0141471060526129,0,0,0,0,0,0,0,0,0,0,0,0,0,0,0,0,0,0,0,0,0,0,0,0,0,0,0,0,0,0,0,0,0,0,0,0,0,0,0,0,0,0,0.00565884242104517,0,0,0,0,0,0,0,0,0,0,0,0,0,0,0,0,0,0,0,0,0,0,0,0,0,0,0,0,0,0,0,0,0,0,0,0.0226353696841807,0,0,0,0,0,0,0,0,0,0,0,0,0,0,0,0,0,0,0,0,0,0,0,0,0,0,0,0,0,0,0,0,0,0,0,0,0,0,0,0,0,0,0,0,0,0,0,0,0,0,0,0,0,0,0,0,0,0,0,0,0,0,0,0,0,0,0,0.0141471060526129,0.00565884242104517,0,0,0,0,0,0,0,0,0,0,0,0,0,0,0,0,0,0,0,0,0,0,0,0.00848826363156775,0,0,0,0,0,0,0,0,0,0,0,0,0.0481001605788839,0,0,0,0,0,0,0,0,0,0,0.00282942121052258,0,0,0,0,0,0,0,0,0,0,0,0,0,0,0,0.00565884242104517,0,0.00848826363156775,0,0,0,0,0,0,0,0,0,0,0,0,0,0,0,0,0,0,0,0,0,0,0.00282942121052258,0.00282942121052258,0,0,0,0,0,0,0,0,0,0,0,0,0,0,0,0,0,0,0,0,0,0,0,0,0,0,0,0,0,0,0,0,0,0,0,0,0,0,0,0,0.0113176848420903,0,0,0,0,0,0,0,0,0,0,0,0,0,0,0,0,0,0,0,0,0,0,0,0,0,0,0,0,0,0,0,0,0,0,0,0,0,0,0,0,0,0,0,0,0,0,0,0,0,0,0,0,0,0,0,0,0,0,0,0,0,0,0,0,0,0,0,0,0,0,0,0,0,0,0,0,0,0,0,0,0,0,0,0,0,0.00848826363156775,0,0.00282942121052258,0,0,0,0,0,0,0,0,0,0,0,0.0311236333157484,0,0,0,0,0,0,0,0,0,0,0,0,0,0,0.0254647908947033,0,0,0.00282942121052258,0,0,0,0,0,0,0,0,0,0,0,0,0,0,0,0,0,0,0,0,0,0,0,1.83700297854142,0,0,0,0,0,0,0,0,0,0,0,0,0,0,0,0,0,0,0,0,0,0,0,0,0,0,0,0,0,0,0,0,0,0,0,0,1.06764955544678,0,0,0,0,0,0,0,20.9537450531987,0,0,0,0,2.85206818205931,0,0,0,0,0,0,0,0,0,0,0,0,0,0,0,0,0,0,0,0,0,0,0,0,0,0,0,0.326216150990966,0,0,0,0,0.0790312464758411,0,0,0,0,0,0,0.135895580114602,0,0,0,0,0,0,0,0,0,0,0,0,0,0,0,0.144365090713786,0,0,0,0,0,0,0,0,0,0,0,0,0.298566184976764,0.0877403517383053,0,0,0,0,0,0,0,0,0,0,0,0,0,0,0,0,0,0,0,0,0,0,0,0,0,0,0,0,0,0,0,0,0,0,0,0,0,0,0,0.210215576494889,0,0,0,0.336624163795261,0,0,0,0.0839086681378492,0,0,0,1.88950712450798,0,0,0,0,0,0,0,0,0,0,0,0,0,0,0,0,0,0,0,0,0,0,0,0,0,0,0,0,0,0,0,0,0,0,0,0,0,0,0,0,0,0.179862911047468,0,0,0,0,0,0,0,0,0,0.329101298680724,0,0,0.206447757705443,0,0,0,0,0,0,0,0,0,0,0,0,0,0,0,0,0,0,0,0,0,0,0,0,0,0,0,0,0,0,0,0,0,0,0,0,0,0,0,0,0,0,0.0362165914946891,0,0,0,0,0,0,0,0,0,0,0,0,0,0,0,0,0,0,0,0,0,0,0,0,0,0,0,0,0,0,0,0,0,0,0,0.114737840102749,0,0,0,0,0,0,0,0,0,0,0,0,0,0,0,0,0,0,0,0,0,0,0,0,0,0,0,0,0,0,0,0,0,0,0,0,0,0,0,0,0,0,0,0,0,0,0,0,0,0,0,0,0,0,0,0,0,0,0,0,0,0,0,0,0,0,0,1.51962782204965,1.07760132826053,0,0,0,0,0,0,0,0,0,0,0,0,0,0,0,0,0,0,0,0,0,0,0,1.79612529058239,0,0,0,0,0,0,0,0,0,0,0,0,0.0623610093641599,0,0,0,0,0,0,0,0,0,0,0.190577237195547,0,0,0,0,0,0,0,0,0,0,0,0,0,0,0,0.199183160581166,0,0.344968024357681,0,0,0,0,0,0,0,0,0,0,0,0,0,0,0,0,0,0,0,0,0,0,0.0131636797672621,0.0120291513290958,0,0,0,0,0,0,0,0,0,0,0,0,0,0,0,0,0,0,0,0,0,0,0,0,0,0,0,0,0,0,0,0,0,0,0,0,0,0,0,0,0.0583763869324546,0,0,0,0,0,0,0,0,0,0,0,0,0,0,0,0,0,0,0,0,0,0,0,0,0,0,0,0,0,0,0,0,0,0,0,0,0,0,0,0,0,0,0,0,0,0,0,0,0,0,0,0,0,0,0,0,0,0,0,0,0,0,0,0,0,0,0,0,0,0,0,0,0,0,0,0,0,0,0,0,0,0,0,0,0,0.328495802541672,0,0.525804794218899,0,0,0,0,0,0,0,0,0,0,0,0.247366981917771,0,0,0,0,0,0,0,0,0,0,0,0,0,0,1.63797542640944,0,0,0.0849533639789772,0,0,0,0,129.7488022,149.7846025,163.7513028,159.7565027,99.75470174,114.2022019,104.1379017,129.4556023,125.6247021,105.3104018,119.1924021,"JOH-00215"
"244",4192,"nSPC",2012,"PRIAs","Pacific Remote Island Areas","Johnston","Johnston",2012,"LagoonMid","Johnston","2012-03-02","Lagoon","Mid",16.73962774,-169.52789552,12,20,0,0,10,63.5,5,1.5,0,NA,0.3925,0.253399737471217,0.95,2,1,1.81294573228707,0,4.77201147137555,1.06017809603214,7.64513529969476,4.70998060922572,0,0,0,0,0,0,0,0,0,0,0,0,0,0,0,0,0,0,0,0,0,0,0,0,0,0,0,0,0,0,0,0,0,0,0,0,0,0,0,0,0,0,0,0,0,0,0,0,0,0,0,0,0,0,0,0,0,0,0,0,0,0,0,0,0,0,0,0,0,0,0,0,0,0.00282942121052258,0,0,0,0,0,0,0,0,0,0,0,0,0,0,0,0,0,0,0,0,0,0,0,0.00282942121052258,0,0,0,0,0.00282942121052258,0,0,0,0,0,0,0,0,0,0,0,0,0,0,0,0,0,0,0,0,0,0,0,0,0,0,0,0,0,0,0,0,0,0,0,0,0,0,0,0,0,0.0141471060526129,0,0,0,0,0,0,0,0,0,0.00282942121052258,0,0,0,0,0,0,0,0,0,0,0,0,0,0,0,0.00282942121052258,0,0,0,0,0,0,0,0,0,0,0,0,0,0,0,0,0,0,0,0,0.169765272631355,0,0,0,0,0,0,0,0,0,0,0,0,0,0,0,0,0,0,0,0,0,0,0,0,0,0,0,0,0,0,0,0,0,0,0,0,0,0,0,0,0,0,0,0,0,0,0,0,0,0,0,0,0,0,0,0,0,0,0,0,0,0,0,0,0,0,0,0,0,0,0,0,0,0,0,0,0,0,0,0,0,0,0,0,0,0,0,0,0,0,0,0,0,0,0,0,0,0,0,0,0,0,0,0,0,0,0,0,0,0,0,0,0,0,0,0,0,0,0,0,0,0,0,0,0,0,0,0,0,0,0,0,0,0,0,0,0,0,0,0,0,0,0,0,0,0,0,0,0,0,0,0,0,0,0,0,0,0,0,0,0,0,0,0,0,0,0,0,0,0,0,0,0,0,0,0,0,0,0,0,0,0,0,0,0,0,0,0,0,0,0,0,0,0,0,0,0,0,0,0,0,0,0,0,0,0,0,0,0,0,0,0,0,0,0,0,0,0,0,0,0,0,0,0,0,0,0,0,0,0,0,0,0,0,0,0,0,0,0,0,0,0,0,0,0,0,0,0,0,0,0,0,0,0,0,0,0,0,0,0,0,0,0,0,0,0,0,0,0.00282942121052258,0,0,0,0.0565884242104517,0,0,0,0,0,0,0,0,0,0,0,0,0,0,0,0,0,0,0,0,0,0,0,0,0,0,0,0,0,0,0,0,0,0,0,0,0,0,0,0,0,0,0,0,0,0,0,0,0,0,0,0,0.00282942121052258,0,0,0,0,0,0,0,0,0,0,0,0,0.00282942121052258,0,0,0,0,0,0,0,0,0,0,0,0,0,0,0,0,0,0,0,0,0,0,0,0,0,0,0,0,0,0,0,0,0,0,0,0,0,0,0,0,0,0,0,0,0,0,0,0,0,0,0,0.00282942121052258,0,0,0,0,0,0,0,0,0,0,0,0,0,0,0,0,0,0,0,0,0.00282942121052258,0,0,0,0,0,0,0,0,0,0,0,0,0,0,0,0,0,0,0,0,0,0.00565884242104517,0,0,0.00282942121052258,0,0,0,0,0,0,0,0,0,0,0,0,0,0,0,0.00282942121052258,0,0,0,0,0,0,0,0,0,0,0,0,0,0,0,0,0,0,0,0,0,0,0,0,0,0,0,0,0,0,0,0,0,0,0,0,0,0,0,0,0,0,0,0,0,0,0,0,0,0,0,0,0,0,0,0,0,0,0,0,0,0,0,0,0,0,0,0,0,0,0,0,0,0,0,0,1.81294573228707,0,0,0,0,0,0,0,0,0,0,0,0,0,0,0,0,0,0,0,0,0,0,0,0.0685721978341082,0,0,0,0,0.0424212444610455,0,0,0,0,0,0,0,0,0,0,0,0,0,0,0,0,0,0,0,0,0,0,0,0,0,0,0,0,0,0,0,0,0,0,0,0,0,0,0,0,0,0.545271922282217,0,0,0,0,0,0,0,0,0,0.0369805412534849,0,0,0,0,0,0,0,0,0,0,0,0,0,0,0,0.0419543340689246,0,0,0,0,0,0,0,0,0,0,0,0,0,0,0,0,0,0,0,0,3.80850372607903,0,0,0,0,0,0,0,0,0,0,0,0,0,0,0,0,0,0,0,0,0,0,0,0,0,0,0,0,0,0,0,0,0,0,0,0,0,0,0,0,0,0,0,0,0,0,0,0,0,0,0,0,0,0,0,0,0,0,0,0,0,0,0,0,0,0,0,0,0,0,0,0,0,0,0,0,0,0,0,0,0,0,0,0,0,0,0,0,0,0,0,0,0,0,0,0,0,0,0,0,0,0,0,0,0,0,0,0,0,0,0,0,0,0,0,0,0,0,0,0,0,0,0,0,0,0,0,0,0,0,0,0,0,0,0,0,0,0,0,0,0,0,0,0,0,0,0,0,0,0,0,0,0,0,0,0,0,0,0,0,0,0,0,0,0,0,0,0,0,0,0,0,0,0,0,0,0,0,0,0,0,0,0,0,0,0,0,0,0,0,0,0,0,0,0,0,0,0,0,0,0,0,0,0,0,0,0,0,0,0,0,0,0,0,0,0,0,0,0,0,0,0,0,0,0,0,0,0,0,0,0,0,0,0,0,0,0,0,0,0,0,0,0,0,0,0,0,0,0,0,0,0,0,0,0,0,0,0,0,0,0,0,0,0,0,0,0,0,0.204600587358282,0,0,0,0.829263743312592,0,0,0,0,0,0,0,0,0,0,0,0,0,0,0,0,0,0,0,0,0,0,0,0,0,0,0,0,0,0,0,0,0,0,0,0,0,0,0,0,0,0,0,0,0,0,0,0,0,0,0,0,0.0448635550688556,0,0,0,0,0,0,0,0,0,0,0,0,0.0181534692942321,0,0,0,0,0,0,0,0,0,0,0,0,0,0,0,0,0,0,0,0,0,0,0,0,0,0,0,0,0,0,0,0,0,0,0,0,0,0,0,0,0,0,0,0,0,0,0,0,0,0,0,0.00364094199998686,0,0,0,0,0,0,0,0,0,0,0,0,0,0,0,0,0,0,0,0,0.0424413181578388,0,0,0,0,0,0,0,0,0,0,0,0,0,0,0,0,0,0,0,0,0,0.0627945226960534,0,0,0.063117845852256,0,0,0,0,0,0,0,0,0,0,0,0,0,0,0,0.0196096176887891,0,0,0,0,0,0,0,0,0,0,0,0,0,0,"JOH-00245"
"245",4193,"nSPC",2012,"PRIAs","Pacific Remote Island Areas","Johnston","Johnston",2012,"BackreefShallow","Johnston","2012-03-02","Backreef","Shallow",16.73567785,-169.5369437,5.3,20,0,0,0,70,10,0,0,NA,1.10625,1.0640654037939,5,2,1,2.25066717627673,0.692690642541091,8.27483261180408,6.98042063287668,18.1986110634986,5.34697063910848,0,0,0,0,0,0.00282942121052258,0,0,0,0,0,0,0,0,0,0,0,0,0,0.00848826363156775,0,0,0,0,0,0,0.00565884242104517,0,0,0,0,0,0,0,0,0,0,0,0,0,0,0,0,0,0,0,0,0,0,0,0,0,0,0,0,0,0,0,0,0,0,0,0,0,0,0,0,0,0,0.00282942121052258,0,0,0,0,0,0,0,0,0,0,0,0,0,0,0,0,0,0,0,0,0,0,0,0,0,0,0,0,0,0,0,0,0,0,0,0,0,0,0,0,0,0,0,0,0,0,0,0,0,0,0,0,0,0,0,0,0,0,0,0,0,0,0,0,0,0,0,0,0,0,0,0,0,0,0.00565884242104517,0,0,0,0,0,0,0,0,0,0.00565884242104517,0,0,0,0,0,0,0,0,0,0,0,0,0,0,0,0.00565884242104517,0,0,0,0,0,0,0,0,0.00848826363156775,0,0,0,0,0,0,0,0.00282942121052258,0,0,0,0.0792237938946324,0,0,0,0,0,0.0169765272631355,0,0,0,0,0.00565884242104517,0,0,0,0,0,0,0,0,0,0,0,0,0,0,0,0,0,0,0,0,0,0,0,0,0,0,0,0,0,0,0,0,0,0,0,0,0,0,0,0,0.00848826363156775,0,0,0.0282942121052258,0,0,0,0,0,0,0,0,0,0,0,0,0,0,0,0,0,0,0,0,0,0,0,0,0,0.0113176848420903,0,0,0,0,0,0,0,0,0,0,0,0,0,0,0,0,0.00282942121052258,0,0,0,0,0,0,0,0,0,0,0,0,0,0,0,0,0,0,0,0,0,0,0,0,0,0,0,0,0,0,0,0,0,0,0,0,0,0,0,0,0,0,0,0,0,0,0,0,0,0,0,0,0,0,0,0,0,0,0,0,0,0,0,0,0,0,0,0,0,0,0,0,0,0,0,0,0,0,0,0,0,0,0,0,0,0,0,0,0,0,0,0,0,0,0,0,0,0,0,0,0,0,0,0,0,0,0,0.00282942121052258,0,0,0.00282942121052258,0,0,0,0,0,0,0,0,0,0,0,0,0,0,0,0,0,0.00848826363156775,0,0,0,0,0,0,0,0,0,0,0,0,0,0,0,0,0,0,0,0,0,0,0,0.00282942121052258,0,0,0,0,0,0.0113176848420903,0,0,0,0,0,0,0,0,0,0.00282942121052258,0,0.00282942121052258,0,0,0,0.0282942121052258,0,0,0.00282942121052258,0,0,0,0,0,0,0,0,0,0,0,0,0,0,0,0,0.0141471060526129,0,0,0,0,0,0,0,0,0,0,0,0,0,0,0,0,0,0,0,0,0,0,0,0,0,0,0,0,0,0,0,0,0,0,0,0,0,0,0,0,0,0,0,0,0,0,0,0,0,0,0,0,0,0,0,0,0,0,0,0,0,0,0,0.00282942121052258,0,0,0,0,0,0,0,0,0,0,0,0,0,0,0,0,0,0.00282942121052258,0,0,0,0,0,0,0,0,0,0,0,0,0,0,0,0,0,0,0,0,0,0,0,0,0,0,0,0,0,0,0,0,0,0,0,0,0,0,0,0,0,0,0,0,0,0,0,0,0,0,0,0,0,0,0,0,0,0,0.00848826363156775,0,0,0,0,0,0,0,0,0,0,0,0,0,0,0,0,0,0,0.00565884242104517,0,0,0,0,0,0,0,0,0.347523660182436,0,0,0,0,0,0,0,0,0,0,0,0,0,0.230619667045851,0,0,0,0,0,0,0.122006610031066,0,0,0,0,0,0,0,0,0,0,0,0,0,0,0,0,0,0,0,0,0,0,0,0,0,0,0,0,0,0,0,0,0,0,0,0,0,0,0,0,0,0,3.79165484803011,0,0,0,0,0,0,0,0,0,0,0,0,0,0,0,0,0,0,0,0,0,0,0,0,0,0,0,0,0,0,0,0,0,0,0,0,0,0,0,0,0,0,0,0,0,0,0,0,0,0,0,0,0,0,0,0,0,0,0,0,0,0,0,0,0,0,0,0,0,0,0,0,0,0,0.258569180286672,0,0,0,0,0,0,0,0,0,0.216480702791252,0,0,0,0,0,0,0,0,0,0,0,0,0,0,0,0.281988661853712,0,0,0,0,0,0,0,0,0.132839305610347,0,0,0,0,0,0,0,0.0596619299544288,0,0,0,5.01688120776697,0,0,0,0,0,0.431093188901327,0,0,0,0,0.205463560391287,0,0,0,0,0,0,0,0,0,0,0,0,0,0,0,0,0,0,0,0,0,0,0,0,0,0,0,0,0,0,0,0,0,0,0,0,0,0,0,0,0.27737382010995,0,0,0.692690642541091,0,0,0,0,0,0,0,0,0,0,0,0,0,0,0,0,0,0,0,0,0,0,0,0,0,0.263947068533206,0,0,0,0,0,0,0,0,0,0,0,0,0,0,0,0,0.0470744953900695,0,0,0,0,0,0,0,0,0,0,0,0,0,0,0,0,0,0,0,0,0,0,0,0,0,0,0,0,0,0,0,0,0,0,0,0,0,0,0,0,0,0,0,0,0,0,0,0,0,0,0,0,0,0,0,0,0,0,0,0,0,0,0,0,0,0,0,0,0,0,0,0,0,0,0,0,0,0,0,0,0,0,0,0,0,0,0,0,0,0,0,0,0,0,0,0,0,0,0,0,0,0,0,0,0,0,0,0.100037327832013,0,0,0.119606435332823,0,0,0,0,0,0,0,0,0,0,0,0,0,0,0,0,0,1.57536165131471,0,0,0,0,0,0,0,0,0,0,0,0,0,0,0,0,0,0,0,0,0,0,0,0.0923315973876132,0,0,0,0,0,2.25066717627673,0,0,0,0,0,0,0,0,0,0.125118252938674,0,0.109690165036044,0,0,0,0.0704245916997935,0,0,0.0624651250207613,0,0,0,0,0,0,0,0,0,0,0,0,0,0,0,0,0.200795792539121,0,0,0,0,0,0,0,0,0,0,0,0,0,0,0,0,0,0,0,0,0,0,0,0,0,0,0,0,0,0,0,0,0,0,0,0,0,0,0,0,0,0,0,0,0,0,0,0,0,0,0,0,0,0,0,0,0,0,0,0,0,0,0,0.403077286651366,0,0,0,0,0,0,0,0,0,0,0,0,0,0,0,0,0,0.259664839641723,0,0,0,0,0,0,0,0,0,0,0,0,0,0,0,0,0,0,0,0,0,0,0,0,0,0,0,0,0,0,0,0,0,0,0,0,0,0,0,0,0,0,0,0,0,0,0,0,0,0,0,0,0,0,0,0,0,0,0.0785257083958516,0,0,0,0,0,0,0,0,0,0,0,0,0,0,0,0,0,0,0.374976564011589,0,0,0,0,0,0,0,0,0,0,0,0,0,0,"JOH-00233"
"246",4194,"nSPC",2012,"PRIAs","Pacific Remote Island Areas","Johnston","Johnston",2012,"ForereefShallow","Johnston","2012-03-02","Forereef","Shallow",16.7085686,-169.55938423,5,3.5,0,0,27.5,65.5,3.5,0,0,NA,0.545,0.416641838368639,1.35,2,1,2.09244186781777,25.9667087536733,17.3998608664194,1.61478443992553,47.073795927836,4.40985312634357,0,0,0,0,0,0,0,0,0,0,0,0,0,0,0,0,0,0,0,0.158447587789265,0,0,0,0,0,0,0,0,0,0,0,0,0,0,0,0,0,0,0,0,0,0,0,0,0,0,0,0,0,0,0,0,0,0,0,0,0.00282942121052258,0,0,0,0,0,0,0,0,0,0,0,0,0,0,0,0,0,0,0,0,0,0,0,0,0,0,0,0,0,0,0,0,0,0,0,0,0,0,0,0,0,0,0,0,0,0,0,0,0,0,0,0,0,0,0,0,0,0,0,0,0,0,0,0,0,0,0,0,0.0141471060526129,0,0,0,0,0,0,0,0,0,0,0,0,0,0.0198059484736581,0,0,0,0,0,0,0,0,0,0,0,0,0,0,0,0,0,0,0,0,0,0,0,0,0,0,0,0,0,0,0,0,0,0,0,0,0,0,0,0.00282942121052258,0,0,0,0,0,0,0,0.00565884242104517,0,0,0,0.0792237938946324,0,0,0,0,0,0,0,0,0,0,0,0,0,0,0,0,0,0,0,0,0,0,0,0,0,0,0,0,0,0,0,0,0.00282942121052258,0,0,0,0,0,0,0,0,0,0,0,0,0,0,0.00848826363156775,0,0,0,0.124494533262994,0,0,0,0,0,0,0,0,0,0,0,0,0,0,0,0,0,0,0,0,0,0,0,0,0,0,0,0,0.00565884242104517,0,0,0,0,0,0,0,0,0,0,0,0,0,0,0,0,0.00282942121052258,0,0,0,0,0,0,0,0,0,0.00282942121052258,0,0,0,0,0,0,0,0,0,0,0,0,0,0,0,0,0,0,0,0,0,0,0,0,0,0.00282942121052258,0,0,0,0,0,0,0,0,0,0,0,0,0,0,0,0,0,0,0,0,0,0,0,0,0,0,0,0,0,0,0,0,0,0,0,0,0.00282942121052258,0,0,0,0,0,0,0,0,0,0,0,0,0,0,0,0,0,0,0,0,0,0,0,0,0,0,0,0,0,0,0.149959324157697,0.00282942121052258,0,0,0,0,0,0,0,0,0,0,0,0,0,0,0,0,0,0,0,0,0,0,0,0.0282942121052258,0,0,0,0,0,0,0,0,0,0,0,0,0,0,0,0,0,0,0,0,0,0,0,0,0,0,0,0,0,0.00282942121052258,0.00282942121052258,0,0,0,0,0,0,0,0,0,0,0.00282942121052258,0,0,0,0,0,0,0.00282942121052258,0,0,0,0,0,0,0,0,0,0,0,0,0,0,0,0.00848826363156775,0,0,0,0,0,0,0,0,0,0,0,0,0,0,0,0,0,0,0,0,0,0,0,0,0,0,0,0,0,0,0,0,0,0,0,0,0,0,0,0,0,0,0,0,0,0,0,0,0,0,0,0,0,0,0,0,0,0,0,0,0,0,0,0,0.00565884242104517,0,0,0,0,0,0,0,0,0,0,0,0,0,0,0,0,0,0,0,0,0,0,0,0,0,0,0,0,0,0.0565884242104517,0,0,0,0,0,0,0,0,0,0,0,0,0,0,0,0,0,0,0,0,0,0,0,0,0.00565884242104517,0,0,0,0,0,0,0,0,0,0,0,0,0,0,0,0,0,0,0,0,0,0.0141471060526129,0,0,0,0,0.0254647908947033,0,0,0,0,0,0,0,0,0,0,0,0,0,0.00282942121052258,0,0,0,0,0,0,0,0,0,0,0,0,0,0,0,0,0,0,0,0,0,0,3.89111189293352,0,0,0,0,0,0,0,0,0,0,0,0,0,0,0,0,0,0,0,0,0,0,0,0,0,0,0,0,0,0,0,0,0,0,0,0,0.802140913183153,0,0,0,0,0,0,0,0,0,0,0,0,0,0,0,0,0,0,0,0,0,0,0,0,0,0,0,0,0,0,0,0,0,0,0,0,0,0,0,0,0,0,0,0,0,0,0,0,0,0,0,0,0,0,0,0,0,0,0,0,0,0,0,0,0,0,0,0,0.145266622735307,0,0,0,0,0,0,0,0,0,0,0,0,0,0.0122697850794312,0,0,0,0,0,0,0,0,0,0,0,0,0,0,0,0,0,0,0,0,0,0,0,0,0,0,0,0,0,0,0,0,0,0,0,0,0,0,0,0.0442797685367824,0,0,0,0,0,0,0,0.119323859908858,0,0,0,3.24496939113505,0,0,0,0,0,0,0,0,0,0,0,0,0,0,0,0,0,0,0,0,0,0,0,0,0,0,0,0,0,0,0,0,0.0037034120164853,0,0,0,0,0,0,0,0,0,0,0,0,0,0,1.87070046364799,0,0,0,2.86723359558001,0,0,0,0,0,0,0,0,0,0,0,0,0,0,0,0,0,0,0,0,0,0,0,0,0,0,0,0,0.136201446087179,0,0,0,0,0,0,0,0,0,0,0,0,0,0,0,0,0.0181082957473445,0,0,0,0,0,0,0,0,0,0.0087428844168392,0,0,0,0,0,0,0,0,0,0,0,0,0,0,0,0,0,0,0,0,0,0,0,0,0,0.0047039127624938,0,0,0,0,0,0,0,0,0,0,0,0,0,0,0,0,0,0,0,0,0,0,0,0,0,0,0,0,0,0,0,0,0,0,0,0,0.00897555647300519,0,0,0,0,0,0,0,0,0,0,0,0,0,0,0,0,0,0,0,0,0,0,0,0,0,0,0,0,0,0,25.9544389685939,0.96849148348127,0,0,0,0,0,0,0,0,0,0,0,0,0,0,0,0,0,0,0,0,0,0,0,3.06822368067165,0,0,0,0,0,0,0,0,0,0,0,0,0,0,0,0,0,0,0,0,0,0,0,0,0,0,0,0,0,1.29030095463461,0.00713957735872033,0,0,0,0,0,0,0,0,0,0,0.204600587358282,0,0,0,0,0,0,0.0323698521090901,0,0,0,0,0,0,0,0,0,0,0,0,0,0,0,0.0276055174448455,0,0,0,0,0,0,0,0,0,0,0,0,0,0,0,0,0,0,0,0,0,0,0,0,0,0,0,0,0,0,0,0,0,0,0,0,0,0,0,0,0,0,0,0,0,0,0,0,0,0,0,0,0,0,0,0,0,0,0,0,0,0,0,0,0.708247958520111,0,0,0,0,0,0,0,0,0,0,0,0,0,0,0,0,0,0,0,0,0,0,0,0,0,0,0,0,0,1.16488373520851,0,0,0,0,0,0,0,0,0,0,0,0,0,0,0,0,0,0,0,0,0,0,0,0,0.0308972796189066,0,0,0,0,0,0,0,0,0,0,0,0,0,0,0,0,0,0,0,0,0,0.123026259034,0,0,0,0,0.140561684549067,0,0,0,0,0,0,0,0,0,0,0,0,0,0.17527658900958,0,0,0,0,0,0,0,0,0,0,0,0,0,0,"JOH-00205"
"247",4199,"nSPC",2012,"PRIAs","Pacific Remote Island Areas","Johnston","Johnston",2012,"ForereefDeep","Johnston","2012-03-03","Forereef","Deep",16.77386479,-169.42785767,21.65,20,0,7.5,42.5,30,0,0,0,NA,0.2975,0.222074894634248,1,2,1,11.3058140054016,22.3817815807984,18.2032361266128,13.3800257789711,65.2708574917839,7.65005688215325,0,0,0,0,0,0.00848826363156775,0,0,0,0,0,0,0,0,0,0,0,0,0,0.0367824757367936,0,0,0,0,0,0,0.00282942121052258,0,0,0,0,0,0,0,0,0,0,0,0,0,0,0,0,0,0,0,0,0,0,0,0,0,0,0,0,0,0.0452707393683613,0,0,0,0,0,0,0,0,0,0,0,0,0,0,0,0,0,0,0,0,0,0,0,0,0,0,0,0.00565884242104517,0,0,0,0,0,0,0,0,0,0,0,0,0,0,0,0,0,0,0,0,0,0,0,0,0,0,0,0,0,0,0,0,0,0,0,0,0,0,0,0,0.00565884242104517,0,0,0,0,0,0,0,0,0,0,0,0,0.33953054526271,0,0,0,0,0,0,0,0,0,0,0,0,0,0,0,0,0,0,0,0,0,0,0,0,0,0,0,0,0,0,0,0,0,0,0,0,0,0,0,0,0.00565884242104517,0,0,0,0,0,0,0,0,0,0,0,0.0226353696841807,0,0,0,0,0,0.0226353696841807,0,0,0,0,0,0,0,0,0,0,0,0,0,0,0,0,0,0,0,0,0,0,0,0,0,0,0,0,0,0,0,0,0,0,0,0.00565884242104517,0,0,0,0,0,0,0,0,0,0.0311236333157484,0,0,0,0,0,0,0,0,0,0,0,0,0,0,0,0,0,0,0,0,0,0,0,0,0,0,0,0,0.0141471060526129,0,0,0,0,0,0,0,0,0,0,0,0,0,0,0,0,0.00565884242104517,0,0,0,0,0,0,0,0,0,0.00282942121052258,0,0,0,0,0,0,0,0,0,0,0,0,0,0,0,0,0,0,0,0,0,0,0,0,0,0.00565884242104517,0,0,0,0,0,0,0,0,0,0,0,0,0,0.0141471060526129,0,0,0,0,0,0,0,0,0,0,0,0,0,0,0,0,0,0,0,0,0,0,0,0,0,0,0,0,0,0,0,0,0,0,0,0,0,0,0,0,0,0,0,0,0,0,0,0,0,0,0,0,0,0.0141471060526129,0.00565884242104517,0,0,0,0,0,0.0311236333157484,0,0,0.0792237938946324,0,0,0.0282942121052258,0,0,0,0,0,0,0,0,0.00282942121052258,0,0.00848826363156775,0.00565884242104517,0,0,0,0,0,0,0,0,0,0,0,0,0.00848826363156775,0,0,0,0,0,0,0,0,0,0,0,0,0,0,0,0,0.00282942121052258,0,0,0,0,0,0.00565884242104517,0,0,0,0.00565884242104517,0,0.00282942121052258,0,0,0,0,0,0,0.00282942121052258,0,0,0,0,0,0,0,0,0,0,0,0,0,0,0,0,0.0141471060526129,0,0,0,0,0,0,0,0,0,0,0,0,0,0,0,0,0,0,0,0,0,0,0,0,0,0,0,0,0,0.00282942121052258,0,0,0,0,0,0,0,0,0,0,0,0,0,0,0,0,0,0,0,0,0,0,0,0,0,0,0,0,0,0,0,0,0,0,0,0,0,0,0,0,0,0,0,0,0,0,0,0,0,0,0,0,0,0,0,0,0,0,0,0,0,0,0,0.00848826363156775,0.00282942121052258,0,0,0,0,0,0,0,0,0,0,0,0,0,0,0,0,0,0,0,0,0,0,0,0.00282942121052258,0,0,0,0,0,0,0,0.00565884242104517,0,0,0,0,0,0,0,0,0,0,0,0,0,0.00565884242104517,0,0,0.00848826363156775,0,0,0,0,0,0,0,0,0,0,0,0.00565884242104517,0,0,0.00282942121052258,0.0820532151051549,0,0,0,0,0,0,0,0,1.54429809670323,0,0,0,0,0,0,0,0,0,0,0,0,0,1.52924629546625,0,0,0,0,0,0,0.172922518164462,0,0,0,0,0,0,0,0,0,0,0,0,0,0,0,0,0,0,0,0,0,0,0,0,0,0,0,0,0,10.3621454432681,0,0,0,0,0,0,0,0,0,0,0,0,0,0,0,0,0,0,0,0,0,0,0,0,0,0,0,4.41495812136918,0,0,0,0,0,0,0,0,0,0,0,0,0,0,0,0,0,0,0,0,0,0,0,0,0,0,0,0,0,0,0,0,0,0,0,0,0,0,0,0,0.0380222770384222,0,0,0,0,0,0,0,0,0,0,0,0,0.86503894669307,0,0,0,0,0,0,0,0,0,0,0,0,0,0,0,0,0,0,0,0,0,0,0,0,0,0,0,0,0,0,0,0,0,0,0,0,0,0,0,0,0.216979712956632,0,0,0,0,0,0,0,0,0,0,0,4.09336997577251,0,0,0,0,0,1.64482771726492,0,0,0,0,0,0,0,0,0,0,0,0,0,0,0,0,0,0,0,0,0,0,0,0,0,0,0,0,0,0,0,0,0,0,0,1.1589006530231,0,0,0,0,0,0,0,0,0,1.10090515764465,0,0,0,0,0,0,0,0,0,0,0,0,0,0,0,0,0,0,0,0,0,0,0,0,0,0,0,0,1.17031807807918,0,0,0,0,0,0,0,0,0,0,0,0,0,0,0,0,0.132416912652457,0,0,0,0,0,0,0,0,0,0.0863340103006628,0,0,0,0,0,0,0,0,0,0,0,0,0,0,0,0,0,0,0,0,0,0,0,0,0,0.0752626041999007,0,0,0,0,0,0,0,0,0,0,0,0,0,0.943470502648756,0,0,0,0,0,0,0,0,0,0,0,0,0,0,0,0,0,0,0,0,0,0,0,0,0,0,0,0,0,0,0,0,0,0,0,0,0,0,0,0,0,0,0,0,0,0,0,0,0,0,0,0,0,1.24458471327367,0.949279445308405,0,0,0,0,0,2.01842029105442,0,0,9.92184410533054,0,0,0.981670256116053,0,0,0,0,0,0,0,0,3.0648805876568,0,5.0686457513647,0.737058821652573,0,0,0,0,0,0,0,0,0,0,0,0,0.0232244551802115,0,0,0,0,0,0,0,0,0,0,0,0,0,0,0,0,0.382311393965811,0,0,0,0,0,0.561357168167681,0,0,0,0.644055905402391,0,0.168410588356291,0,0,0,0,0,0,0.0827142743427798,0,0,0,0,0,0,0,0,0,0,0,0,0,0,0,0,0.0601457566454789,0,0,0,0,0,0,0,0,0,0,0,0,0,0,0,0,0,0,0,0,0,0,0,0,0,0,0,0,0,0.0146825995367817,0,0,0,0,0,0,0,0,0,0,0,0,0,0,0,0,0,0,0,0,0,0,0,0,0,0,0,0,0,0,0,0,0,0,0,0,0,0,0,0,0,0,0,0,0,0,0,0,0,0,0,0,0,0,0,0,0,0,0,0,0,0,0,2.98279694516705,0.573889961213685,0,0,0,0,0,0,0,0,0,0,0,0,0,0,0,0,0,0,0,0,0,0,0,0.0733385977767454,0,0,0,0,0,0,0,0.73369155525819,0,0,0,0,0,0,0,0,0,0,0,0,0,0.0709536886462942,0,0,0.199570660759636,0,0,0,0,0,0,0,0,0,0,0,0.26842226253458,0,0,0.414044051346115,4.48144663248157,0,0,0,221.450604,239.4516041,239.5675042,235.859404,209.8127036,231.443304,191.6442033,221.104604,229.691804,205.5586035,225.2036039,"JOH-00223"
"248",4200,"nSPC",2012,"PRIAs","Pacific Remote Island Areas","Johnston","Johnston",2012,"ForereefMid","Johnston","2012-03-03","Forereef","Mid",16.76880187,-169.42361349,14.95,13,0,5,32.5,42,7.5,0,0,NA,0.595,0.439145385197669,1.9,2,1,2.9472110515774,7.6509174818586,19.2191226459039,10.0027654785995,39.8200166579394,1.46099133769208,0,0,0,0,0,0.0481001605788839,0,0,0,0,0,0,0,0,0,0,0,0,0,0.0565884242104517,0,0,0,0,0,0,0,0,0,0,0,0,0,0,0,0,0,0,0,0,0,0,0,0,0,0,0,0,0,0,0,0,0,0,0,0,0.00565884242104517,0,0,0,0,0,0,0,0,0,0,0,0,0,0,0,0,0,0,0,0,0,0,0,0,0,0,0,0.00282942121052258,0,0,0,0,0,0,0,0,0,0,0,0,0,0,0,0,0,0,0,0,0,0,0,0,0,0,0,0,0,0,0,0,0,0,0,0,0,0,0,0,0.0169765272631355,0,0,0,0,0.00282942121052258,0,0,0,0,0,0,0,0.282942121052258,0.0226353696841807,0,0,0,0,0,0,0,0,0,0,0,0,0,0,0,0,0,0,0,0,0,0,0,0,0,0,0,0,0,0,0,0,0,0,0,0,0,0,0,0.00565884242104517,0,0,0,0,0,0,0,0.00565884242104517,0,0,0,0.00565884242104517,0,0,0,0,0,0.0141471060526129,0,0,0,0,0,0,0.00282942121052258,0,0,0,0,0,0,0,0,0,0,0,0,0,0,0,0,0,0,0,0,0,0,0,0,0,0,0,0,0.00848826363156775,0,0,0,0,0,0.00282942121052258,0,0,0,0.0565884242104517,0,0,0,0,0,0,0,0,0,0,0,0,0,0,0,0,0,0,0,0,0,0,0,0,0,0,0,0,0.00282942121052258,0,0,0,0,0,0,0,0,0,0,0,0,0,0,0,0,0.00282942121052258,0,0,0,0,0,0,0,0,0,0.00282942121052258,0,0,0,0,0,0,0,0,0,0,0,0,0,0,0,0,0,0,0,0,0,0,0,0,0,0.0254647908947033,0,0,0,0,0,0,0,0,0,0,0,0,0,0.00565884242104517,0,0,0,0,0,0,0,0,0,0,0,0,0,0,0,0,0,0,0,0,0,0,0,0,0,0,0,0,0,0,0,0,0,0,0,0,0,0,0,0,0,0,0,0,0,0,0,0,0,0,0,0,0,0.033953054526271,0,0,0,0,0,0,0,0,0,0.0169765272631355,0,0,0.00282942121052258,0,0,0,0,0,0,0,0,0,0,0.00282942121052258,0.00565884242104517,0,0,0,0,0,0,0,0,0,0,0,0,0.033953054526271,0,0,0,0,0,0,0,0,0,0,0,0,0,0,0,0,0.00282942121052258,0.00282942121052258,0,0,0,0,0,0.00565884242104517,0,0,0,0,0.00565884242104517,0,0,0,0,0,0,0,0,0,0,0,0,0,0,0,0,0,0,0,0,0,0,0.0169765272631355,0,0,0,0,0,0,0,0,0,0,0,0,0,0,0,0,0,0,0,0,0,0,0,0,0,0,0,0,0,0,0.00282942121052258,0,0,0,0,0,0,0,0,0,0,0.00282942121052258,0,0,0,0,0,0,0,0,0,0,0,0,0,0,0,0,0,0,0,0,0,0,0.00565884242104517,0,0,0,0,0,0,0,0,0,0,0,0,0,0,0,0,0,0,0,0,0,0,0,0,0,0,0,0,0,0,0,0,0,0,0,0,0,0,0,0,0,0,0,0,0,0,0,0,0,0,0,0,0,0,0,0,0,0,0,0,0,0,0.00282942121052258,0,0.00565884242104517,0,0,0,0,0,0,0,0,0,0,0,0.00282942121052258,0,0,0.00282942121052258,0,0,0.0424413181578388,0,0,0,0,0,0,0,0,0,0,0,0,0.0254647908947033,0,0,0,0,0,0,0,0,6.41634921463233,0,0,0,0,0,0,0,0,0,0,0,0,0,2.88926458294936,0,0,0,0,0,0,0,0,0,0,0,0,0,0,0,0,0,0,0,0,0,0,0,0,0,0,0,0,0,0,0,0,0,0,0,0,2.07591097439529,0,0,0,0,0,0,0,0,0,0,0,0,0,0,0,0,0,0,0,0,0,0,0,0,0,0,0,1.48454128662123,0,0,0,0,0,0,0,0,0,0,0,0,0,0,0,0,0,0,0,0,0,0,0,0,0,0,0,0,0,0,0,0,0,0,0,0,0,0,0,0,0.0803920176866978,0,0,0,0,0.0447833702530503,0,0,0,0,0,0,0,0.264621618714125,0.00809072995148933,0,0,0,0,0,0,0,0,0,0,0,0,0,0,0,0,0,0,0,0,0,0,0,0,0,0,0,0,0,0,0,0,0,0,0,0,0,0,0,0.165935807958107,0,0,0,0,0,0,0,0.217401603926528,0,0,0,1.46099133769208,0,0,0,0,0,0.786856510103499,0,0,0,0,0,0,0.0265455550777025,0,0,0,0,0,0,0,0,0,0,0,0,0,0,0,0,0,0,0,0,0,0,0,0,0,0,0,0,1.80109636577026,0,0,0,0,0,0.276993760608636,0,0,0,4.94890668627052,0,0,0,0,0,0,0,0,0,0,0,0,0,0,0,0,0,0,0,0,0,0,0,0,0,0,0,0,0.740589575954953,0,0,0,0,0,0,0,0,0,0,0,0,0,0,0,0,0.025783100780887,0,0,0,0,0,0,0,0,0,0.0569174580230593,0,0,0,0,0,0,0,0,0,0,0,0,0,0,0,0,0,0,0,0,0,0,0,0,0,0.0894119737894821,0,0,0,0,0,0,0,0,0,0,0,0,0,0.146310502564607,0,0,0,0,0,0,0,0,0,0,0,0,0,0,0,0,0,0,0,0,0,0,0,0,0,0,0,0,0,0,0,0,0,0,0,0,0,0,0,0,0,0,0,0,0,0,0,0,0,0,0,0,0,3.55418845106604,0,0,0,0,0,0,0,0,0,2.76029752664913,0,0,0.0994213017744931,0,0,0,0,0,0,0,0,0,0,0.724703672084182,2.2000452022013,0,0,0,0,0,0,0,0,0,0,0,0,0.0667381239768383,0,0,0,0,0,0,0,0,0,0,0,0,0,0,0,0,0.746701941339476,0.0622990679213183,0,0,0,0,0,0.124598135842637,0,0,0,0,0.505440478832616,0,0,0,0,0,0,0,0,0,0,0,0,0,0,0,0,0,0,0,0,0,0,0.0611537958181614,0,0,0,0,0,0,0,0,0,0,0,0,0,0,0,0,0,0,0,0,0,0,0,0,0,0,0,0,0,0,0.0456122380822141,0,0,0,0,0,0,0,0,0,0,0.0276693920656364,0,0,0,0,0,0,0,0,0,0,0,0,0,0,0,0,0,0,0,0,0,0,1.28536563982107,0,0,0,0,0,0,0,0,0,0,0,0,0,0,0,0,0,0,0,0,0,0,0,0,0,0,0,0,0,0,0,0,0,0,0,0,0,0,0,0,0,0,0,0,0,0,0,0,0,0,0,0,0,0,0,0,0,0,0,0,0,0,0.206264806247096,0,2.22564382471211,0,0,0,0,0,0,0,0,0,0,0,0.110216444608213,0,0,0.049477837269103,0,0,0.0550882702939337,0,0,0,0,0,0,0,0,0,0,0,0,0.901396473609932,0,0,0,217.0989039,227.6906039,236.7740041,223.7307038,203.9471035,224.8458039,187.1728032,216.1266039,220.9498039,198.8300034,220.9538039,"JOH-00213"
"249",4201,"nSPC",2012,"PRIAs","Pacific Remote Island Areas","Johnston","Johnston",2012,"BackreefMid","Johnston","2012-03-03","Backreef","Mid",16.76373384,-169.42695678,10.3,9,0,2,55,34,0,0,0,NA,0.54375,0.361653440449701,1.15,2,1,5.8708677565857,0.886070655845959,35.6064192539612,3.52656874191633,45.8899264083092,3.33031045049995,0,0,0,0,0,0.0565884242104517,0,0,0,0,0,0,0,0,0,0,0,0,0,0.113176848420903,0,0,0,0,0,0,0,0,0,0,0,0,0,0,0,0,0,0,0,0,0,0,0,0,0,0,0,0,0,0,0,0,0,0,0,0,0.00282942121052258,0,0,0,0,0,0,0,0,0,0,0,0,0,0,0,0,0.00282942121052258,0,0,0,0,0,0,0,0,0,0,0,0,0,0,0,0,0,0,0,0,0,0,0,0,0,0,0,0,0,0,0,0,0,0,0,0,0,0,0,0,0,0,0,0,0,0,0,0,0,0,0,0.0113176848420903,0,0,0,0,0,0,0,0,0,0,0,0,0.0424413181578388,0.0311236333157484,0,0,0,0,0.00282942121052258,0,0,0,0,0,0,0,0,0,0,0,0,0,0,0,0,0,0,0,0,0,0,0,0,0,0,0,0,0,0,0,0,0,0,0,0,0,0,0,0,0,0,0.00848826363156775,0,0,0,0.0254647908947033,0,0,0,0,0,0.00848826363156775,0,0,0,0,0,0,0,0,0,0,0,0,0,0,0,0,0,0,0,0,0,0,0,0,0,0,0,0,0,0,0,0,0,0,0,0,0,0,0,0,0,0,0,0,0,0.183912378683968,0,0,0.00282942121052258,0,0,0,0,0,0,0,0,0,0,0,0,0,0,0,0,0,0,0,0,0,0,0,0,0,0.00848826363156775,0,0,0,0,0,0,0,0,0,0,0,0,0,0,0,0,0,0,0,0,0,0,0,0,0,0,0.00282942121052258,0,0,0,0,0,0,0,0,0,0,0,0,0,0,0,0,0,0,0,0,0,0,0,0,0,0,0,0,0,0,0,0,0,0,0,0,0,0,0,0,0,0,0,0,0,0,0,0,0,0,0,0,0,0,0,0,0,0,0,0,0,0,0.00565884242104517,0,0,0,0,0,0,0,0,0,0,0,0,0,0,0,0,0,0,0,0,0,0,0,0,0,0,0,0,0,0,0.00282942121052258,0.00565884242104517,0,0,0,0,0,0,0,0,0,0,0,0,0,0,0,0,0,0,0,0,0,0,0,0.0198059484736581,0,0,0,0,0,0,0,0,0,0,0,0,0,0,0,0,0,0,0,0,0,0,0,0,0,0,0,0,0,0.00848826363156775,0,0,0,0,0,0,0,0,0,0.00848826363156775,0,0,0,0,0,0,0,0,0.00565884242104517,0,0,0,0,0,0,0,0,0,0,0,0,0,0,0,0,0.00848826363156775,0,0,0,0,0,0,0,0,0,0,0,0,0,0,0,0,0,0,0,0,0,0,0,0,0,0,0,0,0,0,0,0,0,0,0,0,0,0,0,0,0,0,0,0,0,0,0,0,0,0,0,0,0,0,0,0,0,0,0,0,0,0,0,0,0,0,0,0,0,0,0,0,0,0,0,0,0,0,0,0,0,0,0,0,0,0,0,0,0,0,0,0,0,0,0,0,0,0,0,0,0,0,0,0,0,0,0,0,0,0,0,0,0,0,0,0,0,0,0.00282942121052258,0,0,0,0,0,0,0,0,0,0,0,0,0,0,0,0,0,0,0,0,0,0.00848826363156775,0,0,0.00565884242104517,0,0.00848826363156775,0,0,0,0,0,0,0,0,0,0,0,0,0,0,0,0,0,0,0,0,0,0,9.25369280454437,0,0,0,0,0,0,0,0,0,0,0,0,0,5.4022741267682,0,0,0,0,0,0,0,0,0,0,0,0,0,0,0,0,0,0,0,0,0,0,0,0,0,0,0,0,0,0,0,0,0,0,0,0,0.802140913183153,0,0,0,0,0,0,0,0,0,0,0,0,0,0,0,0,0.555684204408885,0,0,0,0,0,0,0,0,0,0,0,0,0,0,0,0,0,0,0,0,0,0,0,0,0,0,0,0,0,0,0,0,0,0,0,0,0,0,0,0,0,0,0,0,0,0,0,0,0,0,0,0.0918668750565515,0,0,0,0,0,0,0,0,0,0,0,0,0.0700791045422234,0.0474055376717006,0,0,0,0,0.243078675390366,0,0,0,0,0,0,0,0,0,0,0,0,0,0,0,0,0,0,0,0,0,0,0,0,0,0,0,0,0,0,0,0,0,0,0,0,0,0,0,0,0,0,0.326102405889793,0,0,0,3.33031045049995,0,0,0,0,0,0.350168621589904,0,0,0,0,0,0,0,0,0,0,0,0,0,0,0,0,0,0,0,0,0,0,0,0,0,0,0,0,0,0,0,0,0,0,0,0,0,0,0,0,0,0,0,0,0,11.110825857389,0,0,0.0783681374928422,0,0,0,0,0,0,0,0,0,0,0,0,0,0,0,0,0,0,0,0,0,0,0,0,0,1.38214126994106,0,0,0,0,0,0,0,0,0,0,0,0,0,0,0,0,0,0,0,0,0,0,0,0,0,0,0.0190250326598301,0,0,0,0,0,0,0,0,0,0,0,0,0,0,0,0,0,0,0,0,0,0,0,0,0,0,0,0,0,0,0,0,0,0,0,0,0,0,0,0,0,0,0,0,0,0,0,0,0,0,0,0,0,0,0,0,0,0,0,0,0,0,0.0168439915547457,0,0,0,0,0,0,0,0,0,0,0,0,0,0,0,0,0,0,0,0,0,0,0,0,0,0,0,0,0,0,0.690217876139193,1.65870935962046,0,0,0,0,0,0,0,0,0,0,0,0,0,0,0,0,0,0,0,0,0,0,0,4.75873978008263,0,0,0,0,0,0,0,0,0,0,0,0,0,0,0,0,0,0,0,0,0,0,0,0,0,0,0,0,0,4.51304263899367,0,0,0,0,0,0,0,0,0,0.387805909178526,0,0,0,0,0,0,0,0,0.213764488549986,0,0,0,0,0,0,0,0,0,0,0,0,0,0,0,0,0.0998906022731445,0,0,0,0,0,0,0,0,0,0,0,0,0,0,0,0,0,0,0,0,0,0,0,0,0,0,0,0,0,0,0,0,0,0,0,0,0,0,0,0,0,0,0,0,0,0,0,0,0,0,0,0,0,0,0,0,0,0,0,0,0,0,0,0,0,0,0,0,0,0,0,0,0,0,0,0,0,0,0,0,0,0,0,0,0,0,0,0,0,0,0,0,0,0,0,0,0,0,0,0,0,0,0,0,0,0,0,0,0,0,0,0,0,0,0,0,0,0,0.0564893944680834,0,0,0,0,0,0,0,0,0,0,0,0,0,0,0,0,0,0,0,0,0,0.157344891656038,0,0,0.248428296037436,0,0.025485162727419,0,0,0,0,0,0,0,0,0,0,0,0,0,0,0,0,0,19.77040035,7.650500117,17.8655003,15.70820028,14.48100026,18.25090033,17.38610029,20.74410037,19.43290033,23.64100041,18.41380031,"JOH-00239"
"250",4206,"nSPC",2012,"PRIAs","Pacific Remote Island Areas","Johnston","Johnston",2012,"ForereefDeep","Johnston","2012-03-03","Forereef","Deep",16.77577813,-169.50343662,23.85,7.5,0,5,1,85.5,1,0,0,NA,0.4075,0.236262583467534,0.9,2,1,1.31280436011354,3.16862516107656,10.181234248904,8.31206512836006,22.9747288984542,2.68196164807518,0,0,0,0,0,0,0,0,0,0,0,0,0,0,0,0,0,0,0,0.0424413181578388,0,0.00282942121052258,0,0,0,0.00282942121052258,0,0,0,0,0,0,0,0,0,0,0,0,0,0,0,0,0,0,0,0,0,0,0,0,0,0,0,0,0,0,0.00282942121052258,0,0,0,0,0,0,0,0,0,0,0,0,0,0,0,0,0,0,0,0,0,0,0,0,0,0,0,0.00565884242104517,0,0,0,0,0,0,0,0,0,0,0,0,0,0,0,0,0,0.00282942121052258,0,0,0,0,0,0,0.00282942121052258,0,0,0,0,0,0,0,0,0,0,0,0,0,0,0,0.121665112052471,0,0,0,0,0,0,0,0,0,0,0,0,0.282942121052258,0.452707393683613,0,0,0,0,0.00565884242104517,0,0,0,0,0,0,0,0,0,0,0,0,0,0,0,0,0.00282942121052258,0,0,0,0,0,0,0,0,0,0,0,0,0,0,0,0,0,0,0,0,0,0,0,0,0,0,0,0,0,0.0537590029999291,0,0,0,0,0,0.00282942121052258,0,0,0,0,0,0,0.00565884242104517,0,0,0,0,0,0,0,0,0,0,0,0,0,0,0,0,0,0,0,0,0,0,0,0,0,0,0,0,0.00565884242104517,0,0,0,0,0,0,0,0,0,0.067906109052542,0,0,0,0,0,0,0,0,0,0,0,0,0,0,0,0,0,0,0,0,0,0,0,0,0,0,0,0,0.00565884242104517,0,0,0,0,0,0,0,0,0,0,0,0,0,0,0,0,0.0113176848420903,0,0,0,0,0,0,0,0,0,0.00282942121052258,0,0,0,0,0,0,0,0,0,0,0,0,0,0,0,0,0,0,0,0,0,0,0,0,0,0.0141471060526129,0,0,0,0,0,0,0,0,0,0,0,0,0,0,0,0,0,0,0,0,0,0,0,0,0,0,0,0,0,0,0,0,0,0,0,0,0,0,0,0,0,0,0,0,0,0,0,0,0,0,0,0,0,0,0,0,0,0,0,0,0,0,0,0,0,0,0,0.00282942121052258,0.00282942121052258,0,0,0,0,0,0,0,0,0,0,0,0,0,0,0,0,0,0,0,0,0,0,0,0.0141471060526129,0,0,0,0,0,0,0,0,0,0,0,0,0.00565884242104517,0,0,0,0,0,0,0,0,0,0,0,0,0,0,0,0,0.00282942121052258,0.00282942121052258,0,0,0,0,0,0,0,0,0,0,0.0141471060526129,0,0,0,0,0,0,0,0,0,0,0,0,0,0,0,0,0,0,0,0,0,0,0,0.00282942121052258,0,0,0,0,0,0,0,0,0,0,0,0,0,0,0,0,0,0,0,0,0,0,0,0,0,0,0,0,0,0.00282942121052258,0,0,0,0,0,0,0,0,0,0,0.0169765272631355,0,0,0,0,0,0,0,0,0,0,0,0,0,0,0,0,0,0,0,0,0,0,0,0,0,0,0,0,0,0,0,0,0,0,0,0,0,0,0,0,0,0,0,0,0,0,0,0,0,0,0,0,0,0,0,0,0,0,0,0,0,0,0,0,0,0,0,0,0,0,0,0,0,0,0,0,0,0,0,0,0,0,0,0,0,0.00565884242104517,0,0.00282942121052258,0,0,0,0,0,0,0,0,0,0,0,0.0113176848420903,0,0,0.00565884242104517,0,0,0,0,0,0,0,0,0,0,0,0.0254647908947033,0,0,0.00282942121052258,0.0169765272631355,0,0,0,0,0,0,0,0,0,0,0,0,0,0,0,0,0,0,0,0,0,0,1.46868770680534,0,0.326885030314252,0,0,0,0.0951084475126272,0,0,0,0,0,0,0,0,0,0,0,0,0,0,0,0,0,0,0,0,0,0,0,0,0,0,0,0,0,0,0.652170271340614,0,0,0,0,0,0,0,0,0,0,0,0,0,0,0,0,0,0,0,0,0,0,0,0,0,0,0,3.86359956187524,0,0,0,0,0,0,0,0,0,0,0,0,0,0,0,0,0,0.0112604776697079,0,0,0,0,0,0,0.135895580114602,0,0,0,0,0,0,0,0,0,0,0,0,0,0,0,0.484155992744357,0,0,0,0,0,0,0,0,0,0,0,0,0.399669893092368,0.17607488193082,0,0,0,0,0.258569180286672,0,0,0,0,0,0,0,0,0,0,0,0,0,0,0,0,0.00741440187714853,0,0,0,0,0,0,0,0,0,0,0,0,0,0,0,0,0,0,0,0,0,0,0,0,0,0,0,0,0,2.68196164807518,0,0,0,0,0,0.0901485429108371,0,0,0,0,0,0,0.117911318877855,0,0,0,0,0,0,0,0,0,0,0,0,0,0,0,0,0,0,0,0,0,0,0,0,0,0,0,0,1.37475465069478,0,0,0,0,0,0,0,0,0,1.47557145549963,0,0,0,0,0,0,0,0,0,0,0,0,0,0,0,0,0,0,0,0,0,0,0,0,0,0,0,0,0.42264539534314,0,0,0,0,0,0,0,0,0,0,0,0,0,0,0,0,0.147625051659016,0,0,0,0,0,0,0,0,0,0.0347730779455959,0,0,0,0,0,0,0,0,0,0,0,0,0,0,0,0,0,0,0,0,0,0,0,0,0,0.0454209816346401,0,0,0,0,0,0,0,0,0,0,0,0,0,0,0,0,0,0,0,0,0,0,0,0,0,0,0,0,0,0,0,0,0,0,0,0,0,0,0,0,0,0,0,0,0,0,0,0,0,0,0,0,0,0,0,0,0,0,0,0,0,0,0,0,0,0,0,0.248286972602325,0.690217876139193,0,0,0,0,0,0,0,0,0,0,0,0,0,0,0,0,0,0,0,0,0,0,0,2.42632854195514,0,0,0,0,0,0,0,0,0,0,0,0,0.0176629448488083,0,0,0,0,0,0,0,0,0,0,0,0,0,0,0,0,0.660634088772922,0.0204346147065911,0,0,0,0,0,0,0,0,0,0,0.485262481723566,0,0,0,0,0,0,0,0,0,0,0,0,0,0,0,0,0,0,0,0,0,0,0,0.0291932443545248,0,0,0,0,0,0,0,0,0,0,0,0,0,0,0,0,0,0,0,0,0,0,0,0,0,0,0,0,0,0.0224440569078167,0,0,0,0,0,0,0,0,0,0,0.118502339184735,0,0,0,0,0,0,0,0,0,0,0,0,0,0,0,0,0,0,0,0,0,0,0,0,0,0,0,0,0,0,0,0,0,0,0,0,0,0,0,0,0,0,0,0,0,0,0,0,0,0,0,0,0,0,0,0,0,0,0,0,0,0,0,0,0,0,0,0,0,0,0,0,0,0,0,0,0,0,0,0,0,0,0,0,0,0.178823947578964,0,0.525804794218899,0,0,0,0,0,0,0,0,0,0,0,0.216411770966352,0,0,0.271986894749751,0,0,0,0,0,0,0,0,0,0,0,2.10649630033461,0,0,0.205664541618939,0.480269939586629,0,0,0,145.8890026,163.0766027,184.0628032,163.5525028,115.760802,122.2619021,117.221202,140.5772025,134.2130023,110.0038019,127.1537023,"JOH-00227"
"251",4207,"nSPC",2012,"PRIAs","Pacific Remote Island Areas","Johnston","Johnston",2012,"ForereefMid","Johnston","2012-03-03","Forereef","Mid",16.77441197,-169.50521719,14.05,6.5,0,4,4,85,0.5,0,0,NA,0.59875,0.375257603659433,1.5,2,1,6.56677836418203,2.81897620827336,12.6233452270209,5.48142302945665,27.490522828933,5.09919205151546,0,0,0,0,0,0,0,0,0,0,0,0,0,0,0,0,0,0,0,0.110347427210381,0,0,0,0,0,0,0,0,0,0,0,0,0,0,0,0,0,0,0,0,0,0,0,0,0,0,0,0,0,0,0,0,0,0,0,0,0.0226353696841807,0,0,0,0,0,0,0,0,0,0,0,0,0,0,0,0,0,0,0,0,0,0,0,0,0,0,0,0.00282942121052258,0,0,0.00282942121052258,0,0,0,0,0,0,0,0,0,0,0,0,0,0,0.00282942121052258,0,0,0,0,0,0,0,0,0,0,0,0,0,0,0,0,0,0,0,0,0,0,0.0622472666314969,0,0,0,0,0,0,0,0,0,0,0,0,0.325383439210097,0.169765272631355,0,0,0,0,0,0,0,0,0,0,0,0,0,0,0,0,0,0,0,0,0,0,0,0,0,0,0,0,0,0,0,0,0,0,0,0,0,0,0,0.0113176848420903,0,0,0,0,0,0,0,0.00848826363156775,0,0,0,0.0424413181578388,0,0,0,0,0,0.00282942121052258,0,0,0,0,0,0,0.00282942121052258,0,0,0,0,0,0,0,0,0,0,0,0,0,0,0,0,0,0,0,0,0,0,0,0,0,0,0,0,0.00848826363156775,0,0,0,0,0,0,0,0,0,0.0707355302630646,0,0,0.00565884242104517,0,0,0,0,0,0,0,0,0,0,0,0,0,0,0,0,0,0,0,0,0,0,0,0,0,0,0,0,0,0,0,0,0,0,0,0,0,0,0,0,0,0,0.00565884242104517,0,0,0,0,0,0,0,0,0,0,0,0,0,0,0,0,0,0,0,0,0,0,0,0,0,0,0,0,0,0,0,0,0,0,0,0.0198059484736581,0,0,0,0,0,0,0,0,0,0,0,0,0,0.00282942121052258,0,0,0,0,0,0,0,0,0,0,0,0,0,0,0,0,0,0,0,0,0,0,0,0,0,0,0,0,0,0,0,0,0,0,0,0,0,0,0,0,0,0,0,0,0,0,0,0,0,0,0,0,0,0.00848826363156775,0.00565884242104517,0,0,0,0,0,0,0,0,0,0,0,0.00282942121052258,0,0,0,0,0,0,0,0,0,0,0,0.00848826363156775,0,0,0,0,0,0,0,0,0,0,0,0,0.0537590029999291,0,0,0,0,0,0,0,0,0,0,0,0,0,0,0,0,0.00282942121052258,0,0,0,0,0,0.00282942121052258,0,0,0,0.00282942121052258,0,0.00565884242104517,0,0,0,0,0,0,0,0,0,0,0,0,0,0,0,0,0,0,0,0,0,0,0.00282942121052258,0,0,0,0,0,0,0,0,0,0,0,0,0,0,0,0,0,0,0,0,0,0,0,0,0,0,0,0,0,0,0.00282942121052258,0,0,0,0,0,0,0,0,0,0,0.00565884242104517,0,0,0,0,0,0,0,0,0,0,0,0,0,0,0,0,0,0,0,0,0,0,0,0,0,0,0,0,0,0,0,0,0,0,0,0,0,0,0,0,0,0,0,0,0,0,0,0,0,0,0,0,0.00565884242104517,0,0,0,0,0,0,0,0,0,0,0,0,0,0,0,0,0,0,0,0,0,0,0,0,0,0,0,0,0,0,0,0,0.00565884242104517,0,0,0,0,0,0,0,0,0,0,0,0,0,0.0198059484736581,0,0,0.00565884242104517,0,0,0,0,0,0,0,0,0,0,0,0.00565884242104517,0,0,0.00282942121052258,0,0,0,0,0,0,0,0,0,0,0,0,0,0,0,0,0,0,0,0,0,0,0,3.14535676746775,0,0,0,0,0,0,0,0,0,0,0,0,0,0,0,0,0,0,0,0,0,0,0,0,0,0,0,0,0,0,0,0,0,0,0,0,5.61546173504544,0,0,0,0,0,0,0,0,0,0,0,0,0,0,0,0,0,0,0,0,0,0,0,0,0,0,0,1.77114694225687,0,0,1.14380917051149,0,0,0,0,0,0,0,0,0,0,0,0,0,0,0.0112604776697079,0,0,0,0,0,0,0,0,0,0,0,0,0,0,0,0,0,0,0,0,0,0,0.266406876869606,0,0,0,0,0,0,0,0,0,0,0,0,0.435804431371952,0.086254905602781,0,0,0,0,0,0,0,0,0,0,0,0,0,0,0,0,0,0,0,0,0,0,0,0,0,0,0,0,0,0,0,0,0,0,0,0,0,0,0,0.211920723018573,0,0,0,0,0,0,0,0.201074152538777,0,0,0,4.56944549687044,0,0,0,0,0,0.0350208704584905,0,0,0,0,0,0,0.111487790707195,0,0,0,0,0,0,0,0,0,0,0,0,0,0,0,0,0,0,0,0,0,0,0,0,0,0,0,0,0.630692134931537,0,0,0,0,0,0,0,0,0,1.35207287850274,0,0,0.075413651654717,0,0,0,0,0,0,0,0,0,0,0,0,0,0,0,0,0,0,0,0,0,0,0,0,0,0,0,0,0,0,0,0,0,0,0,0,0,0,0,0,0,0,0.065182791137414,0,0,0,0,0,0,0,0,0,0,0,0,0,0,0,0,0,0,0,0,0,0,0,0,0,0,0,0,0,0,0,0,0,0,0,0.165351941427182,0,0,0,0,0,0,0,0,0,0,0,0,0,0.167212002930979,0,0,0,0,0,0,0,0,0,0,0,0,0,0,0,0,0,0,0,0,0,0,0,0,0,0,0,0,0,0,0,0,0,0,0,0,0,0,0,0,0,0,0,0,0,0,0,0,0,0,0,0,0,1.16215035636401,1.1648575987934,0,0,0,0,0,0,0,0,0,0,0,0.405604065804842,0,0,0,0,0,0,0,0,0,0,0,1.58419857620225,0,0,0,0,0,0,0,0,0,0,0,0,0.0857142032094501,0,0,0,0,0,0,0,0,0,0,0,0,0,0,0,0,0.746701941339476,0,0,0,0,0,0.20461468779712,0,0,0,0.0779808874143951,0,0.0850565825458288,0,0,0,0,0,0,0,0,0,0,0,0,0,0,0,0,0,0,0,0,0,0,0.00722091883879172,0,0,0,0,0,0,0,0,0,0,0,0,0,0,0,0,0,0,0,0,0,0,0,0,0,0,0,0,0,0,0.0146825995367817,0,0,0,0,0,0,0,0,0,0,0.0553387841312727,0,0,0,0,0,0,0,0,0,0,0,0,0,0,0,0,0,0,0,0,0,0,0,0,0,0,0,0,0,0,0,0,0,0,0,0,0,0,0,0,0,0,0,0,0,0,0,0,0,0,0,0,0.529746554645027,0,0,0,0,0,0,0,0,0,0,0,0,0,0,0,0,0,0,0,0,0,0,0,0,0,0,0,0,0,0,0,0,0.384599829840882,0,0,0,0,0,0,0,0,0,0,0,0,0,0.266019023308293,0,0,0.160661135941131,0,0,0,0,0,0,0,0,0,0,0,0.289334800627428,0,0,0.205664541618939,0,0,0,0,144.0831025,162.5813027,181.9676031,163.3085028,115.108502,121.620902,116.3180019,139.8871025,132.8266023,109.5081019,126.8652023,"JOH-00219"
"252",4208,"nSPC",2012,"PRIAs","Pacific Remote Island Areas","Johnston","Johnston",2012,"BackreefShallow","Johnston","2012-03-03","Backreef","Shallow",16.76967024,-169.50421899,5.6,52.5,0,22.5,2.5,22.5,0,0,0,NA,1.1075,0.552534236796467,2.25,2,1,1.83606106535182,0.111240908792019,14.6549761583376,8.58740249166028,25.1896806241418,4.62283863471088,0,0,0,0,0,0,0,0,0,0,0,0,0,0,0,0,0,0,0,0.161277008999787,0,0,0,0,0,0,0,0,0,0,0,0,0,0,0,0,0,0,0,0,0,0,0,0,0,0,0,0,0,0,0,0,0,0,0,0,0,0,0,0,0,0,0,0,0,0,0,0,0,0,0,0,0,0.00565884242104517,0,0,0,0,0,0,0,0,0,0,0,0,0,0,0,0,0,0,0,0,0,0,0,0,0,0,0,0,0,0,0,0,0,0,0,0,0,0,0,0,0,0,0,0,0,0,0,0,0,0,0,0,0,0,0,0,0,0,0,0,0,0,0,0,0,0,0,0,0,0,0.00565884242104517,0,0,0,0,0,0,0,0,0,0.00282942121052258,0,0,0,0,0,0,0,0,0,0,0,0,0,0,0,0.0113176848420903,0,0,0,0,0,0,0,0,0.0113176848420903,0,0,0,0,0,0,0,0,0,0,0,0.0565884242104517,0,0,0,0,0,0.0509295817894065,0,0,0,0,0.0113176848420903,0,0,0,0,0,0,0,0,0,0,0,0,0,0,0,0,0,0,0,0,0,0,0,0,0,0,0,0,0,0,0.00282942121052258,0,0,0,0,0,0,0,0,0,0.0481001605788839,0,0,0.00565884242104517,0,0,0,0,0,0,0,0,0,0,0,0,0,0,0,0,0,0,0,0,0,0,0,0,0,0.033953054526271,0,0,0,0,0,0,0,0,0,0,0,0,0,0,0,0,0,0,0,0,0,0,0,0,0,0,0.00565884242104517,0,0,0,0,0,0,0,0,0,0,0,0,0,0,0,0,0,0,0,0,0,0,0,0,0,0,0,0,0,0,0,0,0,0,0,0,0,0,0,0,0,0,0,0,0,0,0,0,0,0,0,0,0,0,0,0,0,0,0,0,0,0,0.00282942121052258,0,0,0,0,0,0,0,0,0,0,0,0,0,0,0,0,0,0,0,0,0,0,0,0,0,0,0,0,0,0,0,0.00282942121052258,0,0,0,0,0,0.00282942121052258,0,0,0,0,0,0,0,0,0,0,0,0,0,0,0,0,0,0.00565884242104517,0,0,0,0,0,0,0,0,0,0,0,0,0,0,0,0,0,0,0,0,0,0,0,0,0,0,0,0,0,0.00565884242104517,0,0,0,0,0,0,0.00282942121052258,0,0,0.00282942121052258,0,0.00565884242104517,0,0,0,0,0,0,0.00282942121052258,0,0,0,0,0,0,0,0,0,0,0,0,0,0,0,0,0.00565884242104517,0,0,0,0,0,0,0,0,0,0,0,0,0,0,0,0,0,0,0,0,0,0,0,0,0,0,0,0,0,0,0,0,0,0,0,0,0,0,0,0,0,0,0,0,0,0,0,0,0,0,0,0,0,0,0,0,0,0,0,0,0,0,0,0,0,0,0,0,0,0,0,0,0,0,0,0,0,0,0,0,0,0,0,0,0,0,0,0,0,0,0,0,0,0,0,0,0,0,0,0,0,0,0,0,0,0,0,0,0,0,0,0,0,0,0,0,0,0,0,0,0,0,0,0,0,0,0,0,0,0,0,0,0,0,0,0,0,0,0,0,0.0198059484736581,0,0,0.00282942121052258,0,0,0,0,0,0,0,0,0,0,0,0,0,0,0,0.0763943726841098,0,0,0,0,0,0,0,0,0,0,0,0,0,0,0,0,0,0,0,0,0,0,3.91257697731086,0,0,0,0,0,0,0,0,0,0,0,0,0,0,0,0,0,0,0,0,0,0,0,0,0,0,0,0,0,0,0,0,0,0,0,0,0,0,0,0,0,0,0,0,0,0,0,0,0,0,0,0,0,0.60431139781027,0,0,0,0,0,0,0,0,0,0,0,0,0,0,0,0,0,0,0,0,0,0,0,0,0,0,0,0,0,0,0,0,0,0,0,0,0,0,0,0,0,0,0,0,0,0,0,0,0,0,0,0,0,0,0,0,0,0,0,0,0,0,0,0,0,0,0,0,0,0,0.399942920496372,0,0,0,0,0,0,0,0,0,0.163447599353649,0,0,0,0,0,0,0,0,0,0,0,0,0,0,0,0.203232528046707,0,0,0,0,0,0,0,0,0.382915520914738,0,0,0,0,0,0,0,0,0,0,0,4.62283863471088,0,0,0,0,0,2.2092437661953,0,0,0,0,0.549874906628041,0,0,0,0,0,0,0,0,0,0,0,0,0,0,0,0,0,0,0,0,0,0,0,0,0,0,0,0,0,0,0.481885799917128,0,0,0,0,0,0,0,0,0,0.932526301406454,0,0,0.111240908792019,0,0,0,0,0,0,0,0,0,0,0,0,0,0,0,0,0,0,0,0,0,0,0,0,0,2.00025785702461,0,0,0,0,0,0,0,0,0,0,0,0,0,0,0,0,0,0,0,0,0,0,0,0,0,0,0.283295288260527,0,0,0,0,0,0,0,0,0,0,0,0,0,0,0,0,0,0,0,0,0,0,0,0,0,0,0,0,0,0,0,0,0,0,0,0,0,0,0,0,0,0,0,0,0,0,0,0,0,0,0,0,0,0,0,0,0,0,0,0,0,0,0.00545451708590967,0,0,0,0,0,0,0,0,0,0,0,0,0,0,0,0,0,0,0,0,0,0,0,0,0,0,0,0,0,0,0,0.690217876139193,0,0,0,0,0,0.312418815967662,0,0,0,0,0,0,0,0,0,0,0,0,0,0,0,0,0,0.811201206931861,0,0,0,0,0,0,0,0,0,0,0,0,0,0,0,0,0,0,0,0,0,0,0,0,0,0,0,0,0,1.09030430666625,0,0,0,0,0,0,0.141445360875306,0,0,0.154604052675333,0,0.373011175714573,0,0,0,0,0,0,0.0323698521090901,0,0,0,0,0,0,0,0,0,0,0,0,0,0,0,0,0.0388962351825164,0,0,0,0,0,0,0,0,0,0,0,0,0,0,0,0,0,0,0,0,0,0,0,0,0,0,0,0,0,0,0,0,0,0,0,0,0,0,0,0,0,0,0,0,0,0,0,0,0,0,0,0,0,0,0,0,0,0,0,0,0,0,0,0,0,0,0,0,0,0,0,0,0,0,0,0,0,0,0,0,0,0,0,0,0,0,0,0,0,0,0,0,0,0,0,0,0,0,0,0,0,0,0,0,0,0,0,0,0,0,0,0,0,0,0,0,0,0,0,0,0,0,0,0,0,0,0,0,0,0,0,0,0,0,0,0,0,0,0,0,0.85381162113692,0,0,0.142740034951214,0,0,0,0,0,0,0,0,0,0,0,0,0,0,0,3.68561516183839,0,0,0,0,0,0,0,0,0,0,0,0,0,0,"JOH-00235"
"253",4209,"nSPC",2012,"PRIAs","Pacific Remote Island Areas","Johnston","Johnston",2012,"LagoonShallow","Johnston","2012-03-03","Lagoon","Shallow",16.75966082,-169.49514524,5.9,5,0,0,0,60,35,0,0,NA,1.0825,1.04578886926477,4,2,1,0,0.0933272802233679,7.1828605779738,1.4848334265861,8.76102128478327,6.61559295171289,0,0,0,0,0,0,0,0,0,0,0,0,0,0,0,0,0,0,0,0.00848826363156775,0,0,0,0,0,0,0.0113176848420903,0,0,0,0,0,0,0,0,0,0,0,0,0,0,0,0,0,0,0,0,0,0,0,0,0,0,0,0,0,0,0,0,0,0,0,0,0,0,0,0,0,0,0,0,0,0,0,0,0,0,0,0,0,0,0,0,0,0,0,0,0,0,0,0,0,0,0,0,0,0,0,0,0,0,0,0.0113176848420903,0,0,0,0,0,0,0,0,0,0,0,0,0,0,0,0,0,0,0,0,0,0,0,0,0,0,0,0,0,0,0,0,0,0,0,0,0,0,0,0,0,0.00848826363156775,0,0,0,0,0,0,0,0,0,0.00565884242104517,0,0,0,0,0,0,0,0,0,0,0,0,0,0,0,0.00282942121052258,0,0,0,0,0,0,0,0,0,0,0,0,0,0,0,0,0,0,0,0,0.149959324157697,0,0,0,0,0,0.0113176848420903,0,0,0,0,0,0,0,0,0,0,0,0,0,0,0,0,0,0,0,0,0,0,0,0,0,0,0,0,0,0,0,0,0,0,0,0,0,0,0,0,0,0,0,0,0,0,0,0,0.00565884242104517,0,0,0,0,0,0,0,0,0,0,0,0,0,0,0,0,0,0,0,0,0,0,0,0,0,0,0,0,0,0,0,0,0,0,0,0,0,0,0,0,0,0,0,0,0,0,0,0,0,0,0,0,0,0,0,0,0,0,0,0,0,0,0,0,0,0,0,0,0,0,0,0,0,0,0,0,0,0,0,0,0,0,0,0,0,0,0,0,0,0,0,0,0,0,0,0,0,0,0,0,0,0,0,0,0,0,0,0,0,0,0,0,0,0,0,0,0,0,0,0,0,0,0,0,0,0,0,0,0,0,0,0,0,0,0,0,0,0,0,0,0,0,0,0,0,0,0,0,0,0,0,0,0,0,0,0,0,0,0,0,0,0,0,0,0,0,0,0,0,0,0,0.00565884242104517,0,0,0,0,0,0,0,0,0,0,0,0,0,0,0,0,0,0,0,0,0,0,0,0,0,0,0,0,0,0,0,0,0,0,0,0,0,0,0,0.00282942121052258,0,0.00565884242104517,0.0141471060526129,0,0,0.113176848420903,0,0,0,0,0,0,0,0,0,0,0,0,0,0,0,0,0,0,0,0,0,0,0,0,0,0,0,0,0,0,0,0,0,0,0,0,0,0,0,0,0,0,0,0,0,0,0,0,0,0,0,0,0,0,0,0,0,0,0,0,0,0,0,0,0,0,0,0,0,0,0,0,0,0,0,0,0,0,0,0,0,0,0,0,0,0,0,0,0,0,0,0,0,0,0,0,0,0,0,0,0,0.00848826363156775,0,0,0,0,0,0,0,0,0,0,0,0,0,0,0,0,0,0,0,0,0,0,0,0,0,0,0,0,0,0,0,0,0,0,0,0,0,0,0,0,0,0,0,0,0,0,0,0,0,0,0,0,0,0,0,0,0,0,0.00282942121052258,0,0,0,0,0,0,0,0,0,0,0,0,0,0,0,0,0,0,0,0,0,0,0,0,0,0,0,0,0,0,0,0,0,0,0,0,0,0,0,0,0,0.0811490670133981,0,0,0,0,0,0,0.258193111955883,0,0,0,0,0,0,0,0,0,0,0,0,0,0,0,0,0,0,0,0,0,0,0,0,0,0,0,0,0,0,0,0,0,0,0,0,0,0,0,0,0,0,0,0,0,0,0,0,0,0,0,0,0,0,0,0,0,0,0,0,0,0,0,0,0,0,0,0,0,0,0,0,0,0,0,0.156366222156496,0,0,0,0,0,0,0,0,0,0,0,0,0,0,0,0,0,0,0,0,0,0,0,0,0,0,0,0,0,0,0,0,0,0,0,0,0,0,0,0,0,0.113552180930771,0,0,0,0,0,0,0,0,0,0.0523106694150154,0,0,0,0,0,0,0,0,0,0,0,0,0,0,0,0.0419543340689246,0,0,0,0,0,0,0,0,0,0,0,0,0,0,0,0,0,0,0,0,4.67764876981611,0,0,0,0,0,0.342731073690128,0,0,0,0,0,0,0,0,0,0,0,0,0,0,0,0,0,0,0,0,0,0,0,0,0,0,0,0,0,0,0,0,0,0,0,0,0,0,0,0,0,0,0,0,0,0,0,0,0.0933272802233679,0,0,0,0,0,0,0,0,0,0,0,0,0,0,0,0,0,0,0,0,0,0,0,0,0,0,0,0,0,0,0,0,0,0,0,0,0,0,0,0,0,0,0,0,0,0,0,0,0,0,0,0,0,0,0,0,0,0,0,0,0,0,0,0,0,0,0,0,0,0,0,0,0,0,0,0,0,0,0,0,0,0,0,0,0,0,0,0,0,0,0,0,0,0,0,0,0,0,0,0,0,0,0,0,0,0,0,0,0,0,0,0,0,0,0,0,0,0,0,0,0,0,0,0,0,0,0,0,0,0,0,0,0,0,0,0,0,0,0,0,0,0,0,0,0,0,0,0,0,0,0,0,0,0,0,0,0,0,0,0,0,0,0,0,0,0,0,0,0,0,0,0.0715592251351351,0,0,0,0,0,0,0,0,0,0,0,0,0,0,0,0,0,0,0,0,0,0,0,0,0,0,0,0,0,0,0,0,0,0,0,0,0,0,0,0.00930462925827426,0,0.246580947776705,0.568183146838066,0,0,0.675445964299598,0,0,0,0,0,0,0,0,0,0,0,0,0,0,0,0,0,0,0,0,0,0,0,0,0,0,0,0,0,0,0,0,0,0,0,0,0,0,0,0,0,0,0,0,0,0,0,0,0,0,0,0,0,0,0,0,0,0,0,0,0,0,0,0,0,0,0,0,0,0,0,0,0,0,0,0,0,0,0,0,0,0,0,0,0,0,0,0,0,0,0,0,0,0,0,0,0,0,0,0,0,1.26249821759718,0,0,0,0,0,0,0,0,0,0,0,0,0,0,0,0,0,0,0,0,0,0,0,0,0,0,0,0,0,0,0,0,0,0,0,0,0,0,0,0,0,0,0,0,0,0,0,0,0,0,0,0,0,0,0,0,0,0,0.110216444608213,0,0,0,0,0,0,0,0,0,0,0,0,0,0,0,0,0,0,0,0,0,0,0,0,0,0,0,0,0,0,0,0,0,"JOH-00295"
"254",4210,"nSPC",2012,"PRIAs","Pacific Remote Island Areas","Johnston","Johnston",2012,"ForereefShallow","Johnston","2012-03-03","Forereef","Shallow",16.76520335,-169.52416364,5.6,7.5,0.5,0.5,6,85.5,0,0,0,NA,1.25625,1.08084469025162,3.75,2,1,4.78151226523609,40.9171942095259,45.3238923481396,3.26232031252609,94.2849191354277,26.0621832153572,0,0,0,0,0,0.00282942121052258,0,0,0,0,0,0,0,0,0,0,0,0,0,0.067906109052542,0,0,0,0,0,0,0.00282942121052258,0,0,0,0,0,0,0,0,0,0,0,0,0,0,0,0,0,0,0,0,0,0,0,0,0,0,0,0,0,0.00848826363156775,0,0,0,0,0,0,0,0,0,0,0,0,0,0,0,0,0.00282942121052258,0,0,0,0,0,0,0,0,0,0,0,0,0,0,0,0,0,0,0,0,0,0,0,0,0,0,0,0,0,0,0,0,0,0,0,0,0,0,0,0,0,0,0,0,0,0,0,0,0,0,0,0.0113176848420903,0,0,0,0,0,0,0,0,0,0,0,0,0.169765272631355,0.0226353696841807,0,0,0,0,0,0,0,0,0,0,0,0,0,0,0,0,0,0,0,0,0,0,0,0,0,0,0,0,0,0,0,0,0,0,0,0,0,0,0,0.00565884242104517,0.00565884242104517,0,0,0.00282942121052258,0,0,0,0.00282942121052258,0,0,0,0.0226353696841807,0,0,0,0,0,0,0,0.00565884242104517,0,0,0,0,0,0,0,0,0,0,0,0,0,0,0,0,0,0,0,0,0,0,0,0,0,0,0,0,0,0,0,0,0,0.00282942121052258,0,0,0,0,0,0.00565884242104517,0,0,0,0.0169765272631355,0,0,0,0,0,0,0,0,0,0,0,0,0,0,0,0,0,0,0,0,0,0,0,0,0,0,0,0,0,0,0,0,0,0,0,0,0,0,0,0,0,0,0,0,0,0,0,0,0,0,0,0,0,0,0,0,0,0,0,0,0,0,0,0,0,0,0,0,0,0,0,0,0,0,0,0,0,0,0,0,0,0.00282942121052258,0,0,0,0,0,0,0,0,0,0,0,0,0,0,0,0,0,0,0,0,0,0,0,0,0,0,0,0,0,0,0,0,0,0,0,0,0.00282942121052258,0,0,0,0,0,0,0,0,0,0,0,0,0,0,0,0,0,0,0,0,0,0,0,0,0,0,0,0,0,0,0.141471060526129,0.00565884242104517,0,0,0,0,0,0,0,0.0141471060526129,0.0452707393683613,0,0,0,0,0,0,0,0,0,0,0,0,0,0,0.033953054526271,0,0,0,0,0,0,0,0,0,0,0,0,0.00282942121052258,0,0,0,0,0,0,0,0,0,0,0,0,0,0,0,0,0,0,0,0,0,0,0,0.00282942121052258,0,0,0.00282942121052258,0,0.00565884242104517,0,0,0,0,0,0,0,0,0,0,0,0,0,0,0,0,0,0,0,0,0,0,0.0367824757367936,0,0,0,0,0,0,0,0,0,0,0,0,0,0,0,0,0,0,0,0,0,0,0,0,0,0,0,0,0,0,0,0,0,0,0,0,0,0,0,0,0,0.00282942121052258,0,0,0,0,0,0,0,0,0,0,0,0,0,0,0,0,0,0,0,0,0,0,0,0,0,0,0,0,0,0,0,0,0,0,0.00565884242104517,0,0,0,0,0,0.00565884242104517,0,0,0,0,0,0,0,0,0,0,0,0,0.0169765272631355,0,0,0,0,0,0,0,0,0,0,0,0,0,0,0,0,0,0,0,0,0,0,0,0,0,0,0,0,0,0,0,0.00282942121052258,0,0,0,0,0,0,0,0,0,0,0,0,0,0.0396118969473162,0,0,0,0,0.141471060526129,0,0,0,0,0,0,0,0,0.0141471060526129,0,0,0,0,0.00565884242104517,0,0,0,0,0,0,0,0,0.0707355302630646,0,0,0,0,0,0,0,0,0,0,0,0,0,3.50385451177212,0,0,0,0,0,0,0.144829041152703,0,0,0,0,0,0,0,0,0,0,0,0,0,0,0,0,0,0,0,0,0,0,0,0,0,0,0,0,0,3.50565287983748,0,0,0,0,0,0,0,0,0,0,0,0,0,0,0,0,1.05464184414718,0,0,0,0,0,0,0,0,0,0,0,0,0,0,0,0,0,0,0,0,0,0,0,0,0,0,0,0,0,0,0,0,0,0,0,0,0,0,0,0,0,0,0,0,0,0,0,0,0,0,0,0.0752858178271729,0,0,0,0,0,0,0,0,0,0,0,0,0.239801935855421,0.0171123394812406,0,0,0,0,0,0,0,0,0,0,0,0,0,0,0,0,0,0,0,0,0,0,0,0,0,0,0,0,0,0,0,0,0,0,0,0,0,0,0,0.123361185945009,0.447063356309831,0,0,3.69409233245829,0,0,0,0.0596619299544288,0,0,0,2.94842586965583,0,0,0,0,0,0,0,1.60361219737786,0,0,0,0,0,0,0,0,0,0,0,0,0,0,0,0,0,0,0,0,0,0,0,0,0,0,0,0,0,0,0,0,0,0.179862911047468,0,0,0,0,0,1.49024372971904,0,0,0,1.42988196179211,0,0,0,0,0,0,0,0,0,0,0,0,0,0,0,0,0,0,0,0,0,0,0,0,0,0,0,0,0,0,0,0,0,0,0,0,0,0,0,0,0,0,0,0,0,0,0,0,0,0,0,0,0,0,0,0,0,0,0,0,0,0,0,0,0,0,0,0,0,0,0,0,0,0,0,0,0,0,0,0,0,0.00812836125358928,0,0,0,0,0,0,0,0,0,0,0,0,0,0,0,0,0,0,0,0,0,0,0,0,0,0,0,0,0,0,0,0,0,0,0,0,0.00897555647300519,0,0,0,0,0,0,0,0,0,0,0,0,0,0,0,0,0,0,0,0,0,0,0,0,0,0,0,0,0,0,31.4774896699018,1.82446145054792,0,0,0,0,0,0,0,1.28819434656285,7.88576444530024,0,0,0,0,0,0,0,0,0,0,0,0,0,0,8.63354199707844,0,0,0,0,0,0,0,0,0,0,0,0,0.00883147242440414,0,0,0,0,0,0,0,0,0,0,0,0,0,0,0,0,0,0,0,0,0,0,0,0.221217541251428,0,0,0.0779808874143951,0,0.314290752394327,0,0,0,0,0,0,0,0,0,0,0,0,0,0,0,0,0,0,0,0,0,0,0.0344385409363549,0,0,0,0,0,0,0,0,0,0,0,0,0,0,0,0,0,0,0,0,0,0,0,0,0,0,0,0,0,0,0,0,0,0,0,0,0,0,0,0,0,0.0111597761375627,0,0,0,0,0,0,0,0,0,0,0,0,0,0,0,0,0,0,0,0,0,0,0,0,0,0,0,0,0,0,0,0,0,0,1.33522593873105,0,0,0,0,0,1.63327443110353,0,0,0,0,0,0,0,0,0,0,0,0,17.7863905821396,0,0,0,0,0,0,0,0,0,0,0,0,0,0,0,0,0,0,0,0,0,0,0,0,0,0,0,0,0,0,0,0.250329080411291,0,0,0,0,0,0,0,0,0,0,0,0,0,0.217335299803779,0,0,0,0,0.193183826106608,0,0,0,0,0,0,0,0,0.00132290960739654,0,0,0,0,0.485262895251905,0,0,0,0,0,0,0,0,0,0,0,0,0,0,"JOH-00209"
"255",4212,"nSPC",2012,"PRIAs","Pacific Remote Island Areas","Johnston","Johnston",2012,"ForereefDeep","Johnston","2012-03-04","Forereef","Deep",16.67094734,-169.56568591,22.5,5.5,1,7.5,0,86,0,0,0,NA,0.185,0.140536325213682,0.55,2,1,33.3841936514526,57.7217406358269,75.7857741777329,26.4074903738402,193.299198838853,10.8310926194611,0,0,0,0,0,0,0,0,0.0141471060526129,0,0,0,0,0,0,0,0,0,0,0,0,0.101859163578813,0,0,0,0,0,0,0,0,0,0,0,0,0,0,0,0,0,0,0,0,0,0,0,0,0,0,0,0,0,0,0,0,0,0,0,0,0,0,0,0,0,0,0.00565884242104517,0,0,0,0,0,0,0,0,0,0,0,0,0,0,0,0,0,0,0,0.00282942121052258,0,0,0,0,0,0,0,0,0,0,0,0,0,0,0,0,0,0.00282942121052258,0,0,0,0,0,0,0,0,0,0,0,0,0,0,0,0,0,0,0,0,0,0,0,0,0,0,0,0,0,0,0,0,0,0,0,0.0707355302630646,0,0,0,0,0,0,0,0,0,0,0,0,0,0,0,0,0,0,0,0,0,0,0,0,0,0,0,0,0,0,0,0,0,0,0,0,0,0,0,0,0,0,0,0,0,0,0,0,0.00282942121052258,0,0,0,0,0,0,0,0,0,0,0,0,0,0,0,0,0,0,0,0,0,0,0,0,0,0,0,0,0,0,0,0,0,0,0,0,0,0,0,0,0,0,0,0,0,0,0,0,0,0,0,0.0113176848420903,0,0,0,0,0,0,0.0594178454209743,0,0,0,0,0,0,0,0,0,0,0,0,0,0,0,0,0,0,0,0,0,0,0,0,0,0,0,0,0,0,0,0,0,0,0,0,0,0,0,0,0,0,0,0,0,0,0,0,0,0,0,0,0,0,0,0,0,0,0,0,0,0,0,0,0,0,0,0,0,0,0,0,0,0,0,0,0,0,0,0,0,0,0,0,0,0,0,0,0,0,0,0,0,0,0,0,0,0,0,0,0,0,0,0,0,0,0,0,0,0,0,0,0,0,0,0,0,0,0,0,0,0,0,0,0,0,0,0,0,0,0,0,0,0,0,0,0,0,0,0,0,0,0,0,0,0,0.00282942121052258,0,0.0198059484736581,0,0,0,0,0,0,0,0,0,0,0,0,0,0,0,0,0,0,0,0,0,0.0650766878420194,0,0,0,0,0,0,0,0,0,0,0,0,0,0,0,0,0,0,0,0,0,0,0,0,0.00565884242104517,0,0,0,0,0,0,0.0254647908947033,0,0,0,0,0.00565884242104517,0,0,0,0.00282942121052258,0,0.00282942121052258,0,0,0,0,0,0,0,0,0,0,0,0,0,0,0,0,0,0,0,0,0,0,0.00565884242104517,0.0113176848420903,0,0,0,0,0,0,0,0,0,0,0,0,0,0,0,0,0,0,0,0,0,0,0,0,0,0,0,0,0,0,0,0,0,0,0,0,0,0,0,0,0,0,0,0,0,0,0,0,0,0,0,0,0,0,0,0,0,0,0,0,0,0,0,0,0,0,0,0,0,0,0,0,0,0,0,0,0,0,0,0,0,0,0,0,0,0,0,0,0,0,0,0,0,0,0.00848826363156775,0,0,0,0,0,0,0,0,0,0,0,0,0,0,0,0,0,0,0,0,0,0,0,0,0,0,0,0,0,0,0,0.00848826363156775,0,0,0,0,0,0,0,0,0,0,0,0,0,0,0,0,0,0,0.0565884242104517,0,0,0,0,0,0,0,0,0,0,0,0,0,0.0141471060526129,0,0,0,0,0,0,0,0,0,0,0,7.12139766232709,0,0,0,0,0,0,0,0,0,0,0,0,52.7217792937342,0,0,0,0,0,0,0,0,0,0,0,0,0,0,0,0,0,0,0,0,0,0,0,0,0,0,0,0,0,0,0,0,0,0,0,0,0,0,0,0,0,0,29.8298905715529,0,0,0,0,0,0,0,0,0,0,0,0,0,0,0,0,0,0,0,0.726056645063716,0,0,0,0,0,0,0,0,0,0,0,0,0,0,0,0,0,0.0188367637121418,0,0,0,0,0,0,0,0,0,0,0,0,0,0,0,0,0,0,0,0,0,0,0,0,0,0,0,0,0,0,0,0,0,0,0,0.0897888526947237,0,0,0,0,0,0,0,0,0,0,0,0,0,0,0,0,0,0,0,0,0,0,0,0,0,0,0,0,0,0,0,0,0,0,0,0,0,0,0,0,0,0,0,0,0,0,0,0,0.0177530296718342,0,0,0,0,0,0,0,0,0,0,0,0,0,0,0,0,0,0,0,0,0,0,0,0,0,0,0,0,0,0,0,0,0,0,0,0,0,0,0,0,0,0,0,0,0,0,0,0,0,0,0,4.24067061389263,0,0,0,0,0,0,0.121878254013397,0,0,0,0,0,0,0,0,0,0,0,0,0,0,0,0,0,0,0,0,0,0,0,0,0,0,0,0,0,0,0,0,0,0,0,0,0,0,0,0,0,0,0,0,0,0,0,0,0,0,0,0,0,0,0,0,0,0,0,0,0,0,0,0,0,0,0,0,0,0,0,0,0,0,0,0,0,0,0,0,0,0,0,0,0,0,0,0,0,0,0,0,0,0,0,0,0,0,0,0,0,0,0,0,0,0,0,0,0,0,0,0,0,0,0,0,0,0,0,0,0,0,0,0,0,0,0,0,0,0,0,0,0,0,0,0,0,0,0,0,0,0,0,0,0,0,0.690217876139193,0,22.2129508662027,0,0,0,0,0,0,0,0,0,0,0,0,0,0,0,0,0,0,0,0,0,56.8198556529796,0,0,0,0,0,0,0,0,0,0,0,0,0,0,0,0,0,0,0,0,0,0,0,0,0.273463415921568,0,0,0,0,0,0,0.0971523845231897,0,0,0,0,3.55430307989969,0,0,0,0.937922975227514,0,1.26743979066502,0,0,0,0,0,0,0,0,0,0,0,0,0,0,0,0,0,0,0,0,0,0,0.0144418376775834,0.0650259009498106,0,0,0,0,0,0,0,0,0,0,0,0,0,0,0,0,0,0,0,0,0,0,0,0,0,0,0,0,0,0,0,0,0,0,0,0,0,0,0,0,0,0,0,0,0,0,0,0,0,0,0,0,0,0,0,0,0,0,0,0,0,0,0,0,0,0,0,0,0,0,0,0,0,0,0,0,0,0,0,0,0,0,0,0,0,0,0,0,0,0,0,0,0,0,10.8310926194611,0,0,0,0,0,0,0,0,0,0,0,0,0,0,0,0,0,0,0,0,0,0,0,0,0,0,0,0,0,0,0,0.69696114087167,0,0,0,0,0,0,0,0,0,0,0,0,0,0,0,0,0,0,0.0983223870656598,0,0,0,0,0,0,0,0,0,0,0,0,0,0.851997224605701,0,0,0,203.3273036,221.1397038,217.5382038,232.716604,190.4693033,220.0001039,185.8193031,205.0519037,220.3803039,207.1104035,217.4417038,"JOH-00229"
"256",4213,"nSPC",2012,"PRIAs","Pacific Remote Island Areas","Johnston","Johnston",2012,"BackreefMid","Johnston","2012-03-04","Backreef","Mid",16.69761018,-169.55796224,8.45,3,0,0,22.5,74.5,0,0,0,NA,0.335,0.192511124868566,0.65,2,1,6.41474068867414,5.28753724134068,42.150647287209,3.29038820472973,57.1433134219535,12.5849226588083,0,0,0,0,0,0.00565884242104517,0,0,0,0,0,0,0,0,0,0,0,0,0,0.232012539262852,0,0.00565884242104517,0,0,0,0,0,0,0,0,0,0,0,0,0,0,0,0,0,0,0,0,0,0,0,0,0,0,0,0,0,0,0,0,0,0,0.00565884242104517,0,0,0,0,0,0,0,0,0,0,0,0,0,0,0,0,0,0,0,0,0,0,0,0,0,0,0,0,0,0,0,0,0,0,0,0,0,0,0,0,0,0,0,0,0,0,0,0,0,0,0,0,0,0,0,0,0,0,0,0,0,0,0,0,0,0,0,0,0.00565884242104517,0,0,0,0,0,0,0,0,0,0,0,0,0,0,0,0,0,0,0,0,0,0,0,0,0,0,0,0,0,0,0,0,0,0,0,0,0,0,0,0,0,0,0,0,0,0,0,0,0,0,0,0,0,0,0.00565884242104517,0,0,0.0622472666314968,0,0,0,0.00282942121052258,0,0,0,0.0735649514735872,0,0,0,0,0,0,0,0,0,0,0,0,0,0,0,0,0,0,0,0,0,0,0,0,0,0,0,0,0,0,0,0,0,0,0,0,0,0,0,0,0,0,0,0,0,0,0,0.0396118969473162,0,0,0,0.0735649514735872,0,0,0,0,0,0,0,0,0,0,0,0,0,0,0,0,0,0,0,0,0,0,0,0,0,0,0,0,0.00282942121052258,0,0,0,0,0,0,0,0,0,0,0,0,0,0,0,0,0.00282942121052258,0,0,0,0,0,0,0,0,0,0.0113176848420903,0,0,0,0,0,0,0,0,0,0,0,0,0,0,0,0,0,0,0,0,0,0,0,0,0,0,0,0,0,0,0,0,0,0,0,0,0,0,0,0,0,0,0,0,0,0,0,0,0,0,0,0,0,0,0,0,0,0,0,0,0,0,0,0,0,0,0,0,0,0,0,0,0,0,0,0,0,0,0,0,0,0,0,0,0,0,0,0,0,0,0,0,0,0.0311236333157484,0,0,0,0,0,0,0,0,0,0,0,0,0,0,0,0,0,0,0,0,0,0,0,0,0.0169765272631355,0,0,0,0,0,0,0,0,0,0,0,0,0,0,0,0,0,0,0,0,0,0,0,0,0,0,0,0,0,0,0,0,0,0,0,0.00565884242104517,0,0,0,0,0,0.00848826363156775,0,0,0,0,0,0,0,0,0,0,0,0,0,0,0,0,0,0,0,0,0,0,0.00565884242104517,0,0,0,0,0,0,0,0,0,0,0,0,0,0,0,0,0,0,0,0,0,0,0,0,0,0,0,0,0,0,0,0,0,0,0,0,0,0,0,0,0,0,0,0,0,0,0,0,0,0,0,0,0,0,0,0,0,0,0,0,0,0,0,0,0.00565884242104517,0,0,0,0,0,0,0,0,0,0,0,0,0,0,0,0,0,0,0,0,0,0,0,0,0,0,0,0,0,0.0424413181578388,0,0,0,0,0,0,0,0,0,0,0,0,0,0,0,0,0,0,0,0,0,0,0,0,0,0,0,0,0,0,0,0,0.00282942121052258,0,0,0,0,0,0,0,0,0,0,0,0,0,0.0282942121052258,0,0,0.0113176848420903,0,0.0282942121052258,0,0,0,0,0,0,0,0,0.00848826363156775,0,0,0,0,0.0311236333157484,0,0,0.00565884242104517,0,0,0,0,0,0.141471060526129,0,0,0,0,0,0,0,0,0,0,0,0,0,10.6471507293448,0,0.786792001051412,0,0,0,0,0,0,0,0,0,0,0,0,0,0,0,0,0,0,0,0,0,0,0,0,0,0,0,0,0,0,0,0,0,0,3.40621711552548,0,0,0,0,0,0,0,0,0,0,0,0,0,0,0,0,0,0,0,0,0,0,0,0,0,0,0,0,0,0,0,0,0,0,0,0,0,0,0,0,0,0,0,0,0,0,0,0,0,0,0,0,0,0,0,0,0,0,0,0,0,0,0,0,0,0,0,0,0.0286715995988349,0,0,0,0,0,0,0,0,0,0,0,0,0,0,0,0,0,0,0,0,0,0,0,0,0,0,0,0,0,0,0,0,0,0,0,0,0,0,0,0,0,0,0,0,0,0,0,0,0,0,0,0,0,0,0.447063356309831,0,0,8.43592160271005,0,0,0,0.0596619299544288,0,0,0,2.9899636729446,0,0,0,0,0,0,0,0,0,0,0,0,0,0,0,0,0,0,0,0,0,0,0,0,0,0,0,0,0,0,0,0,0,0,0,0,0,0,0,0,0,0,0,0,0,0,0,8.60307324001183,0,0,0,2.05142091910761,0,0,0,0,0,0,0,0,0,0,0,0,0,0,0,0,0,0,0,0,0,0,0,0,0,0,0,0,0.124090881565124,0,0,0,0,0,0,0,0,0,0,0,0,0,0,0,0,0.0611154981472878,0,0,0,0,0,0,0,0,0,0.228946598988644,0,0,0,0,0,0,0,0,0,0,0,0,0,0,0,0,0,0,0,0,0,0,0,0,0,0,0,0,0,0,0,0,0,0,0,0,0,0,0,0,0,0,0,0,0,0,0,0,0,0,0,0,0,0,0,0,0,0,0,0,0,0,0,0,0,0,0,0,0,0,0,0,0,0,0,0,0,0,0,0,0,0,0,0,0,0,0,0,0,0,0,0,0,5.28753724134068,0,0,0,0,0,0,0,0,0,0,0,0,0,0,0,0,0,0,0,0,0,0,0,0,4.4591942965206,0,0,0,0,0,0,0,0,0,0,0,0,0,0,0,0,0,0,0,0,0,0,0,0,0,0,0,0,0,0,0,0,0,0,0,3.00852357314866,0,0,0,0,0,1.04609674790418,0,0,0,0,0,0,0,0,0,0,0,0,0,0,0,0,0,0,0,0,0,0,0.0263273595345241,0,0,0,0,0,0,0,0,0,0,0,0,0,0,0,0,0,0,0,0,0,0,0,0,0,0,0,0,0,0,0,0,0,0,0,0,0,0,0,0,0,0,0,0,0,0,0,0,0,0,0,0,0,0,0,0,0,0,0,0,0,0,0,0,0.626665539362325,0,0,0,0,0,0,0,0,0,0,0,0,0,0,0,0,0,0,0,0,0,0,0,0,0,0,0,0,0,1.15903738315365,0,0,0,0,0,0,0,0,0,0,0,0,0,0,0,0,0,0,0,0,0,0,0,0,0,0,0,0,0,0,0,0,0.134270749429591,0,0,0,0,0,0,0,0,0,0,0,0,0,0.261596543330768,0,0,0.0667780199731733,0,0.165260268179961,0,0,0,0,0,0,0,0,0.0425147120498935,0,0,0,0,1.81067808132344,0,0,1.03727270091596,0,0,0,0,0,0,0,0,0,0,0,"JOH-00237"
"257",4214,"nSPC",2012,"PRIAs","Pacific Remote Island Areas","Johnston","Johnston",2012,"BackreefShallow","Johnston","2012-03-04","Backreef","Shallow",16.73444529,-169.54688279,2.35,25,0,0,0,75,0,0,0,NA,0.94,0.402160773255888,2,2,1,1.29030095463461,0,15.1984102372001,3.87477200959117,20.3634832014258,7.79657900017162,0,0,0,0,0,0.00282942121052258,0,0,0,0,0,0,0,0,0,0,0,0,0,0.0594178454209743,0,0,0,0,0,0,0.00282942121052258,0,0,0,0,0,0,0,0,0,0,0,0,0,0,0,0,0,0,0,0,0,0,0,0,0,0,0,0,0,0,0,0,0,0,0,0,0,0,0,0,0,0,0,0,0,0,0,0,0,0,0,0,0,0,0,0,0,0,0,0,0,0,0,0,0,0,0,0,0,0,0,0,0,0,0,0,0,0,0,0,0,0,0,0,0,0,0,0,0,0,0,0,0,0,0,0,0,0,0,0,0,0,0,0,0,0,0,0,0,0,0,0,0,0,0,0,0,0,0,0,0,0,0,0,0,0,0,0,0,0,0,0,0,0,0,0,0,0,0,0,0,0,0,0,0,0,0,0,0,0,0,0,0.00565884242104517,0,0,0,0.00282942121052258,0,0,0,0,0,0,0,0.155618166578742,0,0,0,0,0,0.0622472666314969,0,0,0,0,0,0,0,0,0,0,0,0,0,0,0,0,0,0,0,0,0,0,0,0,0,0,0,0,0,0,0,0,0,0,0,0,0,0,0,0,0,0,0,0,0,0.104688584789336,0,0,0,0,0,0,0,0,0,0,0,0,0,0,0,0,0,0,0,0,0,0,0,0,0,0,0,0,0.00565884242104517,0,0,0,0,0,0,0,0,0,0,0,0,0,0,0,0,0,0,0,0,0,0,0,0,0,0,0.0141471060526129,0,0,0,0,0,0,0,0,0,0,0,0,0,0,0,0,0,0,0,0,0,0,0,0,0,0,0,0,0,0,0,0,0,0,0,0,0,0,0,0,0,0,0,0,0,0,0,0,0,0,0,0,0,0,0,0,0,0,0,0,0,0,0,0,0,0,0,0,0,0,0,0,0,0,0,0,0,0,0,0,0,0,0,0,0,0,0,0,0,0,0,0,0,0,0,0,0,0,0,0,0,0,0,0,0,0,0,0,0,0,0,0,0,0,0,0,0,0,0.0169765272631355,0,0,0,0,0,0,0,0,0,0,0,0,0,0,0,0,0,0,0,0,0,0,0,0,0,0,0,0,0,0.00282942121052258,0,0,0,0,0,0,0,0,0,0.00282942121052258,0,0.00282942121052258,0,0,0,0,0,0,0,0,0,0,0,0,0,0,0,0,0,0,0,0,0,0,0,0.00565884242104517,0,0,0,0,0,0,0,0,0,0,0,0,0,0,0,0,0,0,0,0,0,0,0,0,0,0,0,0,0,0,0,0,0,0,0,0,0,0,0,0,0,0,0,0,0,0,0,0,0,0,0,0,0,0,0,0,0,0,0,0,0,0,0,0,0,0,0,0,0,0,0,0,0,0,0,0,0,0,0,0,0,0,0,0,0,0,0,0,0,0,0,0,0,0,0,0,0,0,0,0,0,0,0,0,0,0,0,0,0,0,0,0,0,0,0,0,0,0,0.00282942121052258,0,0,0,0,0,0,0,0,0,0,0,0,0,0,0,0,0,0,0,0,0,0.0141471060526129,0,0,0,0,0,0,0,0,0,0,0,0,0,0,0,0,0,0.00565884242104517,0.0198059484736581,0,0,0,0,0,0,0,0,0.347523660182436,0,0,0,0,0,0,0,0,0,0,0,0,0,1.49793231961527,0,0,0,0,0,0,0.0779326277092541,0,0,0,0,0,0,0,0,0,0,0,0,0,0,0,0,0,0,0,0,0,0,0,0,0,0,0,0,0,0,0,0,0,0,0,0,0,0,0,0,0,0,0,0,0,0,0,0,0,0,0,0,0,0,0,0,0,0,0,0,0,0,0,0,0,0,0,0,0,0,0,0,0,0,0,0,0,0,0,0,0,0,0,0,0,0,0,0,0,0,0,0,0,0,0,0,0,0,0,0,0,0,0,0,0,0,0,0,0,0,0,0,0,0,0,0,0,0,0,0,0,0,0,0,0,0,0,0,0,0,0,0,0,0,0,0,0,0,0,0,0,0,0,0,0,0,0,0,0,0,0,0,0.165935807958107,0,0,0,1.01449010680136,0,0,0,0,0,0,0,6.78208889337027,0,0,0,0,0,2.15029155278385,0,0,0,0,0,0,0,0,0,0,0,0,0,0,0,0,0,0,0,0,0,0,0,0,0,0,0,0,0,0,0,0,0,0,0,0,0,0,0,0,0,0,0,0,0,2.18830265843027,0,0,0,0,0,0,0,0,0,0,0,0,0,0,0,0,0,0,0,0,0,0,0,0,0,0,0,0,0.340728617485941,0,0,0,0,0,0,0,0,0,0,0,0,0,0,0,0,0,0,0,0,0,0,0,0,0,0,0.336600673044162,0,0,0,0,0,0,0,0,0,0,0,0,0,0,0,0,0,0,0,0,0,0,0,0,0,0,0,0,0,0,0,0,0,0,0,0,0,0,0,0,0,0,0,0,0,0,0,0,0,0,0,0,0,0,0,0,0,0,0,0,0,0,0,0,0,0,0,0,0,0,0,0,0,0,0,0,0,0,0,0,0,0,0,0,0,0,0,0,0,0,0,0,0,0,0,0,0,0,0,0,0,0,0,0,0,0,0,0,0,0,0,0,0,0,0,0,0,0,2.54262318636077,0,0,0,0,0,0,0,0,0,0,0,0,0,0,0,0,0,0,0,0,0,0,0,0,0,0,0,0,0,1.29030095463461,0,0,0,0,0,0,0,0,0,0.0779808874143951,0,0.0864626346146619,0,0,0,0,0,0,0,0,0,0,0,0,0,0,0,0,0,0,0,0,0,0,0,0.0609522311553531,0,0,0,0,0,0,0,0,0,0,0,0,0,0,0,0,0,0,0,0,0,0,0,0,0,0,0,0,0,0,0,0,0,0,0,0,0,0,0,0,0,0,0,0,0,0,0,0,0,0,0,0,0,0,0,0,0,0,0,0,0,0,0,0,0,0,0,0,0,0,0,0,0,0,0,0,0,0,0,0,0,0,0,0,0,0,0,0,0,0,0,0,0,0,0,0,0,0,0,0,0,0,0,0,0,0,0,0,0,0,0,0,0,0,0,0,0,0,0.0217299548968134,0,0,0,0,0,0,0,0,0,0,0,0,0,0,0,0,0,0,0,0,0,0.22276056700001,0,0,0,0,0,0,0,0,0,0,0,0,0,0,0,0,0,0.411329083237877,0.747516784730427,0,0,0,0,0,0,0,0,0,0,0,0,0,0,"JOH-00234"
"258",4215,"nSPC",2012,"PRIAs","Pacific Remote Island Areas","Johnston","Johnston",2012,"LagoonMid","Johnston","2012-03-04","Lagoon","Mid",16.71606235,-169.54281002,12.7,20,0,0,0,45,35,0,0,NA,1.4425,1.37051391281842,5,2,1,0.581447841297754,0.690217876139193,24.0897561792877,4.5879011567695,29.9493230534941,5.13096448893476,0,0.00282942121052258,0,0,0,0.0481001605788839,0,0,0.0113176848420903,0,0,0,0,0,0,0,0,0,0,0.0282942121052258,0,0.0113176848420903,0,0,0,0,0.00282942121052258,0,0,0,0,0,0,0,0,0,0,0,0,0,0,0,0,0,0,0,0,0,0,0,0,0,0,0,0,0,0,0,0,0,0,0,0,0,0,0,0,0,0,0,0,0,0,0,0,0,0,0,0,0,0,0,0,0,0,0,0,0,0,0,0,0,0,0,0,0,0,0,0,0,0,0,0,0,0,0,0,0,0,0,0,0,0,0,0,0,0,0,0,0,0,0,0,0,0,0,0,0,0,0,0,0,0,0,0,0,0,0,0,0,0,0,0,0,0.0113176848420903,0,0,0,0,0,0.0169765272631355,0,0,0,0,0,0,0,0,0,0,0,0,0,0,0,0,0,0,0,0.00565884242104517,0,0,0,0,0,0,0,0,0.00848826363156775,0.0113176848420903,0,0,0,0,0,0,0,0,0,0,0.0113176848420903,0,0,0,0,0,0.0141471060526129,0,0,0,0,0.00565884242104517,0,0,0,0,0,0,0,0,0,0,0,0,0,0,0,0,0,0,0,0,0,0,0,0,0,0,0,0,0,0,0,0,0,0,0,0,0,0,0,0,0.0509295817894065,0,0,0,0,0,0,0,0,0,0,0,0,0,0,0,0,0,0,0,0,0,0,0,0,0,0,0,0,0.00282942121052258,0,0,0,0,0,0,0,0,0,0,0,0,0,0,0,0,0,0,0,0,0,0,0,0,0,0,0,0,0,0,0,0,0,0,0,0,0,0,0,0,0,0,0,0,0,0,0,0,0,0,0,0,0,0,0,0,0,0,0,0,0,0,0,0,0,0,0,0,0,0,0,0,0,0,0,0,0,0,0,0,0,0,0,0,0,0,0,0,0,0,0,0,0,0,0,0,0,0,0,0,0,0,0,0,0,0,0,0,0,0,0,0,0,0,0,0,0,0,0,0,0.00282942121052258,0,0,0,0,0,0,0.00282942121052258,0,0,0,0,0,0,0,0,0,0,0,0,0,0,0,0,0,0.00848826363156775,0,0,0,0,0,0,0,0,0,0,0,0,0,0,0,0,0,0,0,0,0,0,0,0,0,0,0,0,0,0.00282942121052258,0,0,0,0,0,0,0,0,0,0,0,0,0.00282942121052258,0,0,0.00282942121052258,0,0,0,0,0,0,0,0,0,0,0,0,0,0,0,0,0,0,0,0,0,0,0,0,0,0,0,0,0,0,0,0,0,0,0,0,0,0,0,0,0,0,0,0,0,0,0,0,0,0,0,0,0,0,0,0,0,0,0,0,0,0,0,0,0,0,0,0,0,0,0,0,0,0,0,0,0,0,0,0,0,0,0,0,0,0,0,0,0,0,0,0,0,0,0,0,0,0,0,0,0,0,0,0,0,0,0,0,0,0,0,0,0,0.0452707393683613,0,0,0,0,0,0,0,0,0,0,0,0,0,0,0,0,0,0,0,0,0,0,0,0,0,0,0,0,0,0,0,0,0,0,0,0,0,0,0,0,0,0,0,0,0,0,0.00848826363156775,0,0,0.00282942121052258,0,0,0,0,0,0,0,0,0,0,0,0,0,0,0,0.0141471060526129,0,0,0,0,0.341963281619517,0,0,0,4.5983753513413,0,0,6.12304320825889,0,0,0,0,0,0,0,0,0,0,0.650563127112376,0,3.3426999443168,0,0,0,0,0.0974594214728254,0,0,0,0,0,0,0,0,0,0,0,0,0,0,0,0,0,0,0,0,0,0,0,0,0,0,0,0,0,0,0,0,0,0,0,0,0,0,0,0,0,0,0,0,0,0,0,0,0,0,0,0,0,0,0,0,0,0,0,0,0,0,0,0,0,0,0,0,0,0,0,0,0,0,0,0,0,0,0,0,0,0,0,0,0,0,0,0,0,0,0,0,0,0,0,0,0,0,0,0,0,0,0,0,0,0,0,0,0,0,0,0,0,0,0,0,0,0.907845612739349,0,0,0,0,0,0.303445307789911,0,0,0,0,0,0,0,0,0,0,0,0,0,0,0,0,0,0,0,0.119323859908858,0,0,0,0,0,0,0,0,0.167640954481791,1.11346490814351,0,0,0,0,0,0,0,0,0,0,1.00135600352096,0,0,0,0,0,1.05366341668077,0,0,0,0,0.205463560391287,0,0,0,0,0,0,0,0,0,0,0,0,0,0,0,0,0,0,0,0,0,0,0,0,0,0,0,0,0,0,0,0,0,0,0,0,0,0,0,0,1.74877470874527,0,0,0,0,0,0,0,0,0,0,0,0,0,0,0,0,0,0,0,0,0,0,0,0,0,0,0,0,0.187246719765972,0,0,0,0,0,0,0,0,0,0,0,0,0,0,0,0,0,0,0,0,0,0,0,0,0,0,0,0,0,0,0,0,0,0,0,0,0,0,0,0,0,0,0,0,0,0,0,0,0,0,0,0,0,0,0,0,0,0,0,0,0,0,0,0,0,0,0,0,0,0,0,0,0,0,0,0,0,0,0,0,0,0,0,0,0,0,0,0,0,0,0,0,0,0,0,0,0,0,0,0,0,0,0,0,0,0,0,0,0,0,0,0,0,0,0,0,0,0,0,0,0.690217876139193,0,0,0,0,0,0,0.143594001287286,0,0,0,0,0,0,0,0,0,0,0,0,0,0,0,0,0,1.38789356575491,0,0,0,0,0,0,0,0,0,0,0,0,0,0,0,0,0,0,0,0,0,0,0,0,0,0,0,0,0,0.581447841297754,0,0,0,0,0,0,0,0,0,0,0,0,0.058181954236218,0,0,0.262434239817102,0,0,0,0,0,0,0,0,0,0,0,0,0,0,0,0,0,0,0,0,0,0,0,0,0,0,0,0,0,0,0,0,0,0,0,0,0,0,0,0,0,0,0,0,0,0,0,0,0,0,0,0,0,0,0,0,0,0,0,0,0,0,0,0,0,0,0,0,0,0,0,0,0,0,0,0,0,0,0,0,0,0,0,0,0,0,0,0,0,0,0,0,0,0,0,0,0,0,0,0,0,0,0,0,0,0,0,0,0,0,0,0,0,3.8671742455967,0,0,0,0,0,0,0,0,0,0,0,0,0,0,0,0,0,0,0,0,0,0,0,0,0,0,0,0,0,0,0,0,0,0,0,0,0,0,0,0,0,0,0,0,0,0,0.307407257274722,0,0,0.0206236040698263,0,0,0,0,0,0,0,0,0,0,0,0,0,0,0,0.668019081731003,0,0,0,0,0,0,0,0,0,0,0,0,0,0,"JOH-00249"
"259",4216,"nSPC",2012,"PRIAs","Pacific Remote Island Areas","Johnston","Johnston",2012,"LagoonMid","Johnston","2012-03-04","Lagoon","Mid",16.68643945,-169.48047783,16.3,12.5,0,22.5,35,30,0,0,0,NA,0.61875,0.422957408166945,1.75,2,1,4.35877548928235,26.4237046801031,21.7425193295989,17.667000996904,70.1920004958884,4.11919776078767,0,0,0,0,0,0.0226353696841807,0,0,0,0,0,0,0,0,0,0,0,0,0,0.113176848420903,0,0.00282942121052258,0,0,0,0,0,0,0,0,0,0,0,0,0,0,0,0,0,0,0,0,0,0,0,0,0,0,0,0,0,0,0,0,0,0,0.00565884242104517,0,0,0,0,0,0,0,0,0,0,0,0,0,0,0,0,0.00282942121052258,0,0,0,0,0,0,0,0,0,0,0,0,0,0,0,0,0,0,0,0,0,0,0,0,0,0,0,0,0,0,0,0,0,0,0,0,0,0,0,0,0,0,0,0,0,0,0,0,0,0,0,0.0198059484736581,0,0,0,0,0,0,0,0,0,0,0,0,0.113176848420903,0.0113176848420903,0,0,0,0,0,0,0,0,0,0,0,0,0,0,0,0,0,0,0,0,0,0,0,0,0,0,0,0,0,0,0,0,0,0,0,0,0,0,0,0.0113176848420903,0,0,0,0,0,0,0,0.00565884242104517,0,0,0,0.0169765272631355,0,0,0,0,0,0.0113176848420903,0,0,0,0,0,0,0.00282942121052258,0,0,0,0,0,0,0,0,0,0,0,0,0,0,0,0,0,0,0,0,0,0,0,0,0,0,0,0,0.00565884242104517,0,0,0,0,0,0.00282942121052258,0,0,0,0.0367824757367936,0,0,0.0169765272631355,0,0,0,0,0,0,0,0,0,0,0,0,0,0,0,0,0,0,0,0,0,0,0,0,0,0.00565884242104517,0,0,0,0,0,0,0,0,0,0,0,0,0,0,0,0,0.00565884242104517,0,0,0,0,0,0,0,0,0,0.00282942121052258,0,0,0,0,0,0,0,0,0,0,0,0,0,0,0,0,0,0,0,0,0,0,0,0,0,0.00565884242104517,0,0,0,0,0,0,0,0,0,0,0,0,0,0.0424413181578388,0,0,0,0,0,0,0,0,0,0,0,0,0,0,0,0,0,0,0,0,0,0,0.0113176848420903,0,0,0,0,0,0,0,0,0,0,0,0,0,0,0,0,0,0,0,0,0,0,0,0,0,0,0,0,0,0,0.186741799894491,0.00565884242104517,0,0,0,0,0,0.0877120575262001,0,0,0.0113176848420903,0,0,0,0,0,0,0,0,0,0,0,0,0,0.00282942121052258,0.00848826363156775,0,0,0,0,0,0,0,0,0,0,0,0,0,0,0,0,0,0,0,0,0,0,0,0,0,0,0,0,0,0.00565884242104517,0,0,0,0,0,0.00565884242104517,0,0,0,0.00848826363156775,0,0.00565884242104517,0,0,0,0,0,0,0,0,0,0,0,0,0,0,0,0,0,0,0,0,0,0,0,0,0,0,0,0,0,0,0,0,0,0,0,0,0,0,0,0,0,0,0,0,0,0,0,0,0,0,0,0,0,0,0,0,0,0,0,0,0,0,0,0,0.00565884242104517,0,0,0,0,0,0,0,0,0,0,0,0,0,0,0,0,0,0,0,0,0,0,0,0,0,0,0,0,0,0,0,0,0,0.00282942121052258,0,0,0,0,0,0,0,0,0,0,0,0,0,0,0,0,0,0,0,0,0,0,0,0,0,0,0,0,0,0,0,0,0,0,0,0,0,0,0,0,0,0,0,0.00282942121052258,0,0,0,0,0,0,0,0.00282942121052258,0,0,0,0,0,0,0,0,0,0,0,0,0,0.0311236333157484,0,0,0.00282942121052258,0,0,0,0,0,0,0,0,0,0,0,0,0,0,0.0113176848420903,0.067906109052542,0,0,0,0,0,0,0,0,3.13655488292481,0,0,0,0,0,0,0,0,0,0,0,0,0,4.55150134452634,0,0.646331202060811,0,0,0,0,0,0,0,0,0,0,0,0,0,0,0,0,0,0,0,0,0,0,0,0,0,0,0,0,0,0,0,0,0,0,1.92594033255275,0,0,0,0,0,0,0,0,0,0,0,0,0,0,0,0,0.0486271934013841,0,0,0,0,0,0,0,0,0,0,0,0,0,0,0,0,0,0,0,0,0,0,0,0,0,0,0,0,0,0,0,0,0,0,0,0,0,0,0,0,0,0,0,0,0,0,0,0,0,0,0,0.108767862571428,0,0,0,0,0,0,0,0,0,0,0,0,0.132858302361298,0.0135868806529294,0,0,0,0,0,0,0,0,0,0,0,0,0,0,0,0,0,0,0,0,0,0,0,0,0,0,0,0,0,0,0,0,0,0,0,0,0,0,0,0.226755749572688,0,0,0,0,0,0,0,0.163500585259839,0,0,0,4.11919776078767,0,0,0,0,0,0.36494978814297,0,0,0,0,0,0,0.0823769169560418,0,0,0,0,0,0,0,0,0,0,0,0,0,0,0,0,0,0,0,0,0,0,0,0,0,0,0,0,2.98439200552836,0,0,0,0,0,0.440690614093734,0,0,0,2.20193480982257,0,0,0.0849556981953264,0,0,0,0,0,0,0,0,0,0,0,0,0,0,0,0,0,0,0,0,0,0,0,0,0,1.48117915190991,0,0,0,0,0,0,0,0,0,0,0,0,0,0,0,0,0.0707355302630646,0,0,0,0,0,0,0,0,0,0.104031106789106,0,0,0,0,0,0,0,0,0,0,0,0,0,0,0,0,0,0,0,0,0,0,0,0,0,0.0385344533503492,0,0,0,0,0,0,0,0,0,0,0,0,0,1.35075946117682,0,0,0,0,0,0,0,0,0,0,0,0,0,0,0,0,0,0,0,0,0,0,0.018054659726979,0,0,0,0,0,0,0,0,0,0,0,0,0,0,0,0,0,0,0,0,0,0,0,0,0,0,0,0,0,0,22.9272954830279,1.56774734488048,0,0,0,0,0,2.18775732439012,0,0,1.40116964296022,0,0,0,0,0,0,0,0,0,0,0,0,0,0.430702294772609,2.80407220071361,0,0,0,0,0,0,0,0,0,0,0,0,0,0,0,0,0,0,0,0,0,0,0,0,0,0,0,0,0,1.12901333530529,0,0,0,0,0,1.25519462802293,0,0,0,2.38687670647612,0,1.0505849760144,0,0,0,0,0,0,0,0,0,0,0,0,0,0,0,0,0,0,0,0,0,0,0,0,0,0,0,0,0,0,0,0,0,0,0,0,0,0,0,0,0,0,0,0,0,0,0,0,0,0,0,0,0,0,0,0,0,0,0,0,0,0,0,0,0.0553387841312727,0,0,0,0,0,0,0,0,0,0,0,0,0,0,0,0,0,0,0,0,0,0,0,0,0,0,0,0,0,0,0,0,0,4.98035463354505,0,0,0,0,0,0,0,0,0,0,0,0,0,0,0,0,0,0,0,0,0,0,0,0,0,0,0,0,0,0,0,0,0,0,0,0,0,0,0,0,0,0,0,0.0217299548968134,0,0,0,0,0,0,0,0.356425585194983,0,0,0,0,0,0,0,0,0,0,0,0,0,0.080409902971184,0,0,0.00600785725315117,0,0,0,0,0,0,0,0,0,0,0,0,0,0,1.08938224148763,2.16572130721748,0,0,0,113.0921021,103.9785018,100.2532018,91.9852016,128.4538022,131.9568023,108.5406019,115.3044021,125.0227022,125.1015021,127.0968021,"JOH-00280"
"260",4217,"nSPC",2012,"PRIAs","Pacific Remote Island Areas","Johnston","Johnston",2012,"LagoonMid","Johnston","2012-03-04","Lagoon","Mid",16.69539317,-169.50413533,14.1,3,0,17.5,35,34.5,10,0,0,NA,1.08875,0.611181680348564,2.1,2,1,0,3.52646729239834,40.021811642205,6.6947603257426,50.243039260346,9.45042066873657,0,0,0,0,0,0.00848826363156775,0,0,0,0,0,0,0,0,0,0,0,0,0,0.198059484736581,0,0.0113176848420903,0,0,0,0,0.00282942121052258,0,0,0,0,0,0,0,0,0,0,0,0,0,0,0,0,0,0,0,0,0,0,0,0,0,0,0,0,0,0,0,0,0,0,0,0,0,0,0,0,0,0,0,0,0,0,0,0,0,0,0,0,0,0,0,0,0,0,0,0,0,0,0,0,0,0,0,0,0,0,0,0,0,0,0,0.00565884242104517,0,0,0,0,0,0,0,0,0,0,0,0,0,0,0,0,0,0,0,0,0,0,0.0113176848420903,0,0,0,0,0,0,0,0,0,0,0,0,0,0.00565884242104517,0,0,0,0,0,0,0,0,0,0,0,0,0,0,0,0,0,0,0,0,0,0,0,0,0,0,0,0,0,0,0,0,0,0,0,0,0,0,0,0,0,0,0,0,0,0,0,0,0,0,0,0.0424413181578388,0,0,0,0,0,0,0,0,0,0,0,0,0,0,0,0,0,0,0,0,0,0,0,0,0,0,0,0,0,0,0,0,0,0,0,0,0,0,0,0,0,0.00565884242104517,0,0,0,0,0,0,0,0,0,0.0226353696841807,0,0,0.00565884242104517,0,0,0,0,0,0,0,0,0,0,0,0,0,0,0,0,0,0,0,0,0,0,0,0,0,0.00565884242104517,0,0,0,0,0,0,0,0,0,0,0,0,0,0,0,0,0,0,0,0,0,0,0,0,0,0,0.00565884242104517,0,0,0,0,0,0,0,0,0,0,0,0,0,0,0,0,0,0,0,0,0,0,0,0,0,0,0,0,0,0,0,0,0,0,0,0,0,0,0,0,0,0,0,0,0,0,0,0,0,0,0,0,0,0,0,0,0,0,0,0,0,0,0,0,0,0,0,0,0,0,0,0,0,0,0,0,0,0,0,0,0,0,0,0,0,0,0,0,0,0,0,0,0,0.0113176848420903,0,0,0,0,0,0,0,0,0,0,0,0,0,0,0,0,0,0,0,0,0,0,0,0,0.0169765272631355,0,0,0,0,0,0,0,0,0,0,0,0,0,0,0,0,0,0,0,0,0,0,0,0,0,0,0,0,0,0,0,0,0,0,0,0,0,0,0,0,0,0.0198059484736581,0.00282942121052258,0,0,0,0,0,0,0,0,0,0,0,0,0,0,0,0,0,0,0,0,0,0.00282942121052258,0,0,0,0,0,0,0,0,0,0,0,0,0,0,0,0,0,0,0,0,0,0,0,0,0,0,0,0,0,0,0,0,0,0,0,0,0,0,0,0,0,0,0,0,0,0,0,0,0,0,0,0,0,0,0,0,0,0,0,0,0,0,0,0,0.00282942121052258,0,0,0,0,0,0,0,0,0,0,0,0,0,0,0,0,0,0,0,0,0,0,0,0,0,0,0,0,0,0.00565884242104517,0,0,0,0,0,0,0,0,0,0,0,0,0,0,0,0,0,0,0,0,0,0,0,0,0.00565884242104517,0,0,0,0,0,0,0,0,0,0.00282942121052258,0,0,0,0,0,0,0,0,0,0,0,0.00848826363156775,0,0,0,0,0,0,0,0,0,0,0,0,0,0,0,0,0,0.0141471060526129,0.00565884242104517,0,0,0,0,0,0,0,0,0.708487071114855,0,0,0,0,0,0,0,0,0,0,0,0,0,15.1290015602821,0,6.00746465051704,0,0,0,0,0.0974594214728254,0,0,0,0,0,0,0,0,0,0,0,0,0,0,0,0,0,0,0,0,0,0,0,0,0,0,0,0,0,0,0,0,0,0,0,0,0,0,0,0,0,0,0,0,0,0,0,0,0,0,0,0,0,0,0,0,0,0,0,0,0,0,0,0,0,0,0,0,0,0,0,0,0,0,0,0.0582049775467197,0,0,0,0,0,0,0,0,0,0,0,0,0,0,0,0,0,0,0,0,0,0,0.171943781786691,0,0,0,0,0,0,0,0,0,0,0,0,0,0.0101406456185129,0,0,0,0,0,0,0,0,0,0,0,0,0,0,0,0,0,0,0,0,0,0,0,0,0,0,0,0,0,0,0,0,0,0,0,0,0,0,0,0,0,0,0,0,0,0,0,0,0,0,0,7.52344671960688,0,0,0,0,0,0,0,0,0,0,0,0,0,0,0,0,0,0,0,0,0,0,0,0,0,0,0,0,0,0,0,0,0,0,0,0,0,0,0,0,0,0.575117209398694,0,0,0,0,0,0,0,0,0,2.13533023452687,0,0,0.362131399745781,0,0,0,0,0,0,0,0,0,0,0,0,0,0,0,0,0,0,0,0,0,0,0,0,0,1.11297777231788,0,0,0,0,0,0,0,0,0,0,0,0,0,0,0,0,0,0,0,0,0,0,0,0,0,0,0.160948564812165,0,0,0,0,0,0,0,0,0,0,0,0,0,0,0,0,0,0,0,0,0,0,0,0,0,0,0,0,0,0,0,0,0,0,0,0,0,0,0,0,0,0,0,0,0,0,0,0,0,0,0,0,0,0,0,0,0,0,0,0,0,0,0,0,0,0,0,0,0,0,0,0,0,0,0,0,0,0,0,0,0,0,0,0,0,0,0,0,0,0,0,0,0,3.15419524703405,0,0,0,0,0,0,0,0,0,0,0,0,0,0,0,0,0,0,0,0,0,0,0,0,5.93783459106692,0,0,0,0,0,0,0,0,0,0,0,0,0,0,0,0,0,0,0,0,0,0,0,0,0,0,0,0,0,0,0,0,0,0,0,0,0,0,0,0,0,1.04864466807541,0.137912780411776,0,0,0,0,0,0,0,0,0,0,0,0,0,0,0,0,0,0,0,0,0,0.0215007714033833,0,0,0,0,0,0,0,0,0,0,0,0,0,0,0,0,0,0,0,0,0,0,0,0,0,0,0,0,0,0,0,0,0,0,0,0,0,0,0,0,0,0,0,0,0,0,0,0,0,0,0,0,0,0,0,0,0,0,0,0,0,0,0,0,0.305170671868745,0,0,0,0,0,0,0,0,0,0,0,0,0,0,0,0,0,0,0,0,0,0,0,0,0,0,0,0,0,1.92697394912969,0,0,0,0,0,0,0,0,0,0,0,0,0,0,0,0,0,0,0,0,0,0,0,0,0.172948371493193,0,0,0,0,0,0,0,0,0,0.966741377471163,0,0,0,0,0,0,0,0,0,0,0,0.151806878353716,0,0,0,0,0,0,0,0,0,0,0,0,0,0,0,0,0,2.04099126013648,0.325664685154447,0,0,0,99.90490184,90.1739016,81.57180147,88.49660154,112.8123019,124.6595022,96.57920169,103.5269019,115.6684021,118.617002,117.499702,"JOH-00267"
"261",4218,"nSPC",2012,"PRIAs","Pacific Remote Island Areas","Johnston","Johnston",2012,"LagoonMid","Johnston","2012-03-04","Lagoon","Mid",16.73165428,-169.48182665,8.05,6,0,7.5,25,29,32.5,0,0,NA,1.165,1.09653984534959,4.25,2,1,0,0.263947780791509,16.091518783868,6.22337073968048,22.57883730434,11.1451237720066,0,0,0,0,0,0.00282942121052258,0,0,0,0,0,0,0,0,0,0,0,0,0,0.033953054526271,0,0.00282942121052258,0,0,0,0,0.00848826363156775,0,0,0,0,0,0,0,0,0,0,0,0,0,0,0,0,0,0,0,0,0,0,0,0,0,0,0,0,0,0,0,0,0,0,0,0,0,0,0,0,0,0,0,0,0,0,0,0,0,0,0,0,0,0,0,0,0,0,0,0,0,0,0,0,0,0,0,0,0,0,0.00282942121052258,0,0,0,0,0,0,0,0,0,0,0,0,0,0,0,0,0,0,0,0,0,0,0,0,0,0,0,0,0,0,0,0,0,0,0,0,0,0,0,0,0,0,0,0,0,0,0.00282942121052258,0,0,0,0,0,0,0,0,0,0.00282942121052258,0,0,0,0,0,0,0,0,0,0,0,0,0,0,0,0,0,0,0,0,0,0,0,0,0,0,0,0,0,0,0,0,0,0,0,0,0.0594178454209743,0,0,0,0,0,0.00848826363156775,0,0,0,0,0,0,0,0,0,0,0,0,0,0,0,0,0,0,0,0,0,0,0,0,0,0,0,0,0,0,0,0,0,0,0,0,0,0,0,0,0,0,0,0,0,0.0141471060526129,0,0,0.0198059484736581,0,0,0,0,0,0,0,0,0,0,0,0,0,0,0,0,0,0,0,0,0,0,0,0,0,0.00565884242104517,0,0,0,0,0,0,0,0,0,0,0,0,0,0,0,0,0,0,0,0,0,0,0,0,0,0,0.00565884242104517,0,0,0,0,0,0,0,0,0,0,0,0,0,0,0,0,0,0,0,0,0,0,0,0,0,0,0,0,0,0,0,0,0,0,0,0,0,0,0,0,0,0,0,0,0,0,0,0,0,0,0,0,0,0,0,0,0,0,0,0,0,0,0,0,0,0,0,0,0,0,0,0,0,0,0,0,0,0,0,0,0,0,0,0,0,0,0,0,0,0,0,0,0,0,0,0,0,0.0113176848420903,0,0,0.0113176848420903,0,0,0,0,0,0,0,0,0,0,0,0,0,0,0,0,0,0.0113176848420903,0,0,0,0,0,0,0,0,0,0,0,0,0,0,0,0,0,0,0,0,0,0,0,0,0,0,0,0,0,0,0,0,0,0,0,0,0,0,0,0.0113176848420903,0,0,0,0,0,0.033953054526271,0,0,0.00282942121052258,0,0,0,0,0,0,0,0,0,0,0,0,0,0,0,0,0.00282942121052258,0,0,0,0,0,0,0,0,0,0,0,0,0,0,0,0,0,0,0,0,0,0,0,0,0,0,0,0,0,0,0,0,0.00282942121052258,0,0,0,0,0,0,0,0,0,0,0,0,0,0,0,0,0,0,0,0,0,0,0,0,0,0,0,0,0,0,0,0,0,0,0,0,0,0,0,0,0,0.00282942121052258,0,0,0,0,0,0,0,0,0,0,0,0,0,0,0,0,0,0,0.0282942121052258,0,0,0,0,0,0,0,0,0,0,0,0,0,0,0,0,0,0,0,0,0,0,0,0,0,0,0,0,0,0,0,0,0,0,0,0,0,0,0,0,0,0,0,0,0,0,0.00282942121052258,0,0,0,0,0,0,0,0,0,0,0,0,0,0,0,0,0,0,0.00565884242104517,0,0,0,0,0,0,0,0,0.412529612494193,0,0,0,0,0,0,0,0,0,0,0,0,0,1.05325471309108,0,0.217385030496447,0,0,0,0,0.0793665262170029,0,0,0,0,0,0,0,0,0,0,0,0,0,0,0,0,0,0,0,0,0,0,0,0,0,0,0,0,0,0,0,0,0,0,0,0,0,0,0,0,0,0,0,0,0,0,0,0,0,0,0,0,0,0,0,0,0,0,0,0,0,0,0,0,0,0,0,0,0,0,0.455427689599493,0,0,0,0,0,0,0,0,0,0,0,0,0,0,0,0,0,0,0,0,0,0,0,0,0,0,0,0,0,0,0,0,0,0,0,0,0,0,0,0,0,0,0,0,0,0,0.243078675390366,0,0,0,0,0,0,0,0,0,0.163447599353649,0,0,0,0,0,0,0,0,0,0,0,0,0,0,0,0,0,0,0,0,0,0,0,0,0,0,0,0,0,0,0,0,0,0,0,0,3.74105916413029,0,0,0,0,0,0.216087742669223,0,0,0,0,0,0,0,0,0,0,0,0,0,0,0,0,0,0,0,0,0,0,0,0,0,0,0,0,0,0,0,0,0,0,0,0,0,0,0,0,0,0,0,0,0,0.539621554428446,0,0,0.263947780791509,0,0,0,0,0,0,0,0,0,0,0,0,0,0,0,0,0,0,0,0,0,0,0,0,0,1.70313529823927,0,0,0,0,0,0,0,0,0,0,0,0,0,0,0,0,0,0,0,0,0,0,0,0,0,0,0.0711460795582023,0,0,0,0,0,0,0,0,0,0,0,0,0,0,0,0,0,0,0,0,0,0,0,0,0,0,0,0,0,0,0,0,0,0,0,0,0,0,0,0,0,0,0,0,0,0,0,0,0,0,0,0,0,0,0,0,0,0,0,0,0,0,0,0,0,0,0,0,0,0,0,0,0,0,0,0,0,0,0,0,0,0,0,0,0,0,0,0,0,0,0,0,0,0,0,0,0,1.29190176236593,0,0,0.595127994839239,0,0,0,0,0,0,0,0,0,0,0,0,0,0,0,0,0,2.44935136843584,0,0,0,0,0,0,0,0,0,0,0,0,0,0,0,0,0,0,0,0,0,0,0,0,0,0,0,0,0,0,0,0,0,0,0,0,0,0,0,1.22105220185893,0,0,0,0,0,0.339139322100662,0,0,0.106882244274993,0,0,0,0,0,0,0,0,0,0,0,0,0,0,0,0,0.0415041135640949,0,0,0,0,0,0,0,0,0,0,0,0,0,0,0,0,0,0,0,0,0,0,0,0,0,0,0,0,0,0,0,0,0.0128288523074963,0,0,0,0,0,0,0,0,0,0,0,0,0,0,0,0,0,0,0,0,0,0,0,0,0,0,0,0,0,0,0,0,0,0,0,0,0,0,0,0,0,0.534522301307865,0,0,0,0,0,0,0,0,0,0,0,0,0,0,0,0,0,0,6.60949759617618,0,0,0,0,0,0,0,0,0,0,0,0,0,0,0,0,0,0,0,0,0,0,0,0,0,0,0,0,0,0,0,0,0,0,0,0,0,0,0,0,0,0,0,0,0,0,0.022655873951229,0,0,0,0,0,0,0,0,0,0,0,0,0,0,0,0,0,0,0.19488620669837,0,0,0,0,0,0,0,0,0,0,0,0,0,0,"JOH-00259"
"262",4219,"nSPC",2012,"PRIAs","Pacific Remote Island Areas","Johnston","Johnston",2012,"LagoonMid","Johnston","2012-03-04","Lagoon","Mid",16.73024227,-169.51693509,8.3,15,0,0.5,22.5,44.5,17.5,0,0,NA,2.195,1.32208753444867,5,2,1,3.3378696167641,12.8893412905453,27.2837159791093,36.6342331795994,80.1451600660181,7.69137166820062,0,0.00282942121052258,0,0,0,0.00848826363156775,0,0,0,0,0,0,0,0,0,0,0,0,0,0.0141471060526129,0,0,0,0,0,0,0.00565884242104517,0,0,0,0,0,0,0,0,0,0,0,0,0,0,0,0,0,0,0,0,0,0,0,0,0,0,0,0,0,0.00282942121052258,0,0,0,0,0,0,0,0,0,0,0,0,0.0113176848420903,0,0,0,0,0,0,0,0,0,0,0,0,0,0,0,0,0,0,0,0,0,0,0,0,0,0,0,0,0,0,0.00282942121052258,0,0,0,0,0,0,0,0,0,0,0,0,0,0,0,0,0,0,0,0,0,0,0,0,0,0,0,0,0,0,0,0,0,0,0,0,0,0,0,0,0,0,0,0.00848826363156775,0,0,0,0,0,0,0,0,0,0,0,0,0,0,0,0,0,0,0,0,0,0,0,0,0,0.00848826363156775,0,0,0,0,0,0,0,0,0,0.0113176848420903,0,0,0,0,0,0,0.00282942121052258,0,0,0,0.0990297423682904,0,0,0,0,0,0.0198059484736581,0,0.00848826363156775,0,0,0.00848826363156775,0,0,0,0,0,0,0,0,0,0,0,0,0,0,0,0,0,0,0,0,0,0,0,0,0,0,0,0,0,0,0.00282942121052258,0,0,0,0,0,0,0,0,0,0.0311236333157484,0,0,0.0198059484736581,0,0,0,0,0,0,0,0,0,0,0,0,0,0,0,0,0,0,0,0,0,0,0,0,0,0.00848826363156775,0,0,0,0,0,0,0,0,0,0,0,0,0,0,0,0,0,0,0,0,0,0,0,0,0,0,0.00282942121052258,0,0,0,0,0,0,0,0,0,0,0,0,0,0,0,0,0,0,0,0,0,0,0,0,0,0,0,0,0,0,0,0,0,0,0,0,0,0,0,0,0,0,0,0,0,0,0,0,0,0,0,0,0,0,0,0,0,0,0,0,0,0,0,0,0,0,0,0,0,0,0,0,0,0,0,0,0,0,0,0,0,0,0,0,0,0,0,0,0,0,0,0,0,0.0311236333157484,0.00282942121052258,0,0,0,0,0,0,0,0,0,0,0,0,0,0,0,0,0,0,0,0,0,0,0,0.0226353696841807,0,0,0,0,0,0,0,0,0,0,0,0,0,0,0,0,0,0,0,0,0,0,0,0.00282942121052258,0,0,0,0,0,0.00282942121052258,0,0,0,0,0,0,0,0,0,0.00282942121052258,0,0.00565884242104517,0.0226353696841807,0,0,0,0,0,0,0,0,0,0,0,0,0,0,0,0,0,0,0,0,0,0,0,0,0,0,0,0,0,0,0,0,0,0,0,0,0,0,0,0,0,0,0,0,0,0,0,0,0,0,0,0,0,0,0,0,0,0,0,0,0,0,0,0,0,0,0,0,0,0,0,0,0,0,0,0,0,0,0,0,0,0,0,0,0,0,0.0113176848420903,0,0,0,0,0,0,0,0,0,0,0,0,0,0,0,0,0,0,0,0,0,0,0,0,0,0,0,0,0,0.00282942121052258,0,0,0,0,0,0,0,0,0,0,0,0,0,0,0,0,0,0,0,0,0,0,0,0,0,0,0,0,0,0,0,0,0,0,0,0,0,0,0,0,0,0,0,0,0,0,0.0169765272631355,0,0,0,0,0,0,0.00282942121052258,0,0,0,0,0,0,0,0,0,0,0,0.0282942121052258,0,0,0.00565884242104517,0,0.234912696003638,0,0,0,1.06952121757754,0,0,0,0,0,0,0,0,0,0,0,0,0,1.94553891925766,0,0,0,0,0,0,1.28517373654926,0,0,0,0,0,0,0,0,0,0,0,0,0,0,0,0,0,0,0,0,0,0,0,0,0,0,0,0,0,2.04756866212948,0,0,0,0,0,0,0,0,0,0,0,0,23.2345144706871,0,0,0,0,0,0,0,0,0,0,0,0,0,0,0,0,0,0,0,0,0,0,0,0,0,0,0,0,0,0,2.35104866209449,0,0,0,0,0,0,0,0,0,0,0,0,0,0,0,0,0,0,0,0,0,0,0,0,0,0,0,0,0,0,0,0,0,0,0,0,0,0,0,0,0,0,0,0.47712366613857,0,0,0,0,0,0,0,0,0,0,0,0,0,0,0,0,0,0,0,0,0,0,0,0,0,0.342611877673945,0,0,0,0,0,0,0,0,0,0.907692767979931,0,0,0,0,0,0,0.028145560809376,0,0,0,6.52652005971825,0,0,0,0,0,0.61142633004572,0,2.35436619177267,0,0,0.486676373501356,0,0,0,0,0,0,0,0,0,0,0,0,0,0,0,0,0,0,0,0,0,0,0,0,0,0,0,0,0,0,1.3222946349726,0,0,0,0,0,0,0,0,0,3.29761119707018,0,0,0.135157054597364,0,0,0,0,0,0,0,0,0,0,0,0,0,0,0,0,0,0,0,0,0,0,0,0,0,2.53886350208178,0,0,0,0,0,0,0,0,0,0,0,0,0,0,0,0,0,0,0,0,0,0,0,0,0,0,0.226377830237467,0,0,0,0,0,0,0,0,0,0,0,0,0,0,0,0,0,0,0,0,0,0,0,0,0,0,0,0,0,0,0,0,0,0,0,0,0,0,0,0,0,0,0,0,0,0,0,0,0,0,0,0,0,0,0,0,0,0,0,0,0,0,0,0,0,0,0,0,0,0,0,0,0,0,0,0,0,0,0,0,0,0,0,0,0,0,0,0,0,0,0,0,0,12.7541842359479,1.52547252215334,0,0,0,0,0,0,0,0,0,0,0,0,0,0,0,0,0,0,0,0,0,0,0,3.73035781229027,0,0,0,0,0,0,0,0,0,0,0,0,0,0,0,0,0,0,0,0,0,0,0,0.15306702515201,0,0,0,0,0,1.29030095463461,0,0,0,0,0,0,0,0,0,0.740718469869592,0,0.481661205237122,0.46252633411049,0,0,0,0,0,0,0,0,0,0,0,0,0,0,0,0,0,0,0,0,0,0,0,0,0,0,0,0,0,0,0,0,0,0,0,0,0,0,0,0,0,0,0,0,0,0,0,0,0,0,0,0,0,0,0,0,0,0,0,0,0,0,0,0,0,0,0,0,0,0,0,0,0,0,0,0,0,0,0,0,0,0,0,0,0,0,1.7002459016517,0,0,0,0,0,0,0,0,0,0,0,0,0,0,0,0,0,0,0,0,0,0,0,0,0,0,0,0,0,1.16485160848237,0,0,0,0,0,0,0,0,0,0,0,0,0,0,0,0,0,0,0,0,0,0,0,0,0,0,0,0,0,0,0,0,0,0,0,0,0,0,0,0,0,0,0,0,0,0,0.238491752699808,0,0,0,0,0,0,0.330746814656351,0,0,0,0,0,0,0,0,0,0,0,2.27044289159982,0,0,1.87894712663427,0,0,0,0,0,0,0,0,0,0,0,"JOH-00261"
"263",4220,"nSPC",2012,"PRIAs","Pacific Remote Island Areas","Johnston","Johnston",2012,"LagoonShallow","Johnston","2012-03-04","Lagoon","Shallow",16.74135449,-169.50821062,5.65,12.5,0,0.5,0,44.5,42.5,0,0,NA,1.18875,1.29467989174684,5,2,1,0,0.654438008410691,27.056639323744,4.14156641024223,31.8526437423969,20.9822867829264,0,0,0,0,0,0,0,0,0,0,0,0,0,0,0,0,0,0,0,0.00565884242104517,0,0,0,0,0,0,0.0141471060526129,0,0,0,0,0,0,0,0,0,0,0,0,0,0,0,0,0,0,0,0,0,0,0,0,0,0,0,0,0,0,0,0,0,0,0,0,0,0,0,0,0,0,0,0,0,0,0,0,0,0,0,0,0,0,0,0,0,0,0,0,0,0,0,0,0,0,0,0,0,0,0,0,0,0,0,0,0,0,0,0,0,0,0,0,0,0,0,0,0,0,0,0,0,0,0,0,0,0,0,0,0,0,0,0,0,0,0,0,0,0,0,0,0,0,0,0,0,0.0226353696841807,0,0,0,0,0,0,0,0,0,0.00282942121052258,0,0,0,0,0,0,0,0,0,0,0,0,0,0,0,0,0,0,0,0,0,0,0,0,0,0,0,0,0.00282942121052258,0,0,0,0,0,0,0,0.178253536262923,0,0,0,0,0,0,0,0.00565884242104517,0,0,0,0,0,0,0,0,0,0,0,0,0,0,0,0,0,0,0,0,0,0,0,0,0,0,0,0,0,0,0,0,0,0,0,0,0,0,0,0,0,0,0,0,0,0,0.0141471060526129,0,0,0,0,0,0,0,0,0,0,0,0,0,0,0,0,0,0,0,0,0,0,0,0,0,0.00565884242104517,0,0,0,0,0,0,0,0,0,0,0,0,0,0,0,0,0,0,0,0,0,0,0,0,0,0,0.00282942121052258,0,0,0,0,0,0,0,0,0,0,0,0,0,0,0,0,0,0,0,0,0,0,0,0,0,0,0,0,0,0,0,0,0,0,0,0,0,0,0,0,0,0,0,0,0,0,0,0,0,0,0,0,0,0,0,0,0,0,0,0,0,0,0,0,0,0,0,0,0,0,0,0,0,0,0,0,0,0,0,0,0,0,0,0,0,0,0,0,0,0,0,0,0,0,0,0,0,0,0,0,0,0,0,0,0,0,0,0,0,0,0,0,0,0,0,0,0,0,0.0169765272631355,0,0,0,0,0,0,0,0,0,0,0,0,0,0,0,0,0,0,0,0,0,0,0.00282942121052258,0,0,0,0,0,0,0,0,0,0,0,0,0,0,0,0,0,0,0.00565884242104517,0,0,0,0,0,0,0,0,0,0,0,0,0,0,0,0,0,0,0,0,0,0,0,0,0,0,0,0,0,0,0,0,0,0,0,0,0,0,0,0,0,0,0,0,0,0,0,0,0,0,0,0,0,0,0,0,0,0,0,0,0,0,0,0,0,0,0,0,0,0,0,0,0,0,0,0,0,0,0,0,0,0,0,0,0,0,0,0.00565884242104517,0,0,0,0,0,0,0,0,0,0,0,0,0,0,0,0,0,0,0,0,0,0,0,0,0,0,0,0,0,0.00565884242104517,0,0,0,0,0,0,0,0,0,0,0,0,0,0,0,0,0,0,0,0,0,0,0,0,0,0,0,0,0,0,0,0,0,0,0,0,0,0,0,0,0,0,0,0,0,0,0.00565884242104517,0,0,0,0,0.00565884242104517,0,0,0,0,0,0,0,0,0,0,0,0,0.00282942121052258,0.00565884242104517,0,0,0,0,0,0,0,0,0,0,0,0,0,0,0,0,0,0,0,0,0,0,0.344168814812601,0,0,0,0,0,0,1.11945528686734,0,0,0,0,0,0,0,0,0,0,0,0,0,0,0,0,0,0,0,0,0,0,0,0,0,0,0,0,0,0,0,0,0,0,0,0,0,0,0,0,0,0,0,0,0,0,0,0,0,0,0,0,0,0,0,0,0,0,0,0,0,0,0,0,0,0,0,0,0,0,0,0,0,0,0,0,0,0,0,0,0,0,0,0,0,0,0,0,0,0,0,0,0,0,0,0,0,0,0,0,0,0,0,0,0,0,0,0,0,0,0,0,0,0,0,0,0,1.48881915313323,0,0,0,0,0,0,0,0,0,0.205065823910012,0,0,0,0,0,0,0,0,0,0,0,0,0,0,0,0,0,0,0,0,0,0,0,0,0,0,0,0,2.47475326178358,0,0,0,0,0,0,0,17.3966094676934,0,0,0,0,0,0,0,0.777068019545934,0,0,0,0,0,0,0,0,0,0,0,0,0,0,0,0,0,0,0,0,0,0,0,0,0,0,0,0,0,0,0,0,0,0,0,0,0,0,0,0,0,0,0,0,0,0,0.654438008410691,0,0,0,0,0,0,0,0,0,0,0,0,0,0,0,0,0,0,0,0,0,0,0,0,0,0.525870094082901,0,0,0,0,0,0,0,0,0,0,0,0,0,0,0,0,0,0,0,0,0,0,0,0,0,0,0.0569174580230593,0,0,0,0,0,0,0,0,0,0,0,0,0,0,0,0,0,0,0,0,0,0,0,0,0,0,0,0,0,0,0,0,0,0,0,0,0,0,0,0,0,0,0,0,0,0,0,0,0,0,0,0,0,0,0,0,0,0,0,0,0,0,0,0,0,0,0,0,0,0,0,0,0,0,0,0,0,0,0,0,0,0,0,0,0,0,0,0,0,0,0,0,0,0,0,0,0,0,0,0,0,0,0,0,0,0,0,0,0,0,0,0,0,0,0,0,0,0,3.39770940319696,0,0,0,0,0,0,0,0,0,0,0,0,0,0,0,0,0,0,0,0,0,0,0.272803799051074,0,0,0,0,0,0,0,0,0,0,0,0,0,0,0,0,0,0,0.842705336258601,0,0,0,0,0,0,0,0,0,0,0,0,0,0,0,0,0,0,0,0,0,0,0,0,0,0,0,0,0,0,0,0,0,0,0,0,0,0,0,0,0,0,0,0,0,0,0,0,0,0,0,0,0,0,0,0,0,0,0,0,0,0,0,0,0,0,0,0,0,0,0,0,0,0,0,0,0,0,0,0,0,0,0,0,0,0,0,0.19382909318606,0,0,0,0,0,0,0,0,0,0,0,0,0,0,0,0,0,0,0,0,0,0,0,0,0,0,0,0,0,1.11092405344943,0,0,0,0,0,0,0,0,0,0,0,0,0,0,0,0,0,0,0,0,0,0,0,0,0,0,0,0,0,0,0,0,0,0,0,0,0,0,0,0,0,0,0,0,0,0,0.0908508892152293,0,0,0,0,0.200695656478425,0,0,0,0,0,0,0,0,0,0,0,0,0.264009106903639,0.435951016394763,0,0,0,0,0,0,0,0,0,0,0,0,0,0,"JOH-00297"
"264",4221,"nSPC",2012,"PRIAs","Pacific Remote Island Areas","Johnston","Johnston",2012,"LagoonDeep","Johnston","2012-03-05","Lagoon","Deep",16.66368744,-169.54838441,25.15,1.5,0,1.5,1,95.5,0,0.5,0,NA,0.10125,0.0124373429638327,0.1,2,1,0,0,0,1.43752491715275,1.43752491715275,0,0,0,0,0,0,0,0,0,0,0,0,0,0,0,0,0,0,0,0,0,0,0,0,0,0,0,0,0,0,0,0,0,0,0,0,0,0,0,0,0,0,0,0,0,0,0,0,0,0,0,0,0,0,0,0,0,0,0,0,0,0,0,0,0,0,0,0,0,0,0,0,0,0,0,0,0,0,0,0,0,0,0,0,0,0,0,0,0,0,0,0,0,0,0,0,0,0,0,0,0,0,0,0,0,0,0,0,0,0,0,0,0,0,0,0,0,0,0,0,0,0,0,0,0,0,0,0,0,0,0,0,0,0,0,0,0,0,0,0,0,0,0,0,0,0,0,0,0,0,0,0,0,0,0,0,0,0,0,0,0,0,0,0,0,0,0,0,0,0,0,0,0,0,0,0,0,0,0,0,0,0,0,0,0,0,0,0,0,0,0,0,0,0,0,0,0,0,0,0,0,0,0,0,0,0,0,0,0,0,0,0,0,0,0,0,0,0,0,0,0,0,0,0,0,0,0,0,0,0,0,0,0,0,0,0,0,0,0,0,0,0,0,0,0,0,0,0,0,0,0,0,0,0,0,0,0,0,0,0,0,0,0,0,0,0,0,0,0,0,0,0,0,0,0,0,0,0,0,0,0,0,0,0,0,0,0,0,0,0,0,0,0,0,0,0,0,0,0,0,0,0,0,0,0,0,0,0,0,0,0,0,0,0,0,0,0,0,0,0,0,0,0,0,0,0,0,0,0,0,0,0,0,0,0,0,0,0,0,0,0,0,0,0,0,0,0,0,0,0,0,0,0,0,0,0,0,0,0,0,0,0,0,0,0,0,0,0,0,0,0,0,0,0,0,0,0,0,0,0,0,0,0,0,0,0,0,0,0,0,0,0,0,0,0,0,0,0,0,0,0,0,0,0,0,0,0,0,0,0,0,0,0,0,0,0,0,0,0,0,0,0,0,0,0,0,0,0,0,0,0,0,0,0,0,0,0,0,0,0,0,0,0,0,0,0,0,0,0,0,0,0,0,0,0,0,0,0,0,0,0,0,0,0,0,0,0.0169765272631355,0,0,0,0,0,0,0,0,0,0,0,0,0,0,0,0,0,0,0,0,0,0,0,0,0,0,0,0,0,0,0,0,0,0,0,0,0,0,0,0,0,0,0,0,0,0,0,0,0,0,0,0,0,0,0,0,0,0,0,0,0,0,0,0,0,0,0,0,0,0,0,0,0,0,0,0,0,0,0,0,0,0,0,0,0,0,0,0,0,0,0,0,0,0,0,0,0,0,0,0,0,0,0,0,0,0,0,0,0,0,0,0,0,0,0,0,0,0,0,0,0,0,0,0,0,0,0,0,0,0,0,0,0,0,0,0,0,0,0,0,0,0,0,0,0,0.00848826363156775,0,0,0,0,0,0,0,0,0,0,0,0,0,0,0,0,0,0,0,0,0,0,0,0,0,0,0,0,0,0,0,0,0,0,0,0,0,0,0,0,0,0,0,0,0,0,0,0,0,0,0,0,0,0,0,0,0,0,0,0,0,0,0,0,0,0,0,0,0,0,0,0,0,0,0,0,0,0,0,0,0,0,0,0,0,0,0,0,0,0,0,0,0,0,0,0,0,0,0,0,0,0,0,0,0,0,0,0,0,0,0,0,0,0,0,0,0,0,0,0,0,0,0,0,0,0,0,0,0,0,0,0,0,0,0,0,0,0,0,0,0,0,0,0,0,0,0,0,0,0,0,0,0,0,0,0,0,0,0,0,0,0,0,0,0,0,0,0,0,0,0,0,0,0,0,0,0,0,0,0,0,0,0,0,0,0,0,0,0,0,0,0,0,0,0,0,0,0,0,0,0,0,0,0,0,0,0,0,0,0,0,0,0,0,0,0,0,0,0,0,0,0,0,0,0,0,0,0,0,0,0,0,0,0,0,0,0,0,0,0,0,0,0,0,0,0,0,0,0,0,0,0,0,0,0,0,0,0,0,0,0,0,0,0,0,0,0,0,0,0,0,0,0,0,0,0,0,0,0,0,0,0,0,0,0,0,0,0,0,0,0,0,0,0,0,0,0,0,0,0,0,0,0,0,0,0,0,0,0,0,0,0,0,0,0,0,0,0,0,0,0,0,0,0,0,0,0,0,0,0,0,0,0,0,0,0,0,0,0,0,0,0,0,0,0,0,0,0,0,0,0,0,0,0,0,0,0,0,0,0,0,0,0,0,0,0,0,0,0,0,0,0,0,0,0,0,0,0,0,0,0,0,0,0,0,0,0,0,0,0,0,0,0,0,0,0,0,0,0,0,0,0,0,0,0,0,0,0,0,0,0,0,0,0,0,0,0,0,0,0,0,0,0,0,0,0,0,0,0,0,0,0,0,0,0,0,0,0,0,0,0,0,0,0,0,0,0,0,0,0,0,0,0,0,0,0,0,0,0,0,0,0,0,0,0,0,0,0,0,0,0,0,0,0,0,0,0,0,0,0,0,0,0,0,0,0,0,0,0,0,0,0,0,0,0,0,0,0,0,0,0,0.0650541752591045,0,0,0,0,0,0,0,0,0,0,0,0,0,0,0,0,0,0,0,0,0,0,0,0,0,0,0,0,0,0,0,0,0,0,0,0,0,0,0,0,0,0,0,0,0,0,0,0,0,0,0,0,0,0,0,0,0,0,0,0,0,0,0,0,0,0,0,0,0,0,0,0,0,0,0,0,0,0,0,0,0,0,0,0,0,0,0,0,0,0,0,0,0,0,0,0,0,0,0,0,0,0,0,0,0,0,0,0,0,0,0,0,0,0,0,0,0,0,0,0,0,0,0,0,0,0,0,0,0,0,0,0,0,0,0,0,0,0,0,0,0,0,0,0,0,1.37247074189364,0,0,0,0,0,0,0,0,0,0,0,0,0,0,0,0,0,0,0,0,0,0,0,0,0,0,0,0,0,0,0,0,0,0,0,0,190.7307034,199.3537034,203.2398036,203.3077035,178.460903,204.9354036,161.6179028,184.5895034,196.3320034,198.0966034,193.5104034,"JOH-00289"
"265",4222,"nSPC",2012,"PRIAs","Pacific Remote Island Areas","Johnston","Johnston",2012,"LagoonMid","Johnston","2012-03-05","Lagoon","Mid",16.72161779,-169.48277967,10.7,7.5,0,21,20,21.5,30,0,0,NA,1.565,1.39217670752853,4.75,2,1,0,0,14.6516370902486,5.41237587062893,20.0640129608775,6.01542249860129,0,0,0,0,0,0.00565884242104517,0,0,0,0,0,0,0,0,0,0,0,0,0,0.0424413181578388,0,0.00565884242104517,0,0,0,0,0.00848826363156775,0,0,0,0,0,0,0,0,0,0,0,0,0,0,0,0,0,0,0,0,0,0,0,0,0,0,0,0,0,0,0,0,0,0,0,0,0,0,0,0,0,0,0,0,0,0,0,0,0,0,0,0,0,0,0,0,0,0,0,0,0,0,0,0,0,0,0,0,0,0,0,0,0,0,0,0,0,0,0,0,0,0,0,0,0,0,0,0,0,0,0,0,0,0,0,0,0,0,0,0,0,0,0,0,0,0,0,0,0,0,0,0,0,0,0,0,0,0.0113176848420903,0,0,0,0,0,0,0,0,0,0,0,0,0,0,0,0,0,0,0,0,0,0,0,0,0,0,0,0,0,0,0,0,0,0,0,0,0,0,0.0424413181578388,0,0,0,0,0,0,0,0.033953054526271,0,0,0,0,0,0,0,0,0,0,0,0,0,0,0,0,0,0,0,0,0,0,0,0,0,0,0,0,0,0,0,0,0,0,0,0,0,0,0,0,0,0,0,0,0,0,0,0,0,0,0,0.0282942121052258,0,0,0,0,0,0,0,0,0,0,0,0,0,0,0,0,0,0,0,0,0,0,0,0,0,0,0,0,0.0113176848420903,0,0,0,0,0,0,0,0,0,0,0,0,0,0,0,0,0,0,0,0,0,0,0,0,0,0,0.00565884242104517,0,0,0,0,0,0,0,0,0,0,0,0,0,0,0,0,0,0,0,0,0,0,0,0,0,0,0,0,0,0,0,0,0,0,0,0,0,0,0,0,0,0,0,0,0,0,0,0,0,0,0,0,0,0,0,0,0,0,0,0,0,0,0,0,0,0,0,0,0,0,0,0,0,0,0,0,0,0,0,0,0,0,0,0,0,0,0,0,0,0,0,0,0,0,0,0,0,0,0,0,0.00282942121052258,0,0,0,0,0,0,0,0,0,0,0,0,0,0,0,0,0,0.00848826363156775,0,0,0,0,0,0,0,0,0,0,0,0,0,0,0,0,0,0,0,0,0,0,0,0,0,0,0,0,0,0,0,0,0,0,0,0,0,0,0,0.00848826363156775,0,0.00282942121052258,0.00282942121052258,0,0,0,0,0,0.00282942121052258,0,0,0,0,0,0,0,0,0,0,0,0,0,0,0,0,0.00565884242104517,0,0,0,0,0,0,0,0,0,0,0,0,0,0,0,0,0,0,0,0,0,0,0,0,0,0,0,0,0,0,0,0,0,0,0,0,0,0,0,0,0,0,0,0,0,0,0,0,0,0,0,0,0,0,0,0,0,0,0,0,0,0,0,0.00282942121052258,0,0,0,0,0,0,0,0,0,0,0,0,0,0,0,0,0,0,0,0,0,0,0,0,0,0,0,0,0,0.00848826363156775,0,0,0,0,0,0,0,0,0,0,0,0,0,0,0,0,0,0,0,0,0,0,0,0,0,0,0,0,0,0,0,0,0,0,0,0,0,0,0,0,0,0,0,0,0,0,0.00848826363156775,0,0,0,0,0.00282942121052258,0,0,0,0,0,0,0,0,0,0,0,0,0,0,0,0,0,0,0,0,0,0,0.695047320364873,0,0,0,0,0,0,0,0,0,0,0,0,0,2.86422255701701,0,0.786792001051412,0,0,0,0,0.82178549644379,0,0,0,0,0,0,0,0,0,0,0,0,0,0,0,0,0,0,0,0,0,0,0,0,0,0,0,0,0,0,0,0,0,0,0,0,0,0,0,0,0,0,0,0,0,0,0,0,0,0,0,0,0,0,0,0,0,0,0,0,0,0,0,0,0,0,0,0,0,0,0,0,0,0,0,0,0,0,0,0,0,0,0,0,0,0,0,0,0,0,0,0,0,0,0,0,0,0,0,0,0,0,0,0,0,0,0,0,0,0,0,0,0,0,0,0,0,0.886100271277105,0,0,0,0,0,0,0,0,0,0,0,0,0,0,0,0,0,0,0,0,0,0,0,0,0,0,0,0,0,0,0,0,0,0,0,0,0,0,0.742281678053337,0,0,0,0,0,0,0,4.30142894113104,0,0,0,0,0,0,0,0,0,0,0,0,0,0,0,0,0,0,0,0,0,0,0,0,0,0,0,0,0,0,0,0,0,0,0,0,0,0,0,0,0,0,0,0,0,0,0,0,0,0,0,1.68453552958157,0,0,0,0,0,0,0,0,0,0,0,0,0,0,0,0,0,0,0,0,0,0,0,0,0,0,0,0,2.18578916217957,0,0,0,0,0,0,0,0,0,0,0,0,0,0,0,0,0,0,0,0,0,0,0,0,0,0,0.22719821841549,0,0,0,0,0,0,0,0,0,0,0,0,0,0,0,0,0,0,0,0,0,0,0,0,0,0,0,0,0,0,0,0,0,0,0,0,0,0,0,0,0,0,0,0,0,0,0,0,0,0,0,0,0,0,0,0,0,0,0,0,0,0,0,0,0,0,0,0,0,0,0,0,0,0,0,0,0,0,0,0,0,0,0,0,0,0,0,0,0,0,0,0,0,0,0,0,0,0,0,0,0.0799666360601614,0,0,0,0,0,0,0,0,0,0,0,0,0,0,0,0,0,1.78383168718864,0,0,0,0,0,0,0,0,0,0,0,0,0,0,0,0,0,0,0,0,0,0,0,0,0,0,0,0,0,0,0,0,0,0,0,0,0,0,0,0.524728024278685,0,0.109690165036044,0.196364095547236,0,0,0,0,0,0.135305275352326,0,0,0,0,0,0,0,0,0,0,0,0,0,0,0,0,0.149444185595524,0,0,0,0,0,0,0,0,0,0,0,0,0,0,0,0,0,0,0,0,0,0,0,0,0,0,0,0,0,0,0,0,0,0,0,0,0,0,0,0,0,0,0,0,0,0,0,0,0,0,0,0,0,0,0,0,0,0,0,0,0,0,0,0.726654003706805,0,0,0,0,0,0,0,0,0,0,0,0,0,0,0,0,0,0,0,0,0,0,0,0,0,0,0,0,0,0.971711879416922,0,0,0,0,0,0,0,0,0,0,0,0,0,0,0,0,0,0,0,0,0,0,0,0,0,0,0,0,0,0,0,0,0,0,0,0,0,0,0,0,0,0,0,0,0,0,0.151806878353716,0,0,0,0,0.0393289548262639,0,0,0,0,0,0,0,0,0,0,0,0,0,0,0,0,0,0,0,0,0,0,0,0,0,0,0,0,"JOH-00265"
"266",4223,"nSPC",2012,"PRIAs","Pacific Remote Island Areas","Johnston","Johnston",2012,"LagoonShallow","Johnston","2012-03-05","Lagoon","Shallow",16.76514057,-169.48399848,3.6,5.5,0,1.5,14,41.5,37.5,0,0,NA,1.885,1.82701288383926,6.6,2,1,0.177679220345611,0.690217876139193,7.77954097356844,7.58488918018082,16.2323272502341,3.23451965537795,0,0.00282942121052258,0,0,0,0.00282942121052258,0,0,0,0,0,0,0,0,0,0,0,0,0,0.0226353696841807,0,0,0,0,0,0,0,0,0,0,0,0,0,0,0,0,0,0,0,0,0,0,0,0,0,0,0,0,0,0,0,0,0,0,0,0,0,0,0,0,0,0,0,0,0,0,0,0,0,0,0,0,0,0,0,0,0,0,0,0,0,0,0,0,0,0,0,0,0,0,0,0,0,0,0,0,0,0,0,0,0,0,0,0,0,0,0,0,0,0,0,0,0,0,0,0,0,0,0,0,0,0,0,0,0,0,0,0,0,0,0,0,0,0,0,0,0,0,0,0,0,0,0,0,0.0113176848420903,0,0,0,0,0,0,0,0,0,0.00848826363156775,0,0,0,0,0,0,0,0,0,0,0,0,0,0,0,0.00565884242104517,0,0,0,0,0,0,0,0,0.0113176848420903,0.0113176848420903,0,0,0,0,0,0,0,0,0,0,0.0509295817894065,0,0,0,0,0,0.00565884242104517,0,0,0,0,0.00565884242104517,0,0,0,0,0,0,0,0,0,0,0,0,0,0,0,0,0,0,0,0,0,0,0,0,0,0,0,0,0,0,0,0,0,0,0,0,0,0,0,0,0.0141471060526129,0,0,0,0,0,0,0,0,0,0,0,0,0,0,0,0,0,0,0,0,0,0,0,0,0,0,0,0,0.00848826363156775,0,0,0,0,0,0,0,0,0,0,0,0,0,0,0,0,0,0,0,0,0,0,0,0,0,0,0.00282942121052258,0,0,0,0,0,0,0,0,0,0,0,0,0,0,0,0,0,0,0,0,0,0,0,0,0,0,0,0,0,0,0,0,0,0,0,0,0,0,0,0,0,0,0,0,0,0,0,0,0,0,0,0,0,0,0,0,0,0,0,0,0,0,0,0,0,0,0,0,0,0,0,0,0,0,0,0,0,0,0,0,0,0,0,0,0,0,0,0,0,0,0,0,0,0.00282942121052258,0,0,0,0,0,0,0,0,0,0,0,0,0,0,0,0,0,0,0,0,0,0,0,0,0.00565884242104517,0,0,0,0,0,0,0,0,0,0,0,0,0,0,0,0.00282942121052258,0,0,0,0,0,0,0.00848826363156775,0,0,0,0,0,0,0.00565884242104517,0,0,0,0,0,0,0,0,0,0.00282942121052258,0,0.00282942121052258,0,0,0,0,0,0,0,0,0,0,0,0,0,0,0,0,0,0,0,0,0,0,0,0,0,0,0,0,0,0,0,0,0,0,0,0,0,0,0,0,0,0,0,0,0,0,0,0,0,0,0,0,0,0,0,0,0,0,0,0,0,0,0,0,0,0,0,0,0,0,0,0,0,0,0,0,0,0,0,0,0,0,0,0,0,0,0,0,0,0,0,0,0,0,0,0,0,0,0.00282942121052258,0,0,0,0,0,0,0,0,0,0,0,0,0,0,0,0,0,0,0.0113176848420903,0,0,0,0,0,0,0,0,0,0,0,0,0,0,0,0,0,0,0,0,0,0,0,0,0.00282942121052258,0,0,0,0,0,0,0,0,0,0,0,0,0,0,0,0,0,0,0,0,0,0.0141471060526129,0,0,0,0,0.00282942121052258,0,0,0,0,0,0,0,0,0,0,0,0,0,0.00565884242104517,0,0,0,0,0.152919464628146,0,0,0,0.0242622868802312,0,0,0,0,0,0,0,0,0,0,0,0,0,1.52043068535324,0,0,0,0,0,0,0,0,0,0,0,0,0,0,0,0,0,0,0,0,0,0,0,0,0,0,0,0,0,0,0,0,0,0,0,0,0,0,0,0,0,0,0,0,0,0,0,0,0,0,0,0,0,0,0,0,0,0,0,0,0,0,0,0,0,0,0,0,0,0,0,0,0,0,0,0,0,0,0,0,0,0,0,0,0,0,0,0,0,0,0,0,0,0,0,0,0,0,0,0,0,0,0,0,0,0,0,0,0,0,0,0,0,0,0,0,0,0,0,0,0,0,0,0,0.886100271277105,0,0,0,0,0,0,0,0,0,0.948123916453128,0,0,0,0,0,0,0,0,0,0,0,0,0,0,0,0.163500585259839,0,0,0,0,0,0,0,0,0.289296993903115,0.907692767979931,0,0,0,0,0,0,0,0,0,0,2.89745773014691,0,0,0,0,0,0.13585965691599,0,0,0,0,0.205463560391287,0,0,0,0,0,0,0,0,0,0,0,0,0,0,0,0,0,0,0,0,0,0,0,0,0,0,0,0,0,0,0,0,0,0,0,0,0,0,0,0,1.06710489186375,0,0,0,0,0,0,0,0,0,0,0,0,0,0,0,0,0,0,0,0,0,0,0,0,0,0,0,0,1.19015256510727,0,0,0,0,0,0,0,0,0,0,0,0,0,0,0,0,0,0,0,0,0,0,0,0,0,0,0.0569174580230593,0,0,0,0,0,0,0,0,0,0,0,0,0,0,0,0,0,0,0,0,0,0,0,0,0,0,0,0,0,0,0,0,0,0,0,0,0,0,0,0,0,0,0,0,0,0,0,0,0,0,0,0,0,0,0,0,0,0,0,0,0,0,0,0,0,0,0,0,0,0,0,0,0,0,0,0,0,0,0,0,0,0,0,0,0,0,0,0,0,0,0,0,0,0.690217876139193,0,0,0,0,0,0,0,0,0,0,0,0,0,0,0,0,0,0,0,0,0,0,0,0,1.00468143048567,0,0,0,0,0,0,0,0,0,0,0,0,0,0,0,0.153211384922632,0,0,0,0,0,0,0.552089709126308,0,0,0,0,0,0,0.177679220345611,0,0,0,0,0,0,0,0,0,0.500467612637146,0,0.204600587358282,0,0,0,0,0,0,0,0,0,0,0,0,0,0,0,0,0,0,0,0,0,0,0,0,0,0,0,0,0,0,0,0,0,0,0,0,0,0,0,0,0,0,0,0,0,0,0,0,0,0,0,0,0,0,0,0,0,0,0,0,0,0,0,0,0,0,0,0,0,0,0,0,0,0,0,0,0,0,0,0,0,0,0,0,0,0,0,0,0,0,0,0,0,0,0,0,0,0,1.13400635428448,0,0,0,0,0,0,0,0,0,0,0,0,0,0,0,0,0,0,0.33706192523104,0,0,0,0,0,0,0,0,0,0,0,0,0,0,0,0,0,0,0,0,0,0,0,0,0.0217299548968134,0,0,0,0,0,0,0,0,0,0,0,0,0,0,0,0,0,0,0,0,0,0.196346846818174,0,0,0,0,0.0393289548262639,0,0,0,0,0,0,0,0,0,0,0,0,0,0.77562255897945,0,0,0,0,0,0,0,0,0,0,0,0,0,0,"JOH-00293"
"267",4224,"nSPC",2012,"PRIAs","Pacific Remote Island Areas","Johnston","Johnston",2012,"LagoonShallow","Johnston","2012-03-05","Lagoon","Shallow",16.76462886,-169.46965286,9.15,10,0,1.5,15,43.5,30,0,0,NA,2.89425,2.32573406721282,8.5,2,1,1.37925456218799,0.435330895445466,14.2364454274799,4.80190555683427,20.8529364419476,4.76183417650329,0,0,0,0,0,0,0,0,0,0,0,0,0,0,0,0,0,0,0,0.0169765272631355,0,0.00282942121052258,0,0,0,0,0,0,0,0,0,0,0,0,0,0,0,0,0,0,0,0,0,0,0,0,0,0,0,0,0,0,0,0,0,0,0,0,0,0,0,0,0,0,0,0,0,0,0,0,0,0,0,0,0,0,0,0,0,0,0,0,0,0,0,0,0,0,0,0,0,0,0,0,0,0,0,0,0,0,0,0,0,0,0,0,0,0,0,0,0,0,0,0,0,0,0,0,0,0,0,0,0,0,0,0,0,0,0,0,0,0,0,0,0,0,0,0,0,0,0,0,0,0,0.0141471060526129,0,0,0,0,0,0,0,0,0,0.00848826363156775,0,0,0,0,0,0,0,0,0,0,0,0,0,0,0,0.00848826363156775,0,0,0,0,0,0,0,0,0,0,0,0,0.0169765272631355,0,0,0,0,0,0,0,0.0282942121052258,0,0,0,0,0,0.00565884242104517,0,0,0,0,0,0,0,0,0,0,0,0,0,0,0,0,0,0,0,0,0,0,0,0,0,0,0,0,0,0,0,0,0,0,0,0,0,0,0,0,0,0,0,0,0,0.0141471060526129,0,0,0.0311236333157484,0,0,0,0,0,0,0,0,0,0,0,0,0,0,0,0,0,0,0,0,0,0,0,0,0,0.00848826363156775,0,0,0,0,0,0,0,0,0,0,0,0,0,0,0,0,0,0,0,0,0,0,0,0,0,0,0.00848826363156775,0,0,0,0,0,0,0,0,0,0,0,0,0,0,0,0,0,0,0,0,0,0,0,0,0,0,0,0,0,0,0,0,0,0,0,0,0,0,0,0,0,0,0,0,0,0,0,0,0,0,0,0,0,0,0,0,0,0,0,0,0,0,0,0,0,0,0,0,0,0,0,0,0,0,0,0,0,0,0,0,0,0,0,0,0,0,0,0,0,0,0,0,0,0,0,0,0,0,0,0,0,0,0,0,0,0,0,0,0,0,0,0,0,0,0,0,0,0,0.033953054526271,0,0,0,0,0,0,0,0,0,0,0,0,0,0,0,0,0,0,0,0,0,0,0,0,0,0,0,0,0,0,0,0,0,0,0,0.00565884242104517,0,0,0,0.00282942121052258,0,0.00565884242104517,0,0,0,0.0226353696841807,0,0,0.00565884242104517,0,0,0,0,0,0,0,0,0,0,0,0,0,0,0,0,0.00282942121052258,0,0,0,0,0,0,0,0,0,0,0,0,0,0,0,0,0,0,0,0,0,0,0,0,0,0,0,0,0,0,0,0,0,0,0,0,0,0,0,0,0,0,0,0,0,0,0,0,0,0,0,0,0,0,0,0,0,0,0,0,0,0,0,0,0,0,0,0,0,0,0,0,0,0,0.00282942121052258,0,0,0,0,0,0,0,0,0,0,0,0,0,0,0,0,0,0,0.0113176848420903,0,0,0,0,0,0,0,0,0,0,0,0,0,0,0,0,0,0,0,0,0,0,0,0,0,0,0,0,0,0,0,0,0,0,0,0,0,0,0,0,0,0,0,0,0,0,0.0113176848420903,0,0,0,0,0,0,0,0,0,0,0,0,0,0,0,0,0,0,0.0311236333157484,0,0,0,0,0,0,0,0,0,0,0,0,0,0,0,0,0,0,0,0,0,0,0.512471711849874,0,0.990574227785197,0,0,0,0,0,0,0,0,0,0,0,0,0,0,0,0,0,0,0,0,0,0,0,0,0,0,0,0,0,0,0,0,0,0,0,0,0,0,0,0,0,0,0,0,0,0,0,0,0,0,0,0,0,0,0,0,0,0,0,0,0,0,0,0,0,0,0,0,0,0,0,0,0,0,0,0,0,0,0,0,0,0,0,0,0,0,0,0,0,0,0,0,0,0,0,0,0,0,0,0,0,0,0,0,0,0,0,0,0,0,0,0,0,0,0,0,0,0,0,0,0,0,0.848551681623971,0,0,0,0,0,0,0,0,0,0.509145576061467,0,0,0,0,0,0,0,0,0,0,0,0,0,0,0,0.272201387223104,0,0,0,0,0,0,0,0,0,0,0,0,2.39007773910051,0,0,0,0,0,0,0,1.93481436505456,0,0,0,0,0,0.215965864111071,0,0,0,0,0,0,0,0,0,0,0,0,0,0,0,0,0,0,0,0,0,0,0,0,0,0,0,0,0,0,0,0,0,0,0,0,0,0,0,0,0,0,0,0,0,0.400685655306945,0,0,0.435330895445466,0,0,0,0,0,0,0,0,0,0,0,0,0,0,0,0,0,0,0,0,0,0,0,0,0,0.648346770490153,0,0,0,0,0,0,0,0,0,0,0,0,0,0,0,0,0,0,0,0,0,0,0,0,0,0,0.0249267051085362,0,0,0,0,0,0,0,0,0,0,0,0,0,0,0,0,0,0,0,0,0,0,0,0,0,0,0,0,0,0,0,0,0,0,0,0,0,0,0,0,0,0,0,0,0,0,0,0,0,0,0,0,0,0,0,0,0,0,0,0,0,0,0,0,0,0,0,0,0,0,0,0,0,0,0,0,0,0,0,0,0,0,0,0,0,0,0,0,0,0,0,0,0,0,0,0,0,0,0,0,0,0,0,0,0,0,0,0,0,0,0,0,0,0,0,0,0,0,6.54560618647046,0,0,0,0,0,0,0,0,0,0,0,0,0,0,0,0,0,0,0,0,0,0,0,0,0,0,0,0,0,0,0,0,0,0,0,1.37925456218799,0,0,0,0.226955786527786,0,0.305301371096951,0,0,0,0.0291275359998948,0,0,0.0781667483980292,0,0,0,0,0,0,0,0,0,0,0,0,0,0,0,0,0.0747220927977621,0,0,0,0,0,0,0,0,0,0,0,0,0,0,0,0,0,0,0,0,0,0,0,0,0,0,0,0,0,0,0,0,0,0,0,0,0,0,0,0,0,0,0,0,0,0,0,0,0,0,0,0,0,0,0,0,0,0,0,0,0,0,0,0,0,0,0,0,0,0,0,0,0,0,1.40625826774346,0,0,0,0,0,0,0,0,0,0,0,0,0,0,0,0,0,0,0.407814536348323,0,0,0,0,0,0,0,0,0,0,0,0,0,0,0,0,0,0,0,0,0,0,0,0,0,0,0,0,0,0,0,0,0,0,0,0,0,0,0,0,0,0,0,0,0,0,0.191363305651983,0,0,0,0,0,0,0,0,0,0,0,0,0,0,0,0,0,0,1.02527346956415,0,0,0,0,0,0,0,0,0,0,0,0,0,0,"JOH-00296"
"268",4225,"nSPC",2012,"PRIAs","Pacific Remote Island Areas","Johnston","Johnston",2012,"LagoonMid","Johnston","2012-03-05","Lagoon","Mid",16.77563187,-169.46617403,9.1,6.5,0,1.5,27.5,37,27.5,0,0,NA,2.2555,1.63859964458096,5.7,2,1,1.28384944986144,0.0783681374928422,15.200447737614,2.69830596118769,19.260971286156,6.24540131371932,0,0,0,0,0,0,0,0,0,0,0,0,0,0,0,0,0,0,0,0.107518005999858,0,0,0,0,0,0,0,0,0,0,0,0,0,0,0,0,0,0,0,0,0,0,0,0,0,0,0,0,0,0,0,0,0,0,0,0,0,0,0,0,0,0,0,0,0,0,0,0,0,0,0,0,0,0,0,0,0,0,0,0,0,0,0,0,0,0,0,0,0,0,0,0,0,0,0,0,0,0.00282942121052258,0,0,0,0,0,0,0,0,0,0,0,0,0,0,0,0,0,0,0,0,0,0,0,0,0,0,0,0,0,0,0,0,0,0,0,0,0,0,0,0,0,0,0,0,0,0,0.0141471060526129,0,0,0,0,0,0,0,0,0,0,0,0,0,0,0,0,0,0,0,0,0,0,0,0,0,0.00848826363156775,0,0,0,0,0,0,0,0,0.00565884242104517,0,0,0,0,0,0,0,0,0,0,0,0.0792237938946324,0,0,0,0,0,0.00565884242104517,0,0,0,0,0,0,0,0,0,0,0,0,0,0,0,0,0,0,0,0,0,0,0,0,0,0,0,0,0,0,0,0,0,0,0,0,0,0,0,0,0,0,0,0,0,0.0424413181578388,0,0,0.00282942121052258,0,0,0,0,0,0,0,0,0,0,0,0,0,0,0,0,0,0,0,0,0,0,0,0,0,0.00848826363156775,0,0,0,0,0,0,0,0,0,0,0,0,0,0,0,0,0,0,0,0,0,0,0,0,0,0,0.00282942121052258,0,0,0,0,0,0,0,0,0,0,0,0,0,0,0,0,0,0,0,0,0,0,0,0,0,0,0,0,0,0,0,0,0,0,0,0,0,0,0,0,0,0,0,0,0,0,0,0,0,0,0,0,0,0,0,0,0,0,0,0,0,0,0,0,0,0,0,0,0,0,0,0,0,0,0,0,0,0,0,0,0,0,0,0,0,0,0,0,0,0,0,0,0,0,0,0,0,0,0,0,0,0,0,0,0,0,0,0,0,0,0,0,0,0,0,0,0,0,0.0226353696841807,0,0,0,0,0,0,0,0,0,0,0,0,0,0,0,0,0,0,0,0,0,0,0,0,0,0,0,0,0,0.00565884242104517,0,0,0,0,0,0,0,0,0,0,0,0.00565884242104517,0.00848826363156775,0,0,0.00565884242104517,0,0,0.00282942121052258,0,0,0,0,0,0,0,0,0,0,0,0,0,0,0,0,0,0,0,0,0,0,0,0,0,0,0,0,0,0,0,0,0,0,0,0,0,0,0,0,0,0,0,0,0,0,0,0,0,0,0,0,0,0,0,0,0,0,0,0,0,0,0,0,0,0,0,0,0,0,0,0,0,0,0,0,0,0,0,0,0,0,0,0,0,0,0,0,0,0,0,0,0,0,0,0,0,0,0,0,0,0,0,0,0,0,0,0,0,0,0,0,0,0,0,0,0,0,0,0,0,0,0,0,0,0,0,0,0,0,0,0,0,0,0,0,0,0,0,0,0,0,0,0,0,0,0,0,0,0,0,0,0,0,0,0,0,0.00848826363156775,0,0,0,0,0,0,0,0,0,0,0,0,0,0,0,0,0,0,0.0141471060526129,0,0,0,0,0,0,0,0,0,0,0,0,0,0,0,0,0,0,0,0,0,0,2.51936727066015,0,0,0,0,0,0,0,0,0,0,0,0,0,0,0,0,0,0,0,0,0,0,0,0,0,0,0,0,0,0,0,0,0,0,0,0,0,0,0,0,0,0,0,0,0,0,0,0,0,0,0,0,0,0,0,0,0,0,0,0,0,0,0,0,0,0,0,0,0,0,0,0,0,0,0,0,0,0.455427689599493,0,0,0,0,0,0,0,0,0,0,0,0,0,0,0,0,0,0,0,0,0,0,0,0,0,0,0,0,0,0,0,0,0,0,0,0,0,0,0,0,0,0,0,0,0,0,0.85848356103123,0,0,0,0,0,0,0,0,0,0,0,0,0,0,0,0,0,0,0,0,0,0,0,0,0,0.245250877889759,0,0,0,0,0,0,0,0,0.165935807958107,0,0,0,0,0,0,0,0,0,0,0,5.77588870577987,0,0,0,0,0,0.184652702321296,0,0,0,0,0,0,0,0,0,0,0,0,0,0,0,0,0,0,0,0,0,0,0,0,0,0,0,0,0,0,0,0,0,0,0,0,0,0,0,0,0,0,0,0,0,1.01774280942497,0,0,0.0783681374928422,0,0,0,0,0,0,0,0,0,0,0,0,0,0,0,0,0,0,0,0,0,0,0,0,0,0.662417876811465,0,0,0,0,0,0,0,0,0,0,0,0,0,0,0,0,0,0,0,0,0,0,0,0,0,0,0.0569174580230593,0,0,0,0,0,0,0,0,0,0,0,0,0,0,0,0,0,0,0,0,0,0,0,0,0,0,0,0,0,0,0,0,0,0,0,0,0,0,0,0,0,0,0,0,0,0,0,0,0,0,0,0,0,0,0,0,0,0,0,0,0,0,0,0,0,0,0,0,0,0,0,0,0,0,0,0,0,0,0,0,0,0,0,0,0,0,0,0,0,0,0,0,0,0,0,0,0,0,0,0,0,0,0,0,0,0,0,0,0,0,0,0,0,0,0,0,0,0,4.59693201165044,0,0,0,0,0,0,0,0,0,0,0,0,0,0,0,0,0,0,0,0,0,0,0,0,0,0,0,0,0,1.28384944986144,0,0,0,0,0,0,0,0,0,0,0,0.146927352434592,0.174545862708654,0,0,0.0140849183399587,0,0,0.0457968962889391,0,0,0,0,0,0,0,0,0,0,0,0,0,0,0,0,0,0,0,0,0,0,0,0,0,0,0,0,0,0,0,0,0,0,0,0,0,0,0,0,0,0,0,0,0,0,0,0,0,0,0,0,0,0,0,0,0,0,0,0,0,0,0,0,0,0,0,0,0,0,0,0,0,0,0,0,0,0,0,0,0,0,0,0,0,0,0,0,0,0,0,0,0,0,0,0,0,0,0,0,0,0,0,0,0,0,0,0,0,0,0,0,0,0,0,0,0,0,0,0,0,0,0,0,0,0,0,0,0,0,0,0,0,0,0,0,0,0,0,0,0,0,0,0,0,0,0,0,0,0,0,0,0,0,0,0,0,0.15737756572059,0,0,0,0,0,0,0,0,0,0,0,0,0,0,0,0,0,0,0.82100433215912,0,0,0,0,0,0,0,0,0,0,0,0,0,0,"JOH-00266"
"269",4226,"nSPC",2012,"PRIAs","Pacific Remote Island Areas","Johnston","Johnston",2012,"BackreefMid","Johnston","2012-03-05","Backreef","Mid",16.74263324,-169.53250389,8.4,14,0,1,10,50,25,0,0,NA,1.5375,1.45833262904936,6,2,1,2.80733837021239,0.455570030551831,21.961090560449,3.8548696208994,29.0788685821126,18.7072357185033,0,0,0,0,0,0,0,0,0,0,0,0,0,0,0,0,0,0,0,0.0113176848420903,0,0.00565884242104517,0,0,0,0,0.0113176848420903,0,0,0,0,0,0,0,0,0,0,0,0,0,0,0,0,0,0,0,0,0,0,0,0,0,0,0,0,0,0,0,0,0,0,0,0,0,0,0,0,0,0,0,0,0,0,0,0,0,0,0,0,0,0,0,0,0,0,0,0,0,0,0,0,0,0,0,0,0,0,0.0113176848420903,0,0,0,0,0.00282942121052258,0,0,0,0,0,0,0,0,0,0,0,0,0,0,0,0,0,0,0,0,0,0,0,0,0,0,0,0,0,0,0,0,0,0,0,0,0,0,0,0,0,0.00282942121052258,0,0,0,0,0,0,0,0,0,0.00282942121052258,0,0,0,0,0,0,0,0,0,0,0,0,0,0,0,0,0,0,0,0,0,0,0,0,0,0,0,0,0.00565884242104517,0,0,0,0,0,0,0,0.0877120575262001,0,0,0,0,0,0.00565884242104517,0,0,0,0,0,0,0,0,0,0,0,0,0,0,0,0,0,0,0,0,0,0,0,0,0,0,0,0,0,0,0,0,0,0,0,0,0,0,0,0,0,0,0,0,0,0,0,0,0.0226353696841807,0,0,0,0,0,0,0,0,0,0,0,0,0,0,0,0,0,0,0,0,0,0,0,0,0,0.00565884242104517,0,0,0,0,0,0,0,0,0,0,0,0,0,0,0,0,0,0,0,0,0,0,0,0,0,0,0.00282942121052258,0,0,0,0,0,0,0,0,0,0,0,0,0,0,0,0,0,0,0,0,0,0,0,0,0,0,0,0,0,0,0,0,0,0,0,0,0,0,0,0,0,0,0,0,0,0,0,0,0,0,0,0,0,0,0,0,0,0,0,0,0,0,0,0,0,0,0,0,0,0,0,0,0,0,0,0,0,0,0,0,0,0,0,0,0,0,0,0,0,0,0,0,0,0,0.00282942121052258,0,0,0,0,0,0,0,0,0,0,0,0,0,0,0,0,0,0,0,0,0,0,0,0.00282942121052258,0,0,0,0,0,0,0,0,0,0,0,0,0,0,0,0,0,0,0,0,0,0,0,0,0,0,0,0,0,0.00282942121052258,0,0,0,0,0,0.00565884242104517,0,0,0,0.00282942121052258,0,0.00565884242104517,0,0,0,0.127323954473516,0,0,0,0,0,0,0,0,0,0,0,0,0,0,0,0,0,0,0,0,0,0,0,0,0,0,0,0,0,0,0,0,0,0,0,0,0,0,0,0,0,0,0,0,0,0,0,0,0,0,0,0,0,0,0,0,0,0,0,0,0,0,0,0,0,0,0,0,0,0,0,0,0,0,0,0,0,0,0,0,0,0,0,0,0,0,0,0,0,0,0,0,0,0,0.00282942121052258,0,0,0,0,0,0,0,0,0,0,0,0,0,0,0,0,0,0,0.00282942121052258,0,0,0,0,0,0,0,0,0,0,0,0,0,0,0,0,0,0,0,0,0,0,0,0,0,0,0,0,0,0,0,0,0,0,0,0,0,0,0,0,0,0,0,0,0,0,0.0169765272631355,0,0,0,0,0,0,0,0,0,0,0,0,0,0,0,0,0,0,0,0,0,0,0,0,0,0,0,0,0,0,0,0,0,0,0,0,0,0,0,0,0,0.431837543276586,0,1.02104005390292,0,0,0,0,0.579316164610812,0,0,0,0,0,0,0,0,0,0,0,0,0,0,0,0,0,0,0,0,0,0,0,0,0,0,0,0,0,0,0,0,0,0,0,0,0,0,0,0,0,0,0,0,0,0,0,0,0,0,0,0,0,0,0,0,0,0,0,0,0,0,0,0,0,0,0,0,0,0,6.75899179036364,0,0,0,0,0.0291024887733598,0,0,0,0,0,0,0,0,0,0,0,0,0,0,0,0,0,0,0,0,0,0,0,0,0,0,0,0,0,0,0,0,0,0,0,0,0,0,0,0,0,0.0771807456421982,0,0,0,0,0,0,0,0,0,0.00877361001016807,0,0,0,0,0,0,0,0,0,0,0,0,0,0,0,0,0,0,0,0,0,0,0,0,0,0,0,0,4.58436858458073,0,0,0,0,0,0,0,3.62488893392477,0,0,0,0,0,0.233445747726603,0,0,0,0,0,0,0,0,0,0,0,0,0,0,0,0,0,0,0,0,0,0,0,0,0,0,0,0,0,0,0,0,0,0,0,0,0,0,0,0,0,0,0,0,0,0,0,0,0.455570030551831,0,0,0,0,0,0,0,0,0,0,0,0,0,0,0,0,0,0,0,0,0,0,0,0,0,1.06141532967974,0,0,0,0,0,0,0,0,0,0,0,0,0,0,0,0,0,0,0,0,0,0,0,0,0,0,0.0706637519428109,0,0,0,0,0,0,0,0,0,0,0,0,0,0,0,0,0,0,0,0,0,0,0,0,0,0,0,0,0,0,0,0,0,0,0,0,0,0,0,0,0,0,0,0,0,0,0,0,0,0,0,0,0,0,0,0,0,0,0,0,0,0,0,0,0,0,0,0,0,0,0,0,0,0,0,0,0,0,0,0,0,0,0,0,0,0,0,0,0,0,0,0,0,0,0.690217876139193,0,0,0,0,0,0,0,0,0,0,0,0,0,0,0,0,0,0,0,0,0,0,0,0.502340715242833,0,0,0,0,0,0,0,0,0,0,0,0,0,0,0,0,0,0,0,0,0,0,0,0,0,0,0,0,0,0.278705006201077,0,0,0,0,0,2.52863336401132,0,0,0,0.270444201148021,0,0.219380330072089,0,0,0,2.97686406898684,0,0,0,0,0,0,0,0,0,0,0,0,0,0,0,0,0,0,0,0,0,0,0,0,0,0,0,0,0,0,0,0,0,0,0,0,0,0,0,0,0,0,0,0,0,0,0,0,0,0,0,0,0,0,0,0,0,0,0,0,0,0,0,0,0,0,0,0,0,0,0,0,0,0,0,0,0,0,0,0,0,0,0,0,0,0,0,0,0,0,0,0,0,0,1.40625826774346,0,0,0,0,0,0,0,0,0,0,0,0,0,0,0,0,0,0,0.762122340647314,0,0,0,0,0,0,0,0,0,0,0,0,0,0,0,0,0,0,0,0,0,0,0,0,0,0,0,0,0,0,0,0,0,0,0,0,0,0,0,0,0,0,0,0,0,0,0.507307636934311,0,0,0,0,0,0,0,0,0,0,0,0,0,0,0,0,0,0,0,0,0,0,0,0,0,0,0,0,0,0,0,0,0,"JOH-00236"
"270",4227,"nSPC",2012,"PRIAs","Pacific Remote Island Areas","Johnston","Johnston",2012,"BackreefShallow","Johnston","2012-03-05","Backreef","Shallow",16.76379813,-169.51701631,3.7,35,0,2.5,35,27.5,0,0,0,NA,1.52625,0.997915082432037,3.7,2,1,5.37625397764422,2.51277817264759,9.89570339125452,2.95724558849577,20.7419811300421,2.5691824741491,0,0.00282942121052258,0,0,0,0.0141471060526129,0,0,0,0,0,0,0,0,0,0,0,0,0,0.0565884242104517,0,0,0,0,0,0,0,0,0,0,0,0,0,0,0,0,0,0,0,0,0,0,0,0,0,0,0,0,0,0,0,0,0,0,0,0,0,0,0,0,0,0,0,0,0,0,0,0,0,0,0,0,0,0,0,0,0,0,0,0,0,0,0,0,0,0,0,0,0,0,0,0,0,0,0,0,0,0,0,0,0,0,0,0,0,0,0,0,0,0,0,0,0,0,0,0,0,0,0,0,0,0,0,0,0,0,0,0,0,0,0,0,0,0,0,0,0,0,0,0,0,0,0,0,0,0,0,0,0,0,0,0,0,0,0,0,0,0,0,0,0,0,0,0,0,0,0,0,0,0,0.00565884242104517,0,0,0,0,0,0,0,0,0.00565884242104517,0,0,0,0,0,0,0,0.00282942121052258,0,0,0,0.0396118969473162,0,0,0,0,0,0.0169765272631355,0,0.00282942121052258,0,0,0.0113176848420903,0,0,0,0,0,0,0,0,0,0,0,0,0,0,0,0,0,0,0,0,0,0,0,0,0,0,0,0,0,0,0.00282942121052258,0,0,0,0,0,0,0,0,0,0.0396118969473162,0,0,0.00565884242104517,0,0,0,0,0,0,0,0,0,0,0,0,0,0,0,0,0,0,0,0,0,0,0,0,0,0.00565884242104517,0,0,0,0,0,0,0,0,0,0,0,0,0,0,0,0,0,0,0,0,0,0,0,0,0,0,0.0141471060526129,0,0,0,0,0,0,0,0,0,0,0,0,0,0,0,0,0,0,0,0,0,0,0,0,0,0,0,0,0,0,0,0,0,0,0,0,0,0,0,0,0,0,0,0,0,0,0,0,0,0,0,0,0,0,0,0,0,0,0,0,0,0,0,0,0,0,0,0,0,0,0,0,0,0,0,0,0,0,0,0,0,0,0,0,0,0,0,0,0,0,0,0,0,0.0198059484736581,0,0,0,0,0,0,0.00282942121052258,0,0,0,0,0,0,0,0,0,0,0,0,0,0,0,0,0,0.00848826363156775,0,0,0,0,0,0,0,0,0,0,0,0,0,0,0,0,0,0,0,0,0,0,0,0,0,0,0,0,0,0.0113176848420903,0,0,0,0,0,0,0,0,0,0,0,0,0,0,0,0.0311236333157484,0,0,0,0,0,0,0,0,0,0,0,0,0,0,0,0,0,0,0,0.00282942121052258,0,0,0,0,0,0,0,0,0,0,0,0,0,0,0,0,0,0,0,0,0,0,0,0,0,0,0,0,0,0,0,0,0,0,0,0,0,0,0,0,0,0,0,0,0,0,0,0,0,0,0,0,0,0,0,0,0,0,0,0,0,0,0,0,0,0,0,0,0,0,0,0,0,0,0,0,0,0,0,0,0,0,0,0,0,0,0,0,0,0,0,0,0,0,0,0,0,0,0,0,0,0,0,0,0,0,0,0,0,0,0,0,0,0,0,0,0,0,0,0,0,0,0,0,0,0,0,0,0,0,0,0,0,0,0,0,0,0,0,0,0.00848826363156775,0,0,0,0,0,0,0,0,0,0,0,0,0,0,0,0,0,0,0.0113176848420903,0,0,0,0,0.19099272232118,0,0,0,1.54125646890191,0,0,0,0,0,0,0,0,0,0,0,0,0,2.19436042201386,0,0,0,0,0,0,0,0,0,0,0,0,0,0,0,0,0,0,0,0,0,0,0,0,0,0,0,0,0,0,0,0,0,0,0,0,0,0,0,0,0,0,0,0,0,0,0,0,0,0,0,0,0,0,0,0,0,0,0,0,0,0,0,0,0,0,0,0,0,0,0,0,0,0,0,0,0,0,0,0,0,0,0,0,0,0,0,0,0,0,0,0,0,0,0,0,0,0,0,0,0,0,0,0,0,0,0,0,0,0,0,0,0,0,0,0,0,0,0,0,0,0,0,0,0,0,0,0,0,0,0,0,0,0,0,0,0,0,0,0,0,0,0,0,0,0,0,0,0,0,0.163500585259839,0,0,0,0,0,0,0,0,0.0394146553067795,0,0,0,0,0,0,0,0.0102934306734148,0,0,0,2.12881019453742,0,0,0,0,0,0.724598918819927,0,1.12154981503594,0,0,0.757297534984694,0,0,0,0,0,0,0,0,0,0,0,0,0,0,0,0,0,0,0,0,0,0,0,0,0,0,0,0,0,0,0.246725529557569,0,0,0,0,0,0,0,0,0,1.46909773976996,0,0,0.0283185660651088,0,0,0,0,0,0,0,0,0,0,0,0,0,0,0,0,0,0,0,0,0,0,0,0,0,0.306963795439938,0,0,0,0,0,0,0,0,0,0,0,0,0,0,0,0,0,0,0,0,0,0,0,0,0,0,0.427685095457165,0,0,0,0,0,0,0,0,0,0,0,0,0,0,0,0,0,0,0,0,0,0,0,0,0,0,0,0,0,0,0,0,0,0,0,0,0,0,0,0,0,0,0,0,0,0,0,0,0,0,0,0,0,0,0,0,0,0,0,0,0,0,0,0,0,0,0,0,0,0,0,0,0,0,0,0,0,0,0,0,0,0,0,0,0,0,0,0,0,0,0,0,0,2.48445960658248,0,0,0,0,0,0,0.119606435332823,0,0,0,0,0,0,0,0,0,0,0,0,0,0,0,0,0,0.550246033920716,0,0,0,0,0,0,0,0,0,0,0,0,0,0,0,0,0,0,0,0,0,0,0,0,0,0,0,0,0,5.37625397764422,0,0,0,0,0,0,0,0,0,0,0,0,0,0,0,0.440372279611682,0,0,0,0,0,0,0,0,0,0,0,0,0,0,0,0,0,0,0,0.0194481175912582,0,0,0,0,0,0,0,0,0,0,0,0,0,0,0,0,0,0,0,0,0,0,0,0,0,0,0,0,0,0,0,0,0,0,0,0,0,0,0,0,0,0,0,0,0,0,0,0,0,0,0,0,0,0,0,0,0,0,0,0,0,0,0,0,0,0,0,0,0,0,0,0,0,0,0,0,0,0,0,0,0,0,0,0,0,0,0,0,0,0,0,0,0,0,0,0,0,0,0,0,0,0,0,0,0,0,0,0,0,0,0,0,0,0,0,0,0,0,0,0,0,0,0,0,0,0,0,0,0,0,0,0,0,0,0,0,0,0,0,0,0.141711490072362,0,0,0,0,0,0,0,0,0,0,0,0,0,0,0,0,0,0,0.259017715141848,0,0,0,0,0,0,0,0,0,0,0,0,0,0,"JOH-00232"
"271",4228,"nSPC",2012,"PRIAs","Pacific Remote Island Areas","Johnston","Johnston",2012,"LagoonMid","Johnston","2012-03-05","Lagoon","Mid",16.7518245,-169.4396697,11.45,12.5,0,30,30,17.5,10,0,0,NA,2.5075,1.68794180984997,6.5,2,1,0,0.826988596913169,6.6190467575161,2.36280399618315,9.80883935061242,2.08905216666396,0,0,0,0,0,0.0113176848420903,0,0,0,0,0,0,0,0,0,0,0,0,0,0.0198059484736581,0,0,0,0,0,0,0,0,0,0,0,0,0,0,0,0,0,0,0,0,0,0,0,0,0,0,0,0,0,0,0,0,0,0,0,0,0,0,0,0,0,0,0,0,0,0,0,0,0,0,0,0,0,0,0,0,0,0,0,0,0,0,0,0,0,0,0,0,0,0,0,0,0,0,0,0,0,0,0,0,0,0,0.00282942121052258,0,0,0,0,0,0,0,0,0,0,0,0,0,0,0,0,0,0,0,0,0,0,0,0,0,0,0,0,0,0,0,0,0,0,0,0,0,0,0,0,0,0.00848826363156775,0,0,0,0,0,0,0,0,0,0,0,0,0,0,0,0,0,0,0,0,0,0,0,0,0,0.00282942121052258,0,0,0,0,0,0,0,0,0,0,0,0,0,0,0,0,0,0,0,0,0.00848826363156775,0,0,0,0,0,0.00565884242104517,0,0,0,0,0,0,0,0,0,0,0,0,0,0,0,0,0,0,0,0,0,0,0,0,0,0,0,0,0,0,0,0,0,0,0,0,0,0,0,0,0,0,0,0,0,0.0226353696841807,0,0,0.0282942121052258,0,0,0,0,0,0,0,0,0,0,0,0,0,0,0,0,0,0,0,0,0,0,0,0,0,0.00565884242104517,0,0,0,0,0,0,0,0,0,0,0,0,0,0,0,0,0,0,0,0,0,0,0,0,0,0,0.00565884242104517,0,0,0,0,0,0,0,0,0,0,0,0,0,0,0,0,0,0,0,0,0,0,0,0,0,0,0,0,0,0,0,0,0,0,0,0,0,0,0,0,0,0,0,0,0,0,0,0,0,0,0,0,0,0,0,0,0,0,0,0,0,0,0,0,0,0,0,0,0,0,0,0,0,0,0,0,0,0,0,0,0,0,0,0,0,0,0,0,0,0,0,0,0,0,0,0,0,0,0,0,0,0,0,0,0,0,0,0,0,0,0,0,0,0,0,0,0,0,0.00848826363156775,0,0,0,0,0,0,0,0,0,0,0,0,0,0,0,0,0,0,0,0,0,0,0,0,0,0,0,0,0,0,0,0,0,0,0,0,0,0,0,0.00282942121052258,0,0.00848826363156775,0,0,0,0.0169765272631355,0,0,0,0,0,0,0,0,0,0,0,0,0,0,0,0,0,0,0,0,0,0,0,0,0,0,0,0,0,0,0,0,0,0,0,0,0,0,0,0,0,0,0,0,0,0,0,0,0,0,0,0,0,0,0,0,0,0,0,0,0,0,0,0,0,0,0,0,0,0,0,0,0,0,0,0,0,0,0,0,0,0,0,0,0,0,0,0,0,0,0,0,0,0,0,0,0,0,0,0,0,0,0,0,0,0,0,0,0,0,0,0,0,0.0226353696841807,0,0,0,0,0,0,0,0,0,0,0,0,0,0,0,0,0,0,0,0,0,0,0,0,0,0,0,0,0,0,0,0,0,0,0,0,0,0,0,0,0,0,0,0,0,0,0.0113176848420903,0,0,0,0,0,0,0,0,0,0,0,0,0,0,0,0,0,0,0.0198059484736581,0,0,0,0,0,0,0,0,1.07008710181964,0,0,0,0,0,0,0,0,0,0,0,0,0,0.819200438802905,0,0,0,0,0,0,0,0,0,0,0,0,0,0,0,0,0,0,0,0,0,0,0,0,0,0,0,0,0,0,0,0,0,0,0,0,0,0,0,0,0,0,0,0,0,0,0,0,0,0,0,0,0,0,0,0,0,0,0,0,0,0,0,0,0,0,0,0,0,0,0,0,0,0,0,0,0,0,0,0,0,0,0.0291024887733598,0,0,0,0,0,0,0,0,0,0,0,0,0,0,0,0,0,0,0,0,0,0,0,0,0,0,0,0,0,0,0,0,0,0,0,0,0,0,0,0,0,0.562087975840318,0,0,0,0,0,0,0,0,0,0,0,0,0,0,0,0,0,0,0,0,0,0,0,0,0,0.0419543340689246,0,0,0,0,0,0,0,0,0,0,0,0,0,0,0,0,0,0,0,0,0.98987882399911,0,0,0,0,0,0.264758909516377,0,0,0,0,0,0,0,0,0,0,0,0,0,0,0,0,0,0,0,0,0,0,0,0,0,0,0,0,0,0,0,0,0,0,0,0,0,0,0,0,0,0,0,0,0,0.992408171905954,0,0,0.826988596913169,0,0,0,0,0,0,0,0,0,0,0,0,0,0,0,0,0,0,0,0,0,0,0,0,0,0.286006068362874,0,0,0,0,0,0,0,0,0,0,0,0,0,0,0,0,0,0,0,0,0,0,0,0,0,0,0.0380500653196603,0,0,0,0,0,0,0,0,0,0,0,0,0,0,0,0,0,0,0,0,0,0,0,0,0,0,0,0,0,0,0,0,0,0,0,0,0,0,0,0,0,0,0,0,0,0,0,0,0,0,0,0,0,0,0,0,0,0,0,0,0,0,0,0,0,0,0,0,0,0,0,0,0,0,0,0,0,0,0,0,0,0,0,0,0,0,0,0,0,0,0,0,0,0,0,0,0,0,0,0,0,0,0,0,0,0,0,0,0,0,0,0,0,0,0,0,0,0,0.881743072149423,0,0,0,0,0,0,0,0,0,0,0,0,0,0,0,0,0,0,0,0,0,0,0,0,0,0,0,0,0,0,0,0,0,0,0,0,0,0,0,0.125118252938674,0,0.627824055809911,0,0,0,0.327988584937224,0,0,0,0,0,0,0,0,0,0,0,0,0,0,0,0,0,0,0,0,0,0,0,0,0,0,0,0,0,0,0,0,0,0,0,0,0,0,0,0,0,0,0,0,0,0,0,0,0,0,0,0,0,0,0,0,0,0,0,0,0,0,0,0,0,0,0,0,0,0,0,0,0,0,0,0,0,0,0,0,0,0,0,0,0,0,0,0,0,0,0,0,0,0,0,0,0,0,0,0,0,0,0,0,0,0,0,0,0,0,0,0,0,0.77118475772763,0,0,0,0,0,0,0,0,0,0,0,0,0,0,0,0,0,0,0,0,0,0,0,0,0,0,0,0,0,0,0,0,0,0,0,0,0,0,0,0,0,0,0,0,0,0,0.417004334326411,0,0,0,0,0,0,0,0,0,0,0,0,0,0,0,0,0,0,0.737453317400854,0,0,0,0,0,0,0,0,0,0,0,0,0,0,"JOH-00247"
"272",4229,"nSPC",2012,"PRIAs","Pacific Remote Island Areas","Johnston","Johnston",2012,"LagoonMid","Johnston","2012-03-05","Lagoon","Mid",16.73361867,-169.45344628,14.35,2.5,0,30,30,15,22.5,0,0,NA,1.95875,1.90065267698741,7,2,1,0.689627281093996,0,3.93210308383462,2.08210077876549,6.7038311436941,1.16144171853868,0,0,0,0,0,0,0,0,0,0,0,0,0,0,0,0,0,0,0,0.0226353696841807,0,0.00565884242104517,0,0,0,0,0.00282942121052258,0,0,0,0,0,0,0,0,0,0,0,0,0,0,0,0,0,0,0,0,0,0,0,0,0,0,0,0,0,0,0,0,0,0,0,0,0,0,0,0,0,0,0,0,0,0,0,0,0,0,0,0,0,0,0,0,0,0,0,0,0,0,0,0,0,0,0,0,0,0,0,0,0,0,0,0,0,0,0,0,0,0,0,0,0,0,0,0,0,0,0,0,0,0,0,0,0,0,0,0,0,0,0,0,0,0,0,0,0,0,0,0,0,0,0,0,0,0.00565884242104517,0,0,0,0,0,0,0,0,0,0,0,0,0,0,0,0,0,0,0,0,0,0,0,0,0,0.0113176848420903,0,0,0,0,0,0,0,0,0,0,0,0,0,0,0,0,0,0,0,0,0.0396118969473162,0,0,0,0,0,0,0,0,0,0,0,0,0,0,0,0,0,0,0,0,0,0,0,0,0,0,0,0,0,0,0,0,0,0,0,0,0,0,0,0,0,0,0,0,0,0,0,0,0,0,0,0.0141471060526129,0,0,0,0,0,0,0,0,0,0,0,0,0,0,0,0,0,0,0,0,0,0,0,0,0,0,0,0,0.00282942121052258,0,0,0,0,0,0,0,0,0,0,0,0,0,0,0,0,0,0,0,0,0,0,0,0,0,0,0.00282942121052258,0,0,0,0,0,0,0,0,0,0,0,0,0,0,0,0,0,0,0,0,0,0,0,0,0,0,0,0,0,0,0,0,0,0,0,0,0,0,0,0,0,0,0,0,0,0,0,0,0,0,0,0,0,0,0,0,0,0,0,0,0,0,0,0,0,0,0,0,0,0,0,0,0,0,0,0,0,0,0,0,0,0,0,0,0,0,0,0,0,0,0,0,0,0,0,0,0,0.0141471060526129,0,0,0,0,0,0,0,0,0,0,0,0,0,0,0,0,0,0,0,0,0.00565884242104517,0,0,0,0,0,0,0,0,0,0,0,0,0,0,0,0,0,0,0,0,0,0,0,0,0,0,0,0,0,0,0,0,0,0,0,0.00565884242104517,0,0,0,0,0,0.00565884242104517,0,0,0,0.0113176848420903,0,0,0,0,0,0,0,0,0,0,0,0,0,0,0,0,0,0,0,0,0,0,0,0,0,0,0,0,0,0,0,0,0,0,0,0,0,0,0,0,0,0,0,0,0,0,0,0,0,0,0,0,0,0,0,0,0,0,0,0,0,0,0,0,0,0,0,0,0,0,0,0,0,0,0,0,0,0,0,0,0,0,0,0,0,0,0,0,0,0,0,0,0,0,0,0,0,0,0,0,0,0,0,0,0,0,0,0,0,0,0,0,0,0.00282942121052258,0,0,0,0,0,0,0,0,0,0,0,0,0,0,0,0,0,0,0,0,0,0,0,0,0,0,0,0,0,0,0,0,0,0,0,0,0,0,0,0,0,0,0,0,0,0,0.00848826363156775,0,0,0,0,0,0,0,0,0,0,0,0,0,0,0,0,0,0,0,0,0,0,0,0,0,0,0,0,0,0,0,0,0,0,0,0,0,0,0,0,0,0.484436509194828,0,1.3839702283109,0,0,0,0,0.0610033050155329,0,0,0,0,0,0,0,0,0,0,0,0,0,0,0,0,0,0,0,0,0,0,0,0,0,0,0,0,0,0,0,0,0,0,0,0,0,0,0,0,0,0,0,0,0,0,0,0,0,0,0,0,0,0,0,0,0,0,0,0,0,0,0,0,0,0,0,0,0,0,0,0,0,0,0,0,0,0,0,0,0,0,0,0,0,0,0,0,0,0,0,0,0,0,0,0,0,0,0,0,0,0,0,0,0,0,0,0,0,0,0,0,0,0,0,0,0,0.206465335785534,0,0,0,0,0,0,0,0,0,0,0,0,0,0,0,0,0,0,0,0,0,0,0,0,0,0.301310272064378,0,0,0,0,0,0,0,0,0,0,0,0,0,0,0,0,0,0,0,0,0.809808255523826,0,0,0,0,0,0,0,0,0,0,0,0,0,0,0,0,0,0,0,0,0,0,0,0,0,0,0,0,0,0,0,0,0,0,0,0,0,0,0,0,0,0,0,0,0,0,0,0,0,0,0,0.488703290323882,0,0,0,0,0,0,0,0,0,0,0,0,0,0,0,0,0,0,0,0,0,0,0,0,0,0,0,0,0.372388196362932,0,0,0,0,0,0,0,0,0,0,0,0,0,0,0,0,0,0,0,0,0,0,0,0,0,0,0.104031106789106,0,0,0,0,0,0,0,0,0,0,0,0,0,0,0,0,0,0,0,0,0,0,0,0,0,0,0,0,0,0,0,0,0,0,0,0,0,0,0,0,0,0,0,0,0,0,0,0,0,0,0,0,0,0,0,0,0,0,0,0,0,0,0,0,0,0,0,0,0,0,0,0,0,0,0,0,0,0,0,0,0,0,0,0,0,0,0,0,0,0,0,0,0,0,0,0,0,0.609404401666324,0,0,0,0,0,0,0,0,0,0,0,0,0,0,0,0,0,0,0,0,0.352548032450792,0,0,0,0,0,0,0,0,0,0,0,0,0,0,0,0,0,0,0,0,0,0,0,0,0,0,0,0,0,0,0,0,0,0,0,0.689627281093996,0,0,0,0,0,0.172925269229324,0,0,0,0.218659056624816,0,0,0,0,0,0,0,0,0,0,0,0,0,0,0,0,0,0,0,0,0,0,0,0,0,0,0,0,0,0,0,0,0,0,0,0,0,0,0,0,0,0,0,0,0,0,0,0,0,0,0,0,0,0,0,0,0,0,0,0,0,0,0,0,0,0,0,0,0,0,0,0,0,0,0,0,0,0,0,0,0,0,0,0,0,0,0,0,0,0,0,0,0,0,0,0,0,0,0,0,0,0,0,0,0,0,0,0,0,0,0,0,0,0.132974406390043,0,0,0,0,0,0,0,0,0,0,0,0,0,0,0,0,0,0,0,0,0,0,0,0,0,0,0,0,0,0,0,0,0,0,0,0,0,0,0,0,0,0,0,0,0,0,0.315576196867889,0,0,0,0,0,0,0,0,0,0,0,0,0,0,0,0,0,0,0,0,0,0,0,0,0,0,0,0,0,0,0,0,0,"JOH-00269"
"273",4230,"nSPC",2012,"PRIAs","Pacific Remote Island Areas","Johnston","Johnston",2012,"LagoonMid","Johnston","2012-03-05","Lagoon","Mid",16.71598339,-169.45999137,14.9,3,0,36,35,16,10,0,0,NA,1.85125,1.16537370807556,5,2,1,2.23093035056325,0,13.526969822328,2.94894209527837,18.7068422681696,0.625847309058269,0,0,0,0,0,0.0962003211577679,0,0,0,0,0,0,0,0,0,0,0,0,0,0.0452707393683613,0,0,0,0,0,0,0,0,0,0,0,0,0,0,0,0,0,0,0,0,0,0,0,0,0,0,0,0,0,0,0,0,0,0,0,0,0,0,0,0,0,0,0,0,0,0,0,0,0,0,0,0,0,0,0,0,0,0,0,0,0,0,0,0,0,0,0,0,0,0,0,0,0,0,0,0,0,0,0,0,0,0,0,0,0,0,0,0,0,0,0,0,0,0,0,0,0,0,0,0,0,0,0,0,0,0.00282942121052258,0,0,0,0,0,0,0,0,0,0,0,0,0,0,0,0,0,0,0,0,0,0,0,0,0,0,0,0,0,0,0,0,0,0,0,0,0,0,0,0,0,0,0,0,0,0,0,0,0,0,0,0,0,0,0,0,0,0,0,0,0,0,0,0,0,0.00565884242104517,0,0,0,0,0,0,0,0,0,0,0,0,0,0,0,0,0,0,0,0,0,0,0,0,0,0,0,0,0,0,0,0,0,0,0,0,0,0,0,0,0,0.00282942121052258,0,0,0,0,0,0,0,0,0,0.0905414787367227,0,0,0,0,0,0,0,0,0,0,0,0,0,0,0,0,0,0,0,0,0,0,0,0,0,0,0,0,0.00565884242104517,0,0,0,0,0,0,0,0,0,0,0,0,0,0,0,0,0.00282942121052258,0,0,0,0,0,0,0,0,0,0.00565884242104517,0,0,0,0,0,0,0,0,0,0,0,0,0,0,0,0,0,0,0,0,0,0,0,0,0,0,0,0,0,0,0,0,0,0,0,0,0,0,0,0,0,0,0,0,0,0,0,0,0,0,0,0,0,0,0,0,0,0,0,0,0,0,0,0,0,0,0,0,0,0,0,0,0,0,0,0,0,0,0,0,0,0,0,0,0,0,0,0,0,0,0,0,0,0,0,0,0,0,0,0,0,0,0,0,0,0,0,0,0,0,0,0,0,0,0,0,0,0,0.00565884242104517,0,0,0,0,0,0,0,0,0,0,0,0,0,0,0,0,0,0,0,0,0,0,0,0,0,0,0,0,0,0.00565884242104517,0,0,0,0,0,0,0,0,0,0,0,0.00282942121052258,0,0,0,0,0,0,0.00282942121052258,0,0,0,0,0,0,0,0,0,0,0,0,0,0,0,0,0,0,0,0,0,0,0,0,0,0,0,0,0,0,0,0,0,0,0,0,0,0,0,0,0,0,0,0,0,0,0,0,0,0,0,0,0,0,0,0,0,0,0,0,0,0,0,0,0,0,0,0,0,0,0,0,0,0,0,0,0,0,0,0,0,0,0,0,0,0,0,0,0,0,0,0,0,0,0,0,0,0,0,0,0,0,0,0,0,0,0,0,0,0,0,0,0,0,0,0,0,0,0,0,0,0,0,0,0,0,0,0,0,0,0,0,0,0,0,0,0,0,0,0,0,0,0,0,0,0,0,0,0,0,0,0,0,0,0,0,0,0.0113176848420903,0,0,0.00282942121052258,0,0,0,0,0,0,0,0,0,0,0,0,0,0,0,0.00282942121052258,0,0,0,0,0,0,0,0,7.19196430396683,0,0,0,0,0,0,0,0,0,0,0,0,0,0.633753728443753,0,0,0,0,0,0,0,0,0,0,0,0,0,0,0,0,0,0,0,0,0,0,0,0,0,0,0,0,0,0,0,0,0,0,0,0,0,0,0,0,0,0,0,0,0,0,0,0,0,0,0,0,0,0,0,0,0,0,0,0,0,0,0,0,0,0,0,0,0,0,0,0,0,0,0,0,0,0,0,0,0,0,0,0,0,0,0,0,0,0,0,0,0,0,0,0,0,0,0,0,0,0,0,0,0,0.00430620002021125,0,0,0,0,0,0,0,0,0,0,0,0,0,0,0,0,0,0,0,0,0,0,0,0,0,0,0,0,0,0,0,0,0,0,0,0,0,0,0,0,0,0,0,0,0,0,0,0,0,0,0,0,0,0,0,0,0,0,0,0,0,0,0,0,0,0.625847309058269,0,0,0,0,0,0,0,0,0,0,0,0,0,0,0,0,0,0,0,0,0,0,0,0,0,0,0,0,0,0,0,0,0,0,0,0,0,0,0,0,0,1.0105877690678,0,0,0,0,0,0,0,0,0,4.26561844045658,0,0,0,0,0,0,0,0,0,0,0,0,0,0,0,0,0,0,0,0,0,0,0,0,0,0,0,0,0.652972817325759,0,0,0,0,0,0,0,0,0,0,0,0,0,0,0,0,0.144866365978756,0,0,0,0,0,0,0,0,0,0.274311867181537,0,0,0,0,0,0,0,0,0,0,0,0,0,0,0,0,0,0,0,0,0,0,0,0,0,0,0,0,0,0,0,0,0,0,0,0,0,0,0,0,0,0,0,0,0,0,0,0,0,0,0,0,0,0,0,0,0,0,0,0,0,0,0,0,0,0,0,0,0,0,0,0,0,0,0,0,0,0,0,0,0,0,0,0,0,0,0,0,0,0,0,0,0,0,0,0,0,0,0,0,0,0,0,0,0,0,0,0,0,0,0,0,0,0,0,0,0,0,0.630203251372753,0,0,0,0,0,0,0,0,0,0,0,0,0,0,0,0,0,0,0,0,0,0,0,0,0,0,0,0,0,2.23093035056325,0,0,0,0,0,0,0,0,0,0,0,0.168410588356291,0,0,0,0,0,0,0.0323698521090901,0,0,0,0,0,0,0,0,0,0,0,0,0,0,0,0,0,0,0,0,0,0,0,0,0,0,0,0,0,0,0,0,0,0,0,0,0,0,0,0,0,0,0,0,0,0,0,0,0,0,0,0,0,0,0,0,0,0,0,0,0,0,0,0,0,0,0,0,0,0,0,0,0,0,0,0,0,0,0,0,0,0,0,0,0,0,0,0,0,0,0,0,0,0,0,0,0,0,0,0,0,0,0,0,0,0,0,0,0,0,0,0,0,0,0,0,0,0,0,0,0,0,0,0,0,0,0,0,0,0,0,0,0,0,0,0,0,0,0,0,0,0,0,0,0,0,0,0,0,0,0,0,0,0,0,0,0,0.637007522354925,0,0,0.0284153129042111,0,0,0,0,0,0,0,0,0,0,0,0,0,0,0,0.17527658900958,0,0,0,111.0312021,99.51290173,94.42070169,91.36010158,125.6447021,130.7357023,106.7117019,110.092602,122.8374022,122.7142021,122.066102,"JOH-00257"
"274",4235,"nSPC",2012,"PRIAs","Pacific Remote Island Areas","Howland","Howland",2012,"ForereefDeep","Howland","2012-03-11","Forereef","Deep",0.82447568,-176.62400778,25.65,20,0,10,25,45,0,0,0,NA,0.425,0.302810261501233,1.15,2,1,33.520574161428,103.013846000243,20.1747990089889,14.2362481371799,170.94546730784,8.78497343943699,0,0,0,0,0,0,0,0,0,0,0,0,0,0,0,0,0.0141471060526129,0,0,0,0,0,0,0,0,0,0,0.00282942121052258,0,0.00282942121052258,0,0,0,0,0,0,0,0,0,0,0,0,0,0,0,0,0,0,0,0,0,0,0,0,0,0,0,0,0,0,0,0,0,0,0,0,0,0,0,0,0,0,0,0,0,0,0.0113176848420903,0,0,0,0,0,0,0,0,0.00565884242104517,0,0,0,0,0,0,0,0,0,0,0,0,0,0,0,0,0,0,0,0,0,0,0,0,0,0.0424413181578388,0,0,0,0,0.00282942121052258,0.00282942121052258,0,0,0.00848826363156775,0,0,0,0,0.0226353696841807,0.0198059484736581,0,0,0,0,0,0,0,0,0,0.00282942121052258,0,0.0282942121052258,0,0,0,0,0,0,0,0,0,0,0,0,0,0,0,0,0,0,0,0,0,0,0,0,0,0,0,0,0,0,0,0,0,0.212206590789194,0.00282942121052258,0,0,0,0,0,0,0.00565884242104517,0,0,0,0,0,0,0.00282942121052258,0,0,0,0,0,0,0,0,0,0.00282942121052258,0,0,0,0,0,0,0,0,0,0,0,0,0,0,0,0,0,0,0,0,0,0,0,0,0,0,0,0,0,0,0,0.0169765272631355,0,0,0,0,0,0,0,0.0198059484736581,0,0,0.0169765272631355,0,0,0,0,0,0,0,0,0,0,0,0,0,0,0,0,0,0,0,0,0,0,0,0,0,0,0,0,0.00282942121052258,0,0,0,0,0,0.00565884242104517,0,0,0,0,0,0.00282942121052258,0,0,0,0,0,0,0,0,0,0,0,0,0,0,0,0,0,0.00565884242104517,0,0,0,0,0,0,0,0,0,0,0,0,0,0,0,0,0,0,0,0.00282942121052258,0,0,0,0,0,0.0141471060526129,0,0,0,0,0,0,0,0,0.00282942121052258,0,0,0,0,0,0,0,0,0,0,0,0,0,0,0,0,0,0,0,0,0,0,0,0,0.00282942121052258,0,0,0,0.00282942121052258,0,0,0,0,0,0,0.00282942121052258,0,0,0,0,0,0.0113176848420903,0,0.00565884242104517,0,0,0,7.63943726841098,0,0,0,0,0,0,0,0,0,0,0.0820532151051549,0.00282942121052258,0,0,0,0,0,0,0,0.0282942121052258,0.113176848420903,0,0,0,0,0,0,0,0,0,0,0,0,0,0.033953054526271,0.0113176848420903,0,0,0,0,0,0,0.00565884242104517,0,0,0,0,0,0,0,0,0,0,0,0.0141471060526129,0,0,0,0,0,0,0,0,0,0,0,0,0,0,0,0,0,0.00565884242104517,0,0,0,0,0.00282942121052258,0,0,0,0,0,0,0,0,0,0,0,0,0,0,0,0,0,0,0.0452707393683613,0,0,0,0,0,0,0,0,0,0,0,0,0,0,0,0,0,0,0,0,0.00282942121052258,0,0,0,0,0,0,0,0,0,0,0,0.650766878420194,0,0,0,0,0,0,0,0,0,0,0,0,0.0198059484736581,0,0,0,0,0.00565884242104517,0,0,0,0,0,0,0,0,0,0,0,0,0,0,0,0,0,0,0,0,0.00848826363156775,0,0,0,0,0,0,0,0,0.00565884242104517,0,0,0,0,0,0,0,0,0,0,0,0,0,0,0,0,0,0,0.00282942121052258,0,0,0,0,0.00282942121052258,0,0,0,0,0,0,0,0,0,0,0,0,0,0,0,0,0,0,0,0,0,0,0,0,0,0,0.00282942121052258,0,0,0,0,0,0,0,0,0,0,0,0,0,0,0,0,0,0,0,0,0,0.00282942121052258,0,0,0,0,0,0,0,0,0,0,0,0,0.00565884242104517,0,0,0,0,0,0,0,0,0,0,0,0,0,0,0,0,0,2.21002810060296,0,0,0,0,0,0,0,0,0,0,1.54987772525226,0,1.13751446051048,0,0,0,0,0,0,0,0,0,0,0,0,0,0,0,0,0,0,0,0,0,0,0,0,0,0,0,0,0,0,0,0,0,0,0,0,0,0,0,0,0,0,0,0,0,0,0.81166075269026,0,0,0,0,0,0,0,0,0.347251389317533,0,0,0,0,0,0,0,0,0,0,0,0,0,0,0,0,0,0,0,0,0,0,0,0,0,9.13687877984735,0,0,0,0,2.142852658729,0.00746259844275332,0,0,0.125069211783875,0,0,0,0,0.085764879236174,6.04920965474006,0,0,0,0,0,0,0,0,0,0.0192100995974027,0,0.0197097481525003,0,0,0,0,0,0,0,0,0,0,0,0,0,0,0,0,0,0,0,0,0,0,0,0,0,0,0,0,0,0,0,0,0,0.354045476072691,5.9360479971955,0,0,0,0,0,0,0.666401551833678,0,0,0,0,0,0,0.0817502926299197,0,0,0,0,0,0,0,0,0,0.02355831402641,0,0,0,0,0,0,0,0,0,0,0,0,0,0,0,0,0,0,0,0,0,0,0,0,0,0,0,0,0,0,0,0.266555265695087,0,0,0,0,0,0,0,1.26039815580462,0,0,1.66574463938915,0,0,0,0,0,0,0,0,0,0,0,0,0,0,0,0,0,0,0,0,0,0,0,0,0,0,0,0,0.472466187917968,0,0,0,0,0,3.79658356888422,0,0,0,0,0,1.39774872382195,0,0,0,0,0,0,0,0,0,0,0,0,0,0,0,0,0,0.210189759293247,0,0,0,0,0,0,0,0,0,0,0,0,0,0,0,0,0,0,0,0.135141328524186,0,0,0,0,0,0.24294768635728,0,0,0,0,0,0,0,0,1.30634377289828,0,0,0,0,0,0,0,0,0,0,0,0,0,0,0,0,0,0,0,0,0,0,0,0,0.0136985311808475,0,0,0,0.0174192156537166,0,0,0,0,0,0,3.93059550300786,0,0,0,0,0,14.4019538241353,0,5.46226347491723,0,0,0,4.68878101785992,0,0,0,0,0,0,0,0,0,0,20.0163184080366,0.690217876139193,0,0,0,0,0,0,0,3.78291794874505,15.770340898631,0,0,0,0,0,0,0,0,0,0,0,0,0,37.3678438385948,3.25124961596613,0,0,0,0,0,0,9.54708960132809,0,0,0,0,0,0,0,0,0,0,0,1.76498729228157,0,0,0,0,0,0,0,0,0,0,0,0,0,0,0,0,0,0.172439480083676,0,0,0,0,0.13689078274066,0,0,0,0,0,0,0,0,0,0,0,0,0,0,0,0,0,0,0.569988443054537,0,0,0,0,0,0,0,0,0,0,0,0,0,0,0,0,0,0,0,0,0.624736203283387,0,0,0,0,0,0,0,0,0,0,0,0.564932990693539,0,0,0,0,0,0,0,0,0,0,0,0,0.12764728074716,0,0,0,0,0.0223195522751254,0,0,0,0,0,0,0,0,0,0,0,0,0,0,0,0,0,0,0,0,1.00957643756975,0,0,0,0,0,0,0,0,1.40997528592336,0,0,0,0,0,0,0,0,0,0,0,0,0,0,0,0,0,0,1.50524257686471,0,0,0,0,1.34368286537678,0,0,0,0,0,0,0,0,0,0,0,0,0,0,0,0,0,0,0,0,0,0,0,0,0,0,0.206264806247096,0,0,0,0,0,0,0,0,0,0,0,0,0,0,0,0,0,0,0,0,0,0.543668010321193,0,0,0,0,0,0,0,0,0,0,0,0,0.544012766934753,0,126.3221022,139.8343025,140.7974024,139.8913024,138.5169024,152.0175027,140.0995023,131.6637023,156.1404027,146.2114025,150.4537026,"HOW-00187"
"275",4236,"nSPC",2012,"PRIAs","Pacific Remote Island Areas","Howland","Howland",2012,"ForereefMid","Howland","2012-03-11","Forereef","Mid",0.82282,-176.62477,13.7,37.5,0,10,17.5,30,5,0,0,NA,0.8475,0.51641407737099,1.75,2,1,19.8911193928054,1239.82331962196,6.42480288602184,7.25269884467329,1273.39194074547,0,0,0,0,0,0,0,0,0,0,0,0,0,0,0,0,0,0.0509295817894065,0,0,0,0,0,0,0,0,0,0,0,0,0.00282942121052258,0,0,0,0,0,0,0,0,0,0,0,0,0,0,0,0,0,0,0,0,0,0,0,0,0,0,0.00565884242104517,0,0,0,0,0,0,0,0,0,0,0,0,0,0,0,0,0,0,0,0.0169765272631355,0,0,0,0,0,0,0,0,0,0,0,0,0,0,0,0,0,0,0,0,0,0,0,0,0,0,0,0,0,0,0,0,0,0,0,0,0,0,0,0.00565884242104517,0,0,0,0.0141471060526129,0,0,0,0,0.00565884242104517,0,0,0,0,0,0,0,0,0,0,0.00848826363156775,0,0.0565884242104517,0,0,0,0,0,0,0,0,0,0,0,0,0,0,0,0,0,0,0,0,0,0,0,0,0,0,0,0,0,0,0,0,0,0.820532151051549,0,0,0.0113176848420903,0,0,0,0,0.00565884242104517,0,0.00282942121052258,0,0,0,0,0.00565884242104517,0,0,0,0,0,0,0,0,0,0,0,0,0,0,0,0.282942121052258,0,0,0,0,0.0509295817894065,0,0,0,0,0,0,0,0,0,0,0,0,0,0,0,0,0,0,0,0,0,0,0,0,0.00282942121052258,0,0,0,0.0113176848420903,0,0,0.0113176848420903,0,0,0,0,0,0,0,0,0,0,0,0,0,0,0,0,0,0,0,0,0,0,0,0,0,0,0,0,0,0,0,0,0,0,0,0,0.00282942121052258,0,0,0,0,0,0,0,0,0,0,0,0,0,0,0,0,0,0,0,0,0,0.0198059484736581,0,0,0,0,0,0,0,0,0,0,0,0,0,0,0,0,0,0,0,0.00282942121052258,0,0,0,0,0,0.0226353696841807,0,0,0,0,0,0,0,0,0.00282942121052258,0,0,0,0,0,0,0,0,0,0,0,0,0,0,0,0,0,0,0,0,0,0,0,0,0.00848826363156775,0,0,0,0.00282942121052258,0,0,0,0,0,0,0,0,0,0,0,0,0.00848826363156775,0,0,0,0,0,0.848826363156775,0.00565884242104517,0,0,0,0,0,0.00282942121052258,0,0,0,0.00565884242104517,0.0113176848420903,0,0,0,0,0,0,0,0,0,0,0,0,0,0,0,0,0,0,0,0,0,0,0,0,0,0,0,0,0,0,0.00565884242104517,0,0,0,0,0,0,0,0,0,0,0,0,0,0,0,0,0,0,0,0,0,0,0,0,0,0,0,0,0,0,0.00565884242104517,0,0.00848826363156775,0,0,0,0,0,0,0,0,0,0,0,0,0,0,0,0,0,0,0,0,0.033953054526271,0,0,0,0,0,0,0,0,0,0,0,0,0,0,0,0,0,0,0,0,0,0,0,0,0,0,0,0,0,0,0,0,1.41471060526129,0,0,0,0,0,0,0,0,0.0141471060526129,0,0,0,0,1.98059484736581,0,0,0,0,0,0,0,0,0,0,0,0,0,0,0,0,0,0,0,0,0,0,0,0,0,0,0,0,0,0,0,0,0,0.00282942121052258,0,0,0,0,0,0,0,0,0,0,0,0,0,0,0,0,0,0,0,0,0,0,0,0,0,0,0,0,0,0,0,0,0,0,0,0,0,0,0,0,0,0.0198059484736581,0,0,0,0,0,0,0,0,0,0,0,0,0,0,0,0,0,0,0,0,0,0,0,0,0,0.00282942121052258,0,0.0282942121052258,0,0,0,0,0,0,0,0,0,0,0,0,0.00282942121052258,0,0,0,0,0,0,0,0,0,0,0,0,0,0,0,0,0,0,0,0,2.35203980852561,0,0,0,0,0,0,0,0,0,0,0,0,1.81498335133265,0,0,0,0,0,0,0,0,0,0,0,0,0,0,0,0,0,0,0,0,0,0,0,0,0,0,1.17433429690014,0,0,0,0,0,0,0,0,0,0,0,0,0,0,0,0,0,0,0,1.62288896415353,0,0,0,0,0,0,0,0,0,0,0,0,0,0,0,0,0,0,0,0,0,0,0,0,0,0,0,0,0,0,0,0,0,0,0,0,0,0,0,2.40132185165444,0,0,0,0.140547956779554,0,0,0,0,0.0267973392288993,0,0,0,0,0,0,0,0,0,0,0.530076365868027,0,0.0394194963050006,0,0,0,0,0,0,0,0,0,0,0,0,0,0,0,0,0,0,0,0,0,0,0,0,0,0,0,0,0,0,0,0,0,2.71009037096879,0,0,0.805285941138042,0,0,0,0,0.54947018315172,0,0.0501221051232641,0,0,0,0,0.281988661853712,0,0,0,0,0,0,0,0,0,0,0,0,0,0,0,0.197097481525003,0,0,0,0,0.446694382381728,0,0,0,0,0,0,0,0,0,0,0,0,0,0,0,0,0,0,0,0,0,0,0,0,0.151520315839542,0,0,0,0.462457019355132,0,0,0.883957717914679,0,0,0,0,0,0,0,0,0,0,0,0,0,0,0,0,0,0,0,0,0,0,0,0,0,0,0,0,0,0,0,0,0,0,0,0,1.65739781688447,0,0,0,0,0,0,0,0,0,0,0,0,0,0,0,0,0,0,0,0,0,0.579318972290348,0,0,0,0,0,0,0,0,0,0,0,0,0,0,0,0,0,0,0,0.198307920911827,0,0,0,0,0,0.236625627604488,0,0,0,0,0,0,0,0,0.755985979686503,0,0,0,0,0,0,0,0,0,0,0,0,0,0,0,0,0,0,0,0,0,0,0,0,0.0410955935425425,0,0,0,0.0048155202490365,0,0,0,0,0,0,0,0,0,0,0,0,11.8705706276629,0,0,0,0,0,0.520975668651102,1219.13308881058,0,0,0,0,0,0.0422842852806548,0,0,0,1.93698296696254,2.26494997621962,0,0,0,0,0,0,0,0,0,0,0,0,0,0,0,0,0,0,0,0,0,0,0,0,0,0,0,0,0,0,11.3523872173754,0,0,0,0,0,0,0,0,0,0,0,0,0,0,0,0,0,0,0,0,0,0,0,0,0,0,0,0,0,0,0.442435082502857,0,0.247678248258902,0,0,0,0,0,0,0,0,0,0,0,0,0,0,0,0,0,0,0,0,0.523167407165091,0,0,0,0,0,0,0,0,0,0,0,0,0,0,0,0,0,0,0,0,0,0,0,0,0,0,0,0,0,0,0,0,0.86829278108517,0,0,0,0,0,0,0,0,0.394292063297327,0,0,0,0,2.61829044612838,0,0,0,0,0,0,0,0,0,0,0,0,0,0,0,0,0,0,0,0,0,0,0,0,0,0,0,0,0,0,0,0,0,0.32528214593076,0,0,0,0,0,0,0,0,0,0,0,0,0,0,0,0,0,0,0,0,0,0,0,0,0,0,0,0,0,0,0,0,0,0,0,0,0,0,0,0,0,0.294053067998351,0,0,0,0,0,0,0,0,0,0,0,0,0,0,0,0,0,0,0,0,0,0,0,0,0,0.0284153129042111,0,0.354589856713595,0,0,0,0,0,0,0,0,0,0,0,0,0.0595637395781947,0,0,0,0,125.5461022,141.3888025,140.5685024,140.1784024,137.7391024,151.6602026,139.6491023,131.4982023,155.6721026,146.4891025,150.2474026,"HOW-00161"
"276",4237,"nSPC",2012,"PRIAs","Pacific Remote Island Areas","Howland","Howland",2012,"ForereefShallow","Howland","2012-03-11","Forereef","Shallow",0.81542406,-176.62413066,5.15,35,0,6.5,27.5,27.5,3.5,0,0,NA,0.74875,0.476352062773944,1.65,2,1,14.5028745525343,8.77438428329085,30.8422313028462,9.77756653176003,63.8970566704314,6.81499434923672,0,0,0,0,0,0,0,0,0,0,0,0,0.00565884242104517,0,0,0,0.0481001605788839,0,0,0,0,0,0,0,0,0,0,0,0,0,0,0,0,0,0,0,0,0,0,0,0,0,0,0,0,0,0,0,0,0,0,0,0,0,0,0,0.00565884242104517,0,0,0,0,0,0,0,0,0.00565884242104517,0,0,0,0,0,0,0,0,0,0,0.00565884242104517,0,0,0,0,0,0,0,0,0.00282942121052258,0,0,0,0,0,0,0,0,0,0,0,0,0,0,0,0,0,0,0,0,0,0,0,0,0,0,0,0,0,0,0.0113176848420903,0,0,0,0.0141471060526129,0,0,0,0,0.0198059484736581,0.0141471060526129,0,0,0,0,0,0,0,0,0,0.0113176848420903,0,0,0,0,0,0,0,0,0,0,0,0,0,0,0,0,0,0,0,0,0,0,0,0,0,0,0,0,0,0,0,0,0,0,0.00282942121052258,0.0169765272631355,0,0,0.00565884242104517,0,0,0,0,0.00565884242104517,0,0,0,0,0,0,0,0,0.0113176848420903,0,0,0,0,0,0,0,0,0,0,0,0,0,1.55618166578742,0,0,0,0,0,0,0,0,0,0,0,0,0,0,0,0,0,0,0,0,0,0.0282942121052258,0,0,0,0,0,0,0,0,0,0,0,0.033953054526271,0,0,0.0481001605788839,0,0,0,0,0,0,0,0,0,0,0,0,0,0,0,0,0,0,0,0,0,0,0,0,0,0,0,0,0.00565884242104517,0,0,0,0,0,0,0,0,0,0,0,0,0,0,0,0,0,0,0,0,0,0,0,0,0,0,0,0,0,0.00282942121052258,0,0,0,0,0,0,0,0,0,0,0,0,0,0,0,0,0,0,0,0.00282942121052258,0,0,0,0,0,0,0,0,0,0,0,0,0,0,0,0,0,0,0,0,0,0,0,0,0,0,0,0,0,0,0,0,0,0,0,0,0,0,0,0.00848826363156775,0,0,0,0.00565884242104517,0,0,0,0,0,0,0,0,0.285771542262781,0,0,0,0,0,0,0,0,0.00565884242104517,0,0,0,0,0,0,0,0,0,0,0,0.0141471060526129,0.0396118969473162,0,0,0,0,0,0,0,0,0,0,0,0,0,0,0,0,0,0,0,0,0,0,0,0,0,0,0,0,0,0,0,0,0,0,0,0,0,0,0,0,0,0,0,0,0,0,0,0,0,0,0,0,0,0,0.033953054526271,0,0,0,0,0,0.00848826363156775,0.00565884242104517,0,0.00565884242104517,0,0.00282942121052258,0,0,0,0,0,0,0,0,0,0,0,0,0,0,0,0,0,0,0.155618166578742,0,0,0,0,0.0282942121052258,0,0,0,0,0,0,0,0,0,0,0,0,0,0,0,0,0,0,0,0,0,0,0,0,0,0,0,2.82942121052258,0,0,0,0,0,0,0,0,0,0,0,0,0,0,0,0,0,0.00565884242104517,0,0,0,0,0,0,0,0,0,0,0,0,0,0,0,0.00282942121052258,0,0,0,0,0,0,0,0,0,0,0,0,0,0.00848826363156775,0,0,0,0,0,0,0,0,0,0,0,0,0,0,0,0,0,0,0.00565884242104517,0,0,0,0,0,0,0,0,0,0,0,0,0,0,0,0,0,0,0,0,0,0,0.0877120575262001,0,0,0,0,0,0,0,0,0.00282942121052258,0,0,0,0,0,0,0,0,0,0,0.00565884242104517,0,0,0,0,0,0,0,0.0820532151051549,0,0,0,0,0,0,0,0,0,0,0,0,0.00565884242104517,0,0,0.00848826363156775,0,0,0,0,0,0,0,0,0,0,0,0,0,1.27880366037648,0,0,0,4.81417711869076,0,0,0,0,0,0,0,0,0,0,0,0,0,0,0,0,0,0,0,0,0,0,0,0,0,0,0,0,0,0,0,0,0,0,0,0,0,0,0,1.11637218869198,0,0,0,0,0,0,0,0,0.702031136899382,0,0,0,0,0,0,0,0,0,0,0.786936869684827,0,0,0,0,0,0,0,0,0.155725906230731,0,0,0,0,0,0,0,0,0,0,0,0,0,0,0,0,0,0,0,0,0,0,0,0,0,0,0,0,0,0,4.08277119218844,0,0,0,0.248449989337877,0,0,0,0,0.0488251510133918,1.92129019445292,0,0,0,0,0,0,0,0,0,0.80895865789434,0,0,0,0,0,0,0,0,0,0,0,0,0,0,0,0,0,0,0,0,0,0,0,0,0,0,0,0,0,0,0,0,0,0,0.108700801963264,0.0118258488915002,0,0,0.447063356309831,0,0,0,0,0.447063356309831,0,0,0,0,0,0,0,0,0.49939026578024,0,0,0,0,0,0,0,0,0,0,0,0,0,2.43451889216995,0,0,0,0,0,0,0,0,0,0,0,0,0,0,0,0,0,0,0,0,0,0.0109895470288721,0,0,0,0,0,0,0,0,0,0,0,1.35680930357692,0,0,4.34835539419424,0,0,0,0,0,0,0,0,0,0,0,0,0,0,0,0,0,0,0,0,0,0,0,0,0,0,0,0,1.2377583019643,0,0,0,0,0,0,0,0,0,0,0,0,0,0,0,0,0,0,0,0,0,0,0,0,0,0,0,0,0,0.0706637519428109,0,0,0,0,0,0,0,0,0,0,0,0,0,0,0,0,0,0,0,0.164690365394844,0,0,0,0,0,0,0,0,0,0,0,0,0,0,0,0,0,0,0,0,0,0,0,0,0,0,0,0,0,0,0,0,0,0,0,0,0,0,0,0.0343480403888836,0,0,0,0.0105523346618939,0,0,0,0,0,0,0,0,0.179519532489359,0,0,0,0,0,0,0,0,4.12695394136121,0,0,0,0,0,0,0,0,0,0,0,3.57581218564818,10.6157698589708,0,0,0,0,0,0,0,0,0,0,0,0,0,0,0,0,0,0,0,0,0,0,0,0,0,0,0,0,0,0,0,0,0,0,0,0,0,0,0,0,0,0,0,0,0,0,0,0,0,0,0,0,0,0,0.362095346482405,0,0,0,0,0,0.282579892246033,0.926190183735055,0,0.453911573055572,0,0.13689078274066,0,0,0,0,0,0,0,0,0,0,0,0,0,0,0,0,0,0,0.872450733362961,0,0,0,0,0.262697063255448,0,0,0,0,0,0,0,0,0,0,0,0,0,0,0,0,0,0,0,0,0,0,0,0,0,0,0,2.54518321455591,0,0,0,0,0,0,0,0,0,0,0,0,0,0,0,0,0,0.0174365389238558,0,0,0,0,0,0,0,0,0,0,0,0,0,0,0,0.455432692193589,0,0,0,0,0,0,0,0,0,0,0,0,0,1.79610300321793,0,0,0,0,0,0,0,0,0,0,0,0,0,0,0,0,0,0,6.81499434923672,0,0,0,0,0,0,0,0,0,0,0,0,0,0,0,0,0,0,0,0,0,0,0.918557720228695,0,0,0,0,0,0,0,0,0.356425585194983,0,0,0,0,0,0,0,0,0,0,0.0275246095359637,0,0,0,0,0,0,0,1.16728337924351,0,0,0,0,0,0,0,0,0,0,0,0,0.469673648522578,0,0,0.386499210191473,0,57.585701,72.34330125,84.56320144,70.45180121,60.70330104,51.71390092,67.30060113,66.75500113,58.67390104,60.43610103,67.95020116,"HOW-00155"
"277",4238,"nSPC",2012,"PRIAs","Pacific Remote Island Areas","Howland","Howland",2012,"ForereefShallow","Howland","2012-03-11","Forereef","Shallow",0.80330425,-176.62106146,4.7,22.5,0,5,7.5,17.5,0,0,47.5,NA,0.74625,0.610455809209356,2.5,2,1,20.9231237111393,33.6942006267725,23.9602382131447,7.52643985218561,86.1040024032421,9.79851050069088,0,0,0,0,0,0,0,0,0,0,0,0,0.00282942121052258,0,0,0,0.0396118969473162,0,0,0,0,0,0,0,0,0,0,0,0,0.00282942121052258,0,0,0,0,0,0,0,0,0,0,0,0,0,0,0,0,0,0,0,0,0,0,0,0,0,0,0.00282942121052258,0,0,0,0,0,0,0,0,0,0,0,0,0,0,0,0,0,0,0,0.0141471060526129,0,0,0,0,0.00565884242104517,0,0.00282942121052258,0,0.00282942121052258,0,0,0,0,0.00282942121052258,0,0,0,0,0,0,0,0,0,0,0,0,0,0,0,0,0,0,0,0,0,0,0,0,0,0.00848826363156775,0,0,0,0.0311236333157484,0,0,0,0,0.0169765272631355,0.00282942121052258,0,0,0,0,0,0,0,0,0,0.0141471060526129,0,0,0,0,0,0,0,0,0,0,0,0,0,0,0,0,0,0,0,0,0,0,0,0,0,0,0,0,0,0,0,0,0,0,0,0.127323954473516,0,0,0.0113176848420903,0,0,0,0,0.0113176848420903,0,0,0,0,0,0,0,0,0,0,0,0,0,0,0,0,0,0,0,0,0,0,2.97089227104871,0,0,0,0,0,0,0,0,0,0,0,0,0,0,0,0,0,0,0,0,0,0,0,0,0,0,0,0,0,0,0,0,0,0.0254647908947033,0,0,0.0254647908947033,0,0,0,0,0,0,0,0,0,0,0,0,0,0,0,0,0,0,0,0,0,0,0,0,0,0,0,0,0.00282942121052258,0,0,0,0,0,0,0,0,0,0,0,0,0,0,0,0,0,0,0,0,0,0,0,0,0,0,0,0,0,0.00565884242104517,0,0.00565884242104517,0,0,0,0,0,0,0,0,0,0,0,0,0,0,0,0,0,0.00282942121052258,0,0,0,0,0,0.0141471060526129,0,0,0,0,0,0,0,0,0.00565884242104517,0,0,0,0,0,0,0,0,0,0,0,0,0,0,0,0,0,0,0,0,0,0,0,0,0.00565884242104517,0,0,0,0.00282942121052258,0,0,0,0,0,0,0,0,0.198059484736581,0,0,0,0.00565884242104517,0,0,0,0,0,1.41471060526129,0,0,0,0,0,0,0,0,0,0,0,0.0226353696841807,0,0,0,0,0,0,0,0.0481001605788839,0.0565884242104517,0,0,0,0,0,0,0,0,0,0,0,0,0,0.00565884242104517,0,0,0,0,0,0,0,0,0,0,0,0,0,0,0,0,0,0,0,0,0,0,0,0,0,0,0,0,0,0,0,0.0169765272631355,0,0,0,0,0,0.0113176848420903,0.00565884242104517,0,0.00282942121052258,0,0,0,0,0,0,0,0,0,0,0,0,0,0,0,0,0,0,0,0,0.0990297423682904,0,0,0,0,0.00848826363156775,0,0,0,0,0,0,0,0,0,0,0,0,0,0,0,0,0,0,0,0,0,0,0,0,0,0,0,1.62691719605049,0,0,0,0,0,0,0,0,0,0,0,0,0.00565884242104517,0.353677651315323,0,0,0,0,0,0,0,0,0,0,0,0,0,0,0,0,0,0,0,0.00282942121052258,0,0,0,0,0,0,0,0,0,0,0,0,0,0.00565884242104517,0,0,0,0,0,0,0,0,0,0,0,0,0,0,0,0,0,0,0.00565884242104517,0,0,0,0,0,0,0,0,0,0,0,0,0,0,0,0,0,0,0,0,0,0,0.0735649514735872,0,0,0.0113176848420903,0,0,0,0,0,0,0.00282942121052258,0,0,0,0,0,0,0,0,0,0.0198059484736581,0,0,0,0,0,0,0,0.0481001605788839,0,0,0,0,0,0,0,0,0,0,0,0,0,0,0,0.00565884242104517,0,0,0,0,0,0,0,0,0,0,0,0,0,0.440678092033275,0,0,0,4.12684880465744,0,0,0,0,0,0,0,0,0,0,0,0,1.13751446051048,0,0,0,0,0,0,0,0,0,0,0,0,0,0,0,0,0,0,0,0,0,0,0,0,0,0,0.464201917351361,0,0,0,0,0,0,0,0,0,0,0,0,0,0,0,0,0,0,0,0.717591105433063,0,0,0,0,0.0133804890642174,0,0.0567667018323994,0,0.155725906230731,0,0,0,0,0.410477670117783,0,0,0,0,0,0,0,0,0,0,0,0,0,0,0,0,0,0,0,0,0,0,0,0,0,5.53356670258542,0,0,0,0.197998024287486,0,0,0,0,0.0643236594271305,0.968388525802898,0,0,0,0,0,0,0,0,0,1.20825422628864,0,0,0,0,0,0,0,0,0,0,0,0,0,0,0,0,0,0,0,0,0,0,0,0,0,0,0,0,0,0,0,0,0,0,0,0.129208348999724,0,0,0.640211246681923,0,0,0,0,0.805285941138042,0,0,0,0,0,0,0,0,0,0,0,0,0,0,0,0,0,0,0,0,0,0,4.77048904357739,0,0,0,0,0,0,0,0,0,0,0,0,0,0,0,0,0,0,0,0,0,0,0,0,0,0,0,0,0,0,0,0,0,0.773066832566009,0,0,2.74781284270309,0,0,0,0,0,0,0,0,0,0,0,0,0,0,0,0,0,0,0,0,0,0,0,0,0,0,0,0,0.696915384503568,0,0,0,0,0,0,0,0,0,0,0,0,0,0,0,0,0,0,0,0,0,0,0,0,0,0,0,0,0,0.416746386469692,0,1.92824572901565,0,0,0,0,0,0,0,0,0,0,0,0,0,0,0,0,0,0.135141328524186,0,0,0,0,0,0.0406418062679464,0,0,0,0,0,0,0,0,0.993692163251289,0,0,0,0,0,0,0,0,0,0,0,0,0,0,0,0,0,0,0,0,0,0,0,0,0.0143058943670161,0,0,0,0.0048155202490365,0,0,0,0,0,0,0,0,0.410268339062743,0,0,0,8.19896101146943,0,0,0,0,0,0.86829278108517,0,0,0,0,0,0,0,0,0,0,0,4.63049940405062,0,0,0,0,0,0,0,6.1040821452883,9.8572055566253,0,0,0,0,0,0,0,0,0,0,0,0,0,10.4792467157217,0,0,0,0,0,0,0,0,0,0,0,0,0,0,0,0,0,0,0,0,0,0,0,0,0,0,0,0,0,0,0,0.116310767007146,0,0,0,0,0,0.295202167653872,0.491873585958018,0,0.0996797704553307,0,0,0,0,0,0,0,0,0,0,0,0,0,0,0,0,0,0,0,0,0.536967320765584,0,0,0,0,0.0435064202494498,0,0,0,0,0,0,0,0,0,0,0,0,0,0,0,0,0,0,0,0,0,0,0,0,0,0,0,0.830304971912694,0,0,0,0,0,0,0,0,0,0,0,0,0.00620709850463286,0.168447888904357,0,0,0,0,0,0,0,0,0,0,0,0,0,0,0,0,0,0,0,0.624736203283387,0,0,0,0,0,0,0,0,0,0,0,0,0,1.03026978889244,0,0,0,0,0,0,0,0,0,0,0,0,0,0,0,0,0,0,9.79851050069088,0,0,0,0,0,0,0,0,0,0,0,0,0,0,0,0,0,0,0,0,0,0,0.671498424855991,0,0,0.154501361841207,0,0,0,0,0,0,0.10913607313467,0,0,0,0,0,0,0,0,0,0.0632743465309165,0,0,0,0,0,0,0,0.568224739329861,0,0,0,0,0,0,0,0,0,0,0,0,0,0,0,0.354500266031522,0,45.03750079,55.34090095,69.15340115,54.00290096,47.79400082,39.8275007,49.42190082,49.10860082,41.98360075,53.40640091,49.17760084,"HOW-00133"
"278",4239,"nSPC",2012,"PRIAs","Pacific Remote Island Areas","Howland","Howland",2012,"ForereefMid","Howland","2012-03-11","Forereef","Mid",0.80630212,-176.62155465,15,32.5,0,0,22.5,26,1.5,0,17.5,NA,0.8325,0.503431219060774,1.8,2,1,36.3567744057015,17.3872754324379,4.95783989368424,8.00747208641566,66.7093618182393,0,0,0,0,0,0,0,0,0,0,0,0,0,0,0,0,0,0.00282942121052258,0,0,0,0,0,0,0,0,0,0,0,0,0,0,0,0,0,0,0,0,0,0,0,0.00282942121052258,0,0,0,0,0,0,0,0,0,0,0,0.282942121052258,0,0,0,0.00848826363156775,0,0,0,0,0,0,0,0,0,0,0,0,0,0,0,0,0,0,0,0.00848826363156775,0,0,0,0,0.00565884242104517,0,0,0,0,0,0,0,0,0,0,0,0,0,0,0,0,0,0,0.00565884242104517,0,0,0,0,0,0,0,0,0,0,0,0,0,0,0,0.00848826363156775,0,0,0,0.0254647908947033,0,0,0,0.00282942121052258,0.104688584789336,0.0367824757367936,0,0,0,0,0,0,0,0,0,0.0113176848420903,0,0.141471060526129,0,0,0,0,0,0,0,0,0,0,0,0,0,0,0,0,0,0,0,0,0,0,0,0,0,0,0,0,0,0,0,0,0,0.169765272631355,0,0,0.0113176848420903,0,0,0,0,0,0,0,0,0,0,0,0,0,0,0,0,0,0,0,0,0,0,0,0,0,0,0,0,0,0,0,0,0.0254647908947033,0,0,0,0,0,0,0,0,0.00848826363156775,0,0,0,0,0,0,0,0,0,0,0,0,0,0,0,0,0,0,0,0.0424413181578388,0.00848826363156775,0,0.00848826363156775,0,0,0,0,0,0,0,0,0,0,0,0,0,0,0,0,0,0,0,0,0,0,0,0,0,0,0,0,0,0,0,0,0,0,0,0,0,0,0,0,0,0,0,0,0,0,0,0,0.00282942121052258,0,0,0,0,0,0,0,0,0,0.00282942121052258,0,0.0113176848420903,0,0,0,0,0,0,0,0,0.00282942121052258,0,0,0,0,0,0,0,0,0,0,0,0.00282942121052258,0,0,0.00848826363156775,0,0,0,0,0,0,0,0,0,0,0,0,0,0,0,0,0,0,0,0,0,0,0,0,0,0,0,0,0,0,0,0,0,0.00565884242104517,0,0,0,0.00565884242104517,0,0,0,0,0,0,0,0,0.282942121052258,0,0,0,0.0113176848420903,0,0,0,0,0,7.07355302630646,0,0,0,0,0,0,0,0,0,0,0,0.00848826363156775,0,0,0,0,0,0,0,0,0.0565884242104517,0,0,0,0,0,0,0,0,0,0,0,0,0,0,0.00282942121052258,0,0,0,0,0,0,0,0,0,0,0,0,0,0,0,0,0,0,0,0,0,0,0,0,0,0,0,0,0,0,0.0113176848420903,0,0,0,0,0,0.00848826363156775,0,0,0.0113176848420903,0,0,0,0,0,0,0,0,0,0,0,0,0,0,0,0,0,0,0,0,0.0282942121052258,0,0,0,0,0.0367824757367936,0.00565884242104517,0,0,0,0,0,0,0,0,0,0,0,0,0,0,0.00565884242104517,0,0,0,0,0,0,0,0,0,0,0,7.92237938946323,0,0,0,0,0,0,0,0,0,0,0,0,0.0169765272631355,0,0,0,0,0.00282942121052258,0,0,0,0,0,0,0,0,0,0,0,0,0,0,0,0,0,0,0,0,0,0,0,0,0,0,0,0,0,0.0169765272631355,0,0,0,0,0,0,0,0,0,0,0,0,0,0,0,0,0,0,0,0,0,0,0,0,0,0,0,0,0,0,0,0,0,0,0,0,0,0,0,0,0,0,0,0,0,0,0,0,0,0,0.00282942121052258,0,0,0,0,0,0,0,0,0,0,0,0,0,0,0,0.00282942121052258,0,0,0,0,0,0,0,0,0,0,0,0,0,0,0,0,0,0,0.00848826363156775,0,0,0,0,0,0,0,0,0,0,0,0,0,0,0,0,0,0.261071808710051,0,0,0,0,0,0,0,0,0,0,0,0,0,0,0,0,0,0,0,0,0,0,0,0.153445882182303,0,0,0,0,0,0,0,0,0,0,0,1.13114409493227,0,0,0,2.57778380574355,0,0,0,0,0,0,0,0,0,0,0,0,0,0,0,0,0,0,0,1.11801268924461,0,0,0,0,0.0244122221256994,0,0,0,0,0,0,0,0,0,0,0,0,0,0,0,0,0,0,1.01031943128767,0,0,0,0,0,0,0,0,0,0,0,0,0,0,0,5.07849468423678,0,0,0,0.149509545689212,0,0,0,0.142284519124154,0.236427646547346,7.91955689359557,0,0,0,0,0,0,0,0,0,1.29789861943347,0,0.0985487407625016,0,0,0,0,0,0,0,0,0,0,0,0,0,0,0,0,0,0,0,0,0,0,0,0,0,0,0,0,0,0,0,0,0,0.54749300423612,0,0,0.563977323707424,0,0,0,0,0,0,0,0,0,0,0,0,0,0,0,0,0,0,0,0,0,0,0,0,0,0,0,0,0,0,0,0,0.225295345260526,0,0,0,0,0,0,0,0,0.0260371313288947,0,0,0,0,0,0,0,0,0,0,0,0,0,0,0,0,0,0,0,1.09240217412627,0.158979251359343,0,0.504621650277386,0,0,0,0,0,0,0,0,0,0,0,0,0,0,0,0,0,0,0,0,0,0,0,0,0,0,0,0,0,0,0,0,0,0,0,0,0,0,0,0,0,0,0,0,0,0,0,0,0.0970491475209246,0,0,0,0,0,0,0,0,0,0.0569174580230593,0,4.74537799665507,0,0,0,0,0,0,0,0,0.380274210694235,0,0,0,0,0,0,0,0,0,0,0,0.00868743324147428,0,0,0.0514419899706321,0,0,0,0,0,0,0,0,0,0,0,0,0,0,0,0,0,0,0,0,0,0,0,0,0,0,0,0,0,0,0,0,0,0.0103573201515889,0,0,0,0.00918236212628394,0,0,0,0,0,0,0,0,0.58609762723249,0,0,0,14.0562660751848,0,0,0,0,0,2.83551861323126,0,0,0,0,0,0,0,0,0,0,0,1.76781920439972,0,0,0,0,0,0,0,0,7.18335940996563,0,0,0,0,0,0,0,0,0,0,0,0,0,0,0.368529410826287,0,0,0,0,0,0,0,0,0,0,0,0,0,0,0,0,0,0,0,0,0,0,0,0,0,0,0,0,0,0,0.105675181330692,0,0,0,0,0,0.158837601033883,0,0,0.907823146111144,0,0,0,0,0,0,0,0,0,0,0,0,0,0,0,0,0,0,0,0,0.146579969739722,0,0,0,0,0.254711204428611,0.0583864887090496,0,0,0,0,0,0,0,0,0,0,0,0,0,0,1.0084023241248,0,0,0,0,0,0,0,0,0,0,0,4.68606760291903,0,0,0,0,0,0,0,0,0,0,0,0,0.050201444543643,0,0,0,0,0.00627676278629307,0,0,0,0,0,0,0,0,0,0,0,0,0,0,0,0,0,0,0,0,0,0,0,0,0,0,0,0,0,2.31676630376739,0,0,0,0,0,0,0,0,0,0,0,0,0,0,0,0,0,0,0,0,0,0,0,0,0,0,0,0,0,0,0,0,0,0,0,0,0,0,0,0,0,0,0,0,0,0,0,0,0,0,0.105607580798513,0,0,0,0,0,0,0,0,0,0,0,0,0,0,0,0.0109522830632837,0,0,0,0,0,0,0,0,0,0,0,0,0,0,0,0,0,0,0.418479201748629,0,45.5900008,56.06510096,68.67150114,53.23520094,47.70990082,39.9257007,49.79870082,48.68020082,42.37770076,53.44740091,50.08180085,"HOW-00177"
"279",4240,"nSPC",2012,"PRIAs","Pacific Remote Island Areas","Howland","Howland",2012,"ForereefMid","Howland","2012-03-11","Forereef","Mid",0.80912691,-176.6221035,15,32.5,0,12.5,30,12.5,0,0,12.5,NA,1.095,0.655621456806585,2.75,2,1,31.2901776646161,78.010443149607,23.6224839061583,23.021206387999,155.94431110838,16.6565149531662,0,0,0,0,0,0,0,0,0,0,0,0,0,0,0,0,0.00565884242104517,0,0,0.00848826363156775,0,0,0,0,0,0,0,0,0,0,0,0,0,0,0,0,0,0,0,0,0,0,0,0,0,0,0,0,0,0,0,0,0,0,0,0,0.00565884242104517,0,0,0,0,0,0,0,0,0,0,0,0,0.00282942121052258,0,0,0,0,0,0,0.00848826363156775,0,0,0,0,0,0,0.00282942121052258,0,0,0,0,0,0,0,0,0,0,0,0,0,0,0,0,0,0,0,0,0,0,0,0,0,0,0,0.0962003211577679,0,0,0,0,0.00565884242104517,0,0,0,0.00848826363156775,0,0,0,0,0.00565884242104517,0.0198059484736581,0,0,0,0,0,0,0,0,0,0,0,1.13176848420903,0,0,0,0,0,0,0,0,0,0,0,0,0,0,0,0,0,0,0,0,0,0,0,0,0,0,0,0,0,0,0,0,0,0.0962003211577679,0,0,0.00565884242104517,0,0,0,0,0.0141471060526129,0,0,0,0,0,0,0,0,0,0,0,0,0,0,0,0,0,0,0,0,0,0,0,0,0,0,0,0,0,0,0,0,0,0,0,0,0,0,0,0,0,0,0,0,0,0,0,0,0,0,0,0,0,0,0,0,0.00565884242104517,0,0.00565884242104517,0.00282942121052258,0,0.00282942121052258,0,0,0,0,0,0,0,0,0,0,0,0,0,0,0,0,0,0,0,0,0,0,0,0,0,0,0,0,0,0,0,0,0,0,0,0,0,0,0,0,0,0,0,0,0,0,0,0,0,0,0,0,0,0,0,0,0,0,0.00848826363156775,0,0,0,0,0,0,0,0,0,0,0,0,0,0,0,0,0,0,0,0,0.00282942121052258,0,0,0,0,0,0,0,0,0,0,0,0,0,0,0,0,0,0,0,0,0,0,0,0,0,0,0,0,0,0,0,0,0,0,0,0,0.00282942121052258,0,0,0,0.00282942121052258,0,0,0,0,0,0,0,0,1.41471060526129,0,0,0,0.00565884242104517,0,0,0,0,0,11.3176848420903,0,0,0,0,0,0,0,0,0,0,0,0.0141471060526129,0,0,0,0,0,0,0,0.113176848420903,0.118835690841949,0,0,0,0,0,0,0,0,0,0,0,0,0,0,0.00565884242104517,0,0,0,0,0,0,0.00282942121052258,0,0,0,0,0,0,0,0,0,0,0,0,0,0,0,0,0,0,0,0,0,0,0,0,0,0,0,0,0,0.00282942121052258,0.00565884242104517,0,0,0,0,0,0,0,0,0,0,0,0,0,0,0,0,0,0,0,0,0,0,0.00848826363156775,0,0,0,0,0.00565884242104517,0,0,0,0,0,0,0,0.00282942121052258,0,0,0,0,0,0,0,0,0,0,0,0,0,0,0,0,0,0,0,0.962003211577679,0,0,0,0,0,0,0,0,0,0,0,0,0.00282942121052258,0,0,0,0,0,0,0,0,0,0,0,0,0,0,0,0.132982796894561,0,0,0,0,0.00282942121052258,0,0,0,0,0,0,0,0,0,0,0,0,0,0.00565884242104517,0,0,0,0,0,0,0,0,0,0,0,0,0,0,0,0,0,0,0.00282942121052258,0,0,0,0,0,0,0,0,0,0,0,0,0,0,0,0,0,0,0,0,0,0,0,0,0,0,0,0,0,0,0,0,0,0,0,0,0,0,0,0,0,0,0,0,0,0,0,0,0.00282942121052258,0,0,0,0,0,0,0,0,0,0,0,0,0,0,0,0,0.0141471060526129,0,0,0,0,0,0,0,0,0,0,0,0,0,0,0,0,0,0,0.212337535121791,0,0,0.156508581153009,0,0,0,0,0,0,0,0,0,0,0,0,0,0,0,0,0,0,0,0,0,0,0,0,0,0,0,0,0,0,0,0,0,0,0,0,1.34926043381948,0,0,0,0,0,0,0,0,0,0,0,0,17.2063355198848,0,0,0,0,0,0,1.46821527894796,0,0,0,0,0,0,0.278776439657234,0,0,0,0,0,0,0,0,0,0,0,0,0,0,0,0,0,0,0,0,0,0,0,0,0,0,0,26.4530921067742,0,0,0,0,8.04278060199053,0,0,0,0.0846637636483521,0,0,0,0,0.00861240004042249,8.34565691862703,0,0,0,0,0,0,0,0,0,0,0,2.75936474135005,0,0,0,0,0,0,0,0,0,0,0,0,0,0,0,0,0,0,0,0,0,0,0,0,0,0,0,0,0,0,0,0,0,0.431862481741451,0,0,0.54947018315172,0,0,0,0,0.987705859987419,0,0,0,0,0,0,0,0,0,0,0,0,0,0,0,0,0,0,0,0,0,0,0,0,0,0,0,0,0,0,0,0,0,0,0,0,0,0,0,0,0,0,0,0,0,0,0,0,0,0,0,0,0,0,0,0,0.274603535059673,0,0.393119642277992,0.113853707271523,0,0.239432563321034,0,0,0,0,0,0,0,0,0,0,0,0,0,0,0,0,0,0,0,0,0,0,0,0,0,0,0,0,0,0,0,0,0,0,0,0,0,0,0,0,0,0,0,0,0,0,0,0,0,0,0,0,0,0,0,0,0,0,7.64681307017037,0,0,0,0,0,0,0,0,0,0,0,0,0,0,0,0,0,0,0,0,0.116838688603717,0,0,0,0,0,0,0,0,0,0,0,0,0,0,0,0,0,0,0,0,0,0,0,0,0,0,0,0,0,0,0,0,0,0,0,0,0.0200421460218674,0,0,0,0.0119901315272546,0,0,0,0,0,0,0,0,2.93048813616245,0,0,0,4.81885146441609,0,0,0,0,0,4.76204322126398,0,0,0,0,0,0,0,0,0,0,0,2.71709864970813,0,0,0,0,0,0,0,14.8426903834792,16.3289745929669,0,0,0,0,0,0,0,0,0,0,0,0,0,0,2.1375552442786,0,0,0,0,0,0,0.840275224867501,0,0,0,0,0,0,0,0,0,0,0,0,0,0,0,0,0,0,0,0,0,0,0,0,0,0,0,0,0,0.0839162577047264,1.0028989178879,0,0,0,0,0,0,0,0,0,0,0,0,0,0,0,0,0,0,0,0,0,0,0.0679963125175843,0,0,0,0,0.0133630963520719,0,0,0,0,0,0,0,0.00430121785038095,0,0,0,0,0,0,0,0,0,0,0,0,0,0,0,0,0,0,0,0.45422566110518,0,0,0,0,0,0,0,0,0,0,0,0,0.0994939007603909,0,0,0,0,0,0,0,0,0,0,0,0,0,0,0,8.20742659989612,0,0,0,0,0.455432692193589,0,0,0,0,0,0,0,0,0,0,0,0,0,1.739494773059,0,0,0,0,0,0,0,0,0,0,0,0,0,0,0,0,0,0,16.6565149531662,0,0,0,0,0,0,0,0,0,0,0,0,0,0,0,0,0,0,0,0,0,0,0,0,0,0,0,0,0,0,0,0,0,0,0,0,0,0,0,0,0,0,0,0,0,0,0,0,0.00175014748402048,0,0,0,0,0,0,0,0,0,0,0,0,0,0,0,0,0.628183331111546,0,0,46.19110081,56.87200098,69.21820115,54.13510096,47.90740082,40.11640071,52.08500086,50.11860084,43.39020078,53.61240091,50.90130086,"HOW-00172"
"280",4241,"nSPC",2012,"PRIAs","Pacific Remote Island Areas","Howland","Howland",2012,"ForereefDeep","Howland","2012-03-11","Forereef","Deep",0.82207468,-176.6180428,17.75,40,0,2.5,25,32.5,0,0,0,NA,0.57125,0.333974187145722,1.25,2,1,55.7410998693802,24.4361999762495,27.5734028456764,35.6664803913243,143.41718308263,5.30975177237201,0,0,0,0,0,0,0,0,0,0,0,0,0,0,0,0.00282942121052258,0.0396118969473162,0,0,0.00282942121052258,0,0,0,0,0,0.0282942121052258,0,0.0169765272631355,0,0.00565884242104517,0,0,0,0,0,0,0,0,0,0,0,0,0,0,0,0,0,0,0,0,0,0,0,0,0,0,0.00282942121052258,0,0,0,0,0,0,0,0,0.00565884242104517,0,0,0,0,0,0,0,0,0.00282942121052258,0,0.00848826363156775,0,0,0,0,0,0,0,0,0.00565884242104517,0,0,0,0,0,0,0,0,0,0,0,0,0,0,0,0,0,0,0,0,0,0,0,0,0,0.113176848420903,0,0,0,0,0.00848826363156775,0,0,0,0.00282942121052258,0,0,0,0,0.0198059484736581,0.00848826363156775,0,0,0,0,0,0,0,0,0,0.0169765272631355,0,0,0,0,0,0,0,0,0,0,0,0,0,0,0,0,0,0,0,0,0,0,0,0,0,0,0,0,0,0,0,0,0,0,0,0.565884242104517,0,0,0,0,0,0,0,0.00565884242104517,0,0,0,0,0,0,0,0,0,0,0,0,0,0,0,0,0,0,0,0,0,0,0.0565884242104517,0,0,0,0,0.0226353696841807,0,0,0,0,0,0,0,0,0,0,0,0,0,0,0,0,0,0,0.00282942121052258,0,0.0113176848420903,0,0,0,0,0,0,0,0,0,0,0.00848826363156775,0,0,0,0,0,0,0,0.0141471060526129,0,0,0,0,0,0,0,0,0,0,0,0,0,0,0,0,0,0,0,0,0,0,0,0,0,0,0.00282942121052258,0,0,0,0,0,0,0,0,0,0,0,0,0,0,0,0,0,0,0,0,0,0,0,0.0141471060526129,0,0,0,0,0,0,0,0,0,0,0,0,0,0,0,0,0,0,0,0,0,0,0.00282942121052258,0,0,0.00848826363156775,0,0,0,0,0,0,0,0,0,0,0,0,0,0,0,0,0,0,0,0,0,0,0,0,0,0,0,0,0,0,0,0,0,0,0,0,0,0,0,0,0,0,0,0,0,0,0,0,0,0,0.00565884242104517,0,0,0,0,0,0,0,0,0,0,0,0,0,0,0,0,0.00282942121052258,0.00565884242104517,0,0,0,0,0,0.33953054526271,0,0,0,0,0,0,0,0,0,0.00848826363156775,0,0,0,0,0,0,0,0,0,0,0,0,0,0,0,0,0,0,0,0,0,0,0,0,0,0,0,0,0,0,0,0,0,0,0,0,0,0,0.00848826363156775,0,0,0,0,0,0.0141471060526129,0,0,0.00282942121052258,0,0,0,0,0,0,0,0,0,0,0,0,0,0,0,0,0,0,0,0,0.0565884242104517,0,0,0,0,0.0282942121052258,0,0,0,0,0,0,0,0,0,0,0,0,0,0,0,0.00565884242104517,0,0,0,0,0,0,0,0,0,0,0,2.82942121052258,0,0,0,0,0,0,0,0,0,0,0,0,0.0113176848420903,0.565884242104517,0,0,0,0,0,0,0,0,0,0,0,0,0,0,0,0,0,0,0,0.00282942121052258,0,0,0,0,0.0113176848420903,0,0,0,0,0,0,0,0,0.00848826363156775,0,0,0,0,0,0,0,0,0,0,0,0,0,0,0,0,0,0,0.00282942121052258,0,0,0,0,0,0,0,0,0,0,0,0,0,0,0,0,0,0.00282942121052258,0,0,0.0141471060526129,0,0.0226353696841807,0,0,0,0,0,0,0,0,0,0,0,0,0,0,0,0,0,0,0,0,0,0,0,0,0,0,0,0.0311236333157484,0,0,0,0,0,0,0,0,0,0,0,0,0,0,0,0,0,0,0,0,0,0,0,0,0,0,0,0,0,0,0,0,1.44913615896453,2.04211468214595,0,0,0.0892250699974238,0,0,0,0,0,0.327273492578726,0,17.1646636204352,0,2.27502892102095,0,0,0,0,0,0,0,0,0,0,0,0,0,0,0,0,0,0,0,0,0,0,0,0,0,0,0.652170271340614,0,0,0,0,0,0,0,0,0.219338941606029,0,0,0,0,0,0,0,0,5.04363242436361,0,2.30023942639601,0,0,0,0,0,0,0,0,0.249380539524563,0,0,0,0,0,0,0,0,0,0,0,0,0,0,0,0,0,0,0,0,0,0,0,0,0,18.2853907522268,0,0,0,0,13.3087797478938,0,0,0,0.0133986696144496,0,0,0,0,0.0488251510133918,1.98843205323436,0,0,0,0,0,0,0,0,0,1.51207892091528,0,0,0,0,0,0,0,0,0,0,0,0,0,0,0,0,0,0,0,0,0,0,0,0,0,0,0,0,0,0,0,0,0,0,0,1.157035215619,0,0,0,0,0,0,0,0.79881527712458,0,0,0,0,0,0,0,0,0,0,0,0,0,0,0,0,0,0,0,0,0,0,0.0394194963050006,0,0,0,0,0.0135947248016615,0,0,0,0,0,0,0,0,0,0,0,0,0,0,0,0,0,0,8.87066767005006,0,0.166334353898825,0,0,0,0,0,0,0,0,0,0,1.78166826139707,0,0,0,0,0,0,0,0.0458715685944676,0,0,0,0,0,0,0,0,0,0,0,0,0,0,0,0,0,0,0,0,0,0,0,0,0,0,1.78611508922445,0,0,0,0,0,0,0,0,0,0,0,0,0,0,0,0,0,0,0,0,0,0,0,0.785950201300996,0,0,0,0,0,0,0,0,0,0,0,0,0,0,0,0,0,0,0,0,0,0,0.0728183419519697,0,0,0.100626101815267,0,0,0,0,0,0,0,0,0,0,0,0,0,0,0,0,0,0,0,0,0,0,0,0,0,0,0,0,0,0,0,0,0,0,0,0,0,0,0,0,0,0,0,0,0,0,0,0,0,0,11.3161798058415,0,0,0,0,0,0,0,0,0,0,0,0,0,0,0,0,0.387383452121338,0.949279445308405,0,0,0,0,0,7.10778575966938,0,0,0,0,0,0,0,0,0,0.445639353679343,0,0,0,0,0,0,0,0,0,0,0,0,0,0,0,0,0,0,0,0,0,0,0,0,0,0,0,0,0,0,0,0,0,0,0,0,0,0,0.0967803640955897,0,0,0,0,0,0.513022305081383,0,0,1.2957164536957,0,0,0,0,0,0,0,0,0,0,0,0,0,0,0,0,0,0,0,0,0.507074444159062,0,0,0,0,0.0668154817603593,0,0,0,0,0,0,0,0,0,0,0,0,0,0,0,3.43112932045777,0,0,0,0,0,0,0,0,0,0,0,1.83155508510153,0,0,0,0,0,0,0,0,0,0,0,0,0.135595672819319,0.453900676257062,0,0,0,0,0,0,0,0,0,0,0,0,0,0,0,0,0,0,0,1.22018789703786,0,0,0,0,1.31212144744509,0,0,0,0,0,0,0,0,1.61323524684488,0,0,0,0,0,0,0,0,0,0,0,0,0,0,0,0,0,0,5.30975177237201,0,0,0,0,0,0,0,0,0,0,0,0,0,0,0,0,0,1.16772029347097,0,0,21.2215724613569,0,0.174476173392459,0,0,0,0,0,0,0,0,0,0,0,0,0,0,0,0,0,0,0,0,0,0,0,0,0,0,0,0.272235025307399,0,0,0,0,0,0,0,0,0,0,0,0,0,0,0,0,0,115.846902,126.2191022,132.6319023,128.5868022,118.6106021,139.6999025,124.1460021,121.7882021,140.5854024,129.0484022,134.7645023,"HOW-00191"
"281",4243,"nSPC",2012,"PRIAs","Pacific Remote Island Areas","Howland","Howland",2012,"ForereefMid","Howland","2012-03-11","Forereef","Mid",0.81057597,-176.62259552,12,45,0,5,30,12.5,2.5,0,5,NA,0.5875,0.431178353268235,1.75,2,1,56.8024332613348,48.523925413433,16.9487643718147,7.60223591350281,129.877358960085,0.951487946606965,0,0,0,0,0,0,0,0,0,0,0,0,0,0,0,0,0.00848826363156775,0,0,0,0,0,0,0,0,0,0,0,0,0.00282942121052258,0,0,0,0,0,0,0,0,0,0,0,0,0,0,0,0,0,0,0,0,0,0,0.0198059484736581,0,0,0,0.0113176848420903,0.00282942121052258,0,0,0,0,0,0,0.00565884242104517,0,0,0,0,0,0,0,0,0,0,0,0.00565884242104517,0,0,0,0,0,0,0,0,0.00282942121052258,0,0,0,0,0,0,0,0,0,0,0,0,0,0,0.00282942121052258,0,0,0,0,0,0,0,0,0,0,0.0254647908947033,0,0,0,0,0.0141471060526129,0,0,0,0.00282942121052258,0,0,0,0,0.0254647908947033,0.0254647908947033,0,0,0,0,0,0,0,0,0,0.0113176848420903,0,0.113176848420903,0,0,0,0,0,0,0,0,0,0,0,0,0,0,0,0,0,0,0,0,0,0,0,0,0,0,0,0,0,0,0,0,0.00565884242104517,0.0452707393683613,0,0,0.0141471060526129,0,0,0,0,0,0,0,0,0,0,0,0,0,0,0,0,0,0,0,0,0,0,0,0,0,0,0,0,0,0,0,0,0.0141471060526129,0,0,0,0,0,0,0,0,0,0,0,0,0,0,0,0,0.00282942121052258,0,0,0,0,0,0,0,0,0,0,0,0.0169765272631355,0,0,0.0113176848420903,0,0.00565884242104517,0,0,0,0,0,0,0,0,0,0,0,0,0,0,0,0,0,0,0,0,0,0,0,0,0,0,0,0,0,0,0,0,0,0,0,0,0,0,0,0,0,0,0,0,0,0,0,0,0,0,0,0,0,0,0,0,0.00565884242104517,0,0.00282942121052258,0,0,0,0,0,0,0,0,0,0,0,0,0,0,0,0,0,0.00282942121052258,0,0,0,0,0,0.00565884242104517,0,0,0,0,0,0,0,0,0,0,0,0,0,0,0,0,0,0,0,0,0,0,0,0,0,0,0,0,0,0,0,0,0,0.00848826363156775,0,0,0,0.00282942121052258,0,0,0,0,0,0,0,0,2.82942121052258,0,0,0,0.00848826363156775,0,0,0,0,0,7.07355302630646,0,0,0,0,0,0,0,0,0,0,0.00282942121052258,0.0226353696841807,0,0,0,0,0,0,0,0,0.00565884242104517,0,0,0,0,0,0,0.00565884242104517,0,0,0,0,0,0,0,0.0141471060526129,0,0,0,0,0,0,0,0,0,0,0,0,0,0,0,0,0,0,0,0,0,0,0,0,0,0,0,0,0,0,0.0113176848420903,0,0,0,0,0,0.00282942121052258,0,0,0.00848826363156775,0,0,0,0,0,0,0,0,0,0,0,0,0,0,0,0,0,0,0,0,0.0141471060526129,0,0,0,0,0.0481001605788839,0,0,0,0,0,0,0,0,0,0,0,0,0,0,0,0,0,0,0,0,0,0,0,0,0,0,0,8.48826363156775,0,0,0,0,0,0,0,0,0,0,0,0,0.0141471060526129,0,0,0,0,0,0,0,0,0,0,0,0,0,0,0,0.311236333157484,0,0,0,0,0,0,0,0,0,0,0,0,0,0,0,0,0,0,0.00282942121052258,0,0,0,0,0,0,0,0,0,0,0,0,0,0,0,0,0,0,0,0,0,0,0,0.00282942121052258,0,0,0,0,0,0,0,0,0,0,0,0,0,0,0,0,0,0.0169765272631355,0,0,0,0,0,0,0,0,0,0,0,0,0,0,0,0,0,0,0,0.00565884242104517,0,0,0,0,0,0,0,0.00282942121052258,0,0,0,0,0,0,0,0,0,0,0,0,0.00282942121052258,0,0.0113176848420903,0,0,0,0,0,0,0,0,0,0,0,0,0,0,0,0,0,0,0.185997738445065,0,0,0,0,0,0,0,0,0,0,0,0,1.13751446051048,0,0,0,0,0,0,0,0,0,0,0,0,0,0,0,0,0,0,0,0,0,0,0.105758136297052,0,0,0,1.9130466600964,0.302549411351547,0,0,0,0,0,0,21.0116547417281,0,0,0,0,0,0,0,0,0,0,0,0.722926695256528,0,0,0,0,0,0,0,0,0.0980785542552974,0,0,0,0,0,0,0,0,0,0,0,0,0,0,1.83063759867673,0,0,0,0,0,0,0,0,0,0,2.99556625263734,0,0,0,0,10.8459065474839,0,0,0,0.0299797268438283,0,0,0,0,0.141772930572066,7.60561804147917,0,0,0,0,0,0,0,0,0,0.924223940035462,0,0.186877612112596,0,0,0,0,0,0,0,0,0,0,0,0,0,0,0,0,0,0,0,0,0,0,0,0,0,0,0,0,0,0,0,0,0.666401551833678,0.270972537563264,0,0,1.10619393658129,0,0,0,0,0,0,0,0,0,0,0,0,0,0,0,0,0,0,0,0,0,0,0,0,0,0,0,0,0,0,0,0,0.0685270888103209,0,0,0,0,0,0,0,0,0,0,0,0,0,0,0,0,0.00214462450414181,0,0,0,0,0,0,0,0,0,0,0,1.31170092104491,0,0,0.678040828411778,0,0.0853780960697963,0,0,0,0,0,0,0,0,0,0,0,0,0,0,0,0,0,0,0,0,0,0,0,0,0,0,0,0,0,0,0,0,0,0,0,0,0,0,0,0,0,0,0,0,0,0,0,0,0,0,0,0,0,0,0,0,0.142880781652415,0,1.88570153473622,0,0,0,0,0,0,0,0,0,0,0,0,0,0,0,0,0,0.436945891658084,0,0,0,0,0,0.0842941167038888,0,0,0,0,0,0,0,0,0,0,0,0,0,0,0,0,0,0,0,0,0,0,0,0,0,0,0,0,0,0,0,0,0,0.00437711960045545,0,0,0,0.0119901315272546,0,0,0,0,0,0,0,0,4.62637247421942,0,0,0,11.3004574178024,0,0,0,0,0,5.49466525530459,0,0,0,0,0,0,0,0,0,0,0.690217876139193,5.77252482454189,0,0,0,0,0,0,0,0,2.0660289197654,0,0,0,0,0,0,0.801173930582556,0,0,0,0,0,0,0,6.75131581175395,0,0,0,0,0,0,0,0,0,0,0,0,0,0,0,0,0,0,0,0,0,0,0,0,0,0,0,0,0,0,0.131559144238519,0,0,0,0,0,0.178309917462687,0,0,0.506678092141793,0,0,0,0,0,0,0,0,0,0,0,0,0,0,0,0,0,0,0,0,0.0390191520757336,0,0,0,0,0.399121127812298,0,0,0,0,0,0,0,0,0,0,0,0,0,0,0,0,0,0,0,0,0,0,0,0,0,0,0,9.53765351723242,0,0,0,0,0,0,0,0,0,0,0,0,0.175724117163342,0,0,0,0,0,0,0,0,0,0,0,0,0,0,0,21.6684998681209,0,0,0,0,0,0,0,0,0,0,0,0,0,0,0,0,0,0,0.805558288121222,0,0,0,0,0,0,0,0,0,0,0,0,0,0,0,0,0,0,0,0,0,0,0,0.951487946606965,0,0,0,0,0,0,0,0,0,0,0,0,0,0,0,0,0,0.482585514953289,0,0,0,0,0,0,0,0,0,0,0,0,0,0,0,0,0,0,0,0.0116119446479847,0,0,0,0,0,0,0,0.0523468388737573,0,0,0,0,0,0,0,0,0,0,0,0,0.0849533639789772,0,0.555835408066978,0,0,47.72810084,59.70420104,72.57240122,56.836901,49.28800085,43.16420076,54.85130093,54.25530092,45.13630081,54.28690091,53.22020091,"HOW-00168"
"282",4244,"nSPC",2012,"PRIAs","Pacific Remote Island Areas","Howland","Howland",2012,"ForereefShallow","Howland","2012-03-11","Forereef","Shallow",0.79875103,-176.62024439,2.65,45,0,3,22.5,29.5,0,0,0,NA,0.465,0.38507205874852,1.9,2,1,10.3506466613726,3.41769986453327,11.6938291824689,117.509197009159,142.971372717534,0,0,0,0,0,0,0,0,0,0,0,0,0,0.00565884242104517,0,0,0,0.0169765272631355,0,0,0.00282942121052258,0,0,0,0,0,0,0,0,0.00282942121052258,0,0,0,0,0,0,0,0,0,0,0,0.00282942121052258,0,0,0,0,0,0,0,0,0,0,0,0,0,0,0,0.00565884242104517,0,0,0,0,0,0,0,0,0,0,0,0,0,0,0,0,0,0,0,0.0113176848420903,0,0,0,0,0,0,0,0,0,0,0,0,0,0,0,0,0,0,0,0,0,0,0,0.00282942121052258,0,0,0,0,0,0,0,0,0,0,0,0,0,0,0,0.0113176848420903,0,0,0,0.00848826363156775,0,0,0,0,0,0,0,0,0,0,0,0,0,0,0,0.0141471060526129,0,0,0,0,0,0,0,0,0,0,0,0,0,0,0,0,0,0,0,0,0,0,0,0,0,0,0,0,0,0,0,0,0,0,0,0.00282942121052258,0,0,0,0,0,0,0,0,0,0,0,0,0,0,0,0,0,0,0,0,0,0,0,0,0,0,0,0,0,0,0.990297423682904,0,0,0,0,0,0,0,0,0,0,0,0,0,0,0.00282942121052258,0,0,0.0367824757367936,0,0,0,0,0,0,0,0,0,0,0,0,0,0,0,0,0,0,0.0311236333157484,0,0,0,0,0,0,0,0,0,0,0,0,0,0,0,0,0,0,0,0,0,0,0,0,0,0,0,0,0,0.00282942121052258,0,0,0,0,0,0,0,0,0,0,0,0,0,0,0,0,0,0,0,0,0,0,0,0,0,0,0,0,0.00282942121052258,0,0,0,0,0,0,0,0,0,0,0,0,0,0,0,0,0,0,0,0,0,0,0,0,0,0,0,0,0,0,0,0,0,0,0,0,0,0,0,0,0,0,0,0,0,0,0,0,0,0,0,0,0,0,0,0,0,0,0.00282942121052258,0.00282942121052258,0,0,0,0.0113176848420903,0,0,0,0,0,0,0,0,0,0,0,0,0,0,0,0,0,0.00282942121052258,0,0,0,0,0,0,0,0,0,0,0,0.00565884242104517,0.0198059484736581,0,0,0,0,0,0,0,0,0.0141471060526129,0,0,0,0,0,0,0,0,0,0,0,0,0,0,0,0,0,0,0,0,0,0,0,0,0,0,0,0,0,0,0,0,0,0,0,0,0,0,0,0,0,0,0,0,0,0.138641639315607,0,0,0,0,0,0.00282942121052258,0.00565884242104517,0,0.0113176848420903,0,0,0,0,0,0,0,0,0,0,0,0,0,0,0,0,0,0,0,0,0.198059484736581,0,0,0,0,0,0,0,0,0,0,0,0,0,0,0.00282942121052258,0,0,0,0,0,0,0,0,0,0,0,0,0,0,0,0,0,1.04688584789336,0,0,0,0,0,0,0,0.00282942121052258,0,0,0,0,0,0,0,0,0,0,0,0,0,0,0,0,0,0,0,0,0,0,0,0,0,0,0,0,0,0,0,0,0,0,0,0,0,0,0,0.00282942121052258,0,0,0,0,0,0,0,0,0,0,0,0,0,0,0,0,0,0,0,0,0,0,0,0,0,0,0,0,0,0,0,0,0,0,0,0,0,0,0,0,0,0.0481001605788839,0,0,0.0141471060526129,0,0,0,0,0,0,0,0,0,0,0,0,0,0,0,0,0.00565884242104517,0,0,0,0,0,0,0,0.067906109052542,0,0,0,0,0,0,0,0,0,0,0,0,0.0113176848420903,0,0,0,0,0,0,0,0,0,0,0,0,0,0,0,0,0.624880647874173,0,0,0,2.05184413878039,0,0,0.0521695270510032,0,0,0,0,0,0,0,0,108.072514779456,0,0,0,0,0,0,0,0,0,0,0,0.125874227040159,0,0,0,0,0,0,0,0,0,0,0,0,0,0,0,2.07591097439529,0,0,0,0,0,0,0,0,0,0,0,0,0,0,0,0,0,0,0,1.20256171734809,0,0,0,0,0,0,0,0,0,0,0,0,0,0,0,0,0,0,0,0,0,0,0,2.35104866209449,0,0,0,0,0,0,0,0,0,0,0,0,0,0,0,3.34585132527271,0,0,0,0.0241276505837816,0,0,0,0,0,0,0,0,0,0,0,0,0,0,0,1.36875805750383,0,0,0,0,0,0,0,0,0,0,0,0,0,0,0,0,0,0,0,0,0,0,0,0,0,0,0,0,0,0,0,0,0,0,0,0.00912488340393533,0,0,0,0,0,0,0,0,0,0,0,0,0,0,0,0,0,0,0,0,0,0,0,0,0,0,0,0,0,0,0.689841185337511,0,0,0,0,0,0,0,0,0,0,0,0,0,0,0.0605496139051833,0,0,0.0622030223877886,0,0,0,0,0,0,0,0,0,0,0,0,0,0,0,0,0,0,4.13844333531054,0,0,0,0,0,0,0,0,0,0,0,0,0,0,0,0,0,0,0,0,0,0,0,0,0,0,0,0,0,0.581097650356054,0,0,0,0,0,0,0,0,0,0,0,0,0,0,0,0,0,0,0,0,0,0,0,0,0,0,0,0,0.0347730779455959,0,0,0,0,0,0,0,0,0,0,0,0,0,0,0,0,0,0,0,0,0,0,0,0,0,0,0,0,0,0,0,0,0,0,0,0,0,0,0,0,0,0,0,0,0,0,0,0,0,0,0,0,0,0,0,0,0,0,0.0243290750675526,0.0136985311808475,0,0,0,0.0150334745963384,0,0,0,0,0,0,0,0,0,0,0,0,0,0,0,0,0,2.06347697068061,0,0,0,0,0,0,0,0,0,0,0,0.86202317477554,4.22751498051809,0,0,0,0,0,0,0,0,1.12009938601095,0,0,0,0,0,0,0,0,0,0,0,0,0,0,0,0,0,0,0,0,0,0,0,0,0,0,0,0,0,0,0,0,0,0,0,0,0,0,0,0,0,0,0,0,0,0.604663658891121,0,0,0,0,0,0.0448203933684347,0.870731289795625,0,1.40109379407631,0,0,0,0,0,0,0,0,0,0,0,0,0,0,0,0,0,0,0,0,0.917589436899586,0,0,0,0,0,0,0,0,0,0,0,0,0,0,0.00162864000935487,0,0,0,0,0,0,0,0,0,0,0,0,0,0,0,0,0,0.665058002012423,0,0,0,0,0,0,0,0.0162072076359944,0,0,0,0,0,0,0,0,0,0,0,0,0,0,0,0,0,0,0,0,0,0,0,0,0,0,0,0,0,0,0,0,0,0,0,0,0,0,0,1.03450713009732,0,0,0,0,0,0,0,0,0,0,0,0,0,0,0,0,0,0,0,0,0,0,0,0,0,0,0,0,0,0,0,0,0,0,0,0,0,0,0,0,0,0.459174077753541,0,0,0.0534718022095792,0,0,0,0,0,0,0,0,0,0,0,0,0,0,0,0,0.0715532329929056,0,0,0,0,0,0,0,0.300669859646788,0,0,0,0,0,0,0,0,0,0,0,0,1.33245412326917,0,0,0,0,49.67840085,56.96240098,72.80380122,54.89030097,49.67950086,40.82450072,52.31410087,53.9040009,43.56420078,55.38210094,49.97240085,"HOW-00151"
"283",4249,"nSPC",2012,"PRIAs","Pacific Remote Island Areas","Howland","Howland",2012,"ForereefMid","Howland","2012-03-11","Forereef","Mid",0.82164084,-176.61945331,12.6,25,0,3.5,20,47,4.5,0,0,NA,0.7125,0.298695078633713,1.5,2,1,17.286056605484,1845.78204984958,34.2582739171727,23.0617354423673,1920.38811581461,12.3580806598658,0,0,0,0,0,0,0,0,0,0,0,0,0,0,0,0,0.0537590029999291,0,0,0,0,0.00565884242104517,0,0,0,0,0,0,0,0,0,0,0,0,0,0,0,0,0,0,0,0,0,0,0,0,0,0.00282942121052258,0,0,0,0,0,0,0,0,0.00282942121052258,0,0,0,0,0,0,0,0,0.00565884242104517,0,0.00282942121052258,0,0,0,0,0,0,0,0,0.00565884242104517,0,0,0,0,0,0,0,0,0,0,0,0,0,0,0,0,0,0,0,0,0,0,0,0.00565884242104517,0,0,0,0,0,0,0,0,0,0,0,0,0,0,0,0.00282942121052258,0,0,0,0.00565884242104517,0,0,0,0,0.00282942121052258,0,0,0,0,0,0,0,0,0,0,0.0141471060526129,0,0,0,0,0,0,0,0.00565884242104517,0,0,0,0,0,0,0,0,0,0,0,0,0,0,0,0,0,0,0,0,0,0,0,0,0,0,0,0.113176848420903,0,0,0.00565884242104517,0,0,0,0,0,0,0,0,0,0,0,0,0,0,0,0,0,0,0,0,0,0,0,0,0,0,0,0.367824757367936,0,0,0,0,0,0,0,0,0,0,0,0,0,0,0,0,0,0,0,0,0,0,0,0.00282942121052258,0,0.0169765272631355,0,0,0,0,0,0,0,0,0,0,0.0282942121052258,0,0,0,0,0,0,0,0,0,0,0,0,0,0,0,0,0,0,0,0,0,0,0,0,0,0,0,0,0,0,0,0,0,0,0,0,0,0,0,0,0,0,0,0,0,0,0,0,0,0,0,0,0,0,0,0,0,0,0.00848826363156775,0,0,0,0,0,0,0,0,0,0,0,0,0,0,0,0,0,0,0,0.00282942121052258,0,0,0,0,0,0.00565884242104517,0,0,0,0,0,0,0,0,0.00565884242104517,0,0,0,0,0,0,0,0,0,0,0,0,0,0,0,0,0,0,0,0,0,0,0,0,0.00282942121052258,0,0,0,0,0,0,0,0,0,0,0,0,0,0,0,0,0.00565884242104517,0,0,0,0.00282942121052258,0,2.26353696841807,0.00848826363156775,0,0,0,0,0,0,0,0,0,0,0.0169765272631355,0,0,0,0,0,0,0,0,0.0820532151051549,0,0,0,0,0,0,0,0,0,0,0,0,0,0,0,0,0,0,0,0,0,0.00282942121052258,0,0,0,0,0,0,0,0,0,0,0,0,0,0,0,0,0,0,0,0,0,0,0,0,0,0,0,0,0,0,0.00848826363156775,0,0,0,0,0,0,0,0,0,0,0,0,0,0,0,0.00282942121052258,0,0,0,0,0,0,0.169765272631355,0,0,0,0,0,0,0,0,0,0,0,0,0,0,0,0,0,0,0,0,0,0,0,0,0,0,0,0,0,0,0,0,2.26353696841807,0,0,0,0,0,0,0,0,0,0,0,0.00282942121052258,0,0.848826363156775,0,0,0,0,0,0,0,0,0,0,0,0,0,0,0,0,0,0,0,0.00282942121052258,0,0,0,0,0.0113176848420903,0,0,0,0,0,0,0,0,0.0113176848420903,0,0,0,0,0,0,0,0,0.00282942121052258,0,0,0,0,0,0,0,0,0,0.00282942121052258,0,0,0,0,0.00282942121052258,0,0,0,0,0,0,0,0,0,0,0,0,0,0,0,0,0,0.0763943726841098,0,0,0,0,0,0,0,0,0,0,0.00282942121052258,0,0,0,0,0,0,0,0,0.0396118969473162,0,0,0,0,0,0,0,0.0141471060526129,0,0,0,0,0,0,0,0,0,0,0,0,0.00565884242104517,0,0,0,0,0,0,0,0,0,0,0,0,0,0,0,0,0,0,0,0,7.80215225861481,0,0,0,0,0.936905922496467,0,0,0,0,0,0,0,0,0,0,0,0,0,0,0,0,0,0,0,0,0,0,0,0,0,0.123162922973705,0,0,0,0,0,0,0,0,0.802140913183153,0,0,0,0,0,0,0,0,0.369628212243619,0,1.74571747514799,0,0,0,0,0,0,0,0,0.49657394520465,0,0,0,0,0,0,0,0,0,0,0,0,0,0,0,0,0,0,0,0,0,0,0,3.87983284794572,0,0,0,0,0,0,0,0,0,0,0,0,0,0,0,2.34372652492547,0,0,0,0.149273584612094,0,0,0,0,0.0299797268438283,0,0,0,0,0,0,0,0,0,0,1.23695407981697,0,0,0,0,0,0,0,0.583555502051457,0,0,0,0,0,0,0,0,0,0,0,0,0,0,0,0,0,0,0,0,0,0,0,0,0,0,0,0.426314552631859,0,0,0.54947018315172,0,0,0,0,0,0,0,0,0,0,0,0,0,0,0,0,0,0,0,0,0,0,0,0,0,0,0,0.740940532399549,0,0,0,0,0,0,0,0,0,0,0,0,0,0,0,0,0,0,0,0,0,0,0,0.56674907181873,0,0.358441252760709,0,0,0,0,0,0,0,0,0,0,6.38210835283924,0,0,0,0,0,0,0,0,0,0,0,0,0,0,0,0,0,0,0,0,0,0,0,0,0,0,0,0,0,0,0,0,0,0,0,0,0,0,0,0,0,0,0,0,0,0,0,0,0,0,0,0,0,0,0,0,0,0,0.756062035346646,0,0,0,0,0,0,0,0,0,0,0,0,0,0,0,0,0,0,0,0.198307920911827,0,0,0,0,0,0.130053780057428,0,0,0,0,0,0,0,0,1.8215270504472,0,0,0,0,0,0,0,0,0,0,0,0,0,0,0,0,0,0,0,0,0,0,0,0,0.0200421460218674,0,0,0,0,0,0,0,0,0,0,0,0,0,0,0,0,8.89321804921907,0,0,0,1.85880562129898,0,3.70109797937554,1821.29843321339,0,0,0,0,0,0,0,0,0,0,4.53463099931244,0,0,0,0,0,0,0,0,9.20432372965467,0,0,0,0,0,0,0,0,0,0,0,0,0,0,0,0,0,0,0,0,0,2.50805857274212,0,0,0,0,0,0,0,0,0,0,0,0,0,0,0,0,0,0,0,0,0,0,0,0,0,0,0,0,0,0,2.15121141704033,0,0,0,0,0,0,0,0,0,0,0,0,0,0,0,0.301050416799603,0,0,0,0,0,0,4.59424553557744,0,0,0,0,0,0,0,0,0,0,0,0,0,0,0,0,0,0,0,0,0,0,0,0,0,0,0,0,0,0,0,0,6.06719580783263,0,0,0,0,0,0,0,0,0,0,0,0.326238805641032,0,1.32086236933096,0,0,0,0,0,0,0,0,0,0,0,0,0,0,0,0,0,0,0,1.22018789703786,0,0,0,0,1.06572816457033,0,0,0,0,0,0,0,0,2.6235100819268,0,0,0,0,0,0,0,0,7.01857580912521,0,0,0,0,0,0,0,0,0,3.6816375113039,0,0,0,0,1.65786733943665,0,0,0,0,0,0,0,0,0,0,0,0,0,0,0,0,0,2.06514241258807,0,0,0,0,0,0,0,0,0,0,0.44206816681037,0,0,0,0,0,0,0,0,0.213772675429218,0,0,0,0,0,0,0,0.662614230912894,0,0,0,0,0,0,0,0,0,0,0,0,0.528018213807278,0,0,0,0,115.445502,125.7919022,131.5706023,127.4192022,118.0887021,140.1452025,123.1737021,120.5547021,140.6892024,128.8681022,135.0256023,"HOW-00179"
"284",4250,"nSPC",2012,"PRIAs","Pacific Remote Island Areas","Howland","Howland",2012,"ForereefDeep","Howland","2012-03-12","Forereef","Deep",0.81934595,-176.61541658,23.05,22.5,0,5,25,46.5,1,0,0,NA,0.51,0.393255642044714,1.25,2,1,36.6012893857728,105.954736559746,12.7720111746267,12.4178879114221,167.745925031568,1.2028053146332,0,0,0,0,0,0,0,0,0,0,0,0,0,0,0,0,0.0452707393683613,0,0,0,0,0,0.00565884242104517,0,0,0,0,0,0,0.00565884242104517,0.00282942121052258,0,0,0,0,0,0,0,0,0,0,0,0,0,0,0,0,0,0,0,0,0,0,0,0,0,0.0113176848420903,0,0,0,0,0,0,0,0,0.00282942121052258,0,0,0,0,0,0,0,0,0,0,0.00282942121052258,0,0,0,0,0,0,0,0,0,0,0,0,0,0,0,0,0,0,0,0,0,0,0,0,0,0,0,0,0,0,0,0,0,0,0,0,0,0,0,0,0,0,0,0.0254647908947033,0,0,0,0,0.124494533262994,0.0169765272631355,0,0,0,0,0,0,0,0,0,0.0113176848420903,0,0,0,0,0,0,0,0,0,0,0,0,0,0,0,0,0,0,0,0,0,0,0,0,0,0,0,0,0,0,0,0,0,0,0,0.121665112052471,0,0,0.0113176848420903,0,0,0,0,0,0,0,0,0,0,0,0,0,0,0,0,0,0,0,0,0,0,0,0,0,0,0,0,0,0,0,0,0.0396118969473162,0,0,0,0,0,0,0,0,0.00848826363156775,0,0,0,0,0,0,0,0,0,0,0,0.0198059484736581,0,0,0,0,0,0,0,0.00565884242104517,0,0,0.0282942121052258,0,0,0,0,0,0,0,0,0,0,0.0113176848420903,0,0,0,0,0,0,0,0,0,0,0,0,0,0,0,0,0,0.00565884242104517,0,0,0,0,0,0.00282942121052258,0,0,0,0,0,0,0,0,0,0,0,0,0,0.00282942121052258,0,0,0,0,0,0,0,0,0,0.00565884242104517,0,0.00282942121052258,0,0,0,0,0.00848826363156775,0,0,0,0,0,0,0,0,0,0,0,0,0,0,0,0,0,0,0.0113176848420903,0,0,0,0,0,0,0,0,0.00282942121052258,0,0,0,0,0,0,0,0,0,0,0,0,0,0,0,0,0,0,0,0,0,0,0,0.00565884242104517,0.00282942121052258,0,0,0,0,0,0,0,0,0,0,0,0,0,0,0,0,0.0113176848420903,0,0,0,0,0,6.22472666314968,0,0,0,0,0,0,0,0,0,0,0,0.00848826363156775,0,0,0,0,0,0,0,0,0.0594178454209743,0,0,0,0,0,0,0,0,0,0,0,0,0,0,0.00848826363156775,0,0,0,0,0,0,0,0,0,0,0,0,0,0,0,0,0,0,0,0,0,0,0,0,0,0,0,0,0,0,0,0,0,0,0,0,0.0198059484736581,0.00565884242104517,0,0.00565884242104517,0,0.00565884242104517,0,0,0,0,0,0,0,0,0,0,0,0,0,0,0,0,0,0,0.0735649514735872,0,0,0,0,0,0,0,0,0,0,0,0,0,0,0,0,0,0,0,0,0,0,0,0,0,0,0,0,0,0,0,0,4.24413181578388,0,0,0,0,0,0,0,0,0.00282942121052258,0,0,0,0.0254647908947033,0,0,0,0,0.00282942121052258,0,0,0,0,0,0,0,0,0,0,1.98059484736581,0,0,0,0,0,0,0,0,0,0.0367824757367936,0,0,0,0,0,0,0,0,0.033953054526271,0,0,0,0,0,0,0,0,0,0,0,0,0,0,0,0,0,0,0,0,0,0,0,0.00282942121052258,0,0,0,0,0,0,0,0,0,0,0,0,0,0,0,0,0,0.00282942121052258,0,0,0,0,0,0,0,0,0,0,0,0,0,0,0,0,0,0,0,0.0113176848420903,0,0,0,0,0,0,0,0,0,0,0,0,0,0,0.00282942121052258,0,0,0,0,0,0,0,0,0,0,0,0,0,0,0,0,0,0,0,0,0,0,0,0,0,0,2.5805912662215,0,0,0,0,0,0.500434070662708,0,0,0,0,0,0,1.47034588219355,0.567228217179515,0,0,0,0,0,0,0,0,0,0,0,0,0,0,0,0,0,0,0,0,0,0,0,0,0,2.23274437738395,0,0,0,0,0,0,0,0,0.302549411351547,0,0,0,0,0,0,0,0,0,0,0.312297147030625,0,0,0,0,0,0,0,0,0,0,0,0,0,0,0,0,0,0,0,0,0,0,0,0,0,0,0,0,0,0,0,0,0,0,0,0,0,0,0,0,0,0,0,0.142279165899421,0,0,0,0,0.240383260167515,2.67573063822181,0,0,0,0,0,0,0,0,0,0.918619044106446,0,0,0,0,0,0,0,0,0,0,0,0,0,0,0,0,0,0,0,0,0,0,0,0,0,0,0,0,0,0,0,0,0,0,0,0.214909253929485,0,0,0.563977323707424,0,0,0,0,0,0,0,0,0,0,0,0,0,0,0,0,0,0,0,0,0,0,0,0,0,0,0,0,0,0,0,0,0.318260158061094,0,0,0,0,0,0,0,0,0.0218118479185897,0,0,0,0,0,0,0,0,0,0,0,0.260133682149565,0,0,0,0,0,0,0,0.108680894979282,0,0,3.82140021913033,0,0,0,0,0,0,0,0,0,0,0.0948964378323551,0,0,0,0,0,0,0,0,0,0,0,0,0,0,0,0,0,1.33723593913704,0,0,0,0,0,1.49438363836957,0,0,0,0,0,0,0,0,0,0,0,0,0,0.0611154981472878,0,0,0,0,0,0,0,0,0,0.149020975964207,0,1.18634449916377,0,0,0,0,0.830602081781876,0,0,0,0,0,0,0,0,0,0,0,0,0,0,0,0,0,0,0.0707092166458067,0,0,0,0,0,0,0,0,0.132763233808625,0,0,0,0,0,0,0,0,0,0,0,0,0,0,0,0,0,0,0,0,0,0,0,0.0321801926803138,0.0054076140822457,0,0,0,0,0,0,0,0,0,0,0,0,0,0,0,0,21.4498596732783,0,0,0,0,0,1.61176847488935,0,0,0,0,0,0,0,0,0,0,0,1.42391916796261,0,0,0,0,0,0,0,0,5.87773685689839,0,0,0,0,0,0,0,0,0,0,0,0,0,0,2.70951023382754,0,0,0,0,0,0,0,0,0,0,0,0,0,0,0,0,0,0,0,0,0,0,0,0,0,0,0,0,0,0,0,0,0,0,0,0,0.3316661570071,0.356619834925374,0,1.52267224022349,0,0.341491370098943,0,0,0,0,0,0,0,0,0,0,0,0,0,0,0,0,0,0,0.693818291181933,0,0,0,0,0,0,0,0,0,0,0,0,0,0,0,0,0,0,0,0,0,0,0,0,0,0,0,0,0,0,0,0,3.43246990022731,0,0,0,0,0,0,0,0,0.16026107524956,0,0,0,0.128412757864742,0,0,0,0,0.00627676278629307,0,0,0,0,0,0,0,0,0,0,94.3618764320187,0,0,0,0,0,0,0,0,0,2.5524018402382,0,0,0,0,0,0,0,0,4.53335921311319,0,0,0,0,0,0,0,0,0,0,0,0,0,0,0,0,0,0,0,0,0,0,0,1.2028053146332,0,0,0,0,0,0,0,0,0,0,0,0,0,0,0,0,0,0.0420075811426215,0,0,0,0,0,0,0,0,0,0,0,0,0,0,0,0,0,0,0,0.0428190458894435,0,0,0,0,0,0,0,0,0,0,0,0,0,0,2.31713762020398,0,0,0,0,0,0,0,0,0,0,115.715002,126.2435022,130.8891023,129.0461022,118.7817021,139.0849024,123.7411021,122.7519021,139.9256023,128.6910022,133.9454023,"HOW-00185"
"285",4251,"nSPC",2012,"PRIAs","Pacific Remote Island Areas","Howland","Howland",2012,"ForereefMid","Howland","2012-03-12","Forereef","Mid",0.82142953,-176.61793484,15.9,22.5,0,7.5,27.5,42.5,0,0,0,NA,0.37625,0.265888576047905,0.9,2,1,36.1504183601986,12.4401613183779,21.9111652034202,16.0406488531878,86.5423937351845,0,0,0,0,0,0,0,0,0,0,0,0,0,0,0,0,0,0.0565884242104517,0,0,0,0,0,0,0,0,0,0,0.00848826363156775,0,0.00565884242104517,0,0,0,0,0,0,0,0,0,0,0,0.00282942121052258,0,0,0,0,0,0,0,0,0,0,0,0,0,0,0.00565884242104517,0,0,0,0,0,0,0,0,0.0141471060526129,0,0,0,0,0,0,0,0,0,0,0.00565884242104517,0,0,0,0,0,0,0,0,0,0,0,0,0,0,0,0,0,0,0,0,0,0,0,0.00282942121052258,0,0,0,0,0,0,0,0,0,0,0,0,0,0,0,0.00282942121052258,0,0,0,0.0282942121052258,0,0,0,0,0.0594178454209743,0.00282942121052258,0,0,0,0,0,0,0,0,0,0.0565884242104517,0,0,0,0,0,0,0,0,0,0,0,0,0,0,0,0,0,0,0,0,0,0,0,0,0,0,0,0,0,0,0,0,0,0,0.0169765272631355,0.282942121052258,0,0,0.00565884242104517,0,0,0,0,0,0,0,0,0,0,0,0.00565884242104517,0,0,0,0,0,0,0,0,0,0.00282942121052258,0,0,0,0,0,0.905414787367227,0,0,0,0,0,0.226353696841807,0,0,0,0,0,0,0,0,0,0,0,0,0,0,0,0,0,0,0,0.00282942121052258,0,0,0,0,0,0,0,0,0,0,0.033953054526271,0,0,0,0,0,0,0,0,0,0,0,0,0,0,0,0,0,0,0,0,0,0,0,0,0,0,0,0,0,0,0,0,0,0,0,0,0,0,0,0,0.00282942121052258,0,0,0,0,0,0,0,0,0,0,0,0,0,0,0,0,0,0.00282942121052258,0,0,0,0,0,0,0,0,0,0,0,0,0,0,0,0,0,0,0,0.00282942121052258,0,0,0,0,0,0.0113176848420903,0,0,0,0,0,0,0,0,0.00565884242104517,0,0,0,0,0,0,0,0,0,0,0,0,0,0,0,0,0,0,0,0,0,0,0,0,0.00565884242104517,0,0,0,0,0,0,0,0,0,0,0,0,0,0,0,0,0.00848826363156775,0,0,0,0.00282942121052258,0,0.848826363156775,0,0,0,0,0,0,0,0,0,0,0,0.0169765272631355,0,0,0,0,0,0,0,0.0367824757367936,0.0282942121052258,0,0,0,0,0,0,0,0,0,0,0,0,0,0,0,0,0,0,0,0,0,0,0,0,0,0,0,0,0,0,0,0,0,0,0,0,0,0,0,0,0,0,0,0,0,0.0113176848420903,0,0,0,0,0,0.00848826363156775,0.00282942121052258,0,0,0,0,0,0,0,0,0,0,0,0,0,0,0,0,0,0,0,0,0,0,0.121665112052471,0,0,0,0,0.00282942121052258,0,0,0,0,0,0,0,0,0,0,0,0,0,0,0,0.00565884242104517,0,0,0,0,0,0,0,0,0,0,0,1.86741799894491,0,0,0,0,0,0,0,0,0,0,0,0,0,0.848826363156775,0,0,0,0,0,0,0,0,0,0,0,0,0,0,0,0,0,0,0,0,0,0,0,0,0.0254647908947033,0,0,0,0,0,0,0,0,0.0141471060526129,0,0,0,0,0,0,0,0,0,0,0,0,0,0,0,0,0,0,0,0,0,0,0,0,0,0,0,0,0,0,0,0,0,0,0,0,0,0,0,0,0,0.0424413181578388,0,0,0,0,0,0,0,0,0,0.00282942121052258,0,0,0,0,0,0,0,0,0,0.135812218105084,0,0,0,0,0,0,0,0.0198059484736581,0,0,0,0,0,0,0.00282942121052258,0,0,0,0,0,0.00282942121052258,0,0,0,0,0,0,0,0,0,0,0,0,0,0,0,0,0,0,0,0,2.99572019404458,0,0,0,0,0,0,0,0,0,0,7.15826537917995,0,1.47034588219355,0,0,0,0,0,0,0,0,0,0,0,0.237671381683897,0,0,0,0,0,0,0,0,0,0,0,0,0,0,1.45431118452377,0,0,0,0,0,0,0,0,1.07024382806638,0,0,0,0,0,0,0,0,0,0,0.668936070456246,0,0,0,0,0,0,0,0,0,0,0,0,0,0,0,0,0,0,0,0,0,0,0,0.643084087169323,0,0,0,0,0,0,0,0,0,0,0,0,0,0,0,2.78351903752502,0,0,0,0.255164178890143,0,0,0,0,0.23802629486116,0.680424261417362,0,0,0,0,0,0,0,0,0,2.2324267000479,0,0,0,0,0,0,0,0,0,0,0,0,0,0,0,0,0,0,0,0,0,0,0,0,0,0,0,0,0,0,0,0,0,0,0.845965985561136,0.716120849540845,0,0,0.217401603926528,0,0,0,0,0,0,0,0,0,0,0,0.281988661853712,0,0,0,0,0,0,0,0,0,0.049682434402961,0,0,0,0,0,1.08987607376604,0,0,0,0,0,0.600687926628051,0,0,0,0,0,0,0,0,0,0,0,0,0,0,0,0,0,0,0,0.0775144428683062,0,0,0,0,0,0,0,0,0,0,7.28325545857105,0,0,0,0,0,0,0,0,0,0,0,0,0,0,0,0,0,0,0,0,0,0,0,0,0,0,0,0,0,0,0,0,0,0,0,0,0,0,0,0,1.54457826059827,0,0,0,0,0,0,0,0,0,0,0,0,0,0,0,0,0,0.104031106789106,0,0,0,0,0,0,0,0,0,0,0,0,0,0,0,0,0,0,0,0.109390817412507,0,0,0,0,0,0.156508585433694,0,0,0,0,0,0,0,0,1.5885140278443,0,0,0,0,0,0,0,0,0,0,0,0,0,0,0,0,0,0,0,0,0,0,0,0,0.027397062361695,0,0,0,0,0,0,0,0,0,0,0,0,0,0,0,0,22.2738690737457,0,0,0,1.18645183794633,0,0.520975668651102,0,0,0,0,0,0,0,0,0,0,0,3.35061998073399,0,0,0,0,0,0,0,3.7743119792741,2.17721671601113,0,0,0,0,0,0,0,0,0,0,0,0,0,0,0,0,0,0,0,0,0,0,0,0,0,0,0,0,0,0,0,0,0,0,0,0,0,0,0,0,0,0,0,0,0,0.176050385856846,0,0,0,0,0,0.203457115391294,0.327117337756217,0,0,0,0,0,0,0,0,0,0,0,0,0,0,0,0,0,0,0,0,0,0,0.927575422096205,0,0,0,0,0.0194481175912582,0,0,0,0,0,0,0,0,0,0,0,0,0,0,0,2.7450908772272,0,0,0,0,0,0,0,0,0,0,0,1.27856112014791,0,0,0,0,0,0,0,0,0,0,0,0,0,1.86868169727128,0,0,0,0,0,0,0,0,0,0,0,0,0,0,0,0,0,0,0,0,0,0,0,0,2.33623315125363,0,0,0,0,0,0,0,0,2.64833825304914,0,0,0,0,0,0,0,0,0,0,0,0,0,0,0,0,0,0,0,0,0,0,0,0,0,0,0,0,0,0,0,0,0,0,0,0,0,0,0,0,0,0.630113717139323,0,0,0,0,0,0,0,0,0,0.737403722470875,0,0,0,0,0,0,0,0,0,0.413729287087454,0,0,0,0,0,0,0,0.255048272048321,0,0,0,0,0,0,1.99391766905318,0,0,0,0,0,0.117130555764487,0,0,0,0,115.648002,125.9983022,132.3122023,128.1371022,118.2358021,139.4693024,124.0449021,121.4200021,140.5241024,128.8715022,134.5433023,"HOW-00163"
"286",4252,"nSPC",2012,"PRIAs","Pacific Remote Island Areas","Howland","Howland",2012,"ForereefMid","Howland","2012-03-12","Forereef","Mid",0.81269433,-176.62337126,13.2,35,0,5,7.5,38.5,13.5,0,0.5,NA,0.71125,0.463031537885751,1.75,2,1,20.7077435269866,23.845831892908,9.98699979192538,8.7309246927531,63.271499904573,0.101770868200011,0,0,0,0,0,0,0,0,0,0,0,0,0,0,0,0,0.0509295817894065,0,0,0,0,0,0,0,0,0,0,0,0,0.00282942121052258,0,0,0,0,0,0,0,0,0,0,0.00282942121052258,0,0,0,0,0,0,0,0,0,0,0,0,0,0,0,0.00565884242104517,0,0,0,0,0,0,0,0,0.00282942121052258,0,0,0,0,0,0,0,0.00282942121052258,0,0,0.0198059484736581,0,0,0,0,0,0,0,0,0.00282942121052258,0,0,0,0,0.00282942121052258,0,0,0,0,0,0,0,0,0,0,0,0,0,0,0,0,0,0,0,0,0,0,0,0,0,0.00282942121052258,0,0,0,0.0141471060526129,0,0,0,0,0.0254647908947033,0.0141471060526129,0,0,0,0,0,0,0,0,0,0.00848826363156775,0,2.4050080289442,0,0,0,0,0,0,0,0,0,0,0,0,0,0,0,0,0,0,0,0,0,0,0,0,0,0,0,0,0,0,0,0,0.00565884242104517,0.169765272631355,0,0,0.0141471060526129,0,0,0,0,0,0,0,0,0,0,0,0,0,0,0,0,0,0,0,0,0,0,0,0.00282942121052258,0,0,0,0,0,0,0,0,0.0169765272631355,0,0,0,0,0,0,0,0,0.00282942121052258,0,0,0,0,0,0,0,0,0,0,0,0,0,0,0,0,0,0,0,0.0311236333157484,0,0,0.00848826363156775,0,0,0,0,0,0,0,0,0,0,0,0,0,0,0,0,0,0,0,0,0,0,0,0,0,0,0,0,0.00282942121052258,0,0,0,0,0,0,0,0,0,0,0,0.00282942121052258,0,0,0,0,0,0,0,0.00282942121052258,0,0,0,0,0,0,0,0,0,0.0113176848420903,0,0.00565884242104517,0,0,0,0,0,0,0,0,0,0,0,0,0,0,0,0,0,0,0,0,0,0,0,0.00565884242104517,0,0,0,0,0,0,0,0,0,0,0,0,0,0,0,0,0,0,0,0,0,0,0,0,0,0,0,0,0,0,0,0,0.00848826363156775,0.00565884242104517,0,0,0,0.00565884242104517,0,0,0,0,0,0,0,0,0.282942121052258,0,0,0,0.00565884242104517,0,0,0,0.00282942121052258,0,9.90297423682904,0,0,0,0,0,0,0,0,0,0,0.00282942121052258,0.00565884242104517,0,0,0,0,0,0,0,0,0.15278874536822,0,0,0,0,0,0,0,0,0,0,0,0,0,0,0.00282942121052258,0,0,0,0,0,0,0,0,0,0,0,0,0,0,0,0,0,0,0,0,0,0,0,0,0,0,0,0,0,0,0.0169765272631355,0,0,0,0,0,0.00848826363156775,0,0,0.00848826363156775,0,0,0,0,0,0,0,0,0,0,0,0,0,0,0,0,0,0,0,0,0.0537590029999291,0,0,0,0,0.107518005999858,0,0,0,0,0,0,0,0,0,0,0,0,0,0,0,0,0,0,0,0,0,0,0,0,0,0,0,4.81001605788839,0,0,0,0,0,0,0,0,0,0,0,0,0.0141471060526129,0,0,0,0,0.00282942121052258,0,0,0,0,0,0,0,0,0,0,0,0,0,0,0,0,0,0,0,0,0,0,0,0,0,0,0,0,0,0.00848826363156775,0,0,0,0,0,0,0,0,0,0,0,0,0,0,0,0,0,0,0,0,0,0,0,0.00282942121052258,0,0,0,0,0,0,0,0,0,0,0,0,0,0,0,0,0,0.0226353696841807,0,0,0,0,0,0,0,0,0,0,0,0,0,0,0,0,0,0,0,0,0,0,0,0,0.00282942121052258,0,0,0.00565884242104517,0,0,0,0,0,0,0,0,0,0,0,0,0.00565884242104517,0,0,0.0169765272631355,0,0,0,0,0,0,0,0,0,0,0,0,0,0,0,0,0,3.70252720034531,0,0,0,0,0,0,0,0,0,0,0,0,1.13751446051048,0,0,0,0,0,0,0,0,0,0,0.350452662182153,0,0,0,0,0,0,0,0,0,0,0,0,0,0,0,1.23693099705113,0,0,0,0,0,0,0,0,0.360700343066254,0,0,0,0,0,0,0,0.0922903197853025,0,0,2.34842260483795,0,0,0,0,0,0,0,0,0.0980785542552974,0,0,0,0,0.293833304323468,0,0,0,0,0,0,0,0,0,0,0,0,0,0,0,0,0,0,0,0,0,0,0,0,0,0.734847163315798,0,0,0,0.0742237278620396,0,0,0,0,0.0702663708224353,3.03999083273927,0,0,0,0,0,0,0,0,0,0.508498839465035,0,1.67532859296253,0,0,0,0,0,0,0,0,0,0,0,0,0,0,0,0,0,0,0,0,0,0,0,0,0,0,0,0,0,0,0,0,0.281988661853712,0.431059492001905,0,0,0.489602991149632,0,0,0,0,0,0,0,0,0,0,0,0,0,0,0,0,0,0,0,0,0,0,0,1.39386399524466,0,0,0,0,0,0,0,0,0.134097262890489,0,0,0,0,0,0,0,0,0.00301688423752497,0,0,0,0,0,0,0,0,0,0,0,0,0,0,0,0,0,0,0,0.932836622605503,0,0,0.195654816414531,0,0,0,0,0,0,0,0,0,0,0,0,0,0,0,0,0,0,0,0,0,0,0,0,0,0,0,0,0.472466187917968,0,0,0,0,0,0,0,0,0,0,0,1.54457826059827,0,0,0,0,0,0,0,0.0353677651315323,0,0,0,0,0,0,0,0,0,0.11399255600255,0,2.62671285849001,0,0,0,0,0,0,0,0,0,0,0,0,0,0,0,0,0,0,0,0,0,0,0,0.0355615804844531,0,0,0,0,0,0,0,0,0,0,0,0,0,0,0,0,0,0,0,0,0,0,0,0,0,0,0,0,0,0,0,0,0.0522576469611499,0.0118986628076631,0,0,0,0.0126666378617977,0,0,0,0,0,0,0,0,0.339176867611395,0,0,0,6.5081606442423,0,0,0,2.36187134649979,0,2.56417711914214,0,0,0,0,0,0,0,0,0,0,0.690217876139193,1.44313120613547,0,0,0,0,0,0,0,0,14.192600020765,0,0,0,0,0,0,0,0,0,0,0,0,0,0,0.977365265145701,0,0,0,0,0,0,0,0,0,0,0,0,0,0,0,0,0,0,0,0,0,0,0,0,0,0,0,0,0,0,0.186105811845707,0,0,0,0,0,0.443881616371247,0,0,0.353963593585995,0,0,0,0,0,0,0,0,0,0,0,0,0,0,0,0,0,0,0,0,0.602154343438535,0,0,0,0,1.30406839058706,0,0,0,0,0,0,0,0,0,0,0,0,0,0,0,0,0,0,0,0,0,0,0,0,0,0,0,3.77978701266138,0,0,0,0,0,0,0,0,0,0,0,0,0.0670139334552824,0,0,0,0,0.00310354925231643,0,0,0,0,0,0,0,0,0,0,0,0,0,0,0,0,0,0,0,0,0,0,0,0,0,0,0,0,0,1.15838315188369,0,0,0,0,0,0,0,0,0,0,0,0,0,0,0,0,0,0,0,0,0,0,0,0.101770868200011,0,0,0,0,0,0,0,0,0,0,0,0,0,0,0,0,0,0.268415835494576,0,0,0,0,0,0,0,0,0,0,0,0,0,0,0,0,0,0,0,0,0,0,0,0,0.0393876487339628,0,0,0.0402728497420942,0,0,0,0,0,0,0,0,0,0,0,0,0.528018213807278,0,0,0.826943883655145,0,50.47550088,62.69520109,75.66870128,61.49870107,51.36710089,44.90950079,58.55940099,57.61670098,47.83980087,56.03400095,57.518801,"HOW-00210"
"287",4253,"nSPC",2012,"PRIAs","Pacific Remote Island Areas","Howland","Howland",2012,"ForereefMid","Howland","2012-03-12","Forereef","Mid",0.82357974,-176.62278671,17.35,32.5,0,4,25,37.5,1,0,0,NA,0.5575,0.445301689152599,1.5,2,1,18.2975727026257,17.6962670597877,14.4964337507979,14.8300567141203,65.3203302273317,4.31113453856531,0,0,0,0,0,0,0,0,0,0,0,0,0,0,0,0,0.0481001605788839,0,0,0,0,0,0,0,0,0,0,0,0,0.00565884242104517,0,0,0,0,0,0,0,0,0,0,0.00282942121052258,0,0,0,0,0,0,0,0,0,0,0,0,0,0,0,0.00282942121052258,0,0,0,0,0,0,0,0,0,0,0,0,0,0,0,0,0,0,0,0.0141471060526129,0,0,0,0,0,0,0,0,0,0,0,0,0,0,0,0,0,0,0,0,0,0,0,0,0,0,0,0,0,0,0,0,0,0,0,0,0,0,0,0.00565884242104517,0,0,0,0.0424413181578388,0,0,0,0,0.00282942121052258,0.00848826363156775,0,0,0,0,0,0,0,0,0,0.0509295817894065,0,0.282942121052258,0,0,0,0,0,0,0,0,0,0,0,0,0,0,0,0,0,0,0,0,0,0,0,0,0,0,0,0,0,0,0,0,0.00565884242104517,0.396118969473162,0,0,0.00565884242104517,0,0,0,0,0.0113176848420903,0,0,0,0,0,0,0.00565884242104517,0,0.00565884242104517,0,0,0,0,0,0,0,0,0,0,0,0,0,0.141471060526129,0,0,0,0,0.00848826363156775,0.186741799894491,0,0,0,0,0,0,0,0.00282942121052258,0,0,0,0,0,0,0,0,0,0,0,0.00848826363156775,0,0,0,0.00565884242104517,0,0,0,0.0113176848420903,0.00282942121052258,0,0.0226353696841807,0,0,0,0,0,0,0,0,0,0,0,0,0,0,0,0,0,0,0,0,0,0,0,0,0,0,0,0,0,0,0,0,0,0,0.00282942121052258,0,0,0,0,0,0,0,0,0,0,0,0,0,0,0,0,0,0,0,0,0,0,0,0.00565884242104517,0,0,0,0,0,0,0,0,0,0,0,0,0,0,0,0,0,0,0,0,0,0,0,0,0,0.0282942121052258,0,0,0,0,0,0,0,0,0,0,0,0,0,0,0,0,0,0,0,0,0,0,0,0,0,0,0,0,0,0,0,0,0,0.00282942121052258,0,0,0,0.00565884242104517,0,0,0,0,0,0,0,0,0,0,0,0,0.00282942121052258,0,0.00565884242104517,0,0.00282942121052258,0,8.48826363156775,0,0,0,0,0,0,0,0,0,0,0,0.0198059484736581,0,0,0,0,0,0,0,0,0.0282942121052258,0,0,0,0,0,0,0,0,0,0,0,0,0,0,0,0,0,0,0,0,0,0.00565884242104517,0,0,0,0,0,0,0,0,0,0,0,0,0,0,0,0,0,0,0,0,0,0,0,0.00848826363156775,0,0,0,0,0,0.00565884242104517,0.00565884242104517,0,0.00282942121052258,0,0.00282942121052258,0,0,0,0,0,0,0,0,0,0,0,0,0,0,0,0,0,0,0.113176848420903,0,0,0,0,0.0141471060526129,0,0,0,0,0,0,0,0,0,0,0,0,0,0,0,0.00282942121052258,0,0,0,0,0,0,0,0,0,0,0,5.65884242104517,0,0,0,0,0,0,0,0,0,0,0,0.00282942121052258,0.00565884242104517,0.848826363156775,0,0,0,0,0,0,0,0,0,0,0,0,0,0,0,0,0,0,0,0.00282942121052258,0,0,0,0,0.00282942121052258,0,0,0,0,0,0,0,0,0,0,0,0,0,0,0,0,0,0,0,0,0,0,0,0,0,0,0,0.00282942121052258,0,0,0,0,0.00282942121052258,0,0,0,0,0,0,0,0,0,0,0,0,0,0,0,0,0,0.0396118969473162,0,0,0,0,0,0,0,0,0.00282942121052258,0,0,0,0,0,0,0,0,0,0,0.0141471060526129,0,0,0,0,0,0,0,0.0424413181578388,0,0,0,0,0,0,0.00282942121052258,0,0,0,0,0,0.00565884242104517,0,0,0,0,0,0,0,0,0,0,0,0,0,0,0,0,0,0,0,0,3.33995344463407,0,0,0,0,0,0,0,0,0,0,0,0,2.179241658666,0,0,0,0,0,0,0,0,0,0,0.219788626658327,0,0,0,0,0,0,0,0,0,0,0,0,0,0,0,0.802140913183153,0,0,0,0,0,0,0,0,0,0,0,0,0,0,0,0,0,0,0,1.07366832131282,0,0,0,0,0,0,0,0,0,0,0,0,0,0,0,0,0,0,0,0,0,0,0,0,0,0,0,0,0,0,0,0,0,0,0,0,0,0,0,2.40132185165444,0,0,0,0.328137095942791,0,0,0,0,0.00804255019459387,2.64084238124381,0,0,0,0,0,0,0,0,0,2.34092891252644,0,0.197097481525003,0,0,0,0,0,0,0,0,0,0,0,0,0,0,0,0,0,0,0,0,0,0,0,0,0,0,0,0,0,0,0,0,0.447063356309831,0.751160401811957,0,0,0.217401603926528,0,0,0,0,0.805285941138042,0,0,0,0,0,0,0.281988661853712,0,0.358222584828211,0,0,0,0,0,0,0,0,0,0,0,0,0,0.0985487407625016,0,0,0,0,0.0452961582198113,0.2618426841863,0,0,0,0,0,0,0,0.0100874715797333,0,0,0,0,0,0,0,0,0,0,0,0.143529188951281,0,0,0,1.66539732451359,0,0,0,0.200935919648672,0.0749813966992483,0,2.32266461053711,0,0,0,0,0,0,0,0,0,0,0,0,0,0,0,0,0,0,0,0,0,0,0,0,0,0,0,0,0,0,0,0,0,0,1.78611508922445,0,0,0,0,0,0,0,0,0,0,0,0,0,0,0,0,0,0,0,0,0,0,0,0.12758120996587,0,0,0,0,0,0,0,0,0,0,0,0,0,0,0,0,0,0,0,0,0,0,0,0,0,0.170394535908575,0,0,0,0,0,0,0,0,0,0,0,0,0,0,0,0,0,0,0,0,0,0,0,0,0,0,0,0,0,0,0,0,0,0.00889828028477043,0,0,0,0.00540243409826541,0,0,0,0,0,0,0,0,0,0,0,0,2.06155161963277,0,3.59270659530963,0,1.43180650607403,0,2.19786610212184,0,0,0,0,0,0,0,0,0,0,0,3.32247805857942,0,0,0,0,0,0,0,0,2.55118562775437,0,0,0,0,0,0,0,0,0,0,0,0,0,0,0,0,0,0,0,0,0,7.74179198528076,0,0,0,0,0,0,0,0,0,0,0,0,0,0,0,0,0,0,0,0,0,0,0,0.120658422044487,0,0,0,0,0,0.167832515409453,0.491873585958018,0,0.226955786527786,0,0.109690165036044,0,0,0,0,0,0,0,0,0,0,0,0,0,0,0,0,0,0,1.13483480252899,0,0,0,0,0.0972405879562911,0,0,0,0,0,0,0,0,0,0,0,0,0,0,0,1.3725454386136,0,0,0,0,0,0,0,0,0,0,0,3.47317112434068,0,0,0,0,0,0,0,0,0,0,0,0.434625479681048,0.0388291682031991,0.3094952299446,0,0,0,0,0,0,0,0,0,0,0,0,0,0,0,0,0,0,0,0.624736203283387,0,0,0,0,0.284219801625427,0,0,0,0,0,0,0,0,0,0,0,0,0,0,0,0,0,0,0,0,0,0,0,0,0,0,0,2.65326719912866,0,0,0,0,1.65786733943665,0,0,0,0,0,0,0,0,0,0,0,0,0,0,0,0,0,0.588106135996701,0,0,0,0,0,0,0,0,0.356425585194983,0,0,0,0,0,0,0,0,0,0,0.0688115238399092,0,0,0,0,0,0,0,0.49055005354799,0,0,0,0,0,0,1.99391766905318,0,0,0,0,0,0.411329083237877,0,0,0,0,125.0516022,138.0191024,139.9402024,138.8883024,137.5644024,151.5759026,139.1421023,127.9738022,156.0276026,145.2558025,149.9093026,"HOW-00173"
"288",4254,"nSPC",2012,"PRIAs","Pacific Remote Island Areas","Howland","Howland",2012,"ForereefShallow","Howland","2012-03-12","Forereef","Shallow",0.81391163,-176.62371115,5.75,37.5,0,5,25,18.5,1.5,0,12.5,NA,0.68875,0.481492146618287,1.75,2,1,13.7730024904316,8.49133271984227,7.95111544759653,11.6462855160009,41.8617361738713,0,0,0,0,0,0,0,0,0,0,0,0,0,0,0,0,0.00565884242104517,0.0198059484736581,0,0,0,0,0,0,0,0,0,0,0,0,0.00282942121052258,0,0,0,0,0,0,0,0,0,0,0,0,0,0,0,0,0,0,0,0,0,0,0.00848826363156775,0,0,0,0.00848826363156775,0,0,0,0,0,0,0,0,0,0,0,0,0,0,0,0,0,0,0,0.0169765272631355,0,0,0,0,0.00282942121052258,0,0,0,0,0,0,0,0,0,0,0,0,0,0,0,0,0,0,0,0,0,0,0,0,0,0,0,0,0,0.00565884242104517,0,0,0,0,0.00848826363156775,0,0,0,0.0113176848420903,0,0,0,0,0.0113176848420903,0.0141471060526129,0,0,0,0,0,0,0,0,0,0.0198059484736581,0,0,0,0,0,0,0,0,0,0,0,0,0,0,0,0,0,0,0,0,0,0,0,0,0,0,0,0,0,0,0,0,0,0,0,0.198059484736581,0,0,0.00565884242104517,0,0,0,0,0,0,0,0,0,0,0,0,0,0,0,0,0,0,0,0,0,0,0,0,0,0,0,0.424413181578388,0,0,0,0,0,0,0,0,0,0,0,0,0,0.00282942121052258,0,0,0,0,0,0,0,0,0,0,0,0,0,0,0,0,0,0,0,0.0282942121052258,0.00565884242104517,0,0.0198059484736581,0,0,0,0,0,0,0,0,0,0,0,0,0,0,0,0,0,0,0,0,0,0,0,0,0,0,0,0,0.00565884242104517,0,0,0,0,0,0,0,0,0,0,0,0,0,0,0,0,0,0,0,0.0113176848420903,0,0,0,0,0,0,0,0,0,0.0113176848420903,0,0,0,0,0,0,0,0,0,0,0,0,0,0,0,0,0,0,0,0.00282942121052258,0,0,0,0,0,0.00848826363156775,0,0,0,0,0,0,0,0,0.00565884242104517,0,0,0,0,0,0.00565884242104517,0,0,0,0,0,0,0,0,0,0,0,0,0,0,0,0,0,0,0.00848826363156775,0,0,0,0.00565884242104517,0,0,0,0,0,0,0,0,0.0282942121052258,0,0,0,0.00565884242104517,0.00282942121052258,0,0,0,0.00282942121052258,0,0,0,0,0,0,0,0,0,0,0,0,0.0169765272631355,0,0,0,0,0,0,0,0.0141471060526129,0.00848826363156775,0,0,0,0,0,0,0,0,0,0,0,0,0,0,0,0,0,0,0,0,0,0,0,0,0,0,0,0,0,0,0,0,0,0,0,0,0,0,0,0,0,0,0,0,0,0.0141471060526129,0,0,0,0,0,0.00565884242104517,0.0141471060526129,0,0.00848826363156775,0,0,0,0,0,0,0,0,0,0,0,0,0,0,0,0,0,0,0,0,0.172594693841878,0,0,0,0,0.0198059484736581,0,0,0,0,0,0,0,0,0,0,0,0,0,0,0,0.00848826363156775,0,0,0,0,0,0,0,0,0,0,0,1.98059484736581,0,0,0,0,0,0,0,0,0,0,0,0,0.00282942121052258,0.0848826363156775,0,0,0,0,0,0,0,0,0,0,0,0,0,0,0,0,0,0,0,0.00282942121052258,0,0,0,0,0,0,0,0,0,0,0,0,0,0.00848826363156775,0,0,0,0,0,0,0,0,0,0,0,0,0,0,0,0,0,0,0,0,0,0,0,0,0,0,0,0,0,0,0,0,0,0,0,0,0,0,0,0,0,0.0396118969473162,0,0,0.00282942121052258,0,0,0,0,0,0,0,0,0,0,0,0,0,0,0,0,0.00282942121052258,0,0,0,0,0,0,0,0.0424413181578388,0,0,0,0,0,0,0,0,0,0,0,0,0.0113176848420903,0,0,0.00848826363156775,0,0,0,0,0,0,0,0,0,0,0,0,0,0,0,0,2.35511062110604,1.10048933283873,0,0,0,0,0,0,0,0,0,0,0,0,0.20337290113165,0,0,0,0,0,0,0,0,0,0,0,0,0,0,0,0,0,0,0,0,0,0,0.0175915642806899,0,0,0,2.25645209770692,0,0,0,0,0,0,0,0,0,0,0,0,0,0,0,0,0,0,0,2.17804458845873,0,0,0,0,0.00669024453210871,0,0,0,0,0,0,0,0,0,0,0,0,0,0,0,0,0,0,0,0,0,0,0,0,0,0,0,0,0,0.91426953761134,0,0,0,0,3.81636195486541,0,0,0,0.0699296984073171,0,0,0,0,0.0209611502552276,2.59503650533618,0,0,0,0,0,0,0,0,0,0.869731961745672,0,0,0,0,0,0,0,0,0,0,0,0,0,0,0,0,0,0,0,0,0,0,0,0,0,0,0,0,0,0,0,0,0,0,0,0.771600140636772,0,0,0.119323859908858,0,0,0,0,0,0,0,0,0,0,0,0,0,0,0,0,0,0,0,0,0,0,0,0,0,0,0,0.565742771043991,0,0,0,0,0,0,0,0,0,0,0,0,0,0.0058621881694282,0,0,0,0,0,0,0,0,0,0,0,0,0,0,0,0,0,0,0,0.860643953945053,0.149962793398497,0,2.21962306647858,0,0,0,0,0,0,0,0,0,0,0,0,0,0,0,0,0,0,0,0,0,0,0,0,0,0,0,0,0.826064067146088,0,0,0,0,0,0,0,0,0,0,0,0,0,0,0,0,0,0,0,0.310811919975906,0,0,0,0,0,0,0,0,0,0.0569034336020957,0,0,0,0,0,0,0,0,0,0,0,0,0,0,0,0,0,0,0,0.500701227164442,0,0,0,0,0,0.0243850837607678,0,0,0,0,0,0,0,0,1.5885140278443,0,0,0,0,0,0.310811919975906,0,0,0,0,0,0,0,0,0,0,0,0,0,0,0,0,0,0,0.0314950917503884,0,0,0,0.0075167372981692,0,0,0,0,0,0,0,0,0.058609762723249,0,0,0,1.36458339725402,1.30578245760523,0,0,0,0.847709596738586,0,0,0,0,0,0,0,0,0,0,0,0,2.76058206539235,0,0,0,0,0,0,0,0.875472389578883,0.756466004358609,0,0,0,0,0,0,0,0,0,0,0,0,0,0,0,0,0,0,0,0,0,0,0,0,0,0,0,0,0,0,0,0,0,0,0,0,0,0,0,0,0,0,0,0,0,0.113704854899567,0,0,0,0,0,0.114933893012344,0.878756115494718,0,0.463812158026,0,0,0,0,0,0,0,0,0,0,0,0,0,0,0,0,0,0,0,0,0.916417074808634,0,0,0,0,0.152860431405386,0,0,0,0,0,0,0,0,0,0,0,0,0,0,0,0.353600691058397,0,0,0,0,0,0,0,0,0,0,0,1.54664651630796,0,0,0,0,0,0,0,0,0,0,0,0,0.00627676278629307,0.596253666162661,0,0,0,0,0,0,0,0,0,0,0,0,0,0,0,0,0,0,0,1.22018789703786,0,0,0,0,0,0,0,0,0,0,0,0,0,1.09753758051989,0,0,0,0,0,0,0,0,0,0,0,0,0,0,0,0,0,0,0,0,0,0,0,0,0,0,0,0,0,0,0,0,0,0,0,0,0,0,0,0,0,0.425758583245352,0,0,0.0420075811426215,0,0,0,0,0,0,0,0,0,0,0,0,0,0,0,0,0.0268795014999645,0,0,0,0,0,0,0,0.333391550062239,0,0,0,0,0,0,0,0,0,0,0,0,0.548343979882411,0,0,0.301157222492812,0,54.49490094,65.97020114,77.83620132,64.56780112,54.38730095,47.12270082,64.14400108,61.94110105,50.94710092,57.87560098,60.81210106,"HOW-00209"
"289",4255,"nSPC",2012,"PRIAs","Pacific Remote Island Areas","Howland","Howland",2012,"ForereefDeep","Howland","2012-03-12","Forereef","Deep",0.78962213,-176.61549596,22.45,35,0,10,32.5,20,2.5,0,0,NA,0.415,0.231231638499806,1,2,1,46.6905620476698,50.7984228638496,22.6422455484723,16.2149285846144,136.346159044606,4.30902907980326,0,0,0,0,0,0,0,0,0,0,0,0,0,0,0,0,0.00848826363156775,0,0,0,0,0,0,0,0,0,0,0.0113176848420903,0,0.00282942121052258,0,0,0,0,0,0,0,0,0,0,0,0,0,0,0,0,0,0,0,0,0,0,0,0,0,0,0.00565884242104517,0,0,0,0,0,0,0,0,0.00282942121052258,0,0,0,0,0,0,0,0,0,0,0.00282942121052258,0,0,0,0,0,0,0,0,0,0,0,0,0,0,0,0,0,0,0,0,0,0,0,0.00565884242104517,0,0,0,0,0,0,0,0,0,0,0,0,0,0,0,0,0,0,0,0.0226353696841807,0,0,0,0,0.0509295817894065,0.0452707393683613,0,0,0,0,0,0,0,0,0,0.0367824757367936,0,0,0,0,0,0,0,0,0,0,0,0,0,0,0,0,0,0,0,0,0,0,0,0,0,0,0,0,0,0,0,0,0,0,0,0,0,0,0,0,0,0,0,0,0,0,0,0,0,0,0,0,0,0,0,0,0,0,0,0,0.00565884242104517,0,0,0,0,0,0,0,0,0,0,0.0481001605788839,0,0,0,0,0,0,0,0,0.0650766878420194,0,0,0,0,0,0,0,0,0,0,0,0.0198059484736581,0,0,0,0,0,0,0,0,0,0,0.0169765272631355,0,0,0,0,0,0,0,0.0113176848420903,0,0,0,0,0,0,0,0,0,0,0,0,0,0,0,0,0,0,0,0,0,0,0,0,0,0,0,0,0,0,0,0.00282942121052258,0,0,0,0,0,0,0,0,0,0,0,0,0,0,0,0,0,0,0.0113176848420903,0,0.00565884242104517,0,0,0,0,0,0,0.00282942121052258,0,0,0,0,0,0,0,0,0,0,0.00565884242104517,0,0,0,0,0,0.0113176848420903,0,0,0,0,0,0,0,0,0,0,0,0,0,0,0,0,0,0,0,0,0,0,0,0,0,0,0,0,0,0,0,0,0.00282942121052258,0.00282942121052258,0,0,0,0,0,0,0,0,0,0,0,0,3.96118969473162,0,0,0,0.0226353696841807,0,0,0,0,0,0,0,0,0,0,0,0,0,0,0,0,0,0.00565884242104517,0,0,0,0,0,0,0,0,0.192400642315536,0,0.0509295817894065,0,0,0,0,0,0,0,0,0,0,0,0,0.00848826363156775,0,0,0,0,0,0,0,0,0,0,0,0,0,0,0,0,0,0,0.0537590029999291,0,0,0,0,0,0,0,0,0,0,0,0,0,0,0,0,0,0.0169765272631355,0,0,0.0113176848420903,0,0,0,0,0,0,0,0,0,0,0,0,0,0,0,0,0,0,0,0,0.0565884242104517,0,0,0,0,0.0396118969473162,0,0,0,0,0,0,0,0,0,0,0,0,0,0,0,0,0,0,0,0,0,0,0,0,0,0,0,4.52707393683613,0,0,0,0,0,0,0,0,0,0,0,0.00282942121052258,0,0,0,0,0,0,0,0,0,0,0,0,0,0,0,0,0,0,0,0,0,0,0,0,0,0,0.0169765272631355,0,0,0,0,0,0,0,0,0,0,0,0,0,0,0,0,0,0,0,0,0,0,0,0,0,0,0,0,0,0,0,0,0.00565884242104517,0,0,0,0,0,0,0,0,0,0,0,0,0,0,0,0,0,0,0,0,0,0,0,0,0,0,0.00282942121052258,0,0,0,0,0,0,0,0,0,0,0,0,0,0,0,0,0,0,0,0,0,0,0,0,0,0,0,0,0,0,0,0.00565884242104517,0,0,0,0,0,0,0,0,0,0,0,0,0,0,0,0,0,0,0,0,0.946404305642762,0,0,0,0,0,0,0,0,0,0,12.0665854498678,0,1.13751446051048,0,0,0,0,0,0,0,0,0,0,0,0,0,0,0,0,0,0,0,0,0,0,0,0,0,0,1.03981229486705,0,0,0,0,0,0,0,0,0.302549411351547,0,0,0,0,0,0,0,0,0,0,0.248286972602325,0,0,0,0,0,0,0,0,0,0,0,0,0,0,0,0,0,0,0,0,0,0,0,1.01031943128767,0,0,0,0,0,0,0,0,0,0,0,0,0,0,0,0,0,0,0,0.1628013469934,0,0,0,0,0.170784615426498,12.92161933972,0,0,0,0,0,0,0,0,0,3.89613049902433,0,0,0,0,0,0,0,0,0,0,0,0,0,0,0,0,0,0,0,0,0,0,0,0,0,0,0,0,0,0,0,0,0,0,0,0,0,0,0,0,0,0,0,0,0,0,0,0,0,0,0,0,0,0,0,0,0,0,0,0,0.13585965691599,0,0,0,0,0,0,0,0,0,0,0.305317382378353,0,0,0,0,0,0,0,0,0.249634947594604,0,0,0,0,0,0,0,0,0,0,0,0.216283231889317,0,0,0,0,0,0,0,0,0,0,1.42261535026337,0,0,0,0,0,0,0,0.154526647235354,0,0,0,0,0,0,0,0,0,0,0,0,0,0,0,0,0,0,0,0,0,0,0,0,0,0,0,0,0,0,0,1.11611418103149,0,0,0,0,0,0,0,0,0,0,0,0,0,0,0,0,0,0,0.573862748721194,0,3.50293089762808,0,0,0,0,0,0,1.02462343550416,0,0,0,0,0,0,0,0,0,0,0.972734272176458,0,0,0,0,0,0.132161132975026,0,0,0,0,0,0,0,0,0,0,0,0,0,0,0,0,0,0,0,0,0,0,0,0,0,0,0,0,0,0,0,0,0.00785111761276115,0.00889828028477043,0,0,0,0,0,0,0,0,0,0,0,0,6.47692146390719,0,0,0,21.3631068641183,0,0,0,0,0,0,0,0,0,0,0,0,0,0,0,0,0,1.28078863051189,0,0,0,0,0,0,0,0,33.6493261019102,0,5.60892238327244,0,0,0,0,0,0,0,0,0,0,0,0,2.28323676996327,0,0,0,0,0,0,0,0,0,0,0,0,0,0,0,0,0,0,5.12196483930669,0,0,0,0,0,0,0,0,0,0,0,0,0,0,0,0,0,0.688710075265874,0,0,0.974661132112778,0,0,0,0,0,0,0,0,0,0,0,0,0,0,0,0,0,0,0,0,1.04777303374582,0,0,0,0,0.272273646277615,0,0,0,0,0,0,0,0,0,0,0,0,0,0,0,0,0,0,0,0,0,0,0,0,0,0,0,5.09036642911181,0,0,0,0,0,0,0,0,0,0,0,0.377840973827069,0,0,0,0,0,0,0,0,0,0,0,0,0,0,0,0,0,0,0,0,0,0,0,0,0,0,3.24108822341627,0,0,0,0,0,0,0,0,0,0,0,0,0,0,0,0,0,0,0,0,0,0,0,0,0,0,0,0,0,0,0,0,4.30902907980326,0,0,0,0,0,0,0,0,0,0,0,0,0,0,0,0,0,0,0,0,0,0,0,0,0,0,0.167700926916158,0,0,0,0,0,0,0,0,0,0,0,0,0,0,0,0,0,0,0,0,0,0,0,0,0,0,0,0,0,0,0,0.666227061634587,0,0,0,0,110.9743019,122.7482021,123.4817021,119.6468021,130.0694023,140.0313025,120.237902,117.117502,140.1138024,139.2790024,131.5274022,"HOW-00189"
"290",4256,"nSPC",2012,"PRIAs","Pacific Remote Island Areas","Howland","Howland",2012,"ForereefMid","Howland","2012-03-12","Forereef","Mid",0.79033761,-176.61643406,11.45,30,0,2.5,35,22.5,10,0,0,NA,0.95875,0.879032833917372,4,2,1,65.2472728211416,77.5974492408061,30.5130005641035,32.0781682544263,205.435890880477,16.6565149531662,0,0,0,0,0,0,0,0,0,0,0,0,0,0,0,0,0.0905414787367227,0,0,0,0,0,0,0,0,0,0,0.00282942121052258,0,0,0,0,0,0,0,0,0,0,0,0,0,0,0,0,0,0,0,0,0,0,0,0,0,0,0,0,0.00565884242104517,0,0,0,0,0,0,0,0,0,0,0,0,0,0,0,0,0,0,0,0.00848826363156775,0,0,0,0,0,0,0,0,0,0,0,0,0,0,0,0,0,0,0,0,0,0,0,0,0,0,0,0,0,0,0,0,0,0,0,0,0,0,0,0.0113176848420903,0,0,0,0.0282942121052258,0,0,0,0,0,0,0,0,0,0,0,0,0,0,0,0.0169765272631355,0,1.27323954473516,0,0,0,0,0,0,0,0,0,0,0,0,0,0,0,0,0,0,0,0,0,0,0,0,0,0,0,0,0,0,0,0,0,0,0,0,0,0,0,0,0,0,0,0,0,0,0,0,0.00565884242104517,0,0,0,0,0,0,0,0,0,0,0,0.00282942121052258,0,0,0,0,0,0,0,0,0,0,0,0,0,0,0,0,0,0,0,0,0,0,0,0,0,0,0,0,0,0.0254647908947033,0,0,0,0,0,0,0,0.0198059484736581,0,0,0.0141471060526129,0,0,0,0,0,0,0,0.0113176848420903,0,0,0,0,0,0,0,0,0,0,0,0,0,0,0,0,0,0,0,0,0,0.00282942121052258,0,0,0,0,0,0,0,0,0,0,0,0,0,0,0,0,0,0,0,0,0,0,0,0,0,0,0,0,0.00565884242104517,0,0,0,0,0,0,0,0,0.00282942121052258,0,0,0,0,0,0,0,0,0,0,0,0,0,0,0,0,0.0169765272631355,0,0,0,0,0,0,0,0,0,0,0,0,0,0,0,0,0,0,0,0,0,0,0,0,0,0,0,0,0,0,0,0,0,0.00848826363156775,0,0,0,0.0113176848420903,0,0,0,0,0,0,0,0,1.13176848420903,0,0,0,0.00848826363156775,0.00282942121052258,0,0,0.0169765272631355,0,0,0,0,0,0,0,0,0,0,0.0113176848420903,0,0,0.0226353696841807,0.0113176848420903,0,0,0,0,0,0,0,0.0877120575262001,0,0.0141471060526129,0,0,0,0,0,0,0,0,0,0,0,0.00565884242104517,0,0,0,0,0,0,0,0.00282942121052258,0,0,0,0,0,0,0,0,0,0,0,0,0,0,0,0,0,0,0,0,0,0,0,0.00848826363156775,0,0,0,0,0,0,0.0198059484736581,0,0.0113176848420903,0,0.00282942121052258,0,0,0,0,0,0,0,0,0,0,0,0.0113176848420903,0,0,0,0,0,0,0.0565884242104517,0,0,0,0,0.0424413181578388,0,0,0,0,0,0,0,0,0,0,0,0,0,0,0,0,0,0,0,0,0,0,0,0,0,0,0.0113176848420903,4.24413181578388,0,0,0,0,0,0,0,0.0169765272631355,0,0,0,0,0.00282942121052258,1.41471060526129,0,0,0,0,0,0,0,0,0,0,0,0,0,0,0,0,0,0,0,0.00282942121052258,0,0,0,0,0.00282942121052258,0,0,0,0,0,0,0,0,0.00848826363156775,0,0,0,0,0,0,0,0,0,0,0,0,0,0,0,0,0,0,0.00282942121052258,0,0,0,0,0,0,0,0,0,0,0,0,0,0,0,0,0,0,0,0,0,0,0.0792237938946324,0,0,0,0,0,0,0,0,0,0,0,0,0,0,0,0,0,0,0,0,0,0,0,0,0,0,0,0.00282942121052258,0,0,0,0,0,0,0,0,0,0,0,0,0.00282942121052258,0,0,0,0,0,0,0,0,0,0,0,0,0,0,0,0,0,0,0,0,5.06801689668333,0,0,0,0,0,0,0,0,0,0,0.0640056677501562,0,0,0,0,0,0,0,0,0,0,0,0,0,0,0,0,0,0,0,0,0,0,0,0,0,0,0,0,1.32430493874267,0,0,0,0,0,0,0,0,0,0,0,0,0,0,0,0,0,0,0,0.694020143268734,0,0,0,0,0,0,0,0,0,0,0,0,0,0,0,0,0,0,0,0,0,0,0,0,0,0,0,0,0,0,0,0,0,0,0,0,0,0,0,13.0187952824695,0,0,0,0.0804255019459387,0,0,0,0,0,0,0,0,0,0,0,0,0,0,0,0.657085925000584,0,1.75197761355558,0,0,0,0,0,0,0,0,0,0,0,0,0,0,0,0,0,0,0,0,0,0,0,0,0,0,0,0,0,0,0,0,0,0,0,0,0,0,0,0,0,0,0,0,0,0,0,0,0.0205868613468296,0,0,0,0,0,0,0,0,0,0,0,1.39386399524466,0,0,0,0,0,0,0,0,0,0,0,0,0,0,0,0,0,0,0,0,0,0,0,0,0,0,0,0,0,0.576574964080176,0,0,0,0,0,0,0,0.325787854324481,0,0,0.72032911484592,0,0,0,0,0,0,0,0.0766880934458574,0,0,0,0,0,0,0,0,0,0,0,0,0,0,0,0,0,0,0,0,0,0.657801607423878,0,0,0,0,0,0,0,0,0,0,0,0,0,0,0,0,0,0,0,0,0,0,0,0,0,0,0,0,0.0640149018349305,0,0,0,0,0,0,0,0,0.55629750318379,0,0,0,0,0,0,0,0,0,0,0,0,0,0,0,0,0.33394017483496,0,0,0,0,0,0,0,0,0,0,0,0,0,0,0,0,0,0,0,0,0,0,0,0,0,0,0,0,0,0,0,0,0,0.0196992962266329,0,0,0,0.0108048681965308,0,0,0,0,0,0,0,0,1.85054898968777,0,0,0,23.3775037909784,1.30578245760523,0,0,24.8997149605924,0,0,0,0,0,0,0,0,0,0,27.9801463508578,0,0,5.39781095627069,22.239848988391,0,0,0,0,0,0,0,15.6531199376505,0,1.51336328552345,0,0,0,0,0,0,0,0,0,0,0,20.0455784307739,0,0,0,0,0,0,0,3.87089599264038,0,0,0,0,0,0,0,0,0,0,0,0,0,0,0,0,0,0,0,0,0,0,0,0.0378668262235144,0,0,0,0,0,0,0.755768812750426,0,0.402282300934235,0,0.0372371873985474,0,0,0,0,0,0,0,0,0,0,0,1.10967183632334,0,0,0,0,0,0,0.886908849395554,0,0,0,0,0.100223222640539,0,0,0,0,0,0,0,0,0,0,0,0,0,0,0,0,0,0,0,0,0,0,0,0,0,0,0.273434719034299,3.66311017020306,0,0,0,0,0,0,0,0.0354385006617954,0,0,0,0,0.0181534692942321,1.59571182566788,0,0,0,0,0,0,0,0,0,0,0,0,0,0,0,0,0,0,0,0.455432692193589,0,0,0,0,0.196338603095246,0,0,0,0,0,0,0,0,2.4551419774892,0,0,0,0,0,0,0,0,0,0,0,0,0,0,0,0,0,0,16.6565149531662,0,0,0,0,0,0,0,0,0,0,0,0,0,0,0,0,0,0,0,0,0,0,0.806245623872104,0,0,0,0,0,0,0,0,0,0,0,0,0,0,0,0,0,0,0,0,0,0,0,0,0,0,0,0.067960433939784,0,0,0,0,0,0,0,0,0,0,0,0,0.333113530817294,0,0,0,0,114.281302,124.4549022,125.8387021,123.4923021,130.0050023,141.2132025,122.179802,119.8951021,140.5171024,140.4528024,132.7905023,"HOW-00167"
"291",4257,"nSPC",2012,"PRIAs","Pacific Remote Island Areas","Howland","Howland",2012,"ForereefShallow","Howland","2012-03-12","Forereef","Shallow",0.79668866,-176.61951014,1.7,12.5,0,2.5,40,45,0,0,0,NA,0.4525,0.440333457856531,2.4,2,1,5.14640489277624,0.315191864009795,19.8814758715656,5.89917869022248,31.2422513185741,0,0,0.00282942121052258,0,0,0,0,0,0,0,0,0.00565884242104517,0,0.0509295817894065,0,0,0,0.0226353696841807,0,0,0,0,0,0,0,0,0,0,0,0,0,0,0,0,0,0,0,0,0,0,0,0,0,0,0,0,0,0,0,0,0,0,0,0,0,0,0,0,0,0,0,0,0,0,0,0,0,0,0,0,0,0,0,0,0,0,0,0.00565884242104517,0,0,0,0,0,0,0,0,0,0,0,0,0,0,0,0,0,0,0,0,0,0,0,0,0,0,0,0,0,0,0,0,0,0,0,0,0,0,0,0.00848826363156775,0,0,0,0.00848826363156775,0,0,0,0,0,0,0,0,0,0,0,0,0,0,0,0,0,0,0,0,0,0,0,0,0,0,0,0,0,0,0,0,0,0,0,0,0,0,0,0,0,0,0,0,0,0,0,0,0,0,0,0,0,0,0.00565884242104517,0,0,0,0,0,0,0,0,0,0,0,0,0,0,0,0,0,0,0,0,0,0,0,0,0,0,0,0.169765272631355,0,0,0,0,0,0,0,0,0,0,0,0,0,0,0.00282942121052258,0,0,0,0,0,0,0.0282942121052258,0,0,0,0,0,0,0,0,0,0,0,0,0,0,0.0198059484736581,0,0.00282942121052258,0,0,0,0,0,0,0,0,0,0,0,0,0,0,0,0,0,0,0,0,0,0,0,0,0,0,0,0.00565884242104517,0.00282942121052258,0,0,0,0,0,0,0,0,0,0,0,0,0,0,0,0,0,0,0,0,0,0,0,0,0,0,0,0.00565884242104517,0,0,0,0,0,0,0,0,0,0,0,0,0,0,0,0,0,0,0,0,0,0,0,0,0,0.00282942121052258,0,0,0,0,0,0,0,0,0,0,0,0,0,0,0,0,0,0,0,0,0,0,0,0,0,0,0,0,0,0,0,0,0,0.00565884242104517,0,0,0,0,0,0,0,0,0,0,0,0,0,0,0,0,0,0,0,0,0,0.00282942121052258,0,0,0,0,0,0,0,0,0,0,0,0,0.00848826363156775,0,0,0,0,0,0,0,0,0,0,0,0,0,0,0,0,0,0,0,0,0,0,0,0,0,0,0,0,0,0,0,0,0,0,0,0,0,0,0,0,0,0,0,0,0,0,0,0,0,0,0,0,0,0,0.0509295817894065,0,0,0,0,0,0,0.00848826363156775,0,0,0,0,0,0,0,0,0,0,0,0,0,0,0,0,0,0,0,0,0,0,0.0820532151051549,0,0,0,0.00848826363156775,0,0,0,0,0,0,0.0367824757367936,0,0,0,0,0,0,0,0,0,0.00565884242104517,0,0,0,0,0,0,0,0,0,0,0,0,0,0,0,0,0,0,0,0,0,0,0,0,0,0,0,0,0,0,0,0,0,0,0,0,0,0,0,0,0,0,0,0,0,0,0,0,0,0,0,0,0,0,0,0,0,0,0,0,0,0,0,0,0,0,0,0,0,0,0,0,0,0,0,0,0,0,0,0,0,0,0,0,0,0,0,0,0,0,0,0,0,0,0,0,0,0,0,0,0,0.0735649514735872,0,0,0.0509295817894065,0,0,0,0,0,0,0,0,0,0,0,0,0,0,0,0,0.0763943726841098,0,0,0,0,0,0,0,0.0565884242104517,0,0.00282942121052258,0,0,0,0,0,0,0,0,0,0,0.00565884242104517,0,0,0,0,0,0.285097008246192,0,0,0,0,0,0,0,0,0.0544915401513334,0,10.5671747419426,0,0,0,2.10626277180493,0,0,0,0,0,0,0,0,0,0,0,0,0,0,0,0,0,0,0,0,0,0,0,0,0,0,0,0,0,0,0,0,0,0,0,0,0,0,0,0,0,0,0,0,0,0,0,0,0,0,0,0,0,0,0,0,0,0,0,0.774766904242675,0,0,0,0,0,0,0,0,0,0,0,0,0,0,0,0,0,0,0,0,0,0,0,0,0,0,0,0,0,0,0,0,0,0,0,0,0,0,0,2.00412146546042,0,0,0,0.096778144137033,0,0,0,0,0,0,0,0,0,0,0,0,0,0,0,0,0,0,0,0,0,0,0,0,0,0,0,0,0,0,0,0,0,0,0,0,0,0,0,0,0,0,0,0,0,0,0,0,0,0,0,0,0,0,0.163500585259839,0,0,0,0,0,0,0,0,0,0,0,0,0,0,0,0,0,0,0,0,0,0,0,0,0,0,0,0.199287453541948,0,0,0,0,0,0,0,0,0,0,0,0,0,0,0.204354946929994,0,0,0,0,0,0,0.0214462450414181,0,0,0,0,0,0,0,0,0,0,0,0,0,0,3.75287586418525,0,0.239432563321034,0,0,0,0,0,0,0,0,0,0,0,0,0,0,0,0,0,0,0,0,0,0,0,0,0,0,0,0.714523558344456,0.846751939336259,0,0,0,0,0,0,0,0,0,0,0,0,0,0,0,0,0,0,0,0,0,0,0,0,0,0,0,0.274311867181537,0,0,0,0,0,0,0,0,0,0,0,0,0,0,0,0,0,0,0,0,0,0,0,0,0,0.00240840333439682,0,0,0,0,0,0,0,0,0,0,0,0,0,0,0,0,0,0,0,0,0,0,0,0,0,0,0,0,0,0,0,0,0,0.027397062361695,0,0,0,0,0,0,0,0,0,0,0,0,0,0,0,0,0,0,0,0,0,0.96026292966956,0,0,0,0,0,0,0,0,0,0,0,0,1.43920168024233,0,0,0,0,0,0,0,0,0,0,0,0,0,0,0,0,0,0,0,0,0,0,0,0,0,0,0,0,0,0,0,0,0,0,0,0,0,0,0,0,0,0,0,0,0,0,0,0,0,0,0,0,0,0,0.771001203692719,0,0,0,0,0,0,0.620744999965544,0,0,0,0,0,0,0,0,0,0,0,0,0,0,0,0,0,0,0,0,0,0,0.337023533402472,0,0,0,0.0177713630093873,0,0,0,0,0,0,0.153299554188996,0,0,0,0,0,0,0,0,0,1.67562058923145,0,0,0,0,0,0,0,0,0,0,0,0,0,0,0,0,0,0,0,0,0,0,0,0,0,0,0,0,0,0,0,0,0,0,0,0,0,0,0,0,0,0,0,0,0,0,0,0,0,0,0,0,0,0,0,0,0,0,0,0,0,0,0,0,0,0,0,0,0,0,0,0,0,0,0,0,0,0,0,0,0,0,0,0,0,0,0,0,0,0,0,0,0,0,0,0,0,0,0,0,0,0.835945841225537,0,0,0.329469917078939,0,0,0,0,0,0,0,0,0,0,0,0,0,0,0,0,0.115904410467847,0,0,0,0,0,0,0,0.742963285622952,0,0.241831884318773,0,0,0,0,0,0,0,0,0,0,0.666227061634587,0,0,0,0,56.35640096,62.43400106,78.94130132,59.42800105,59.33720104,52.19860091,63.69260105,68.03810114,55.62550098,70.24190118,57.24930096,"HOW-00159"
"292",4258,"nSPC",2012,"PRIAs","Pacific Remote Island Areas","Howland","Howland",2012,"ForereefShallow","Howland","2012-03-12","Forereef","Shallow",0.79982216,-176.62075938,4.05,55,0,2.5,25,17,0,0,0.5,NA,0.63625,0.404880896224072,2.5,2,1,14.5196867504036,8.41854421614539,12.9566857431168,14.3569885152114,50.2519052248772,0,0,0,0,0,0,0,0,0,0,0,0,0,0,0,0,0,0.0367824757367936,0,0,0,0,0,0,0,0,0,0,0,0,0,0,0,0,0,0,0,0,0,0,0,0,0,0,0,0,0,0,0,0,0,0,0,0,0,0,0,0.00565884242104517,0,0,0,0,0,0,0,0,0.00565884242104517,0,0,0,0,0,0,0,0,0,0,0.0113176848420903,0,0,0,0,0,0,0,0,0,0,0,0,0,0,0,0,0,0,0,0,0,0,0,0.00282942121052258,0,0,0,0,0,0,0,0,0,0,0,0,0,0,0,0.00848826363156775,0,0,0,0.0424413181578388,0,0,0,0,0.0226353696841807,0.00848826363156775,0,0,0,0,0,0,0,0,0,0.0141471060526129,0,0,0,0,0,0,0,0,0,0,0,0,0,0,0,0,0,0,0,0,0,0,0,0,0,0,0,0,0,0,0,0,0,0,0.00848826363156775,0.00848826363156775,0,0,0.00848826363156775,0,0,0,0,0.00282942121052258,0,0,0,0,0,0,0,0,0,0,0,0,0,0,0,0,0,0,0,0,0,0,1.69765272631355,0,0,0,0,0.00848826363156775,0,0,0,0,0,0,0,0,0.00282942121052258,0,0,0,0.00565884242104517,0,0,0,0,0,0.00282942121052258,0,0,0,0,0,0,0,0,0.00282942121052258,0.00848826363156775,0,0,0.0396118969473162,0,0,0,0,0,0,0,0,0,0,0,0,0,0,0,0,0,0,0,0,0,0,0,0,0,0,0,0,0.00565884242104517,0,0,0,0,0,0,0,0.00282942121052258,0,0,0,0,0,0,0,0,0.00282942121052258,0,0,0,0,0,0,0,0,0,0,0,0,0.00848826363156775,0,0,0,0,0,0,0,0,0,0,0,0,0,0,0,0,0,0,0,0,0,0,0,0,0,0,0,0,0,0,0,0,0,0,0.00282942121052258,0,0,0,0,0,0,0,0,0,0,0,0,0,0,0,0,0,0,0,0,0,0,0,0,0.00848826363156775,0,0,0,0.00565884242104517,0,0,0,0,0,0,0,0,0,0,0,0,0,0,0,0,0,0.00282942121052258,0,0,0,0,0,0,0,0,0,0,0,0,0.0113176848420903,0,0,0,0,0,0,0,0,0.033953054526271,0,0,0,0,0,0,0,0,0,0,0,0,0,0,0,0,0,0,0,0,0,0,0,0,0,0,0,0,0,0,0,0,0,0,0,0,0,0,0,0,0,0,0,0,0,0.0509295817894065,0,0,0,0,0,0.00565884242104517,0.00848826363156775,0,0.00565884242104517,0,0,0,0,0,0,0,0,0,0,0,0,0,0,0,0,0,0,0,0,0.130153375684039,0,0,0,0,0.0169765272631355,0,0,0,0,0,0,0,0,0,0,0,0,0,0,0,0,0,0,0,0,0,0,0,0,0,0,0,2.32012539262852,0,0,0,0,0,0,0,0,0,0,0,0,0,0.155618166578742,0,0,0,0,0,0,0,0,0,0,0,0,0,0,0,0,0,0,0,0,0,0,0,0,0,0,0,0,0,0,0,0,0,0.0198059484736581,0,0,0,0,0,0,0,0,0,0,0,0,0,0,0,0,0,0,0,0,0,0,0,0,0,0,0,0,0,0,0,0,0,0,0,0,0,0,0,0,0,0.0735649514735872,0,0,0,0,0,0,0,0,0,0.00565884242104517,0,0,0,0,0,0,0,0,0,0.0198059484736581,0,0,0,0,0,0.00282942121052258,0,0.0792237938946324,0,0,0,0,0,0,0.00282942121052258,0,0,0,0,0,0.0113176848420903,0,0,0.0113176848420903,0,0,0,0,0,0,0,0,0,0,0,0,0,0,0,0,0,2.95958395806991,0,0,0,0,0,0,0,0,0,0,0,0,0,0,0,0,0,0,0,0,0,0,0,0,0,0,0,0,0,0,0,0,0,0,0,0,0,0,0,2.70351196665433,0,0,0,0,0,0,0,0,0.455595550362258,0,0,0,0,0,0,0,0,0,0,2.14482256975023,0,0,0,0,0,0,0,0,0,0,0,0,0,0,0,0,0,0,0,0,0,0,0,0.918908233049149,0,0,0,0,0,0,0,0,0,0,0,0,0,0,0,3.35956108176822,0,0,0,0.26757093482421,0,0,0,0,0.0783043494528975,2.04127278425209,0,0,0,0,0,0,0,0,0,1.14190686891055,0,0,0,0,0,0,0,0,0,0,0,0,0,0,0,0,0,0,0,0,0,0,0,0,0,0,0,0,0,0,0,0,0,0,0.824205274727579,0.0140158209084447,0,0,0.537333877242317,0,0,0,0,0.223531678154915,0,0,0,0,0,0,0,0,0,0,0,0,0,0,0,0,0,0,0,0,0,0,2.66081600058754,0,0,0,0,0.033820174781987,0,0,0,0,0,0,0,0,0.0100874715797333,0,0,0,0.0228015382443588,0,0,0,0,0,1.07058249271299,0,0,0,0,0,0,0,0,0.0145779472526207,0.373044478593533,0,0,5.19762318474736,0,0,0,0,0,0,0,0,0,0,0,0,0,0,0,0,0,0,0,0,0,0,0,0,0,0,0,0,0.894440796688856,0,0,0,0,0,0,0,0.268969142334369,0,0,0,0,0,0,0,0,0.00546666544566746,0,0,0,0,0,0,0,0,0,0,0,0,0.269893792599903,0,0,0,0,0,0,0,0,0,0,0,0,0,0,0,0,0,0,0,0,0,0,0,0,0,0,0,0,0,0,0,0,0,0,0.755985979686503,0,0,0,0,0,0,0,0,0,0,0,0,0,0,0,0,0,0,0,0,0,0,0,0,0.0489825723285053,0,0,0,0.0168056517762911,0,0,0,0,0,0,0,0,0,0,0,0,0,0,0,0,0,0.651133136615103,0,0,0,0,0,0,0,0,0,0,0,0,2.71174987120521,0,0,0,0,0,0,0,0,3.63015098282434,0,0,0,0,0,0,0,0,0,0,0,0,0,0,0,0,0,0,0,0,0,0,0,0,0,0,0,0,0,0,0,0,0,0,0,0,0,0,0,0,0,0,0,0,0,0.468050967212695,0,0,0,0,0,0.0910558350634467,1.37391746906347,0,0.232584940089729,0,0,0,0,0,0,0,0,0,0,0,0,0,0,0,0,0,0,0,0,1.15706551427856,0,0,0,0,0.116688705547549,0,0,0,0,0,0,0,0,0,0,0,0,0,0,0,0,0,0,0,0,0,0,0,0,0,0,0,1.82205813280841,0,0,0,0,0,0,0,0,0,0,0,0,0,0.213358806261229,0,0,0,0,0,0,0,0,0,0,0,0,0,0,0,0,0,0,0,0,0,0,0,0,0,0,0,0,0,0,0,0,0,2.37754566667486,0,0,0,0,0,0,0,0,0,0,0,0,0,0,0,0,0,0,0,0,0,0,0,0,0,0,0,0,0,0,0,0,0,0,0,0,0,0,0,0,0,0.955403918497199,0,0,0,0,0,0,0,0,0,0.280910826676953,0,0,0,0,0,0,0,0,0,0.0443242979734415,0,0,0,0,0,0.0379719758553684,0,1.50248406122776,0,0,0,0,0,0,1.99391766905318,0,0,0,0,0,0.90148404823189,0,0,0.376025562229497,0,48.83360084,58.041701,72.46770121,54.94040097,49.25930085,40.52350071,52.47920087,53.17750089,43.21460078,55.16830094,50.73960086,"HOW-00219"
"293",4259,"nSPC",2012,"PRIAs","Pacific Remote Island Areas","Howland","Howland",2012,"ForereefMid","Howland","2012-03-12","Forereef","Mid",0.80157632,-176.62113572,16.65,25,10,5,25,30,5,0,0,NA,0.56,0.309376919200657,1.4,2,1,53.9003052053842,55.6588162501906,15.6670083296079,5.41846493125189,130.644594716435,11.6878369723128,0,0,0,0,0,0,0,0,0,0,0,0,0,0,0,0,0.00282942121052258,0,0,0,0,0,0,0,0,0,0,0,0,0.00282942121052258,0,0,0,0,0,0,0,0,0,0,0,0,0,0,0,0,0,0,0,0,0,0,0.0141471060526129,0,0,0,0.00565884242104517,0,0,0,0,0,0,0,0,0,0,0,0,0,0,0,0,0,0,0,0.00848826363156775,0,0,0,0,0,0,0.00282942121052258,0,0,0,0,0,0,0,0,0,0,0,0,0,0,0,0,0,0,0,0,0,0,0,0.0707355302630646,0,0,0,0,0,0,0,0,0.00282942121052258,0,0,0,0.0226353696841807,0,0,0,0,0.0367824757367936,0.0254647908947033,0,0,0,0,0,0,0,0,0,0.0282942121052258,0.00282942121052258,0.0848826363156775,0,0,0,0,0,0,0,0,0,0,0,0,0,0,0,0,0,0,0,0,0,0,0,0,0,0,0,0,0,0,0,0,0,0.113176848420903,0,0,0,0,0,0,0,0,0,0,0,0,0,0,0,0,0,0,0,0,0,0,0,0,0,0,0,0,0,0,0,0,0,0,0,0,0,0,0,0,0,0,0,0,0.00565884242104517,0,0,0,0,0,0,0,0,0,0,0,0,0,0,0,0,0,0,0,0.033953054526271,0,0.00282942121052258,0.0169765272631355,0,0,0,0,0,0,0,0,0,0,0,0,0,0,0,0,0,0,0,0,0,0,0,0,0,0,0,0,0.00565884242104517,0,0,0,0,0,0,0,0,0,0,0.00282942121052258,0,0,0,0,0,0,0,0,0.00282942121052258,0,0,0,0,0,0,0,0,0,0.00565884242104517,0,0.00282942121052258,0,0,0,0,0,0,0,0,0,0,0,0,0,0,0,0,0,0,0,0,0.00565884242104517,0,0,0,0,0,0,0,0,0,0,0,0,0,0,0,0,0,0,0,0,0,0,0,0,0,0,0,0,0,0,0,0,0,0,0,0,0.00848826363156775,0,0,0,0.00848826363156775,0,0,0,0,0,0,0,0,0,0,0,0,0.00565884242104517,0,0,0,0.00282942121052258,0,4.24413181578388,0,0,0,0,0,0,0,0,0,0,0,0.00282942121052258,0,0,0,0,0,0,0,0,0.0763943726841098,0,0,0,0,0,0,0,0,0,0,0,0,0,0.0141471060526129,0.00282942121052258,0,0,0,0,0,0,0,0,0,0,0,0,0,0,0,0,0,0,0,0,0,0,0,0,0,0,0,0,0,0,0.0424413181578388,0,0,0,0,0,0.0169765272631355,0,0,0,0,0,0,0,0,0,0,0,0,0,0,0,0,0,0,0,0,0,0,0,0.0650766878420194,0,0,0,0,0.0226353696841807,0.00282942121052258,0,0,0,0,0,0,0,0,0,0,0,0,0,0,0,0,0,0,0,0,0,0,0,0,0,0,7.07355302630646,0,0,0,0,0,0,0,0,0,0,0,0.00282942121052258,0.0169765272631355,0,0,0,0,0,0,0,0,0,0,0,0,0,0,0,0,0,0,0,0,0,0,0,0,0,0.00565884242104517,0,0,0,0,0,0,0,0,0.00565884242104517,0,0,0,0,0,0,0,0,0,0,0,0,0,0,0,0,0,0,0.00282942121052258,0,0,0,0,0,0,0,0,0,0,0,0,0,0,0,0,0,0,0,0,0,0,0.00565884242104517,0,0,0,0,0,0,0,0,0.00282942121052258,0,0,0,0,0,0,0,0,0,0,0,0,0,0,0,0,0,0,0,0,0,0,0,0,0,0.00565884242104517,0,0,0,0,0,0,0,0,0.00282942121052258,0,0,0,0,0,0,0,0,0,0,0,0,0,0,0,0,0,0.143915361610718,0,0,0,0,0,0,0,0,0,0,0,0,1.97676609273274,0,0,0,0,0,0,0,0,0,0,0,0,0,0,0,0,0,0,0,0,0,0,0.0146115759087793,0,0,0,1.86979046862993,0,0,0,0,0,0,0,0,0,0,0,0,0,0,0,0,0,0,0,0.699320409344907,0,0,0,0,0,0,0.0413864138839341,0,0,0,0,0,0,0,0,0,0,0,0,0,0,0,0,0,0,0,0,0,0,0,0.259143859505317,0,0,0,0,0,0,0,0,6.66338904430398,0,0,0,0.107189356915597,0,0,0,0,0.073963129553091,7.52520114006777,0,0,0,0,0,0,0,0,0,1.75888724053131,0.013338272285034,0.0175197761355558,0,0,0,0,0,0,0,0,0,0,0,0,0,0,0,0,0,0,0,0,0,0,0,0,0,0,0,0,0,0,0,0,0,0.182132672742549,0,0,0,0,0,0,0,0,0,0,0,0,0,0,0,0,0,0,0,0,0,0,0,0,0,0,0,0,0,0,0,0,0,0,0,0,0,0,0,0,0,0,0,0,0.0338408256829149,0,0,0,0,0,0,0,0,0,0,0,0,0,0,0,0,0,0,0,1.12025569476105,0,0.579622692329796,0.404186621010179,0,0,0,0,0,0,0,0,0,0,0,0,0,0,0,0,0,0,0,0,0,0,0,0,0,0,0,0,1.16938157242154,0,0,0,0,0,0,0,0,0,0,1.78688735252363,0,0,0,0,0,0,0,0,0.0181082957473445,0,0,0,0,0,0,0,0,0,0.143251468323722,0,4.01415347420427,0,0,0,0,0,0,0,0,0,0,0,0,0,0,0,0,0,0,0,0,0.0503137658415418,0,0,0,0,0,0,0,0,0,0,0,0,0,0,0,0,0,0,0,0,0,0,0,0,0,0,0,0,0,0,0,0,0,0,0,0,0.0100502175875663,0,0,0,0.0144465607471095,0,0,0,0,0,0,0,0,0,0,0,0,12.6612924241181,0,0,0,0.697642854997493,0,1.60091481512578,0,0,0,0,0,0,0,0,0,0,0,0.387383452121338,0,0,0,0,0,0,0,0,22.0974309662261,0,0,0,0,0,0,0,0,0,0,0,0,0,29.4352666762278,1.09998881411292,0,0,0,0,0,0,0,0,0,0,0,0,0,0,0,0,0,0,0,0,0,0,0,0,0,0,0,0,0,0,0.691611343438233,0,0,0,0,0,0.613001128733106,0,0,0,0,0,0,0,0,0,0,0,0,0,0,0,0,0,0,0,0,0,0,0,0.749456156290732,0,0,0,0,0.0534523854082874,0.0194481175912582,0,0,0,0,0,0,0,0,0,0,0,0,0,0,0,0,0,0,0,0,0,0,0,0,0,0,2.03234779072748,0,0,0,0,0,0,0,0,0,0,0,0.0892197389045876,0.144623723114475,0,0,0,0,0,0,0,0,0,0,0,0,0,0,0,0,0,0,0,0,0,0,0,0,0,0.814948403831758,0,0,0,0,0,0,0,0,1.56417478070715,0,0,0,0,0,0,0,0,0,0,0,0,0,0,0,0,0,0,11.6878369723128,0,0,0,0,0,0,0,0,0,0,0,0,0,0,0,0,0,0,0,0,0,0,0.0391729788552582,0,0,0,0,0,0,0,0,0.300260442397625,0,0,0,0,0,0,0,0,0,0,0,0,0,0,0,0,0,0,0,0,0,0,0,0,0,13.1639124121203,0,0,0,0,0,0,0,0,0.0101549837401289,0,47.89840083,58.23430101,71.8715012,56.03180099,49.19910084,40.46830071,53.81270089,54.22690091,43.54290079,54.67360093,51.23360087,"HOW-00218"
"294",4268,"nSPC",2012,"PRIAs","Pacific Remote Island Areas","Howland","Howland",2012,"ForereefDeep","Howland","2012-03-13","Forereef","Deep",0.80796685,-176.6219331,26,20,0,0,27.5,27.5,0,0,25,NA,0.87375,0.536018882816432,1.9,2,1,17.7080873515055,65.1718533982523,9.7017334660588,2.66308911705537,95.2447633328719,0,0,0,0,0,0,0,0,0,0,0,0,0,0,0,0,0,0.00282942121052258,0,0,0,0,0,0.00282942121052258,0,0,0,0,0,0,0,0,0,0,0,0,0,0,0,0,0,0,0,0,0,0,0,0,0,0,0,0,0,0,0,0,0,0.00282942121052258,0.00565884242104517,0,0,0,0,0,0,0,0,0,0,0,0,0,0,0,0,0,0,0.00565884242104517,0,0,0,0,0,0,0,0,0.00282942121052258,0,0,0,0,0,0,0,0,0,0,0,0,0,0,0,0,0,0,0,0,0,0,0,0,0,0.127323954473516,0,0,0,0,0.00282942121052258,0,0,0,0,0,0,0,0,0.00565884242104517,0.0113176848420903,0,0.00282942121052258,0,0,0,0,0.00282942121052258,0,0,0,0,0,0,0,0,0,0,0,0,0,0,0,0,0,0,0,0,0,0,0,0,0,0,0,0,0,0,0,0,0,0,0,0,0,0.00282942121052258,0.311236333157484,0,0,0.00565884242104517,0,0,0,0,0,0,0,0,0,0,0,0,0,0,0,0,0,0,0,0,0,0,0,0.0141471060526129,0,0,0,0,0,0,0,0,0,0,0,0,0,0,0,0,0,0,0,0,0,0,0,0,0,0,0,0,0,0,0,0,0,0,0,0,0.00282942121052258,0.00282942121052258,0.00282942121052258,0,0,0,0,0,0,0,0,0,0,0,0,0,0,0,0,0,0,0,0,0,0,0,0,0,0,0,0,0,0,0.00282942121052258,0,0.00282942121052258,0,0,0,0,0.00282942121052258,0,0,0,0,0,0,0,0,0,0,0,0,0.00565884242104517,0.00282942121052258,0,0,0,0,0,0,0,0,0,0,0.00282942121052258,0,0,0,0,0,0,0,0,0,0,0,0,0,0,0,0,0,0,0,0,0,0,0,0,0,0,0,0,0,0,0,0,0,0,0,0,0,0,0,0,0,0,0,0,0,0,0,0,0,0,0,0,0,0,0,0,0,0.00848826363156775,0,0,0,0.00282942121052258,0,0,0,0,0,0,0,0,0,0,0,0,0.00282942121052258,0,0,0,0.00282942121052258,0,3.67824757367936,0,0,0,0,0,0,0,0,0,0.00282942121052258,0,0.00282942121052258,0,0,0,0,0,0,0,0.141471060526129,0.0169765272631355,0,0,0,0,0,0,0.0763943726841098,0,0,0,0,0,0,0,0.00565884242104517,0,0,0,0,0,0,0,0,0,0,0,0,0,0,0,0,0,0,0,0,0,0,0,0,0,0,0,0,0,0,0,0,0,0,0,0,0.00565884242104517,0,0,0,0,0,0,0,0,0,0,0,0,0,0,0,0,0.0594178454209743,0,0,0,0,0,0,0,0,0,0,0,0,0,0,0,0,0,0,0,0,0,0,0,0,0,0,0,0.00282942121052258,0,0,0,0,0,0,0,0,0,0,0,4.52707393683613,0,0,0,0,0,0,0,0,0,0,0,0.00282942121052258,0.0113176848420903,0,0,0,0,0,0,0,0,0,0,0,0,0,0,0,0.0198059484736581,0,0,0,0,0.00282942121052258,0,0,0,0,0,0,0,0,0,0,0,0,0,0,0,0,0,0,0,0,0,0,0,0,0,0,0,0,0,0,0,0,0,0,0,0,0,0,0,0,0,0,0,0,0,0,0,0,0,0,0,0,0,0,0,0,0,0,0,0,0,0,0,0,0,0,0,0,0,0,0,0,0,0,0,0,0,0,0,0,0,0,0,0,0,0,0,0,0,0,0,0,0,0,0,0,0,0,0,0.00565884242104517,0,0,0,0,0,0,0,0,0,0,0,0,0,0,0,0,0,0.143915361610718,0,0,0,0,0,0.139750772430131,0,0,0,0,0,0,0,0,0,0,0,0,0,0,0,0,0,0,0,0,0,0,0,0,0,0,0,0,0,0,0,0,0,0.275134333221821,0.415458244136463,0,0,0,0,0,0,0,0,0,0,0,0,0,0,0,0,0,0,0.30705290056627,0,0,0,0,0,0,0,0,0.155725906230731,0,0,0,0,0,0,0,0,0,0,0,0,0,0,0,0,0,0,0,0,0,0,0,0,0,19.4996281211407,0,0,0,0,4.7659830110763,0,0,0,0,0,0,0,0,0.00996709579386188,1.90503200656908,0,0.00804255019459387,0,0,0,0,0.17000073349821,0,0,0,0,0,0,0,0,0,0,0,0,0,0,0,0,0,0,0,0,0,0,0,0,0,0,0,0,0,0,0,0,0,0,0,0,0,0.27473509157586,0.435074440699637,0,0,0.305281970784835,0,0,0,0,0,0,0,0,0,0,0,0,0,0,0,0,0,0,0,0,0,0,0,6.96931997622328,0,0,0,0,0,0,0,0,0,0,0,0,0,0,0,0,0,0,0,0,0,0,0,0,0,0,0,0,0,0,0,0,0,0,0,0,0.00863136712413826,0.0749813966992483,0.0749813966992483,0,0,0,0,0,0,0,0,0,0,0,0,0,0,0,0,0,0,0,0,0,0,0,0,0,0,0,0,0,0,0.0954207396370488,0,1.16141393455005,0,0,0,0,1.07926026320276,0,0,0,0,0,0,0,0,0,0,0,0,0.0362165914946891,0.08578408991335,0,0,0,0,0,0,0,0,0,0,1.88570153473622,0,0,0,0,0,0,0,0,0,0,0,0,0,0,0,0,0,0,0,0,0,0,0,0,0,0,0,0,0,0,0,0,0,0,0,0,0,0,0,0,0,0,0,0,0,0,0,0,0,0,0,0,0,0,0,0,0,0.00832569381588267,0,0,0,0.0048155202490365,0,0,0,0,0,0,0,0,0,0,0,0,3.34481292828878,0,0,0,2.74243714497463,0,1.75557946675658,0,0,0,0,0,0,0,0,0,0.0013400138853035,0,0.474639722654202,0,0,0,0,0,0,0,26.6697232260668,3.03494230860478,0,0,0,0,0,0,5.90194273499278,0,0,0,0,0,0,0,1.64388222158071,0,0,0,0,0,0,0,0,0,0,0,0,0,0,0,0,0,0,0,0,0,0,0,0,0,0,0,0,0,0,0,0,0,0,0,0,0.282890721750612,0,0,0,0,0,0,0,0,0,0,0,0,0,0,0,0,4.42694637903816,0,0,0,0,0,0,0,0,0,0,0,0,0,0,0,0,0,0,0,0,0,0,0,0,0,0,0,0.38366612084141,0,0,0,0,0,0,0,0,0,0,0,1.92516790056228,0,0,0,0,0,0,0,0,0,0,0,0.377840973827069,0.0365828776650046,0,0,0,0,0,0,0,0,0,0,0,0,0,0,0,1.52150880650519,0,0,0,0,0.263560585760179,0,0,0,0,0,0,0,0,0,0,0,0,0,0,0,0,0,0,0,0,0,0,0,0,0,0,0,0,0,0,0,0,0,0,0,0,0,0,0,0,0,0,0,0,0,0,0,0,0,0,0,0,0,0,0,0,0,0,0,0,0,0,0,0,0,0,0,0,0,0,0,0,0,0,0,0,0,0,0,0,0,0,0,0,0,0,0,0,0,0,0,0,0,0,0,0,0,0,0,0.161664155243269,0,45.4965008,55.99350095,68.46060113,53.00400094,47.54170081,39.9257007,49.77150082,48.35870081,42.36080077,53.44740091,50.04820085,"HOW-00213"
"295",4269,"nSPC",2012,"PRIAs","Pacific Remote Island Areas","Howland","Howland",2012,"ForereefShallow","Howland","2012-03-13","Forereef","Shallow",0.80664544,-176.62133396,2,15,0,0,30,55,0,0,0,NA,0.99125,0.471617663588687,2,2,1,13.5934914581663,0.262911233592364,65.0598280967139,11.2553984914354,90.171629279908,0,0,0,0,0,0,0,0,0,0,0,0,0,0.169765272631355,0,0,0,0,0,0,0,0,0,0,0,0,0,0.0198059484736581,0.00565884242104517,0,0,0,0,0,0,0,0,0,0,0,0,0,0,0,0,0,0,0,0,0,0,0,0,0,0,0,0,0.00565884242104517,0,0,0,0,0,0,0,0,0,0,0,0,0.00565884242104517,0,0,0,0,0,0,0,0,0,0,0,0,0,0,0,0,0,0,0,0,0,0,0,0,0,0,0,0,0,0,0,0,0,0,0,0,0,0,0,0,0,0,0,0,0,0,0.00848826363156775,0,0,0,0,0,0,0,0,0,0,0,0,0,0,0,0,0,0,0,0.00565884242104517,0,0,0,0,0,0,0,0,0,0,0,0,0,0,0,0,0,0,0,0,0,0,0,0,0,0,0,0,0,0,0,0,0,0,0,0.0169765272631355,0,0,0.00282942121052258,0,0,0,0,0,0,0,0,0,0,0,0,0,0,0,0,0,0,0,0,0,0,0,0,0,0,0,0.169765272631355,0,0,0,0,0,0,0,0,0,0,0,0,0,0.00282942121052258,0.00282942121052258,0,0,0,0,0,0,0.0622472666314968,0,0,0,0,0,0,0,0,0,0,0,0,0,0,0.00565884242104517,0,0.00282942121052258,0,0,0,0,0,0,0,0,0,0,0,0,0,0,0,0,0,0,0,0,0,0,0,0,0,0,0.00282942121052258,0,0,0,0,0,0.00565884242104517,0,0,0,0,0,0,0,0,0,0,0,0,0,0,0,0,0,0,0,0,0,0,0,0.00565884242104517,0,0,0,0,0,0,0,0,0,0,0,0,0,0.00282942121052258,0,0,0,0,0,0,0,0,0,0,0,0,0,0,0,0,0,0,0,0,0,0,0,0,0,0,0,0,0,0,0,0,0,0,0,0,0,0,0,0,0,0,0,0,0,0.00282942121052258,0,0,0,0,0,0,0,0,0,0,0,0,0,0,0,0,0,0,0,0,0,0,0,0,0,0,0,0,0,0,0,0,0,0,0.00282942121052258,0,0,0,0,0,0,0,0,0,0,0,0,0,0,0,0,0,0,0,0,0,0,0,0,0,0,0,0,0,0,0,0,0,0,0,0,0,0,0,0,0,0,0,0,0,0,0,0,0,0,0,0,0,0,0.0792237938946323,0,0,0,0,0,0,0.00848826363156775,0,0,0,0,0,0,0,0,0,0,0,0,0,0,0,0,0,0,0,0,0,0,0.311236333157484,0,0,0,0.00282942121052258,0,0,0,0,0,0,0,0,0,0,0,0,0,0,0,0,0.00282942121052258,0,0,0,0,0,0,0,0,0,0,0,0,0,0,0,0,0,0,0,0,0,0,0,0,0,0,0,0,0,0,0,0,0,0,0,0,0,0,0,0,0,0,0,0,0,0,0,0,0,0,0,0,0,0,0,0,0,0,0,0,0,0,0,0,0,0,0,0,0,0,0,0,0,0,0,0,0,0,0,0,0,0,0,0,0,0,0,0,0,0,0,0,0,0,0,0,0,0,0,0,0,0.113176848420903,0,0,0.124494533262994,0,0,0,0,0,0,0,0,0,0,0,0,0,0,0,0,0.0707355302630646,0,0,0,0,0,0,0,0.0820532151051549,0,0,0,0,0,0,0,0,0,0,0,0,0,0,0,0,0,0,0,0,0,0,0,0,0,0,0,0,0,57.1696596302318,0,0,0,0,0,0,0,0,0,0,0,0,0,1.52860759080364,3.3979113329631,0,0,0,0,0,0,0,0,0,0,0,0,0,0,0,0,0,0,0,0,0,0,0,0,0,0,0,0,1.77564289256039,0,0,0,0,0,0,0,0,0,0,0,0,7.97575386640067,0,0,0,0,0,0,0,0,0,0,0,0,0,0,0,0,0,0,0,0,0,0,0,0,0,0,0,0,0,0,0,0,0,0,0,0,0,0,0,0,0,0,0,0,0,0,5.59806227668421,0,0,0,0,0,0,0,0,0,0,0,0,0,0,0,0,0,0,0,0.321797226591546,0,0,0,0,0,0,0,0,0,0,0,0,0,0,0,0,0,0,0,0,0,0,0,0,0,0,0,0,0,0,0,0,0,0,0,0.0189797574801855,0,0,0.179111292414106,0,0,0,0,0,0,0,0,0,0,0,0,0,0,0,0,0,0,0,0,0,0,0,0,0,0,0,0.104023670804863,0,0,0,0,0,0,0,0,0,0,0,0,0,0.0237533541031816,0.133027501749688,0,0,0,0,0,0,0.0502993141158068,0,0,0,0,0,0,0,0,0,0,0,0,0,0,1.45158675520172,0,0.288297667657029,0,0,0,0,0,0,0,0,0,0,0,0,0,0,0,0,0,0,0,0,0,0,0,0,0,0,1.21323044308,0,0,0,0,0,2.48078830050592,0,0,0,0,0,0,0,0,0,0,0,0,0,0,0,0,0,0,0,0,0,0,0,0.138804184734702,0,0,0,0,0,0,0,0,0,0,0,0,0,1.09947021754644,0,0,0,0,0,0,0,0,0,0,0,0,0,0,0,0,0,0,0,0,0,0,0,0,0,0,0,0,0,0,0,0,0,0,0,0,0,0,0,0,0,0,0,0,0,0.0054076140822457,0,0,0,0,0,0,0,0,0,0,0,0,0,0,0,0,0,0,0,0,0,0,0,0,0,0,0,0,0,0,0,0,0,0,0.387383452121338,0,0,0,0,0,0,0,0,0,0,0,0,0,0,0,0,0,0,0,0,0,0,0,0,0,0,0,0,0,0,0,0,0,0,0,0,0,0,0,0,0,0,0,0,0,0,0,0,0,0,0,0,0,0,1.27108027689448,0,0,0,0,0,0,1.10450010119774,0,0,0,0,0,0,0,0,0,0,0,0,0,0,0,0,0,0,0,0,0,0,0.689968353477603,0,0,0,0.00332952533180386,0,0,0,0,0,0,0,0,0,0,0,0,0,0,0,0,0.38366612084141,0,0,0,0,0,0,0,0,0,0,0,0,0,0,0,0,0,0,0,0,0,0,0,0,0,0,0,0,0,0,0,0,0,0,0,0,0,0,0,0,0,0,0,0,0,0,0,0,0,0,0,0,0,0,0,0,0,0,0,0,0,0,0,0,0,0,0,0,0,0,0,0,0,0,0,0,0,0,0,0,0,0,0,0,0,0,0,0,0,0,0,0,0,0,0,0,0,0,0,0,0,0.387757502087062,0,0,0.398324851532472,0,0,0,0,0,0,0,0,0,0,0,0,0,0,0,0,0.139907805307315,0,0,0,0,0,0,0,0.45149640140551,0,0,0,0,0,0,0,0,0,0,0,0,0,0,0,0,0,43.85540077,53.94580092,67.56680112,51.51860092,46.8399008,39.5866007,47.54840079,46.86990079,41.45100074,52.9275009,47.98500082,"HOW-00214"
"296",4270,"nSPC",2012,"PRIAs","Pacific Remote Island Areas","Howland","Howland",2012,"ForereefShallow","Howland","2012-03-13","Forereef","Shallow",0.79386564,-176.61812788,6.15,17.5,0,5,60,17.5,0,0,0,NA,0.39125,0.227688422956242,1.15,2,1,25.8931966158009,5.79274762544573,7.2548379918139,6.51893618685986,45.4597184199203,0,0,0,0,0,0,0,0,0,0,0,0,0,0,0,0,0,0.0537590029999291,0,0,0,0,0,0,0,0,0,0,0,0,0.00282942121052258,0,0,0,0,0,0,0,0,0,0,0,0,0,0,0,0,0,0,0,0,0,0,0.0565884242104517,0,0,0,0.00282942121052258,0,0,0,0,0,0,0,0,0,0,0,0,0,0,0,0,0,0,0,0.00848826363156775,0,0,0,0,0,0,0,0,0,0,0,0,0,0,0,0,0,0,0,0,0,0,0,0,0,0,0,0,0,0,0,0,0,0,0,0,0,0,0,0.0113176848420903,0,0,0,0.0396118969473162,0,0,0,0,0.00848826363156775,0,0,0,0,0,0,0,0,0,0,0.00848826363156775,0,0,0,0,0,0,0,0,0,0,0,0,0,0,0,0,0,0,0,0,0,0,0,0,0,0,0,0,0,0,0,0,0,0,0,0,0,0,0.00565884242104517,0,0,0,0,0,0,0,0,0,0,0,0,0,0.00565884242104517,0,0,0,0,0,0,0,0,0,0,0,0,0,1.07518005999858,0,0,0,0,0.00282942121052258,0,0,0,0,0,0,0,0,0,0,0,0,0.0565884242104517,0,0,0,0,0,0,0,0,0,0,0,0,0,0,0,0.00282942121052258,0,0,0.0113176848420903,0,0.0113176848420903,0,0,0,0,0,0,0,0,0,0,0,0,0,0,0,0,0,0,0,0,0,0,0,0,0,0,0,0,0,0,0,0,0,0,0.00282942121052258,0,0,0,0,0,0,0.00282942121052258,0,0,0,0,0,0,0,0,0,0,0,0,0,0,0.00848826363156775,0,0,0,0,0,0,0,0,0,0,0,0,0,0.00282942121052258,0,0,0,0,0,0.0113176848420903,0,0,0,0,0,0.0113176848420903,0,0,0,0,0,0,0,0,0,0,0,0,0,0,0,0,0,0,0,0,0,0,0,0,0,0,0,0,0,0,0,0,0,0.00565884242104517,0,0,0,0,0,0,0,0,0,0,0,0,0,0,0,0,0,0,0,0,0,0,0,0,0,0,0,0,0,0,0,0,0,0.00282942121052258,0.00848826363156775,0,0,0,0,0,0,0,0,0.00565884242104517,0,0,0,0,0,0,0,0,0,0,0,0,0,0,0,0,0,0,0,0,0,0,0,0,0,0,0,0,0,0,0,0,0,0,0,0,0,0,0,0,0,0,0,0,0,0.135812218105084,0,0,0,0,0,0.0113176848420903,0.00848826363156775,0,0.00565884242104517,0,0,0,0,0,0,0,0,0,0,0,0,0,0,0,0,0,0,0,0,0.0990297423682904,0,0,0,0,0,0,0,0,0,0,0,0,0,0,0,0,0,0,0,0,0,0,0,0,0,0,0,0,0,0,0,0,5.37590029999291,0,0,0,0,0,0,0,0,0,0,0,0.00282942121052258,0.00282942121052258,0.848826363156775,0,0,0,0,0,0,0,0,0,0,0,0,0,0,0,0,0,0,0,0,0,0,0,0,0.00282942121052258,0,0,0,0,0,0,0,0,0,0,0,0,0,0,0,0,0,0,0,0,0,0,0,0,0,0,0,0,0,0,0,0,0,0,0,0,0,0,0,0,0,0,0,0,0,0,0,0,0,0,0.0792237938946324,0,0,0,0,0,0,0,0,0.00282942121052258,0.00282942121052258,0,0,0,0,0,0,0,0,0,0.00282942121052258,0,0,0,0,0,0,0,0.0396118969473162,0,0,0,0,0,0,0,0,0,0,0,0,0.00848826363156775,0,0,0.0113176848420903,0,0,0,0,0,0,0,0,0,0,0,0,0,0,0,0,0,2.82561149743163,0,0,0,0,0,0,0,0,0,0,0,0,0.44430944842884,0,0,0,0,0,0,0,0,0,0,0,0,0,0,0,0,0,0,0,0,0,0,0.207175248985811,0,0,0,1.06764955544678,0,0,0,0,0,0,0,0,0,0,0,0,0,0,0,0,0,0,0,0.736934637406602,0,0,0,0,0,0,0,0,0,0,0,0,0,0,0,0,0,0,0,0,0,0,0,0,0,0,0,0,0,0,0,0,0,0,0,0,0,0,0,8.29735007168803,0,0,0,0.129818793118668,0,0,0,0,0.0241276505837816,0,0,0,0,0,0,0,0,0,0,0.54940392540203,0,0,0,0,0,0,0,0,0,0,0,0,0,0,0,0,0,0,0,0,0,0,0,0,0,0,0,0,0,0,0,0,0,0,0,0,0,0,0.260861585044025,0,0,0,0,0,0,0,0,0,0,0,0,0,0.54947018315172,0,0,0,0,0,0,0,0,0,0,0,0,0,0.721230784247049,0,0,0,0,0.0011897411152285,0,0,0,0,0,0,0,0,0,0,0,0,0.0704224763522974,0,0,0,0,0,0,0,0,0,0,0,0,0,0,0,0.0749813966992483,0,0,1.11767283583294,0,0.366963769844806,0,0,0,0,0,0,0,0,0,0,0,0,0,0,0,0,0,0,0,0,0,0,0,0,0,0,0,0,0,0,0,0,0,0,1.65739781688447,0,0,0,0,0,0,6.86980091393946,0,0,0,0,0,0,0,0,0,0,0,0,0,0,0.264979671601272,0,0,0,0,0,0,0,0,0,0,0,0,0,5.94266088948128,0,0,0,0,0,0.943493620151976,0,0,0,0,0,0.125801442920134,0,0,0,0,0,0,0,0,0,0,0,0,0,0,0,0,0,0,0,0,0,0,0,0,0,0,0,0,0,0,0,0,0,0.0225968114656179,0,0,0,0,0,0,0,0,0,0,0,0,0,0,0,0,0,0,0,0,0,0,0,0,0,0,0,0,0,0,0,0,0,0.474639722654202,1.6394973214476,0,0,0,0,0,0,0,0,1.45620001311734,0,0,0,0,0,0,0,0,0,0,0,0,0,0,0,0,0,0,0,0,0,0,0,0,0,0,0,0,0,0,0,0,0,0,0,0,0,0,0,0,0,0,0,0,0,0.726043484168052,0,0,0,0,0,0.310863890086377,0.753760104443595,0,0.473828793350186,0,0,0,0,0,0,0,0,0,0,0,0,0,0,0,0,0,0,0,0,0.284825804665929,0,0,0,0,0,0,0,0,0,0,0,0,0,0,0,0,0,0,0,0,0,0,0,0,0,0,0,0,0,0,0,0,1.49237821749014,0,0,0,0,0,0,0,0,0,0,0,0.137248467199058,0.00310354925231643,1.41305439633601,0,0,0,0,0,0,0,0,0,0,0,0,0,0,0,0,0,0,0,0,0,0,0,0,0.336525479189918,0,0,0,0,0,0,0,0,0,0,0,0,0,0,0,0,0,0,0,0,0,0,0,0,0,0,0,0,0,0,0,0,0,0,0,0,0,0,0,0,0,0,0,0,0,0,0,0,0,0,0.447769981504759,0,0,0,0,0,0,0,0,0.167700926916158,0.270255923103076,0,0,0,0,0,0,0,0,0,0.0268795014999645,0,0,0,0,0,0,0,0.481583051847602,0,0,0,0,0,0,0,0,0,0,0,0,0.733682755426217,0,0,0.557972268998173,0,93.67870162,112.604802,114.568602,106.6938019,103.0022018,124.2630022,111.5726019,100.1645017,112.7112019,134.0868023,116.610902,"HOW-00225"
"297",4273,"nSPC",2012,"PRIAs","Pacific Remote Island Areas","Howland","Howland",2012,"ForereefMid","Howland","2012-03-13","Forereef","Mid",0.80542118,-176.62123606,11.1,35,0,5,40,10,0,0,10,NA,0.645,0.35245887680812,1.6,2,1,30.3164638602794,27.2863581200869,90.0512400670865,13.9968928607276,161.65095490818,2.21621147148738,0,0,0,0,0,0,0,0,0,0,0,0,0,0,0,0,0.00848826363156775,0,0,0,0,0,0,0,0,0,0,0,0,0,0,0,0,0,0,0,0,0,0,0,0,0,0,0,0,0,0,0,0,0,0,0,0,0,0,0,0.0113176848420903,0,0,0,0,0,0,0,0,0,0,0,0,0.00565884242104517,0,0,0,0,0,0,0.00565884242104517,0,0,0,0,0,0,0,0,0.00282942121052258,0,0,0,0,0,0,0,0,0,0,0,0,0,0,0.00282942121052258,0,0,0,0,0,0,0,0,0,0,0.00282942121052258,0,0,0,0,0.00282942121052258,0,0,0,0.0282942121052258,0,0,0,0,0.0226353696841807,0.00848826363156775,0,0,0,0,0,0,0,0,0,0.0113176848420903,0,0.565884242104517,0,0,0,0,0,0,0,0,0,0,0.00282942121052258,0,0,0,0,0,0,0,0,0,0,0,0,0,0,0,0,0,0,0,0,0,0.00565884242104517,0.0848826363156775,0,0,0.00282942121052258,0,0,0,0,0,0,0,0,0,0,0,0,0,0,0,0,0,0,0,0,0,0,0,0,0,0,0,0.141471060526129,0,0,0,0,0.0311236333157484,0,0,0,0,0,0,0,0,0.00282942121052258,0,0,0,0,0,0,0,0,0,0,0,0,0,0,0,0,0,0,0,0.00848826363156775,0,0,0.00565884242104517,0,0,0,0,0,0,0,0,0,0,0,0,0,0,0,0,0,0,0,0,0,0,0,0,0,0,0,0,0,0,0,0,0,0,0,0,0,0,0,0,0,0,0,0,0,0,0,0,0,0,0,0,0,0,0,0,0,0,0.00282942121052258,0,0.00282942121052258,0,0,0,0,0,0,0.00282942121052258,0,0,0,0,0,0,0,0,0,0,0,0,0,0,0,0,0,0,0,0,0,0,0,0,0,0,0,0,0,0,0,0,0,0,0,0,0,0,0,0,0,0,0,0,0,0,0,0,0,0.00565884242104517,0.00848826363156775,0,0,0,0.00565884242104517,0,0,0,0,0,0,0,0,0,0,0,0,0.00282942121052258,0.0113176848420903,0,0,0.0198059484736581,0,1.69765272631355,0,0,0,0,0,0,0,0,0,0,0,0.0113176848420903,0,0,0,0,0,0,0,0,0.144300481736652,0,0,0,0,0,0,0,0,0,0,0,0,0,0,0.00282942121052258,0,0,0,0,0,0,0,0,0,0,0,0,0,0,0,0,0,0,0,0,0,0,0,0,0,0,0,0,0,0,0.00282942121052258,0,0,0,0,0,0.0254647908947033,0.00282942121052258,0,0,0,0,0,0,0,0,0,0,0,0,0,0,0,0,0,0,0,0,0,0,0.0282942121052258,0,0,0,0,0.0367824757367936,0,0,0,0,0,0,0,0.00282942121052258,0,0,0,0,0,0,0,0,0,0,0,0,0,0,0,0,0,0,0,1.69765272631355,0,0,0,0,0,0,0,0,0,0,0,0,0.00282942121052258,0,0,0,0,0,0,0,0,0,0,0,0,0,0,0,0,0,0,0,0,0,0,0,0,0,0,0,0,0,0,0,0,0,0,0.00282942121052258,0,0,0,0,0,0,0,0,0,0,0,0,0,0,0,0,0,0,0,0,0,0,0,0.00282942121052258,0,0,0,0,0,0,0,0,0,0,0,0,0,0,0,0,0,0.00565884242104517,0,0,0,0,0,0,0,0,0,0,0,0,0,0,0,0,0,0,0,0,0,0,0,0,0,0,0,0.00282942121052258,0,0,0,0,0,0,0,0,0,0,0,0,0,0,0,0.00848826363156775,0,0,0,0,0,0,0,0,0,0,0,0,0,0,0,0,0,0.534574784541912,0,0,0,0,0,0,0,0,0,0,0,0,0,0,0,0,0,0,0,0,0,0,0,0,0,0,0,0,0,0,0,0,0,0,0,0,0,0,0,2.57068337321574,0,0,0,0,0,0,0,0,0,0,0,0,7.97575386640067,0,0,0,0,0,0,0.970212169701274,0,0,0,0,0,0,0,0,0.232429000294309,0,0,0,0,0,0,0,0,0,0,0,0,0,0,0.367235344118342,0,0,0,0,0,0,0,0,0,0,0.696382646134092,0,0,0,0,3.27679759091424,0,0,0,0.134253357834448,0,0,0,0,0.045489576087337,1.55263170979214,0,0,0,0,0,0,0,0,0,1.32634395267941,0,0.255496735310189,0,0,0,0,0,0,0,0,0,0,82.6844935230701,0,0,0,0,0,0,0,0,0,0,0,0,0,0,0,0,0,0,0,0,0,0.556732454071754,0.0996437267709738,0,0,0.27473509157586,0,0,0,0,0,0,0,0,0,0,0,0,0,0,0,0,0,0,0,0,0,0,0,0,0,0,0,0.0985487407625016,0,0,0,0,0.0226251942445261,0,0,0,0,0,0,0,0,0.0058621881694282,0,0,0,0,0,0,0,0,0,0,0,0,0,0,0,0,0,0,0,0.226067597399774,0,0,0.339020414205889,0,0,0,0,0,0,0,0,0,0,0,0,0,0,0,0,0,0,0,0,0,0,0,0,0,0,0,0,0,0,0,0,0,0,0,0,0,0,0,0,0,0,0,0,0,0,0,0,0,0,0,0,0,0,0,0,0,0,0.0706637519428109,0,2.41459679207444,0,0,0,0,0,0,0.0181518330406065,0,0,0,0,0,0,0,0,0,0,0,0,0,0,0,0,0,0,0,0,0,0,0,0,0,0,0,0,0,0,0,0,0,0,0,0,0,0,0,0,0,0,0,0,0,0,0,0,0,0.009631040498073,0.00437711960045545,0,0,0,0.009631040498073,0,0,0,0,0,0,0,0,0,0,0,0,8.21468339950854,2.53656024460248,0,0,9.67116471634251,0,0.740762278863286,0,0,0,0,0,0,0,0,0,0,0,2.74337954024076,0,0,0,0,0,0,0,0,24.832929224764,0,0,0,0,0,0,0,0,0,0,0,0,0,0,0.864545884661978,0,0,0,0,0,0,0,0,0,0,0,0,0,0,0,0,0,0,0,0,0,0,0,0,0,0,0,0,0,0,0.0310176353076178,0,0,0,0,0,1.00075444800523,0.27065604470659,0,0,0,0,0,0,0,0,0,0,0,0,0,0,0,0,0,0,0,0,0,0,0.363022332522646,0,0,0,0,0.21452582044069,0,0,0,0,0,0,0,0.00239733768980179,0,0,0,0,0,0,0,0,0,0,0,0,0,0,0,0,0,0,0,0.53996957323734,0,0,0,0,0,0,0,0,0,0,0,0,0.0181534692942321,0,0,0,0,0,0,0,0,0,0,0,0,0,0,0,0,0,0,0,0,0,0,0,0,0,0,0,0,0,0,0,0,0,0,0.32528214593076,0,0,0,0,0,0,0,0,0,0,0,0,0,0,0,0,0,0,0,0,0,0,0,2.21621147148738,0,0,0,0,0,0,0,0,0,0,0,0,0,0,0,0,0,0.084015162285243,0,0,0,0,0,0,0,0,0,0,0,0,0,0,0,0,0,0,0,0,0,0,0,0,0,0,0,0.0286708080683464,0,0,0,0,0,0,0,0,0,0,0,0,0,0,0,0.17918875527162,0,44.76010078,54.68400093,68.15720113,52.60840093,47.28330081,39.7812007,48.3840008,48.07490081,41.96640075,53.1618009,48.98870083,"HOW-00215"
"298",4275,"nSPC",2012,"PRIAs","Pacific Remote Island Areas","Howland","Howland",2012,"ForereefDeep","Howland","2012-03-13","Forereef","Deep",0.79636713,-176.61947552,20.35,17.5,0,25,25,22.5,10,0,0,NA,0.6125,0.434992816032633,1.5,2,1,31.9873654503377,50.6165932803777,17.8266347319885,9.00752081585916,109.438114278563,5.30975177237201,0,0,0,0,0,0,0,0,0,0,0,0,0,0,0.00565884242104517,0,0.00282942121052258,0,0.00282942121052258,0,0,0,0.00848826363156775,0,0,0.00565884242104517,0,0,0,0.00282942121052258,0.00282942121052258,0,0,0,0,0,0,0,0,0,0,0,0,0,0,0,0,0,0,0,0,0,0.0990297423682904,0,0,0,0.0113176848420903,0,0,0,0,0,0,0,0,0,0,0,0,0.00282942121052258,0,0,0,0,0,0,0.00848826363156775,0,0,0,0,0,0,0,0,0,0,0,0,0,0,0,0,0,0,0,0,0,0,0,0,0,0,0,0,0,0,0,0,0,0.00282942121052258,0,0,0,0,0,0.00565884242104517,0,0,0,0.0141471060526129,0,0,0,0,0.033953054526271,0.0254647908947033,0,0,0,0,0,0,0.0113176848420903,0,0,0.00282942121052258,0,0.141471060526129,0,0,0,0,0,0,0,0,0,0,0,0,0,0,0,0,0,0,0,0,0,0,0,0,0,0,0,0,0,0,0,0,0.00565884242104517,0.127323954473516,0,0,0,0,0,0,0,0,0,0,0,0,0,0,0,0,0,0,0,0,0,0,0,0,0,0,0,0,0,0,0,0,0,0,0,0,0,0,0,0,0,0,0,0,0.0141471060526129,0,0,0,0,0,0,0,0,0,0,0,0,0,0,0,0,0,0,0,0.0254647908947033,0,0,0.00848826363156775,0,0,0,0,0,0,0,0,0,0,0,0,0,0,0,0,0,0,0,0,0,0,0,0,0,0,0,0,0.00565884242104517,0,0,0,0,0,0,0,0,0,0,0,0,0,0,0,0,0,0,0,0.00848826363156775,0,0,0,0,0,0,0,0,0,0,0,0.00282942121052258,0,0,0,0,0.00282942121052258,0,0,0,0,0,0,0,0,0,0,0,0,0,0,0,0.033953054526271,0,0,0,0,0,0,0,0,0,0,0,0,0,0,0,0,0,0,0,0,0,0,0,0,0,0,0,0,0,0,0,0,0,0,0,0.00282942121052258,0.00565884242104517,0,0,0,0.0169765272631355,0,0,0,0,0,0,0,0,0,0,0,0,0.00565884242104517,0,0,0,0,0,4.24413181578388,0,0,0,0,0,0,0,0,0,0,0,0.0198059484736581,0,0,0,0,0,0,0,0,0.169765272631355,0,0,0,0,0,0,0,0,0,0,0,0,0,0,0.00282942121052258,0,0,0,0,0,0,0,0,0,0,0,0,0,0,0,0,0,0,0,0,0,0,0,0,0,0,0,0,0,0,0,0,0,0,0,0,0.0198059484736581,0,0,0,0,0,0,0,0,0,0,0,0,0,0,0,0,0,0,0,0,0,0,0,0,0,0,0,0,0.0169765272631355,0,0,0,0,0,0,0,0.00282942121052258,0,0,0,0,0,0,0,0,0,0,0,0,0,0,0,0,0,0,0,5.65884242104517,0,0,0,0,0,0,0,0,0,0,0,0,0.0169765272631355,0,0,0,0,0,0,0,0,0,0,0,0,0,0,0,0,0,0,0,0,0,0,0,0,0,0,0,0,0,0,0,0,0,0,0.00848826363156775,0,0,0,0,0,0,0,0,0,0,0,0,0,0,0,0,0,0,0.00282942121052258,0,0,0,0,0,0,0,0,0,0,0,0,0,0,0,0,0,0,0,0,0,0,0,0,0,0,0,0,0,0,0,0.00282942121052258,0,0,0,0,0,0,0,0,0,0,0,0,0,0,0,0,0,0,0,0,0,0,0,0,0,0,0,0,0,0,0,0.00565884242104517,0,0,0.00282942121052258,0,0,0,0,0,0,0,0,0,0,0,0,0,0,0,0.59883845878623,0,0.261071808710051,0,1.30537136722222,0,0,0,0.597302135226159,0,0,0.29220847551672,0,0,0,1.13751446051048,0.567228217179515,0,0,0,0,0,0,0,0,0,0,0,0,0,0,0,0,0,0,0,0,0,0.327296586310176,0,0,0,2.31067088165356,0,0,0,0,0,0,0,0,0,0,0,0,2.85206818205931,0,0,0,0,0,0,0.971213667858853,0,0,0,0,0,0,0,0,0,0,0,0,0,0,0,0,0,0,0,0,0,0,0,0,0,0,0,0,0,0,0,0,0,0.0278362041200995,0,0,0,0,0,8.04278060199053,0,0,0,0.0669933480722482,0,0,0,0,0.0864403966603904,6.31831908475395,0,0,0,0,0,0,1.62597041828698,0,0,0.484023138252705,0,0.0985487407625016,0,0,0,0,0,0,0,0,0,0,0,0,0,0,0,0,0,0,0,0,0,0,0,0,0,0,0,0,0,0,0,0,0.447063356309831,0.934023065226821,0,0,0,0,0,0,0,0,0,0,0,0,0,0,0,0,0,0,0,0,0,0,0,0,0,0,0,0,0,0,0,0,0,0,0,0,0,0,0,0,0,0,0,0,0.029310940847141,0,0,0,0,0,0,0,0,0,0,0,0,0,0,0,0,0,0,0,1.54686564889506,0,0,0.843414424728439,0,0,0,0,0,0,0,0,0,0,0,0,0,0,0,0,0,0,0,0,0,0,0,0,0,0,0,0,2.63559357519351,0,0,0,0,0,0,0,0,0,0,0,0,0,0,0,0,0,0,0,0.291147442562774,0,0,0,0,0,0,0,0,0,0,0,1.18634449916377,0,0,0,0,0.1070530668702,0,0,0,0,0,0,0,0,0,0,0,0,0,0,0,0.29320275613411,0,0,0,0,0,0,0,0,0,0,0,0,0,0,0,0,0,0,0,0,0,0,0,0,0,0,0,0,0,0,0,0,0,0,0,0.00785111761276115,0.0143058943670161,0,0,0,0.0773698732899895,0,0,0,0,0,0,0,0,0,0,0,0,7.85940941128132,0,0,0,0,0,2.60487834325551,0,0,0,0,0,0,0,0,0,0,0,5.6667797789885,0,0,0,0,0,0,0,0,39.9966800329162,0,0,0,0,0,0,0,0,0,0,0,0,0,0,1.37647632095751,0,0,0,0,0,0,0,0,0,0,0,0,0,0,0,0,0,0,0,0,0,0,0,0,0,0,0,0,0,0,0,0,0,0,0,0,0.279686312380726,0,0,0,0,0,0,0,0,0,0,0,0,0,0,0,0,0,0,0,0,0,0,0,0,0,0,0,0,0.0721749079745747,0,0,0,0,0,0,0,0.00430121785038095,0,0,0,0,0,0,0,0,0,0,0,0,0,0,0,0,0,0,0,6.36295803638977,0,0,0,0,0,0,0,0,0,0,0,0,0.101927122608723,0,0,0,0,0,0,0,0,0,0,0,0,0,0,0,0,0,0,0,0,0,0,0,0,0,0,0,0,0,0,0,0,0,0,2.09384243131698,0,0,0,0,0,0,0,0,0,0,0,0,0,0,0,0,0,0,5.30975177237201,0,0,0,0,0,0,0,0,0,0,0,0,0,0,0,0,0,0,0,0,0,0,0,0,0,0,0,0,0,0,0,0.356425585194983,0,0,0,0,0,0,0,0,0,0,0,0,0,0,0,0,0,0,0,0,0,0,0,0,0,0,0,0,0,0,0,0.82808810269223,0,0,0.139493067249543,0,64.1577011,69.09030117,85.57290143,64.75040115,64.39990112,58.26280101,68.42350112,76.0917013,64.27020112,83.86470143,61.57400103,"HOW-00224"
"299",4276,"nSPC",2012,"PRIAs","Pacific Remote Island Areas","Howland","Howland",2012,"ForereefDeep","Howland","2012-03-13","Forereef","Deep",0.80254569,-176.6097236,21.8,22.5,0,10,27.5,30,10,0,0,NA,0.5675,0.455531760737457,1.6,2,1,38.1491094312101,51.0114889798214,18.2515686783413,34.2201447803981,141.632311869771,3.98153647089007,0,0,0,0,0,0,0,0,0,0,0,0,0,0,0,0,0.00848826363156775,0,0,0,0,0,0.00282942121052258,0,0,0.0141471060526129,0,0,0,0.00282942121052258,0,0,0,0,0,0,0,0,0,0,0.00565884242104517,0,0,0,0,0,0,0,0,0,0,0,0,0,0,0,0.00565884242104517,0,0,0,0,0,0,0,0,0.00565884242104517,0,0,0,0,0,0,0,0,0,0,0.0141471060526129,0.00282942121052258,0,0,0,0,0,0,0,0,0,0,0,0,0,0,0,0,0,0,0,0,0,0,0.00565884242104517,0,0,0,0,0,0,0,0,0,0,0,0,0,0,0,0.00282942121052258,0,0,0,0.00848826363156775,0,0,0,0,0.0254647908947033,0.0254647908947033,0,0,0,0,0,0,0,0,0,0.0169765272631355,0,0.282942121052258,0,0,0,0,0,0.00565884242104517,0,0,0,0,0,0,0,0,0,0,0,0,0,0,0,0,0,0,0,0,0,0,0,0,0,0,0,0.0396118969473162,0,0,0.0113176848420903,0,0,0,0,0,0,0,0,0,0,0,0,0,0,0,0,0,0,0,0,0,0,0,0,0,0,0,0,0,0,0,0,0.0113176848420903,0,0,0,0,0,0,0,0,0,0,0,0,0,0,0,0,0,0,0,0,0.00848826363156775,0,0,0,0,0,0,0,0.0113176848420903,0,0,0.0141471060526129,0,0,0,0,0,0,0,0.00565884242104517,0,0,0,0,0,0,0,0,0.00282942121052258,0,0,0,0,0,0,0,0,0,0,0,0.00282942121052258,0,0,0,0,0,0.00282942121052258,0,0.00282942121052258,0,0,0,0.00282942121052258,0,0,0,0,0,0,0,0,0,0,0,0,0,0,0,0,0,0.0113176848420903,0,0,0,0,0,0,0,0,0,0,0,0,0,0,0,0,0,0,0,0.00282942121052258,0,0,0,0,0,0.0141471060526129,0,0,0,0,0,0,0,0,0.00282942121052258,0,0,0,0,0,0,0,0,0,0,0,0,0,0,0,0,0,0,0,0,0,0,0,0.00282942121052258,0.00282942121052258,0,0,0,0.0113176848420903,0,0,0,0,0,0,0,0,0,0,0,0,0.00848826363156775,0,0,0,0.00282942121052258,0,3.3953054526271,0,0,0,0,0,0,0,0,0,0,0,0.0198059484736581,0.00282942121052258,0,0,0,0,0,0,0.0424413181578388,0.0848826363156775,0,0.0424413181578388,0,0,0,0,0,0,0,0,0,0,0,0.00848826363156775,0.00565884242104517,0,0,0,0,0,0,0.00565884242104517,0,0,0,0,0,0,0,0,0,0,0,0.0707355302630646,0,0,0,0,0,0,0,0,0,0,0,0,0,0,0,0,0,0.00848826363156775,0.00848826363156775,0,0.00282942121052258,0,0.00282942121052258,0,0,0,0,0,0,0,0,0,0,0,0,0,0,0,0,0,0,0.0226353696841807,0,0,0,0,0.0141471060526129,0,0,0,0,0,0,0,0,0,0,0,0,0,0,0,0,0,0,0,0,0,0,0,0,0,0,0,3.67824757367936,0,0,0,0,0,0,0,0,0,0,0,0,0.00848826363156775,0.0707355302630646,0,0,0,0,0,0,0,0,0,0,0,0,0,0,0,0,0,0,0,0.00282942121052258,0,0,0,0,0.00848826363156775,0,0,0,0,0,0,0,0,0.0169765272631355,0,0,0,0,0,0,0,0,0,0,0,0,0,0,0,0,0,0,0,0,0,0,0,0.00282942121052258,0,0,0,0,0,0,0,0,0,0,0,0,0,0,0,0,0,0,0,0,0,0,0,0,0,0,0,0,0,0,0,0,0,0,0,0,0,0.00848826363156775,0,0,0,0,0,0.00282942121052258,0,0.00565884242104517,0,0,0,0,0,0,0.00282942121052258,0,0,0,0,0,0.00282942121052258,0,0,0,0,0,0,0,0,0,0,0,0,0,0,0,0,0,0,0,0,0.739307768604118,0,0,0,0,0,0.297021320995819,0,0,1.34368279578718,0,0,0,0.922865468988166,0,0,0,0,0,0,0,0,0,0,0.517963020955676,0,0,0,0,0,0,0,0,0,0,0,0,0,0,0,1.30434054268123,0,0,0,0,0,0,0,0,0.611413134193805,0,0,0,0,0,0,0,0,0,0,1.43346538629652,4.05202856669691,0,0,0,0,0,0,0,0,0,0,0,0,0,0,0,0,0,0,0,0,0,0,1.28616817433865,0,0,0,0,0,0,0,0,0,0,0,0,0,0,0,3.27679759091424,0,0,0,0.0129186000606337,0,0,0,0,0.122728948589934,9.04723331441181,0,0,0,0,0,0,0,0,0,1.52397619572852,0,0.332145755903246,0,0,0,0,0,0.486157350780733,0,0,0,0,0,0,0,0,0,0,0,0,0,0,0,0,0,0,0,0,0,0,0,0,0,0,0,0.0832189366438902,0,0,1.08080393897829,0,0,0,0,0,0,0,0,0,0,0,0,0,0,0,0,0,0,0,0,0,0,0,0,0,0,0,0,0,0,0,0,0.0695299817934164,0,0,0,0,0,0,0,0,0,0,0,0,0,0,0,0,0,0,0,0,0.125754954876426,0,0,0,0,0,0,0,1.39779795584483,0,0,2.096121920854,0,0,0,0,0,0,0,0.223627346196336,0,0,0,0,0,0,0,0,1.27094478797064,0,0,0,0,0,0,0,0,0,0,0,0.696915384503568,0,0,0,0,0,1.36131828634757,0,1.01241608582374,0,0,0,0.552063113739284,0,0,0,0,0,0,0,0,0,0,0,0,0,0,0,0,0,0.473289718678988,0,0,0,0,0,0,0,0,0,0,0,0,0,0,0,0,0,0,0,0.109390817412507,0,0,0,0,0,0.135736106674521,0,0,0,0,0,0,0,0,1.30634377289828,0,0,0,0,0,0,0,0,0,0,0,0,0,0,0,0,0,0,0,0,0,0,0,0.0027012170491327,0.0136985311808475,0,0,0,0.0451115824064935,0,0,0,0,0,0,0,0,0,0,0,0,12.645570036079,0,0,0,0.970468908277384,0,2.08390267460441,0,0,0,0,0,0,0,0,0,0,0,4.40036882600437,3.17327869517181,0,0,0,0,0,0,5.67437692311758,16.0737799271268,0,11.1567398271074,0,0,0,0,0,0,0,0,0,0,0,10.3635379967091,5.20376686649752,0,0,0,0,0,0,5.49704957592971,0,0,0,0,0,0,0,0,0,0,0,2.84091573419033,0,0,0,0,0,0,0,0,0,0,0,0,0,0,0,0,0,0.0378668262235144,0.833532284819717,0,0.500467612637146,0,0.70581455351794,0,0,0,0,0,0,0,0,0,0,0,0,0,0,0,0,0,0,0.290417866018117,0,0,0,0,0.0601457566454789,0,0,0,0,0,0,0,0,0,0,0,0,0,0,0,0,0,0,0,0,0,0,0,0,0,0,0,6.381951940976,0,0,0,0,0,0,0,0,0,0,0,0,0.0451059309894922,0.0336895777808714,0,0,0,0,0,0,0,0,0,0,0,0,0,0,0,0,0,0,0,0.319864936081094,0,0,0,0,1.00957643756975,0,0,0,0,0,0,0,0,3.56360395330292,0,0,0,0,0,0,0,0,0,0,0,0,0,0,0,0,0,0,0,0,0,0,0,3.98153647089007,0,0,0,0,0,0,0,0,0,0,0,0,0,0,0,0,0,0,0,0,0,0,0,0,0,0,0,0,0,0,0,0,0,0,0,0,0,0.0100798130624867,0,0,0,0,0,0.0144133771430532,0,0.0966312420081304,0,0,0,0,0,0,3.9637453926724,0,0,0,0,0,0.333113530817294,0,0,0,0,118.706502,123.7835022,116.662702,125.5986021,126.8101022,139.2732024,128.7315022,122.9022021,146.6769025,131.0290022,136.0399023,"HOW-00162"
"300",4277,"nSPC",2012,"PRIAs","Pacific Remote Island Areas","Howland","Howland",2012,"ForereefMid","Howland","2012-03-13","Forereef","Mid",0.80127952,-176.60993842,15.1,35,0,7.5,32.5,25,0,0,0,NA,0.64375,0.395857998319266,1.5,2,1,39.6712059755161,78.4561133499724,26.3326165449991,8.20183551344284,152.66177138393,6.11240860478507,0,0,0,0,0,0,0,0,0,0,0,0,0,0,0,0.0113176848420903,0.0282942121052258,0,0,0,0,0,0,0,0,0.0169765272631355,0,0,0,0,0,0,0,0,0,0,0,0,0,0,0,0,0,0,0,0,0,0,0,0,0,0,0,0,0,0,0.0113176848420903,0,0,0,0,0,0,0,0.00282942121052258,0.00282942121052258,0,0,0,0,0,0,0,0,0,0,0.0113176848420903,0,0,0,0,0,0,0,0,0,0,0,0,0,0,0,0,0,0,0,0,0,0,0,0,0,0,0,0,0,0,0,0,0,0,0,0,0,0,0,0.00282942121052258,0,0,0,0.0198059484736581,0,0,0,0.00282942121052258,0.0509295817894065,0.0282942121052258,0,0,0,0,0,0,0,0,0,0.0141471060526129,0,0,0,0,0,0,0,0,0,0,0,0,0.00282942121052258,0,0,0,0,0,0,0,0,0,0,0,0,0,0,0,0,0,0,0,0,0,0,0.0565884242104517,0,0,0.00565884242104517,0,0,0,0,0,0,0,0,0,0,0,0,0,0,0,0,0,0,0,0,0,0,0,0,0,0,0,0.0707355302630646,0,0,0,0,0.00282942121052258,0,0,0,0,0,0,0,0,0,0,0,0,0,0,0,0,0,0,0,0,0.00848826363156775,0,0,0,0,0,0,0,0,0,0,0.0169765272631355,0,0,0,0,0,0,0,0.00282942121052258,0,0,0,0,0,0,0,0,0,0,0,0,0,0,0,0,0,0,0,0,0,0,0,0,0,0,0,0,0.00282942121052258,0,0,0,0,0,0,0,0,0,0,0,0,0,0,0,0,0,0,0,0,0,0.00848826363156775,0,0,0,0,0,0,0.00282942121052258,0,0,0,0,0,0,0,0,0,0,0,0,0,0,0,0,0,0,0.00848826363156775,0,0,0,0,0,0,0,0,0,0,0,0,0,0,0,0,0,0,0,0,0,0,0,0,0,0,0,0,0,0,0,0,0.00565884242104517,0.00282942121052258,0,0,0,0,0,0,0,0,0,0,0.00282942121052258,0,0.155618166578742,0,0,0,0.00565884242104517,0,0,0,0.00282942121052258,0,5.94178454209743,0,0,0,0,0,0,0,0,0,0,0,0.033953054526271,0,0,0,0,0,0,0,0,0.0226353696841807,0,0,0,0,0,0,0,0,0,0,0,0,0,0.0311236333157484,0.00282942121052258,0,0,0,0,0,0,0.00565884242104517,0,0,0,0,0,0,0,0,0,0,0,0.0198059484736581,0,0,0,0,0,0,0,0,0,0,0,0.0141471060526129,0,0,0,0,0,0.00565884242104517,0.00848826363156775,0,0.00565884242104517,0,0.00565884242104517,0,0,0,0,0,0,0,0,0,0,0,0,0,0,0,0,0,0,0.0650766878420194,0,0,0,0,0,0,0,0,0,0,0,0,0,0,0,0,0,0,0,0,0.00282942121052258,0,0,0,0,0,0,0,0,0,0,0,6.7906109052542,0,0,0,0,0,0,0,0,0,0,0,0,0.00282942121052258,1.41471060526129,0,0,0,0,0,0,0,0,0,0,0,0,0,0,0,0,0,0,0,0,0,0,0,0,0,0,0,0,0,0,0,0,0,0.0141471060526129,0,0,0,0,0,0,0,0,0,0,0,0,0,0,0,0,0,0,0.00565884242104517,0,0,0,0,0,0,0,0,0,0,0,0,0,0,0,0,0,0,0,0,0,0,0.0141471060526129,0,0,0,0,0,0,0,0,0,0,0,0,0,0,0,0,0,0,0,0,0,0,0,0,0,0,0,0.00565884242104517,0,0,0,0,0,0,0,0,0,0,0,0,0.00565884242104517,0,0,0.00282942121052258,0,0,0,0,0,0,0,0,0,0,0,0,0,0,0,0,6.28280432224831,2.93375874695775,0,0,0,0,0,0,0,0,1.39532793820073,0,0,0,0,0,0,0,0,0,0,0,0,0,0,0,0,0,0,0,0,0,0,0,0,0,0,0,0,0,0,2.42282206488565,0,0,0,0,0,0,0,3.8412828048446,0.204882759234707,0,0,0,0,0,0,0,0,0,0,1.01318698966534,0,0,0,0,0,0,0,0,0,0,0,0,0,0,0,0,0,0,0,0,0,0,0,0,0,0,0,0,0,0,0,0,0,0,0,0,0,0,0,1.31235695922621,0,0,0,0.191156733027624,0,0,0,0.0728496737915671,0.166190381182113,13.5419869499062,0,0,0,0,0,0,0,0,0,1.56851332698275,0,0,0,0,0,0,0,0,0,0,0,0,4.25447865498813,0,0,0,0,0,0,0,0,0,0,0,0,0,0,0,0,0,0,0,0,0,0,0.0394194963050006,0,0,0.281988661853712,0,0,0,0,0,0,0,0,0,0,0,0,0,0,0,0,0,0,0,0,0,0,0,0,0,0,0,0.0492743703812508,0,0,0,0,0.0150987194066038,0,0,0,0,0,0,0,0,0,0,0,0,0,0,0,0,0,0,0,0,0.179220626380354,0,0,0,0,0,0,0,0,0,0,2.52855933440377,0,0,0,0,0,0,0,0.0491651522891768,0,0,0,0,0,0,0,0,0,0,0,0,0,0,0,0,0,0,0,0,0,0,0,0,0,0,0,0,0.720617772457906,0,0,0,0,0,0,0,0,0,0,0,0,0,0,0,0,0,0,0,0,0,0.193941196824794,0,0,0,0,0,0,0.1070530668702,0,0,0,0,0,0,0,0,0,0,0,0,0,0,0,0,0,0,0.0578016800255238,0,0,0,0,0,0,0,0,0,0,0,0,0,0,0,0,0,0,0,0,0,0,0,0,0,0,0,0,0,0,0,0,0.0157022352255223,0.0136985311808475,0,0,0,0,0,0,0,0,0,0,5.30757922906458,0,0.678218064475745,0,0,0,9.23890579816962,0,0,0,0.970468908277384,0,5.30201279450132,0,0,0,0,0,0,0,0,0,0,0,8.65878723681283,0,0,0,0,0,0,0,0,2.87334376398625,0,0,0,0,0,0,0,0,0,0,0,0,0,35.4980591882301,1.09998881411292,0,0,0,0,0,0,7.74179198528076,0,0,0,0,0,0,0,0,0,0,0,1.25764603855973,0,0,0,0,0,0,0,0,0,0,0,0.102173073532955,0,0,0,0,0,0.0620352706152356,0.504734150424175,0,0.929164838137457,0,0.842705336258601,0,0,0,0,0,0,0,0,0,0,0,0,0,0,0,0,0,0,1.20493898880769,0,0,0,0,0,0,0,0,0,0,0,0,0,0,0,0,0,0,0,0,0.263560585760179,0,0,0,0,0,0,0,0,0,0,0,15.8626237444497,0,0,0,0,0,0,0,0,0,0,0,0,0.00627676278629307,1.41132777165779,0,0,0,0,0,0,0,0,0,0,0,0,0,0,0,0,0,0,0,0,0,0,0,0,0,0,0,0,0,0,0,0,0,2.24949851213994,0,0,0,0,0,0,0,0,0,0,0,0,0,0,0,0,0,0,6.11240860478507,0,0,0,0,0,0,0,0,0,0,0,0,0,0,0,0,0,0,0,0,0,0,0.210037905713108,0,0,0,0,0,0,0,0,0,0,0,0,0,0,0,0,0,0,0,0,0,0,0,0,0,0,0,0.115076521821648,0,0,0,0,0,0,0,0,0,0,0,0,0.528018213807278,0,0,0.177250133015761,0,114.6156019,120.5207021,108.3701019,121.8183021,122.4360022,135.5980024,125.7507021,118.1346021,144.1516024,122.8109021,131.2974023,"HOW-00176"
"301",4278,"nSPC",2012,"PRIAs","Pacific Remote Island Areas","Howland","Howland",2012,"ForereefShallow","Howland","2012-03-13","Forereef","Shallow",0.80391764,-176.62103657,4.4,47.5,0,5,27.5,12.5,0,0,7.5,NA,0.60875,0.33284912796691,1.25,2,1,22.7793146431482,11.5402576261342,31.3668854250719,17.361433796701,83.0478914910554,10.5308493235111,0,0,0,0,0,0,0,0,0,0,0,0,0.00282942121052258,0,0,0,0.033953054526271,0,0,0,0,0,0,0,0,0,0,0,0,0,0,0,0,0,0,0,0,0,0,0,0,0,0,0,0,0,0,0,0,0,0,0,0,0,0,0,0.00282942121052258,0,0,0,0,0,0,0,0,0,0,0,0,0.00282942121052258,0,0,0,0,0,0,0.00565884242104517,0,0,0,0,0,0,0,0,0,0,0,0,0,0.00282942121052258,0,0,0,0,0,0,0,0,0,0.00848826363156775,0,0,0,0,0,0,0,0,0,0,0,0,0,0,0,0.00848826363156775,0,0,0,0.0594178454209743,0,0,0,0,0.0113176848420903,0.0141471060526129,0,0,0,0,0,0,0,0,0,0.0169765272631355,0,0,0,0,0,0,0,0,0,0,0,0,0,0,0,0,0,0,0,0,0,0,0,0,0,0,0,0,0,0,0,0,0,0,0.00282942121052258,0,0,0,0.00282942121052258,0,0,0,0,0,0,0,0,0,0,0,0,0,0,0,0,0,0,0,0,0,0,0,0,0,0,0,1.98059484736581,0,0,0,0,0.00282942121052258,0,0,0,0,0,0,0,0,0.00565884242104517,0,0,0,0,0,0,0,0,0,0,0,0,0,0,0,0,0,0,0,0.0113176848420903,0,0,0.0424413181578388,0,0,0,0,0,0,0,0,0,0,0,0,0,0,0,0,0,0,0,0,0,0,0,0,0,0,0,0,0.00565884242104517,0,0,0,0,0,0,0,0,0,0,0,0,0,0,0,0,0,0,0,0.00282942121052258,0,0,0,0,0,0,0,0,0,0.00565884242104517,0,0,0,0,0,0,0,0,0,0,0,0,0,0,0,0,0,0,0,0,0,0,0,0,0,0,0,0,0,0,0,0,0,0,0.00565884242104517,0,0,0,0,0,0,0,0,0,0,0,0,0,0,0,0,0,0,0,0,0,0,0,0,0.00848826363156775,0,0,0,0.00565884242104517,0,0,0,0,0,0,0,0,0.565884242104517,0,0,0,0.00282942121052258,0,0,0,0.00282942121052258,0,1.13176848420903,0,0,0,0,0,0,0,0,0,0,0,0.0424413181578388,0,0,0,0,0,0,0,0,0,0,0,0,0,0,0,0,0,0,0,0,0,0,0,0,0,0,0,0,0,0,0,0,0,0,0,0,0,0,0,0,0,0,0,0,0,0,0.00565884242104517,0,0,0,0,0,0,0,0.0594178454209743,0,0,0,0,0,0.00848826363156775,0.00848826363156775,0,0.00565884242104517,0,0,0,0,0,0,0,0,0,0,0,0,0,0,0,0,0,0,0,0,0.212206590789194,0,0,0,0,0.0141471060526129,0,0,0,0,0,0,0,0,0,0.00282942121052258,0,0,0,0,0,0.00565884242104517,0,0,0,0,0,0,0,0,0,0,0,2.26353696841807,0,0,0,0,0,0,0,0,0,0,0,0,0.00565884242104517,0.0282942121052258,0,0,0,0,0,0,0,0,0,0,0,0,0,0,0,0,0,0,0,0,0,0,0,0,0,0,0,0,0,0,0,0,0,0.0141471060526129,0,0,0,0,0,0,0,0,0,0,0,0,0,0,0,0,0,0,0.00565884242104517,0,0,0,0,0.00282942121052258,0,0,0,0,0,0,0,0,0,0,0,0,0,0,0,0,0,0.033953054526271,0,0,0,0,0,0,0,0,0.00282942121052258,0.00848826363156775,0.00282942121052258,0,0,0,0,0,0,0,0,0.0113176848420903,0,0,0,0,0,0,0,0.0452707393683613,0,0,0,0,0,0,0,0,0,0,0,0,0,0,0,0.0198059484736581,0,0,0,0,0,0,0,0,0,0,0,0,0,0.595018280432999,0,0,0,3.42227236831848,0,0,0,0,0,0,0,0,0,0,0,0,0,0,0,0,0,0,0,0,0,0,0,0,0,0,0,0,0,0,0,0,0,0,0,0,0,0,0,0.802140913183153,0,0,0,0,0,0,0,0,0,0,0,0,2.07448282268359,0,0,0,0,0,0,1.07760132826053,0,0,0,0,0,0,0,0,0,0,0,0,0,0.410477670117783,0,0,0,0,0,0,0,0,0,1.92925226150797,0,0,0,0,0,0,0,0,0,0,0,0,0,0,0,7.1172529750289,0,0,0,0.438701443598046,0,0,0,0,0.0535946784577985,6.88049203641422,0,0,0,0,0,0,0,0,0,1.79302263192431,0,0,0,0,0,0,0,0,0,0,0,0,0,0,0,0,0,0,0,0,0,0,0,0,0,0,0,0,0,0,0,0,0,0,0.27473509157586,0,0,0,0.179111292414106,0,0,0,0,0,0,0,0,0,0,0,0,0,0,0,0,0,0,0,0,0,0,0,0,0,0,0,5.49682976253064,0,0,0,0,0.0250328161400584,0,0,0,0,0,0,0,0,0.00603376847504995,0,0,0,0,0,0,0,0,0,0,0,0,0,0,0,0,0,0,0,0.523580528332082,0,0,5.99047163022199,0,0,0,0,0,0,0,0,0,0,0,0,0,0,0,0,0,0,0,0,0,0,0,0,0,0,0,0,1.39383076900714,0,0,0,0,0,0,0,0,0,0,0,0,0,0,0,0,0,0,0,0.0970491475209246,0,0,0,0,0,0,0,0,0,0.121107088246259,0,0,0,0,0,0,0,0,0,0,0,0,0,0,0,0,0,0,0,0,0,0,0,0,0,0,0,0,0,0,0,0,0,0,0.0996691915618686,0,0,0,0,0,0,0,0,0,0,0,0,0,0,0,0,0,0,0,0,0,0,0,0,0.0314950917503884,0,0,0,0.0157022352255223,0,0,0,0,0,0,0,0,0.925274494843885,0,0,0,3.10149640633296,0,0,0,1.18645183794633,0,0.694634224868136,0,0,0,0,0,0,0,0,0,0,0,8.7351140699308,0,0,0,0,0,0,0,0,0,0,0,0,0,0,0,0,0,0,0,0,0,0,0,0,0,0,0,0,0,0,0,0,0,0,0,0,0,0,0,0,0,0,0,0,0,0,0.650725001667815,0,0,0,0,0,0,0,0.982582521137944,0,0,0,0,0,0.0378668262235144,0.466760247087731,0,0.309208105350667,0,0,0,0,0,0,0,0,0,0,0,0,0,0,0,0,0,0,0,0,2.09906387252671,0,0,0,0,0.0972405879562911,0,0,0,0,0,0,0,0,0,0.00162864000935487,0,0,0,0,0,2.15908831854738,0,0,0,0,0,0,0,0,0,0,0,4.3129730485465,0,0,0,0,0,0,0,0,0,0,0,0,0.0223195522751254,0.0622893899090428,0,0,0,0,0,0,0,0,0,0,0,0,0,0,0,0,0,0,0,0,0,0,0,0,0,0,0,0,0,0,0,0,0,2.3930384454552,0,0,0,0,0,0,0,0,0,0,0,0,0,0,0,0,0,0,8.87298198407441,0,0,0,0,1.65786733943665,0,0,0,0,0,0,0,0,0,0,0,0,0,0,0,0,0,0.422917197335783,0,0,0,0,0,0,0,0,0.206264806247096,1.05375405881178,0.525804794218899,0,0,0,0,0,0,0,0,0.0232238892959694,0,0,0,0,0,0,0,0.543998103156882,0,0,0,0,0,0,0,0,0,0,0,0,0,0,0,0.654365904932832,0,44.87060078,55.06200094,68.71460114,53.75960095,47.67260082,39.8047007,48.5091008,48.75810081,41.98360075,53.2498009,49.11720084,"HOW-00216"
"302",4279,"nSPC",2012,"PRIAs","Pacific Remote Island Areas","Howland","Howland",2012,"ForereefShallow","Howland","2012-03-13","Forereef","Shallow",0.80830129,-176.62188699,5,47.5,0,3.5,30,16.5,0,0,2.5,NA,0.645,0.404409353500417,1.5,2,1,18.4653413180629,12.917905202938,19.8789988177464,34.0257298085243,85.2879751472717,1.21464909988486,0,0,0,0,0,0,0,0,0,0,0,0,0.00282942121052258,0,0,0,0.00848826363156775,0,0,0,0,0,0,0,0,0,0,0,0,0,0,0,0,0,0,0,0,0,0,0,0,0,0,0,0,0,0,0,0,0,0,0,0,0,0,0,0.00565884242104517,0,0,0,0,0,0,0,0,0,0,0,0,0,0,0,0,0,0,0,0.00565884242104517,0,0,0,0,0,0,0,0,0.00282942121052258,0,0,0,0,0,0,0,0,0,0,0,0,0,0,0.00282942121052258,0,0,0,0,0,0,0,0,0,0,0,0,0,0,0,0.0113176848420903,0,0,0,0.033953054526271,0,0,0,0,0.0198059484736581,0.00565884242104517,0,0,0,0,0,0,0,0,0,0.00565884242104517,0,0.141471060526129,0,0,0,0,0,0,0,0,0,0,0,0,0,0,0,0,0,0,0,0,0,0,0,0,0,0,0,0,0,0,0,0,0,0.0169765272631355,0,0,0.0113176848420903,0,0,0,0,0,0,0,0,0,0,0,0,0,0,0,0,0,0,0,0,0,0,0,0,0,0,0,0.707355302630646,0,0,0,0,0.00282942121052258,0,0,0,0,0,0,0,0,0,0,0,0,0,0,0,0,0,0,0,0,0,0,0,0,0,0,0,0,0.0254647908947033,0,0,0.0141471060526129,0,0,0,0,0,0,0,0,0,0,0,0,0,0,0,0,0.00565884242104517,0,0,0,0,0,0,0,0,0,0,0,0,0,0,0,0,0,0,0,0,0,0,0,0,0,0,0,0,0,0,0,0,0,0,0,0,0,0,0,0,0,0.00282942121052258,0,0.00282942121052258,0,0,0,0,0,0,0,0,0,0,0,0,0,0,0,0,0,0.00282942121052258,0,0,0,0,0,0.00282942121052258,0,0,0,0,0,0,0,0,0.00282942121052258,0,0,0,0,0,0,0,0,0,0,0,0,0,0,0,0,0,0,0,0,0,0,0,0,0,0,0,0,0.00282942121052258,0,0,0,0,0,0,0,0,0.565884242104517,0,0,0,0,0.0565884242104517,0,0,0.0141471060526129,0,0.848826363156775,0,0,0,0,0,0,0,0,0,0,0.00565884242104517,0.0254647908947033,0,0,0,0,0,0,0,0,0.0226353696841807,0,0,0,0,0,0,0,0,0,0,0,0,0,0,0.00565884242104517,0,0,0,0,0,0,0,0,0,0,0,0,0,0,0,0,0,0,0,0,0,0,0,0,0,0,0,0,0,0,0,0,0,0,0,0,0,0.00565884242104517,0,0,0,0,0,0,0,0,0,0,0,0,0,0,0,0,0,0,0,0,0,0,0.141471060526129,0,0,0,0,0.0113176848420903,0.00848826363156775,0,0,0,0,0,0,0,0,0,0,0,0,0,0,0.00282942121052258,0,0,0,0,0,0,0,0,0,0,0,6.50766878420194,0,0,0,0,0,0,0,0,0,0,0,0,0.00282942121052258,0,0,0,0,0,0,0,0,0,0,0,0,0,0,0,0,0,0,0,0,0,0,0,0,0,0,0,0,0,0,0,0,0,0,0.00282942121052258,0,0,0,0,0,0,0,0,0,0,0,0,0,0,0,0,0,0,0.00282942121052258,0,0,0,0,0,0,0,0,0,0,0,0,0,0,0,0,0,0,0,0,0,0,0.0367824757367936,0,0,0.0198059484736581,0,0,0,0,0,0,0,0,0,0,0,0,0,0,0,0,0.00282942121052258,0,0,0,0,0,0,0,0.0311236333157484,0,0,0,0,0,0,0,0,0,0,0,0,0,0,0,0.0169765272631355,0,0,0,0,0,0,0,0,0,0,0,0,0,1.25680778625381,0,0,0,0.617454998404659,0,0,0,0,0,0,0,0,0,0,0,0,0,0,0,0,0,0,0,0,0,0,0,0,0,0,0,0,0,0,0,0,0,0,0,0,0,0,0,1.26634283053451,0,0,0,0,0,0,0,0,0,0,0,0,0,0,0,0,0,0,0,0.722926695256528,0,0,0,0,0,0,0,0,0.155725906230731,0,0,0,0,0,0,0,0,0,0,0,0,0,0,0.918908233049149,0,0,0,0,0,0,0,0,0,0,0,0,0,0,0,5.98484407056707,0,0,0,0.243689321520289,0,0,0,0,0.0884345678812917,2.40097757912642,0,0,0,0,0,0,0,0,0,0.329015043171794,0,0.0985487407625016,0,0,0,0,0,0,0,0,0,0,0,0,0,0,0,0,0,0,0,0,0,0,0,0,0,0,0,0,0,0,0,0,0,0.102490690393002,0,0,0.563977323707424,0,0,0,0,0,0,0,0,0,0,0,0,0,0,0,0,0,0,0,0,0,0,0,0,0,0,0,1.12053568200326,0,0,0,0,0.0250328161400584,0,0,0,0,0,0,0,0,0,0,0,0,0,0,0,0,0,0,0,0,0,0,0,0,0,0,0,0,0.933562152839386,0,0,4.515923971606,0,0,0,0,0,0,0,0,0,0,0,0,0,0,0,0,7.44194787963057,0,0,0,0,0,0,0,0,0,0,0,0,0,0,0,0,0,0,0,0,0,0,0,0,0,0,0,0,0,0,0,0,0,0,0,0,0,0,0,0,0,0.0569174580230593,0,2.81717706918355,0,0,0,0,0,0,0,0,0,0,0,0,0,0,0,0,0,0.0682112336509005,0,0,0,0,0,0.00812836125358928,0,0,0,0,0,0,0,0,0.163292971612285,0,0,0,0,0,0,0,0,0,0,0,0,0,0,0,0,0,0,0,0,0,0,0,0,0,0,0,0,0.00785111761276115,0,0,0,0,0,0,0,0,0.347317112434068,0,0,0,0,20.3865388923056,0,0,5.4945452453959,0,0.520975668651102,0,0,0,0,0,0,0,0,0,0,0.774766904242675,7.04678170727897,0,0,0,0,0,0,0,0,2.87334376398625,0,0,0,0,0,0,0,0,0,0,0,0,0,0,2.47646513507044,0,0,0,0,0,0,0,0,0,0,0,0,0,0,0,0,0,0,0,0,0,0,0,0,0,0,0,0,0,0,0,0,0,0,0,0,0,0.172439480083676,0,0,0,0,0,0,0,0,0,0,0,0,0,0,0,0,0,0,0,0,0,0,1.66984657127331,0,0,0,0,0.116772977418099,0.124512340692285,0,0,0,0,0,0,0,0,0,0,0,0,0,0,0.95014567316862,0,0,0,0,0,0,0,0,0,0,0,6.88393370504087,0,0,0,0,0,0,0,0,0,0,0,0,0.0111597761375627,0,0,0,0,0,0,0,0,0,0,0,0,0,0,0,0,0,0,0,0,0,0,0,0,0,0,0,0,0,0,0,0,0,0,0.529667650609828,0,0,0,0,0,0,0,0,0,0,0,0,0,0,0,0,0,0,1.21464909988486,0,0,0,0,0,0,0,0,0,0,0,0,0,0,0,0,0,0,0,0,0,0,0.54609855485408,0,0,0.294053067998351,0,0,0,0,0,0,0,0,0,0,0,0,0,0,0,0,0.0464477785919387,0,0,0,0,0,0,0,0.253711087584229,0,0,0,0,0,0,0,0,0,0,0,0,0,0,0,0.645078454154319,0,45.25960079,55.91980095,68.37550113,52.74760093,47.43280081,39.9149007,49.72020082,47.9180008,42.36080077,53.42990091,50.01380085,"HOW-00212"
"303",4282,"nSPC",2012,"PRIAs","Pacific Remote Island Areas","Howland","Howland",2012,"ForereefDeep","Howland","2012-03-14","Forereef","Deep",0.8070399,-176.6097609,24.4,7.5,0,7.5,25,45,15,0,0,NA,0.38125,0.235569705283936,1,2,1,32.1340975710937,30.4397535291146,21.4782721248044,23.2474119312085,107.299535156221,0,0,0,0,0,0,0,0,0,0,0,0,0,0,0,0,0,0.0141471060526129,0,0,0,0,0.00282942121052258,0,0,0,0.00282942121052258,0,0,0,0.00282942121052258,0,0,0,0,0,0,0,0,0,0,0,0.00282942121052258,0,0,0,0,0,0,0,0,0,0,0,0,0,0,0.00565884242104517,0,0,0,0,0,0,0,0,0.00565884242104517,0,0,0,0,0,0,0,0,0,0,0.00848826363156775,0,0,0,0,0,0,0,0,0,0,0,0,0,0.00282942121052258,0,0,0,0,0,0,0,0,0,0.00282942121052258,0,0,0,0,0,0,0,0,0,0,0,0,0,0,0,0,0,0,0,0.00848826363156775,0,0,0,0,0.0198059484736581,0.0282942121052258,0,0,0,0,0,0,0,0,0,0.0226353696841807,0,0.0848826363156775,0,0,0,0,0,0,0,0,0,0,0,0,0,0,0,0,0,0,0,0,0,0,0,0,0,0,0,0,0,0,0,0,0,0.0311236333157484,0,0,0.00565884242104517,0,0,0,0,0.00282942121052258,0,0,0,0,0,0,0,0,0,0,0,0,0,0,0,0,0,0,0,0,0,0,0,0,0,0,0,0,0,0,0,0,0,0,0,0,0.0113176848420903,0,0,0,0,0,0,0,0,0,0,0,0.0169765272631355,0,0,0,0.00565884242104517,0,0,0,0,0,0,0.0311236333157484,0,0,0,0,0,0,0,0,0,0,0.00282942121052258,0,0,0,0,0,0,0,0,0,0,0,0,0,0,0,0,0,0,0,0.00282942121052258,0,0,0,0.00282942121052258,0,0,0,0,0.00565884242104517,0,0,0,0,0,0,0,0,0,0,0,0,0,0,0,0,0,0,0.0113176848420903,0,0.00282942121052258,0,0,0,0,0.00565884242104517,0,0,0,0,0,0,0,0,0,0,0,0,0,0,0,0.0565884242104517,0,0,0.0113176848420903,0,0,0,0,0,0,0,0,0.00282942121052258,0,0,0,0,0,0,0,0,0,0,0,0,0,0,0,0,0,0,0,0,0,0,0,0,0.0113176848420903,0,0,0,0,0,0,0,0,0,0,0,0,0,0,0,0,0.00848826363156775,0,0,0,0,0,4.52707393683613,0,0,0,0,0,0,0,0,0,0,0,0.0113176848420903,0,0,0,0,0,0,0,0,0.0141471060526129,0,0.0141471060526129,0,0,0,0,0,0,0,0,0,0,0,0.00848826363156775,0.00848826363156775,0,0,0,0,0,0,0.00282942121052258,0,0,0,0,0,0,0,0,0,0,0,0.0367824757367936,0,0,0,0,0,0,0,0,0,0,0,0.00282942121052258,0,0,0,0,0,0.00565884242104517,0.00565884242104517,0,0.00848826363156775,0,0.00282942121052258,0,0,0,0,0,0,0,0,0,0,0,0,0,0,0,0,0,0,0.00282942121052258,0,0,0,0,0.00282942121052258,0,0,0,0,0,0,0,0,0,0,0,0,0,0,0,0.00282942121052258,0,0,0,0,0,0,0,0,0,0,0,3.3953054526271,0,0,0,0,0,0.00282942121052258,0,0,0,0,0,0.00282942121052258,0.00848826363156775,0.141471060526129,0,0,0,0,0,0,0,0,0,0,0,0,0,0,0,0,0,0,0,0.00282942121052258,0,0,0,0,0.00282942121052258,0,0,0,0,0,0,0,0,0.00848826363156775,0,0,0,0,0,0,0,0,0,0,0,0,0,0,0,0,0,0,0,0,0,0,0,0,0,0,0,0,0,0,0,0,0,0,0,0,0,0,0,0,0,0,0,0,0,0,0,0,0,0,0.00848826363156775,0,0,0,0,0,0,0,0,0,0,0,0,0,0,0,0,0,0,0,0,0,0,0,0,0,0,0,0,0,0,0,0,0,0,0,0,0,0,0,0,0,0,0,0,0,0,0,0,0,0,0,0,1.31052733187846,0,0,0,0,0.393396000525706,0,0,0,0.14610423775836,0,0,0,1.13751446051048,0,0,0,0,0,0,0,0,0,0,0,0.173262437247561,0,0,0,0,0,0,0,0,0,0,0,0,0,0,1.60428182636631,0,0,0,0,0,0,0,0,0.507432170586254,0,0,0,0,0,0,0,0,0,0,1.03522384228715,0,0,0,0,0,0,0,0,0,0,0,0,0,0.410477670117783,0,0,0,0,0,0,0,0,0,0.643084087169323,0,0,0,0,0,0,0,0,0,0,0,0,0,0,0,0,0,0,0,0.0367141497934288,0,0,0,0,0.0670100902018686,8.59955973197898,0,0,0,0,0,0,0,0,0,2.826961841821,0,0.059129244457501,0,0,0,0,0,0,0,0,0,0,0,0,0,0,0,0,0,0,0,0,0,0,0,0,0,0,0,0,0,0,0,0,0,0.0513913433309638,0,0,0.666401551833678,0,0,0,0,0.27473509157586,0,0,0,0,0,0,0,0,0,0,0,0,0,0,0,0,0,0,0,0,0,0,0,0,0,0,0,0,0,0,0,0,0,0,0,0,0.0250124913792212,0,0,0,0,0,0,0,0,0,0,0,0.394982000322155,0,0,0,0.426588440605037,0,0,0,0,0,0,11.2426711009839,0,0,0,0,0,0,0,0,0,0,0.0023415026701237,0,0,0,0,0,0,0,0,0,0,0,0,0,0,0,0,0,0,0,3.91832600487647,0,0,0,1.11947001415835,0,0,0,0,2.42657546771929,0,0,0,0,0,0,0,0,0,0,0,0,0,0,0,0,0,0,0.67747181092287,0,2.81717706918355,0,0,0,0,0.214106133740401,0,0,0,0,0,0,0,0,0,0,0,0,0,0,0,0.0993227738662372,0,0,0.0436523104359424,0,0,0,0,0,0,0,0,0.38706482159949,0,0,0,0,0,0,0,0,0,0,0,0,0,0,0,0,0,0,0,0,0,0,0,0,0.0918662214083598,0,0,0,0,0,0,0,0,0,0,0,0,0,0,0,0,7.22459964559849,0,0,0,0,0,3.60612845644435,0,0,0,0,0,0,0,0,0,0,0,2.76087150455677,0,0,0,0,0,0,0,0,1.79583985249141,0,1.79583985249141,0,0,0,0,0,0,0,0,0,0,0,13.0745679682033,5.66708194686434,0,0,0,0,0,0,3.87089599264038,0,0,0,0,0,0,0,0,0,0,0,3.37024357131278,0,0,0,0,0,0,0,0,0,0,0,0.0839162577047264,0,0,0,0,0,0.0252445508156762,0.220280824324715,0,1.48794187837833,0,0.70581455351794,0,0,0,0,0,0,0,0,0,0,0,0,0,0,0,0,0,0,0.00780383041514671,0,0,0,0,0.00668154817603593,0,0,0,0,0,0,0,0,0,0,0,0,0,0,0,0.38366612084141,0,0,0,0,0,0,0,0,0,0,0,4.39573220424368,0,0,0,0,0,9.82479074483291,0,0,0,0,0,0.166673115073471,0.0859513057038915,0.0673791555617427,0,0,0,0,0,0,0,0,0,0,0,0,0,0,0,0,0,0,0,0.38366612084141,0,0,0,0,0.336525479189918,0,0,0,0,0,0,0,0,1.15838315188369,0,0,0,0,0,0,0,0,0,0,0,0,0,0,0,0,0,0,0,0,0,0,0,0,0,0,0,0,0,0,0,0,0,0,0,0,0,0,0,0,0,0,0,0,0,0,0,0,0,0,0.963180250801256,0,0,0,0,0,0,0,0,0,0,0,0,0,0,0,0,0,0,0,0,0,0,0,0,0,0,0,0,0,0,0,0,0,0,0,0,124.4764021,136.4756024,133.1463023,137.9258024,131.4422023,147.5442026,135.9226023,133.7196023,150.2277025,138.9827024,140.7818024,"HOW-00175"
"304",4283,"nSPC",2012,"PRIAs","Pacific Remote Island Areas","Howland","Howland",2012,"ForereefMid","Howland","2012-03-14","Forereef","Mid",0.79516693,-176.61125002,14.5,50,0,7.5,25,12.5,5,0,0,NA,0.7425,0.3408279029295,1.25,2,1,23.6765438854775,53.9891466585405,25.3716846254937,16.7331833660038,119.770558535515,10.0189011475763,0,0,0,0,0,0,0,0,0,0,0,0,0,0,0,0.00565884242104517,0.033953054526271,0,0,0,0,0,0,0,0,0.0113176848420903,0,0,0,0.00282942121052258,0,0,0,0,0,0,0,0,0,0,0,0,0,0,0,0,0,0,0,0,0,0,0,0,0,0,0.00848826363156775,0,0,0,0,0,0,0,0,0.0113176848420903,0,0,0,0,0,0,0,0,0,0,0.0169765272631355,0,0,0,0,0,0,0,0,0,0,0,0,0,0.00282942121052258,0,0,0,0,0,0,0,0,0,0,0,0,0,0,0,0,0,0,0,0,0.00282942121052258,0,0,0,0,0.00848826363156775,0,0,0,0.00848826363156775,0,0,0,0,0.0226353696841807,0.0141471060526129,0,0,0,0,0,0,0,0,0,0.00282942121052258,0,0,0,0,0,0,0,0.00282942121052258,0,0,0,0,0,0,0,0,0,0,0,0,0,0,0,0,0,0,0,0,0,0,0,0,0,0,0.00565884242104517,0.183912378683968,0,0,0,0,0,0,0,0,0,0,0,0,0,0,0,0,0,0,0,0,0,0,0,0,0,0,0,0,0,0,0.198059484736581,0,0,0,0,0.033953054526271,0,0,0,0,0,0,0,0,0,0,0,0,0,0,0,0,0,0,0,0,0,0,0,0,0,0,0,0,0.00848826363156775,0,0,0.0169765272631355,0,0,0,0,0,0,0,0.00282942121052258,0,0,0,0,0,0,0,0,0,0,0,0,0,0,0,0,0,0,0,0,0,0,0,0,0,0,0,0,0,0,0,0,0,0,0,0,0,0,0,0,0.00282942121052258,0,0,0,0,0,0,0,0,0,0.00848826363156775,0,0,0,0,0,0,0,0,0,0,0,0,0,0,0,0,0,0,0,0,0,0,0,0,0,0.00848826363156775,0,0,0,0,0,0,0,0,0,0,0,0,0,0,0,0,0,0,0,0,0,0,0,0,0,0,0,0,0,0,0,0,0,0.0141471060526129,0,0,0,0.00565884242104517,0,0,0,0,0,0,0,0,3.3953054526271,0,0,0,0.00848826363156775,0,0,0,0,0,5.65884242104517,0,0,0,0,0,0,0,0,0,0,0,0.0141471060526129,0,0,0,0,0,0,0,0.0707355302630646,0.0848826363156775,0,0.0141471060526129,0,0,0,0,0,0,0,0,0,0,0,0,0.00848826363156775,0,0,0,0,0,0,0,0,0,0,0,0,0,0,0,0,0,0,0,0,0,0,0,0,0,0,0,0,0,0,0,0,0,0,0,0,0,0.00848826363156775,0,0,0,0.00282942121052258,0,0,0,0,0,0,0,0,0,0,0,0.0141471060526129,0,0,0,0,0,0,0.254647908947033,0,0,0,0,0,0,0,0,0,0,0,0,0,0,0,0,0,0,0,0,0.00848826363156775,0,0,0,0,0,0,0,0,0,0,0,5.09295817894065,0,0,0,0,0,0,0,0,0,0,0,0,0,1.69765272631355,0,0,0,0,0,0,0,0,0,0,0,0,0,0,0,0,0,0,0,0.00565884242104517,0,0,0,0,0,0,0,0,0,0,0,0,0,0.0169765272631355,0,0,0,0,0,0,0,0,0,0,0,0,0,0,0,0,0,0,0.00282942121052258,0,0,0,0,0.00282942121052258,0,0,0,0,0,0,0,0,0,0,0,0,0,0,0,0,0,0.0226353696841807,0,0,0,0,0,0,0,0,0,0,0,0,0,0,0,0,0,0,0,0.00848826363156775,0,0,0,0,0,0,0,0.00565884242104517,0,0,0,0,0,0,0,0,0,0,0,0,0.00565884242104517,0,0.00282942121052258,0,0,0,0,0,0,0,0,0,0,0,0,0,0,0,0,0,1.6748115982009,3.23216987524306,0,0,0,0,0,0,0,0,0.678053533632353,0,0,0,1.13751446051048,0,0,0,0,0,0,0,0,0,0,0,0,0,0,0,0,0,0,0,0,0,0,0,0,0,0,1.97647521008329,0,0,0,0,0,0,0,0,1.0546877847342,0,0,0,0,0,0,0,0,0,0,2.44697304480761,0,0,0,0,0,0,0,0,0,0,0,0,0,0.104631780866806,0,0,0,0,0,0,0,0,0,0,0,0,0,0,0,0,0,0,0,0,0.332840694737483,0,0,0,0,8.52023827295961,0,0,0,0.0241276505837816,0,0,0,0,0.139859396814634,3.05302536489314,0,0,0,0,0,0,0,0,0,0.234073399475583,0,0,0,0,0,0,0,0.243078675390366,0,0,0,0,0,0,0,0,0,0,0,0,0,0,0,0,0,0,0,0,0,0,0,0,0,0,0.281988661853712,0.692396152690613,0,0,0,0,0,0,0,0,0,0,0,0,0,0,0,0,0,0,0,0,0,0,0,0,0,0,0,0,0,0,0.424124580614914,0,0,0,0,0.375047501221025,0,0,0,0,0,0,0,0,0,0,0,0,0,0,0,0,0,0,0,0,0,0,0,0,0,0,0,0,0.392685396249061,0,0,1.99484185631912,0,0,0,0,0,0,0,0.0491651522891768,0,0,0,0,0,0,0,0,0,0,0,0,0,0,0,0,0,0,0,0,0,0,0,0,0,0,0,0,0,0,0,0,0,0,0,0,0,0,0,0,0.0970491475209246,0,0,0,0,0,0,0,0,0,0.312093320367319,0,0,0,0,0,0,0,0,0,0,0,0,0,0,0,0,0,0,0,0,0,0,0,0,0,0.0466628146039385,0,0,0,0,0,0,0,0,0,0,0,0,0,0,0,0,0,0,0,0,0,0,0,0,0,0,0,0,0,0,0,0,0,0.0830344028896352,0,0,0,0.0126666378617977,0,0,0,0,0,0,0,0,8.01542773539248,0,0,0,7.79471285545897,0,0,0,0,0,3.47317112434068,0,0,0,0,0,0,0,0,0,0,0,3.10602390712626,0,0,0,0,0,0,0,14.6383441844717,12.1119621882783,0,2.11246629815765,0,0,0,0,0,0,0,0,0,0,0,0,5.66708194686434,0,0,0,0,0,0,0,0,0,0,0,0,0,0,0,0,0,0,0,0,0,0,0,0,0,0,0,0,0,0,0,0,0,0,0,0,0,0.960504322096408,0,0,0,0.13689078274066,0,0,0,0,0,0,0,0,0,0,0,0.714091588648658,0,0,0,0,0,0,3.10428394407886,0,0,0,0,0,0,0,0,0,0,0,0,0,0,0,0,0,0,0,0,2.65887728117409,0,0,0,0,0,0,0,0,0,0,0,6.42536658003026,0,0,0,0,0,0,0,0,0,0,0,0,0,4.36351243032944,0,0,0,0,0,0,0,0,0,0,0,0,0,0,0,0,0,0,0,0.775297628274683,0,0,0,0,0,0,0,0,0,0,0,0,0,2.6356262294345,0,0,0,0,0,0,0,0,0,0,0,0,0,0,0,0,0,0,7.3677394072097,0,0,0,0,2.65116174036662,0,0,0,0,0,0,0,0,0,0,0,0,0,0,0,0,0,0.336060649140972,0,0,0,0,0,0,0,0,0,0,0,0,0,0,0,0,0,0,0,0.0208316136624725,0,0,0,0,0,0,0,0.0880968588108312,0,0,0,0,0,0,0,0,0,0,0,0,0.538778072436232,0,0.459932799576192,0,0,102.9987018,107.0800019,94.30930165,105.9286018,116.9333021,126.8899022,115.3811019,108.7026019,132.8916022,116.290102,119.5591021,"HOW-00150"
"305",4284,"nSPC",2012,"PRIAs","Pacific Remote Island Areas","Howland","Howland",2012,"ForereefMid","Howland","2012-03-14","Forereef","Mid",0.79027332,-176.61418553,14.65,32.5,0,7.5,37.5,20,2.5,0,0,NA,0.61125,0.316851671630349,1.1,2,1,64.4621195732563,95.6871687891519,14.7901482148383,41.5714635245415,216.510900101788,2.65116174036662,0,0,0,0,0,0,0,0,0,0,0,0,0,0,0.00282942121052258,0,0.0452707393683613,0,0,0,0,0,0,0,0,0.0169765272631355,0,0,0,0,0,0,0,0,0,0,0,0,0,0,0,0,0,0,0,0,0,0,0,0,0,0,0,0,0,0,0.00565884242104517,0,0,0,0,0,0,0,0,0.00565884242104517,0,0,0,0,0,0,0,0,0,0,0.0113176848420903,0,0,0,0,0,0,0,0,0,0,0,0,0,0,0,0,0,0,0.00282942121052258,0,0,0,0,0,0,0,0,0,0,0,0,0,0,0,0,0,0,0,0,0.00282942121052258,0,0,0,0.0282942121052258,0,0,0,0,0.0537590029999291,0.00565884242104517,0,0,0,0,0,0,0,0,0,0.0141471060526129,0,0,0,0,0,0,0,0,0,0,0,0,0,0,0,0,0,0,0,0,0,0,0,0,0,0,0,0,0,0,0,0,0,0,0,0.183912378683968,0,0,0.00848826363156775,0,0,0,0,0,0,0,0,0,0,0,0,0,0,0,0,0,0,0,0,0,0,0,0,0,0,0,0.962003211577679,0,0,0,0,0.0169765272631355,0,0,0,0,0,0,0,0,0,0,0,0,0,0,0,0,0,0,0,0,0,0,0,0,0,0,0,0,0.0169765272631355,0,0,0.0198059484736581,0,0,0,0,0,0,0,0.00565884242104517,0,0,0,0,0,0,0,0,0,0,0,0,0,0,0,0,0,0,0,0,0,0,0,0,0,0,0,0,0,0,0,0,0,0,0,0,0,0,0,0,0.00282942121052258,0,0,0,0,0,0,0,0,0,0.0396118969473162,0,0,0,0,0,0,0,0,0,0,0,0,0,0,0,0,0,0,0,0.00282942121052258,0,0,0,0,0,0.0226353696841807,0,0,0,0,0,0,0,0,0.00282942121052258,0,0,0,0,0,0,0,0,0,0,0,0,0,0,0,0,0,0,0,0,0,0,0,0,0.00565884242104517,0,0,0,0.00282942121052258,0,0,0,0,0,0,0,0,2.91430384683826,0,0,0,0.0282942121052258,0,0.0198059484736581,0,0.00282942121052258,0,2.82942121052258,0,0,0,0,0,0,0,0,0,0,0.00282942121052258,0.00848826363156775,0,0,0,0,0,0,0,0.127323954473516,0.141471060526129,0,0.0848826363156775,0,0,0,0,0,0,0,0,0,0.00282942121052258,0,0.00565884242104517,0,0,0,0,0,0,0,0.00565884242104517,0,0,0,0,0,0,0,0,0,0,0,0,0,0,0,0,0,0,0,0,0,0,0,0.00282942121052258,0,0,0,0,0,0,0.0141471060526129,0,0.00848826363156775,0,0,0,0,0,0,0,0,0,0,0,0,0,0.0141471060526129,0,0,0,0,0,0,0.198059484736581,0,0,0,0,0,0,0,0,0,0,0,0,0,0,0,0,0,0,0,0,0,0,0,0,0,0,0,0,0,0,0,0,8.48826363156775,0,0,0,0,0,0,0,0,0.00282942121052258,0,0,0,0.00565884242104517,0,0,0,0,0,0,0,0,0,0,0,0,0,0,0,0,0,0,0,0,0,0,0,0,0,0.00565884242104517,0,0,0,0,0,0,0,0,0.0169765272631355,0,0,0,0,0,0,0,0,0,0,0,0,0,0,0,0,0,0,0,0,0,0,0,0.00282942121052258,0,0,0,0,0,0,0,0,0,0,0,0,0,0,0,0,0,0,0,0,0,0,0,0,0,0,0,0,0,0,0,0,0,0,0,0,0,0.0141471060526129,0,0,0,0,0,0.00282942121052258,0,0.00848826363156775,0,0,0,0,0,0,0,0,0,0,0,0,0.00282942121052258,0,0,0,0,0,0,0,0,0,0,0,0,0,0,0,0,0,0,0.396443357995113,0,4.98180796754177,0,0,0,0,0,0,0,0,0.946842040963214,0,0,0,0,0,0,0,0,0,0,0,0,0,0,0,0,0,0,0,0,0,0,0,0,0,0,0,0,0,0,1.60428182636631,0,0,0,0,0,0,0,0,0.553262202479098,0,0,0,0,0,0,0,0,0,0,1.44585339051306,0,0,0,0,0,0,0,0,0,0,0,0,0,0,0,0,0,0,0.00610012763045208,0,0,0,0,0,0,0,0,0,0,0,0,0,0,0,0,0,0,0,0,3.27679759091424,0,0,0,0.283971017788885,0,0,0,0,0.250756700164121,2.6682058994275,0,0,0,0,0,0,0,0,0,1.26442146323621,0,0,0,0,0,0,0,0,0,0,0,0,0,0,0,0,0,0,0,0,0,0,0,0,0,0,0,0,0,0,0,0,0,0,0,0.92416819115057,0,0,0.615189437770551,0,0,0,0,0,0,0,0,0,0,0,0,0,0,0,0,0,0,0,0,0,0,0,0,0,0,0,0.956287780732423,0,0,0,0,0.144830352190396,0,0,0,0,0,0,0,0,0,0,0,0,0,0,0,0,0,0,0,0,0,0,0,0,0,0,0,0,1.09470324048304,0,0,3.05455043445073,0,0,0,0,0,0,0,0.132854219763465,0,0,0,0,0,0,0,0,0,0,0,0,0,0,0,0,0,0,0,0,0,0,0,0,0,0,0,0,0,0,0,0,0,0,0,0,0,0,0,0,0.0970491475209246,0,0,0,0,0,0,0,0,0,1.22113623078256,0,0,0,0,0,0,0,0,0,0,0,0,0,0,0,0,0,0,0,0.236265071445519,0,0,0,0,0,0.149584425847303,0,0,0,0,0,0,0,0,0.38706482159949,0,0,0,0,0,0,0,0,0,0,0,0,0,0,0,0,0,0,0,0,0,0,0,0,0.0418683121985095,0,0,0,0.00785111761276115,0,0,0,0,0,0,0,0,5.96272933260832,0,0,0,51.5879355160918,0,13.7364859815651,0,2.36187134649979,0,3.39176867611395,0,0,0,0,0,0,0,0,0,0,0.312297147030625,2.07065362841758,0,0,0,0,0,0,0,21.4098848584995,22.2657133069576,0,14.5179301114546,0,0,0,0,0,0,0,0,0,4.72584749549256,0,13.6144408853058,0,0,0,0,0,0,0,12.8906268770535,0,0,0,0,0,0,0,0,0,0,0,0,0,0,0,0,0,0,0,0,0,0,0,0.0126222754078381,0,0,0,0,0,0,1.69860593072039,0,2.22215540960878,0,0,0,0,0,0,0,0,0,0,0,0,0,1.07512630099558,0,0,0,0,0,0,2.45399727285457,0,0,0,0,0,0,0,0,0,0,0,0,0,0,0,0,0,0,0,0,0,0,0,0,0,0,0,0,0,0,0,0,6.86493980045463,0,0,0,0,0,0,0,0,0.0441784048734335,0,0,0,0.0223195522751254,0,0,0,0,0,0,0,0,0,0,0,0,0,0,0,0,0,0,0,0,0,0,0,0,0,0.568439603250855,0,0,0,0,0,0,0,0,2.74738610371318,0,0,0,0,0,0,0,0,0,0,0,0,0,0,0,0,0,0,0,0,0,0,0,2.65116174036662,0,0,0,0,0,0,0,0,0,0,0,0,0,0,0,0,0,0,0,0,0,0,0,0,0,0,0,0,0,0,0,0,0,0,0,0,0,0.0688115238399092,0,0,0,0,0,0.049477837269103,0,0.108233283681878,0,0,0,0,0,0,0,0,0,0,0,0,0.333113530817294,0,0,0,0,103.6018018,115.204502,105.6507018,109.2094019,121.8253021,130.8737023,114.5723019,108.6305019,133.6431023,124.3272022,122.0196021,"HOW-00154"
"306",4285,"nSPC",2012,"PRIAs","Pacific Remote Island Areas","Howland","Howland",2012,"ForereefDeep","Howland","2012-03-14","Forereef","Deep",0.79506199,-176.61899616,20.65,25,0,7.5,22.5,30,15,0,0,NA,0.59875,0.453359185919062,1.5,2,1,19.3032302940788,9.90456348794371,16.9595746070745,5.32456936076921,51.4919377498663,5.30975177237201,0,0,0,0,0,0,0,0,0,0,0,0,0,0,0,0,0.0141471060526129,0,0,0,0,0,0,0,0,0.0113176848420903,0,0,0,0,0,0,0,0,0,0,0,0,0,0,0,0,0,0,0,0,0,0,0,0,0,0,0.127323954473516,0,0,0,0.00565884242104517,0,0,0,0,0,0,0,0,0,0,0,0,0,0,0,0,0,0,0,0.0113176848420903,0,0,0,0,0,0,0,0,0,0,0,0,0,0,0,0,0,0,0,0,0,0,0,0.00282942121052258,0,0,0,0,0,0,0,0,0,0,0,0,0,0,0,0,0,0,0,0.0396118969473162,0,0,0,0,0.0565884242104517,0.0282942121052258,0,0,0,0,0,0,0,0,0,0.0169765272631355,0,0,0,0,0,0,0,0,0,0,0,0,0,0,0,0,0,0,0,0,0,0,0,0,0,0,0,0,0,0,0,0,0,0,0,0.0820532151051549,0,0,0.00848826363156775,0,0,0,0,0,0,0,0,0,0,0,0,0,0,0,0,0,0,0,0,0,0,0,0,0,0,0,0,0,0,0,0,0,0,0,0,0,0,0,0,0,0.0198059484736581,0,0,0,0,0,0,0,0,0,0,0,0,0,0,0,0,0,0,0.00848826363156775,0.0113176848420903,0.00282942121052258,0.00282942121052258,0,0.00565884242104517,0,0,0,0,0,0,0.00848826363156775,0,0,0,0,0,0,0,0,0,0,0,0,0,0,0,0,0,0,0,0,0,0,0,0,0,0,0,0,0,0,0,0.00282942121052258,0,0,0,0.00282942121052258,0,0,0,0,0.00848826363156775,0,0,0,0,0,0,0,0,0,0,0,0.00282942121052258,0,0,0,0,0,0,0,0,0,0,0,0,0,0,0,0,0,0.00282942121052258,0,0,0.0141471060526129,0,0,0,0,0,0,0,0,0,0,0,0,0,0,0,0,0,0,0,0,0,0,0,0,0,0,0,0,0,0,0,0,0,0,0,0.00282942121052258,0,0,0,0,0.00282942121052258,0,0,0,0,0,0,0,0,0,0,0,0,0.00282942121052258,0,0,0,0,0,4.24413181578388,0,0,0,0,0,0,0,0,0,0,0,0.0169765272631355,0,0,0,0,0,0,0,0,0,0,0,0,0,0,0,0,0,0,0,0,0,0,0,0.00282942121052258,0,0,0,0,0,0,0,0,0,0,0,0,0,0,0,0,0,0,0,0,0,0,0,0,0,0,0,0,0,0,0.0169765272631355,0,0,0,0,0,0.0113176848420903,0,0,0.00565884242104517,0,0,0,0,0,0,0,0,0,0,0,0,0,0,0,0,0,0,0,0,0,0,0,0,0,0.0226353696841807,0,0,0,0,0,0,0,0,0,0,0,0,0,0,0,0,0,0,0,0,0,0,0,0,0,0,0,3.67824757367936,0,0,0,0,0,0,0,0,0,0,0,0,0.0254647908947033,0.565884242104517,0,0,0,0,0,0,0,0,0,0,0,0,0,0,0,0,0,0,0,0,0,0,0,0,0,0,0,0,0,0,0,0,0,0.00282942121052258,0,0,0,0,0,0,0,0,0,0,0,0,0,0,0,0,0,0,0.00282942121052258,0,0,0,0,0,0,0,0,0,0,0,0,0,0,0,0,0,0,0,0,0,0,0.0282942121052258,0,0,0,0,0,0,0,0,0.00565884242104517,0,0,0,0,0,0,0,0,0,0,0,0,0,0,0,0,0,0,0,0,0,0,0,0,0,0,0,0,0,0,0,0,0,0,0.0254647908947033,0,0,0,0,0,0,0,0,0,0,0,0,0,0,0,0,0,1.88871811388384,0,0,0,0,0,0,0,0,1.00987249138578,0,0,0,0,0,0,0,0,0,0,0,0,0,0,0,0,0,0,0,0,0,0,0,0,0,0,0.993345422486753,0,0,0,0.889841653024511,0,0,0,0,0,0,0,0,0,0,0,0,0,0,0,0,0,0,0,1.57387373936965,0,0,0,0,0,0,0,0,0,0,0,0,0,0,0,0,0,0,0,0,0,0,0,0.643084087169323,0,0,0,0,0,0,0,0,0,0,0,0,0,0,0,0,0,0,0,0.386554061354839,0,0,0,0,0.130960202496816,11.2378223078515,0,0,0,0,0,0,0,0,0,1.32129778451164,0,0,0,0,0,0,0,0,0,0,0,0,0,0,0,0,0,0,0,0,0,0,0,0,0,0,0,0,0,0,0,0,0,0,0,0.304479109422514,0,0,0.556723753429572,0,0,0,0,0,0,0,0,0,0,0,0,0,0,0,0,0,0,0,0,0,0,0,0,0,0,0,0,0,0,0,0,0,0,0,0,0,0,0,0,0,0.0410353171859974,0,0,0,0,0,0,0,0,0,0,0,0,0,0,0,0,0,0,0.0565403658975007,0.468168082594902,0.0543404474896412,0.506981907218936,0,0.039761309299578,0,0,0,0,0,0,0.397288083365667,0,0,0,0,0,0,0,0,0,0,0,0,0,0,0,0,0,0,0,0,0,0,0,0,0,0,0,0,0,0,0,1.35919046542918,0,0,0,1.62416972314365,0,0,0,0,0.319618493493657,0,0,0,0,0,0,0,0,0,0,0,0.68575382844453,0,0,0,0,0,0,0,0,0,0,0,0,0,0,0,0,0,0.135141328524186,0,0,0.0434371662073714,0,0,0,0,0,0,0,0,0,0,0,0,0,0,0,0,0,0,0,0,0,0,0,0,0,0,0,0,0,0,0,0,0,0,0,0.0243290750675526,0,0,0,0,0.00785111761276115,0,0,0,0,0,0,0,0,0,0,0,0,2.06155161963277,0,0,0,0,0,3.9290248344104,0,0,0,0,0,0,0,0,0,0,0,3.71015094986518,0,0,0,0,0,0,0,0,0,0,0,0,0,0,0,0,0,0,0,0,0,0,0,1.37647632095751,0,0,0,0,0,0,0,0,0,0,0,0,0,0,0,0,0,0,0,0,0,0,0,0,0,0,0,0,0,0,0.0941290123468084,0,0,0,0,0,0.123602912041092,0,0,0.37689273653573,0,0,0,0,0,0,0,0,0,0,0,0,0,0,0,0,0,0,0,0,0,0,0,0,0,0.118490109419254,0,0,0,0,0,0,0,0,0,0,0,0,0,0,0,0,0,0,0,0,0,0,0,0,0,0,0,3.00103692462562,0,0,0,0,0,0,0,0,0,0,0,0,0.147444603407551,0.269516622246971,0,0,0,0,0,0,0,0,0,0,0,0,0,0,0,0,0,0,0,0,0,0,0,0,0,0,0,0,0,0,0,0,0,0.529667650609828,0,0,0,0,0,0,0,0,0,0,0,0,0,0,0,0,0,0,5.30975177237201,0,0,0,0,0,0,0,0,0,0,0,0,0,0,0,0,0,0,0,0,0,0,0.540332912071557,0,0,0,0,0,0,0,0,0.712851170389965,0,0,0,0,0,0,0,0,0,0,0,0,0,0,0,0,0,0,0,0,0,0,0,0,0,0,0,0,0,0,0,0,0,0,2.49083816157221,0,74.93400129,81.67150137,96.64970163,86.57160152,81.06250143,78.08920136,81.23460133,83.63020144,80.50930141,109.6758019,78.69560134,"HOW-00223"
"307",4288,"nSPC",2012,"PRIAs","Pacific Remote Island Areas","Howland","Howland",2012,"ForereefDeep","Howland","2012-03-14","Forereef","Deep",0.81590937,-176.613173,22.75,32.5,0,7.5,15,36,9,0,0,NA,0.5675,0.455094390586683,1.65,2,1,39.1147263562985,55.8782492585682,20.4154885048997,22.7140898766849,138.122553996451,10.5535067077884,0,0,0,0,0,0,0,0,0,0,0,0,0,0,0,0.0169765272631355,0.0226353696841807,0,0,0,0,0,0,0,0,0.00282942121052258,0,0,0,0.00282942121052258,0,0,0,0,0,0,0,0,0,0,0,0,0,0,0,0,0,0,0,0,0,0,0,0,0,0,0.0113176848420903,0,0,0,0,0,0,0,0,0.0113176848420903,0,0,0,0,0,0,0,0,0,0,0.0198059484736581,0,0,0,0,0,0,0,0,0.00565884242104517,0,0,0,0,0,0,0,0,0,0,0,0,0,0,0.00565884242104517,0,0,0,0,0,0,0,0,0,0,0,0,0,0,0,0.00565884242104517,0,0,0,0.0141471060526129,0,0,0,0,0.0990297423682904,0.0226353696841807,0,0,0,0,0,0,0,0,0,0.0254647908947033,0,0.33953054526271,0,0,0,0,0,0,0,0,0,0,0,0,0,0,0,0,0,0,0,0,0,0,0,0,0,0,0,0,0,0,0,0,0,0.113176848420903,0,0,0.00565884242104517,0,0,0,0,0.00565884242104517,0,0,0,0,0,0,0,0,0,0,0,0,0,0,0,0,0.00565884242104517,0,0,0,0,0,0,0,0,0,0,0.0198059484736581,0,0,0,0,0,0,0,0,0.00848826363156775,0,0,0,0,0,0,0,0,0,0,0,0,0,0,0,0.00282942121052258,0,0,0,0.0169765272631355,0,0,0.0226353696841807,0,0,0,0,0,0,0,0,0,0,0,0,0,0,0,0,0,0,0,0,0,0,0,0,0,0,0,0,0,0,0,0,0,0,0,0,0,0,0,0,0.00565884242104517,0,0,0,0,0,0,0,0,0,0,0,0,0,0,0,0,0,0.0282942121052258,0,0.00282942121052258,0,0,0,0,0,0,0,0,0,0,0,0,0,0,0,0,0,0.00282942121052258,0,0,0,0,0,0.0169765272631355,0,0,0,0,0,0,0,0,0,0,0,0,0,0,0,0,0,0,0,0,0,0,0,0,0,0,0,0,0,0,0,0,0,0.0141471060526129,0,0,0,0,0,0,0,0,0,0,0,0,0,0,0,0,0.00848826363156775,0,0,0,0,0,15.5618166578742,0,0,0,0,0,0,0,0,0,0,0,0.0113176848420903,0,0,0,0,0,0,0,0,0.0396118969473162,0,0.0311236333157484,0,0,0,0,0,0,0,0,0,0,0,0.00282942121052258,0.00848826363156775,0,0,0,0,0,0,0.00848826363156775,0,0,0,0,0,0,0,0,0,0,0,0.00282942121052258,0,0,0,0,0,0,0,0,0,0,0,0.00282942121052258,0,0,0,0,0,0.0198059484736581,0.00282942121052258,0,0.00282942121052258,0,0.0113176848420903,0,0,0,0,0,0,0,0,0,0,0,0,0,0,0,0,0,0,0.0452707393683613,0,0,0,0,0.00565884242104517,0,0,0,0,0,0,0,0,0,0,0,0,0,0,0,0.00565884242104517,0,0,0,0,0,0,0,0,0,0,0,6.33790351157059,0,0,0,0,0,0,0,0.00282942121052258,0,0,0,0,0.0282942121052258,0.212206590789194,0,0,0,0,0,0,0,0,0,0,0,0,0,0,0,0,0,0,0,0,0,0,0,0,0.0198059484736581,0,0,0,0,0,0,0,0,0.033953054526271,0,0,0,0,0,0,0,0,0,0,0,0,0,0,0,0,0,0,0.00565884242104517,0,0,0,0,0.00565884242104517,0,0,0,0,0,0,0,0,0,0,0,0,0,0,0,0,0,0,0,0,0,0,0,0,0,0,0,0,0,0,0,0,0,0,0,0,0,0.00282942121052258,0,0,0,0,0,0,0,0.00848826363156775,0,0,0,0,0,0,0,0,0,0,0.00282942121052258,0,0.00565884242104517,0,0,0,0,0,0,0,0,0,0,0,0,0,0,0,0,0,0,0,22.3174813245065,1.01530087934032,0,0,0,0,0,0,0,0,0.252468122846446,0,0,0,1.38328601901355,0,0,0,0,0,0,0,0,0,0,0,0,0,0,0,0,0,0,0,0,0,0,0,0,0,0,5.18186000808588,0,0,0,0,0,0,0,0,0.744949150154287,0,0,0,0,0,0,0,0,0,0,2.45028703869485,0,0,0,0,0,0,0,0,0.289604037342099,0,0,0,0,0,0,0,0,0,0,0,0,0,0,3.05756837170246,0,0,0,0,0,0,0,0,0,0,0,0,0,0,0,3.75425526188331,0,0,0,0.112495924460793,0,0,0,0,0.140818898527988,4.12619196247957,0,0,0,0,0,0,0,0,0,2.04935663277878,0,0.371565252208247,0,0,0,0,0,0,0,0,0,0,0,0,0,0,0,0,0,0,0,0,0,0,0,0,0,0,0,0,0,0,0,0,0,0.206076366794476,0,0,0.54947018315172,0,0,0,0,0.281988661853712,0,0,0,0,0,0,0,0,0,0,0,0,0,0,0,0,0.233445747726603,0,0,0,0,0,0,0,0,0,0,0.105691035846226,0,0,0,0,0,0,0,0,0.0218118479185897,0,0,0,0,0,0,0,0,0,0,0,0,0,0,0,0.126323471133476,0,0,0,0.52514498422951,0,0,2.41735966919941,0,0,0,0,0,0,0,0,0,0,0,0,0,0,0,0,0,0,0,0,0,0,0,0,0,0,0,0,0,0,0,0,0,0,0,0,0,0,0,0,2.0618345153609,0,0,0,0,0,0,0,0,0,0,0,0,0,0,0,0,0,0.672343373796359,0,1.18634449916377,0,0,0,0,0,0,0,0,0,0,0,0,0,0,0,0,0,0.236265071445519,0,0,0,0,0,0.114888365311148,0,0,0,0,0,0,0,0,0,0,0,0,0,0,0,0,0,0,0,0,0,0,0,0,0,0,0,0,0,0,0,0,0,0.0497373693990714,0,0,0,0,0,0,0,0,0,0,0,0,0,0,0,0,18.6868876046848,0,0,0,0,0,4.94519872977413,0,0,0,0,0,0,0,0,0,0,0,2.54529335107178,0,0,0,0,0,0,0,0,4.51845308960966,0,3.59579441842901,0,0,0,0,0,0,0,0,0,0,0,3.5792419168817,3.10556809028147,0,0,0,0,0,0,15.2232832100158,0,0,0,0,0,0,0,0,0,0,0,0.465455633889744,0,0,0,0,0,0,0,0,0,0,0,0.0310176353076178,0,0,0,0,0,0.414053808141308,0.27065604470659,0,0.188446368267865,0,0.237377047660449,0,0,0,0,0,0,0,0,0,0,0,0,0,0,0,0,0,0,0.323194610813597,0,0,0,0,0.0187106995051317,0,0,0,0,0,0,0,0,0,0,0,0,0,0,0,1.15138882265128,0,0,0,0,0,0,0,0,0,0,0,2.97688753165169,0,0,0,0,0,0,0,0.0102062881905971,0,0,0,0,0.204082663679647,0.279094668559433,0,0,0,0,0,0,0,0,0,0,0,0,0,0,0,0,0,0,0,0,0,0,0,0,2.20583938882685,0,0,0,0,0,0,0,0,5.53846978860166,0,0,0,0,0,0,0,0,0,0,0,0,0,0,0,0,0,0,9.58902534024159,0,0,0,0,0.964481367546832,0,0,0,0,0,0,0,0,0,0,0,0,0,0,0,0,0,0,0,0,0,0,0,0,0,0,0,0,0,0,0,0,0,0,0,0,0,0.0737573521159027,0,0,0,0,0,0,0,0.146618343592312,0,0,0,0,0,0,0,0,0,0,0.563595023868242,0,0.234261111528973,0,0,0,0,118.091502,128.8423023,129.8335022,130.3047022,118.8847021,139.1774024,124.9011021,126.9925022,139.8138023,129.9360022,133.7003023,"HOW-00192"
"308",4289,"nSPC",2012,"PRIAs","Pacific Remote Island Areas","Howland","Howland",2012,"ForereefDeep","Howland","2012-03-14","Forereef","Deep",0.8120827,-176.61157943,28.7,6,0,14,25,47.5,7.5,0,0,NA,0.4475,0.247147296766289,0.9,2,1,41.762259147384,7.51603137887249,4.6995861163211,17.2398896736536,71.2177663162312,0,0,0,0,0,0,0,0,0,0,0,0,0,0,0,0,0,0,0,0,0,0,0,0.00282942121052258,0,0,0.0198059484736581,0,0,0,0,0,0,0,0,0,0,0,0,0,0,0,0,0,0,0,0,0,0,0,0,0,0,0,0,0,0,0.0113176848420903,0,0,0,0,0,0,0,0,0,0,0,0,0.00848826363156775,0,0,0,0,0,0,0.0113176848420903,0,0,0,0,0,0,0,0,0,0,0,0,0,0,0,0,0,0,0,0,0,0,0,0.00565884242104517,0,0,0,0,0,0,0,0,0,0,0,0,0,0,0,0.00282942121052258,0,0,0,0.00282942121052258,0,0,0,0,0.0565884242104517,0.0311236333157484,0,0,0,0,0,0,0,0,0,0.0226353696841807,0,0,0,0,0,0,0,0,0,0,0,0,0,0,0,0,0,0,0,0,0,0,0,0,0,0,0,0,0,0,0,0,0,0,0,0.0707355302630646,0,0,0.00282942121052258,0,0,0,0,0,0,0,0,0,0,0,0,0,0,0,0,0,0,0,0,0,0,0,0,0,0,0,0,0,0,0,0,0.033953054526271,0.0565884242104517,0,0,0,0,0,0,0,0.0367824757367936,0,0,0,0,0,0,0,0,0,0,0,0.0141471060526129,0,0,0,0,0,0,0,0.00848826363156775,0,0,0.00848826363156775,0,0,0,0,0,0,0,0,0,0,0,0,0,0,0,0,0,0,0,0,0,0,0,0,0,0,0,0,0.0141471060526129,0,0,0,0,0,0,0,0,0,0,0,0,0,0,0.00282942121052258,0,0,0,0,0,0,0,0,0,0,0,0,0,0,0.00282942121052258,0,0,0,0,0,0,0.00848826363156775,0,0,0,0,0,0,0,0,0,0,0,0,0,0,0,0,0,0,0.00282942121052258,0,0,0,0,0,0,0,0,0,0,0,0,0,0,0,0,0,0,0,0,0,0,0,0,0,0,0,0,0,0,0,0,0,0.00282942121052258,0,0,0,0,0,0,0,0,0,0,0,0,0,0,0,0,0.00565884242104517,0,0,0,0,0,3.67824757367936,0,0,0,0,0,0,0,0,0,0,0,0.00565884242104517,0,0,0,0,0,0,0,0,0,0,0,0,0,0,0,0,0,0,0,0,0,0,0,0.00282942121052258,0,0,0,0,0,0,0,0,0,0,0,0,0,0,0,0,0,0,0.0113176848420903,0,0,0,0,0,0,0,0,0,0,0,0,0,0,0,0,0,0.00282942121052258,0.00282942121052258,0,0.00565884242104517,0,0,0,0,0,0,0,0,0,0,0,0,0,0,0,0,0,0,0,0,0,0,0,0,0,0,0,0,0,0,0,0,0,0.00565884242104517,0,0,0,0,0,0,0,0.00282942121052258,0,0,0,0,0,0,0,0,0,0,0,9.9595626610395,0,0,0,0,0,0,0,0,0,0,0,0.00282942121052258,0.0169765272631355,0.0565884242104517,0,0,0,0,0,0,0,0,0,0,0,0,0,0,0,0,0,0,0,0.00282942121052258,0,0,0,0,0,0,0,0,0,0,0,0,0,0,0,0,0,0,0,0,0,0,0,0,0,0,0,0,0,0,0,0,0,0,0,0,0,0,0,0,0,0,0,0,0,0,0,0,0,0,0,0,0,0,0,0,0,0,0,0,0,0,0,0,0.00282942121052258,0,0,0,0,0,0,0,0,0,0,0,0,0,0,0,0,0,0,0,0,0,0,0,0,0,0.00282942121052258,0,0,0,0,0,0.00282942121052258,0,0,0,0,0,0,0,0,0,0,0,0,0,0,0,0,0,0,0,0,0,0,0,0,0,0,0.5422981868936,0,0,1.02272966430852,0,0,0,0,0,0,0,0,0,0,0,0,0,0,0,0,0,0,0,0,0,0,0,0,0,0,0,0,0,0,2.7277841565088,0,0,0,0,0,0,0,0,0,0,0,0,10.0707493923778,0,0,0,0,0,0,0.831176016008456,0,0,0,0,0,0,0,0,0,0,0,0,0,0,0,0,0,0,0,0,0,0,0,1.22089353394819,0,0,0,0,0,0,0,0,0,0,0,0,0,0,0,1.05377224459221,0,0,0,0.0299797268438283,0,0,0,0,0.0623074561947926,8.17821809533211,0,0,0,0,0,0,0,0,0,1.62801095360267,0,0,0,0,0,0,0,0,0,0,0,0,0,0,0,0,0,0,0,0,0,0,0,0,0,0,0,0,0,0,0,0,0,0,0,0.0492743703812508,0,0,0.00528259918460164,0,0,0,0,0,0,0,0,0,0,0,0,0,0,0,0,0,0,0,0,0,0,0,0,0,0,0,0,0,0,0,0,0.0359261390592377,0.100587880750162,0,0,0,0,0,0,0,0.0477554068835343,0,0,0,0,0,0,0,0,0,0,0,0.380219418804585,0,0,0,0,0,0,0,0.181316964196389,0,0,0.774016719662223,0,0,0,0,0,0,0,0,0,0,0,0,0,0,0,0,0,0,0,0,0,0,0,0,0,0,0,0,0.27852855721509,0,0,0,0,0,0,0,0,0,0,0,0,0,0,2.41053586544753,0,0,0,0,0,0,0,0,0,0,0,0,0,0,0.123855748992585,0,0,0,0,0,0,8.19775794842395,0,0,0,0,0,0,0,0,0,0,0,0,0,0,0,0,0,0,0.0376313020999504,0,0,0,0,0,0,0,0,0,0,0,0,0,0,0,0,0,0,0,0,0,0,0,0,0,0,0,0,0,0,0,0,0,0.00145903986681848,0,0,0,0,0,0,0,0,0,0,0,0,0,0,0,0,7.54810543094249,0,0,0,0,0,1.25359770269172,0,0,0,0,0,0,0,0,0,0,0,2.00967824841734,0,0,0,0,0,0,0,0,0,0,0,0,0,0,0,0,0,0,0,0,0,0,0,1.09998881411292,0,0,0,0,0,0,0,0,0,0,0,0,0,0,0,0,0,0,2.57589827944886,0,0,0,0,0,0,0,0,0,0,0,0,0,0,0,0,0,0.00713957735872033,0.841374905871308,0,0.929164838137457,0,0,0,0,0,0,0,0,0,0,0,0,0,0,0,0,0,0,0,0,0,0,0,0,0,0,0,0,0,0,0,0,0,0.0010304363118943,0,0,0,0,0,0,0,1.71427614180961,0,0,0,0,0,0,0,0,0,0,0,2.47002162069322,0,0,0,0,0,0,0,0,0,0,0,0.200035814642207,0.0828066190129798,0.00799572153952588,0,0,0,0,0,0,0,0,0,0,0,0,0,0,0,0,0,0,0,1.22018789703786,0,0,0,0,0,0,0,0,0,0,0,0,0,0,0,0,0,0,0,0,0,0,0,0,0,0,0,0,0,0,0,0,0,0,0,0,0,0,0,0,0,0,0,0,0,0,0,0,0,0,0,0,0,0,0,0,0,0,0,0,0,0,0,0,0.167700926916158,0,0,0,0,0,0,0,0,0,0,0,0,0,0,0,0,0,0,0,0,0,0,0,0,0,8.89103141208908,0,0,0,0,0,0.205664541618939,0,0,0,0,118.005302,129.4428023,128.8551022,131.4784023,117.9246021,138.4193024,125.1893021,127.2128022,139.9636023,129.6476022,133.0135023,"HOW-00186"
"309",4290,"nSPC",2012,"PRIAs","Pacific Remote Island Areas","Howland","Howland",2012,"ForereefMid","Howland","2012-03-14","Forereef","Mid",0.80891727,-176.61044058,13.5,25,0,10,30,33,2,0,0,NA,0.69875,0.43014275100792,1.6,2,1,36.2150184794924,20.4115702710324,11.2705067499136,21.5746215703395,89.4717170707779,0,0,0,0,0,0,0,0,0,0,0,0,0,0,0,0,0,0.0650766878420194,0,0,0,0,0,0,0,0,0,0,0,0,0,0,0,0,0,0,0,0,0,0,0,0.00282942121052258,0.00565884242104517,0,0,0,0,0,0,0,0,0,0,0,0,0,0,0.0141471060526129,0,0,0,0,0,0,0,0,0.00848826363156775,0,0,0,0.00282942121052258,0,0,0,0,0,0,0.0113176848420903,0,0,0,0,0,0,0,0,0,0,0,0,0,0,0,0,0,0,0,0,0,0,0,0.00282942121052258,0,0,0,0,0,0,0,0,0,0,0,0,0,0,0,0.00565884242104517,0,0,0,0.0141471060526129,0,0,0,0,0.067906109052542,0.00282942121052258,0,0,0,0,0,0,0,0,0,0.0169765272631355,0,0.141471060526129,0,0,0,0,0,0.00565884242104517,0,0,0,0,0,0,0,0,0,0,0,0,0,0,0,0,0,0,0,0,0,0,0,0,0,0,0,0.192400642315536,0,0,0,0,0,0,0,0,0,0,0,0,0,0,0,0,0,0,0,0,0,0,0,0,0,0,0,0,0,0,0.33953054526271,0,0,0,0,0.0141471060526129,0.00565884242104517,0,0,0,0,0,0,0,0.00282942121052258,0,0,0,0,0,0,0,0,0,0,0,0,0,0,0,0.00282942121052258,0,0,0,0.0141471060526129,0,0,0.0169765272631355,0,0,0,0,0,0,0,0,0,0,0,0,0,0,0,0,0,0,0,0,0,0,0,0,0,0,0,0,0,0,0,0,0,0,0,0,0.00282942121052258,0,0,0,0,0,0,0,0,0,0,0,0,0,0,0,0,0,0,0,0,0,0.0141471060526129,0,0,0,0,0,0,0,0,0,0,0,0,0,0,0,0,0,0,0,0.00282942121052258,0,0,0,0,0,0.0141471060526129,0,0,0,0,0,0,0,0,0.00565884242104517,0,0,0,0,0,0,0,0,0,0,0,0,0,0,0,0,0,0,0,0,0,0,0,0,0.00565884242104517,0,0,0,0.00282942121052258,0,0,0,0,0,0,0,0,0,0,0,0,0.00565884242104517,0,0,0,0,0,16.410643021031,0,0,0,0,0,0,0,0,0,0,0,0.0113176848420903,0,0,0,0,0,0,0,0,0.00565884242104517,0,0.0509295817894065,0,0,0,0,0,0,0,0,0,0,0,0,0,0,0,0,0,0,0,0,0,0,0,0,0,0,0,0,0,0,0,0,0,0,0,0,0,0,0,0,0,0,0,0.0141471060526129,0,0,0,0,0,0.00565884242104517,0.0113176848420903,0,0,0,0.00282942121052258,0,0,0,0,0,0,0,0,0,0,0,0,0,0,0,0,0,0,0.127323954473516,0,0,0,0,0.0113176848420903,0,0,0,0,0,0,0,0,0,0,0,0,0,0,0,0.00565884242104517,0,0,0,0,0,0,0,0,0,0,0,14.7129902947174,0,0,0,0,0,0,0,0,0,0,0,0,0,5.68713663315039,0,0,0,0,0,0,0,0,0,0,0,0,0,0,0,0,0,0,0,0.00282942121052258,0,0,0,0,0.00848826363156775,0,0,0,0,0,0,0,0,0.0113176848420903,0,0,0,0,0,0,0,0,0,0,0,0,0,0,0,0,0,0,0,0,0,0,0,0,0,0,0,0,0,0,0,0,0,0,0,0,0,0,0,0,0,0.0169765272631355,0,0,0,0,0,0,0,0,0,0,0,0,0,0,0,0,0,0,0,0.00848826363156775,0,0,0,0,0,0.00282942121052258,0,0.0565884242104517,0,0,0,0,0,0,0.00282942121052258,0,0,0,0,0,0.00282942121052258,0,0,0.00282942121052258,0,0,0,0,0,0,0,0,0,0,0,0,0,0,0,0,0,4.00290160989648,0,0,0,0,0,0,0,0,0,0,0,0,0,0,0,0,0,0,0,0,0,0,0,0.184680098736177,0.319192665601474,0,0,0,0,0,0,0,0,0,0,0,0,0,0,6.48435859755905,0,0,0,0,0,0,0,0,0.459471164714268,0,0,0,3.79165484803011,0,0,0,0,0,0,2.01820097173471,0,0,0,0,0,0,0,0,0,0,0,0,0,0,0,0,0,0,0,0,0,0,0,0.819923672365924,0,0,0,0,0,0,0,0,0,0,0,0,0,0,0,2.44388612466565,0,0,0,0.112495924460793,0,0,0,0,0.170106291940521,0.339619266014101,0,0,0,0,0,0,0,0,0,1.19738153981751,0,0.166072877951623,0,0,0,0,0,0.583555502051457,0,0,0,0,0,0,0,0,0,0,0,0,0,0,0,0,0,0,0,0,0,0,0,0,0,0,0,0.318713927532653,0,0,0,0,0,0,0,0,0,0,0,0,0,0,0,0,0,0,0,0,0,0,0,0,0,0,0,0,0,0,0.151838059841484,0,0,0,0,0.0754935970330188,0.04138906066107,0,0,0,0,0,0,0,0.0159618386666463,0,0,0,0,0,0,0,0,0,0,0,0,0,0,0,0.54205598843798,0,0,0,0.444457861151108,0,0,2.63941002425073,0,0,0,0,0,0,0,0,0,0,0,0,0,0,0,0,0,0,0,0,0,0,0,0,0,0,0,0,0,0,0,0,0,0,0,0,0.637556485533318,0,0,0,0,0,0,0,0,0,0,0,0,0,0,0,0,0,0,0,0,0,0.263188260355025,0,0,0,0,0,0,0,0,0,0,0,0,0,0,0,0,0,0,0,0.236265071445519,0,0,0,0,0,0.121925418803839,0,0,0,0,0,0,0,0,0.624771005164276,0,0,0,0,0,0,0,0,0,0,0,0,0,0,0,0,0,0,0,0,0,0,0,0,0.0225968114656179,0,0,0,0.0048155202490365,0,0,0,0,0,0,0,0,0,0,0,0,21.0277549487495,0,0,0,0,0,7.72237892177623,0,0,0,0,0,0,0,0,0,0,0,3.595692326583,0,0,0,0,0,0,0,0,0.415449087297691,0,5.00979061812948,0,0,0,0,0,0,0,0,0,0,0,0,0,0,0,0,0,0,0,0,0,0,0,0,0,0,0,0,0,0,0,0,0,0,0,0,0,0,0,0,0,0,0,0.154620547348709,0,0,0,0,0,0.0652550080750258,1.15362683298147,0,0,0,0.245816445914901,0,0,0,0,0,0,0,0,0,0,0,0,0,0,0,0,0,0,0.951529096932814,0,0,0,0,0.0850105338135447,0,0,0,0,0,0,0,0,0,0,0,0,0,0,0,2.05171178360805,0,0,0,0,0,0,0,0,0,0,0,7.28280570135187,0,0,0,0,0,0,0,0,0,0,0,0,0,4.22001112061476,0,0,0,0,0,0,0,0,0,0,0,0,0,0,0,0,0,0,0,0.214284517726202,0,0,0,0,0.712792368374485,0,0,0,0,0,0,0,0,1.42281972645065,0,0,0,0,0,0,0,0,0,0,0,0,0,0,0,0,0,0,0,0,0,0,0,0,0,0,0,0,0,0,0,0,0,0,0,0,0,0,0,0,0,0.197929635938613,0,0,0,0,0,0,0,0,0,0,0,0,0,0,0,0,0,0,0,0.017417916971977,0,0,0,0,0,0.063117845852256,0,0.56991588438739,0,0,0,0,0,0,2.86557967609668,0,0,0,0,0,0.0849533639789772,0,0,0.107513075692386,0,119.7893021,129.6130023,127.9512022,131.6108023,117.5737021,138.1475024,125.7603021,127.8761022,139.7037023,129.6875022,132.0095023,"HOW-00012"
"310",4291,"nSPC",2012,"PRIAs","Pacific Remote Island Areas","Howland","Howland",2012,"ForereefMid","Howland","2012-03-14","Forereef","Mid",0.82111261,-176.62670726,13.85,32.5,0,10,37.5,20,0,0,0,NA,0.50125,0.354688808149835,1.4,2,1,39.1790423424239,2.99630477007034,7.00060503186772,13.9133056170817,63.0892577614437,0,0,0,0,0,0,0,0,0,0,0,0,0,0,0,0,0,0.0169765272631355,0,0,0,0,0,0,0,0,0,0,0,0,0.00282942121052258,0,0,0,0,0,0,0,0,0,0,0,0,0,0,0,0,0,0,0,0,0,0,0,0,0,0,0.00565884242104517,0,0,0,0,0,0,0,0,0.00282942121052258,0,0,0,0,0,0,0,0,0,0,0.0198059484736581,0,0,0,0,0,0,0,0,0,0,0,0,0,0,0,0,0,0,0,0,0,0,0,0,0,0,0,0,0,0,0,0,0,0,0,0,0,0,0,0,0,0,0,0.0113176848420903,0,0,0,0,0.0594178454209743,0.0198059484736581,0,0,0,0,0,0,0,0,0,0.0198059484736581,0,0.565884242104517,0,0,0,0,0,0,0,0,0,0,0,0,0,0,0,0,0,0,0,0,0,0,0,0,0,0,0,0,0,0,0,0,0,0.0962003211577679,0,0,0.00565884242104517,0,0,0,0,0,0,0,0,0,0,0,0,0,0,0,0,0,0,0,0,0,0,0,0,0,0,0,0.0565884242104517,0,0,0,0,0,0,0,0,0,0,0,0,0,0.0113176848420903,0,0,0,0.0565884242104517,0,0,0,0,0,0,0,0,0,0,0,0,0,0,0,0,0,0,0.0226353696841807,0,0,0,0,0,0,0,0,0,0,0,0,0,0,0,0,0,0,0,0,0,0,0,0,0,0,0,0,0,0,0.00282942121052258,0,0,0,0.00282942121052258,0,0,0,0,0,0,0,0,0.00282942121052258,0,0,0,0,0.00282942121052258,0,0,0,0,0,0,0,0,0,0.00282942121052258,0,0,0,0,0,0,0,0,0,0,0,0,0,0.00565884242104517,0,0,0,0,0,0.00848826363156775,0,0,0,0,0,0.0113176848420903,0,0,0,0,0,0,0,0,0.00848826363156775,0,0,0,0,0,0,0,0,0,0,0,0,0,0,0,0,0,0,0,0,0,0,0,0.00282942121052258,0.00282942121052258,0,0,0,0.00848826363156775,0,0,0,0,0,0,0,0,0,0,0,0,0.00848826363156775,0,0,0,0.00848826363156775,0,6.50766878420194,0,0,0,0,0,0,0,0,0,0,0,0.0169765272631355,0,0,0,0,0,0,0,0,0,0,0,0,0,0,0,0,0,0,0,0,0,0,0,0.00282942121052258,0,0,0,0,0,0,0,0,0,0,0,0,0,0,0,0,0,0,0,0,0,0,0,0,0,0,0,0,0,0,0.0424413181578388,0,0,0,0,0,0,0.00848826363156775,0,0.00565884242104517,0,0,0,0,0,0,0,0,0,0,0,0,0,0,0,0,0,0,0,0,0.101859163578813,0,0,0,0,0.0594178454209743,0,0,0,0,0,0,0,0,0,0,0,0,0,0,0,0.0113176848420903,0,0,0,0,0,0,0,0,0,0,0,3.67824757367936,0,0,0,0,0,0,0,0,0,0,0,0.00282942121052258,0.00282942121052258,0.282942121052258,0,0,0,0,0,0,0,0,0,0,0,0,0,0,0,0,0,0,0,0,0,0,0,0,0,0,0,0,0,0,0,0,0,0.0113176848420903,0,0,0,0,0,0,0,0,0,0,0,0,0,0,0,0,0,0,0,0,0,0,0,0,0,0,0,0,0,0,0,0,0,0,0,0,0.00565884242104517,0,0,0,0,0.0141471060526129,0,0,0,0,0,0,0,0,0.00565884242104517,0,0,0,0,0,0,0,0,0,0,0,0,0,0,0,0,0,0,0.0113176848420903,0,0,0,0,0,0,0,0,0,0,0,0,0.00565884242104517,0,0,0.00565884242104517,0,0,0,0,0,0,0,0,0,0,0,0,0,0,0,0,0,1.46754888804385,0,0,0,0,0,0,0,0,0,0,0,0,1.81498335133265,0,0,0,0,0,0,0,0,0,0,0,0,0,0,0,0,0,0,0,0,0,0,0,0,0,0,1.60428182636631,0,0,0,0,0,0,0,0,0.66241389049501,0,0,0,0,0,0,0,0,0,0,1.82099000837237,0,0,0,0,0,0,0,0,0,0,0,0,0,0,0,0,0,0,0,0,0,0,0,0,0,0,0,0,0,0,0,0,0,0,0,0,0,0,0,0,0,0,0,0.0683136458827303,0,0,0,0,0.10397715795883,3.05415620412913,0,0,0,0,0,0,0,0,0,1.5402871264867,0,0.116798507570372,0,0,0,0,0,0,0,0,0,0,0,0,0,0,0,0,0,0,0,0,0,0,0,0,0,0,0,0,0,0,0,0,0,0.0956287780732423,0,0,0.447063356309831,0,0,0,0,0,0,0,0,0,0,0,0,0,0,0,0,0,0,0,0,0,0,0,0,0,0,0,0.0116798507570372,0,0,0,0,0,0,0,0,0,0,0,0,0,0.040349886318933,0,0,0,0.117360798520284,0,0,0,0,0,0,0,0,0,0,0,0,0,0,0,0,0,0,1.91275930295965,0,0,0,0,0,0,0,0,0,0,0,0,0,0,0,0,0,0,0,0,0,0,0,0,0,0,0,0,0,0,1.84402362027052,0,0,0,1.94530924691289,0,0,0,0,0,0,0,0,2.78464832033095,0,0,0,0,0.0353677651315323,0,0,0,0,0,0,0,0,0,0.0347730779455959,0,0,0,0,0,0,0,0,0,0,0,0,0,2.19894043509288,0,0,0,0,0,0.64483782419353,0,0,0,0,0,0.111764967236853,0,0,0,0,0,0,0,0,2.01515622745234,0,0,0,0,0,0,0,0,0,0,0,0,0,0,0,0,0,0,0,0,0,0,0,0.0243290750675526,0.0054076140822457,0,0,0,0.00399373354056837,0,0,0,0,0,0,0,0,0,0,0,0,3.40360267038431,0,0,0,3.55935551383898,0,1.68503067829341,0,0,0,0,0,0,0,0,0,0,0,2.61071098930645,0,0,0,0,0,0,0,0,0,0,0,0,0,0,0,0,0,0,0,0,0,0,0,0.502340715242833,0,0,0,0,0,0,0,0,0,0,0,0,0,0,0,0,0,0,0,0,0,0,0,0,0,0,0,0,0,0,0.253897440370881,0,0,0,0,0,0,0.818990923714235,0,1.67902426873076,0,0,0,0,0,0,0,0,0,0,0,0,0,0,0,0,0,0,0,0,0.451928311967989,0,0,0,0,0.117572191069528,0,0,0,0,0,0,0,0,0,0,0,0,0,0,0,1.47086329860532,0,0,0,0,0,0,0,0,0,0,0,0.952408644252796,0,0,0,0,0,0,0,0,0,0,0,0.27956986280188,0.0181534692942321,0.134758311123485,0,0,0,0,0,0,0,0,0,0,0,0,0,0,0,0,0,0,0,0,0,0,0,0,0,0,0,0,0,0,0,0,0,2.69448554710852,0,0,0,0,0,0,0,0,0,0,0,0,0,0,0,0,0,0,0,0,0,0,0,0,0,0,0,0,0,0,0,0,0,0,0,0,14.6104631035644,0,0,0,0,0.0559293787098263,0,0,0,0,0,0,0,0,0.412529612494193,0,0,0,0,0,0,0,0,0,0,0,0,0,0,0,0,0,0,0.277505105254118,0,0,0,0,0,0,0,0,0,0,0,0,0.411329083237877,0,0,0.161664155243269,0,122.7243021,139.1195024,137.7395023,139.3587024,133.5241023,145.5234026,132.5618022,124.7816021,150.6594026,141.7254024,146.1645025,"HOW-00180"
"311",4292,"nSPC",2012,"PRIAs","Pacific Remote Island Areas","Howland","Howland",2012,"ForereefShallow","Howland","2012-03-14","Forereef","Shallow",0.81568298,-176.62434884,5,45,0,1.5,30,14,1.5,0,8,NA,0.98,0.544941297595523,2.25,2,1,26.347090226157,10.4654727918176,30.1708418840683,10.3483783652352,77.3317832672781,6.48956400646798,0,0,0,0,0,0,0,0,0,0,0,0,0,0,0,0,0.0509295817894065,0,0,0,0,0,0,0,0,0,0,0,0,0,0,0,0,0,0,0,0,0,0,0,0,0,0,0,0,0,0,0,0,0,0,0,0,0,0,0,0.00848826363156775,0,0,0,0,0,0,0,0,0,0,0,0,0,0,0,0,0,0,0,0.0169765272631355,0,0,0,0,0.00565884242104517,0,0,0,0.00282942121052258,0,0,0,0,0,0,0,0,0,0,0,0,0,0,0,0,0,0,0,0,0,0,0,0,0,0,0,0,0,0,0.00565884242104517,0,0,0,0.0226353696841807,0,0,0,0,0.0198059484736581,0.0226353696841807,0,0,0,0,0,0,0,0,0,0.0226353696841807,0,0.141471060526129,0,0,0,0,0,0,0,0,0,0,0,0,0,0,0,0,0,0,0,0,0,0,0,0,0,0,0,0,0,0,0,0,0.00282942121052258,0.0282942121052258,0,0,0.00565884242104517,0,0,0,0,0,0,0,0,0,0,0,0,0,0,0,0,0,0,0,0,0,0,0,0,0,0,0,1.69765272631355,0,0,0,0,0,0,0,0,0,0,0,0,0,0,0,0,0,0,0,0,0,0,0,0,0,0,0,0,0,0,0,0,0,0.0141471060526129,0,0,0.0367824757367936,0,0.00565884242104517,0,0,0,0,0,0,0,0,0,0,0,0,0,0,0,0,0,0,0,0,0,0,0,0,0,0,0.00282942121052258,0.00282942121052258,0,0,0,0,0.00282942121052258,0,0,0,0,0,0,0,0,0,0,0,0,0,0,0,0,0,0,0,0,0,0,0,0.00282942121052258,0,0,0,0,0,0,0,0,0,0,0,0,0,0,0,0,0,0,0,0,0,0,0,0,0,0,0,0,0,0,0,0,0,0,0,0,0,0,0,0,0,0,0,0,0,0,0,0,0,0,0,0,0,0,0,0,0,0,0,0.00282942121052258,0,0,0,0.00282942121052258,0,0,0,0,0,0,0,0,0.0848826363156775,0,0,0,0.00565884242104517,0.00282942121052258,0,0,0.00848826363156775,0.00282942121052258,6.05496139051833,0,0,0,0,0,0,0,0,0,0,0.00565884242104517,0.0396118969473162,0,0,0,0,0,0,0,0,0,0,0,0,0,0,0,0,0,0,0,0,0,0,0,0.00848826363156775,0,0,0,0,0,0,0,0,0,0,0,0,0,0,0,0,0,0,0,0,0,0,0,0,0,0,0,0,0,0,0.0254647908947033,0,0,0,0,0,0.00282942121052258,0.00848826363156775,0,0.00282942121052258,0,0.0113176848420903,0,0,0,0,0,0,0,0,0,0,0,0,0,0,0,0,0,0,0.189571221105013,0,0,0,0,0.0226353696841807,0,0,0,0,0,0,0,0,0,0,0,0,0,0,0,0,0,0,0,0,0,0,0,0,0,0,0,3.3953054526271,0,0,0,0,0,0,0,0,0,0,0,0,0,0.0990297423682904,0,0,0,0,0,0,0,0,0,0,0,0,0,0,0,0,0,0,0,0.00282942121052258,0,0,0,0,0,0,0,0,0,0,0,0,0,0.00565884242104517,0,0,0,0,0,0,0,0,0,0,0,0,0,0,0,0,0,0,0.00282942121052258,0,0,0,0,0,0,0,0,0,0,0,0,0,0,0,0,0,0,0,0,0,0,0.0650766878420194,0,0,0.0198059484736581,0,0,0,0,0,0,0,0,0,0,0,0,0,0,0,0,0,0,0,0,0,0,0,0.00282942121052258,0.186741799894491,0,0,0,0,0,0,0,0,0,0,0,0,0,0,0,0.0169765272631355,0,0,0,0,0,0,0,0,0,0,0,0,0,0,0,0,0,3.66905895441616,0,0,0,0,0,0,0,0,0,0,0,0,0,0,0,0,0,0,0,0,0,0,0,0,0,0,0,0,0,0,0,0,0,0,0,0,0,0,0,2.84329244800717,0,0,0,0,0,0,0,0,0,0,0,0,0,0,0,0,0,0,0,1.97176928153766,0,0,0,0,0.0099756158110674,0,0,0,0.191525483086802,0,0,0,0,0,0,0,0,0,0,0,0,0,0,0,0,0,0,0,0,0,0,0,0,0,0,0,0,0,0,2.90738431812589,0,0,0,0.164162908393524,0,0,0,0,0.0723662096217244,3.15839817724475,0,0,0,0,0,0,0,0,0,1.32491453336722,0,0.0985487407625016,0,0,0,0,0,0,0,0,0,0,0,0,0,0,0,0,0,0,0,0,0,0,0,0,0,0,0,0,0,0,0,0,0.27473509157586,0.0689841185337511,0,0,0.447063356309831,0,0,0,0,0,0,0,0,0,0,0,0,0,0,0,0,0,0,0,0,0,0,0,0,0,0,0,1.9892245820579,0,0,0,0,0,0,0,0,0,0,0,0,0,0,0,0,0,0,0,0,0,0,0,0,0,0,0,0,0,0,0,0,0,0.400258964391539,0,0,4.70786434231093,0,0.392959739122399,0,0,0,0,0,0,0,0,0,0,0,0,0,0,0,0,0,0,0,0,0,0,0,0,0,0,0.615563555098824,0.387361075608131,0,0,0,0,0.813456480521588,0,0,0,0,0,0,0,0,0,0,0,0,0,0,0,0,0,0,0,0,0,0,0,0.026156210383102,0,0,0,0,0,0,0,0,0,0,0,0,0,0,0,0,0,0,0,0,0,0,0,0,0,0,0,0,0,0,0,0,0,0,0,0,0,0,0,0,0,0,0,0,0,0,0,0,0,0,0,0,0,0,0,0,0,0,0,0.0054076140822457,0,0,0,0.0027012170491327,0,0,0,0,0,0,0,0,0.138791174226583,0,0,0,6.33324659813499,0.759206074486025,0,0,5.14985961140064,1.86828809372219,1.82422886476113,0,0,0,0,0,0,0,0,0,0,4.28741076786421,10.2112136688586,0,0,0,0,0,0,0,0,0,0,0,0,0,0,0,0,0,0,0,0,0,0,0,2.6221466607551,0,0,0,0,0,0,0,0,0,0,0,0,0,0,0,0,0,0,0,0,0,0,0,0,0,0,0,0,0,0,0.278691088579181,0,0,0,0,0,0.0204346147065911,0.924890720219023,0,0.37361170425437,0,0.678312546811524,0,0,0,0,0,0,0,0,0,0,0,0,0,0,0,0,0,0,1.24359230794431,0,0,0,0,0.175075194256599,0,0,0,0,0,0,0,0,0,0,0,0,0,0,0,0,0,0,0,0,0,0,0,0,0,0,0,2.00114351890723,0,0,0,0,0,0,0,0,0,0,0,0,0,0.0471654088932199,0,0,0,0,0,0,0,0,0,0,0,0,0,0,0,0,0,0,0,0.624736203283387,0,0,0,0,0,0,0,0,0,0,0,0,0,1.05933530121966,0,0,0,0,0,0,0,0,0,0,0,0,0,0,0,0,0,0,6.48956400646798,0,0,0,0,0,0,0,0,0,0,0,0,0,0,0,0,0,0,0,0,0,0,0.741963449130371,0,0,0.199350328893397,0,0,0,0,0,0,0,0,0,0,0,0,0,0,0,0,0,0,0,0,0,0,0,0.586256074820279,1.65020361555521,0,0,0,0,0,0,0,0,0,0,0,0,0,0,0,0.499932651706547,0,59.92370105,74.6898013,86.51940148,71.98260123,64.04780109,52.87820094,68.56030115,69.66270118,60.74590108,60.84360103,70.12190121,"HOW-00152"
"312",4293,"nSPC",2012,"PRIAs","Pacific Remote Island Areas","Howland","Howland",2012,"ForereefDeep","Howland","2012-03-14","Forereef","Deep",0.81173452,-176.62299952,22.2,17.5,0,5,20,49.5,0.5,0,7.5,NA,0.5075,0.364335784295448,1.75,2,1,11.941417207887,89.4179410297651,8.5545716211731,3.73512118455134,113.649051043377,0,0,0,0,0,0,0,0,0,0,0,0,0,0,0,0,0,0.0113176848420903,0,0,0,0,0,0,0,0,0.00565884242104517,0,0,0,0,0,0,0,0,0,0,0,0,0,0,0,0,0,0,0,0,0,0,0,0,0,0,0.0565884242104517,0,0,0,0.00565884242104517,0,0,0,0,0,0,0,0,0,0,0,0,0,0,0,0,0,0,0,0.0113176848420903,0,0,0,0,0,0,0,0,0,0,0,0,0,0,0,0,0,0,0,0,0,0,0,0,0,0,0,0,0,0,0,0,0,0,0.141471060526129,0,0,0,0,0,0,0,0,0.0226353696841807,0,0,0,0,0.0424413181578388,0.0367824757367936,0,0,0,0,0,0.00565884242104517,0,0,0,0.00565884242104517,0,0.0848826363156775,0,0,0,0,0,0,0,0,0,0,0,0,0,0,0,0,0,0,0,0,0,0,0,0,0,0,0,0,0,0,0,0,0.0113176848420903,0.254647908947033,0,0,0.00848826363156775,0,0,0,0,0,0,0,0,0,0,0,0,0,0,0,0,0,0,0,0,0,0,0,0,0,0,0,0,0,0,0,0,0.0565884242104517,0,0,0,0,0,0,0,0,0,0,0,0,0.0282942121052258,0,0,0,0,0,0,0,0,0,0,0,0,0,0,0.00282942121052258,0.0198059484736581,0,0,0,0,0,0,0,0,0,0,0,0,0,0,0,0,0,0,0,0,0,0,0,0,0,0,0,0,0,0,0,0,0,0,0,0,0,0,0,0,0,0,0,0,0,0,0,0,0,0,0,0.00565884242104517,0,0,0,0,0,0,0,0,0,0.00282942121052258,0,0,0,0,0,0,0,0,0,0,0,0,0,0,0,0,0,0,0,0,0,0,0.0141471060526129,0,0,0.00282942121052258,0,0,0,0,0,0,0,0,0,0,0,0,0,0,0,0,0,0,0,0,0,0,0,0,0,0,0,0,0,0,0,0,0.00565884242104517,0.00282942121052258,0,0,0,0.00282942121052258,0,0,0,0,0,0,0,0,0,0,0,0,0.00282942121052258,0,0,0,0,0,14.1471060526129,0,0,0,0,0,0,0,0,0,0,0,0.0113176848420903,0,0,0,0,0,0,0,0.0565884242104517,0.0990297423682904,0,0,0,0,0,0,0.0452707393683613,0,0,0,0,0.00282942121052258,0,0,0.0113176848420903,0,0,0,0,0,0,0,0,0,0,0,0,0,0,0,0,0,0,0,0,0,0,0,0,0,0,0,0,0,0,0,0,0,0,0,0,0,0,0,0,0,0,0,0,0,0,0,0,0,0,0,0,0,0.00282942121052258,0,0,0,0,0,0,0,0,0,0,0,0.0424413181578388,0,0,0,0,0,0,0,0,0,0,0,0,0,0,0,0,0,0,0,0,0,0,0,0,0,0,0,6.50766878420194,0,0,0,0,0,0,0,0,0,0,0,0,0.0254647908947033,0,0,0,0,0,0,0,0,0,0,0,0,0,0,0,0.565884242104517,0,0,0,0,0,0,0,0,0,0,0,0,0,0,0,0,0,0,0.00282942121052258,0,0,0,0,0,0,0,0,0,0,0,0,0,0,0,0,0,0,0,0,0,0,0,0,0,0,0,0,0,0,0,0,0,0,0,0,0,0,0,0,0,0,0,0,0,0,0,0,0,0,0,0,0,0,0,0,0,0,0,0,0,0,0,0,0,0,0,0,0,0,0,0,0,0,0,0,0,0,0,0,0,0,0,0,0,0.00565884242104517,0,0,0,0,0,0,0,0,0,0,0,0,0,0,0,0,0,0.48994295920924,0,0,0,0,0,0,0,0,0.29220847551672,0,0,0,0,0,0,0,0,0,0,0,0,0,0,0,0,0,0,0,0,0,0,0,0,0,0,0.0584463036351174,0,0,0,1.18877283333743,0,0,0,0,0,0,0,0,0,0,0,0,0,0,0,0,0,0,0,0.894032966565824,0,0,0,0,0,0,0,0,0,0,0,0,0,0,0,0,0,0,0,0,0,0,0,0,0,0,0,0,0,0,0,0,0,0,16.6420347368741,0,0,0,0,0,0,0,0,0.0799119481328819,0,0,0,0,0.120638252918908,7.87554128790274,0,0,0,0,0,0.376065460015607,0,0,0,0.439486006998475,0,0.059129244457501,0,0,0,0,0,0,0,0,0,0,0,0,0,0,0,0,0,0,0,0,0,0,0,0,0,0,0,0,0,0,0,0,1.02462413666189,0.298931180312922,0,0,0.626174648723936,0,0,0,0,0,0,0,0,0,0,0,0,0,0,0,0,0,0,0,0,0,0,0,0,0,0,0,0,0,0,0,0,0.0274473347784417,0,0,0,0,0,0,0,0,0,0,0,0,0.058680399260142,0,0,0,0,0,0,0,0,0,0,0,0,0,0,0.0145779472526207,1.08992748155621,0,0,0,0,0,0,0,0,0,0,0,0,0,0,0,0,0,0,0,0,0,0,0,0,0,0,0,0,0,0,0,0,0,0,0,0,0,0,0,0,0,0,0,0,0,0,0,0,0,0,0,0.0824422605216018,0,0,0,0,0,0,0,0,0,0.0190250326598301,0,0,0,0,0,0,0,0,0,0,0,0,0,0,0,0,0,0,0,0,0,0,0.152757366904945,0,0,0.0192672266751746,0,0,0,0,0,0,0,0,0,0,0,0,0,0,0,0,0,0,0,0,0,0,0,0,0,0,0,0,0,0,0,0,0.0348384313074332,0.00300038252289269,0,0,0,0.00133124451352279,0,0,0,0,0,0,0,0,0,0,0,0,2.06155161963277,0,0,0,0,0,4.66707369833279,0,0,0,0,0,0,0,0,0,0,0,1.08827329475605,0,0,0,0,0,0,0,7.5658358974901,16.8490328020953,0,0,0,0,0,0,3.84369948145041,0,0,0,0,1.85911873765529,0,0,5.36561319514511,0,0,0,0,0,0,0,0,0,0,0,0,0,0,0,0,0,0,0,0,0,0,0,0,0,0,0,0,0,0,0,0,0,0,0,0,0,0,0,0,0,0,0,0,0,0,0,0,0,0,0,0,0,0.184882587217056,0,0,0,0,0,0,0,0,0,0,0,0.254626932558061,0,0,0,0,0,0,0,0,0,0,0,0,0,0,0,0,0,0,0,0,0,0,0,0,0,0,0,2.88978691204908,0,0,0,0,0,0,0,0,0,0,0,0,0.236872837641667,0,0,0,0,0,0,0,0,0,0,0,0,0,0,0,34.1803136379002,0,0,0,0,0,0,0,0,0,0,0,0,0,0,0,0,0,0,0.386127717294564,0,0,0,0,0,0,0,0,0,0,0,0,0,0,0,0,0,0,0,0,0,0,0,0,0,0,0,0,0,0,0,0,0,0,0,0,0,0,0,0,0,0,0,0,0,0,0,0,0,0,0,0,0,0,0,0,0,0,0,0,0,0,0,0,0,0,0,0,0,0,0,0,0,0,0,0,0,0,0,0,0,0,0,0,0,0.24700614294193,0,48.89550086,60.70910106,73.89990124,58.98670104,50.05380086,43.77570077,55.53070094,55.68720095,46.25390084,54.75840092,55.39690096,"HOW-00183"
"313",4294,"nSPC",2012,"PRIAs","Pacific Remote Island Areas","Baker","Baker",2012,"ForereefDeep","Baker","2012-03-15","Forereef","Deep",0.20657938,-176.47802671,25.15,17.5,0,12.5,42.5,25,2.5,0,0,NA,0.31125,0.232901589941709,1,2,1,20.3800981686882,17.9740148984458,14.8351458990686,12.7263671182773,65.9156260844799,2.42852260870935,0,0,0,0,0,0,0,0,0,0,0,0,0,0,0.0113176848420903,0,0.00848826363156775,0.00282942121052258,0,0,0,0,0,0,0,0.033953054526271,0,0,0,0,0,0,0,0,0,0,0,0,0,0,0,0,0,0,0,0,0,0.00282942121052258,0,0,0,0,0,0,0,0,0.00565884242104517,0,0,0,0,0,0,0,0,0.0141471060526129,0,0,0,0,0,0,0,0,0,0,0.0169765272631355,0,0,0,0,0,0,0,0,0,0,0,0,0,0,0,0,0,0,0,0,0.00282942121052258,0,0,0,0,0,0,0,0,0,0.00282942121052258,0,0,0,0,0,0,0,0,0.00282942121052258,0.00282942121052258,0,0,0.0198059484736581,0,0,0,0,0.110347427210381,0.0198059484736581,0,0,0,0,0,0,0,0,0,0.0113176848420903,0,0,0,0,0,0,0,0,0,0,0,0,0,0,0,0,0,0,0,0,0,0,0,0,0,0,0,0,0,0,0,0,0,0,0,0.141471060526129,0,0,0.00565884242104517,0,0,0,0,0,0,0,0,0,0,0,0,0,0,0,0,0,0,0,0,0,0,0,0,0,0,0,0,0,0,0,0,0,0,0,0,0,0,0,0,0,0.0311236333157484,0,0,0,0,0,0,0,0,0,0.00282942121052258,0,0.00848826363156775,0,0,0,0.00282942121052258,0,0,0,0.0367824757367936,0.00282942121052258,0.00282942121052258,0.0282942121052258,0,0,0,0,0,0,0,0,0,0,0,0,0,0,0,0,0,0,0,0,0,0,0,0,0,0,0,0,0.0113176848420903,0,0,0,0,0,0.00282942121052258,0,0.00282942121052258,0,0,0,0,0,0,0,0,0,0,0,0,0,0,0,0,0,0,0,0,0,0.0113176848420903,0,0.00282942121052258,0,0,0,0,0,0,0,0,0,0,0,0,0,0,0,0,0,0.00282942121052258,0,0,0.0141471060526129,0,0,0.0198059484736581,0,0,0,0,0,0,0,0,0,0,0,0,0,0,0,0,0,0,0,0,0,0,0,0,0,0,0,0,0,0,0,0,0,0.00565884242104517,0,0,0,0.00565884242104517,0,0,0,0,0,0,0,0,0,0,0,0,0.00565884242104517,0,0,0,0,0,5.09295817894065,0,0,0,0,0,0,0,0,0,0,0,0.0113176848420903,0,0,0,0,0,0,0,0,0,0,0,0,0,0,0,0,0,0,0,0,0,0,0,0,0,0,0,0,0,0,0.00282942121052258,0,0,0,0,0,0,0,0,0,0,0,0,0,0,0,0,0,0,0,0,0,0,0,0.00565884242104517,0,0,0,0,0,0.00282942121052258,0,0,0.00282942121052258,0,0,0,0,0,0,0,0,0,0,0,0,0,0,0,0,0,0,0,0,0,0,0,0,0,0.0169765272631355,0,0,0,0,0,0,0,0,0,0,0,0,0,0.00282942121052258,0,0.00565884242104517,0,0,0,0,0,0,0,0,0,0,0,5.65884242104517,0,0,0,0,0,0,0,0,0,0,0,0,0.0141471060526129,0,0,0,0,0,0,0,0,0,0,0,0,0,0,0,0,0,0,0,0,0.00282942121052258,0,0,0,0,0.00848826363156775,0,0,0,0,0,0,0,0,0.00848826363156775,0,0,0,0,0,0,0,0,0,0,0,0,0,0,0,0,0.00282942121052258,0,0.00282942121052258,0,0,0,0,0,0,0,0,0,0,0,0,0,0,0,0,0,0,0,0,0,0,0,0,0,0,0,0,0,0,0,0.00282942121052258,0,0,0,0,0,0,0,0,0,0,0,0,0,0,0,0,0,0,0.00565884242104517,0,0,0,0,0,0,0.00282942121052258,0,0,0,0,0,0.00565884242104517,0,0,0,0,0,0,0,0,0,0,0,0,0,0,0,0,0,0,3.22616625824974,0,0.588923502177418,0.103975262627718,0,0,0,0,0,0,0,2.12779718349597,0,0,0,0,0,0,0,0,0,0,0,0,0,0,0,0,0,0,0,0,0,0.101578406061071,0,0,0,0,0,0,0,0,1.11637218869198,0,0,0,0,0,0,0,0,1.40907381630974,0,0,0,0,0,0,0,0,0,0,2.16878008576958,0,0,0,0,0,0,0,0,0,0,0,0,0,0,0,0,0,0,0,0,0.923280031844646,0,0,0,0,0,0,0,0,0,0.0354433402473131,0,0,0,0,0,0,0,0,0.734847163315798,0.00746259844275332,0,0,0.115481826670522,0,0,0,0,0.528970881143197,5.5796505069615,0,0,0,0,0,0,0,0,0,1.13468465802825,0,0,0,0,0,0,0,0,0,0,0,0,0,0,0,0,0,0,0,0,0,0,0,0,0,0,0,0,0,0,0,0,0,0,0,0.544573041546861,0,0,0.281988661853712,0,0,0,0,0,0,0,0,0,0,0,0,0,0,0,0,0,0,0,0,0,0,0,0,0,0,0,0,0,0,0,0,0,0,0,0,0,0,0,0,0,0.0687093532740152,0,0,0,0,0,0,0,0,0,1.83302631167601,0,0.0990221191244625,0,0,0,0.481885799917128,0,0,0,2.17318334754644,0.100333377594546,0.380456733928957,2.85195430439121,0,0,0,0,0,0,0,0,0,0,0,0,0,0,0,0,0,0,0,0,0,0,0,0,0,0,0,0,0.465669164108213,0,0,0,0,0,1.49438363836957,0,1.51124500274564,0,0,0,0,0,0,0,0,0,0,0,0,0,0,0,0,0,0,0,0,0,0.286502936647444,0,1.18634449916377,0,0,0,0,0,0,0,0,0,0,0,0,0,0,0,0,0,0.164690365394844,0,0,0.0248306934665593,0,0,0.24260900463838,0,0,0,0,0,0,0,0,0,0,0,0,0,0,0,0,0,0,0,0,0,0,0,0,0,0,0,0,0,0,0,0,0,0.0289404263066379,0,0,0,0.0198412491400157,0,0,0,0,0,0,0,0,0,0,0,0,2.32834273414731,0,0,0,0,0,5.2775920600333,0,0,0,0,0,0,0,0,0,0,0,2.32971519758679,0,0,0,0,0,0,0,0,0,0,0,0,0,0,0,0,0,0,0,0,0,0,0,0,0,0,0,0,0,0,5.67619360868771,0,0,0,0,0,0,0,0,0,0,0,0,0,0,0,0,0,0,0,0,0,0,0,0.0620352706152356,0,0,0,0,0,0.0310176353076178,0,0,0.154604052675333,0,0,0,0,0,0,0,0,0,0,0,0,0,0,0,0,0,0,0,0,0,0,0,0,0,0.136178959074082,0,0,0,0,0,0,0,0,0,0,0,0,0,0.011652983122145,0,0.839098813034999,0,0,0,0,0,0,0,0,0,0,0,4.30076268131249,0,0,0,0,0,0,0,0,0,0,0,0,0.084767548894274,0,0,0,0,0,0,0,0,0,0,0,0,0,0,0,0,0,0,0,0,0.263560585760179,0,0,0,0,1.00957643756975,0,0,0,0,0,0,0,0,1.15838315188369,0,0,0,0,0,0,0,0,0,0,0,0,0,0,0,0,1.93196130175184,0,1.50524257686471,0,0,0,0,0,0,0,0,0,0,0,0,0,0,0,0,0,0,0,0,0,0,0,0,0,0,0,0,0,0,0,0.250329080411291,0,0,0,0,0,0,0,0,0,0,0,0,0,0,0,0,0,0,0.0786579096525278,0,0,0,0,0,0,2.86557967609668,0,0,0,0,0,1.47769607912631,0,0,0,0,110.4501019,122.3735021,127.2015021,124.8607021,116.811102,137.6695024,121.754702,117.078702,138.6343023,127.8472022,132.8513022,"BAK-00177"
"314",4295,"nSPC",2012,"PRIAs","Pacific Remote Island Areas","Baker","Baker",2012,"ForereefDeep","Baker","2012-03-15","Forereef","Deep",0.20383489,-176.46839851,20.65,37.5,0,10,27.5,22.5,2.5,0,0,NA,0.59,0.39887939823928,1.5,2,1,59.0805998194503,141.418404844839,26.4445367746281,21.4861687468274,248.429710185744,7.96091351273863,0,0,0,0,0,0,0,0,0,0,0,0,0,0,0,0.00282942121052258,0.0481001605788839,0,0,0,0,0,0,0,0,0,0,0,0,0,0,0,0,0,0,0,0,0,0,0,0,0,0,0,0,0,0,0,0,0,0,0,0,0,0,0,0.00565884242104517,0,0,0,0,0,0,0,0,0.0141471060526129,0,0,0,0,0,0,0,0,0,0,0.0141471060526129,0,0,0,0,0,0,0,0,0,0,0,0,0,0.00565884242104517,0,0,0,0,0,0,0,0,0,0.00565884242104517,0,0,0,0,0,0,0,0,0,0,0.198059484736581,0,0,0,0,0.0113176848420903,0,0,0,0.0169765272631355,0,0,0,0,0.0452707393683613,0.0226353696841807,0,0,0,0,0,0,0,0,0,0.0141471060526129,0,0,0,0,0,0,0,0,0,0,0,0,0,0,0,0,0,0,0,0,0,0,0,0,0,0,0,0,0,0,0,0,0,0,0,0.181082957473445,0,0,0.00848826363156775,0,0,0,0,0,0,0,0,0,0,0,0,0,0,0,0,0,0,0,0,0,0,0,0,0,0,0,0.0565884242104517,0,0,0,0,0.00282942121052258,0,0,0,0,0,0,0,0,0,0,0,0,0,0,0,0,0,0,0.00282942121052258,0,0,0,0,0,0,0,0,0,0.0226353696841807,0,0,0.0254647908947033,0,0,0,0,0,0,0,0,0,0,0,0,0,0,0,0,0,0,0,0,0,0,0,0,0,0,0,0,0,0,0,0,0,0,0,0,0.00565884242104517,0,0,0,0,0,0,0,0,0,0,0,0,0,0,0,0,0,0,0,0,0,0.0282942121052258,0,0.00282942121052258,0,0,0,0,0.00282942121052258,0,0,0,0,0,0,0,0,0,0,0,0,0.00282942121052258,0,0,0.0141471060526129,0,0,0.0141471060526129,0,0,0,0,0,0,0,0,0.00282942121052258,0,0,0,0,0,0,0,0,0,0,0,0,0,0,0,0,0,0,0,0,0,0,0,0,0.00848826363156775,0,0,0,0.00282942121052258,0,0,0,0,0,0,0,0,0,0,0,0,0.0254647908947033,0,0,0,0,0,4.81001605788839,0,0,0,0,0,0,0,0,0,0,0,0.0198059484736581,0,0,0,0,0,0.00282942121052258,0,0,0.0282942121052258,0,0.0282942121052258,0,0,0,0,0,0,0,0,0,0,0,0.0169765272631355,0.00565884242104517,0,0,0,0,0,0,0.00282942121052258,0,0,0,0,0,0,0,0,0,0,0,0.0311236333157484,0,0,0,0,0,0,0,0,0,0,0.00282942121052258,0.00282942121052258,0,0,0,0,0,0.0113176848420903,0.00282942121052258,0,0,0,0.00282942121052258,0,0,0,0,0,0,0,0,0,0,0,0.00282942121052258,0,0,0,0,0,0,0.0565884242104517,0,0,0,0,0.00848826363156775,0,0,0,0,0,0,0,0,0,0,0,0,0,0,0,0.00282942121052258,0,0,0,0,0,0,0,0,0,0,0,6.22472666314968,0,0,0,0,0,0,0,0,0,0,0,0.00282942121052258,0.0169765272631355,0.282942121052258,0,0,0,0,0,0,0,0,0,0,0,0,0,0,0,0,0,0,0,0.00282942121052258,0,0,0,0,0.0113176848420903,0,0,0,0,0,0,0,0,0.0254647908947033,0,0,0,0,0,0,0,0,0,0,0,0,0,0,0,0,0,0,0.00282942121052258,0,0,0,0,0.00282942121052258,0,0,0,0,0,0,0,0,0,0,0,0,0,0,0,0,0,0,0,0,0,0,0,0,0,0,0,0,0,0,0,0,0,0,0,0,0,0.0169765272631355,0,0,0,0,0,0,0,0.0198059484736581,0,0,0,0,0,0,0,0,0,0,0,0,0.0113176848420903,0,0,0,0,0,0,0,0,0,0,0,0,0,0,0,0,0,0,0,2.3039963620237,5.43737167912891,0,0,0,0,0,0,0,0,0,0,0,0,0,0,0,0,0,0,0,0,0,0,0,0,0,0,0,0,0,0,0,0,0,0,0,0,0,0,0,1.45431118452377,0,0,0,0,0,0,0,0,1.33604896383663,0,0,0,0,0,0,0,0,0,0,1.56148573515312,0,0,0,0,0,0,0,0,0,0,0,0,0,0.458596013851253,0,0,0,0,0,0,0,0,0,1.28616817433865,0,0,0,0,0,0,0,0,0,0,85.5869605709847,0,0,0,0,11.9732454314717,0,0,0,0.0803920176866978,0,0,0,0,0.171529758472348,9.08725487735843,0,0,0,0,0,0,0,0,0,0.994478474818093,0,0,0,0,0,0,0,0,0,0,0,0,0,0,0,0,0,0,0,0,0,0,0,0,0,0,0,0,0,0,0,0,0,0,0,0.485589795223823,0,0,0.505520340008627,0,0,0,0,0,0,0,0,0,0,0,0,0,0,0,0,0,0,0,0,0,0,0,0,0,0,0,0.182497668078707,0,0,0,0,0.0250328161400584,0,0,0,0,0,0,0,0,0,0,0,0,0,0,0,0,0,0,2.44210820708949,0,0,0,0,0,0,0,0,0,1.52073468172102,0,0,3.85967684412986,0,0,0,0,0,0,0,0,0,0,0,0,0,0,0,0,0,0,0,0,0,0,0,0,0,0,0,0,0,0,0,0,0,0,0,0,5.90330079197517,0,0,0,0,0,0,0,0,0,0,0,0,0,0,0,0,0,0,0,0,0,1.339088741588,0,1.44036835932625,0,0,0,0,0.276867360593959,0,0,0,0,0,0,0,0,0,0,0,0,0.236265071445519,0,0,0.0434371662073714,0,0,0.127156169795732,0,0,0,0,0,0,0,0,1.30634377289828,0,0,0,0,0,0,0,0,0,0,0,0,0,0,0,0,0,0,0,0,0,0,0,0,0.0459663415872028,0,0,0,0.0027012170491327,0,0,0,0,0,0,0,0,0,0,0,0,26.9440230217544,0,0,0,0,0,5.43497012660499,0,0,0,0,0,0,0,0,0,0,0,3.7657689868457,0,0,0,0,0,0.79589061284963,0,0,2.52155334786203,0,2.07724543648845,0,0,0,0,0,0,0,0,0,0,0,33.3800300793192,3.64814929390491,0,0,0,0,0,0,3.87089599264038,0,0,0,0,0,0,0,0,0,0,0,1.30178755592297,0,0,0,0,0,0,0,0,0,0,0.746701941339476,0.0622990679213183,0,0,0,0,0,0.0817384588263644,0.178309917462687,0,0,0,0.344770422496462,0,0,0,0,0,0,0,0,0,0,0,0.301050416799603,0,0,0,0,0,0,0.65267360861637,0,0,0,0,0.0583443527737747,0,0,0,0,0,0,0,0,0,0,0,0,0,0,0,0.455432692193589,0,0,0,0,0,0,0,0,0,0,0,5.80670797350708,0,0,0,0,0,0,0,0,0,0,0,0.00870617632899131,0.102921018188506,0.134758311123485,0,0,0,0,0,0,0,0,0,0,0,0,0,0,0,0,0,0,0,0.319864936081094,0,0,0,0,0.950389824499313,0,0,0,0,0,0,0,0,3.47514945565108,0,0,0,0,0,0,0,0,0,0,0,0,0,0,0,0,0,0,5.30975177237201,0,0,0,0,2.65116174036662,0,0,0,0,0,0,0,0,0,0,0,0,0,0,0,0,0,0,0,0,0,0,0,0,0,0,0,0,0,0,0,0,0,0,0,0,0,0.0825738286078911,0,0,0,0,0,0,0,0.286590093818985,0,0,0,0,0,0,0,0,0,0,0,0,1.20500513407082,0,0,0,0,121.0064021,131.4153022,133.0741022,132.4620022,122.1139021,138.7680025,129.2746022,131.0730023,140.5126023,133.9146023,134.3136022,"BAK-00183"
"315",4296,"nSPC",2012,"PRIAs","Pacific Remote Island Areas","Baker","Baker",2012,"ForereefMid","Baker","2012-03-15","Forereef","Mid",0.20400513,-176.47149218,14,37.5,0,5,32.5,20,5,0,0,NA,0.5475,0.345915638710017,1.25,2,1,14.7417916037711,24.2490673695603,20.4858444549854,15.2976931139338,74.7743965422506,4.70064168930414,0,0,0,0,0,0,0,0,0,0,0,0,0,0,0,0,0.0481001605788839,0,0,0,0,0,0,0,0,0,0,0,0,0,0,0,0,0,0,0,0,0,0,0,0.00282942121052258,0.00282942121052258,0,0,0,0,0,0,0,0,0,0,0,0,0,0,0.00282942121052258,0,0,0,0,0,0,0,0,0.0113176848420903,0,0,0,0,0,0,0,0,0,0,0.0141471060526129,0,0,0,0,0,0,0,0,0,0,0,0,0,0,0,0,0,0,0,0,0,0,0,0,0,0,0,0,0,0,0,0,0,0,0.0565884242104517,0,0,0,0,0.00848826363156775,0,0,0,0.0198059484736581,0,0,0,0,0.0226353696841807,0,0,0,0,0,0,0,0,0,0,0.0113176848420903,0,0,0,0,0,0,0,0.00282942121052258,0,0,0,0,0,0,0,0,0,0,0,0,0,0,0,0,0,0,0,0,0,0,0,0,0,0,0.0198059484736581,0.0848826363156775,0,0,0,0,0,0,0,0,0,0,0,0,0,0,0.00282942121052258,0,0.00565884242104517,0,0,0,0,0,0,0,0.00282942121052258,0,0,0,0,0,0.495148711841452,0,0,0,0,0.0254647908947033,0,0,0,0,0,0,0,0,0,0,0,0,0,0,0,0,0,0,0,0,0.0198059484736581,0,0,0,0,0,0,0,0.00565884242104517,0,0,0.0254647908947033,0,0,0,0,0,0,0,0,0,0,0,0,0,0,0,0,0,0,0,0,0,0,0,0,0,0,0,0,0,0,0,0,0,0,0,0,0,0,0,0,0,0,0,0,0,0,0,0,0,0,0,0,0,0,0,0,0,0,0.0141471060526129,0,0,0,0,0,0,0,0,0,0,0,0,0,0,0,0,0,0,0,0.00565884242104517,0,0,0.0282942121052258,0,0,0.0198059484736581,0,0,0,0,0,0,0,0,0.00282942121052258,0,0,0,0,0,0,0,0,0,0,0,0,0,0,0,0,0,0,0,0,0,0,0,0,0.00282942121052258,0,0,0,0.0113176848420903,0,0,0,0,0,0,0,0,0,0,0,0.00282942121052258,0.00848826363156775,0,0,0,0,0,0,0,0,0,0,0,0,0,0,0,0,0,0.0169765272631355,0,0,0,0,0,0.00565884242104517,0,0.033953054526271,0.0141471060526129,0,0,0,0,0,0,0,0,0,0,0,0,0,0.00282942121052258,0,0,0,0,0,0,0,0,0,0,0,0,0,0,0,0,0,0,0,0,0,0,0,0,0,0,0,0,0,0,0,0.0169765272631355,0,0,0,0,0,0.00282942121052258,0,0,0.00565884242104517,0,0,0,0,0,0,0,0,0,0,0,0,0,0.0311236333157484,0,0,0,0,0,0,0.135812218105084,0,0,0,0,0.00565884242104517,0,0,0,0,0,0,0,0,0,0,0,0,0,0,0,0.00565884242104517,0,0,0,0,0,0,0,0,0,0,0,0,0,0,0,0,0,0,0,0,0,0,0,0,0,1.754241150524,0,0,0,0,0,0,0,0,0,0,0,0,0,0,0,0,0,0,0,0,0,0,0,0,0,0,0,0,0,0,0,0,0,0.00848826363156775,0,0,0,0,0,0,0,0,0.00282942121052258,0,0,0,0,0.00282942121052258,0,0,0,0,0,0,0,0,0,0,0,0,0,0,0,0,0,0,0,0,0,0,0,0,0,0,0,0.0424413181578388,0.00282942121052258,0,0,0,0,0,0,0,0.00282942121052258,0,0,0,0,0,0,0,0,0,0,0.00565884242104517,0,0,0,0,0,0.00282942121052258,0,0.0311236333157484,0,0,0,0,0,0,0.00282942121052258,0,0.00848826363156775,0,0,0,0.0113176848420903,0,0,0,0,0,0,0,0,0,0,0,0,0,0,0,0,0,0,0,0,4.92104528140175,0,0,0,0,0,0,0,0,0,0,0,0,0,0,0,0,0,0,0,0,0,0,0,0.125874227040159,0.316340609021267,0,0,0,0,0,0,0,0,0,0,0,0,0,0,0.652170271340614,0,0,0,0,0,0,0,0,1.15836102518219,0,0,0,0,0,0,0,0,0,0,1.82151317603509,0,0,0,0,0,0,0,0,0,0,0,0,0,0,0,0,0,0,0,0,0,0,0,0,0,0,0,0,0,0,0,0,0,0,6.65681389474965,0,0,0,0,4.23087094029509,0,0,0,0.1320628838999,0,0,0,0,0.11468639839534,0,0,0,0,0,0,0,0,0,0,1.09991394165031,0,0,0,0,0,0,0,0.291777751025728,0,0,0,0,0,0,0,0,0,0,0,0,0,0,0,0,0,0,0,0,0,0,0,0,0,0,1.15203501094411,0.184687640095651,0,0,0,0,0,0,0,0,0,0,0,0,0,0,0.140994330926856,0,0.358222584828211,0,0,0,0,0,0,0,0.116722873863301,0,0,0,0,0,1.26288386310465,0,0,0,0,0.142738797984149,0,0,0,0,0,0,0,0,0,0,0,0,0,0,0,0,0,0,0,0,0.323252097355976,0,0,0,0,0,0,0,0.33433589962253,0,0,5.65743760906682,0,0,0,0,0,0,0,0,0,0,0,0,0,0,0,0,0,0,0,0,0,0,0,0,0,0,0,0,0,0,0,0,0,0,0,0,0,0,0,0,0,0,0,0,0,0,0,0,0,0,0,0,0,0,0,0,0,0,0.33396868918923,0,0,0,0,0,0,0,0,0,0,0,0,0,0,0,0,0,0,0,0.733616735004477,0,0,0.0868743324147428,0,0,0.12143621187654,0,0,0,0,0,0,0,0,0.38706482159949,0,0,0,0,0,0,0,0,0,0,0,0,0,0,0,0,0,0,0,0,0,0,0,0,0.0200421460218674,0,0,0,0.035543484365538,0,0,0,0,0,0,0,0,0,0,0,0.200248406948586,6.45452996232096,0,0,0,0,0,0,0,0,0,0,0,0,0,0,0,0,0,3.92572910335017,0,0,0,0,0,0.816552260741502,0,3.35263935694089,1.79583985249141,0,0,0,0,0,0,0,0,0,0,0,0,0,5.88705333524555,0,0,0,0,0,0,0,0,0,0,0,0,0,0,0,0,0,0,0,0,0,0,0,0,0,0,0,0,0,0,0,0.122607688239547,0,0,0,0,0,0.110140412162358,0,0,0.37689273653573,0,0,0,0,0,0,0,0,0,0,0,0,0,1.42419425927472,0,0,0,0,0,0,1.8845390394314,0,0,0,0,0.0583864887090496,0,0,0,0,0,0,0,0,0,0,0,0,0,0,0,1.15138882265128,0,0,0,0,0,0,0,0,0,0,0,0,0,0,0,0,0,0,0,0,0,0,0,0,0,3.51469176013769,0,0,0,0,0,0,0,0,0,0,0,0,0,0,0,0,0,0,0,0,0,0,0,0,0,0,0,0,0,0,0,0,0,1.30192308519896,0,0,0,0,0,0,0,0,2.47273534527755,0,0,0,0,2.22790634402659,0,0,0,0,0,0,0,0,0,0,0,0,0,0,0,0,0,0,0,0,0,0,0,0,0,0,0,0.699905589944747,0.0424413181578388,0,0,0,0,0,0,0,0.356425585194983,0,0,0,0,0,0,0,0,0,0,0.0275246095359637,0,0,0,0,0,0.118701676609934,0,0.42412344884643,0,0,0,0,0,0,1.99391766905318,0,0.0425147120498935,0,0,0,1.07755614487246,0,0,0,0,114.981802,127.5561022,131.3297022,128.4437022,119.5756021,137.9226025,125.4831021,123.4827021,139.6123023,130.5511023,132.2210022,"BAK-00151"
"316",4297,"nSPC",2012,"PRIAs","Pacific Remote Island Areas","Baker","Baker",2012,"ForereefMid","Baker","2012-03-15","Forereef","Mid",0.20108781,-176.46608535,10.4,55,0,12.5,22.5,10,0,0,0,NA,0.62875,0.32615297707682,1.25,2,1,48.9366482090199,20.2536061169271,18.5204834860684,14.5454361440025,102.256173956018,6.20988310902381,0,0,0,0,0,0,0,0,0,0,0,0,0,0,0,0,0.113176848420903,0,0,0,0,0,0,0,0,0,0,0,0,0,0,0,0,0,0,0,0,0,0,0,0,0,0,0,0,0,0,0,0,0,0,0,0,0,0,0,0,0,0,0,0,0,0,0,0,0,0,0,0,0,0,0,0,0,0,0,0.00848826363156775,0,0,0,0,0,0,0,0,0,0,0,0,0,0,0,0,0,0,0,0,0,0,0,0.00282942121052258,0,0,0,0,0,0,0,0,0,0,0.0198059484736581,0,0,0,0,0.00848826363156775,0,0,0,0.00848826363156775,0,0,0,0,0.0169765272631355,0,0,0,0,0,0,0,0,0,0,0.00848826363156775,0,0,0,0,0,0,0,0,0,0,0,0,0,0,0,0,0,0,0,0,0,0,0,0,0,0,0,0,0,0,0,0,0,0,0,0.15278874536822,0,0,0,0,0,0,0,0,0,0,0,0,0,0,0,0,0,0,0,0,0,0,0,0.00282942121052258,0,0,0,0,0,0,0.311236333157484,0,0,0,0,0.0735649514735872,0,0,0,0,0,0,0,0,0,0,0,0,0,0,0,0,0,0,0,0,0.0141471060526129,0,0,0,0,0,0,0,0.0141471060526129,0,0.00282942121052258,0.0226353696841807,0,0,0,0,0,0,0,0,0,0,0,0,0,0,0,0,0,0,0,0,0,0,0,0,0,0,0,0,0,0,0,0,0,0,0,0,0.00282942121052258,0,0,0,0,0,0,0.00282942121052258,0,0,0,0,0,0,0,0,0,0,0,0,0,0,0.0198059484736581,0,0,0,0,0,0,0,0,0,0,0,0,0,0,0,0,0,0,0,0.00282942121052258,0,0,0,0,0,0.0141471060526129,0,0,0,0,0,0,0,0,0.00282942121052258,0,0,0,0,0,0,0,0,0,0,0,0,0,0,0,0,0,0,0,0,0,0,0,0,0,0,0,0,0.0113176848420903,0,0,0,0,0,0,0,0,0,0,0,0,0.0254647908947033,0,0,0,0,0,0,0,0,0,0,0,0,0,0,0,0,0.0169765272631355,0,0.00282942121052258,0,0,0,0,0,0,0.0424413181578388,0,0,0,0,0,0,0,0.0141471060526129,0,0,0,0,0,0,0,0,0,0,0,0,0,0,0,0,0,0,0,0,0,0,0,0,0,0,0,0,0,0,0,0,0,0,0,0,0,0,0.00565884242104517,0,0,0,0,0,0.00565884242104517,0,0,0.00282942121052258,0,0,0,0,0,0,0,0,0,0,0,0,0,0,0,0,0,0,0,0,0.155618166578742,0,0,0,0,0.00282942121052258,0,0,0,0,0,0,0,0,0,0,0,0,0,0,0,0,0,0,0,0,0,0,0,0,0,0,0,1.69765272631355,0,0,0,0,0,0,0,0,0.0481001605788839,0,0,0,0,1.83912378683968,0,0,0,0,0,0,0,0,0,0,0,0,0,0,0,0,0,0,0,0,0,0,0,0,0,0,0,0,0,0,0,0,0,0.0141471060526129,0,0,0,0,0,0,0,0,0.00282942121052258,0,0,0,0,0,0,0,0,0,0.00282942121052258,0,0,0,0,0,0,0,0,0,0,0,0,0,0,0,0,0,0,0,0,0,0,0.033953054526271,0,0.00282942121052258,0,0,0,0,0,0,0,0,0,0,0,0,0,0,0,0,0,0.0424413181578388,0,0,0,0.00282942121052258,0,0,0,0.033953054526271,0,0,0,0,0,0,0,0,0,0,0,0,0,0,0,0,0,0,0,0,0,0,0,0,0,0,0,0,0,0,0,0,0,7.7477702134018,0,0,0,0,0,0,0,0,0,0,0,0,0,0,0,0,0,0,0,0,0,0,0,0,0,0,0,0,0,0,0,0,0,0,0,0,0,0,0,0,0,0,0,0,0,0,0,0,0,0,0,0,0,0,0,0,0,0,0,1.19756641791073,0,0,0,0,0,0,0,0,0,0,0,0,0,0,0,0,0,0,0,0,0,0,0,0.367235344118342,0,0,0,0,0,0,0,0,0,0,1.63409916471848,0,0,0,0,2.91180451933419,0,0,0,0.0401960088433489,0,0,0,0,0.075035898266842,0,0,0,0,0,0,0,0,0,0,0.665463431646299,0,0,0,0,0,0,0,0,0,0,0,0,0,0,0,0,0,0,0,0,0,0,0,0,0,0,0,0,0,0,0,0,0,0,0,0.492743703812508,0,0,0,0,0,0,0,0,0,0,0,0,0,0,0,0,0,0,0,0,0,0,0,1.84917208553301,0,0,0,0,0,0,0.512453451965008,0,0,0,0,0.348145879628138,0,0,0,0,0,0,0,0,0,0,0,0,0,0,0,0,0,0,0,0,0.0798428045462058,0,0,0,0,0,0,0,1.00578981494118,0,0.276993760608636,2.59200536404546,0,0,0,0,0,0,0,0,0,0,0,0,0,0,0,0,0,0,0,0,0,0,0,0,0,0,0,0,0,0,0,0,0,0,0,0,3.41690428965513,0,0,0,0,0,0,1.24609366782384,0,0,0,0,0,0,0,0,0,0,0,0,0,0,0.713853875150414,0,0,0,0,0,0,0,0,0,0,0,0,0,0,0,0,0,0,0,0.436945891658084,0,0,0,0,0,0.0963361333758729,0,0,0,0,0,0,0,0,0.331859701418862,0,0,0,0,0,0,0,0,0,0,0,0,0,0,0,0,0,0,0,0,0,0,0,0,0,0,0,0,0.035543484365538,0,0,0,0,0,0,0,0,0,0,0,0,40.3337193984338,0,0,0,0,0,0,0,0,0,0,0,0,0,0,0,0,4.41958086417724,0,2.71758932289062,0,0,0,0,0,0,5.67437692311758,0,0,0,0,0,0,0,1.68591190855181,0,0,0,0,0,0,0,0,0,0,0,0,0,0,0,0,0,0,0,0,0,0,0,0,0,0,0,0,0,0,0,0,0,0,0,0,0,0,0.0408692294131822,0,0,0,0,0,0.362662902126735,0,0,0.154604052675333,0,0,0,0,0,0,0,0,0,0,0,0,0,0,0,0,0,0,0,0,2.52198279204535,0,0,0,0,0.0291932443545248,0,0,0,0,0,0,0,0,0,0,0,0,0,0,0,0,0,0,0,0,0,0,0,0,0,0,0,2.27926855034857,0,0,0,0,0,0,0,0,1.34059301521091,0,0,0,0,2.9856799752388,0,0,0,0,0,0,0,0,0,0,0,0,0,0,0,0,0,0,0,0,0,0,0,0,0,0,0,0,0,0,0,0,0,2.27061900970801,0,0,0,0,0,0,0,0,0.900131336651796,0,0,0,0,0,0,0,0,0,5.30975177237201,0,0,0,0,0,0,0,0,0,0,0,0,0,0,0,0,0,0,0,0,0,0,0.572809316937368,0,0.0327232402026283,0,0,0,0,0,0,0,0,0,0,0,0,0,0,0,0,0,0.183721392752258,0,0,0,0.00490106241411054,0,0,0,0.361629739627497,0,0,0,0,0,0,0,0,0,0,0,0,0,0,0,0,0,127.4974022,140.5622024,139.3480023,139.8270024,137.7664024,148.3775026,140.6097024,137.7020024,153.0319025,147.0034025,145.4437024,"BAK-00159"
"317",4298,"nSPC",2012,"PRIAs","Pacific Remote Island Areas","Baker","Baker",2012,"ForereefShallow","Baker","2012-03-15","Forereef","Shallow",0.18985832,-176.46965839,5.3,42.5,0,7.5,32.5,15,2.5,0,0,NA,0.6975,0.391540629081066,1.5,2,1,2.28456890492255,5.57747456274839,9.58747825049081,5.44935477274189,22.8988764909036,1.37538648054845,0,0,0,0,0.00848826363156775,0,0,0,0,0,0,0,0,0,0.00282942121052258,0,0.0424413181578388,0,0,0,0,0,0,0,0,0,0,0,0,0,0,0,0,0,0,0,0,0,0,0,0,0.00565884242104517,0,0,0,0,0,0,0,0,0,0,0,0,0,0,0,0,0,0,0,0,0,0,0,0,0,0,0,0,0,0,0,0,0,0,0.00282942121052258,0,0,0,0,0,0,0,0,0,0,0,0,0,0,0,0,0,0,0,0,0,0,0,0,0,0,0,0,0,0,0,0,0,0,0,0,0,0,0,0.00565884242104517,0,0,0,0,0,0,0,0,0,0,0,0,0,0,0,0,0,0,0,0,0,0,0,0,0,0,0,0,0,0,0,0,0,0,0,0,0,0,0,0,0,0,0,0,0,0,0,0,0,0,0,0,0,0,0,0.0141471060526129,0,0,0,0,0,0,0,0,0,0,0,0,0,0,0,0,0,0,0.00282942121052258,0,0,0,0,0,0,0,0,0,0,0,0.848826363156775,0,0,0,0,0.00848826363156775,0,0,0,0,0,0,0,0,0,0,0,0,0,0,0,0,0,0,0,0,0,0,0,0,0,0,0,0,0,0,0,0.0282942121052258,0,0,0,0,0,0,0,0,0,0,0,0,0,0,0,0,0,0,0,0,0,0,0,0,0,0,0,0,0,0,0,0,0,0,0,0,0,0,0,0,0.00282942121052258,0,0,0,0,0,0,0,0,0,0,0,0,0,0,0,0,0,0.0113176848420903,0,0,0,0,0,0,0,0,0,0,0,0,0,0,0,0,0,0,0,0.00565884242104517,0,0,0,0,0,0.00848826363156775,0,0,0,0,0,0,0,0,0.00848826363156775,0,0,0,0,0,0,0,0,0,0,0,0,0,0,0,0,0,0,0,0,0,0,0,0,0,0,0,0,0.00282942121052258,0,0,0,0,0,0,0,0,0,0,0,0,0,0,0,0,0,0,0,0,0,0,0,0,0,0,0,0,0,0.00848826363156775,0.00282942121052258,0,0,0,0,0,0,0,0,0,0,0,0,0,0,0,0,0,0,0,0,0,0,0,0,0,0,0,0,0,0,0,0,0,0,0,0,0,0,0,0,0,0,0,0,0,0,0,0,0,0,0,0,0,0,0,0,0,0,0,0,0,0.00282942121052258,0,0.00565884242104517,0,0,0,0,0,0,0,0,0,0,0,0,0,0,0,0,0,0,0,0,0.113176848420903,0,0,0,0.0141471060526129,0,0,0,0,0,0,0,0,0,0,0,0,0,0,0,0,0,0,0,0,0,0,0,0,0,0,0,0,0,0,0,0,0,0,0,0,0,0,0,0,0,0,0.00848826363156775,0,0,0,0,0,0,0,0,0,0,0,0,0,0,0,0,0,0,0,0,0,0,0,0,0,0,0,0,0,0,0,0,0,0,0,0,0,0,0,0,0,0,0.00282942121052258,0,0,0,0,0,0,0,0,0,0,0,0,0,0,0,0,0,0,0,0,0,0,0,0,0,0,0,0,0,0,0,0,0.0311236333157484,0,0,0.0254647908947033,0,0,0,0,0,0,0,0,0,0,0,0,0,0,0,0,0.0141471060526129,0,0,0,0,0,0,0,0.0367824757367936,0,0,0,0,0,0,0,0,0,0,0,0,0,0,0,0,0,0,0,0,0,0.267699526630921,0,0,0,0,0,0,0,0,0,0.451892182301838,0,2.28435064685573,0,0,0,0,0,0,0,0,0,0,0,0,0,0,0,0,0,0,0,0,0,0,0,0,0.346524874495122,0,0,0,0,0,0,0,0,0,0,0,0,0,0,0,0,0,0,0,0,0,0,0,0,0,0,0,0,0,0,0,0,0,0,0.312297147030625,0,0,0,0,0,0,0,0,0,0,0,0,0,0,0,0,0,0,0,0,0,0,0,0,0,0,0,0,0,0,0,0,0,0,0,0,0,0,0,1.80169709332255,0,0,0,0,0,0,0,0,0,0,0,0,0,0,0,0,0,0,0,0,0,0,0,0,0,0,0,0,0,0,0,0,0,0,0,0,0,0,0,0,0,0,0,0,0,0,0,0,0,0,0,0,0,0,0,0.0456244170196767,0,0,0,0,0,0,0,0,0,0,0,0,0,0,0,0,0,0,0.213629930956252,0,0,0,0,0,0,0,0,0,0,0,2.7374650211806,0,0,0,0,0.0552302549532659,0,0,0,0,0,0,0,0,0,0,0,0,0,0,0,0,0,0,0,0,0,0,0,0,0,0,0,0,0,0,0,3.95490256560043,0,0,0,0,0,0,0,0,0,0,0,0,0,0,0,0,0,0,0,0,0,0,0,0,0,0,0,0,0,0,0,0,0,0,0,0,0,0,0,0,0.261654270348573,0,0,0,0,0,0,0,0,0,0,0,0,0,0,0,0,0,0.410107676676054,0,0,0,0,0,0,0,0,0,0,0,0,0,0,0,0,0,0,0,0.307698738324334,0,0,0,0,0,0.0141117382874814,0,0,0,0,0,0,0,0,1.65823407883491,0,0,0,0,0,0,0,0,0,0,0,0,0,0,0,0,0,0,0,0,0,0,0,0,0,0,0,0,0.00785111761276115,0,0,0,0,0,0,0,0,0,0,0,0,0,0,0,0,0,0,0,0,0,0,0,0,0,0,0,0,0,2.34892723575966,0.474639722654202,0,0,0,0,0,0,0,0,0,0,0,0,0,0,0,0,0,0,0,0,0,0,0,0,0,0,0,0,0,0,0,0,0,0,0,0,0,0,0,0,0,0,0,0,0,0,0,0,0,0,0,0,0,0,0,0,0,0,0,0,0,0.221217541251428,0,0.309208105350667,0,0,0,0,0,0,0,0,0,0,0,0,0,0,0,0,0,0,0,0,1.75498535776355,0,0,0,0.107503857016916,0,0,0,0,0,0,0,0,0,0,0,0,0,0,0,0,0,0,0,0,0,0,0,0,0,0,0,0,0,0,0,0,0,0,0,0,0,0,0,0,0,0,0.0764297621318307,0,0,0,0,0,0,0,0,0,0,0,0,0,0,0,0,0,0,0,0,0,0,0,0,0,0,0,0,0,0,0,0,0,0,0,0,0,0,0,0,0,0,1.1617565495922,0,0,0,0,0,0,0,0,0,0,0,0,0,0,0,0,0,0,0,0,0,0,0,0,0,0,0,0,0,0,0,0,0.513622149988269,0,0,0.532684502541891,0,0,0,0,0,0,0,0,0,0,0,0,0,0,0,0,0.0460983450724392,0,0,0,0,0,0,0,0.220832081349472,0,0,0,0,0,0,0,0,0,0,0,0,0,0,0,0,0,100.9283017,103.0096018,90.55170149,102.3756017,114.700402,122.6939022,109.4083019,104.5170018,126.9891021,115.712702,117.004202,"BAK-00135"
"318",4299,"nSPC",2012,"PRIAs","Pacific Remote Island Areas","Baker","Baker",2012,"ForereefDeep","Baker","2012-03-15","Forereef","Deep",0.20578042,-176.47954065,20.7,20,0,20,45,15,0,0,0,NA,0.305,0.28181254785421,1.25,2,1,37.6824029290816,11.9247624948554,47.1909473761937,10.2321377661961,107.030250566327,41.8256037881668,0,0,0,0,0,0,0,0,0,0,0,0,0,0,0,0,0.00565884242104517,0.0141471060526129,0.00565884242104517,0,0,0.00282942121052258,0,0,0,0,0,0,0,0.00282942121052258,0,0,0,0,0,0,0,0,0,0,0,0,0,0,0,0,0,0.00282942121052258,0,0,0,0,0,0,0,0,0.00282942121052258,0,0,0,0,0,0,0,0,0.00282942121052258,0,0,0,0,0,0,0,0,0,0,0.00848826363156775,0,0,0,0,0,0,0,0,0,0,0,0,0,0,0,0,0,0,0,0,0,0,0,0.00282942121052258,0,0,0,0,0,0,0,0,0,0,0,0,0,0,0,0,0,0,0,0,0,0,0,0,0.0763943726841098,0.00565884242104517,0,0,0,0,0,0,0,0,0,0.00848826363156775,0,0,0,0,0,0,0,0,0,0,0,0,0,0.00282942121052258,0,0,0,0,0,0,0,0,0,0,0,0,0,0,0,0,0,0,0,0,0,0.0141471060526129,0.00565884242104517,0,0,0,0,0,0,0,0,0,0,0,0,0,0,0,0,0,0,0,0,0,0,0.00282942121052258,0,0,0,0,0,0,0.481001605788839,0,0,0,0,0.0565884242104517,0.381971863420549,0,0,0,0,0,0,0,0.0424413181578388,0,0,0,0,0,0,0,0,0,0,0,0.0367824757367936,0,0,0,0.00282942121052258,0,0,0,0,0,0,0.00848826363156775,0,0,0,0,0,0,0,0.0282942121052258,0,0,0,0,0,0,0,0,0,0,0,0,0,0,0,0,0,0,0,0,0.00282942121052258,0,0,0,0,0,0,0,0,0,0,0,0,0,0,0,0,0,0.00565884242104517,0,0.00282942121052258,0,0,0,0,0,0,0,0,0,0.0169765272631355,0,0,0,0,0,0,0,0,0,0,0.00282942121052258,0,0,0,0,0,0,0,0,0.00282942121052258,0,0,0,0,0,0.00848826363156775,0,0,0,0,0,0,0,0,0.00282942121052258,0,0,0,0,0,0,0,0,0,0,0,0,0,0,0,0,0,0,0,0,0,0,0,0,0.00282942121052258,0,0,0,0.00282942121052258,0,0,0,0,0,0,0,0,0,0,0,0,0.0113176848420903,0,0,0,0,0,0,0,0,0,0,0,0,0,0,0,0,0.00565884242104517,0.00565884242104517,0,0,0,0,0,0,0,0,0,0,0,0,0,0,0,0,0,0,0,0,0,0,0.00282942121052258,0,0,0,0,0,0,0,0,0,0,0,0,0,0,0,0,0,0,0.00282942121052258,0.00848826363156775,0,0,0,0,0,0,0,0,0,0,0.00565884242104517,0.0282942121052258,0,0,0,0,0,0.0198059484736581,0,0,0.00282942121052258,0,0.00565884242104517,0,0,0,0,0,0,0,0,0,0,0,0,0,0,0,0,0,0,0.0820532151051549,0,0,0,0,0.0141471060526129,0,0,0,0,0,0,0,0,0,0,0,0,0,0.0226353696841807,0,0,0,0,0,0,0,0,0,0,0,0,0,2.82942121052258,0,0.00282942121052258,0,0,0,0,0,0,0,0,0,0,0.0141471060526129,0,0,0,0,0,0,0,0,0,0,0,0,0,0,0,0,0,0,0,0,0,0,0,0,0,0,0,0,0,0,0,0,0,0,0,0,0,0,0,0,0,0,0,0.00282942121052258,0,0,0,0,0,0.0198059484736581,0,0,0,0.00848826363156775,0,0,0,0,0.00282942121052258,0,0,0,0,0,0,0,0,0,0,0,0,0,0,0,0,0,0.0367824757367936,0,0,0,0,0,0,0,0,0.00282942121052258,0,0,0,0,0,0,0,0,0,0,0.0141471060526129,0,0,0,0,0,0,0,0.00282942121052258,0,0,0,0,0,0,0.00282942121052258,0,0,0,0,0,0.00282942121052258,0,0,0,0,0,0,0,0,0,0,0,0,0,0,0,0,0,0,0,0,0.522143617420102,0.22075620016541,0.431892034475232,0,0,0.864788240585189,0,0,0,0,0,0,0,1.51851174379351,0,0,0,0,0,0,0,0,0,0,0,0,0,0,0,0,0,0.123162922973705,0,0,0,0,0,0,0,0,1.06764955544678,0,0,0,0,0,0,0,0,0.204882759234707,0,0,0,0,0,0,0,0,0,0,2.69033012094673,0,0,0,0,0,0,0,0,0,0,0,0,0,0,0,0,0,0,0,0,0,0,0,0.564754772095254,0,0,0,0,0,0,0,0,0,0,0,0,0,0,0,0,0,0,0,0,0,0,0,0,0.143732800110124,1.76063481204792,0,0,0,0,0,0,0,0,0,0.384343358393006,0,0,0,0,0,0,0,0,0,0,0,0,0,0.0362206104905863,0,0,0,0,0,0,0,0,0,0,0,0,0,0,0,0,0,0,0,0,0,0.0456244170196767,15.6966858701777,0,0,0,0,0,0,0,0,0,0,0,0,0,0,0,0,0,0,0,0,0,0,0.587649057545273,0,0,0,0,0,0,0.335065718592505,0,0,0,0,0.301974388132075,0.751145679948354,0,0,0,0,0,0,0,0.087932822541423,0,0,0,0,0,0,0,0,0,0,0,0.728529452470976,0,0,0,0.481885799917128,0,0,0,0,0,0,1.62718978830033,0,0,0,0,0,0,0,0.154426967677921,0,0,0,0,0,0,0,0,0,0,0,0,0,0,0,0,0,0,0,0,0.41014659052833,0,0,0,0,0,0,0,0,0,0,0,0,0,0,0,0,0,4.12425477246952,0,0.0353677651315323,0,0,0,0,0,0,0,0,0,0.538457708192267,0,0,0,0,0,0,0,0,0,0,3.04219368555388,0,0,0,0,0,0,0,0,0.236265071445519,0,0,0,0,0,0.0967877090010723,0,0,0,0,0,0,0,0,0.755985979686503,0,0,0,0,0,0,0,0,0,0,0,0,0,0,0,0,0,0,0,0,0,0,0,0,0.00889828028477043,0,0,0,0.0027012170491327,0,0,0,0,0,0,0,0,0,0,0,0,18.861038978872,0,0,0,0,0,0,0,0,0,0,0,0,0,0,0,0,1.93698296696254,1.38043575227839,0,0,0,0,0,0,0,0,0,0,0,0,0,0,0,0,0,0,0,0,0,0,5.88705333524555,0,0,0,0,0,0,0,0,0,0,0,0,0,0,0,0,0,0,0.538157640885508,1.22899277290289,0,0,0,0,0,0,0,0,0,0,3.14107041282311,0.374606716645782,0,0,0,0,0,0.506979343056864,0,0,0.573570516766373,0,0.174127970139208,0,0,0,0,0,0,0,0,0,0,0,0,0,0,0,0,0,0,0.398878879358829,0,0,0,0,0.0972405879562911,0,0,0,0,0,0,0,0,0,0,0,0,0,0.0320927618308922,0,0,0,0,0,0,0,0,0,0,0,0,0,1.23460379810548,0,0.0224440569078167,0,0,0,0,0,0,0,0,0,0,0.157121514762528,0,0,0,0,0,0,0,0,0,0,0,0,0,0,0,0,0,0,0,0,0,0,0,0,0,0,0,0,0,0,0,0,0,0,0,0,0,0,0,0,0,0,0,0.586908622245541,0,0,0,0,0,6.53171886449138,0,0,0,16.3591286908856,0,0,0,0,2.65116174036662,0,0,0,0,0,0,0,0,0,0,0,0,0,0,0,0,0,0.174405154692121,0,0,0,0,0,0,0,0,0.250329080411291,0,0,0,0,0,0,0,0,0,0,0.0167996884374778,0,0,0,0,0,0,0,0.132735222538641,0,0,0,0,0,0,2.86557967609668,0,0,0,0,0,0.333113530817294,0,0,0,0,108.0423019,121.4213021,126.2133021,124.1151021,116.173702,137.1125024,120.411602,115.098202,137.3751022,126.7859022,132.9273022,"BAK-00181"
"319",4300,"nSPC",2012,"PRIAs","Pacific Remote Island Areas","Baker","Baker",2012,"ForereefMid","Baker","2012-03-15","Forereef","Mid",0.20489428,-176.47635612,12.1,45,0,7.5,25,17.5,5,0,0,NA,0.77375,0.431731673435405,1.75,2,1,17.22005760148,20.1162706272249,25.0817774025474,10.6637001218227,73.081805753075,13.737074889168,0,0,0,0,0,0,0,0,0,0,0,0,0,0,0,0,0.0763943726841098,0,0,0,0,0.00282942121052258,0,0,0,0,0,0,0,0,0,0,0,0,0,0,0,0,0,0,0,0,0,0,0,0,0,0,0,0,0,0,0,0,0,0,0,0,0,0,0,0,0,0,0,0,0,0,0,0,0,0,0,0,0,0,0.0113176848420903,0,0,0,0,0,0,0,0,0.00282942121052258,0,0,0,0,0,0,0,0,0,0,0,0,0,0,0.00282942121052258,0,0,0,0,0,0,0,0,0,0,0,0,0,0,0,0.00848826363156775,0,0,0,0.0169765272631355,0,0,0,0,0.0169765272631355,0,0,0,0,0,0,0,0,0,0,0.00848826363156775,0,0,0,0,0,0,0,0,0,0,0,0,0,0,0,0,0,0,0,0,0,0,0,0,0,0,0,0,0,0.00565884242104517,0,0,0,0,0.0113176848420903,0.141471060526129,0,0,0.00848826363156775,0,0,0,0,0,0,0,0,0,0,0,0,0,0,0,0,0,0,0,0,0,0,0,0,0,0,0,2.57477330157555,0,0,0,0,0.00565884242104517,0,0,0,0,0,0,0,0,0,0,0,0,0,0,0,0,0.0282942121052258,0,0,0,0,0,0,0,0,0,0,0,0.0141471060526129,0,0,0.0282942121052258,0,0.0113176848420903,0,0,0,0,0,0,0,0,0,0,0,0,0,0,0,0,0,0,0,0,0,0,0,0,0,0,0,0,0,0,0,0,0,0,0,0,0,0,0.00565884242104517,0,0,0,0,0,0,0,0,0,0,0,0,0,0.00565884242104517,0,0,0,0.0311236333157484,0,0,0,0,0,0,0,0,0,0,0,0,0,0,0,0,0,0,0,0.00565884242104517,0,0,0,0,0,0.00565884242104517,0,0,0,0,0,0,0,0,0.00565884242104517,0,0,0,0,0,0,0,0,0,0,0,0,0,0,0,0,0,0,0,0,0,0,0,0,0.00565884242104517,0,0,0,0.00282942121052258,0,0,0,0,0,0,0,0,0,0,0,0,0.00565884242104517,0,0,0,0,0,0,0,0,0,0,0,0,0,0,0.00282942121052258,0,0.0113176848420903,0.00848826363156775,0,0,0,0,0,0.00565884242104517,0,0.0198059484736581,0.0367824757367936,0,0,0,0,0,0,0,0,0,0,0,0,0,0,0,0,0,0,0,0,0,0,0,0,0,0,0,0,0,0,0,0,0,0,0,0,0,0,0,0,0,0,0,0,0,0.00565884242104517,0,0,0,0,0,0.00565884242104517,0.00282942121052258,0,0,0,0,0,0,0,0,0,0,0,0,0,0,0,0.0311236333157484,0,0,0,0,0,0,0.113176848420903,0,0,0,0,0.00282942121052258,0,0,0,0,0,0,0,0,0,0,0,0,0,0,0,0.00565884242104517,0,0,0,0,0,0,0,0,0,0,0,0,0,0,0,0,0,0,0,0.00282942121052258,0,0,0,0.00565884242104517,0,2.82942121052258,0,0,0,0,0,0,0,0,0,0,0,0,0,0,0,0,0,0,0,0,0,0,0,0,0,0,0,0,0,0,0,0,0,0.00282942121052258,0,0,0,0,0,0,0,0,0.00848826363156775,0,0,0,0,0,0,0,0,0,0.00282942121052258,0,0,0,0,0.00282942121052258,0,0,0,0,0,0,0,0,0,0,0,0,0,0,0,0,0,0.0396118969473162,0,0,0,0,0,0,0,0,0,0,0,0,0,0,0,0,0,0,0,0,0,0,0,0,0,0,0,0.0226353696841807,0,0,0,0,0,0,0,0,0,0,0,0,0.00282942121052258,0,0,0,0,0,0,0,0,0,0,0,0,0,0,0,0,0,0,0,0,3.4857416967409,0,0,0,0,1.12811618212596,0,0,0,0,0,0,0,0,0,0,0,0,0,0,0,0,0,0,0,0,0,0,0,0,0,0,0,0,0,0,0,0,0,0,0,0,0,0,0,0,0,0,0,0,0,0,0,0,0,0,0,0,0,0,1.12052070332901,0,0,0,0,0,0,0,0,0.330907765958665,0,0,0,0,0,0,0,0,0,0,0,0,0,0,0.819923672365924,0,0,0,0,0,0,0,0,0,0,0,0,0,0,0,2.98586625536262,0,0,0,0.0967270376362164,0,0,0,0,0.0349296697155059,0,0,0,0,0,0,0,0,0,0,0.375884284163596,0,0,0,0,0,0,0,0,0,0,0,0,0,0,0,0,0,0,0,0,0,0,0,0,0,0,0,0,0,0.119323859908858,0,0,0,0,1.02462413666189,0.246371851906254,0,0,0.396512896340634,0,0,0,0,0,0,0,0,0,0,0,0,0,0,0,0,0,0,0,0,0,0,0,0,0,0,0,2.83455378059847,0,0,0,0,0.0301974388132075,0,0,0,0,0,0,0,0,0,0,0,0,0,0,0,0,0.0520880338148683,0,0,0,0,0,0,0,0,0,0,0,0.501366291228344,0,0,2.93387469790445,0,0.576713974356342,0,0,0,0,0,0,0,0,0,0,0,0,0,0,0,0,0,0,0,0,0,0,0,0,0,0,0,0,0,0,0,0,0,0,0,0,0,0,2.52198956151241,0,0,0,0,0,0,0,0,0,0,0,0,0,0.556638016628318,0,0,0,0.555247966771405,0,0,0,0,0,0,0,0,0,0,0,0,0,0,0,0,0,0,0,0.184383383781824,0,0,0,0,0,0.092460109259578,0,0,0,0,0,0,0,0,0.181146336508561,0,0,0,0,0,0,0,0,0,0,0,0,0,0,0,0,0,0,0,0,0,0,0,0,0.0225968114656179,0,0,0,0.0027012170491327,0,0,0,0,0,0,0,0,0,0,0,0,10.8932219756512,0,0,0,0,0,0,0,0,0,0,0,0,0,0,2.62570288336496,0,6.10189008861335,1.85507547493259,0,0,0,0,0,0.624837631935324,0,1.31405808261504,2.98478318219454,0,0,0,0,0,0,0,0,0,0,0,0,0,0,0,0,0,0,0,0,0,0,0,0,0,0,0,0,0,0,0,0,0,0,0,0,0,0,0,0,0,0,0,0,0,0.0514522500142089,0,0,0,0,0,0.172439480083676,0.27065604470659,0,0,0,0,0,0,0,0,0,0,0,0,0,0,0,0.888324517371428,0,0,0,0,0,0,1.35365395275439,0,0,0,0,0.0194481175912582,0,0,0,0,0,0,0,0,0,0,0,0,0,0,0,1.90029134633724,0,0,0,0,0,0,0,0,0,0,0,0,0,0,0,0,0,0,0,0.00590641677696589,0,0,0,0.652477611282065,0,2.97106494183878,0,0,0,0,0,0,0,0,0,0,0,0,0,0,0,0,0,0,0,0,0,0,0,0,0,0,0,0,0,0,0,0,0,0.32528214593076,0,0,0,0,0,0,0,0,9.19002040813838,0,0,0,0,0,0,0,0,0,2.88918714159297,0,0,0,0,1.65786733943665,0,0,0,0,0,0,0,0,0,0,0,0,0,0,0,0,0,0.680069454924221,0,0,0,0,0,0,0,0,0,0,0,0,0,0,0,0,0,0,0,0,0,0,0,0,0,0,0,0.285646198903155,0,0,0,0,0,0,0,0,0,0,0,0,0.157041434176719,0,0,0,0,110.4467019,122.0969021,127.0453021,124.5837021,116.395502,137.0009024,121.694302,116.764502,138.4432023,127.5947022,131.3602022,"BAK-00157"
"320",4301,"nSPC",2012,"PRIAs","Pacific Remote Island Areas","Baker","Baker",2012,"ForereefShallow","Baker","2012-03-15","Forereef","Shallow",0.19666174,-176.46791127,4.55,3,0,7,25,60,5,0,0,NA,0.63625,0.497140686656219,1.8,2,1,0.35359787922812,10.2707607729319,7.86716785522785,3.04765152524488,21.5391780326328,1.21464909988486,0,0,0,0,0,0,0,0,0,0,0,0,0.00848826363156775,0,0,0,0.0481001605788839,0,0,0.00282942121052258,0,0,0,0,0,0,0,0,0,0,0,0,0,0,0,0,0,0,0,0,0,0.00565884242104517,0,0,0,0,0,0,0,0,0,0,0,0,0,0,0,0,0,0,0,0,0,0,0,0,0,0,0,0,0,0,0,0,0,0,0,0,0,0,0,0.00565884242104517,0,0,0,0,0,0,0,0,0,0,0,0,0,0,0,0,0,0,0,0,0,0,0,0,0,0,0,0,0,0,0,0,0,0,0,0,0,0,0.0113176848420903,0,0,0,0,0,0,0,0,0,0,0,0,0,0,0,0,0,0,0,0,0,0,0,0,0,0,0,0,0,0,0,0,0,0,0,0,0,0,0,0,0,0,0,0,0,0,0,0,0,0,0,0.0282942121052258,0,0,0,0,0,0,0,0,0,0,0,0,0,0,0,0,0,0,0,0,0,0,0,0,0,0,0,0,0,0,4.30072023999433,0,0,0,0,0,0,0,0,0,0,0,0,0,0.00848826363156775,0,0.226353696841807,0,0,0,0,0,0.226353696841807,0,0,0,0,0,0,0,0,0,0,0,0,0,0,0,0,0,0,0,0,0,0,0,0,0,0,0,0,0,0,0,0,0,0,0,0,0,0,0,0,0,0,0,0.00282942121052258,0,0,0,0,0,0,0,0,0,0,0,0,0,0,0,0,0,0,0,0,0,0,0,0,0,0,0,0,0,0.0113176848420903,0,0,0,0,0,0,0,0,0,0,0,0,0,0,0,0,0,0,0,0.00565884242104517,0,0,0,0,0.00282942121052258,0,0,0,0,0,0,0,0,0,0,0,0,0,0,0,0,0,0,0,0,0,0,0,0,0,0,0,0,0,0,0,0,0,0,0,0,0,0,0.00282942121052258,0,0,0,0,0,0,0,0,0,0,0,0,0,0,0,0,0,0,0,0,0,0,0,0,0,0,0,0,0,0,0,0,0,0,0,0,0,0,0,0,0,0,0,0,0,0,0,0,0,0,0,0,0,0,0,0,0,0,0,0,0,0,0,0,0,0,0,0,0,0,0,0,0,0,0,0,0,0,0,0,0,0,0,0,0,0,0,0,0,0,0,0,0,0,0,0,0,0,0,0,0,0,0,0,0,0,0,0,0,0,0,0,0,0,0,0.0367824757367936,0,0,0,0.0113176848420903,0,0,0,0,0,0,0.0141471060526129,0,0,0,0,0,0,0,0,0,0,0,0,0,0,0,0,0,0,0,0,0,0,0,0,0,0,0,0,0,0,0,0,0,0,0,0,0,0,0,0,0,0,0,0,0,0,0,0,0,0,0,0,0,0,0,0,0,0,0,0.00282942121052258,0,0,0,0,0,0,0,0,0,0,0,0,0,0,0,0,0,0,0,0,0,0,0,0,0,0,0,0,0.00282942121052258,0,0,0,0,0,0,0,0,0,0,0,0,0,0,0,0,0,0,0,0,0,0,0.1754241150524,0,0,0.178253536262923,0,0,0,0,0,0,0,0,0,0,0,0,0,0,0,0,0.0198059484736581,0,0,0,0,0,0,0,0.181082957473445,0,0.00282942121052258,0,0,0,0,0,0,0,0,0,0,0,0,0,0,0,0,0,0,0,0,0,0,0,0,0,0,0,0.577031345890668,0,0,0,3.69000508338015,0,0,0.00678164586525021,0,0,0,0,0,0,0,0,0,0,0,0,0,0,0,0,0,0,0,0,0,0.102674036887444,0,0,0,0,0,0,0,0,0,0,0,0,0,0,0,0,0,0,0,0,0,0,0,0,0,0,0,0,0,0,0,0,0,0,0,0,0,0,0,0.0244122221256994,0,0,0,0,0,0,0,0,0,0,0,0,0,0,0,0,0,0,0,0,0,0,0,0,0,0,0,0,0,0,0,0,0,0,0,0,0,0,0.0680554380373814,0,0,0,0,0,0,0,0,0,0,0,0,0,0,0,0,0,0,0,0,0,0,0,0,0,0,0,0,0,0,0,0,0,0,0,0,0,0,0,0,0,0,0,0,0,0,0,0,0,0,0,0.0467194030281489,0,0,0,0,0,0,0,0,0,0,0,0,0,0,0,0,0,0,0,0,0,0,0,0,0,0,0,0,0,0,10.1643901213116,0,0,0,0,0,0,0,0,0,0,0,0,0,0.0634685468730095,0,0.102674036887444,0,0,0,0,0,0.296272961318824,0,0,0,0,0,0,0,0,0,0,0,0,0,0,0,0,0,0,0,0,0,0,0,0,0,0,0,0,0,0,0,0,0,0,0,0,0,0,0,0,0,0,0,0.35359787922812,0,0,0,0,0,0,0,0,0,0,0,0,0,0,0,0,0,0,0,0,0,0,0,0,0,0,0,0,0,0.508862406168232,0,0,0,0,0,0,0,0,0,0,0,0,0,0,0,0,0,0,0,0.100250508856768,0,0,0,0,0.0153558347937482,0,0,0,0,0,0,0,0,0,0,0,0,0,0,0,0,0,0,0,0,0,0,0,0,0,0,0,0,0,0,0,0,0,0,0,0,0,0,0.00785111761276115,0,0,0,0,0,0,0,0,0,0,0,0,0,0,0,0,0,0,0,0,0,0,0,0,0,0,0,0,0,0,0,0,0,0,0,0,0,0,0,0,0,0,0,0,0,0,0,0,0,0,0,0,0,0,0,0,0,0,0,0,0,0,0,0,0,0,0,0,0,0,0,0,0,0,0,0,0,0,0,0,0,0,0,0,0,0,0,0,0,0,0,0,0,0,0,0,0,0,0,0,0,0,0,0,0,0,0,0,0,0,0,0,0,0,0,0.0881670567467792,0,0,0,0.0288836753551669,0,0,0,0,0,0,0.0658183988363104,0,0,0,0,0,0,0,0,0,0,0,0,0,0,0,0,0,0,0,0,0,0,0,0,0,0,0,0,0,0,0,0,0,0,0,0,0,0,0,0,0,0,0,0,0,0,0,0,0,0,0,0,0,0,0,0,0,0,0,0.0646201717340585,0,0,0,0,0,0,0,0,0,0,0,0,0,0,0,0,0,0,0,0,0,0,0,0,0,0,0,0,1.21464909988486,0,0,0,0,0,0,0,0,0,0,0,0,0,0,0,0,0,0,0,0,0,0,0.954983902108096,0,0,0.890895943018871,0,0,0,0,0,0,0,0,0,0,0,0,0,0,0,0,0.0352390264664535,0,0,0,0,0,0,0,1.56647227073009,0,0.501045899486822,0,0,0,0,0,0,0,0,0,0,0,0,0,0,0,127.0963022,139.8357024,137.6246023,139.5425024,137.5891024,148.3704026,139.7717024,137.3868024,152.3196025,146.9185025,145.6185024,"BAK-00132"
"321",4302,"nSPC",2012,"PRIAs","Pacific Remote Island Areas","Baker","Baker",2012,"ForereefMid","Baker","2012-03-15","Forereef","Mid",0.19458672,-176.45912594,16.8,65,0,2.5,15,17.5,0,0,0,NA,0.76375,0.340534096000912,1.5,2,1,44.6487099364301,5.89769256036764,5.34581134977676,10.1886785754605,66.080892422035,0,0,0,0,0,0,0,0,0,0,0,0,0,0,0,0,0,0.0226353696841807,0,0,0,0,0,0,0,0,0.00848826363156775,0,0,0,0,0,0,0,0,0,0,0,0,0,0,0,0,0,0,0,0,0,0.00282942121052258,0,0,0,0,0,0,0,0,0.0226353696841807,0,0,0,0,0,0,0,0,0,0,0,0,0,0,0,0,0,0,0,0.00565884242104517,0,0,0,0,0,0,0,0,0,0,0,0,0,0,0,0,0,0,0,0,0,0,0,0.00282942121052258,0,0,0,0,0,0,0,0,0,0,0,0,0,0,0,0.00848826363156775,0,0,0,0.033953054526271,0,0,0,0,0.00848826363156775,0,0,0,0,0,0,0,0,0,0,0.00848826363156775,0,0,0,0,0,0,0,0,0,0,0,0,0,0,0,0,0,0,0,0,0,0,0,0,0,0,0,0,0,0,0,0,0,0,0,0.565884242104517,0,0,0.00282942121052258,0,0,0,0,0,0,0,0,0,0,0,0,0,0,0,0,0,0,0,0,0.00282942121052258,0,0,0,0,0,0,1.10347427210381,0,0,0,0,0.0650766878420194,0,0,0,0,0,0,0,0,0.0282942121052258,0,0,0,0.0141471060526129,0,0,0,0,0,0,0,0,0,0,0,0.00282942121052258,0,0,0,0,0,0,0.0169765272631355,0,0,0,0,0,0,0,0.0169765272631355,0,0,0,0,0,0,0,0,0,0,0,0,0,0,0,0,0,0,0,0,0,0,0,0,0,0,0,0,0,0,0,0,0,0,0,0,0,0,0,0,0,0,0,0,0,0,0,0,0,0,0.0198059484736581,0,0,0,0,0,0,0,0,0,0,0,0,0,0,0,0,0,0,0,0.00282942121052258,0,0,0,0,0,0.00848826363156775,0,0,0,0,0,0,0,0,0,0,0,0,0,0,0,0,0,0,0,0,0,0,0,0,0,0,0,0,0,0,0,0,0,0.00565884242104517,0,0,0,0.00282942121052258,0,0,0,0,0,0,0,0,0,0,0,0,0.00565884242104517,0,0,0,0,0,0,0,0,0,0,0,0,0,0,0,0,0,0.00282942121052258,0,0,0,0,0,0.0848826363156775,0,0,0,0,0,0,0,0,0,0,0,0,0,0,0,0,0,0,0,0,0,0,0,0,0,0,0,0,0,0,0,0,0,0,0,0,0,0,0,0,0.00282942121052258,0,0.00565884242104517,0,0,0,0,0,0.00282942121052258,0,0,0,0,0,0,0,0,0,0,0,0,0,0,0,0,0,0,0,0,0,0,0,0,0,0,0,0,0,0.113176848420903,0,0,0,0,0,0,0,0,0,0,0,0,0,0,0,0,0,0,0,0,0,0,0,0,0,0,0,0,0,0,0,0,7.07355302630646,0,0,0,0,0,0,0,0,0.0396118969473162,0,0,0,0,0.509295817894065,0,0,0,0,0,0,0,0,0,0,0,0,0,0,0,0,0,0,0,0,0,0,0,0,0,0,0,0,0,0,0,0,0,0,0,0,0,0,0,0,0,0,0,0,0,0,0,0,0,0,0,0,0,0,0,0,0,0,0,0,0,0,0,0,0,0,0,0,0,0,0,0,0,0,0,0.0113176848420903,0,0,0,0,0,0,0,0,0,0,0,0,0,0,0,0,0,0,0,0,0,0,0,0,0,0,0,0.00848826363156775,0,0,0,0,0,0,0.00282942121052258,0,0,0,0,0,0,0,0,0,0,0,0,0,0,0,0,0,0,0,0,0,0,0,0,0,0,1.81343703974171,0,0,0,0,0,0,0,0,0.0946755460674172,0,0,0,0,0,0,0,0,0,0,0,0,0,0,0,0,0,0,0,0,0,0.358918143054818,0,0,0,0,0,0,0,0,1.20095349164873,0,0,0,0,0,0,0,0,0,0,0,0,0,0,0,0,0,0,0,0.86202317477554,0,0,0,0,0,0,0,0,0,0,0,0,0,0,0,0,0,0,0,0,0,0,0,0.643084087169323,0,0,0,0,0,0,0,0,0,0,0,0,0,0,0,3.57085492564594,0,0,0,0.147207089192711,0,0,0,0,0.049300649003076,0,0,0,0,0,0,0,0,0,0,0.450426139644504,0,0,0,0,0,0,0,0,0,0,0,0,0,0,0,0,0,0,0,0,0,0,0,0,0,0,0,0,0,0,0,0,0,0,0,0.775615089334503,0,0,0.223531678154915,0,0,0,0,0,0,0,0,0,0,0,0,0,0,0,0,0,0,0,0,1.84917208553301,0,0,0,0,0,0,1.17382500108224,0,0,0,0,0.0981917907490508,0,0,0,0,0,0,0,0,0.100874715797333,0,0,0,0.0521023207174066,0,0,0,0,0,0,0,0,0,0,0,0.481885799917128,0,0,0,0,0,0,2.71810320660944,0,0,0,0,0,0,0,0.126378636128137,0,0,0,0,0,0,0,0,0,0,0,0,0,0,0,0,0,0,0,0,0,0,0,0,0,0,0,0,0,0,0,0,0,0,0,0,0,0,0,0,0,0,0,0,0,0,0,0,0,0,0.715816872814716,0,0,0,0,0,0,0,0,0,0,0,0,0,0,0,0,0,0,0,0.500701227164442,0,0,0,0,0,0.129376416619629,0,0,0,0,0,0,0,0,0,0,0,0,0,0,0,0,0,0,0,0,0,0,0,0,0,0,0,0,0,0,0,0,0,0.00291807973363697,0,0,0,0.00785111761276115,0,0,0,0,0,0,0,0,0,0,0,0,36.5608957033942,0,0,0,0,0,0,0,0,0,0,0,0,0,0,0,0,0,0.474639722654202,0,0,0,0,0,1.77694643991734,0,0,0,0,0,0,0,0,0,0,0,0,0,0,0,0,0,0,0,0,0,0,0,0,0,0,0,0,0,0,0,0,0,0,0,0,0,0,0,0,0.0882739063416006,0,0.186627826708894,0,0,0,0,0,0.0310176353076178,0,0,0,0,0,0,0,0,0,0,0,0,0,0,0,0,0,0,0,0,0,0,0,0,0,0,0,0,0,0.469246263336965,0,0,0,0,0,0,0,0,0,0,0,0,0,0,0,0,0,0,0,0,0,0,0,0,0,0,0,0,0,0,0,0,3.08650949526369,0,0,0,0,0,0,0,0,1.57411184648878,0,0,0,0,0.542497001742601,0,0,0,0,0,0,0,0,0,0,0,0,0,0,0,0,0,0,0,0,0,0,0,0,0,0,0,0,0,0,0,0,0,0,0,0,0,0,0,0,0,0,0,0,0,0,0,0,0,0,0,0,0,0,0,0,0,0,0,0,0,0,0,0,0,0,0,0,0,0,0,0,0,0,0,0.0910213218582166,0,0,0,0,0,0,0,0,0,0,0,0,0,0,0,0,0,0,0,0,0,0,0,0,0,0,0,0.186301259012012,0,0,0,0,0,0,2.86557967609668,0,0,0,0,0,0,0,0,0,0,129.5150022,141.6413024,141.5560024,141.3297024,138.5928024,149.9473027,141.4380024,138.5345024,153.9971025,148.0611026,148.1093025,"BAK-00171"
"322",4303,"nSPC",2012,"PRIAs","Pacific Remote Island Areas","Baker","Baker",2012,"ForereefMid","Baker","2012-03-15","Forereef","Mid",0.19950748,-176.46401946,11.9,72.5,0,7.5,12.5,7.5,0,0,0,NA,0.8375,0.336527288996707,1.4,2,1,43.2906659451334,18.3467150621417,11.3122039595653,15.2864763615077,88.2360613283481,2.65116174036662,0,0,0,0,0,0,0,0,0,0,0,0,0,0,0,0,0.113176848420903,0,0,0,0,0,0,0,0,0,0,0,0,0,0,0,0,0,0,0,0,0,0,0,0,0.00282942121052258,0,0,0,0,0,0.00282942121052258,0,0,0,0,0,0,0,0,0.00565884242104517,0,0,0,0,0,0,0,0,0.00282942121052258,0,0,0,0,0,0,0,0,0,0,0.00565884242104517,0,0,0,0,0.00282942121052258,0,0,0,0,0,0,0,0,0,0,0,0,0,0,0,0,0,0,0,0,0,0,0,0,0,0,0,0,0,0,0,0,0,0,0.00565884242104517,0,0,0,0.0113176848420903,0,0,0,0,0.00282942121052258,0,0,0,0,0,0,0,0,0,0,0.00565884242104517,0,0,0,0,0,0,0,0,0,0,0,0,0,0,0,0,0,0,0,0,0,0,0,0,0,0,0,0,0,0,0,0,0,0,0,0.2631361725786,0,0,0.00565884242104517,0,0,0,0,0,0,0,0,0,0,0,0,0,0,0,0,0,0,0,0,0.00565884242104517,0.00565884242104517,0,0,0,0,0,1.41471060526129,0,0,0,0,0.0226353696841807,0,0,0,0,0,0,0,0,0,0,0,0,0,0,0,0,0,0,0.00282942121052258,0,0,0,0,0,0,0,0,0,0,0,0,0.0198059484736581,0,0,0,0,0,0,0,0,0,0,0,0,0,0,0,0,0,0,0,0,0,0,0,0,0,0,0,0,0.00282942121052258,0,0,0,0,0,0,0,0,0,0,0,0.00282942121052258,0,0,0,0,0,0,0,0,0,0,0,0,0,0,0,0,0,0.0198059484736581,0,0,0,0,0,0,0,0,0.00282942121052258,0,0,0,0,0,0,0,0,0,0,0.0141471060526129,0,0,0,0,0,0.00565884242104517,0,0,0,0,0,0,0,0,0,0,0,0,0,0,0,0,0,0,0,0,0,0,0,0,0,0,0,0,0,0,0,0,0,0.00565884242104517,0,0,0,0.00282942121052258,0,0,0,0,0,0,0,0,3.67824757367936,0,0,0,0.0141471060526129,0,0,0,0,0,0,0,0,0,0,0,0,0,0,0,0,0.00282942121052258,0.0141471060526129,0.00282942121052258,0,0,0,0,0.00282942121052258,0,0.0282942121052258,0.0226353696841807,0,0,0,0,0,0,0,0,0,0,0,0,0,0,0,0,0,0,0,0,0,0,0,0,0,0,0,0,0,0,0,0,0,0,0,0,0,0,0,0,0,0,0,0,0,0,0,0,0,0,0,0.00282942121052258,0.00282942121052258,0,0.00282942121052258,0,0.00282942121052258,0,0,0,0,0,0,0,0,0,0,0,0.0169765272631355,0,0,0,0,0,0,0.212206590789194,0,0,0,0,0,0,0,0,0,0,0,0,0,0,0,0,0,0,0,0,0.00282942121052258,0,0,0,0,0,0,0,0,0,0,0,2.82942121052258,0,0,0,0,0,0,0,0,0,0,0,0,0,0.848826363156775,0,0,0,0,0,0,0,0,0,0,0,0,0,0,0,0,0,0,0,0,0,0,0,0,0,0,0,0,0,0,0,0,0,0.00282942121052258,0,0,0,0,0,0,0,0,0,0,0,0,0,0,0,0,0,0,0,0,0,0,0,0.00282942121052258,0,0,0,0,0,0,0,0,0,0,0,0,0,0,0,0,0,0.0311236333157484,0,0,0,0,0,0,0,0,0,0,0,0,0,0,0,0,0,0,0,0.0141471060526129,0,0,0,0,0,0,0,0.0396118969473162,0,0,0,0,0,0,0,0,0,0,0,0,0.00848826363156775,0,0,0,0,0,0,0,0,0,0,0,0,0,0,0,0,0,0,0,0,3.78862288897259,0,0,0,0,0,0,0,0,0,0,0,0,0,0,0,0,0,0,0,0,0,0,0,0,0.145959937276623,0,0,0,0,0,0.123162922973705,0,0,0,0,0,0,0,0,0.932860173109296,0,0,0,0,0,0,0,0,0.250712791127551,0,0,0,0,0,0,0,0,0,0,0.774766904242675,0,0,0,0,0.0122061110628497,0,0,0,0,0,0,0,0,0,0,0,0,0,0,0,0,0,0,0,0,0,0,0,0,0,0,0,0,0,0,0,0,0,0,3.28238865774608,0,0,0,0.0825161976169643,0,0,0,0,0.00804255019459387,0,0,0,0,0,0,0,0,0,0,0.25223134870186,0,0,0,0,0,0,0,0,0,0,0,0,0,0,0,0,0,0,0,0,0,0,0,0,0,0,0,0,0,0,0,0,0,0,0,0.614360149820158,0,0,0.281988661853712,0,0,0,0,0,0,0,0,0,0,0,0,0,0,0,0,0,0,0,0,3.3013652442928,0.233445747726603,0,0,0,0,0,1.2555839563815,0,0,0,0,0.134262051308439,0,0,0,0,0,0,0,0,0,0,0,0,0,0,0,0,0,0,1.49286802682144,0,0,0,0,0,0,0,0,0,0,0,0,1.78599654706253,0,0,0,0,0,0,0,0,0,0,0,0,0,0,0,0,0,0,0,0,0,0,0,0,0,0,0,0,0.147439358534876,0,0,0,0,0,0,0,0,0,0,0,1.87012066459922,0,0,0,0,0,0,0,0,0,0,0,0,0,0,0,0,0,0.474422898944107,0,0,0,0,0,0,0,0,2.68601882813709,0,0,0,0,0,0,0,0,0,0,0.680887709118141,0,0,0,0,0,0.0403407558511468,0,0,0,0,0,0,0,0,0,0,0,0,0,0,0,0,0,0,0,0,0,0,0,0,0,0,0,0,0,0,0,0,0,0.0143058943670161,0,0,0,0.0048155202490365,0,0,0,0,0,0,0,0,7.17155568877533,0,0,0,33.5782948248918,0,0,0,0,0,0,0,0,0,0,0,0,0,0,0,0,0.96849148348127,2.64201234461742,2.71758932289062,0,0,0,0,0.312418815967662,0,2.76407674121921,1.83951951374019,0,0,0,0,0,0,0,0,0,0,0,0,0,0,0,0,0,0,0,0,0,0,0,0,0,0,0,0,0,0,0,0,0,0,0,0,0,0,0,0,0,0,0,0,0,0,0,0,0,0,0,0.27065604470659,0.27065604470659,0,0.125118252938674,0,0.168410588356291,0,0,0,0,0,0,0,0,0,0,0,0.762033867523995,0,0,0,0,0,0,2.40181919080485,0,0,0,0,0,0,0,0,0,0,0,0,0,0,0,0,0,0,0,0,0.38366612084141,0,0,0,0,0,0,0,0,0,0,0,2.39865880774778,0,0,0,0,0,0,0,0,0,0,0,0,0,0.404274933370456,0,0,0,0,0,0,0,0,0,0,0,0,0,0,0,0,0,0,0,0,0,0,0,0,0,0,0,0,0,0,0,0,0,0.32528214593076,0,0,0,0,0,0,0,0,0,0,0,0,0,0,0,0,0,0,0,0,0,0,0,2.65116174036662,0,0,0,0,0,0,0,0,0,0,0,0,0,0,0,0,0,0.353851690734604,0,0,0,0,0,0,0,0,0,0,0,0,0,0,0,0,0,0,0,0.0216917577104714,0,0,0,0,0,0,0,0.387980139361093,0,0,0,0,0,0,0,0,0,0,0,0,0.645148769571765,0,0,0,0,127.8720022,140.9852024,139.6515023,139.9037024,138.2177024,148.8519027,140.8691024,138.0582024,153.1559025,147.3378025,146.8365025,"BAK-00173"
"323",4304,"nSPC",2012,"PRIAs","Pacific Remote Island Areas","Baker","Baker",2012,"ForereefMid","Baker","2012-03-15","Forereef","Mid",0.20140699,-176.46612072,11.75,55,0,1.5,17.5,25,1,0,0,NA,0.92875,0.513224732364596,1.9,2,1,89.8455638936427,22.6497297817104,12.3271272605851,7.02039350606224,131.842814442,3.86930000957526,0,0,0,0,0,0,0,0,0,0,0,0,0,0,0,0,0.0763943726841098,0,0,0,0,0,0,0,0,0,0,0,0,0,0,0,0,0,0,0,0,0,0,0,0,0,0,0,0,0,0,0,0,0,0,0,0,0,0,0,0.00565884242104517,0,0,0,0,0,0,0,0,0,0,0,0,0,0,0,0,0,0,0,0.00565884242104517,0,0,0,0,0,0,0,0,0,0,0,0,0,0,0,0,0,0,0,0,0,0,0,0,0,0,0,0,0,0,0,0,0,0,0,0,0,0,0,0.00565884242104517,0,0,0,0.0141471060526129,0,0,0,0,0,0,0,0,0,0,0,0,0,0,0,0,0,0,0,0,0,0,0,0,0,0,0,0,0,0,0,0,0,0,0,0,0,0,0,0,0,0,0,0,0,0,0,0,0,0,0,0.212206590789194,0,0,0,0,0,0,0,0,0,0,0,0,0,0,0,0,0,0,0,0,0,0,0,0,0,0,0,0,0,0,0.33953054526271,0,0,0,0,0.0990297423682904,0,0,0,0,0,0,0,0,0,0,0,0,0,0,0,0,0.0282942121052258,0,0,0,0,0,0,0,0,0,0,0,0,0,0,0.033953054526271,0,0,0,0,0,0,0,0,0,0,0,0,0,0,0,0,0,0,0,0,0,0,0,0,0,0,0,0,0,0,0,0,0,0,0,0,0,0,0,0,0,0,0,0,0,0,0,0,0,0,0,0,0,0,0,0,0,0,0.0113176848420903,0,0,0,0,0,0,0,0,0,0,0,0,0,0,0,0,0,0,0,0.00565884242104517,0,0,0,0,0,0.00282942121052258,0,0,0,0,0,0,0,0,0.00282942121052258,0,0,0,0,0,0,0,0,0,0,0,0,0,0,0,0,0,0,0,0,0,0,0,0,0.00565884242104517,0,0,0,0.00848826363156775,0,0,0,0,0,0,0,0,2.26353696841807,0,0,0,0.00848826363156775,0,0,0,0.00848826363156775,0,0,0,0,0,0,0,0,0,0,0,0,0.0113176848420903,0.00848826363156775,0,0,0,0,0,0,0,0.0141471060526129,0,0,0.0282942121052258,0,0,0,0,0,0,0,0,0,0,0,0,0,0,0,0,0,0,0,0,0,0,0,0,0,0,0,0,0,0,0,0,0,0,0,0,0,0,0,0,0,0,0,0.00282942121052258,0,0,0,0,0,0.00282942121052258,0,0,0,0,0.00282942121052258,0,0,0,0,0,0,0,0,0,0,0,0.0763943726841098,0,0,0,0,0,0,0.113176848420903,0,0,0,0,0,0,0,0,0,0,0,0,0,0,0,0,0,0,0,0,0,0,0,0,0,0,0,0,0,0,0,0,3.3953054526271,0,0,0,0,0,0,0,0,0,0,0,0.00282942121052258,0,3.11236333157484,0,0,0,0,0,0,0,0,0,0,0,0,0,0,0.0282942121052258,0,0,0,0,0,0,0,0,0,0,0,0,0,0,0,0,0,0,0.00282942121052258,0,0,0,0,0,0,0,0,0.00282942121052258,0,0,0,0,0,0,0,0,0,0.00282942121052258,0,0,0,0,0,0,0,0,0,0,0,0,0,0,0,0,0,0,0,0,0,0,0.0141471060526129,0,0,0.00565884242104517,0,0,0,0,0,0,0,0,0,0,0,0,0,0,0,0,0.0198059484736581,0,0,0,0,0,0,0,0.0254647908947033,0,0,0,0,0,0,0,0,0,0,0,0,0,0,0,0,0,0,0,0,0,0,0,0,0,0,0,0,0,0,0,0,0,4.05295241240735,0,0,0,0,0,0,0,0,0,0,0,0,0,0,0,0,0,0,0,0,0,0,0,0,0,0,0,0,0,0,0,0,0,0,0,0,0,0,0,1.30434054268123,0,0,0,0,0,0,0,0,0,0,0,0,0,0,0,0,0,0,0,0.938504848741518,0,0,0,0,0,0,0,0,0,0,0,0,0,0,0,0,0,0,0,0,0,0,0,0,0,0,0,0,0,0,0,0,0,0,0,0,0,0,0,3.38962802551183,0,0,0,0.0541766988691159,0,0,0,0,0,0,0,0,0,0,0,0,0,0,0,0,0,0,0,0,0,0,0,0,0,0,0,0,0,0,0,0,0,0,0,0,0,0,0,0,0,0,0,0,0,0,0,0,0,0,0,0.527418260747462,0,0,0,0,0,0,0,0,0,0,0,0,0,0,0,0,0,0,0,0,0,0,0,0,0,0,0,0,0,0,0.594212407264269,0,0,0,0,0.762029184627686,0,0,0,0,0,0,0,0,0,0,0,0,0,0,0,0,0.0214462450414181,0,0,0,0,0,0,0,0,0,0,0,0,0,0,2.67475969871401,0,0,0,0,0,0,0,0,0,0,0,0,0,0,0,0,0,0,0,0,0,0,0,0,0,0,0,0,0,0,0,0,0,0,0,0,0,0,0,0,0,0,0,0,0,0,0,0,0,0,0,0,0,0,0,0,0,0,0.192699614230383,0,0,0,0,0,0,0,0,0,0,0,0,0,0,0,0,0,0,0,0.270282657048373,0,0,0,0,0,0.0274332192308638,0,0,0,0,0,0,0,0,0.668848011723918,0,0,0,0,0,0,0,0,0,0,0,0,0,0,0,0,0,0,0,0,0,0,0,0,0.0418683121985095,0,0,0,0.018403452274655,0,0,0,0,0,0,0,0,5.07951276934825,0,0,0,70.8062265972701,0,0,0,14.2039233673042,0,0,0,0,0,0,0,0,0,0,0,0,3.87396593392508,1.42391916796261,0,0,0,0,0,0,0,1.28819434656285,0,0,3.1040565876386,0,0,0,0,0,0,0,0,0,0,0,0,0,0,0,0,0,0,0,0,0,0,0,0,0,0,0,0,0,0,0,0,0,0,0,0,0,0,0,0,0,0,0,0.0310176353076178,0,0,0,0,0,0.141445360875306,0,0,0,0,0.13689078274066,0,0,0,0,0,0,0,0,0,0,0,2.62218676162664,0,0,0,0,0,0,0.663151052461996,0,0,0,0,0,0,0,0,0,0,0,0,0,0,0,0,0,0,0,0,0,0,0,0,0,0,0,0,0,0,0,0,2.77582348453165,0,0,0,0,0,0,0,0,0,0,0,0.434625479681048,0,3.92301936219305,0,0,0,0,0,0,0,0,0,0,0,0,0,0,1.152484374544,0,0,0,0,0,0,0,0,0,0,0,0,0,0,0,0,0,0,0.271189837112232,0,0,0,0,0,0,0,0,2.02959667379003,0,0,0,0,0,0,0,0,0,1.83970333578523,0,0,0,0,0,0,0,0,0,0,0,0,0,0,0,0,0,0,0,0,0,0,0.146557865730117,0,0,0.084015162285243,0,0,0,0,0,0,0,0,0,0,0,0,0,0,0,0,0.0508828963394329,0,0,0,0,0,0,0,0.221422015671866,0,0,0,0,0,0,0,0,0,0,0,0,0,0,0,0,0,127.4411022,140.5708024,139.3990023,139.8429024,137.6459024,148.3270026,140.5867024,137.6970024,153.0587025,147.0136025,145.3072024,"BAK-00161"
"324",4309,"nSPC",2012,"PRIAs","Pacific Remote Island Areas","Baker","Baker",2012,"ForereefDeep","Baker","2012-03-16","Forereef","Deep",0.19071353,-176.45805901,20.85,45,0,5,25,17.5,7.5,0,0,NA,0.57,0.328756392597115,1.25,2,1,26.0732499182185,34.1690888244067,26.3432265248654,16.671459096839,103.25702436433,11.2164761857343,0,0,0,0,0,0,0,0,0,0,0,0,0,0,0,0,0.0481001605788839,0,0,0,0,0,0,0,0,0.0141471060526129,0,0,0,0.00282942121052258,0.00282942121052258,0,0,0,0,0,0,0,0,0,0,0.00282942121052258,0,0,0,0,0,0,0,0,0,0,0,0,0,0,0.00565884242104517,0,0,0,0,0,0,0,0,0.00565884242104517,0,0,0,0,0,0,0,0,0,0,0.00282942121052258,0,0,0,0,0.00848826363156775,0,0,0,0,0,0,0,0,0,0,0,0,0,0,0,0.00282942121052258,0,0,0.00282942121052258,0,0,0,0,0,0,0,0,0,0,0,0,0,0,0.00282942121052258,0.00565884242104517,0,0,0,0.0594178454209743,0,0,0,0,0.0367824757367936,0.00282942121052258,0,0,0,0,0,0,0,0,0,0.0226353696841807,0,0,0,0,0,0,0,0.00565884242104517,0,0,0,0,0,0,0,0,0,0,0,0,0,0,0,0,0,0,0,0,0,0,0,0,0,0,0,0.33953054526271,0,0,0.00282942121052258,0,0,0,0,0,0,0,0,0,0,0,0,0,0,0,0,0,0,0,0,0,0,0,0,0,0,0,0.325383439210097,0,0,0,0,0,0,0,0,0,0,0,0,0,0.00282942121052258,0,0,0,0,0,0,0,0,0,0.00282942121052258,0,0.00282942121052258,0,0,0,0.00282942121052258,0,0,0.0254647908947033,0,0,0,0.0763943726841098,0,0,0,0,0,0,0,0.0113176848420903,0,0,0,0,0,0,0,0,0,0,0,0,0,0,0,0,0,0,0,0,0,0,0,0.00282942121052258,0,0,0,0,0.00282942121052258,0,0,0.00565884242104517,0.00282942121052258,0,0,0,0,0,0,0,0,0,0,0,0,0,0,0,0,0,0.0311236333157484,0,0,0,0,0,0,0,0,0,0,0,0,0,0,0,0,0,0,0,0.00565884242104517,0,0,0,0,0,0.0141471060526129,0,0,0,0,0,0,0,0,0,0,0,0,0,0,0,0,0,0,0,0,0,0,0,0,0,0,0,0,0,0,0,0,0,0.00565884242104517,0,0,0,0.00282942121052258,0,0,0,0,0,0,0,0,0,0,0,0,0.00848826363156775,0,0,0,0,0,13.2982796894561,0,0,0,0,0,0,0,0,0,0,0.00848826363156775,0.0113176848420903,0,0,0,0,0,0.00282942121052258,0,0,0.0452707393683613,0,0.0141471060526129,0,0,0,0,0,0,0,0,0,0,0,0.00282942121052258,0,0,0,0,0,0,0,0,0,0,0,0,0,0,0,0,0,0,0,0,0,0,0,0,0,0,0,0,0,0,0,0.00282942121052258,0,0,0,0,0,0.00565884242104517,0.00282942121052258,0,0,0,0.00848826363156775,0,0,0,0,0,0,0,0,0,0,0,0.00565884242104517,0,0,0,0,0,0,0.0622472666314969,0,0,0,0,0.00848826363156775,0,0,0,0,0,0,0,0,0,0,0,0,0,0,0,0.00282942121052258,0,0,0,0,0,0,0,0,0,0,0,13.5812218105084,0,0,0,0,0,0,0,0,0.00848826363156775,0,0,0,0,0.565884242104517,0,0,0,0,0,0,0,0,0,0,0,0,0,0,0,0,0,0,0,0,0,0,0,0,0.00848826363156775,0,0,0,0,0,0,0,0.00282942121052258,0.00848826363156775,0,0,0,0,0,0,0,0,0,0,0,0,0,0,0,0,0,0,0.00565884242104517,0,0,0,0,0.00282942121052258,0,0,0,0,0,0,0,0,0,0,0,0,0,0,0,0,0,0.0169765272631355,0,0,0,0,0,0,0,0,0.00565884242104517,0,0,0,0,0,0,0,0,0,0,0,0,0,0,0,0,0,0,0.00282942121052258,0,0,0,0,0,0,0,0,0,0,0,0,0.0113176848420903,0,0,0,0,0,0,0,0,0,0,0,0,0,0,0,0,0,0,0,0,3.22775417217024,0,0,0,0,0,0,0,0,0.476537910887119,0,0,0,0.737202197161847,0.39838250644158,0,0,0,0,0,0,0,0,0,0,0.316340609021267,0,0,0,0,0,0,0,0,0,0,0,0,0,0,1.17433429690014,0,0,0,0,0,0,0,0,0.467294864360459,0,0,0,0,0,0,0,0,0,0,0.387383452121338,0,0,0,0,0.0200707335963261,0,0,0,0,0,0,0,0,0,0,0,0,0,0,0,1.32192531910191,0,0,1.52878418585123,0,0,0,0,0,0,0,0,0,0,0,0,0,0,0.611488598801724,1.67350929613641,0,0,0,0.534262789259468,0,0,0,0,0.10941246026614,1.20048878956321,0,0,0,0,0,0,0,0,0,0.801094398753181,0,0,0,0,0,0,0,0.399942920496372,0,0,0,0,0,0,0,0,0,0,0,0,0,0,0,0,0,0,0,0,0,0,0,0,0,0,0,0.751160401811957,0,0,0.179111292414106,0,0,0,0,0,0,0,0,0,0,0,0,0,0,0,0,0,0,0,0,0,0,0,0,0,0,0,0.459529128222183,0,0,0,0,0,0,0,0,0,0,0,0,0,0.0100874715797333,0,0,0,0,0,0,0,0,0,1.65672584425016,0,0.0775144428683062,0,0,0,0.328391679841125,0,0,0.569733760489894,0,0,0,6.16923206482418,0,0,0,0,0,0,0,0.348840577613191,0,0,0,0,0,0,0,0,0,0,0,0,0,0,0,0,0,0,0,0,0,0,0,1.29878300652104,0,0,0,0,1.51124500274564,0,0,2.23222836206298,1.01608298734248,0,0,0,0,0,0,0,0,0,0,0,0,0,0,0,0,0,0.82101754820635,0,0,0,0,0,0,0,0,0,0,0,0,0,0,0,0,0,0,0,0.249345589990162,0,0,0,0,0,0.253070506622166,0,0,0,0,0,0,0,0,0,0,0,0,0,0,0,0,0,0,0,0,0,0,0,0,0,0,0,0,0,0,0,0,0,0.0418683121985095,0,0,0,0.0119901315272546,0,0,0,0,0,0,0,0,0,0,0,0,15.3763151900063,0,0,0,0,0,5.30472620944221,0,0,0,0,0,0,0,0,0,0,2.90547445044381,4.31842545618252,0,0,0,0,0,0.170600147508676,0,0,4.46253589942756,0,1.79583985249141,0,0,0,0,0,0,0,0,0,0,0,4.35818932273442,0,0,0,0,0,0,0,0,0,0,0,0,0,0,0,0,0,0,0,0,0,0,0,0,0,0,0,0,0,0,0,0.0126222754078381,0,0,0,0,0,0.172439480083676,0.178309917462687,0,0,0,1.21174842287597,0,0,0,0,0,0,0,0,0,0,0,0.485933004016659,0,0,0,0,0,0,0.423001563761292,0,0,0,0,0.0875797330635743,0,0,0,0,0,0,0,0,0,0,0,0,0,0,0,0.455432692193589,0,0,0,0,0,0,0,0,0,0,0,13.9578064559441,0,0,0,0,0,0,0,0,0.305100738827945,0,0,0,0,0.638284730267153,0,0,0,0,0,0,0,0,0,0,0,0,0,0,0,0,0,0,0,0,0,0,0,0,0.811720391439575,0,0,0,0,0,0,0,0.397072590429004,0.975846437792281,0,0,0,0,0,0,0,0,0,0,0,0,0,0,0,0,0,0,7.62519492839403,0,0,0,0,1.65786733943665,0,0,0,0,0,0,0,0,0,0,0,0,0,0,0,0,0,0.197929635938613,0,0,0,0,0,0,0,0,0.550589522808916,0,0,0,0,0,0,0,0,0,0,0,0,0,0,0,0,0,0,0.067960433939784,0,0,0,0,0,0,0,0,0,0,0,0,0.980309929988024,0,0,0,0,129.4376022,141.2974024,142.1561024,141.3518024,138.4244024,150.0032027,141.0645024,138.2958024,153.7153025,147.9290026,148.2322025,"BAK-00179"
"325",4310,"nSPC",2012,"PRIAs","Pacific Remote Island Areas","Baker","Baker",2012,"ForereefDeep","Baker","2012-03-16","Forereef","Deep",0.20003454,-176.46193757,27.1,55,0,10,17.5,17.5,0,0,0,NA,0.615,0.30174553611677,1.4,2,1,58.7861601306107,69.842628849064,7.73992636753971,10.9070222551983,147.275737602413,1.43372863038038,0,0,0,0,0,0,0,0,0,0,0,0,0,0,0.00565884242104517,0,0.00848826363156775,0,0,0,0,0,0,0,0,0,0,0,0,0.00282942121052258,0,0,0,0,0,0,0,0,0,0,0.00282942121052258,0.00282942121052258,0,0,0,0,0,0,0,0,0,0,0,0,0,0,0.0169765272631355,0,0,0,0,0,0,0,0,0.00282942121052258,0,0,0,0.00282942121052258,0,0,0,0,0,0,0.0113176848420903,0,0,0,0,0,0,0,0,0,0,0,0,0,0,0,0,0,0,0,0,0,0,0,0,0,0,0,0,0,0,0,0,0,0,0,0,0,0,0,0.00282942121052258,0,0,0,0.0141471060526129,0,0,0,0,0.0452707393683613,0.0396118969473162,0,0,0,0,0,0,0,0,0,0.033953054526271,0,0,0,0,0,0,0,0,0.00282942121052258,0,0,0,0,0,0,0,0,0,0,0,0,0,0,0,0,0,0,0,0,0,0,0,0,0,0.00848826363156775,0.311236333157484,0,0,0.0113176848420903,0,0,0,0,0,0,0,0,0,0,0,0,0,0,0,0,0,0,0,0,0,0,0,0,0,0,0,0,0,0,0,0,0,0,0,0,0,0,0,0,0,0.0141471060526129,0,0,0,0,0,0,0,0,0,0.00282942121052258,0,0,0,0,0,0,0,0,0,0.00848826363156775,0,0,0.0113176848420903,0,0,0,0,0,0,0,0,0,0,0,0,0,0,0,0,0,0,0,0,0,0,0,0,0,0,0,0,0,0,0,0,0,0,0,0,0,0,0,0,0,0,0,0,0,0,0,0,0.0169765272631355,0,0,0,0,0,0,0,0,0,0.0141471060526129,0,0.00282942121052258,0,0,0,0,0.00565884242104517,0,0,0,0,0,0,0,0,0,0,0,0,0,0,0,0,0,0,0.0113176848420903,0,0,0,0,0,0,0,0,0,0,0,0,0,0,0,0,0,0,0,0,0,0,0,0,0,0,0,0,0,0,0,0,0,0.0113176848420903,0,0,0,0,0,0,0,0,0,0,0,0,0,0,0,0,0.00848826363156775,0,0,0,0,0,6.50766878420194,0,0,0,0,0,0,0,0,0,0,0,0.00565884242104517,0,0,0,0,0,0,0,0.0226353696841807,0.0311236333157484,0,0,0,0,0,0,0,0,0,0,0,0,0,0.0254647908947033,0,0,0,0,0,0,0,0,0,0,0,0,0,0,0,0,0,0,0,0.033953054526271,0,0,0,0,0,0,0,0,0,0,0,0.00282942121052258,0,0,0,0,0.00282942121052258,0.00848826363156775,0.00282942121052258,0,0,0,0,0,0,0,0,0,0,0,0,0,0,0,0,0,0,0,0,0,0,0.0113176848420903,0,0,0,0,0,0,0,0,0,0,0,0,0,0,0,0,0,0,0,0,0.00282942121052258,0,0,0,0,0,0,0,0,0,0,0,14.2036944768234,0,0,0,0,0,0,0,0.00282942121052258,0,0,0,0,0.00565884242104517,0,0,0,0,0,0,0,0,0,0,0,0,0,0,0,0,0,0,0,0,0,0,0,0,0,0,0,0,0,0,0,0,0,0,0.0113176848420903,0,0,0,0,0,0,0,0,0,0,0,0,0,0,0,0,0,0,0,0,0,0,0,0.00565884242104517,0,0,0,0,0,0,0,0,0,0,0,0,0,0,0,0,0,0,0,0,0,0,0,0,0,0,0,0,0,0,0,0,0,0,0,0,0,0.00848826363156775,0,0,0,0,0,0,0,0,0,0,0,0,0,0,0,0,0,0,0,0,0.00282942121052258,0,0,0,0,0,0,0,0,0,0,0,0,0,0,0,0,0,0,2.61697696339647,0,0.666530944258898,0,0,0,0,0,0,0,0,0,0,0,0,2.72048438153559,0,0,0,0,0,0,0,0,0,0,0.153445882182303,0.361468462618497,0,0,0,0,0,0,0,0,0,0,0,0,0,0,5.39680406389625,0,0,0,0,0,0,0,0,0.129980258696445,0,0,0,1.74243479957323,0,0,0,0,0,0,1.43507879394617,0,0,0,0,0,0,0,0,0,0,0,0,0,0,0,0,0,0,0,0,0,0,0,0,0,0,0,0,0,0,0,0,0,0,0,0,0,0,0,3.27679759091424,0,0,0,0.0840871042714382,0,0,0,0,0.138896230269777,8.79599079558788,0,0,0,0,0,0,0,0,0,3.32582286556004,0,0,0,0,0,0,0,0,0.0833672962873433,0,0,0,0,0,0,0,0,0,0,0,0,0,0,0,0,0,0,0,0,0,0,0,0,0,0.626174648723936,0.28360137619431,0,0,0.894126712619661,0,0,0,0,0,0,0,0,0,0,0,0,0,0,0,0,0,0,0,0,0,0,0,0,0,0,0,0,0,0,0,0,0,0,0,0,0,0,0,0,0,0.0419867910780562,0,0,0,0,0,0,0,0,0,1.83302631167601,0,0,0,0,0,0,0,0,0,0.415531995064746,0,0,1.59723763021317,0,0,0,0,0,0,0,0,0,0,0,0,0,0,0,0,0,0,0,0,0,0,0,0,0,0,0,0,0,0,0,0,0,0,0,0,0,0,0,0,0,0,0,0,0,0,0,0,0.397250737957371,0,0,0,0,0,0,0,0,0,0.459702753813602,0,2.22856874750884,0,0,0,0,0.285177854549388,0,0,0,0,0,0,0,0,0,0,0,0,0,0,0,0,0,0,0.111689704632653,0,0,0,0,0,0,0,0,0,0,0,0,0,0,0,0,0,0,0,0,0,0,0,0,0,0,0,0,0,0,0,0,0,0.0132753998852259,0,0,0,0,0,0,0,0,0,0,0,0,0,0,0,0,32.3510899102652,0,0,0,0,0,2.68899420642314,0,0,0,0,0,0,0,0,0,0,0,0.786936869684827,0,0,0,0,0,0,0,2.51167664180521,3.40324435118808,0,0,0,0,0,0,0,0,0,0,0,0,0,52.98348001721,0,0,0,0,0,0,0,0,0,0,0,0,0,0,0,0,0,0,0,3.73354408416509,0,0,0,0,0,0,0,0,0,0,0,0.00713957735872033,0,0,0,0,0.0770813561540246,0.186897203763955,0.141445360875306,0,0,0,0,0,0,0,0,0,0,0,0,0,0,0,0,0,0,0,0,0,0,0.145208933009058,0,0,0,0,0,0,0,0,0,0,0,0,0,0,0,0,0,0,0,0,0.263560585760179,0,0,0,0,0,0,0,0,0,0,0,4.23292730779021,0,0,0,0,0,0,0,0.0102062881905971,0,0,0,0,0.0339461548519294,0,0,0,0,0,0,0,0,0,0,0,0,0,0,0,0,0,0,0,0,0,0,0,0,0,0,0,0,0,0,0,0,0,0,2.00691072816064,0,0,0,0,0,0,0,0,0,0,0,0,0,0,0,0,0,0,0,0,0,0,0,1.43372863038038,0,0,0,0,0,0,0,0,0,0,0,0,0,0,0,0,0,0,0,0,0,0,0,0,0,0,0,0,0,0,0,0,0,0,0,0,0,0.00516086428799319,0,0,0,0,0,0,0,0,0,0,0,0,0,0,0,0,0,0,0,0,0.157041434176719,0,0,0,0,128.0526022,141.1434024,140.0105023,140.1788024,138.3158024,149.1455027,141.2230024,138.2467024,153.2813025,147.4564026,147.0944025,"BAK-00185"
"326",4311,"nSPC",2012,"PRIAs","Pacific Remote Island Areas","Baker","Baker",2012,"ForereefMid","Baker","2012-03-16","Forereef","Mid",0.19335466,-176.46498548,7.25,42.5,0,4,35,17,1.5,0,0,NA,0.5275,0.294197392474534,1,2,1,2.01867125705252,12.8397322883979,18.5328886509389,9.73527004943632,43.1265622458256,8.43975167277632,0,0,0,0,0,0,0,0,0,0,0,0,0,0,0,0,0.0452707393683613,0,0,0,0,0.00282942121052258,0,0,0,0,0,0,0,0,0,0,0,0,0,0,0,0,0,0,0,0.00282942121052258,0,0,0,0,0,0,0,0,0,0,0,0,0,0,0,0,0,0,0,0,0,0,0,0,0,0,0,0,0,0,0,0,0,0,0,0,0,0,0,0,0,0,0,0,0,0,0,0,0,0,0,0,0,0,0,0,0,0,0.00565884242104517,0,0,0,0,0,0,0,0,0,0,0,0,0,0,0,0.00282942121052258,0,0,0,0.00565884242104517,0,0,0,0,0,0,0,0,0,0,0,0,0,0,0,0.00565884242104517,0,0,0,0,0,0,0,0,0,0,0,0,0,0,0,0,0,0,0,0,0,0,0,0,0,0,0,0,0,0,0,0,0,0,0,0.033953054526271,0,0,0.00565884242104517,0,0,0,0,0,0,0,0,0,0,0,0.00282942121052258,0,0,0,0,0,0,0,0,0.00282942121052258,0,0,0,0,0,0,7.07355302630646,0,0,0,0,0,0.00848826363156775,0,0,0.00848826363156775,0,0,0,0,0,0,0,0,0,0,0,0,0,0,0,0,0.00565884242104517,0,0,0,0.00282942121052258,0,0,0,0,0,0,0.0198059484736581,0,0,0,0,0,0,0,0,0,0,0,0,0,0,0,0,0,0,0,0,0,0,0,0,0,0,0,0,0,0,0,0,0,0,0,0,0.00282942121052258,0,0,0,0,0,0,0,0,0,0,0,0,0,0,0,0,0,0,0,0,0,0.0254647908947033,0,0,0,0,0,0,0,0,0,0,0,0,0,0,0,0,0,0,0,0.00848826363156775,0,0,0,0,0,0,0,0,0,0,0,0,0,0,0,0,0,0,0,0,0,0,0,0,0,0,0,0,0,0,0,0,0,0,0,0,0,0,0,0,0,0,0,0,0,0,0,0,0,0,0,0,0,0,0,0,0,0,0,0,0,0,0,0,0,0,0,0,0,0,0,0,0,0,0.0141471060526129,0,0,0,0,0,0,0,0,0,0,0,0,0,0,0,0,0,0,0,0,0,0,0,0,0,0,0,0,0,0,0,0,0,0,0,0,0,0,0,0,0,0,0,0,0,0,0,0,0,0,0,0,0,0,0,0,0,0,0,0,0.00282942121052258,0,0,0.00282942121052258,0,0.00282942121052258,0,0,0,0,0,0,0,0,0,0,0,0,0,0,0,0,0,0,0.15278874536822,0,0,0,0,0,0,0,0,0,0,0.00565884242104517,0,0,0,0,0,0,0,0,0,0.00565884242104517,0,0,0,0,0,0,0,0,0,0,0,0,0,0,0,0,0,0,0,0,0,0,0,0,0,0.565884242104517,0,0,0,0,0,0,0,0,0,0,0,0,0,0,0,0,0,0,0,0,0,0,0,0,0,0,0,0,0,0,0,0,0,0,0,0,0,0,0,0,0,0,0.00282942121052258,0,0,0,0,0,0,0,0,0,0.00565884242104517,0,0,0,0,0,0,0,0,0,0,0,0,0,0,0,0,0,0,0,0,0,0,0.107518005999858,0.00565884242104517,0,0,0,0,0,0,0,0,0.00282942121052258,0,0,0,0,0,0,0,0,0,0.0622472666314969,0,0,0,0,0,0,0,0.116006269631426,0,0,0,0,0,0,0,0,0,0,0,0,0.0141471060526129,0,0,0,0,0,0,0,0,0,0,0,0,0,0,0,0,0,0,0,0,3.40303048380666,0,0,0,0,0.468452961248233,0,0,0,0,0,0,0,0,0,0,0,0,0,0,0,0,0,0,0,0.0815212839175767,0,0,0,0,0,0,0,0,0,0,0,0,0,0,0,0,0,0,0,0,0,0,0,0,0,0,0,0,0,0,0,0,0,0,0,0,0,0,0,0,0,0,0,0,0,0,0,0,0,0,0,0,0,0,0,0,0,0,1.75330967804362,0,0,0,0,0,0,0,0,0,0,0,0,0,0,0,0.734847163315798,0,0,0,0.0550884068757413,0,0,0,0,0,0,0,0,0,0,0,0,0,0,0,0.384896403816132,0,0,0,0,0,0,0,0,0,0,0,0,0,0,0,0,0,0,0,0,0,0,0,0,0,0,0,0,0,0,0,0,0,0,0,0.0649691698360196,0,0,0.79881527712458,0,0,0,0,0,0,0,0,0,0,0,0.00528259918460164,0,0,0,0,0,0,0,0,0.318042161130463,0,0,0,0,0,0,11.6798507570372,0,0,0,0,0,0.0520510871742924,0,0,0.0561711193364429,0,0,0,0,0,0,0,0,0,0,0,0,0,0,0,0,0.137254651661758,0,0,0,0.246725529557569,0,0,0,0,0,0,3.07262045250694,0,0,0,0,0,0,0,0,0,0,0,0,0,0,0,0,0,0,0,0,0,0,0,0,0,0,0,0,0,0,0,0,0,0,0,0,0.720617772457906,0,0,0,0,0,0,0,0,0,0,0,0,0,0,0,0,0,0,0,0,0,1.01739776520883,0,0,0,0,0,0,0,0,0,0,0,0,0,0,0,0,0,0,0,0.559700133203163,0,0,0,0,0,0,0,0,0,0,0,0,0,0,0,0,0,0,0,0,0,0,0,0,0,0,0,0,0,0,0,0,0,0,0,0,0,0,0,0,0,0,0,0,0,0,0,0,0,0,0,0,0,0,0,0,0,0,0,0,0,0,0,0,0,0,0,0,0,0,0,0,0,0,2.14684586321913,0,0,0,0,0,0,0,0,0,0,0,0,0,0,0,0,0,0,0,0,0,0,0,0,0,0,0,0,0,0,0,0,0,0,0,0,0,0,0,0,0,0,0,0,0,0,0,0,0,0,0,0,0,0,0,0,0,0,0,0,0.178309917462687,0,0,0.0779808874143951,0,0.109690165036044,0,0,0,0,0,0,0,0,0,0,0,0,0,0,0,0,0,0,0.673844677831279,0,0,0,0,0,0,0,0,0,0,0.0248302967351871,0,0,0,0,0,0,0,0,0,0.799193788050272,0,0,0,0,0,0,0,0,0,0,0,0,0,0,0,0,0,0,0,0,0,0,0,0,0,0.942036264224005,0,0,0,0,0,0,0,0,0,0,0,0,0,0,0,0,0,0,0,0,0,0,0,0,0,0,0,0,0,0,0,0,0,0,0,0,0,0,0,0,0,0,3.25287158460772,0,0,0,0,0,0,0,0,0,5.1868800881686,0,0,0,0,0,0,0,0,0,0,0,0,0,0,0,0,0,0,0,0,0,0,0.922268513770652,0.0434599097936269,0,0,0,0,0,0,0,0,0.177412658647018,0,0,0,0,0,0,0,0,0,0.100825010126367,0,0,0,0,0,0,0,1.37604147146132,0,0,0,0,0,0,0,0,0,0,0,0,1.50342629283375,0,0,0,0,127.7093022,140.2929024,138.5161023,140.1136024,137.5010024,148.6272026,139.9737024,137.3385024,152.6709025,146.6912025,146.9931025,"BAK-00163"
"327",4312,"nSPC",2012,"PRIAs","Pacific Remote Island Areas","Baker","Baker",2012,"ForereefMid","Baker","2012-03-16","Forereef","Mid",0.19336933,-176.46170815,11.25,60,0,3,20,17,0,0,0,NA,0.875,0.44596410828259,1.75,2,1,27.1460226764128,10.1088987573907,16.660925052612,7.17719580692706,61.0930422933426,7.3677394072097,0,0,0,0,0,0,0,0,0,0,0,0,0,0,0,0,0.0820532151051549,0,0,0,0,0,0,0,0,0,0,0,0,0,0,0,0,0,0,0,0,0,0,0,0,0,0,0,0,0,0,0,0,0,0,0,0,0,0,0,0.00565884242104517,0,0,0,0,0,0,0,0,0,0,0,0,0,0,0,0,0,0,0,0.00565884242104517,0,0,0,0,0,0,0,0,0,0,0,0,0,0,0,0,0,0,0,0,0,0,0,0,0,0,0,0,0,0,0,0,0,0,0,0,0,0,0,0.00848826363156775,0,0,0,0.00565884242104517,0,0,0,0,0.00848826363156775,0,0,0,0,0,0,0,0,0,0,0.00565884242104517,0,0,0,0,0,0,0,0,0,0,0,0,0,0,0,0,0,0,0,0,0,0,0,0,0,0,0,0,0,0,0,0,0,0,0,0.282942121052258,0,0,0,0,0,0,0,0,0,0,0,0,0,0,0,0,0,0,0,0,0,0,0,0.00282942121052258,0.00282942121052258,0,0,0,0,0,0.636619772367581,0,0,0,0,0.00282942121052258,0,0,0,0,0,0,0,0,0,0,0,0,0,0,0,0,0,0,0,0,0,0,0,0,0,0,0,0,0,0,0,0.0226353696841807,0,0.00282942121052258,0,0,0,0,0,0,0,0,0,0,0,0,0,0,0,0,0,0,0,0,0,0,0,0,0,0,0,0,0,0,0,0,0,0,0,0,0,0,0,0,0,0.00282942121052258,0,0,0,0,0,0,0,0,0,0,0,0,0,0,0.0254647908947033,0,0,0,0,0,0,0,0,0,0,0,0,0,0,0,0,0,0,0,0.00282942121052258,0,0,0,0,0,0.00282942121052258,0,0,0,0,0,0,0,0,0,0,0,0,0,0,0,0,0,0,0,0,0,0,0,0,0,0,0,0,0,0,0,0,0,0.00282942121052258,0,0,0,0.00282942121052258,0,0,0,0,0,0,0,0,0,0,0,0,0.00282942121052258,0,0,0,0,0,0,0,0,0,0,0,0,0,0,0,0,0,0.00282942121052258,0.00282942121052258,0,0,0,0,0,0,0.033953054526271,0.00848826363156775,0,0,0,0,0,0,0,0,0,0,0,0,0,0,0,0,0,0,0,0,0,0,0,0,0,0,0,0,0,0,0,0,0,0,0,0,0,0,0,0,0,0,0,0,0,0.00848826363156775,0,0,0,0,0,0,0.00282942121052258,0,0,0,0,0,0,0,0,0,0,0,0,0,0,0,0.00282942121052258,0,0,0,0,0,0,0.141471060526129,0,0,0,0,0.00282942121052258,0,0,0,0,0,0,0,0,0,0,0,0,0,0,0,0,0,0,0,0,0,0,0,0,0,0,0,0.848826363156775,0,0,0,0,0,0,0,0,0,0,0,0,0,2.82942121052258,0,0,0,0,0,0,0,0,0,0,0,0,0,0,0,0,0,0,0,0,0,0,0,0,0,0,0,0,0,0,0,0,0,0.00282942121052258,0,0,0,0,0,0,0,0,0,0,0,0,0,0,0,0,0,0,0.00282942121052258,0,0,0,0,0,0,0,0,0,0,0,0,0,0,0,0,0,0,0,0,0,0,0.0113176848420903,0,0,0,0,0,0,0,0,0,0,0,0,0,0,0,0,0,0,0,0.101859163578813,0,0,0,0,0,0.00282942121052258,0,0.0311236333157484,0,0,0,0,0,0,0,0,0,0,0,0,0.00565884242104517,0,0,0,0,0,0,0,0,0,0,0,0,0,0,0,0,0,0,0,0,5.42251446089727,0,0,0,0,0,0,0,0,0,0,0,0,0,0,0,0,0,0,0,0,0,0,0,0,0,0,0,0,0,0,0,0,0,0,0,0,0,0,0,1.53185147279814,0,0,0,0,0,0,0,0,0,0,0,0,0,0,0,0,0,0,0,0.506593494832668,0,0,0,0,0,0,0,0,0,0,0,0,0,0,0,0,0,0,0,0,0,0,0,0,0,0,0,0,0,0,0,0,0,0,0,0,0,0,0,7.72919147055548,0,0,0,0.0412580988084822,0,0,0,0,0.0129186000606337,0,0,0,0,0,0,0,0,0,0,0.484737933036987,0,0,0,0,0,0,0,0,0,0,0,0,0,0,0,0,0,0,0,0,0,0,0,0,0,0,0,0,0,0,0,0,0,0,0,0.332145755903246,0,0,0,0,0,0,0,0,0,0,0,0,0,0,0,0,0,0,0,0,0,0,0,0.868903692917113,0.049682434402961,0,0,0,0,0,0.443469333431257,0,0,0,0,0.0112733915939957,0,0,0,0,0,0,0,0,0,0,0,0,0,0,0,0,0,0,0,0,0,0,0,0,0,0,0,0,0,0,0,3.12055995427377,0,0.239432563321034,0,0,0,0,0,0,0,0,0,0,0,0,0,0,0,0,0,0,0,0,0,0,0,0,0,0,0,0,0,0,0,0,0,0,0,0,0,0,0,0,0,1.91423256979435,0,0,0,0,0,0,0,0,0,0,0,0,0,0,0.160745293683559,0,0,0,0,0,0,0,0,0,0,0,0,0,0,0,0,0,0,0,0.326287527484106,0,0,0,0,0,0.0192672266751746,0,0,0,0,0,0,0,0,0,0,0,0,0,0,0,0,0,0,0,0,0,0,0,0,0,0,0,0,0,0,0,0,0,0.00889828028477043,0,0,0,0.0048155202490365,0,0,0,0,0,0,0,0,0,0,0,0,15.0229141383603,0,0,0,0,0,0,0,0,0,0,0,0,0,0,0,0,0,0.312297147030625,1.77424190684808,0,0,0,0,0,0,3.09166643175083,0.908309365128956,0,0,0,0,0,0,0,0,0,0,0,0,0,0,0,0,0,0,0,0,0,0,0,0,0,0,0,0,0,0,0,0,0,0,0,0,0,0,0,0,0,0,0,0,0,0.0613038441197733,0,0,0,0,0,0,0.463095091867528,0,0,0,0,0,0,0,0,0,0,0,0,0,0,0,0.154137813401397,0,0,0,0,0,0,1.75111963919325,0,0,0,0,0.0194481175912582,0,0,0,0,0,0,0,0,0,0,0,0,0,0,0,0,0,0,0,0,0,0,0,0,0,0,0,0.420579315838129,0,0,0,0,0,0,0,0,0,0,0,0,0,4.64106268091353,0,0,0,0,0,0,0,0,0,0,0,0,0,0,0,0,0,0,0,0,0,0,0,0,0,0,0,0,0,0,0,0,0,0.805558288121222,0,0,0,0,0,0,0,0,0,0,0,0,0,0,0,0,0,0,7.3677394072097,0,0,0,0,0,0,0,0,0,0,0,0,0,0,0,0,0,0,0,0,0,0,0.144204821010456,0,0,0,0,0,0,0,0,0,0,0,0,0,0,0,0,0,0,0,0.10625466942936,0,0,0,0,0,0.0379719758553684,0,0.254340350861449,0,0,0,0,0,0,0,0,0,0,0,0,0.528018213807278,0,0,0,0,128.0625022,140.7334024,139.8308023,140.3913024,138.2749024,149.3903027,140.4683024,138.0521024,152.9427025,147.3460025,147.3812025,"BAK-00156"
"328",4313,"nSPC",2012,"PRIAs","Pacific Remote Island Areas","Baker","Baker",2012,"ForereefShallow","Baker","2012-03-16","Forereef","Shallow",0.18828713,-176.47755766,4.4,60,0,7.5,15,17.5,0,0,0,NA,0.895,0.421898969358608,1.75,2,1,2.22035006471509,11.468250174478,27.0670436673948,7.64740234181008,48.403046248398,9.74053645332981,0,0,0,0,0,0,0,0,0,0,0,0,0,0,0,0,0.0650766878420194,0,0,0,0,0,0,0,0,0,0,0,0,0,0,0,0,0,0,0,0,0,0,0,0,0,0,0,0,0,0,0,0,0,0,0,0,0,0,0,0.0367824757367936,0,0,0,0,0,0,0,0,0,0,0,0,0,0,0,0,0,0,0,0.0141471060526129,0,0,0,0,0,0,0,0,0,0,0,0,0,0,0,0,0,0,0,0,0.00282942121052258,0,0,0,0,0,0,0,0,0,0,0,0,0,0,0,0,0,0,0,0,0,0,0.0226353696841807,0,0,0,0,0.0141471060526129,0,0,0,0,0,0,0,0,0,0,0.00565884242104517,0,0,0,0,0,0,0,0,0,0,0,0,0,0,0,0,0,0,0,0,0,0,0,0,0,0,0,0,0,0,0,0,0,0,0,0.0565884242104517,0,0,0.00848826363156775,0,0,0,0,0,0,0,0,0,0,0,0,0,0,0,0,0,0,0,0,0.00282942121052258,0.00282942121052258,0,0.00282942121052258,0,0,0,1.6410643021031,0,0,0,0,0,0,0,0,0,0,0,0,0,0,0,0,0,0,0,0,0,0,0,0,0,0,0,0,0,0,0,0,0,0.0594178454209743,0.00848826363156775,0,0.0254647908947033,0,0,0,0,0,0,0,0,0,0,0,0,0,0,0,0,0,0,0,0,0,0,0,0,0,0,0,0,0,0,0,0,0,0,0,0,0,0,0,0,0,0,0,0,0,0,0,0,0,0,0,0,0,0,0,0,0,0,0.0226353696841807,0,0,0,0,0,0,0,0,0,0,0,0,0,0,0,0,0,0,0,0.00282942121052258,0,0,0,0,0,0.00282942121052258,0,0,0,0,0,0,0,0,0.00565884242104517,0,0,0,0,0,0,0,0,0,0,0,0,0,0,0,0,0,0,0,0,0,0,0,0,0.00282942121052258,0,0,0,0,0,0,0,0,0,0,0,0,0.848826363156775,0,0,0,0,0,0,0,0,0,0,0,0,0,0,0,0,0,0,0,0,0.0254647908947033,0.0254647908947033,0,0,0,0,0,0,0,0,0,0,0,0,0,0,0,0,0,0,0,0,0,0,0,0,0,0,0,0,0,0,0,0,0,0,0,0,0,0,0,0,0,0,0,0,0,0,0,0,0,0,0,0,0,0,0.00282942121052258,0,0,0,0,0,0,0.00282942121052258,0,0.00565884242104517,0,0,0,0,0,0,0,0,0,0,0,0,0,0,0,0,0,0,0,0,0.356507072525846,0,0,0,0,0,0,0,0,0,0,0,0,0,0,0,0,0,0,0,0,0,0,0,0,0,0,0,0,0,0,0,0,0,0,0,0,0,0,0,0,0,0,0,0,0,0,1.01859163578813,0,0,0,0,0,0,0,0,0,0,0,0,0,0,0,0,0,0,0,0,0,0,0,0,0,0,0,0,0,0,0,0,0,0,0,0,0,0,0,0,0,0,0.00282942121052258,0,0,0,0,0,0,0,0,0,0.00848826363156775,0,0,0,0,0,0,0,0,0,0,0,0,0,0,0,0,0,0,0,0,0,0,0.0424413181578388,0,0,0.00282942121052258,0,0,0,0,0,0,0,0,0,0,0,0,0,0,0,0,0,0,0,0,0,0,0,0,0.0622472666314969,0,0,0,0,0,0,0,0,0,0,0,0,0,0,0,0,0,0,0,0,0,0,0,0,0,0,0,0,0,0,0,0,0,4.77026674706349,0,0,0,0,0,0,0,0,0,0,0,0,0,0,0,0,0,0,0,0,0,0,0,0,0,0,0,0,0,0,0,0,0,0,0,0,0,0,0,1.80297510145404,0,0,0,0,0,0,0,0,0,0,0,0,0,0,0,0,0,0,0,1.24458471327367,0,0,0,0,0,0,0,0,0,0,0,0,0,0,0,0,0,0,0,0,0.224649481522451,0,0,0,0,0,0,0,0,0,0,0,0,0,0,0,0,0,0,0,0,0,0,0.143341255864554,0,0,0,0,0.0509249898126809,0,0,0,0,0,0,0,0,0,0,0.307234551098688,0,0,0,0,0,0,0,0,0,0,0,0,0,0,0,0,0,0,0,0,0,0,0,0,0,0,0,0,0,0,0,0,0,0,0,0.182497668078707,0,0,0.400176918897136,0,0,0,0,0,0,0,0,0,0,0,0,0,0,0,0,0,0,0,0,0.868903692917113,0.116722873863301,0,1.70815554975118,0,0,0,2.274650934933,0,0,0,0,0,0,0,0,0,0,0,0,0,0,0,0,0,0,0,0,0,0,0,0,0,0,0,0,0,0,0,0,0,1.75379824065294,0.471445730448519,0,3.71753766846296,0,0,0,0,0,0,0,0,0,0,0,0,0,0,0,0,0,0,0,0,0,0,0,0,0,0,0,0,0,0,0,0,0,0,0,0,0,0,0,0,0,0,0,0,0,0,0,0,0,0,0,0,0,0,0,0,0,0,0.539756328525316,0,0,0,0,0,0,0,0,0,0,0,0,0,0,0,0,0,0,0,0.0871699903121249,0,0,0,0,0,0.0274332192308638,0,0,0,0,0,0,0,0,0.248156933747973,0,0,0,0,0,0,0,0,0,0,0,0,0,0,0,0,0,0,0,0,0,0,0,0,0.0281697810176619,0,0,0,0,0,0,0,0,0,0,0,0,1.09893305106092,0,0,0,0,0,0,0,0,0,0,0,0,0,0,0,0,0,0,0,0,5.70272226338318,4.21479224920733,0,0,0,0,0,0,0,0,0,0,0,0,0,0,0,0,0,0,0,0,0,0,0,0,0,0,0,0,0,0,0,0,0,0,0,0,0,0,0,0,0,0,0,0,0,0,0,0,0,0,0,0,0,0,0.110140412162358,0,0,0,0,0,0,0.110140412162358,0,0.15596177482879,0,0,0,0,0,0,0,0,0,0,0,0,0,0,0,0,0,0,0,0,3.04709710905908,0,0,0,0,0,0,0,0,0,0,0,0,0,0,0,0,0,0,0,0,0,0,0,0,0,0,0,0,0,0,0,0,0,0,0,0,0,0,0,0,0,0,0,0,0,0,2.20944625702221,0,0,0,0,0,0,0,0,0,0,0,0,0,0,0,0,0,0,0,0,0,0,0,0,0,0,0,0,0,0,0,0,0,0,0,0,0,0,0,0,0,0,2.97676252184934,0,0,0,0,0,0,0,0,0,6.53912444995802,0,0,0,0,0,0,0,0,0,0,0,0,0,0,0,0,0,0,0,0,0,0,0.467766164387973,0,0,0.0284786184133424,0,0,0,0,0,0,0,0,0,0,0,0,0,0,0,0,0,0,0,0,0,0,0,0,0.773128593974696,0,0,0,0,0,0,0,0,0,0,0,0,0,0,0,0,0,60.221401,67.50940115,60.44210098,65.5926011,70.79900122,75.28040136,79.28680134,64.92850116,74.9741012,93.97760164,78.6407013,"BAK-00138"
"329",4314,"nSPC",2012,"PRIAs","Pacific Remote Island Areas","Baker","Baker",2012,"ForereefShallow","Baker","2012-03-16","Forereef","Shallow",0.18928441,-176.48637081,3.05,15,0,3,15,61.5,0.5,0,5,NA,1.31875,0.560373605222546,2.25,2,1,0.524888962023519,0.333255898412462,48.0397670107098,6.70247598662487,55.6003878577706,1.06717777073255,0,0,0.0396118969473162,0,0,0,0,0,0,0,0,0,0.107518005999858,0,0.00282942121052258,0,0.0198059484736581,0,0,0,0,0.00282942121052258,0,0,0,0,0,0,0,0,0,0,0,0,0,0,0,0,0,0,0,0.00282942121052258,0,0,0,0,0,0,0,0,0,0,0,0,0,0,0,0,0,0,0,0,0,0,0,0,0,0,0,0,0,0,0,0,0,0,0.00565884242104517,0,0,0,0,0,0,0,0,0,0,0.00282942121052258,0,0,0,0,0,0,0,0.00282942121052258,0,0,0,0,0,0,0,0,0,0,0,0,0,0,0,0,0,0,0,0,0,0,0,0,0.00848826363156775,0,0,0,0,0,0,0,0,0,0,0,0,0,0,0,0,0,0,0,0,0,0,0,0,0,0,0,0,0,0,0,0,0,0,0,0,0,0,0,0,0,0,0,0,0,0,0,0,0,0,0,0,0,0,0.00565884242104517,0,0,0,0,0,0,0,0,0,0,0,0,0,0,0,0,0,0,0,0,0,0,0,0,0,0,0,0.0848826363156775,0,0,0,0,0,0,0,0,0,0,0,0,0,0.00282942121052258,0.00848826363156775,0.113176848420903,0,0.0282942121052258,0,0,0,0.169765272631355,0,0,0,0,0,0,0,0,0,0,0,0,0,0,0.0311236333157484,0,0,0,0,0,0,0,0,0,0,0,0,0,0,0,0,0,0,0,0,0,0,0,0,0,0,0,0,0,0,0,0,0,0,0,0,0,0,0,0,0.00282942121052258,0,0,0,0,0,0,0,0,0,0,0,0,0,0,0,0,0,0.0198059484736581,0,0,0,0,0,0,0,0,0,0,0,0,0,0,0,0,0,0,0,0.00282942121052258,0,0,0,0,0,0.00282942121052258,0,0,0,0,0,0,0,0,0,0,0,0,0,0,0,0,0,0,0,0,0,0,0,0,0,0,0,0,0,0,0,0,0,0,0,0,0,0,0,0,0,0,0,0,0,0,0,0,0,0,0,0,0,0,0,0,0,0,0,0,0,0,0,0,0,0,0,0,0.0169765272631355,0,0,0,0,0,0,0,0,0.00282942121052258,0,0,0,0,0,0,0,0,0,0,0,0,0,0,0,0,0,0,0,0,0,0,0,0,0,0,0,0,0,0,0,0,0,0,0,0,0,0,0,0,0,0,0,0,0,0.00282942121052258,0,0,0,0,0,0,0.00848826363156775,0,0.0141471060526129,0,0,0,0,0,0,0,0,0,0,0,0,0,0,0,0,0,0,0,0,0.0424413181578388,0,0,0,0.0113176848420903,0,0,0,0,0,0,0.0990297423682904,0,0,0,0,0,0,0,0,0,0.00848826363156775,0,0,0,0,0,0,0,0,0,0,0,0,0,0,0,0,0,0,0,0,0,0,0,0,0,0,0,0,0,0,0,0,0,0,0,0,0,0,0,0,0,0,0,0,0,0,0,0.00848826363156775,0,0.00282942121052258,0,0,0,0,0,0,0,0,0,0,0,0,0,0,0,0,0,0,0,0,0,0,0,0,0,0,0,0,0.00565884242104517,0,0,0,0,0,0,0,0,0,0,0,0,0,0,0,0,0,0,0,0,0,0,0.0226353696841807,0,0.00282942121052258,0.067906109052542,0,0,0,0,0,0,0,0,0,0,0,0,0,0,0,0,0.00565884242104517,0,0,0,0,0,0,0,0.169765272631355,0,0.00282942121052258,0,0,0,0,0,0,0,0,0,0,0,0,0,0,0,0,0,1.5986779467822,0,0,0,0,0,0,0,0,0,29.0604787410887,0,0.57766981722643,0,1.90712196251606,0,0,0,0,0.990574227785197,0,0,0,0,0,0,0,0,0,0,0,0,0,0,0,0,0,0,0,0.121687747422155,0,0,0,0,0,0,0,0,0,0,0,0,0,0,0,0,0,0,0,0,0,0,0,0,0,0,0,0,0,0,0,0,0,0,0.424637490375977,0,0,0,0,0,0,0,0,0,0,0.156286561899166,0,0,0,0,0,0,0,0.00610012763045208,0,0,0,0,0,0,0,0,0,0,0,0,0,0,0,0,0,0,0,0,0,0,0,0,0.0401960088433489,0,0,0,0,0,0,0,0,0,0,0,0,0,0,0,0,0,0,0,0,0,0,0,0,0,0,0,0,0,0,0,0,0,0,0,0,0,0,0,0,0,0,0,0,0,0,0,0,0,0,0,0,0,0,0.358222584828211,0,0,0,0,0,0,0,0,0,0,0,0,0,0,0,0,0,0,0,0,0,0,0,0,0,0,0,0.059129244457501,0,0,0,0,0,0,0,0,0,0,0,0,0,0.0100874715797333,0.289851001764112,0.0815212839175767,0,0.058680399260142,0,0,0,0.352651672223623,0,0,0,0,0,0,0,0,0,0,0,0,0,0,7.86092890168187,0,0,0,0,0,0,0,0,0,0,0,0,0,0,0,0,0,0,0,0,0,0,0,0,0,0,0,0,0,0,0,0,0,0,0,0,0,0,0,0,0.099926991975466,0,0,0,0,0,0,0,0,0,0,0,0,0,0,0,0,0,0.246852504708498,0,0,0,0,0,0,0,0,0,0,0,0,0,0,0,0,0,0,0,0.0682112336509005,0,0,0,0,0,0.0192672266751746,0,0,0,0,0,0,0,0,0,0,0,0,0,0,0,0,0,0,0,0,0,0,0,0,0,0,0,0,0,0,0,0,0,0,0,0,0,0,0,0,0,0,0,0,0,0,0,0,0,0,0,0,0,0,0,0,0,0,0,0,0,0,0,0,0,0,0,0,3.8384728328173,0,0,0,0,0,0,0,0,0.252155334786203,0,0,0,0,0,0,0,0,0,0,0,0,0,0,0,0,0,0,0,0,0,0,0,0,0,0,0,0,0,0,0,0,0,0,0,0,0,0,0,0,0,0,0,0,0,0.0126222754078381,0,0,0,0,0,0,0.424961970048053,0,2.566473522099,0,0,0,0,0,0,0,0,0,0,0,0,0,0,0,0,0,0,0,0,0.327656157740877,0,0,0,0.0288836753551669,0,0,0,0,0,0,0.187212493746848,0,0,0,0,0,0,0,0,0,0.0149936688788013,0,0,0,0,0,0,0,0,0,0,0,0,0,0,0,0,0,0,0,0,0,0,0,0,0,0,0,0,0,0,0,0,0,0,0,0,0,0,0,0,0,0,0,0,0,0,0,0.915512015606236,0,0.403077286651366,0,0,0,0,0,0,0,0,0,0,0,0,0,0,0,0,0,0,0,0,0,0,0,0,0,0,0,0,1.06717777073255,0,0,0,0,0,0,0,0,0,0,0,0,0,0,0,0,0,0,0,0,0,0,0.156691915421033,0,0.0183963454692631,0.255610909036499,0,0,0,0,0,0,0,0,0,0,0,0,0,0,0,0,0.00357497369949528,0,0,0,0,0,0,0,0.623560578770414,0,0.114592983211246,0,0,0,0,0,0,0,0,0,0,0,0,0,0,0,72.3991012,80.35600135,97.89580163,79.89250135,73.97260129,70.88490134,80.21690138,88.14370152,76.66670125,98.51680165,71.86540119,"BAK-00242"
"330",4316,"nSPC",2012,"PRIAs","Pacific Remote Island Areas","Baker","Baker",2012,"ForereefMid","Baker","2012-03-16","Forereef","Mid",0.18842954,-176.48042268,9.5,32.5,0,20,32.5,14,1,0,0,NA,0.72,0.331435427159047,1.3,2,1,26.6342480564175,8.63400556206436,26.2396119983858,13.5547013307977,75.0625669476653,5.4209361531764,0,0,0,0,0,0,0,0,0,0,0,0,0,0,0.00282942121052258,0,0.0481001605788839,0,0,0,0,0,0,0,0,0,0,0,0,0,0,0,0,0,0,0,0,0,0,0,0.00282942121052258,0,0,0,0,0,0,0,0,0,0,0,0,0,0,0,0.00565884242104517,0,0,0,0,0,0,0,0,0.00565884242104517,0,0,0,0,0,0,0,0,0,0,0.00848826363156775,0,0,0,0,0,0,0,0,0,0,0,0,0,0,0,0,0,0,0,0,0,0,0,0.00282942121052258,0,0,0,0,0,0,0,0,0,0,0,0,0,0,0,0.00282942121052258,0,0,0,0.0396118969473162,0,0,0,0,0.0650766878420194,0.0113176848420903,0,0,0,0,0,0,0,0,0,0.00848826363156775,0,0.565884242104517,0,0,0,0,0,0,0,0,0,0,0,0,0,0,0,0,0,0,0,0,0,0,0,0,0,0,0,0,0,0,0,0,0,0.0282942121052258,0,0,0,0,0,0,0,0,0,0,0,0,0,0,0,0,0,0,0,0,0,0,0,0,0,0,0,0,0,0,0.565884242104517,0,0,0,0,0.0113176848420903,0,0,0,0,0,0,0,0,0,0,0,0,0,0,0,0,0,0,0,0,0,0,0,0,0,0,0,0,0.0650766878420194,0.00282942121052258,0,0.0311236333157484,0,0,0,0,0,0,0,0,0,0,0,0,0,0,0,0,0,0,0,0,0,0,0,0,0,0,0,0,0,0,0,0,0,0,0,0,0,0,0,0,0,0,0,0,0,0,0,0,0,0,0,0,0,0,0,0,0,0,0.0282942121052258,0,0.00565884242104517,0,0,0,0,0,0,0,0,0.00282942121052258,0,0,0,0,0,0,0,0,0,0,0,0,0,0,0.0254647908947033,0,0,0,0,0,0,0,0,0,0,0,0,0,0,0,0,0,0,0,0,0,0,0,0,0,0,0,0,0,0,0,0,0,0.00848826363156775,0,0,0,0.00282942121052258,0,0,0,0,0,0,0,0,0,0,0,0,0.00565884242104517,0,0,0,0,0,0.848826363156775,0,0,0,0,0,0,0,0,0,0,0.00848826363156775,0.0311236333157484,0.00282942121052258,0,0,0,0,0,0,0,0,0,0,0,0,0,0,0,0,0,0,0,0,0,0,0.00565884242104517,0,0,0,0,0,0,0,0,0,0,0,0,0,0,0,0,0,0,0.00565884242104517,0,0,0,0,0,0,0,0,0,0,0.00565884242104517,0.0141471060526129,0,0,0,0,0,0.00282942121052258,0.00565884242104517,0,0.00282942121052258,0,0.0113176848420903,0,0,0,0,0,0,0,0,0,0,0,0,0,0,0,0,0,0,0.107518005999858,0,0,0,0,0.0282942121052258,0,0,0,0,0,0,0,0,0,0,0,0,0,0,0,0.00282942121052258,0,0,0,0,0,0,0,0,0,0,0,7.35649514735872,0,0,0,0,0,0,0,0.0254647908947033,0,0,0,0.00282942121052258,0.0169765272631355,0,0,0,0,0,0,0,0,0,0,0,0,0,0,0,0,0,0,0,0,0,0,0,0,0,0,0,0,0,0,0,0,0,0,0.00848826363156775,0,0,0,0,0,0,0,0,0,0,0,0,0,0.00282942121052258,0,0,0,0,0.00282942121052258,0,0,0,0,0.00282942121052258,0,0,0,0,0,0,0,0,0,0,0,0,0,0,0,0,0,0.0396118969473162,0,0,0.00848826363156775,0,0,0,0,0,0,0,0,0,0,0,0,0,0,0,0,0.0113176848420903,0,0,0,0,0,0,0.00282942121052258,0.0198059484736581,0,0,0,0,0,0,0,0,0,0,0,0,0.00565884242104517,0,0.00565884242104517,0.0169765272631355,0,0,0,0,0,0,0,0,0,0,0,0,0,0,0,0.988253693645392,0,4.17458632277706,0,0,0,0,0,0,0,0,0,0,0,0,0,0,0,0,0,0,0,0,0,0,0,0.258981510477838,0,0,0,0,0,0,0,0,0,0,0,0,0,0,0,2.24727204058938,0,0,0,0,0,0,0,0,0.409765518469415,0,0,0,0,0,0,0,0,0,0,0.818890641863293,0,0,0,0,0,0,0,0,0,0,0,0,0,0,0,0,0,0,0,0,0,0,0,0.49283255281021,0,0,0,0,0,0,0,0,0,0,0,0,0,0,0,0.645366508516866,0,0,0,0.259885172500209,0,0,0,0,0.227330798151069,4.07946447893565,0,0,0,0,0,0,0,0,0,0.582213036511265,0,0.255496735310189,0,0,0,0,0,0,0,0,0,0,0,0,0,0,0,0,0,0,0,0,0,0,0,0,0,0,0,0,0,0,0,0,0,0.0467194030281489,0,0,0,0,0,0,0,0,0,0,0,0,0,0,0,0,0,0,0,0,0,0,0,0,0,0,0,0,0,0,0.934388060562978,0,0,0,0,0.100131264560234,0,0,0,0,0,0,0,0,0,0,0,0,0,0,0,0,0,0,0,0,0,0,0,0,0,0,0,0,2.94092380186985,0.0749813966992483,0,2.1264564974115,0,0,0,0,0,0,0,0,0,0,0,0,0,0,0,0,0,0,0,0,0,0,0,0,0,0,0,0,0,0,0,0,0,0,0,0,0,0,0,0,0,0,0,0,0,0,0,0,0,0,0,0,0,0,0,0,0,0,0.521033388233811,0,2.74997280576811,0,0,0,0,0,0,0,0,1.28342546109304,0,0,0,0,0,0,0,0,0,0,0,0,0,0,0.289422344450718,0,0,0,0,0,0,0,0,0,0,0,0,0,0,0,0,0,0,0,0,0,0,0,0,0,0,0,0,0,0,0,0,0,0.0424442808499074,0,0,0,0.0027012170491327,0,0,0,0,0,0,0,0,0,0,0,0,13.8209540311052,0,0,0,0,0,0.520975668651102,0,0,0,0,0,0,0,0,0,0,1.16215035636401,5.17484629108262,4.53004904401939,0,0,0,0,0,0,0,0,0,0,0,0,0,0,0,0,0,0,0,0,0,0,3.07418080791598,0,0,0,0,0,0,0,0,0,0,0,0,0,0,0,0,0,0,0.852762936886975,0,0,0,0,0,0,0,0,0,0,0.365919792949527,0.294016665053708,0,0,0,0,0,0.141445360875306,0.718214540073077,0,0.270444201148021,0,0.604158326340448,0,0,0,0,0,0,0,0,0,0,0,0,0,0,0,0,0,0,0.540704418055802,0,0,0,0,0.259675620603492,0,0,0,0,0,0,0,0,0,0,0,0,0,0,0,1.07954415927369,0,0,0,0,0,0,0,0,0,0,0,4.74304931667774,0,0,0,0,0,0,0,0.0660573652335865,0,0,0,0.200035814642207,0.109914711345175,0,0,0,0,0,0,0,0,0,0,0,0,0,0,0,0,0,0,0,0,0,0,0,0,0,0,0,0,0,0,0,0,0,0,1.30192308519896,0,0,0,0,0,0,0,0,0,0,0,0,0,1.1816962596789,0,0,0,0,2.22128593303189,0,0,0,0,2.01795396046562,0,0,0,0,0,0,0,0,0,0,0,0,0,0,0,0,0,0.493403396891747,0,0,0.0854358552400272,0,0,0,0,0,0,0,0,0,0,0,0,0,0,0,0,0.0183318200229758,0,0,0,0,0,0,0.586256074820279,0.209623329223987,0,0,0,0,0,0,0,0,0,0,0,0,0.666227061634587,0,0.403241255250868,0.795150555773877,0,50.71810083,50.15800084,50.2573008,53.99920093,60.51810106,55.50430103,58.69010099,57.32850103,60.58700099,81.05470139,53.23320086,"BAK-00153"
"331",4320,"nSPC",2012,"PRIAs","Pacific Remote Island Areas","Baker","Baker",2012,"ForereefDeep","Baker","2012-03-17","Forereef","Deep",0.19907339,-176.48478094,25.55,12.5,0,7.5,27.5,32.5,0,0,20,NA,0.485,0.323513596426852,1.25,2,1,46.3427358756165,120.76429026001,13.0936805541466,10.8476772628998,191.048383952673,1.59613984967162,0,0,0,0,0,0,0,0,0,0,0,0,0,0,0,0,0.00282942121052258,0,0,0,0,0,0,0,0,0,0,0,0,0,0,0,0,0,0,0,0,0,0,0,0,0,0,0,0,0,0,0,0,0,0,0,0.113176848420903,0,0,0,0.00848826363156775,0.00565884242104517,0,0,0,0,0,0,0,0,0,0,0,0,0,0,0,0,0,0,0.0198059484736581,0,0,0,0,0,0,0,0,0.00282942121052258,0,0,0,0,0,0,0,0,0,0,0,0,0,0,0,0,0,0,0,0,0,0,0,0,0,0.424413181578388,0,0,0,0,0,0,0,0,0.00282942121052258,0,0,0,0,0.0226353696841807,0.0198059484736581,0,0,0,0,0,0,0,0,0,0.00565884242104517,0,0,0,0,0,0,0,0,0,0,0,0,0,0,0,0,0,0,0,0,0,0,0,0,0,0,0,0,0,0,0,0,0,0,0,0.0735649514735872,0,0,0,0,0,0,0,0,0,0,0,0,0,0,0,0,0,0,0,0,0,0,0,0,0,0,0,0,0,0,0,0,0,0,0,0,0,0,0,0,0,0,0,0,0,0,0,0,0,0,0,0,0,0,0,0,0,0,0,0,0,0,0,0,0.0226353696841807,0.00282942121052258,0,0.0169765272631355,0,0,0,0,0,0,0,0,0,0,0,0,0,0,0,0,0,0,0,0,0,0,0,0,0,0,0,0,0,0,0,0,0,0,0,0,0,0,0,0,0,0,0,0,0,0,0,0,0,0,0,0,0,0,0,0,0,0,0,0,0.00282942121052258,0,0,0,0,0.00282942121052258,0,0,0,0,0,0,0,0,0,0,0,0,0,0,0,0,0,0,0.0113176848420903,0,0,0,0,0,0,0,0,0,0,0,0,0,0,0,0,0,0,0,0,0,0,0,0,0,0,0,0,0,0,0,0,0,0.00565884242104517,0,0,0,0.00565884242104517,0,0,0,0,0,0,0,0,0,0,0,0,0.0113176848420903,0,0,0,0.00282942121052258,0,8.48826363156775,0,0,0,0,0,0,0,0,0,0,0,0.00848826363156775,0,0,0,0,0,0,0,0,0.0481001605788839,0,0.0282942121052258,0,0,0,0,0.033953054526271,0,0,0,0,0,0,0.00565884242104517,0.0198059484736581,0,0,0,0,0,0,0.00848826363156775,0,0,0,0,0,0,0,0,0,0,0,0,0,0,0,0,0,0,0,0,0,0,0,0,0,0,0,0,0,0.00848826363156775,0.00282942121052258,0,0.00282942121052258,0,0,0,0,0,0,0,0,0,0,0,0,0,0.0282942121052258,0,0,0,0,0,0,0,0,0,0,0,0,0,0,0,0,0,0,0,0,0,0.00565884242104517,0,0,0,0,0,0.00282942121052258,0,0,0,0,0,0,0,0,0,0,0,7.07355302630646,0,0,0,0,0,0,0,0,0,0,0,0,0.0113176848420903,0.282942121052258,0,0,0,0,0,0,0,0,0,0,0,0,0,0,0,0,0,0,0,0,0,0,0,0,0,0,0,0,0,0,0,0,0,0.0113176848420903,0,0,0,0,0,0,0,0,0,0,0,0,0,0,0,0,0,0,0,0,0,0,0,0.00565884242104517,0,0,0,0,0,0,0,0,0,0,0,0,0,0,0,0,0,0,0,0,0,0,0,0,0,0,0.00282942121052258,0,0,0,0,0,0,0,0,0,0,0,0,0,0,0,0,0,0,0.00565884242104517,0,0,0,0,0,0,0.00565884242104517,0,0,0,0,0,0,0,0.00565884242104517,0.00565884242104517,0,0,0,0,0,0,0,0,0,0,0,0,0,0,0,0,0,0.364620077229373,0,0,0,0,0,0,0,0,0,0,0,0,0,0,0,0,0,0,0,0,0,0,0,0,0,0,0,0,0,0,0,0,0,0,0,0.32445234419041,0,0,0,2.29780691811992,0.409765518469415,0,0,0,0,0,0,0,0,0,0,0,0,0,0,0,0,0,0,3.3302708112656,0,0,0,0,0,0,0,0,0.191525483086802,0,0,0,0,0,0,0,0,0,0,0,0,0,0,0,0,0,0,0,0,0,0,0,0,0,79.0289477220636,0,0,0,0,0,0,0,0,0.0133986696144496,0,0,0,0,0.0643404015567509,5.05428321314085,0,0,0,0,0,0,0,0,0,0.468146798951166,0,0,0,0,0,0,0,0,0,0,0,0,0,0,0,0,0,0,0,0,0,0,0,0,0,0,0,0,0,0,0,0,0,0,0,0.103220681065316,0,0,0,0,0,0,0,0,0,0,0,0,0,0,0,0,0,0,0,0,0,0,0,0,0,0,0,0,0,0,0,0,0,0,0,0,0,0,0,0,0,0,0,0,0,0,0,0,0,0,0,0,0,0,0,0,0,0,0,0,0,0,0,0,1.1559795098489,0.0543404474896412,0,0.841680277176615,0,0,0,0,0,0,0,0,0,0,0,0,0,0,0,0,0,0,0,0,0,0,0,0,0,0,0,0,0,0,0,0,0,0,0,0,0,0,0,0,0,0,0,0,0,0,0,0,0,0,0,0,0,0,0,0,0,0,0,0,1.44036835932625,0,0,0,0,0.276867360593959,0,0,0,0,0,0,0,0,0,0,0,0,0,0,0,0,0,0,0.0436523104359424,0,0,0,0,0,0,0,0,0,0,0,0,0,0,0,0,0,0,0,0,0,0,0,0,0,0,0,0,0,0,0,0,0,0.027397062361695,0,0,0,0.0157022352255223,0,0,0,0,0,0,0,0,0,0,0,0,27.5351166042718,0,0,0,1.43180650607403,0,3.20182963025157,0,0,0,0,0,0,0,0,0,0,0,2.07065362841758,0,0,0,0,0,0,0,0,6.14816265764551,0,3.59167970498281,0,0,0,0,2.83174392207422,0,0,0,0,0,0,8.71637864546885,6.23063115508617,0,0,0,0,0,0,14.7426384303622,0,0,0,0,0,0,0,0,0,0,0,0,0,0,0,0,0,0,0,0,0,0,0,0,0,0,0,0,0,0.361726185200021,0.221217541251428,0,0.0996797704553307,0,0,0,0,0,0,0,0,0,0,0,0,0,2.19465753846911,0,0,0,0,0,0,0,0,0,0,0,0,0,0,0,0,0,0,0,0,0,0.00325728001870975,0,0,0,0,0,0.455432692193589,0,0,0,0,0,0,0,0,0,0,0,3.33750037729612,0,0,0,0,0,0,0,0,0,0,0,0,0.0916457227197369,0.134758311123485,0,0,0,0,0,0,0,0,0,0,0,0,0,0,0,0,0,0,0,0,0,0,0,0,0,0,0,0,0,0,0,0,0,2.19097023674755,0,0,0,0,0,0,0,0,0,0,0,0,0,0,0,0,0,0,0,0,0,0,0,1.59613984967162,0,0,0,0,0,0,0,0,0,0,0,0,0,0,0,0,0,0,0,0,0,0,0,0,0,0,0.356425585194983,0,0,0,0,0,0,0,0,0,0,0,0,0,0,0,0,0,0,0.0402728497420942,0,0,0,0,0,0,7.25539638868708,0,0,0,0,0,0,0,0.347396272023991,0.354500266031522,0,83.31210146,95.97930164,101.9073018,89.8669015,90.15670153,99.13330177,90.00320154,84.80300143,102.0287017,74.4818013,99.86290171,"BAK-00230"
"332",4321,"nSPC",2012,"PRIAs","Pacific Remote Island Areas","Baker","Baker",2012,"ForereefMid","Baker","2012-03-17","Forereef","Mid",0.1954804,-176.48669486,12.3,20,0,5,12.5,60,2.5,0,0,NA,0.70875,0.467556497420185,2.5,2,1,12.0533903796836,18.2794762129862,81.990031182012,16.5444389649786,128.86733673966,12.7288027208286,0,0,0,0,0,0,0,0,0,0,0,0,0.0141471060526129,0,0.00565884242104517,0,0.0622472666314969,0,0.00282942121052258,0,0,0.00282942121052258,0,0,0,0,0.848826363156775,0,0,0,0,0,0,0,0,0,0,0,0,0,0,0,0,0,0,0,0,0,0,0,0,0,0,0,0,0,0.00848826363156775,0,0,0,0,0,0,0,0,0.00565884242104517,0,0,0,0,0,0,0,0,0,0,0.0169765272631355,0,0,0,0,0,0,0,0,0,0,0,0,0,0,0,0,0,0,0,0,0,0,0,0,0,0,0,0,0,0,0,0,0,0,0,0,0,0,0,0.00282942121052258,0,0,0,0.0311236333157484,0,0,0,0,0.0282942121052258,0.0198059484736581,0,0,0,0,0,0,0,0,0,0.0113176848420903,0,0,0,0.848826363156775,0,0,0,0,0,0,0,0,0,0,0,0,0,0,0,0,0,0,0,0,0,0,0,0,0,0,0,0,0,0,0.0113176848420903,0.0424413181578388,0,0,0.00565884242104517,0,0,0,0,0,0,0,0,0,0,0,0,0,0,0,0,0,0,0,0,0,0,0,0,0,0,0,0.0848826363156775,0,0,0,0,0.00848826363156775,0,0,0,0,0,0,0,0,0,0,0,0,0,0,0,0,0,0,0.00282942121052258,0,0.00565884242104517,0,0,0,0,0,0,0,0.0169765272631355,0,0,0.0452707393683613,0,0.00282942121052258,0,0,0,0,0,0.0396118969473162,0,0,0,0,0,0,0,0,0,0,0,0,0,0,0,0,0,0,0,0,0,0,0,0,0,0,0.00282942121052258,0,0,0,0,0,0,0,0,0,0,0,0,0,0,0,0,0,0,0,0.0141471060526129,0,0,0,0.00565884242104517,0,0,0,0,0,0,0,0,0,0,0,0,0,0,0,0,0,0,0,0.00565884242104517,0,0,0,0,0,0.0226353696841807,0,0,0,0,0,0,0,0,0,0,0,0,0,0,0,0,0,0,0,0,0,0,0,0,0,0,0,0,0,0,0,0,0.00282942121052258,0.0198059484736581,0,0,0,0.00848826363156775,0,0,0,0,0,0,0,0,0,0,0,0,0.00282942121052258,0,0,0,0,0,4.24413181578388,0,0,0,0,0,0,0,0,0,0,0,0.0141471060526129,0,0,0,0,0,0,0,0,0.0877120575262001,0,0.0198059484736581,0,0,0,0,0,0,0,0,0,0,0,0,0.00848826363156775,0,0,0,0,0,0,0,0,0,0,0,0,0,0,0,0,0,0,0.00282942121052258,0,0,0,0,0,0,0,0,0,0,0,0.00848826363156775,0,0,0,0,0,0.0113176848420903,0,0.00282942121052258,0.0282942121052258,0,0.00565884242104517,0,0,0,0,0,0,0,0,0,0,0,0,0,0,0,0,0,0,0.0594178454209743,0,0,0,0,0.0226353696841807,0,0,0,0,0,0,0,0,0,0,0,0,0,0,0,0,0,0,0,0,0,0,0,0,0,0,0,5.09295817894065,0,0,0,0,0,0,0,0,0,0,0,0.00282942121052258,0.0141471060526129,0,0,0,0,0,0,0,0,0,0,0,0,0,0,0,0,0,0,0,0,0,0,0,0,0,0.00282942121052258,0,0,0,0,0,0,0,0,0.0141471060526129,0,0,0,0,0,0,0,0,0.00848826363156775,0,0,0,0,0,0,0,0,0,0.00565884242104517,0,0,0,0,0,0,0,0,0,0,0,0,0,0,0,0,0,0,0,0,0,0,0.0424413181578388,0,0.00282942121052258,0,0,0,0,0,0,0,0,0,0,0,0,0,0,0,0,0,0.0141471060526129,0,0,0,0,0,0,0,0.00565884242104517,0,0,0,0,0,0,0,0,0,0,0,0,0.00848826363156775,0,0,0.0169765272631355,0.00282942121052258,0,0,0,0,0,0,0,0,0,0,0,0,2.55862668259777,0,0.903784364603677,0,4.51623619822964,0,0.361348519144622,0,0,1.27795397163269,0,0,0,0,39.3537471384427,0,0,0,0,0,0,0,0,0,0,0,0,0,0,0,0,0,0,0,0,0,0,0,0,0,0,0,0,0,2.51073076718598,0,0,0,0,0,0,0,0,0.501425582255102,0,0,0,0,0,0,0,0,0,0,1.63778128372659,0,0,0,0,0,0,0,0,0,0,0,0,0,0,0,0,0,0,0,0,0,0,0,0,0,0,0,0,0,0,0,0,0,0,0,0,0,0,0,2.142852658729,0,0,0,0.120107956976231,0,0,0,0,0.0928535089256563,4.34749652510398,0,0,0,0,0,0,0,0,0,1.09991394165031,0,0,0,0.442803028340931,0,0,0,0,0,0,0,0,0,0,0,0,0,0,0,0,0,0,0,0,0,0,0,0,0,0,0,0,0,0,0.640211246681923,0.12555839563815,0,0,0.056291121618752,0,0,0,0,0,0,0,0,0,0,0,0,0,0,0,0,0,0,0,0,0,0,0,0,0,0,0,0.059129244457501,0,0,0,0,0.0750984484201752,0,0,0,0,0,0,0,0,0,0,0,0,0,0,0,0,0,0,1.20032514981231,0,0.119480417586903,0,0,0,0,0,0,0,1.16927587052922,0,0,8.39354028066542,0,0.939604417947515,0,0,0,0,0,0.519699854441552,0,0,0,0,0,0,0,0,0,0,0,0,0,0,0,0,0,0,0,0,0,0,0,0,0,0,0.500365460384772,0,0,0,0,0,0,0,0,0,0,0,0,0,0,0,0,0,0,0,0.802774315717351,0,0,0,0.113834916046119,0,0,0,0,0,0,0,0,0,0,0,0,0,0,0,0,0,0,0,0.371406399969705,0,0,0,0,0,0.13641347011232,0,0,0,0,0,0,0,0,0,0,0,0,0,0,0,0,0,0,0,0,0,0,0,0,0,0,0,0,0,0,0,0,0.0119901315272546,0.0793078840687289,0,0,0,0.0359703945817637,0,0,0,0,0,0,0,0,0,0,0,0,1.28655221121667,0,0,0,0,0,1.60091481512578,0,0,0,0,0,0,0,0,0,0,0,3.45108938069597,0,0,0,0,0,0,0,0,12.654419366721,0,2.51417579348797,0,0,0,0,0,0,0,0,0,0,0,0,2.81927641495338,0,0,0,0,0,0,0,0,0,0,0,0,0,0,0,0,0,0,0.196364095547236,0,0,0,0,0,0,0,0,0,0,0,0.0930529059228535,0,0,0,0,0,0.165478815412922,0,0.247609740984281,3.06368675608596,0,0.133734541930692,0,0,0,0,0,0,0,0,0,0,0,0,0,0,0,0,0,0,0.742470622965692,0,0,0,0,0.216913145335848,0,0,0,0,0,0,0,0,0,0,0,0,0,0,0,0,0,0,0,0,0,0,0,0,0,0,0,2.32268318940283,0,0,0,0,0,0,0,0,0,0,0,0.0892197389045876,0.0557988806878136,0,0,0,0,0,0,0,0,0,0,0,0,0,0,0,0,0,0,0,0,0,0,0,0,0,0.694442091352022,0,0,0,0,0,0,0,0,2.45977656943204,0,0,0,0,0,0,0,0,8.45832829156217,0,0,0,0,0,0,0,0,0,4.2704744292664,0,0,0,0,0,0,0,0,0,0,0,0,0,0,0,0,0,0,0,0,0,0,1.20646378738322,0,0.0183963454692631,0,0,0,0,0,0,0,0,0,0,0,0,0,0,0,0,0,0.0167996884374778,0,0,0,0,0,0,0,0.0402728497420942,0,0,0,0,0,0,0,0,0,0,0,0,0.733682755426217,0,0,1.11424047520939,0.983079493246332,63.71500113,69.21560117,84.99850145,72.36030121,66.90730113,53.09690101,64.98520111,67.42490116,67.23950115,57.28650095,70.84250121,"BAK-00175"
"333",4322,"nSPC",2012,"PRIAs","Pacific Remote Island Areas","Baker","Baker",2012,"ForereefShallow","Baker","2012-03-17","Forereef","Shallow",0.19495561,-176.48664432,4.85,6.5,0,0.5,15.5,77.5,0,0,0,NA,0.98875,0.747242259930118,3,2,1,23.1256853656307,1.49542062101267,76.1157308030526,16.6835900732701,117.420426862966,18.4853434933903,0,0,0,0,0,0,0,0,0.00282942121052258,0,0,0,0.0367824757367936,0,0.00565884242104517,0,0.0113176848420903,0,0,0,0,0.00282942121052258,0,0,0,0,0.67906109052542,0,0,0,0,0,0.00282942121052258,0,0,0,0,0,0,0,0,0,0,0,0,0,0,0,0,0,0,0,0,0,0,0,0,0,0,0,0,0,0,0,0,0.00565884242104517,0,0,0,0.00282942121052258,0,0,0,0,0,0,0,0,0,0,0,0,0,0,0,0,0,0,0,0,0,0,0,0,0,0,0,0,0,0,0,0,0,0,0,0,0,0,0,0,0,0,0,0,0,0,0.00848826363156775,0,0,0,0.00848826363156775,0,0,0,0,0,0,0,0,0,0,0,0,0,0,0,0.00848826363156775,0,0,0,0,0,0,0,0,0,0,0,0,0,0,0,0,0,0,0,0,0,0,0,0,0,0,0,0,0,0,0,0,0,0,0.00565884242104517,0,0,0,0,0,0,0,0,0,0,0,0,0,0,0,0,0,0,0,0,0,0,0,0,0,0,0,0,0,0,0,0.198059484736581,0,0,0,0,0,0,0,0,0,0,0,0,0,0.0141471060526129,0,0,0,0,0,0,0,0,0,0.00282942121052258,0,0,0,0,0,0,0,0,0,0,0,0,0.0537590029999291,0,0.0141471060526129,0,0,0,0,0,0,0,0,0,0,0,0,0,0,0,0,0,0,0,0,0,0,0,0,0,0,0.00282942121052258,0,0,0,0,0,0,0,0,0,0,0,0,0,0,0,0,0,0,0,0,0,0,0,0,0,0,0,0,0,0,0,0,0,0,0,0,0,0,0,0,0,0,0,0,0,0,0,0,0,0.00282942121052258,0,0,0,0,0,0.0141471060526129,0,0,0,0,0,0,0,0,0,0,0,0,0,0,0,0,0,0,0,0,0,0,0,0,0,0,0,0,0,0,0,0,0,0,0,0,0,0.00848826363156775,0,0,0,0,0,0,0,0,0,0,0,0,0.00565884242104517,0,0,0,0,0,0,0,0,0,0.00282942121052258,0,0,0,0,0,0,0,0.00565884242104517,0,0,0,0,0,0,0,0,0,0,0,0,0,0,0,0,0,0,0,0,0,0,0,0,0,0,0,0,0,0,0,0,0,0,0,0,0,0,0,0,0,0,0,0,0,0,0,0,0,0,0,0,0,0,0.0141471060526129,0,0,0,0,0,0.0113176848420903,0,0.00282942121052258,0.00565884242104517,0,0,0,0,0,0,0,0,0,0,0,0,0,0,0,0,0,0,0,0,0.0226353696841807,0,0,0,0.0565884242104517,0,0,0,0,0,0,0,0,0,0,0,0,0,0,0,0,0,0,0,0,0,0,0,0,0,0,0,0,0.848826363156775,0,0,0,0,0,0,0,0,0,0,0,0,0,0,0,0,0,0,0,0,0,0,0,0,0,0,0,0,0,0,0,0,0,0,0,0,0,0.00282942121052258,0,0,0,0,0,0,0,0,0,0,0,0,0,0,0,0,0,0,0.0254647908947033,0,0,0,0,0,0,0,0,0,0.00565884242104517,0,0,0,0,0.0113176848420903,0,0,0,0,0,0,0,0,0,0,0,0,0,0,0,0,0,0.0169765272631355,0,0.00565884242104517,0,0,0.0424413181578388,0,0,0,0,0.00565884242104517,0,0,0,0,0,0,0,0,0,0.141471060526129,0,0,0,0,0,0,0,0.0707355302630646,0,0,0,0,0,0,0,0.00565884242104517,0,0,0,0,0,0,0,0.0141471060526129,0,0,0,0,0,0,0,0,0,1.24427368160406,0,0,0,5.56354038459583,0,1.02446813239064,0,1.37156799249432,0,0,0,0,0.468452961248233,0,0,0,0,34.0707355427221,0,0,0,0,0,0.0210056230669197,0,0,0,0,0,0,0,0,0,0,0,0,0,0,0,0,0,0,0,0,0,0,0,0,0,0,0,0,0,0,0,0,0.409765518469415,0,0,0,12.3947791080678,0,0,0,0,0,0,0,0,0,0,0,0,0,0,0,0,0,0,0,0,0,0,0,0,0,0,0,0,0,0,0,0,0,0,0,0,0,0,0,0,0,0,0,0,0,0,6.54326707993545,0,0,0,0.0618871482127232,0,0,0,0,0,0,0,0,0,0,0,0,0,0,0,0.593192623912715,0,0,0,0,0,0,0,0,0,0,0,0,0,0,0,0,0,0,0,0,0,0,0,0,0,0,0,0,0,0,0,0,0,0,0.54947018315172,0,0,0,0,0,0,0,0,0,0,0,0,0,0,0,0,0,0,0,0,0,0,0,0,0,0,0,0,0,0,0,0.246006856570097,0,0,0,0,0,0,0,0,0,0,0,0,0,0.0621860920724924,0,0,0,0,0,0,0,0,0,0.0437903645855563,0,0,0,0,0,0,0,0,0,0,0,0,6.85996274572969,0,3.63898403211804,0,0,0,0,0,0,0,0,0,0,0,0,0,0,0,0,0,0,0,0,0,0,0,0,0,0,0.540842917460736,0,0,0,0,0,0,0,0,0,0,0,0,0,0,0,0,0,0,0,0,0,0,0,0,0,0,0,0,0,0,0,0,0,0,0,0,0,0,0,0,0,0,0,0,0,0,0,0,0,0.236265071445519,0,0,0,0,0,0.023519563812469,0,0,0,0,0,0,0,0,0,0,0,0,0,0,0,0,0,0,0,0,0,0,0,0,0,0,0,0,0,0,0,0,0,0,0,0,0,0.0235533528382835,0,0,0,0,0,0,0,0,0,0,0,0,15.1660666493818,0,0,0,0,0,0,0,0,0,0.0146825995367817,0,0,0,0,0,0,0,1.44313120613547,0,0,0,0,0,0,0,0,0,0,0,0,0,0,0,0,0,0,0,0,0,0,0,0,0,0,0,0,0,0,0,0,0,0,0,0,0,0,0,0,0,0,0,0,0,0,0,0,0,0,0,0,0,0,0.155088176538089,0,0,0,0,0,0.282316094939951,0,0.432260562007431,0.655071665312479,0,0,0,0,0,0,0,0,0,0,0,0,0,0,0,0,0,0,0,0,0.110329370471626,0,0,0,0.215817639598792,0,0,0,0,0,0,0,0,0,0,0,0,0,0,0,0,0,0,0,0,0,0,0,0,0,0,0,0,0.219786610212184,0,0,0,0,0,0,0,0,0,0,0,0,0,0,0,0,0,0,0,0,0,0,0,0,0,0,0,0,0,0,0,0,0,0,0,0,0,0.403077286651366,0,0,0,0,0,0,0,0,0,0,0,0,0,0,0,0,0,0,7.2165864160931,0,0,0,0,0,0,0,0,0,6.50510853001346,0,0,0,0,4.76364854728378,0,0,0,0,0,0,0,0,0,0,0,0,0,0,0,0,0,0.0791415969328473,0,0.128817269181631,0,0,0.829967358660368,0,0,0,0,0.59741881308466,0,0,0,0,0,0,0,0,0,0.44754369997441,0,0,0,0,0,0,0,0.626116960834121,0,0,0,0,0,0,0,0.162658306798967,0,0,0,0,0,0,0,0.974274526817888,0,59.71180104,67.93220114,83.52470143,70.78270119,62.39250107,52.02680099,63.10550108,64.4933011,64.1614011,56.45660093,68.74260116,"BAK-00145"
"334",4323,"nSPC",2012,"PRIAs","Pacific Remote Island Areas","Baker","Baker",2012,"ForereefMid","Baker","2012-03-17","Forereef","Mid",0.2000057,-176.48406537,12.15,22.5,0,7.5,17.5,52.5,0,0,0,NA,0.75125,0.510245272365475,2,2,1,19.9310496214666,28.385756348661,23.1617247089468,16.0202130242723,87.4987437033468,3.98030189423122,0,0,0,0,0,0,0,0,0,0,0,0,0,0,0.00565884242104517,0,0.0169765272631355,0,0,0,0,0,0,0,0,0,0,0,0,0,0.00282942121052258,0,0,0,0,0,0,0,0,0,0,0,0,0,0,0,0,0,0,0,0,0,0,0,0,0,0.0113176848420903,0,0,0,0,0,0,0,0,0,0,0,0,0,0,0,0,0.00282942121052258,0,0,0.0113176848420903,0,0,0,0,0,0,0,0,0.00565884242104517,0,0,0,0,0,0,0,0,0,0,0,0,0,0,0.00282942121052258,0,0,0,0,0,0,0,0,0,0,0.0282942121052258,0,0,0,0,0.00565884242104517,0,0,0,0.0141471060526129,0,0,0,0,0.0198059484736581,0.0169765272631355,0,0,0,0,0,0,0,0,0,0,0,0.0707355302630646,0,0,0,0,0,0,0,0,0,0,0,0,0,0,0,0,0,0,0,0,0,0,0,0,0,0,0,0,0,0,0,0,0.0141471060526129,0.0424413181578388,0,0,0.0113176848420903,0,0,0,0,0,0,0,0,0,0,0,0,0,0,0,0,0,0,0,0,0,0.00282942121052258,0,0,0,0,0,0,0,0,0,0,0,0,0,0,0,0,0,0,0,0,0,0,0,0,0,0,0,0,0,0,0,0,0,0,0,0,0,0,0,0.0396118969473162,0.00282942121052258,0,0.00565884242104517,0,0.00848826363156775,0,0,0,0,0,0.0282942121052258,0,0,0,0,0,0,0,0,0,0,0,0,0,0,0,0,0,0,0,0,0,0,0,0,0,0,0,0,0.00282942121052258,0,0,0,0,0,0,0,0,0,0,0,0.00565884242104517,0,0,0,0,0,0.00565884242104517,0,0,0,0.00565884242104517,0,0,0,0,0,0,0,0,0,0,0,0,0,0,0,0,0,0,0,0.00565884242104517,0,0,0,0,0,0.0141471060526129,0,0,0,0,0,0,0,0,0,0,0,0,0,0,0,0,0,0,0,0,0,0,0,0,0,0,0,0,0,0,0,0,0,0.00848826363156775,0,0,0,0.0113176848420903,0,0,0,0,0,0,0,0,0.0282942121052258,0,0,0,0,0.00282942121052258,0,0,0,0,6.50766878420194,0,0,0,0,0,0,0,0,0,0,0,0.00565884242104517,0,0,0,0.00282942121052258,0,0.00282942121052258,0,0,0.0367824757367936,0,0.0282942121052258,0,0,0,0,0,0,0,0,0,0,0,0.00282942121052258,0.0141471060526129,0,0,0,0,0,0,0,0,0,0,0,0,0,0,0,0,0,0,0,0,0,0,0,0,0,0,0,0,0,0,0.0141471060526129,0,0,0,0,0,0.00565884242104517,0,0,0,0,0.00282942121052258,0,0,0,0,0,0,0,0,0,0,0,0.033953054526271,0,0,0,0,0,0,0.138641639315607,0,0,0,0,0.0509295817894065,0.00565884242104517,0,0,0,0,0,0,0,0,0,0,0,0,0,0,0.00282942121052258,0,0,0,0,0,0,0,0,0,0,0,4.81001605788839,0,0,0,0,0,0,0,0,0,0,0,0,0.00565884242104517,0,0,0,0,0,0,0,0,0,0,0,0,0,0,0,0,0,0,0,0,0,0,0,0,0,0,0,0,0,0,0,0,0,0,0.00848826363156775,0,0,0,0,0,0,0,0,0,0,0,0,0,0.00282942121052258,0,0,0,0,0,0,0.00282942121052258,0,0,0.00282942121052258,0,0,0,0,0,0,0,0,0,0,0,0,0,0,0,0,0,0.0141471060526129,0,0,0,0,0,0,0,0,0,0,0,0,0,0,0,0,0,0,0,0.0226353696841807,0,0,0,0,0,0,0,0.00848826363156775,0,0,0,0,0,0,0.00282942121052258,0,0,0,0,0,0,0,0,0.0169765272631355,0,0,0,0,0,0,0,0,0,0,0,0,0,0,0,1.97650738729078,0,1.12443605560401,0,0,0,0,0,0,0,0,0,0,0,0,0,0.778090832893711,0,0,0,0,0,0,0,0,0,0,0,0,0,0,0,0,0,0,0,0,0,0,0,0,0,3.7739838697586,0,0,0,0,0,0,0,0,0,0,0,0,0,0,0,0,0.158648495045701,0,0,1.16335959984676,0,0,0,0,0,0,0,0,0.222768824017579,0,0,0,0,0,0,0,0,0,0,0,0,0,0,0.918908233049149,0,0,0,0,0,0,0,0,0,0,6.46957887708472,0,0,0,0,4.69999716272949,0,0,0,0.0527992501826166,0,0,0,0,0.0562978513621571,6.5821239302061,0,0,0,0,0,0,0,0,0,0,0,0.116798507570372,0,0,0,0,0,0,0,0,0,0,0,0,0,0,0,0,0,0,0,0,0,0,0,0,0,0,0,0,0,0,0,0,0.939976847811338,0.103366679199779,0,0,0.445489247113551,0,0,0,0,0,0,0,0,0,0,0,0,0,0,0,0,0,0,0,0,0,0.02355831402641,0,0,0,0,0,0,0,0,0,0,0,0,0,0,0,0,0,0,0,0,0,0,0,0,0,0,0,0,0,0,0,0,0,0,0,0,0,0,0,3.25210971557813,0.209655466282478,0,1.89375956316706,0,0.263663736020782,0,0,0,0,0,0.307380207019742,0,0,0,0,0,0,0,0,0,0,0,0,0,0,0,0,0,0,0,0,0,0,0,0,0,0,0,0,2.95165039598758,0,0,0,0,0,0,0,0,0,0,0,0.0868985989281749,0,0,0,0,0,1.92690348644627,0,0,0,0.113834916046119,0,0,0,0,0,0,0,0,0,0,0,0,0,0,0,0,0,0,0,0.345655888858026,0,0,0,0,0,0.0963361333758729,0,0,0,0,0,0,0,0,0,0,0,0,0,0,0,0,0,0,0,0,0,0,0,0,0,0,0,0,0,0,0,0,0,0.0328046764439407,0,0,0,0.0262545698874162,0,0,0,0,0,0,0,0,0.0339176867611395,0,0,0,0,1.06353139749295,0,0,0,0,3.69295773455287,0,0,0,0,0,0,0,0,0,0,0,1.38043575227839,0,0,0,0.0427551812900101,0,0.0799666360601614,0,0,5.7040868594698,0,3.59167970498281,0,0,0,0,0,0,0,0,0,0,0,7.7273875500602,7.45733490426889,0,0,0,0,0,0,0,0,0,0,0,0,0,0,0,0,0,0,0,0,0,0,0,0,0,0,0,0,0,0,0.123339114735009,0,0,0,0,0,0.0620352706152356,0,0,0,0,0.204600587358282,0,0,0,0,0,0,0,0,0,0,0,2.32471131852653,0,0,0,0,0,0,1.6693263775399,0,0,0,0,0.427629185103281,0.113216059475547,0,0,0,0,0,0,0,0,0,0,0,0,0,0,0.455432692193589,0,0,0,0,0,0,0,0,0,0,0,1.74743922193391,0,0,0,0,0,0,0,0,0,0,0,0,0.0223195522751254,0,0,0,0,0,0,0,0,0,0,0,0,0,0,0,0,0,0,0,0,0,0,0,0,0,0,0,0,0,0,0,0,0,0,1.15838315188369,0,0,0,0,0,0,0,0,0,0,0,0,0,0.618665068388822,0,0,0,0,0,0,1.34368286537678,0,0,2.01795396046562,0,0,0,0,0,0,0,0,0,0,0,0,0,0,0,0,0,0.147411464311696,0,0,0,0,0,0,0,0,0,0,0,0,0,0,0,0,0,0,0,0.0449156470064408,0,0,0,0,0,0,0,0.0604092746131414,0,0,0,0,0,0,1.70261049712394,0,0,0,0,0,0,0,0,1.36701166836859,0,87.16040153,103.1601018,106.4755018,98.40020164,95.87850164,108.2421019,101.8584017,89.16220151,110.2731018,85.20390149,113.817902,"BAK-00232"
"335",4324,"nSPC",2012,"PRIAs","Pacific Remote Island Areas","Baker","Baker",2012,"ForereefDeep","Baker","2012-03-17","Forereef","Deep",0.19238773,-176.48861398,23,7.5,0,0,7.5,79.5,5.5,0,0,NA,0.51375,0.273026989259239,1,2,1,24.9608636106002,95.6945373834578,25.7377265121099,9.2128568625145,155.605984368682,2.02959667379003,0,0,0,0,0,0,0,0,0,0,0,0,0,0,0,0,0.033953054526271,0,0,0,0,0,0,0,0,0.00848826363156775,0,0,0,0.00565884242104517,0,0,0.00282942121052258,0,0,0,0,0,0,0,0,0,0,0,0,0,0,0,0,0,0,0,0.215036011999716,0,0,0,0.00565884242104517,0,0,0,0,0,0,0,0,0,0,0,0,0,0,0,0,0,0,0,0.00848826363156775,0,0,0,0,0,0,0,0,0,0,0,0,0,0,0,0,0,0,0,0,0,0,0,0,0,0,0,0,0,0,0,0,0,0,0.113176848420903,0,0,0,0,0.00282942121052258,0,0,0,0.0169765272631355,0,0,0,0,0.118835690841949,0.0198059484736581,0,0,0,0,0,0,0,0,0,0.0424413181578388,0,0.0565884242104517,0,0,0,0,0,0,0,0,0,0,0,0,0,0,0,0,0,0,0,0,0,0,0,0,0,0,0,0,0,0,0,0,0,0.0282942121052258,0,0,0,0,0,0,0,0,0,0,0,0,0,0,0,0,0,0,0,0,0,0,0,0,0,0,0.00282942121052258,0,0,0,0,0,0,0,0,0,0,0,0,0,0,0,0,0,0.00282942121052258,0,0,0,0,0,0,0,0,0,0,0,0,0,0,0,0,0,0,0.00848826363156775,0.033953054526271,0.00565884242104517,0.0141471060526129,0.033953054526271,0,0,0,0,0,0,0,0,0,0,0,0,0,0,0,0,0,0,0,0,0,0,0,0,0,0,0,0,0,0,0,0,0,0,0,0,0,0,0,0,0,0,0,0,0,0,0,0,0.00565884242104517,0,0,0,0,0,0,0,0,0,0,0,0,0,0,0,0,0.00282942121052258,0,0,0,0,0,0,0,0,0,0,0,0,0,0,0,0,0,0,0.00282942121052258,0,0,0,0,0,0,0,0,0.00282942121052258,0,0,0,0,0.00565884242104517,0,0,0,0,0,0,0,0,0,0,0,0,0,0,0,0,0,0,0.00565884242104517,0.00565884242104517,0,0,0,0.00282942121052258,0,0,0,0,0,0,0,0,0,0,0,0,0.00282942121052258,0,0,0,0,0,8.48826363156775,0,0,0,0,0,0,0,0,0,0,0.00565884242104517,0.0169765272631355,0,0,0,0,0,0,0,0,0,0,0,0,0,0,0,0,0,0,0,0,0,0,0.033953054526271,0.00565884242104517,0,0,0,0,0,0,0,0,0,0,0,0,0,0,0,0,0,0,0.132982796894561,0,0,0,0,0,0,0,0,0,0,0,0,0,0,0,0,0,0.00282942121052258,0,0,0.00848826363156775,0,0.0113176848420903,0,0,0,0,0,0,0,0,0,0,0,0,0,0,0,0,0,0,0.0141471060526129,0,0,0,0,0.0169765272631355,0,0,0,0,0,0,0,0,0,0,0,0,0,0,0,0.00282942121052258,0,0,0,0,0,0,0,0,0,0,0,2.54647908947033,0,0,0,0,0.00282942121052258,0,0,0.00282942121052258,0,0,0,0,0.0113176848420903,0,0,0,0,0,0,0,0,0,0,0,0,0,0,0,0,0,0,0,0,0,0,0,0,0,0.00282942121052258,0,0,0,0,0,0,0,0,0.00848826363156775,0,0,0,0,0,0,0,0,0.00282942121052258,0,0,0,0,0,0,0,0,0,0,0,0,0,0,0,0,0,0,0,0,0,0,0,0,0,0,0,0,0,0,0,0,0.00282942121052258,0,0,0,0,0,0,0,0,0.00848826363156775,0,0,0,0,0,0,0,0,0,0,0,0,0,0,0,0,0,0,0.00565884242104517,0,0,0,0,0,0,0,0,0,0,0,0,0.00282942121052258,0,0.00282942121052258,0.00565884242104517,0,0,0,0,0,0,0,0,0,0,0,0,0,0,0,0,0,4.18755661601167,0,0,0,0,0,0,0,0,0.473421020481607,0,0,0,3.6299667026653,0,0,0.0410266075525775,0,0,0,0,0,0,0,0,0,0,0,0,0,0,0,0,0,0,0,1.19824304271128,0,0,0,1.26634283053451,0,0,0,0,0,0,0,0,0,0,0,0,0,0,0,0,0,0,0,0.974363518120892,0,0,0,0,0,0,0,0,0,0,0,0,0,0,0,0,0,0,0,0,0,0,0,0,0,0,0,0,0,0,0,0,0,0,13.3136277894993,0,0,0,0,3.27679759091424,0,0,0,0.170527683623383,0,0,0,0,0.407545994826232,9.84303145786514,0,0,0,0,0,0,0,0,0,2.67651112094285,0,0.0116798507570372,0,0,0,0,0,0,0,0,0,0,0,0,0,0,0,0,0,0,0,0,0,0,0,0,0,0,0,0,0,0,0,0,0,0.0912488340393533,0,0,0,0,0,0,0,0,0,0,0,0,0,0,0,0,0,0,0,0,0,0,0,0,0,0,1.39386399524466,0,0,0,0,0,0,0,0,0,0,0,0,0,0,0,0,0,0.0100874715797333,0,0,0,0,0,0,0,0,0,0,0,0,0,0,0,0,0,0,0.013633909697867,1.48445894650099,0.33433589962253,2.99627906243647,3.72656690676696,0,0,0,0,0,0,0,0,0,0,0,0,0,0,0,0,0,0,0,0,0,0,0,0,0,0,0,0,0,0,0,0,0,0,0,0,0,0,0,0,0,0,0,0,0,0,0,0,0.0707355302630646,0,0,0,0,0,0,0,0,0,0,0,0,0,0,0,0,1.05657708918289,0,0,0,0,0,0,0,0,0,0,0,0,0,0,0,0,0,0,0.0192672266751746,0,0,0,0,0,0,0,0,0.38706482159949,0,0,0,0,0.425190706527039,0,0,0,0,0,0,0,0,0,0,0,0,0,0,0,0,0,0,0.0486581501351053,0.0482119270395294,0,0,0,0.00785111761276115,0,0,0,0,0,0,0,0,0,0,0,0,3.10149640633296,0,0,0,0,0,5.20975668651102,0,0,0,0,0,0,0,0,0,0,0.949279445308405,3.92572910335017,0,0,0,0,0,0,0,0,0,0,0,0,0,0,0,0,0,0,0,0,0,0,62.3254409768587,4.5433459458948,0,0,0,0,0,0,0,0,0,0,0,0,0,0,0,0,0,0,10.0126496765019,0,0,0,0,0,0,0,0,0,0,0,0,0,0,0,0,0,0.110140412162358,0,0,0.798659958077724,0,2.20390629516848,0,0,0,0,0,0,0,0,0,0,0,0,0,0,0,0,0,0,0.181511166261323,0,0,0,0,0.109269739285387,0,0,0,0,0,0,0,0,0,0,0,0,0,0,0,0.38366612084141,0,0,0,0,0,0,0,0,0,0,0,1.6429727467096,0,0,0,0,0.0128288523074963,0,0,0.0162072076359944,0,0,0,0,0.101161645491141,0,0,0,0,0,0,0,0,0,0,0,0,0,0,0,0,0,0,0,0,0,0,0,0,0,0.459462042568811,0,0,0,0,0,0,0,0,2.11496292888504,0,0,0,0,0,0,0,0,2.02959667379003,0,0,0,0,0,0,0,0,0,0,0,0,0,0,0,0,0,0,0,0,0,0,0,0,0,0,0,0,0,0,0,0,0.0284786184133424,0,0,0,0,0,0,0,0,0.850849965206541,0,0,0,0,0,0,0,0,0,0,0,0,0,0,0,0,0,0,0.0810176469421037,0,0,0,0,0,0,0,0,0,0,0,0,0.333113530817294,0,0.216821021431739,0.278986134499086,0,71.47880122,78.05370131,93.65870159,76.8490013,70.3477012,56.66550106,75.13800129,82.79980142,66.00620113,64.09050107,71.66080121,"BAK-00189"
"336",4325,"nSPC",2012,"PRIAs","Pacific Remote Island Areas","Baker","Baker",2012,"ForereefMid","Baker","2012-03-17","Forereef","Mid",0.19074119,-176.48881422,10.5,55,0,0,20,25,0,0,0,NA,0.72625,0.391498737213084,1.5,2,1,19.8904613460242,15.3824199589463,24.6388196141165,15.1853527715571,75.0970536906441,0,0,0,0,0,0,0,0,0,0,0,0,0,0.00565884242104517,0,0.00282942121052258,0,0.0169765272631355,0,0,0,0,0,0,0,0,0.00282942121052258,0,0,0,0,0,0,0,0,0,0,0,0,0,0,0,0,0,0,0,0,0,0,0,0,0,0,0,0,0,0,0.00282942121052258,0,0,0,0,0,0,0,0,0,0,0,0,0,0,0,0,0.00282942121052258,0,0,0.00565884242104517,0,0,0,0,0,0,0,0,0,0,0,0,0,0,0,0,0,0,0,0,0,0,0,0.00282942121052258,0,0,0,0,0,0,0,0,0,0,0,0,0,0,0,0.00848826363156775,0,0,0,0.0169765272631355,0,0,0,0,0.141471060526129,0.0113176848420903,0,0,0,0,0,0,0,0,0,0.00282942121052258,0,0,0,0,0,0,0,0,0,0,0,0,0,0,0,0,0,0,0,0,0,0,0,0,0,0,0,0,0,0,0,0,0,0,0,0.0594178454209743,0,0,0.00848826363156775,0,0,0,0,0,0,0,0,0,0,0,0,0,0,0,0,0,0,0,0,0,0,0,0.00282942121052258,0,0,0,0.254647908947033,0,0,0,0,0,0,0,0,0,0,0,0,0,0.00848826363156775,0,0,0,0.0424413181578388,0,0,0,0,0,0,0,0,0,0,0,0,0,0,0,0.0622472666314969,0,0,0.0622472666314969,0,0.067906109052542,0,0,0,0,0,0.00282942121052258,0,0,0,0,0,0,0,0,0,0,0,0,0,0,0,0,0,0,0,0,0.00565884242104517,0,0,0,0,0,0,0,0,0,0,0,0.00565884242104517,0,0,0,0,0,0,0,0,0,0,0,0,0,0,0,0,0,0.00282942121052258,0,0,0,0,0,0,0.00282942121052258,0,0,0,0,0,0,0,0,0,0,0,0,0,0,0,0,0,0,0.00565884242104517,0,0,0,0,0,0,0,0,0.00282942121052258,0,0,0,0,0,0,0,0,0,0,0,0,0,0,0,0,0,0,0,0,0,0,0,0,0.00565884242104517,0,0,0,0.00848826363156775,0,0,0,0,0,0,0,0,0.565884242104517,0,0,0,0,0,0,0,0,0,11.3176848420903,0,0,0,0,0,0,0,0,0,0,0,0.00282942121052258,0,0,0,0,0,0,0,0,0,0,0,0,0,0,0,0,0,0,0,0,0,0,0,0.00282942121052258,0,0,0,0,0,0.00282942121052258,0,0,0,0,0,0,0,0,0,0,0,0,0,0,0,0,0,0,0,0,0,0,0,0,0.0169765272631355,0,0,0,0,0,0.00565884242104517,0.00565884242104517,0.0113176848420903,0.0367824757367936,0,0.00565884242104517,0,0,0,0,0,0,0,0,0,0,0,0,0,0,0,0,0,0,0.198059484736581,0,0,0,0,0.0141471060526129,0,0,0,0,0,0,0,0,0,0,0,0,0,0,0,0.00565884242104517,0,0,0,0,0,0,0,0,0,0,0,5.09295817894065,0,0,0,0,0,0,0,0,0,0,0,0,0.0113176848420903,0,0,0,0,0,0,0,0,0,0,0,0,0,0,0,0,0,0,0,0,0,0,0,0,0,0,0,0,0,0,0,0,0,0,0.0113176848420903,0,0,0,0,0,0,0,0,0,0,0,0,0,0,0,0,0,0,0,0,0,0,0,0,0,0,0,0,0,0,0,0,0,0,0,0,0,0,0,0,0,0,0,0,0,0,0,0,0,0,0,0,0,0,0,0,0,0,0,0,0,0,0,0,0,0,0,0,0,0.00848826363156775,0,0,0,0,0,0,0,0,0,0,0,0,0,0,0,0.00565884242104517,0,0,0,0,0,0,0,0,0,0,0,0,0,1.190036560866,0,0.299419229393115,0,1.72110498977066,0,0,0,0,0,0,0,0,0.118788156565612,0,0,0,0,0,0,0,0,0,0,0,0,0,0,0,0,0,0,0,0,0,0,0,0,0,0,0,0,0,0,0.973501979377242,0,0,0,0,0,0,0,0,0,0,0,0,0,0,0,0,0.253655681861786,0,0,0.635670424723663,0,0,0,0,0,0,0,0,0,0,0,0,0,0,0,0,0,0,0,0,0,0,0,0.367235344118342,0,0,0,0,0,0,0,0,0,0,0,0,0,0,0,8.45200845221198,0,0,0,0.151826328744208,0,0,0,0,0.453265498338513,2.22436129725776,0,0,0,0,0,0,0,0,0,0.274978485412578,0,0,0,0,0,0,0,0,0,0,0,0,0,0,0,0,0,0,0,0,0,0,0,0,0,0,0,0,0,0,0,0,0,0,0,0.206952355601253,0,0,0.537333877242317,0,0,0,0,0,0,0,0,0,0,0,0,0,0,0,0,0,0,0,0,0,0,0,0.784788730590889,0,0,0,0.285426352875097,0,0,0,0,0,0,0,0,0,0,0,0,0,0.0175865645082846,0,0,0,0.198675182813517,0,0,0,0,0,0,0,0,0,0,0,0,0,0,0,2.99663917756573,0,0,6.80136180750157,0,4.71551686946879,0,0,0,0,0,0.0872101444032979,0,0,0,0,0,0,0,0,0,0,0,0,0,0,0,0,0,0,0,0,0.358813890394133,0,0,0,0,0,0,0,0,0,0,0,4.36246342593726,0,0,0,0,0,0,0,0,0,0,0,0,0,0,0,0,0,0.026156210383102,0,0,0,0,0,0,1.75803062144486,0,0,0,0,0,0,0,0,0,0,0,0,0,0,0,0,0,0,0.0505388387202333,0,0,0,0,0,0,0,0,0.0352712818682535,0,0,0,0,0,0,0,0,0,0,0,0,0,0,0,0,0,0,0,0,0,0,0,0,0.0289404263066379,0,0,0,0.018403452274655,0,0,0,0,0,0,0,0,1.72844531734767,0,0,0,0,0,0,0,0,0,6.94634224868136,0,0,0,0,0,0,0,0,0,0,0,0.474639722654202,0,0,0,0,0,0,0,0,0,0,0,0,0,0,0,0,0,0,0,0,0,0,0,1.37647632095751,0,0,0,0,0,3.26004304406704,0,0,0,0,0,0,0,0,0,0,0,0,0,0,0,0,0,0,0,0,0,0,0,0,0.162227753896809,0,0,0,0,0,0.548334879007645,0.684312633118956,2.47638913043175,7.17657542966618,0,0.842705336258601,0,0,0,0,0,0,0,0,0,0,0,0,0,0,0,0,0,0,2.63001277719334,0,0,0,0,0.0972405879562911,0,0,0,0,0,0,0,0,0,0,0,0,0,0,0,0.888296789043565,0,0,0,0,0,0,0,0,0,0,0,3.53286625304029,0,0,0,0,0,0,0,0,0,0,0,0,0.101161645491141,0,0,0,0,0,0,0,0,0,0,0,0,0,0,0,0,0,0,0,0,0,0,0,0,0,0,0,0,0,0,0,0,0,0,1.54451086917826,0,0,0,0,0,0,0,0,0,0,0,0,0,0,0,0,0,0,0,0,0,0,0,0,0,0,0,0,0,0,0,0,0,0,0,0,0,0,0,0,0,0,0,0,0,0,0,0,0,0,0,0,0,0,0,0,0,0,0,0,0,0,0,0,0,0,0,0,0,0.025485162727419,0,0,0,0,0,0,0,0,0,0,0,0,0,0,0,0.215026151384773,0,76.5584013,84.35490141,100.7730017,81.28480138,76.58010133,67.96580127,84.44080144,96.22050168,79.0469013,84.54780142,78.43240131,"BAK-00162"
"337",4821,"nSPC",2012,"PRIAs","Pacific Remote Island Areas","Jarvis","Jarvis",2012,"ForereefDeep","Jarvis","2012-05-03","Forereef","Deep",-0.37098932,-160.01020037,21,57.5,0,2.5,30,10,0,0,0,NA,0.77125,0.356963129042404,1.75,2,1,68.1311564723066,123.685123828712,33.33107056789,34.6915425819322,259.838893450841,24.6215098940466,0,0,0,0,0,0,0,0,0,0,0,0,0,0,0,0.00565884242104517,0.00282942121052258,0,0,0,0,0,0,0,0,0.00848826363156775,0,0,0,0,0,0,0,0,0,0,0,0,0,0,0,0,0,0,0,0,0,0,0,0,0,0,0,0,0,0,0.00848826363156775,0.00848826363156775,0,0,0,0,0,0,0,0,0,0,0,0,0,0,0,0,0,0,0.0198059484736581,0,0,0,0,0,0,0,0,0,0,0,0,0,0.00282942121052258,0,0,0,0,0,0,0,0,0,0.00565884242104517,0,0,0,0,0,0,0,0,0,0,0,0,0,0,0,0,0,0,0,0.033953054526271,0,0,0,0,0.0226353696841807,0.0367824757367936,0,0,0,0,0,0,0,0,0.00565884242104517,0.0282942121052258,0,0,0,0,0,0,0,0,0,0,0,0,0,0,0,0,0,0,0,0,0,0,0,0,0,0,0,0,0,0,0,0,0,0,0.0169765272631355,0.905414787367227,0,0,0.00565884242104517,0,0,0,0,0.00565884242104517,0,0,0,0,0,0,0,0,0,0,0,0,0,0,0,0,0,0,0,0,0,0,0,0,0,0,0,0,0,0,0,0,0,0,0,0,0.0169765272631355,0,0,0,0,0,0,0,0.0226353696841807,0,0,0,0,0,0,0,0.00848826363156775,0,0,0,0.0113176848420903,0.00565884242104517,0,0.033953054526271,0,0,0,0,0,0,0,0,0,0,0,0,0,0,0,0,0,0,0,0,0,0,0,0,0,0,0,0,0,0,0,0,0,0,0,0,0,0,0,0.00848826363156775,0,0,0,0,0,0,0,0,0.00848826363156775,0,0,0,0,0,0,0,0,0,0,0,0.0141471060526129,0,0,0,0,0.00848826363156775,0,0,0,0,0,0,0,0,0,0,0,0,0,0,0,0.00282942121052258,0,0,0,0,0,0,0,0,0,0,0,0.00282942121052258,0,0,0,0,0,0,0,0,0,0,0,0,0,0,0,0,0,0,0,0,0,0,0,0.00282942121052258,0.00282942121052258,0,0,0,0.0141471060526129,0,0,0,0,0,0,0,0,6.36619772367581,0,0,0,0.00565884242104517,0,0,0,0,0,7.21502408683259,0,0,0,0,0,0,0,0,0,0,0.0198059484736581,0.0113176848420903,0,0,0,0,0,0,0,0,0.0226353696841807,0,0.0367824757367936,0.0226353696841807,0,0,0.226353696841807,0,0,0,0,0,0.00565884242104517,0,0.0113176848420903,0,0,0,0,0,0,0,0,0,0.0169765272631355,0,0,0,0,0,0,0,0,0,0,0,0,0,0,0,0,0,0,0,0,0,0,0,0,0,0,0,0.0141471060526129,0,0,0.00565884242104517,0,0,0,0,0,0,0,0,0,0,0,0,0,0,0,0,0,0,0,0,0,0,0,0,0,0.0792237938946324,0,0,0,0,0,0,0,0,0,0.00282942121052258,0,0,0,0,0,0.00848826363156775,0,0,0,0,0,0,0,0,0,0,0,5.37590029999291,0,0,0,0,0,0,0,0,0,0,0,0,0.0311236333157484,0,0,0,0,0,0,0,0,0,0,0,0,0,0,0,0,0,0,0,0,0,0,0,0,0,0.00848826363156775,0,0,0,0,0,0,0,0.00848826363156775,0.00282942121052258,0,0,0,0,0,0,0,0.00282942121052258,0,0,0,0,0,0,0,0,0,0,0.00848826363156775,0,0,0,0,0.00565884242104517,0,0,0,0,0,0,0,0,0,0,0,0,0,0,0,0,0,0,0,0,0,0,0,0,0,0,0.00565884242104517,0,0,0,0,0,0,0,0,0,0,0,0,0,0,0,0,0,0,0,0,0,0,0,0,0,0.00565884242104517,0,0,0,0.00565884242104517,0,0,0,0,0,0,0,0,0,0,0,0,0,0,0,0,0,0,0,0,0,5.01547901739945,0.31014775456429,0,0,0,0,0,0,0,0,0.531949295873993,0,0,0,0,0,0,0,0,0,0,0,0,0,0,0,0,0,0,0,0,0,0,0,0,0,0,0,0,0,0,3.72457793129106,0.862125925321356,0,0,0,0,0,0,0,0,0,0,0,0,0,0,0,0,0,0,2.58791908974577,0,0,0,0,0,0,0,0,0,0,0,0,0,0.245095754118644,0,0,0,0,0,0,0,0,0,0.734470688236685,0,0,0,0,0,0,0,0,0,0,0,0,0,0,0,0,0,0,0,0.354660241079196,0,0,0,0,0.0750526403964625,4.51264311748753,0,0,0,0,0,0,0,0,0.590777192719522,1.51478552742138,0,0,0,0,0,0,0,0,0,0,0,0,0,0,0,0,0,0,0,0,0,0,0,0,0,0,0,0,0,0,0,0,0,0,1.88227328681908,3.2842280347444,0,0,0.666401551833678,0,0,0,0,0.79881527712458,0,0,0,0,0,0,0,0,0,0,0,0,0,0,0,0,0,0,0,0,0,0,0,0,0,0,0,0,0,0,0,0,0,0,0,0,0.0181013054251498,0,0,0,0,0,0,0,0.0171569960331345,0,0,0,0,0,0,0,0.432509853314419,0,0,0,1.26119944862784,0.426031441237983,0,2.39134621797943,0,0,0,0,0,0,0,0,0,0,0,0,0,0,0,0,0,0,0,0,0,0,0,0,0,0,0,0,0,0,0,0,0,0,0,0,0,0,0,6.42051056578796,0,0,0,0,0,0,0,0,0.271801275035826,0,0,0,0,0,0,0,0,0,0,0,13.7532262807515,0,0,0,0,5.47253532973965,0,0,0,0,0,0,0,0,0,0,0,0,0,0,0,0.0728183419519697,0,0,0,0,0,0,0,0,0,0,0,0.237706183564786,0,0,0,0,0,0,0,0,0,0,0,0,0,0,0,0,0,0,0,0,0,0,0,0.0433719880695056,0.0136985311808475,0,0,0,0.0333739844138759,0,0,0,0,0,0,0,0,12.0679129496134,0,0,0,24.4124361833885,0,0,0,0,0,7.52158621615029,0,0,0,0,0,0,0,0,0,0,12.2754922690332,3.87396593392508,0,0,0,0,0,0,0,0,9.11138069361797,0,13.6170255433282,3.24483252643873,0,0,34.5407089065954,0,0,0,0,0,9.98901991943606,0,17.4327572909377,0,0,0,0,0,0,0,0,0,0.042837464152322,0,0,0,0,0,0,0,0,0,0,0,0,0,0,0,0,0,0,0,0,0,0,0,0,0,0,0,0.420062023223942,0,0,1.00093522527429,0,0,0,0,0,0,0,0,0,0,0,0,0,0,0,0,0,0,0,0,0,0,0,0,0,0.684365109574058,0,0,0,0,0,0,0,0,0,0.0122269083402703,0,0,0,0,0,1.66070501237806,0,0,0,0,0,0,0,0,0,0,0,5.74158601492569,0,0,0,0,0,0,0,0,0,0,0,0,0.568064287203167,0,0,0,0,0,0,0,0,0,0,0,0,0,0,0,0,0,0,0,0,0,0,0,0,0,0.557842474004365,0,0,0,0,0,0,0,6.82308309662503,0.223453540101021,0,0,0,0,0,0,0,2.88865888945001,0,0,0,0,0,0,0,0,0,0,18.4171163257233,0,0,0,0,3.31573467887329,0,0,0,0,0,0,0,0,0,0,0,0,0,0,0,0,0,0,0,0,0,0,0,0,0,0,0.60052088479525,0,0,0,0,0,0,0,0,0,0,0,0,0,0,0,0,0,0,0,0,0,0,0,0,0,7.3096023204955,0,0,0,2.92819069394583,0,0,0,0,0,0,58.951701,69.18340122,75.03870125,74.65470129,53.28280092,55.06240094,46.41060079,60.10820107,69.20660122,51.28700088,54.64320096,"JAR-00215"
"338",4822,"nSPC",2012,"PRIAs","Pacific Remote Island Areas","Jarvis","Jarvis",2012,"ForereefMid","Jarvis","2012-05-03","Forereef","Mid",-0.37193396,-160.01146378,10.05,45,0,5,32.5,17.5,0,0,0,NA,0.61,0.36869881771111,1.4,2,1,62.8263106981664,27.0477000167826,44.8437031832362,17.117024727355,151.83473862554,30.9807447640225,0,0,0,0,0,0,0,0,0.00565884242104517,0,0,0,0,0,0,0,0.0311236333157484,0,0,0,0,0,0,0,0,0,0,0,0,0,0,0,0,0,0,0,0,0,0,0,0,0,0,0,0,0,0,0,0,1.13176848420903,0,0,0,0,0,0,0.0141471060526129,0,0,0,0,0,0,0,0,0.0113176848420903,0,0,0,0,0,0,0,0,0,0,0,0,0,0,0,0.0565884242104517,0,0,0,0,0,0,0,0,0.0113176848420903,0,0,0,0,0,0,0.00282942121052258,0,0,0.00282942121052258,0,0,0,0,0,0,0,0,0,0,0,0,0,0,0,0.00565884242104517,0,0,0,0.0481001605788839,0,0,0,0,0.0396118969473162,0.0254647908947033,0,0,0,0,0,0,0,0,0,0.0396118969473162,0,0.0282942121052258,0,0,0,0,0,0,0,0,0,0,0,0,0,0,0,0,0,0,0,0,0,0,0,0,0,0,0,0,0,0,0,0,0,0.237671381683897,0,0,0.00282942121052258,0,0,0,0,0,0,0,0,0,0,0,0,0,0,0,0,0,0,0,0,0,0,0,0,0,0,0,0,0,0,0,0,0,0,0,0,0.00565884242104517,0,0,0,0,0.0282942121052258,0,0,0,0,0,0,0,0.0226353696841807,0,0.00282942121052258,0,0,0,0,0,0,0,0,0,0,0,0,0.0452707393683613,0.00565884242104517,0,0,0,0,0,0,0,0,0,0,0,0,0,0,0,0,0,0,0,0,0,0,0,0,0,0,0,0,0,0,0,0,0,0,0,0.00282942121052258,0,0,0,0,0,0,0,0,0,0,0,0.00282942121052258,0,0,0,0,0,0,0,0,0,0.0141471060526129,0,0.00282942121052258,0,0,0,0,0.00282942121052258,0,0,0,0,0,0,0,0,0,0,0,0,0.00282942121052258,0,0,0,0,0,0.00282942121052258,0,0,0,0,0,0,0,0,0.00282942121052258,0,0,0,0,0,0,0,0,0,0,0,0,0,0,0,0,0,0,0,0,0,0,0,0.00565884242104517,0.00282942121052258,0,0,0,0.0141471060526129,0,0,0,0,0,0,0,0,4.52707393683613,0,0,0,0.00282942121052258,0,0,0,0,0,3.67824757367936,0,0,0,0,0,0,0,0,0,0,0,0.00282942121052258,0,0,0,0,0,0,0,0,0,0,0,0,0,0,0.0169765272631355,0,0,0,0,0,0,0,0,0.00282942121052258,0,0,0,0,0,0,0,0,0,0,0,0,0,0,0,0,0,0,0,0,0,0,0,0,0,0,0,0,0,0,0.0169765272631355,0,0,0,0,0,0.0113176848420903,0.00848826363156775,0,0,0,0,0,0,0,0,0,0,0,0,0,0.00282942121052258,0,0,0,0,0,0,0,0,0.0169765272631355,0,0,0,0,0.0990297423682904,0,0,0,0,0,0,0,0,0,0,0,0,0,0,0,0.00848826363156775,0,0,0,0,0,0,0,0,0,0,0,11.3176848420903,0,0,0,0.033953054526271,0,0,0,0,0,0,0,0,0.00848826363156775,0.0565884242104517,0,0,0,0,0,0,0,0,0,0,0,0,0,0,0,0,0,0,0,0,0,0,0,0,0,0,0,0,0,0,0,0,0,0.0113176848420903,0,0.00282942121052258,0,0,0,0,0,0,0.00565884242104517,0,0,0,0,0,0,0,0,0,0.00565884242104517,0,0,0,0,0.00282942121052258,0,0,0,0,0,0,0,0,0,0,0,0,0,0,0,0,0,0.0254647908947033,0,0,0,0,0,0,0,0,0,0,0,0,0,0,0,0,0,0,0,0,0,0,0,0,0,0,0,0,0,0,0,0,0,0,0.00282942121052258,0,0,0,0,0,0,0,0.00565884242104517,0,0,0,0,0,0,0,0,0,0,0.612048970245171,0,0,0,0,0,0,0,3.22468868427389,0,0,0,0,0,0,0,0,0,0,0,0,0,0,0,0,0,0,0,0,0,0,0,0,0,0,0,0,0,0,0,0,1.58707593800534,0,0,0,0,0,0,6.14641960172726,0,0,0,0,0,0,0,0,0.95702113261736,0,0,0,0,0,0,0,0,0,0,0,0,0,0,0,0.244122221256994,0,0,0,0,0,0,0,0,1.52526631467682,0,0,0,0,0,0,2.01775028290388,0,0,0.367235344118342,0,0,0,0,0,0,0,0,0,0,0,0,0,0,0,5.7357170956569,0,0,0,0.668011682302456,0,0,0,0,0.213021034711541,11.3288888584783,0,0,0,0,0,0,0,0,0,2.5021421568113,0,0.0197097481525003,0,0,0,0,0,0,0,0,0,0,0,0,0,0,0,0,0,0,0,0,0,0,0,0,0,0,0,0,0,0,0,0,0,0.609250215113954,0,0,0.179111292414106,0,0,0,0,0,0,0,0,0,0,0,0,0,0,0,0,0,0,0,0,0,0,0,0,0,0,0,0,0,0,0,0,0,0,0,0,0.0303755191540065,0,0,0,0,0.058621881694282,0,0,0,0,0,0,0,0.0296272961318824,0,6.36143405552796,0,0,0,0,0,0,0,0,0,0,0,0,4.81998273302387,1.94464661990585,0,0,0,0,0,0,0,0,0,0,0,0,0,0,0,0,0,0,0,0,0,0,0,0,0,0,0,0,0,0,0,0,0,0,0,1.01241608582374,0,0,0,0,0,0,0,0,0,0,0,0.119366207318922,0,0,0,0,0,0,0,0,0,0.537171939662495,0,2.05235933409007,0,0,0,0,2.20797912027838,0,0,0,0,0,0,0,0,0,0,0,0,0.135141328524186,0,0,0,0,0,0.0500872630950339,0,0,0,0,0,0,0,0,0.237706183564786,0,0,0,0,0,0,0,0,0,0,0,0,0,0,0,0,0,0,0,0,0,0,0,0.0239802630545091,0.0054076140822457,0,0,0,0.0397168940135873,0,0,0,0,0,0,0,0,4.36045781001209,0,0,0,25.841438078622,0,0,0,0,0,3.08515278779325,0,0,0,0,0,0,0,0,0,0,0,0.690217876139193,0,0,0,0,0,0,0,0,0,0,0,0,0,0,3.85296102344389,0,0,0,0,0,0,0,0,0.368529410826287,0,0,0,0,0,0,0,0,0,0,0,0,0,0,0,0,0,0,0,0,0,0,0,0,0,0,0,0,0,0,0.224764029987469,0,0,0,0,0,0.148007238385872,2.57479961452246,0,0,0,0,0,0,0,0,0,0,0,0,0,0.0138698318882058,0,0,0,0,0,0,0,0,0.162398148029148,0,0,0,0,0.493930469177811,0,0,0,0,0,0,0,0,0,0,0,0,0,0,0,2.79444503728659,0,0,0,0,0,0,0,0,0,0,0,13.1329283139132,0,0,0,0.129090296866659,0,0,0,0,0,0,0,0,0.120385333032069,0.0269516622246971,0,0,0,0,0,0,0,0,0,0,0,0,0,0,0,0,0,0,0,0,0,0,0,0,0,0,0,0,0,0,0,0,0,2.67958864443512,0,3.49211692377945,0,0,0,0,0,0,16.7073072121875,0,0,0,0,0,0,0,0,0,6.11240860478507,0,0,0,0,2.65116174036662,0,0,0,0,0,0,0,0,0,0,0,0,0,0,0,0,0,0.395247816090071,0,0,0,0,0,0,0,0,0,0,0,0,0,0,0,0,0,0,0,0,0,0,0,0,0,0,0,0,0,0,0,0,0,0,3.2761435137701,0,0,0,0,0,0,0,0.896936295563485,0,0,77.11880136,88.43560154,90.3173015,89.92580155,78.12460134,75.1951013,67.85470115,83.25700146,90.76950157,81.7163014,69.53690124,"JAR-00243"
"339",4824,"nSPC",2012,"PRIAs","Pacific Remote Island Areas","Jarvis","Jarvis",2012,"ForereefMid","Jarvis","2012-05-03","Forereef","Mid",-0.37956157,-160.01566235,15.85,47.5,0,10,35,7,0.5,0,0,NA,0.495,0.261717188956935,1.1,2,1,83.1243039179191,150.42168712644,86.9489525439696,10.3335259266841,330.828469515013,63.6487597278688,0,0,0,0,0,0,0,0,0,0,0,0,0,0.00282942121052258,0.0113176848420903,0.00848826363156775,0.0735649514735872,0,0,0,0,0,0,0,0,0.00565884242104517,0,0,0,0,0,0,0,0,0,0,0,0,0,0,0,0,0,0,0,0,0,0,0,0,0,0,0,0,0,0,0.0169765272631355,0,0,0,0,0,0,0,0,0,0,0,0,0,0,0,0,0,0,0,0,0,0,0,0,0,0,0,0,0,0,0,0,0,0,0,0,0,0,0,0,0,0,0,0.00282942121052258,0,0,0,0,0,0,0,0,0,0,0,0,0,0,0,0.0113176848420903,0,0,0,0.0226353696841807,0,0,0,0,0.0452707393683613,0.0113176848420903,0,0,0,0,0,0,0,0,0,0.0509295817894065,0,0,0,0,0,0,0,0,0,0,0,0,0,0,0,0,0,0,0,0,0.00565884242104517,0,0,0,0,0,0,0,0,0,0,0,0,0,0,0.198059484736581,0,0,0,0,0,0,0,0,0,0,0,0,0,0,0,0,0,0,0,0,0,0,0,0,0,0,0,0,0,0,0,0,0,0,0,0,0,0,0,0,0,0,0,0,0.00848826363156775,0,0,0,0,0,0,0,0.0226353696841807,0,0,0,0,0,0,0,0,0,0,0,0,0,0,0.033953054526271,0,0.00565884242104517,0,0,0,0,0,0,0,0,0,0,0,0,0,0,0,0,0,0,0,0,0,0,0,0,0,0,0,0,0,0,0,0,0,0,0,0,0,0,0,0,0.00282942121052258,0,0,0,0,0,0,0,0,0,0,0,0,0,0,0,0.00565884242104517,0,0,0,0,0,0,0,0,0,0,0,0,0,0,0,0,0,0,0,0,0,0,0,0,0,0,0,0,0,0,0,0,0,0,0,0,0,0,0,0,0,0,0,0,0,0,0,0,0,0,0,0,0,0,0,0,0,0,0,0,0,0,0,0.00282942121052258,0,0,0,0,0,0,0,0,7.07355302630646,0,0,0,0.0113176848420903,0,0,0,0,0,11.3176848420903,0,0,0,0,0,0,0,0,0,0,0,0.00565884242104517,0,0,0,0,0,0,0,0,0,0,0.00848826363156775,0,0,0,0.113176848420903,0,0,0,0,0,0.0113176848420903,0,0.0452707393683613,0.00282942121052258,0,0,0,0,0,0,0,0,0,0,0,0,0,0,0,0,0,0,0,0,0,0,0,0,0,0,0,0,0,0,0.00565884242104517,0,0,0,0,0,0.00282942121052258,0.00848826363156775,0,0.00848826363156775,0,0,0,0,0,0,0,0.00282942121052258,0,0,0,0,0,0,0,0,0,0,0,0,0.16410643021031,0,0,0,0,0,0,0,0,0,0,0,0,0,0,0,0,0,0,0,0,0.00565884242104517,0,0,0,0,0,0,0,0,0,0,0,6.50766878420194,0,0,0,0,0,0,0,0.00565884242104517,0,0,0,0.00282942121052258,0.0311236333157484,0,0,0,0,0,0,0,0,0,0,0,0,0,0,0,0,0,0,0,0,0,0,0,0,0,0.00565884242104517,0,0,0,0,0,0,0,0,0.00565884242104517,0,0,0,0,0,0,0,0,0,0,0,0,0,0,0,0,0,0,0.00848826363156775,0,0,0,0,0.00848826363156775,0,0,0,0,0,0,0,0,0,0,0,0,0,0,0,0,0,0,0,0,0,0,0,0,0,0,0,0,0,0,0,0,0,0,0,0,0,0,0,0,0,0,0,0.00848826363156775,0,0,0,0,0,0,0,0,0.00282942121052258,0,0,0,0,0,0,0,0.0509295817894065,0,0,0,0,0,0,0,0,0,0,0,0,0,0,0,0.282387194662514,1.19767691757246,4.34740847689358,8.50877878054261,0,0,0,0,0,0,0,0,0.354632863915995,0,0,0,0,0,0,0,0,0,0,0,0,0,0,0,0,0,0,0,0,0,0,0,0,0,0,0,0,0,0,6.83305222341204,0,0,0,0,0,0,0,0,0,0,0,0,0,0,0,0,0,0,0,0,0,0,0,0,0,0,0,0,0,0,0,0,0,0,0,0,0,0,0,0,0,0,0,1.26092385751765,0,0,0,0,0,0,0,0,0,0,0,0,0,0,0,13.2529442835011,0,0,0,0.239837814750626,0,0,0,0,0.194492333061205,2.28973662460211,0,0,0,0,0,0,0,0,0,2.24709871515251,0,0,0,0,0,0,0,0,0,0,0,0,0,0,0,0,0,0,0,0,32.1727755579058,0,0,0,0,0,0,0,0,0,0,0,0,0,0,0.521943330705101,0,0,0,0,0,0,0,0,0,0,0,0,0,0,0,0,0,0,0,0,0,0,0,0,0,0,0,0,0,0,0,0,0,0,0,0,0,0,0,0,0,0,0,0,0.0175865645082846,0,0,0,0,0,0,0,0.0244183815046862,0,0,0,0,0,0,0,0,0,0,0,0,0,0,4.38633333738138,0,0.31809483755596,0,0,0,0,0,0,0,0,0,0,0,0,0,0,0,0,0,0,0,0,0,0,0,0,0,0,0,0,0,0,0,0,0,0,0,0,0,0,0,0,3.85646695071147,0,0,0,0,0,0,0,0,0,0,0,0,0,0,0,0.247711497985169,0,0,0,0,0,0,0,0,0,0,0,0,0,0,0,0,0,0,0,0,0,0,0,0,0,0,0,0,0,0,0,0,0,0,0,0,0,0,0,0,0,0,0,0,0,0,0,0,0,0,0,0,0,0,0,0,0,0,0,0,0,0,0,0.0174192156537166,0,0,0,0,0,0,0,0,4.34146390542585,0,0,0,44.7530198701242,0,0,0,0,0,6.94634224868136,0,0,0,0,0,0,0,0,0,0,0,0.394755603583952,0,0,0,0,0,0,0,0,0,0,2.55655334634586,0,0,0,16.6128979547794,0,0,0,0,0,18.9033899819702,0,92.7469918720744,0.261673840546466,0,0,0,0,0,0,0,0,0,0,0,0,0,0,0,0,0,0,0,0,0,0,0,0,0,0,0,0,0,0,0.124598135842637,0,0,0,0,0,0.178309917462687,2.02656236045907,0,1.48794187837833,0,0,0,0,0,0,0,0.0622990679213183,0,0,0,0,0,0,0,0,0,0,0,0,1.118672508363,0,0,0,0,0,0,0,0,0,0,0,0,0,0,0,0,0,0,0,0,0.94460113936448,0,0,0,0,0,0,0,0,0,0,0,5.6466164919945,0,0,0,0,0,0,0,0.0483853662369046,0,0,0,0.326238805641032,0.268629004718174,0,0,0,0,0,0,0,0,0,0,0,0,0,0,0,0,0,0,0,0,0,0,0,0,0,0.673050958379836,0,0,0,0,0,0,0,0,1.05933530121966,0,0,0,0,0,0,0,0,0,0,0,0,0,0,0,0,0,0,23.7612429447243,0,0,0,0,7.71474122523867,0,0,0,0,0,0,0,0,0,0,0,0,0,0,0,0,0,0,0,0,0,0,0,0,0,0,0,0,0,0,0,0,0,0,0,0,0,0,0,0,0,0,0,0.119579278608032,0,0,0,0,0,0,0,0,7.68711297249383,0,0,0,0,0,0,0,7.49174377493896,0,0,114.405502,122.5082021,122.6446021,121.6450021,114.970102,111.8895019,110.7190019,126.5274022,133.0682023,133.4733023,103.0634018,"JAR-00230"
"340",4825,"nSPC",2012,"PRIAs","Pacific Remote Island Areas","Jarvis","Jarvis",2012,"ForereefShallow","Jarvis","2012-05-03","Forereef","Shallow",-0.38107224,-160.00964423,4.25,15,0,5,7.5,71.5,1,0,0,NA,0.4475,0.505897129577825,3.5,2,1,25.9399922650762,3.77811512680868,48.6164576876665,10.3380085125974,88.6725735921488,27.7922406538306,0,0,0,0,0,0.00282942121052258,0,0,0.00282942121052258,0,0,0,0.0226353696841807,0.00565884242104517,0,0,0.0198059484736581,0,0,0,0,0.00282942121052258,0,0,0,0,0,0,0,0,0,0,0,0,0,0,0,0,0,0,0,0.00848826363156775,0,0,0,0,0,0.0198059484736581,0,0,0,0,0,0,0,0,0,0,0,0,0,0,0,0,0,0,0,0,0,0,0,0,0,0,0,0,0.00282942121052258,0,0,0,0,0,0,0,0,0,0,0,0,0,0,0,0,0,0,0,0,0,0,0,0,0,0,0,0,0,0,0,0,0,0,0,0,0,0,0,0,0,0,0,0,0,0,0,0,0,0,0,0,0,0,0,0,0,0,0,0.00282942121052258,0,0.113176848420903,0,0,0,0,0,0,0,0,0,0,0,0,0,0,0,0,0,0,0,0,0,0,0,0,0,0,0,0,0,0,0,0,0.0113176848420903,0,0,0,0,0,0,0,0,0,0,0,0,0,0,0,0.00282942121052258,0,0,0,0,0,0,0,0,0,0,0,0.00848826363156775,0,0,0,1.45715192341913,0,0,0,0,0,0,0,0,0.00565884242104517,0,0,0,0,0.0311236333157484,0.00565884242104517,0,0,0,0,0,0,0.033953054526271,0,0,0,0,0,0,0,0,0,0,0,0,0,0,0.0169765272631355,0,0,0,0,0,0,0,0,0,0,0,0,0,0,0,0,0,0,0,0,0,0,0,0,0,0,0,0,0,0,0,0,0,0,0,0,0,0,0,0,0,0,0,0,0,0,0,0,0.00282942121052258,0,0,0,0,0,0,0,0,0,0.0169765272631355,0,0,0,0,0,0,0,0,0,0,0,0,0,0,0,0,0,0,0,0.00565884242104517,0,0,0,0,0,0.033953054526271,0,0,0,0,0,0,0,0,0,0,0,0,0,0,0,0,0,0,0,0,0,0,0,0,0,0,0,0,0,0,0,0,0,0.00282942121052258,0,0,0,0.00282942121052258,0,0,0,0,0,0,0,0,0,0,0,0,0.00565884242104517,0,0,0,0,0,0,0,0,0,0,0,0,0.0141471060526129,0,0,0,0.00282942121052258,0.0141471060526129,0,0,0,0,0,0,0,0,0,0,0,0,0,0,0,0,0,0,0,0,0,0,0,0.00282942121052258,0,0,0,0,0,0,0,0,0,0,0,0,0,0,0,0,0,0,0,0,0,0,0,0,0,0,0,0,0,0,0,0,0,0,0,0,0,0.0113176848420903,0,0.00282942121052258,0,0,0,0,0,0,0,0,0,0,0,0,0,0,0,0,0,0,0,0,0.0565884242104517,0,0,0,0.0424413181578388,0.0254647908947033,0,0,0,0,0,0.3508482301048,0,0,0,0,0,0,0,0,0,0,0,0,0,0,0,0,0,0,0,0,0,0,0,0,0,0,0,0,0,0,0,0,0,0.00282942121052258,0,0,0,0,0,0,0,0,0,0,0,0,0,0,0,0,0,0,0,0,0,0,0,0,0,0.0141471060526129,0,0,0,0,0,0,0,0,0,0,0,0.00282942121052258,0,0,0,0,0,0,0.00282942121052258,0,0,0,0,0,0,0,0,0,0.00565884242104517,0,0,0,0,0,0,0,0,0,0,0,0,0,0,0,0,0,0,0,0,0,0,0.138641639315607,0,0.0141471060526129,0.0537590029999291,0,0,0,0,0,0,0,0,0,0,0,0,0,0,0,0,0.206547748368149,0,0,0,0,0,0,0.00282942121052258,0.149959324157697,0,0.00282942121052258,0,0,0,0,0,0,0,0,0,0,0,0,0,0,0,0,0,0,0,0,0.289732731957513,0,0,1.38932236739325,0,0,0,4.56742310223146,0.797286614398979,0,0,2.32876037410794,0,0,0,0,0.468452961248233,0,0,0,0,0,0,0,0,0,0,0,0,0,0,0,0,0,0,0,0.706923815896041,0,0,0,0,0,0.194026059268479,0,0,0,0,0,0,0,0,0,0,0,0,0,0,0,0,0,0,0,0,0,0,0,0,0,0,0,0,0.387383452121338,0,0,0,0,0,0,0,0,0,0,0,0,0,0,0,0,0,0,0,0,0,0,0,0,0,0,0,0,0,0,0,0,0,0,0,0,0,0,0,0,0,0,0,0,0,0,0,0,0,0,0,0,0,0,0,0,0,0,0,0.0877238271159633,0,0.364995336157413,0,0,0,0,0,0,0,0,0,0,0,0,0,0,0,0,0,0,0,0,0,0,0,0,0,0,0,0,0,0,0,0,0.99653353946155,0,0,0,0,0,0,0,0,0,0,0,0,0,0,0,0.140994330926856,0,0,0,0,0,0,0,0,0,0,0,4.18159198573397,0,0,0,2.37794461506555,0,0,0,0,0,0,0,0,0.0303755191540065,0,0,0,0,0.327372010562993,0.226697754461006,0,0,0,0,0,0,0.151718054565753,0,0,0,0,0,0,0,0,0,0,0,0,0,0,1.77783584822364,0,0,0,0,0,0,0,0,0,0,0,0,0,0,0,0,0,0,0,0,0,0,0,0,0,0,0,0,0,0,0,0,0,0,0,0,0,0,0,0,0,0,0,0,0,0,0,0,0.0777029799939765,0,0,0,0,0,0,0,0,0,0.70279657218235,0,0,0,0,0,0,0,0,0,0,0,0,0,0,0,0,0,0,0,0.250556171487434,0,0,0,0,0,0.242044535106881,0,0,0,0,0,0,0,0,0,0,0,0,0,0,0,0,0,0,0,0,0,0,0,0,0,0,0,0,0,0,0,0,0,0.0281697810176619,0,0,0,0.0174192156537166,0,0,0,0,0,0,0,0,0,0,0,0,25.3913786282515,0,0,0,0,0,0,0,0,0,0,0,0,0.151910210082352,0,0,0,0.474639722654202,1.60302523162462,0,0,0,0,0,0,0,0,0,0,0,0,0,0,0,0,0,0,0,0,0,0,0,1.09998881411292,0,0,0,0,0,0,0,0,0,0,0,0,0,0,0,0,0,0,0,0,0,0,0,0,0,0,0,0,0,0,0,0,0,0,0,0,0,0.46088980970872,0,0.226955786527786,0,0,0,0,0,0,0,0,0,0,0,0,0,0,0,0,0,0,0,0,0.298568622488524,0,0,0,0.155855870009639,0.0815674854899478,0,0,0,0,0,1.03456804312784,0,0,0,0,0,0,0,0,0,0,0,0,0,0,0,0,0,0,0,0,0,0,0,0,0,0,0,0,0,0,0,0,0,0.0892197389045876,0,0,0,0,0,0,0,0,0,0,0,0,0,0,0,0,0,0,0,0,0,0,0,0,0,1.24985212704576,0,0,0,0,0,0,0,0,0,0,0,3.49211692377945,0,0,0,0,0,0,3.25287158460772,0,0,0,0,0,0,0,0,0,21.0472521454435,0,0,0,0,0,0,0,0,0,0,0,0,0,0,0,0,0,0,0,0,0,0,0.735691219027607,0,0.0726993802086578,0.398819686082093,0,0,0,0,0,0,0,0,0,0,0,0,0,0,0,0,0.487836072722857,0,0,0,0,0,0,0.586256074820279,2.96477393062308,0,0.204052929311152,0,0,0,0,0,0,0,0,0,0,0,0,0,0,0,78.68530142,78.04200132,78.15490133,76.74690132,92.27910158,88.16630153,89.75190157,92.98770161,103.4826018,112.016502,79.92570136,"JAR-00255"
"341",4826,"nSPC",2012,"PRIAs","Pacific Remote Island Areas","Jarvis","Jarvis",2012,"ForereefShallow","Jarvis","2012-05-03","Forereef","Shallow",-0.37680309,-160.01407549,3.8,12.5,0,5,13.5,62.5,6.5,0,0,NA,0.4625,0.598744745377131,3,2,1,18.8546360753714,29.803091352969,84.1753163253436,15.2132708879654,148.046314641649,55.0374647746004,0,0.00848826363156775,0,0,0,0.0311236333157484,0,0,0,0,0.0113176848420903,0,0,0,0,0,0.0763943726841098,0,0.00565884242104517,0,0,0.00565884242104517,0,0,0,0,0.0282942121052258,0,0,0,0,0,0,0,0,0,0,0,0,0,0,0.0169765272631355,0,0,0,0,0,0,0,0,0,0,0,0,0,0,0.00282942121052258,0,0,0,0,0,0,0,0,0.00565884242104517,0,0,0,0,0,0,0,0,0,0,0.00565884242104517,0,0,0,0,0,0,0,0,0,0,0,0,0,0,0,0,0,0,0,0,0,0,0,0.00282942121052258,0,0,0,0,0,0,0,0,0,0,0,0,0,0,0,0.00565884242104517,0,0,0,0.0254647908947033,0,0,0,0,0,0,0,0,0,0,0,0,0,0,0,0.0141471060526129,0,0.0848826363156775,0,0,0,0,0,0,0,0,0,0,0,0,0,0,0,0,0,0,0,0,0,0,0,0,0,0,0,0,0,0,0,0,0.00848826363156775,0.0113176848420903,0,0,0,0,0,0,0,0.00565884242104517,0,0,0,0,0,0,0,0,0,0,0,0,0,0,0,0.00565884242104517,0,0,0.00282942121052258,0,0,0,0.226353696841807,0,0,0,0,0,0,0,0,0,0,0,0,0,0.00848826363156775,0,0,0,0,0,0,0,0.0226353696841807,0,0.00282942121052258,0,0.00848826363156775,0,0,0,0,0,0,0,0,0,0,0.0311236333157484,0,0,0,0,0,0,0,0,0,0,0,0,0,0,0,0,0,0,0,0,0,0,0,0,0,0,0,0,0,0,0,0,0,0,0,0,0,0,0,0,0,0,0,0,0,0,0,0,0.00282942121052258,0,0,0,0,0,0,0,0,0,0.00282942121052258,0,0,0,0,0,0,0,0,0,0,0,0,0,0,0,0,0,0,0,0.00282942121052258,0,0,0,0,0,0,0,0,0,0,0,0,0,0,0.00282942121052258,0,0,0,0,0,0,0,0,0,0,0,0,0,0,0,0,0,0,0,0,0,0,0,0,0.00565884242104517,0,0,0,0.00282942121052258,0,0,0,0,0,0,0,0,0,0,0,0,0.00282942121052258,0,0,0,0,0,0,0,0,0,0,0,0,0.0113176848420903,0,0,0,0.0169765272631355,0.00282942121052258,0,0,0,0,0,0,0,0,0,0,0.0113176848420903,0,0,0,0.113176848420903,0,0,0,0,0,0,0,0,0,0,0,0,0,0,0,0,0,0,0,0,0,0,0,0,0,0,0,0,0,0,0,0.00282942121052258,0,0,0,0,0,0,0,0.0282942121052258,0,0,0,0,0.00282942121052258,0,0.00565884242104517,0,0,0,0,0,0,0,0,0,0,0,0,0,0,0,0,0,0,0,0,0,0,0.0396118969473162,0,0,0,0.0141471060526129,0.033953054526271,0,0,0,0,0,0.0113176848420903,0,0,0,0,0,0,0,0,0,0.00565884242104517,0,0,0,0,0,0,0,0,0,0,0,0,0,0,0,0,0,0,0,0,0,0,0,0,0,0,0,0,0,0,0,0,0,0,0,0,0,0,0,0,0,0,0,0,0,0,0,0,0,0.00565884242104517,0,0,0,0,0,0,0,0,0,0.00282942121052258,0,0,0,0,0,0,0,0,0.0141471060526129,0,0,0,0,0,0,0,0,0,0.00848826363156775,0,0,0,0,0,0,0,0,0,0,0,0,0,0,0,0,0,0,0,0,0,0,0.110347427210381,0,0,0.00848826363156775,0,0,0,0,0,0,0.00565884242104517,0,0,0,0,0,0,0,0,0,0.308406911946962,0,0,0,0,0,0,0.00282942121052258,0.0509295817894065,0,0.00282942121052258,0,0,0,0,0,0,0,0,0,0,0,0,0,0,0,0,0.811788673626792,0,0,0,3.90219626249222,0,0,0,0,0.248719705626746,0,0,0,0,0,5.9875314304649,0,2.61074273444444,0,0,0.879472122968941,0,0,0,0,2.44953191231932,0,0,0,0,0,0,0,0,0,0,0,0,0,0,0.973739650758926,0,0,0,0,0,0,0,0,0,0,0,0,0,0,0.522164025559522,0,0,0,0,0,0,0,0,0.850935378225139,0,0,0,0,0,0,0,0,0,0,0.884514223941237,0,0,0,0,0,0,0,0,0,0,0,0,0,0,0,0,0,0,0,0,0,0,0,0.367235344118342,0,0,0,0,0,0,0,0,0,0,0,0,0,0,0,4.33562154637282,0,0,0,0.269904196066372,0,0,0,0,0,0,0,0,0,0,0,0,0,0,0,0.530726591516797,0,0.140158209084447,0,0,0,0,0,0,0,0,0,0,0,0,0,0,0,0,0,0,0,0,0,0,0,0,0,0,0,0,0,0,0,0,0.999602327750517,0.0186877612112596,0,0,0,0,0,0,0,0.666401551833678,0,0,0,0,0,0,0,0,0,0,0,0,0,0,0,2.35886241112549,0,0,4.33317598510144,0,0,0,0.596402379281213,0,0,0,0,0,0,0,0,0,0,0,0,0,0.101187591097702,0,0,0,0,0,0,0,0.0304059851964272,0,1.83302631167601,0,0.0310228175304128,0,0,0,0,0,0,0,0,0,0,6.14338151160549,0,0,0,0,0,0,0,0,0,0,0,0,0,0,0,0,0,0,0,0,0,0,0,0,0,0,0,0,0,0,0,0,0,0,0,0,0,0,0,0,0,0,0,0,0,0,0,0,0.0777029799939765,0,0,0,0,0,0,0,0,0,0.0569174580230593,0,0,0,0,0,0,0,0,0,0,0,0,0,0,0,0,0,0,0,0.0522482505756064,0,0,0,0,0,0,0,0,0,0,0,0,0,0,0.237706183564786,0,0,0,0,0,0,0,0,0,0,0,0,0,0,0,0,0,0,0,0,0,0,0,0,0.056178241948063,0,0,0,0.0174192156537166,0,0,0,0,0,0,0,0,0,0,0,0,10.7194576247723,0,0,0,0,0,0,0,0,0,0,0,0,0.0795803009671582,0,0,0,5.81094890088762,0.820905134231116,0,0,0,0,0,0,0,0,0,0,1.97144111132506,0,0,0,22.4645653859059,0,0,0,0,0,0,0,0,0,0,0,0,0,0,0,0,0,0,0,0,0,0,0,0,0,0,0,0,0,0,0,0.0653437642274952,0,0,0,0,0,0,0,0.41349598191675,0,0,0,0,2.24542867267072,0,0.501237614479218,0,0,0,0,0,0,0,0,0,0,0,0,0,0,0,0,0,0,0,0,0,0,0.236983564879928,0,0,0,0.0361045941939586,0.11226419703079,0,0,0,0,0,0.0526547190690483,0,0,0,0,0,0,0,0,0,0.47784510348638,0,0,0,0,0,0,0,0,0,0,0,0,0,0,0,0,0,0,0,0,0,0,0,0,0,0,0,0,0,0,0,0,0,0,0,0,0,0,0,0,0,0,0,0,0,0,0,0,0,0.367000954981562,0,0,0,0,0,0,0,0,0,0.529667650609828,0,0,0,0,0,0,0,0,27.6488636982298,0,0,0,0,0,0,0,0,0,27.3886010763706,0,0,0,0,0,0,0,0,0,0,0,0,0,0,0,0,0,0,0,0,0,0,0.512005322289921,0,0,0.0854358552400272,0,0,0,0,0,0,0.441020401084148,0,0,0,0,0,0,0,0,0,0.772328716598481,0,0,0,0,0,0,0.300163110307983,0.447248874284273,0,0.170411340853387,0,0,0,0,0,0,0,0,0,0,0,0,0,0,0,97.16520172,107.5534019,106.9841018,105.7794018,93.53910161,89.71050155,88.64030154,103.8364018,105.2603018,103.9874018,84.93180147,"JAR-00263"
"342",4827,"nSPC",2012,"PRIAs","Pacific Remote Island Areas","Jarvis","Jarvis",2012,"ForereefDeep","Jarvis","2012-05-03","Forereef","Deep",-0.38190448,-159.99801535,22.95,30,0,12.5,17.5,37.5,2.5,0,0,NA,0.33125,0.184277485685973,0.65,2,1,57.2608201020224,181.066980542977,6.83703062162195,10.8431389126547,256.007970179276,0,0,0,0,0,0,0,0,0,0,0,0,0,0,0,0,0.0141471060526129,0.0141471060526129,0,0,0,0,0,0,0,0,0,0,0,0,0,0,0,0,0,0,0,0,0,0,0,0,0,0,0,0,0,0,0,0,0,0,0,0,0,0,0,0.00282942121052258,0,0,0,0,0,0,0,0,0,0,0,0,0,0,0,0,0,0,0,0.00282942121052258,0,0,0,0,0,0,0,0,0,0,0,0,0,0,0,0,0,0,0,0,0,0,0,0,0,0,0,0,0,0,0,0,0,0,0,0,0,0,0,0.00565884242104517,0,0,0,0.0226353696841807,0,0,0,0.00282942121052258,0.0509295817894065,0.0367824757367936,0,0,0,0,0,0,0,0,0,0.00848826363156775,0,0,0,0,0,0,0,0,0,0,0,0,0,0,0,0,0,0,0,0,0,0,0,0,0,0,0,0,0,0,0,0,0,0,0,0.198059484736581,0,0,0,0,0,0,0,0,0,0,0,0,0,0,0,0,0,0,0,0,0,0,0,0,0,0,0,0,0,0,0,0,0,0,0,0,0,0,0,0,0,0,0,0,0,0,0,0,0,0,0,0,0,0,0,0,0,0,0,0,0,0,0,0,0.0198059484736581,0,0,0.033953054526271,0,0,0,0,0,0,0,0,0,0,0,0,0,0,0,0,0,0,0,0,0,0,0,0,0,0,0,0,0,0,0,0,0,0,0,0,0,0,0,0.00565884242104517,0,0,0,0,0,0,0,0,0,0,0,0,0,0,0,0,0,0,0,0,0.00565884242104517,0,0,0,0,0.0226353696841807,0,0,0,0,0,0,0,0,0,0,0,0,0,0,0,0,0,0,0,0,0,0,0,0,0,0,0,0,0,0,0,0,0,0,0,0,0,0,0,0,0,0,0,0,0,0,0,0,0,0,0,0.00565884242104517,0.0113176848420903,0,0,0,0.00848826363156775,0,0,0,0,0,0,0,0,0,0,0,0,0.00565884242104517,0,0,0,0,0,11.3176848420903,0,0,0,0,0,0,0,0,0,0,0.00565884242104517,0,0,0,0,0,0,0,0,0,0,0,0,0,0,0,0,0,0,0,0,0,0,0,0.0735649514735872,0.00282942121052258,0,0,0,0,0,0,0,0,0,0,0,0,0,0,0,0,0,0,0,0,0,0,0,0,0,0,0,0,0,0,0,0,0,0,0,0,0.00565884242104517,0,0,0.00282942121052258,0,0,0,0,0,0,0,0,0,0,0,0,0,0,0,0,0,0,0,0,0.0226353696841807,0,0,0,0,0.0311236333157484,0,0,0,0,0,0,0,0,0,0,0,0,0,0,0,0.00282942121052258,0,0,0,0,0,0,0,0,0,0,0,1.98059484736581,0,0,0,0,0,0,0,0,0,0,0,0,0.0169765272631355,0.565884242104517,0,0,0,0.00565884242104517,0,0,0,0,0,0,0,0,0,0,0,0,0,0,0,0,0,0,0,0,0.00565884242104517,0,0,0,0,0,0,0,0,0.0282942121052258,0,0,0,0,0,0,0,0,0,0,0,0,0,0,0,0,0,0,0,0,0,0,0,0,0,0,0,0,0,0,0,0,0,0,0,0,0,0,0,0,0,0,0,0,0,0,0,0,0,0,0.00848826363156775,0,0,0,0,0,0,0,0,0,0,0,0,0,0,0,0,0,0,0,0,0,0,0,0,0,0,0,0,0,0.00282942121052258,0,0,0,0,0,0,0,0,0,0,0,0,0,0,0,0,0,0,0,0,0,8.95540120094099,1.31569562020666,0,0,0,0,0,0,0,0,0,0,0,0,0,0,0,0,0,0,0,0,0,0,0,0,0,0,0,0,0,0,0,0,0,0,0,0,0,0,0,0.973501979377242,0,0,0,0,0,0,0,0,0,0,0,0,0,0,0,0,0,0,0,0.690217876139193,0,0,0,0,0,0,0,0,0,0,0,0,0,0,0,0,0,0,0,0,0,0,0,0,0,0,0,0,0,0,0,0,0,0,0,0,0,0,0,5.41965024964324,0,0,0,0.16927299053352,0,0,0,0.0728496737915671,0.230730475910333,20.9115253001698,0,0,0,0,0,0,0,0,0,1.28397279203787,0,0,0,0,0,0,0,0,0,0,0,0,0,0,0,0,0,0,0,0,0,0,0,0,0,0,0,0,0,0,0,0,0,0,0,0.919423251780524,0,0,0,0,0,0,0,0,0,0,0,0,0,0,0,0,0,0,0,0,0,0,0,0,0,0,0,0,0,0,0,0,0,0,0,0,0,0,0,0,0,0,0,0,0,0,0,0,0,0,0,0,0,0,0,0,0,0,0,0,0,0,0,0,0.967394617597722,0,0,2.77746059641619,0,0,0,0,0,0,0,0,0,0,0,0,0,0,0,0,0,0,0,0,0,0,0,0,0,0,0,0,0,0,0,0,0,0,0,0,0,0,0,3.42243262202385,0,0,0,0,0,0,0,0,0,0,0,0,0,0,0,0,0,0,0,0,4.25754542850979,0,0,0,0,5.6286772712445,0,0,0,0,0,0,0,0,0,0,0,0,0,0,0,0,0,0,0,0,0,0,0,0,0,0,0,0,0,0,0,0,0,0,0,0,0,0,0,0,0,0,0,0,0,0,0,0,0,0,0,0.0486581501351053,0.0211725483160803,0,0,0,0.0144465607471095,0,0,0,0,0,0,0,0,0,0,0,0,15.1660666493818,0,0,0,0,0,13.5535076297513,0,0,0,0,0,0,0,0,0,0,1.38043575227839,0,0,0,0,0,0,0,0,0,0,0,0,0,0,0,0,0,0,0,0,0,0,0,150.034145690369,1.37647632095751,0,0,0,0,0,0,0,0,0,0,0,0,0,0,0,0,0,0,0,0,0,0,0,0,0,0,0,0,0,0,0,0,0,0,0,0,0.124598135842637,0,0,1.73566329119672,0,0,0,0,0,0,0,0,0,0,0,0,0,0,0,0,0,0,0,0,0.112667718498785,0,0,0,0,0.252909800556907,0,0,0,0,0,0,0,0,0,0,0,0,0,0,0,0.624736203283387,0,0,0,0,0,0,0,0,0,0,0,5.30879633185355,0,0,0,0,0,0,0,0,0,0,0,0,0.113965274994862,0.0799572153952588,0,0,0,0.0223195522751254,0,0,0,0,0,0,0,0,0,0,0,0,0,0,0,0,0,0,0,0,0.795987521758729,0,0,0,0,0,0,0,0,5.35878003813228,0,0,0,0,0,0,0,0,0,0,0,0,0,0,0,0,0,0,0,0,0,0,0,0,0,0,0,0,0,0,0,0,0,0,0,0,0,0,0,0,0,0,0,0,0,0,0,0,0,0,1.05161437662038,0,0,0,0,0,0,0,0,0,0,0,0,0,0,0,0,0,0,0,0,0,0,0,0,0,0,0,0,0,0.835313470608003,0,0,0,0,0,0,78.45940142,73.50040123,74.28110127,74.02350127,89.78000154,86.83440152,87.19340153,87.87870152,96.85880168,114.304402,79.67600137,"JAR-00218"
"343",4828,"nSPC",2012,"PRIAs","Pacific Remote Island Areas","Jarvis","Jarvis",2012,"ForereefShallow","Jarvis","2012-05-03","Forereef","Shallow",-0.37919512,-159.98160224,6.75,20,0,12.5,47.5,19.5,0.5,0,0,NA,0.4575,0.264062067201109,1.2,2,1,35.7486759104692,38.3961271371197,27.9828124371844,42.4944680701463,144.62208355492,13.9120212423573,0,0,0,0,0,0,0,0,0,0,0,0,0,0,0,0,0.0650766878420194,0,0,0,0,0,0,0,0,0,0,0,0,0,0,0,0,0,0,0,0,0,0,0,0,0,0,0,0,0,0,0,0,0,0,0,0,0,0,0,0.00848826363156775,0,0,0,0,0,0,0,0,0,0,0,0,0,0,0,0,0,0,0,0,0,0,0,0,0,0,0,0,0,0,0,0,0,0,0,0,0,0,0,0,0,0,0,0,0,0,0,0,0,0,0,0,0,0,0.0622472666314968,0,0,0,0,0.00848826363156775,0,0,0,0.00565884242104517,0,0,0,0,0,0,0,0,0,0,0,0,0,0,0,0.00848826363156775,0,0,0,0,0,0,0,0,0,0,0,0,0,0,0,0,0,0,0,0,0,0,0,0,0,0,0,0,0,0,0,0,0,0,0,0.147129902947174,0,0,0,0,0,0,0,0,0,0,0,0,0,0,0,0,0,0,0,0,0,0,0,0.00282942121052258,0,0,0,0,0,0,0.537590029999291,0,0,0,0,0,0,0,0,0,0,0,0,0,0,0,0,0,0.00565884242104517,0,0,0,0,0,0.00565884242104517,0,0,0,0,0,0,0,0,0,0,0,0,0.0226353696841807,0,0.0169765272631355,0,0,0,0,0,0,0,0,0,0,0,0,0,0,0,0,0,0,0,0,0,0,0,0,0,0,0,0,0,0,0,0,0,0,0,0,0,0,0,0,0,0.00282942121052258,0,0,0,0,0.00565884242104517,0,0,0,0,0,0.0282942121052258,0,0,0,0.00282942121052258,0,0,0,0,0,0,0,0,0,0,0,0,0,0,0,0,0,0,0,0.00282942121052258,0,0,0,0,0,0,0,0,0,0,0,0,0,0,0.00565884242104517,0,0,0,0,0,0,0,0,0,0,0,0,0,0,0,0,0,0,0,0,0,0,0,0,0.00282942121052258,0,0,0,0.00565884242104517,0,0,0,0,0,0,0,0,0,0,0,0,0.00565884242104517,0,0,0.00565884242104517,0,0,0,0,0,0,0,0,0,0,0,0,0,0.0254647908947033,0,0.00848826363156775,0,0,0,0,0,0,0.00848826363156775,0.0113176848420903,0,0.00565884242104517,0,0,0,0,0,0,0,0,0,0,0,0,0,0,0,0,0,0,0,0,0,0,0,0,0,0,0,0,0,0,0,0,0,0,0,0,0,0,0,0,0,0,0,0,0,0,0,0,0,0,0.00282942121052258,0,0.00848826363156775,0,0,0,0,0,0,0,0,0,0,0,0,0,0.00848826363156775,0,0,0,0,0,0,0.101859163578813,0,0,0,0,0,0,0,0,0,0,0,0,0,0,0.00282942121052258,0,0,0,0,0,0,0,0,0,0,0,0,0,0,0,0,0,0,0,0,0,0,0,0,0,0.00282942121052258,0,0,0,0,0,1.01859163578813,0,0,0,0,0,0,0,0,0,0,0,0,0,0,0.254647908947033,0,0,0,0,0,0,0,0,0,0,0,0,0,0,0,0,0,0,0,0,0,0,0,0,0,0,0,0.00565884242104517,0,0,0,0,0,0,0,0,0,0.00565884242104517,0,0,0,0,0,0,0,0,0,0,0,0,0,0,0,0,0,0,0,0,0,0,0.0905414787367227,0,0.00565884242104517,0,0,0,0,0,0,0,0,0,0,0,0,0,0,0,0,0,0.033953054526271,0,0,0,0,0,0,0,0.033953054526271,0,0,0,0,0,0,0.00282942121052258,0,0,0,0,0,0,0,0,0,0,0,0,0,0,0,0,0,0,0,0,0,0,0,0,0,0,7.75382616982865,0,0,0,0,0,0,0,0,0,0,0,0,0,0,0,0,0,0,0,0,0,0,0,0,0,0,0,0,0,0,0,0,0,0,0,0,0,0,0,5.70411316041353,0,0,0,0,0,0,0,0,0,0,0,0,0,0,0,0,0,0,0,0,0,0,0,0,0,0,0,0,0,0,0,0,0,0,0,0,0,0,0,0,0,0,0,0,0,0,0,0,0,0,0,0,0,0,2.79726685872384,0,0,0,0,6.23981784725299,0,0,0,0.0506087762480694,0,0,0,0,0,0,0,0,0,0,0,0,0,0,0,0.827775219753946,0,0,0,0,0,0,0,0,0,0,0,0,0,0,0,0,0,0,0,0,0,0,0,0,0,0,0,0,0,0,0,0,0,0,0,0.681227295404196,0,0,0,0,0,0,0,0,0,0,0,0,0,0,0,0,0,0,0,0,0,0,0,1.22900233167616,0,0,0,0,0,0,1.15484524360206,0,0,0,0,0,0,0,0,0,0,0,0,0,0,0,0,0,0.0208409282869626,0,0,0,0,0,8.43768838246266,0,0,0,0,0,0,0,0,0,0,0,0,3.64687637366137,0,1.69944558995974,0,0,0,0,0,0,0,0,0,0,0,0,0,0,0,0,0,0,0,0,0,0,0,0,0,0,0,0,0,0,0,0,0,0,0,0,0,0,0,0,0,1.76526007145056,0,0,0,0,0.155405959987953,0,0,0,0,0,9.68734577195407,0,0,0,0.145906664493883,0,0,0,0,0,0,0,0,0,0,0,0,0,0,0,0,0,0,0,0.236265071445519,0,0,0,0,0,0,0,0,0,0,0,0,0,0,1.69340859449777,0,0,0,0,0,0,0,0,0,0,0,0,0,0,0,0,0,0,0,0,0,0,0,0,0.0054076140822457,0,0,0,0.0126666378617977,0,0,0,0,0,0,0,0,0,0,0,0,16.856867016609,0,0,1.39561111624549,0,0,0,0,0,0,0,0,0,0,0,0,0,8.93450919569584,0,15.1748502228286,0,0,0,0,0,0,0.941878740676954,2.04084364678092,0,0.98572055566253,0,0,0,0,0,0,0,0,0,0,0,0,0,0,0,0,0,0,0,0,0,0,0,0,0,0,0,0,0,0,0,0,0,0,0,0,0,0,0,0,0,0,0,0,0,0,0,0,0,0,0.39109720231686,0,2.05976247280124,0,0,0,0,0,0,0,0,0,0,0,0,0,0.623814094910877,0,0,0,0,0,0,0.944305835056345,0,0,0,0,0,0,0,0,0,0,0,0,0,0,0.00276763937735624,0,0,0,0,0,0,0,0,0,0,0,0,0,0,0,0,0,0,0,0,0,0,0,0,0,0.00302408538980654,0,0,0,0,0,4.03279827615781,0,0,0,0,0,0,0,0,0,0,0,0,0,0,17.0895230285989,0,0,0,0,0,0,0,0,0,0,0,0,0,0,0,0,0,0,0,0,0,0,0,0,0,0,0,7.09143866622573,0,0,0,0,0,0,0,0,0,6.82058257613152,0,0,0,0,0,0,0,0,0,0,0,0,0,0,0,0,0,0,0,0,0,0,0.899193356842321,0,0.0260665969749247,0,0,0,0,0,0,0,0,0,0,0,0,0,0,0,0,0,0.0733541595934032,0,0,0,0,0,0,0,0.325329114322855,0,0,0,0,0,0,3.9637453926724,0,0,0,0,0,0,0,0,0,0,112.419302,104.1952018,98.68590169,105.9809018,119.788802,132.3178023,117.726302,115.133102,132.8494023,135.1364024,124.0348022,"JAR-00259"
"344",4829,"nSPC",2012,"PRIAs","Pacific Remote Island Areas","Jarvis","Jarvis",2012,"ForereefShallow","Jarvis","2012-05-03","Forereef","Shallow",-0.3813377,-159.98648302,3.95,12.5,0,15,19,50,3.5,0,0,NA,0.8775,0.849620433208928,3.25,2,1,13.2828458167608,17.1703676839311,32.8037888043176,8.33679367160319,71.5937959766126,11.9745909234311,0,0,0,0,0,0,0,0,0,0,0,0,0.0169765272631355,0,0,0,0.0565884242104517,0,0,0,0,0,0,0,0,0,0,0,0,0,0,0,0,0,0,0,0,0,0,0,0,0.0141471060526129,0,0,0,0,0,0,0,0,0,0,0,0,0,0,0,0,0,0,0,0,0,0,0,0,0,0,0,0,0,0,0,0,0,0,0,0,0,0,0,0,0,0,0,0,0,0,0,0,0,0,0,0,0,0.00565884242104517,0,0,0,0,0,0,0,0,0,0,0,0,0,0,0,0,0,0,0,0,0.00565884242104517,0,0,0,0,0,0,0,0,0,0,0,0,0,0,0,0,0,0,0,0.00565884242104517,0,0,0,0,0,0,0,0,0,0,0,0,0,0,0,0,0,0,0,0,0,0,0,0,0,0,0,0,0,0,0,0,0,0,0,0,0,0,0.00565884242104517,0,0,0,0,0.00565884242104517,0,0,0,0,0,0,0,0,0,0,0,0,0,0,0,0,0,0,0,0,0,0,0.452707393683613,0,0,0,0,0,0,0,0,0,0,0,0,0,0,0.00282942121052258,0,0,0.0424413181578388,0,0,0,0,0,0.00565884242104517,0,0,0,0,0,0,0,0,0,0,0,0,0.0113176848420903,0,0,0,0,0,0,0,0,0,0,0,0,0,0,0,0,0,0,0,0,0,0,0,0,0,0,0,0,0,0,0,0,0,0,0,0,0.00282942121052258,0,0,0,0,0,0,0,0,0,0,0,0,0,0,0,0,0,0,0,0,0,0.00282942121052258,0,0,0,0,0,0,0,0,0,0,0,0,0,0,0,0,0,0,0,0,0,0,0,0,0.00282942121052258,0,0,0,0,0,0,0,0,0,0.00565884242104517,0,0,0,0,0,0,0,0,0,0,0,0,0,0,0,0,0,0,0,0,0,0,0,0,0.00282942121052258,0,0,0,0.00282942121052258,0,0,0,0,0,0,0,0,0,0,0,0,0.00282942121052258,0,0,0,0,0,0,0,0,0,0,0,0,0,0,0,0,0.0424413181578388,0.0141471060526129,0,0,0,0,0,0,0,0,0,0,0,0,0,0,0,0,0,0,0,0,0,0,0,0,0,0,0,0,0,0,0,0,0,0,0,0,0,0,0,0,0,0,0,0,0,0,0,0,0,0,0,0,0,0,0.00282942121052258,0,0,0,0,0,0,0,0,0,0,0,0,0,0,0,0,0,0,0,0,0,0,0,0,0,0,0,0,0,0.033953054526271,0,0,0,0.00282942121052258,0,0,0,0,0,0,0.118835690841949,0,0,0,0,0,0,0,0,0,0,0,0,0,0,0,0,0,0,0,0,0,0,0,0,0,0,0,0,0,0,0,0,0,0,0,0,0,0,0,0,0,0,0,0,0,0,0,0,0,0,0,0,0,0,0,0,0,0,0,0.00282942121052258,0,0,0,0,0,0,0,0,0,0.00282942121052258,0,0,0,0,0,0,0,0,0.00565884242104517,0,0,0,0,0,0,0,0,0,0.00848826363156775,0,0,0,0,0,0,0,0,0,0,0,0,0,0,0,0,0,0,0,0,0,0,0.248989066525987,0,0.00565884242104517,0.0735649514735872,0,0,0,0,0,0.00565884242104517,0,0,0,0,0,0,0,0,0,0,0.121665112052471,0,0,0,0,0,0,0,0.130153375684039,0,0.00848826363156775,0,0,0,0,0,0,0,0,0,0,0,0,0,0,0,0,0,0,0,0,0,0,0,0,0,0,0,3.79462700067449,0,0,0,9.90080919513258,0,0,0,0,0,0,0,0,0,0,0,0,0,0,0,0,0,0,0,0,0,0,0,0,0.426768674736148,0,0,0,0,0,0,0,0,0,0,0,0,0,0,0,0,0,0,0,0,0,0,0,0,0,0,0,0,0,0,0,0,0,0,0,0,0,0,0,0,0,0,0,0,0,0,0,0,0,0,0,0,0,0.0623653918295378,0,0,0,0,0,0,0,0,0,0,0,0,0,0,0,0,0,0,0,0,1.6737264362946,0,0,0,0,0,0,0,0,0,0,0,0,0,0,0,0,0,0,0,0.39858092106148,0,0,0,0,0,0,0,0,0,0,0,0,0,0,0,0,0,0,0,0,0,0,0,0,0,0,0,0,0,0,0,0,0,0,0,0,0,0,0.358222584828211,0,0,0,0,0.447063356309831,0,0,0,0,0,0,0,0,0,0,0,0,0,0,0,0,0,0,0,0,0,0,1.03695175002321,0,0,0,0,0,0,0,0,0,0,0,0,0,0,0.297480253116166,0,0,0.166110011939201,0,0,0,0,0,1.63733156453172,0,0,0,0,0,0,0,0,0,0,0,0,1.28558713975828,0,0,0,0,0,0,0,0,0,0,0,0,0,0,0,0,0,0,0,0,0,0,0,0,0,0,0,0,0,0,0,0,0,0,0,0,0.491080834632434,0,0,0,0,0,0,0,0,0,0,0,0,0,0,0,0,0,0,0,0,0,0.41376296570692,0,0,0,0,0,0,0,0,0,0,0,0,0,0,0,0,0,0,0,0,0,0,0,0,0.0299918648315394,0,0,0,0,0,0,0,0,0,1.14305080128599,0,0,0,0,0,0,0,0,0,0,0,0,0,0,0,0,0,0,0,0,0,0,0,0,0.00889828028477043,0,0,0,0.00785111761276115,0,0,0,0,0,0,0,0,0,0,0,0,10.7194576247723,0,0,0,0,0,0,0,0,0,0,0,0,0,0,0,0,15.8728245134806,1.93691726060669,0,0,0,0,0,0,0,0,0,0,0,0,0,0,0,0,0,0,0,0,0,0,0,0,0,0,0,0,0,0,0,0,0,0,0,0,0,0,0,0,0,0,0,0,0,0,0,0,0,0,0,0,0,0,0.110140412162358,0,0,0,0,0,0,0,0,0,0,0,0,0,0,0,0,0,0,0,0,0,0,0,0,0,0,0,0,0,0.139620007438036,0,0,0,0.0131636797672621,0,0,0,0,0,0,0.664891303396715,0,0,0,0,0,0,0,0,0,0,0,0,0,0,0,0,0,0,0,0,0,0,0,0,0,0,0,0,0,0,0,0,0,0,0,0,0,0,0,0,0,0,0,0,0,0,0,0,0,0,0,0,0,0,0,0,0,0,0,0.223588252710959,0,0,0,0,0,0,0,0,0,0.529667650609828,0,0,0,0,0,0,0,0,5.28246825839775,0,0,0,0,0,0,0,0,0,6.69212266503331,0,0,0,0,0,0,0,0,0,0,0,0,0,0,0,0,0,0,0,0,0,0,2.2560623530205,0,0.0367926909385261,0.761828224528528,0,0,0,0,0,0.606754665606273,0,0,0,0,0,0,0,0,0,0,0.223798729488705,0,0,0,0,0,0,0,1.51849094584205,0,0.424946594222367,0,0,0,0,0,0,0,0,0,0,0,0,0,0,0,103.7671019,97.96770166,96.50480166,97.96050166,116.923102,126.6569022,115.611402,111.7442019,125.3220022,133.0878024,121.7903021,"JAR-00262"
"345",4830,"nSPC",2012,"PRIAs","Pacific Remote Island Areas","Jarvis","Jarvis",2012,"ForereefMid","Jarvis","2012-05-03","Forereef","Mid",-0.38226591,-159.98170576,10.85,30,0,12.5,25,32.5,0,0,0,NA,0.44375,0.29507486408728,1.25,2,1,36.613031460252,252.418085885486,60.9705074969907,7.91675184217282,357.918376684901,9.34907285718847,0,0,0,0,0,0,0,0,0,0,0,0,0,0,0,0,0.104688584789336,0,0,0,0,0,0,0,0,0,0,0,0,0,0,0,0,0,0,0,0,0,0,0,0,0.00282942121052258,0,0,0,0,0,0,0,0,0,0,0,0,0,0,0.00565884242104517,0,0,0,0,0,0,0,0,0.00565884242104517,0,0,0,0,0,0,0,0,0,0,0.00282942121052258,0,0,0,0,0,0,0,0,0,0,0,0,0,0,0,0,0,0,0,0,0,0,0,0.00282942121052258,0,0,0,0,0,0,0,0,0,0,0,0,0,0,0,0.00565884242104517,0,0,0,0.0141471060526129,0,0,0,0,0.00565884242104517,0.00565884242104517,0,0,0,0,0,0,0,0,0,0.00282942121052258,0,0,0,0,0,0,0,0,0,0,0,0,0,0,0,0,0,0,0,0,0,0,0,0,0,0,0,0,0,0,0,0,0,0,0,0.0565884242104517,0,0,0.0113176848420903,0,0,0,0,0,0,0,0,0,0,0,0,0,0,0,0.00282942121052258,0,0,0,0,0,0,0,0.0226353696841807,0,0,0,0.0565884242104517,0,0,0,0,0,0,0,0,0,0,0,0,0,0,0,0,0,0,0,0,0,0,0,0,0,0,0,0,0,0,0,0,0,0,0,0,0.0367824757367936,0,0,0,0,0,0,0,0,0,0,0,0,0,0,0,0,0,0,0,0,0,0,0,0,0,0,0,0,0,0,0,0,0,0,0,0,0,0,0,0,0,0,0,0.00282942121052258,0,0,0,0,0,0,0,0,0,0,0,0,0,0,0.0169765272631355,0,0,0,0,0,0,0,0,0,0,0,0,0,0,0,0,0,0,0,0.00282942121052258,0,0,0,0,0,0,0,0,0,0,0,0,0,0,0.00282942121052258,0,0,0,0,0,0,0,0,0,0,0,0,0,0,0,0,0,0,0.00282942121052258,0,0,0,0,0,0.00848826363156775,0,0,0,0.0113176848420903,0,0,0,0,0,0,0,0,0,0,0,0,0.00848826363156775,0,0,0.00282942121052258,0,0,0,0,0,0,0,0,0,0,0,0,0,0,0.00565884242104517,0,0,0,0,0,0,0,0,0,0,0,0,0,0,0,0,0,0,0,0,0,0,0.0311236333157484,0,0,0,0,0,0,0,0,0,0,0,0,0,0,0,0,0,0,0,0,0,0,0,0,0,0,0,0,0,0,0,0.00565884242104517,0,0,0,0,0,0,0.00282942121052258,0,0.00282942121052258,0,0,0,0,0,0,0,0.00282942121052258,0,0,0,0,0,0,0,0,0,0,0,0,0.0763943726841098,0,0,0,0,0,0,0,0,0,0,0,0,0,0,0,0,0,0,0,0,0.00282942121052258,0,0,0,0,0,0,0,0,0,0,0,0.565884242104517,0,0,0,0,0,0,0,0,0,0,0,0.00565884242104517,0,1.49959324157697,0,0,0,0,0,0,0,0,0,0,0,0,0,0,4.52707393683613,0,0,0,0,0,0,0,0,0,0,0,0,0,0,0,0,0,0,0.00282942121052258,0,0,0,0,0,0,0,0,0.00282942121052258,0,0,0,0,0,0,0,0,0,0.00282942121052258,0,0,0,0,0,0,0,0,0,0,0,0,0,0,0,0,0,0,0,0,0,0,0.0707355302630646,0,0,0,0,0,0,0,0,0,0,0,0,0,0,0,0,0,0,0,0,0,0,0,0,0,0,0,0.0141471060526129,0,0,0,0,0,0,0,0,0,0,0,0,0,0,0,0,0,0,0,0,0,0,0,0,0,0,0,0,0,0,0,0,0,12.8964941138983,0,0,0,0,0,0,0,0,0,0,0,0,0,0,0,0,0,0,0,0,0,0,0,0,0.145959937276623,0,0,0,0,0,0,0,0,0,0,0,0,0,0,3.53155906044103,0,0,0,0,0,0,0,0,0.259960517392889,0,0,0,0,0,0,0,0,0,0,0.474639722654202,0,0,0,0,0,0,0,0,0,0,0,0,0,0,0,0,0,0,0,0,0,0,0,1.26092385751765,0,0,0,0,0,0,0,0,0,0,0,0,0,0,0,6.07833997030251,0,0,0,0.131197279339967,0,0,0,0,0.0599594536876566,2.90854655973236,0,0,0,0,0,0,0,0,0,0.109917918403555,0,0,0,0,0,0,0,0,0,0,0,0,0,0,0,0,0,0,0,0,0,0,0,0,0,0,0,0,0,0,0,0,0,0,0,0.193447528163429,0,0,0.805285941138042,0,0,0,0,0,0,0,0,0,0,0,0,0,0,0,2.02646657986184,0,0,0,0,0,0,0,27.60203620423,0,0,0,0.0934388060562978,0,0,0,0,0,0,0,0,0,0,0,0,0,0,0,0,0,0,0,0,0,0,0,0,0,0,0,0,0,0,0,0,0,0,0,0,6.19610793809292,0,0,0,0,0,0,0,0,0,0,0,0,0,0,0,0,0,0,0,0,0,0,0,0,0,0,0,0,0,0,0,0,0,0,0,0,0,0,0,0,0,0,0,2.41053586544753,0,0,0,0,0,0,0,0,0,0,0,0,0,0,0.278663096664745,0,0,0,0,0,0,0,0,0,0,0,0,0,0,0,0,0,0,0,0.164690365394844,0,0,0,0,0,0,0,0,0,0,0,0,0,0,1.30634377289828,0,0,0,0,0,0,0,0,0,0,0,0,0,0,0,0,0,0,2.56573255673169,0,0,0,0,0,0.0391482912849606,0,0,0,0.0314044704510446,0,0,0,0,0,0,0,0,0,0,0,0,21.3034760412185,0,0,0.697805558122743,0,0,0,0,0,0,0,0,0,0,0,0,0,0,1.38043575227839,0,0,0,0,0,0,0,0,0,0,0,0,0,0,0,0,0,0,0,0,0,0,43.2479348816655,0,0,0,0,0,0,0,0,0,0,0,0,0,0,0,0,0,0,0,0,0,0,0,0,0,0,0,0,0,0,0,0.0652550080750258,0,0,0,0,0,0,0.27065604470659,0,0.500467612637146,0,0,0,0,0,0,0,0.0839162577047264,0,0,0,0,0,0,0,0,0,0,0,0,0.458947275660732,0,0,0,0,0,0,0,0,0,0,0,0,0,0,0,0,0,0,0,0,0.455432692193589,0,0,0,0,0,0,0,0,0,0,0,0.512835423828429,0,0,0,0,0,0,0,0,0,0,0,0.223026867803061,0,6.70150845935182,0,0,0,0,0,0,0,0,0,0,0,0,0,0,201.66892078642,0,0,0,0,0,0,0,0,0,0,0,0,0,0,0,0,0,0,0.529667650609828,0,0,0,0,0,0,0,0,4.18366121249901,0,0,0,0,0,0,0,0,0,3.13894506482762,0,0,0,0,0,0,0,0,0,0,0,0,0,0,0,0,0,0,0,0,0,0,0.789471341543214,0,0,0,0,0,0,0,0,0,0,0,0,0,0,0,0,0,0,0,0,0,0,0,0,0,0,0,0.135212946692695,0,0,0,0,0,0,0,0,0,0,0,0,0,0,0,0,0,111.378502,102.7177017,98.65210169,104.6943018,121.2957021,131.1455023,117.215502,114.232702,133.5401024,135.7182024,124.7001022,"JAR-00223"
"346",4831,"nSPC",2012,"PRIAs","Pacific Remote Island Areas","Jarvis","Jarvis",2012,"ForereefMid","Jarvis","2012-05-03","Forereef","Mid",-0.38225803,-160.00230831,14.85,37.5,0,6.5,15,39.5,1.5,0,0,NA,0.35125,0.283078781843515,1.35,2,1,26.495772957403,66.2091651973802,27.8850464047498,24.7932850080029,145.383269567536,4.95143274491877,0,0,0,0,0,0,0,0,0,0,0,0,0,0,0.00565884242104517,0,0.0481001605788839,0,0,0,0,0,0,0,0,0,0,0,0,0,0,0,0,0,0,0,0,0,0,0,0,0.00282942121052258,0,0,0,0,0,0,0,0,0,0,0,0,0,0,0.00565884242104517,0,0,0,0,0,0,0,0,0,0,0,0,0,0,0,0,0,0,0,0.00282942121052258,0,0,0,0,0,0,0.00282942121052258,0,0,0,0,0,0,0.00565884242104517,0,0,0,0,0,0,0,0,0,0,0,0,0,0,0,0,0,0,0,0,0,0,0,0,0,0,0,0,0,0.033953054526271,0,0,0,0,0.141471060526129,0.0226353696841807,0,0,0,0,0,0,0,0,0,0.0113176848420903,0,0,0,0,0,0,0,0,0,0,0,0,0,0,0,0,0,0,0,0,0,0,0,0,0,0,0,0,0,0,0,0,0,0,0,0.1754241150524,0,0,0,0,0,0,0,0,0,0,0,0,0,0,0,0,0,0,0,0,0,0,0,0,0,0,0,0,0,0,0,0,0,0,0,0,0,0,0,0,0,0,0,0,0,0,0,0,0.0424413181578388,0,0,0,0,0,0,0,0,0,0,0,0,0,0,0,0.0113176848420903,0,0,0.0424413181578388,0,0,0,0,0,0,0,0,0,0,0,0,0,0,0,0,0,0,0,0,0,0,0,0,0,0,0,0,0,0,0,0,0,0,0,0,0,0,0,0,0,0,0,0,0,0,0,0,0.00282942121052258,0,0,0,0,0,0,0,0,0,0.00848826363156775,0,0.00282942121052258,0,0,0,0,0.0226353696841807,0,0,0,0,0,0,0,0,0,0,0,0,0,0,0,0,0,0,0,0,0,0,0,0,0,0,0,0.00565884242104517,0,0,0,0,0,0,0,0,0,0,0,0,0,0,0,0,0,0,0,0,0,0,0,0,0.00848826363156775,0,0,0,0.00565884242104517,0,0,0,0,0,0,0,0,0.113176848420903,0,0,0,0.00282942121052258,0,0,0,0,0,11.3176848420903,0,0,0,0,0,0,0,0,0,0,0,0.0113176848420903,0,0,0,0,0,0,0,0,0,0,0,0,0,0,0,0,0,0,0,0,0,0,0.0254647908947033,0.00282942121052258,0,0,0,0,0,0,0,0,0,0,0,0,0,0,0,0,0,0,0,0,0,0,0,0,0,0,0,0,0,0,0.00565884242104517,0,0,0,0,0,0.00848826363156775,0.00848826363156775,0,0.00565884242104517,0,0,0,0,0,0,0,0,0,0,0.00282942121052258,0.00282942121052258,0,0,0,0,0,0,0,0,0.135812218105084,0,0,0,0,0.101859163578813,0,0,0,0,0,0,0,0,0,0,0,0,0,0,0,0.00565884242104517,0,0,0,0,0,0,0,0,0,0,0,14.288577113139,0,0,0,0,0,0,0,0,0,0,0,0,0.00848826363156775,0,0,0,0,0,0,0,0,0,0,0,0,0,0,0,0,0,0,0,0,0,0,0,0,0,0.00282942121052258,0,0,0,0,0,0,0,0,0.0565884242104517,0,0,0,0,0,0,0,0,0,0,0,0,0,0,0,0,0,0,0.00282942121052258,0,0,0,0,0,0,0,0,0,0,0,0,0,0,0,0,0,0,0,0,0,0,0.0254647908947033,0,0,0,0,0,0,0,0,0.00282942121052258,0,0,0,0,0,0,0,0,0,0,0,0,0,0,0,0,0,0,0.00565884242104517,0,0,0,0,0,0,0,0,0,0,0,0,0,0,0,0,0,0,0,0,0,0,0,0,0,0,0,0,0,0,0,1.61308312912487,0,5.55090076245057,0,0,0,0,0,0,0,0,0,0,0,0,0,0,0,0,0,0,0,0,0,0,0,0,0.522164025559522,0,0,0,0,0,0,0,0,0,0,0,0,0,0,2.432328920153,0,0,0,0,0,0,0,0,0,0,0,0,0,0,0,0,0,0,0,0.312297147030625,0,0,0,0,0,0,0.453881859319369,0,0,0,0,0,0,0.515109450984589,0,0,0,0,0,0,0,0,0,0,0,0,0,0,0,0,0,0,0,0,0,0,0,0,0,0,0,0,0,0.284951302609242,0,0,0,0,0.598745011846327,7.70678053761207,0,0,0,0,0,0,0,0,0,1.52306622961373,0,0,0,0,0,0,0,0,0,0,0,0,0,0,0,0,0,0,0,0,0,0,0,0,0,0,0,0,0,0,0,0,0,0,0,0.518220378276296,0,0,0,0,0,0,0,0,0,0,0,0,0,0,0,0,0,0,0,0,0,0,0,0,0,0,0,0,0,0,0,0,0,0,0,0,0,0,0,0,0,0,0,0,0,0,0,0,0.133544841064884,0,0,0,0,0,0,0,0,0,0,0,0,0,0,0,0.92968037881062,0,0,8.52071665945496,0,0,0,0,0,0,0,0,0,0,0,0,0,0,0,0,0,0,0,0,0,0,0,0,0,0,0,0,0,0,0,0,0,0,0,0,0,0,0,0,0,0,0,0,0,0,0,0,0.0470744953900695,0,0,0,0,0,0,0,0,0,0.398167616174122,0,1.18634449916377,0,0,0,0,5.15749898832962,0,0,0,0,0,0,0,0,0,0,0,0,0,0,0,0,0,0,0,0,0,0,0,0,0,0,0,2.124211740938,0,0,0,0,0,0,0,0,0,0,0,0,0,0,0,0,0,0,0,0,0,0,0,0,0.0385271011692509,0,0,0,0.0157022352255223,0,0,0,0,0,0,0,0,0.234439050892996,0,0,0,6.13740939183666,0,0,0,0,0,10.2567084765686,0,0,0,0,0,0,0,0,0,0,0,3.87439975791299,0,0,0,0,0,0,0,0,0,0,0,0,0,0,0,0,0,0,0,0,0,0,39.7930272572623,1.09998881411292,0,0,0,0,0,0,0,0,0,0,0,0,0,0,0,0,0,0,0,0,0,0,0,0,0,0,0,0,0,0,0.0514522500142089,0,0,0,0,0,0.155615771150254,2.19672861954393,0,1.39426614309139,0,0,0,0,0,0,0,0,0,0,0.0174853843246238,0.0323698521090901,0,0,0,0,0,0,0,0,1.06747416658483,0,0,0,0,0.738231770820662,0,0,0,0,0,0,0,0,0,0,0,0,0,0,0,1.60385401787927,0,0,0,0,0,0,0,0,0,0,0,15.40677003438,0,0,0,0,0,0,0,0,0,0,0,0,0.0544604078826963,0,0,0,0,0,0,0,0,0,0,0,0,0,0,0,0,0,0,0,0,0,0,0,0,0,0.336525479189918,0,0,0,0,0,0,0,0,14.6866246161093,0,0,0,0,0,0,0,0,0,0,0,0,0,0,0,0,0,0,4.95143274491877,0,0,0,0,0,0,0,0,0,0,0,0,0,0,0,0,0,0,0,0,0,0,0.327603002443675,0,0,0,0,0,0,0,0,0.356425585194983,0,0,0,0,0,0,0,0,0,0,0,0,0,0,0,0,0,0,0.026979663010817,0,0,0,0,0,0,0,0,0,0,0,0,0,0,0,0,0,79.31810143,74.13210124,75.18390129,74.80830128,90.69190156,87.85450153,87.98150155,88.61250153,98.2572017,115.304802,80.50990139,"JAR-00228"
"347",4841,"nSPC",2012,"PRIAs","Pacific Remote Island Areas","Jarvis","Jarvis",2012,"ForereefDeep","Jarvis","2012-05-04","Forereef","Deep",-0.37353649,-159.97296234,25.5,25,0,5,35,30,5,0,0,NA,0.5175,0.234453578765478,1.25,2,1,141.684980517804,235.291636798987,47.1244283872826,80.1863510331668,504.287396737241,21.6464642678706,0,0,0,0,0,0,0,0,0,0,0,0,0,0,0,0.0113176848420903,0.0254647908947033,0,0,0,0,0,0,0,0,0.033953054526271,0,0.00565884242104517,0,0,0,0,0,0,0,0,0,0,0,0,0,0,0,0,0,0,0,0,0,0,0,0,0,0,0,0,0.0113176848420903,0.0141471060526129,0,0,0,0,0,0,0,0,0,0,0,0,0,0,0,0,0,0,0,0.00282942121052258,0,0,0,0,0,0,0,0,0,0,0,0,0.00565884242104517,0,0,0,0,0,0,0,0,0,0.00282942121052258,0,0,0,0,0,0,0,0,0,0,0,0,0,0,0,0.00282942121052258,0,0,0,0.0396118969473162,0,0,0,0,0.0565884242104517,0.0763943726841098,0,0,0,0,0,0,0,0,0.00848826363156775,0.0481001605788839,0,0,0,0,0,0,0,0,0,0,0,0,0,0,0,0,0,0,0,0,0,0,0,0,0,0,0,0,0,0,0,0,0,0,0,0.186741799894491,0,0,0.00282942121052258,0,0,0,0,0.00565884242104517,0,0,0,0,0,0,0,0,0,0,0,0,0,0,0,0,0,0,0,0,0,0,0,0,0,0,0,0,0,0,0,0,0,0,0,0,0.0141471060526129,0,0,0,0,0,0,0,0.0481001605788839,0,0,0,0.00565884242104517,0,0,0,0.00282942121052258,0,0,0,0,0.00565884242104517,0,0.0367824757367936,0,0,0,0,0,0,0,0,0,0,0,0,0,0,0,0,0,0,0,0,0,0,0,0,0,0,0,0,0,0,0,0,0,0,0,0,0,0,0,0.0141471060526129,0,0,0,0,0,0,0,0,0.00565884242104517,0,0,0,0,0,0,0,0,0,0,0,0.00565884242104517,0,0,0,0,0.00282942121052258,0,0,0,0,0,0,0.00282942121052258,0,0,0,0,0,0,0,0,0,0,0,0.0169765272631355,0,0,0,0,0,0,0,0,0.00848826363156775,0,0,0,0,0,0,0,0,0,0,0,0,0,0,0,0,0,0,0,0,0,0,0,0,0.0282942121052258,0,0,0,0.00282942121052258,0,0,0,0,0,0,0,0,8.48826363156775,0,0,0,0.0141471060526129,0,0,0.0169765272631355,0.0113176848420903,0,8.48826363156775,0,0,0,0,0,0,0,0,0,0,0,0.0113176848420903,0,0,0,0,0,0,0,0,0.0565884242104517,0,0.158447587789265,0,0,0,0.424413181578388,0,0,0,0,0,0,0,0.0452707393683613,0,0,0,0,0,0,0,0.00282942121052258,0,0,0,0,0,0,0,0,0,0,0,0.0537590029999291,0,0,0,0,0,0,0,0,0,0,0,0,0,0,0,0,0,0.0113176848420903,0,0,0.0169765272631355,0,0,0,0,0,0,0,0,0,0,0,0,0,0,0,0,0,0,0,0,0.0282942121052258,0,0,0,0,0.00565884242104517,0,0,0,0,0,0,0,0,0,0,0,0,0,0,0,0.0113176848420903,0,0,0,0,0,0,0,0,0,0,0,9.05414787367227,0,0,0,0,0,0,0,0,0,0,0,0,0.0113176848420903,0,0,0,0,0,0,0,0,0,0,0,0,0,0,0,0,0,0,0,0,0,0,0,0,0,0.0792237938946324,0,0,0,0,0,0,0,0.0141471060526129,0.067906109052542,0,0,0,0,0,0,0,0.00282942121052258,0,0,0,0,0,0,0,0,0,0,0.00848826363156775,0,0,0,0,0.00282942121052258,0,0,0,0,0,0,0,0,0,0,0,0,0,0,0,0,0,0,0,0,0,0,0,0,0,0,0.00282942121052258,0,0,0,0,0,0,0,0,0,0,0,0,0,0,0,0,0,0,0,0,0,0,0,0,0,0.00848826363156775,0,0,0.0169765272631355,0.00565884242104517,0,0,0,0,0,0,0,0,0,0,0,0,0,0,0,0,0,0,0,0,0,11.5343169159975,1.95447736065615,0,0,0,0,0,0,0,0,1.73818588280701,0,16.0380553735538,0,0,0,0,0,0,0,0,0,0,0,0,0,0,0,0,0,0,0,0,0,0,0,0,0,0,0,0,5.28500938773669,1.46558365592926,0,0,0,0,0,0,0,0,0,0,0,0,0,0,0,0,0,0,0,1.61202364352847,0,0,0,0,0,0,0,0,0,0,0,0,0.655573424236427,0,0,0,0,0,0,0,0,0,0.367235344118342,0,0,0,0,0,0,0,0,0,0,0,0,0,0,0,3.8269013472001,0,0,0,0.320229832437324,0,0,0,0,0.235836675769858,23.2727811157697,0,0,0,0,0,0,0,0,7.52312621143217,2.90277743504923,0,0,0,0,0,0,0,0,0,0,0,0,0,0,0,0,0,0,0,0,0,0,0,0,0,0,0,0,0,0,0,0,0,0,0,0.39142099849521,0,0,0.27473509157586,0,0,0,0,0.666401551833678,0,0,0,0,0,0,0,0,0,0,0,0,0,0,0,0,0,0,0,0,0,0,0,0,0,0,0,0,0,0,0,0,0,0,0,0,0.0292255958720414,0,0,0,0,0,0,0,0.165923788621057,0,0,0,0.0900187037023188,0,0,0,0.246725529557569,0,0,0,0,0.33433589962253,0,3.70518535210392,0,0,0,0,0,0,0,0,0,0,0,0,0,0,0,0,0,0,0,0,0,0,0,0,0,0,0,0,0,0,0,0,0,0,0,0,0,0,0,12.0692749622498,0,0,0,0,0,0,0,0,0.155405959987953,0,0,0,0,0,0,0,0,0,0,0,4.11427028224506,0,0,0,0,1.05657708918289,0,0,0,0,0,0,5.94266088948128,0,0,0,0,0,0,0,0,0,0,0,0.132687971204425,0,0,0,0,0,0,0,0,2.20515667175499,0,0,0,0,0,0,0,0,0,0,0,0,0,0,0,0,0,0,0,0,0,0,0,0,0.248031442802136,0,0,0,0.0174192156537166,0,0,0,0,0,0,0,0,5.20975668651102,0,0,0,44.2778205870424,0,0,5.9668807793167,14.6767353971562,0,5.20975668651102,0,0,0,0,0,0,0,0,0,0,0,2.72391983664737,0,0,0,0,0,0,0,0,10.6963352087561,0,24.3744229345405,0,0,0,37.8722112832323,0,0,0,0,0,0,0,140.078533901147,0,0,0,0,0,0,0,7.00084644508139,0,0,0,0,0,0,0,0,0,0,0,3.84455444476509,0,0,0,0,0,0,0,0,0,0,0,0,0,0,0,0,0,0.50873115394976,0,0,5.28792044281764,0,0,0,0,0,0,0,0,0,0,0,0,0,0,0,0,0,0,0,0,0.144052111636416,0,0,0,0,0.0240583026581916,0,0,0,0,0,0,0,0,0,0,0,0,0,0,0,4.23953796750647,0,0,0,0,0,0,0,0,0,0,0,7.20683008300692,0,0,0,0,0,0,0,0,0,0,0,0,0.110677568262545,0,0,0,0,0,0,0,0,0,0,0,0,0,0,0,0,0,0,0,0,0,0,0,0,0,11.0748240537591,0,0,0,0,0,0,0,8.34420726977378,12.3192750517087,0,0,0,0,0,0,0,2.88865888945001,0,0,0,0,0,0,0,0,0,0,17.0999380389839,0,0,0,0,1.65786733943665,0,0,0,0,0,0,0,0,0,0,0,0,0,0,0,0,0,0,0,0,0,0,0,0,0,0,0.134270749429591,0,0,0,0,0,0,0,0,0,0,0,0,0,0,0,0,0,0,0,0,0,0,0,0,0,16.228314659309,0,0,1.32052249866213,3.18836576401453,0,0,0,0,0,0,141.7128025,144.1091025,144.1698024,143.6837024,140.0596024,154.1533027,141.9284025,142.8494025,154.8830027,159.3974028,145.8965026,"JAR-00217"
"348",4842,"nSPC",2012,"PRIAs","Pacific Remote Island Areas","Jarvis","Jarvis",2012,"ForereefMid","Jarvis","2012-05-04","Forereef","Mid",-0.36895033,-159.98019291,6.95,27.5,0,7.5,52.5,12.5,0,0,0,NA,0.3225,0.0770146090037468,0.7,2,1,35.3711798512736,68.9244969587623,14.8905164866699,11.6524043654927,130.838597662198,5.12600254440621,0,0,0,0,0,0,0,0,0,0,0,0,0,0,0,0,0.0311236333157484,0,0,0,0,0,0,0,0,0,0,0,0,0,0,0,0,0,0,0,0,0,0,0,0,0,0,0,0,0,0,0,0,0,0,0,0,0,0,0,0,0,0,0,0,0,0,0,0,0,0,0,0,0,0,0,0,0,0,0,0.0113176848420903,0,0,0,0,0,0,0,0,0,0,0,0,0,0,0,0,0,0,0,0,0,0,0,0.00282942121052258,0,0,0,0,0,0,0,0,0,0,0,0,0,0,0,0.00565884242104517,0,0,0,0.00282942121052258,0,0,0,0.00282942121052258,0,0,0,0,0,0,0,0,0,0,0,0.00848826363156775,0,0,0,0,0,0,0,0,0,0,0,0,0,0,0,0,0,0,0,0,0,0,0,0,0,0,0,0,0,0,0,0,0,0,0,0.217865433210239,0,0,0,0,0,0,0,0,0,0,0,0,0,0,0,0,0,0,0,0,0,0,0,0,0,0,0,0,0,0,0.509295817894065,0,0,0,0,0,0,0,0,0,0,0,0,0,0,0,0,0,0.0141471060526129,0,0,0,0,0,0.00282942121052258,0,0,0,0,0,0,0,0,0,0,0,0,0.0282942121052258,0,0,0,0,0,0,0,0,0,0,0,0,0,0,0,0,0,0,0,0,0,0,0,0,0,0,0,0,0,0,0,0,0,0,0,0,0,0,0,0,0,0,0,0.00565884242104517,0,0,0,0,0.00565884242104517,0,0,0,0,0,0,0,0,0,0.0198059484736581,0,0,0,0,0,0,0,0,0,0,0,0,0,0,0,0,0,0,0,0.00565884242104517,0,0,0,0,0.00848826363156775,0,0,0,0,0,0,0,0,0,0.00282942121052258,0,0,0,0,0,0,0,0,0,0,0,0,0,0,0,0,0,0,0,0,0,0,0,0,0.00565884242104517,0,0,0,0.00565884242104517,0,0,0,0,0,0,0,0,0,0,0,0,0.0113176848420903,0,0,0,0,0,0,0,0,0,0,0,0,0,0,0,0,0.0198059484736581,0.00565884242104517,0,0,0,0,0,0,0,0.00565884242104517,0.00565884242104517,0,0,0,0,0,0.0198059484736581,0,0,0,0,0,0,0,0,0,0,0,0,0,0,0,0,0,0,0,0,0,0,0,0,0,0,0,0,0,0,0,0.00282942121052258,0,0,0,0,0,0,0,0,0,0,0,0,0,0,0.00282942121052258,0,0,0,0,0,0,0,0,0,0,0,0,0,0,0,0.0113176848420903,0,0,0,0,0,0,0.172594693841878,0,0,0,0,0,0,0,0,0,0,0,0,0,0,0,0,0,0,0,0,0,0,0,0,0,0,0,0,0,0,0,0,0.0282942121052258,0,0,0,0,0,0,0,0,0,0,0,0,0,2.23524275631284,0,0,0,0,0,0,0,0,0,0,0,0,0,0,0.792237938946324,0,0,0,0,0,0,0,0,0,0,0,0,0,0,0,0,0,0.00282942121052258,0.00282942121052258,0,0,0,0,0,0,0,0,0.00282942121052258,0,0,0,0,0,0,0,0,0,0.00282942121052258,0,0,0,0,0,0,0,0,0,0,0,0,0,0,0,0,0,0,0,0,0,0,0.0367824757367936,0,0,0,0,0,0,0,0,0,0,0,0,0,0,0,0,0,0,0,0.0565884242104517,0,0,0,0,0,0,0,0.0424413181578388,0,0,0,0,0,0,0,0,0,0,0,0,0,0,0.00565884242104517,0,0,0,0,0,0,0,0,0,0,0,0,0,0,0,0,0,0,2.70080014007505,0,0,0,0,0,0,0,0,0,0,0,0,0,0,0,0,0,0,0,0,0,0,0,0,0,0,0,0,0,0,0,0,0,0,0,0,0,0,0,0,0,0,0,0,0,0,0,0,0,0,0,0,0,0,0,0,0,0,0,2.43347626386314,0,0,0,0,0,0,0,0,0,0,0,0,0,0,0,0,0,0,0,0,0,0,0,1.26092385751765,0,0,0,0,0,0,0,0,0,0,0,0,0,0,0,3.45520961795521,0,0,0,0.0299797268438283,0,0,0,0.0421583760367865,0,0,0,0,0,0,0,0,0,0,0,0.65987488922871,0,0,0,0,0,0,0,0,0,0,0,0,0,0,0,0,0,0,0,0,0,0,0,0,0,0,0,0,0,0,0,0,0,0,0,0.741378526802938,0,0,0,0,0,0,0,0,0,0,0,0,0,0,0,0,0,0,0,0,0,0,0,0,0,0,0,0,0,0,1.09389102246377,0,0,0,0,0,0,0,0,0,0,0,0,0,0,0,0,0,0.029340199630071,0,0,0,0,0,2.02231804284303,0,0,0,0,0,0,0,0,0,0,0,0,3.29415095701063,0,0,0,0,0,0,0,0,0,0,0,0,0,0,0,0,0,0,0,0,0,0,0,0,0,0,0,0,0,0,0,0,0,0,0,0,0,0,0,0,0,0,0,4.77964637475838,0,0,0,0,0.122230996294576,0,0,0,0,0,0,0,0,0,0.474269465873554,0,0,0,0,0,0,0,0,0,0,0,0,0,0,0,0,0,0,0,0.524595448395933,0,0,0,0,0.0194347284108375,0,0,0,0,0,0,0,0,0,0.755985979686503,0,0,0,0,0,0,0,0,0,0,0,0,0,0,0,0,0,0,0,0,0,0,0,0,0.0177965605695409,0,0,0,0.0126666378617977,0,0,0,0,0,0,0,0,0,0,0,0,26.1636345485879,0,0,0,0,0,0,0,0,0,0,0,0,0,0,0,0,8.07146731550232,2.65971609656206,0,0,0,0,0,0,0,0.515277738625139,0.844986519263058,0,0,0,0,0,2.97300279193822,0,0,0,0,0,0,0,0,0,0,0,0,0,0,0,0,0,0,0,0,0,0,0,0,0,0,0,0,0,0,0,0.0464633066607403,0,0,0,0,0,0,0,0,0,0,0,0,0,0,0.27065604470659,0,0,0,0,0,0,0,0,0,0,0,0,0,0,0,0.747207134496614,0,0,0,0,0,0,1.59157480413689,0,0,0,0,0,0,0,0,0,0,0,0,0,0,0,0,0,0,0,0,0,0,0,0,0,0,0,0,0,0,0,0,0.0173658556217034,0,0,0,0,0,0,0,0,0,0,0,0,0,7.58184661070544,0,0,0,0,0,0,0,0,0,0,0,0,0,0,46.2464143432283,0,0,0,0,0,0,0,0,0,0,0,0,0,0,0,0,0,1.13400635428448,0.915265700253782,0,0,0,0,0,0,0,0,2.47273534527755,0,0,0,0,0,0,0,0,0,2.65326719912866,0,0,0,0,0,0,0,0,0,0,0,0,0,0,0,0,0,0,0,0,0,0,0.460669483236257,0,0,0,0,0,0,0,0,0,0,0,0,0,0,0,0,0,0,0,0.0916591001148791,0,0,0,0,0,0,0,0.321396218840229,0,0,0,0,0,0,0,0,0,0,0,0,0,0,0.589857338905793,0,0,137.6840024,140.6794024,138.2052023,138.4503024,136.9896023,150.6490026,138.2433024,138.8908024,148.4630026,155.6413027,139.9474025,"JAR-00229"
"349",4843,"nSPC",2012,"PRIAs","Pacific Remote Island Areas","Jarvis","Jarvis",2012,"ForereefMid","Jarvis","2012-05-04","Forereef","Mid",-0.37166121,-159.97607714,7.45,20,0,10,30,40,0,0,0,NA,0.335,0.206215906273013,1,2,1,57.2978291528055,53.3497188263772,50.5863553648815,8.08266839380977,169.316571737874,32.6272692924729,0,0,0,0,0,0,0,0,0,0,0,0,0.00565884242104517,0,0,0,0.104688584789336,0,0.00282942121052258,0,0,0,0,0,0,0,0,0,0,0,0,0,0,0,0,0,0,0,0,0,0,0.00565884242104517,0,0,0,0,0,0,0,0,0,0,0,0,0,0,0.00282942121052258,0,0,0,0,0,0,0,0,0,0,0,0,0,0,0,0,0,0,0,0.00282942121052258,0,0,0,0,0,0,0,0,0,0,0,0,0,0,0,0,0,0,0,0,0,0,0,0,0,0,0,0,0,0,0,0,0,0,0,0,0,0,0,0.00848826363156775,0,0,0,0.0113176848420903,0,0,0,0,0.0169765272631355,0,0,0,0,0,0,0,0,0,0,0.0169765272631355,0,0.282942121052258,0,0,0,0,0,0,0,0,0,0,0,0,0,0,0,0,0,0,0,0,0,0,0,0,0,0,0,0,0,0,0,0,0,0,0,0,0,0,0,0,0,0,0,0,0,0,0,0,0,0,0,0,0,0,0,0,0,0.00282942121052258,0,0,0,0,0,0,0.226353696841807,0,0,0,0,0,0,0,0,0,0,0,0,0,0.0169765272631355,0,0,0,0,0,0,0,0.0113176848420903,0,0,0,0,0,0,0,0,0,0,0,0,0,0,0.0282942121052258,0,0,0,0,0,0,0,0,0,0,0,0,0,0,0,0,0,0,0,0,0,0,0,0,0,0,0,0,0,0,0,0,0,0,0,0,0,0,0,0,0,0,0,0,0,0,0,0,0,0,0,0,0,0,0,0,0,0,0.0113176848420903,0,0,0,0,0,0,0,0,0,0,0,0,0,0,0,0,0,0,0,0,0,0,0,0,0,0,0,0,0,0,0,0,0,0,0.00565884242104517,0,0,0,0,0,0,0,0,0,0,0,0,0,0,0,0,0,0,0,0,0,0,0,0,0.00282942121052258,0,0,0,0,0,0,0,0,0,0,0,0,6.22472666314968,0,0,0,0.0113176848420903,0,0,0,0,0,0,0,0,0,0,0,0,0,0,0,0,0.121665112052471,0.00848826363156775,0,0,0,0,0,0,0,0,0,0,0,0,0,0,0,0,0,0,0,0,0,0,0,0,0,0,0,0,0,0,0,0,0,0,0,0,0,0,0,0,0,0,0,0,0,0,0,0,0,0,0,0,0,0,0,0,0,0,0,0,0,0.00565884242104517,0,0,0,0,0,0,0,0,0,0,0,0,0,0,0,0,0,0,0,0,0,0,0.161277008999787,0,0,0,0,0.0113176848420903,0,0,0,0,0,0,0,0,0,0,0,0,0,0,0,0,0,0,0,0,0,0,0,0,0,0,0,3.11236333157484,0,0,0,0,0,0,0,0,0,0,0,0.00282942121052258,0,1.98059484736581,0,0,0,0,0,0,0,0,0,0,0,0,0,0,0.113176848420903,0,0,0,0,0,0,0,0,0,0,0,0,0,0,0,0,0,0,0,0,0,0,0,0,0,0,0,0.00848826363156775,0,0,0,0,0,0,0,0,0,0.00848826363156775,0,0,0,0,0,0,0,0,0,0,0,0,0,0,0,0,0,0,0,0,0,0,0.0452707393683613,0,0.0141471060526129,0,0,0,0,0,0,0.00282942121052258,0,0,0,0,0,0,0,0,0,0,0.481001605788839,0,0,0,0,0,0,0,0.0905414787367227,0,0,0,0,0,0,0,0,0.00848826363156775,0,0,0,0,0,0.00282942121052258,0,0,0,0,0,0,0,0,0,0,0,0,0,0,1.77234861088309,0,0,0,10.0808263889765,0,0.488704925189857,0,0,0,0,0,0,0,0,0,0,0,0,0,0,0,0,0,0,0,0,0,0,0.614469648421005,0,0,0,0,0,0,0,0,0,0,0,0,0,0,0.802140913183153,0,0,0,0,0,0,0,0,0,0,0,0,0,0,0,0,0,0,0,0.575196051615958,0,0,0,0,0,0,0,0,0,0,0,0,0,0,0,0,0,0,0,0,0,0,0,0,0,0,0,0,0,0,0,0,0,0,0,0,0,0,0,7.45184727024941,0,0,0,0.0535946784577985,0,0,0,0,0.0258372001212675,0,0,0,0,0,0,0,0,0,0,0.770482073592854,0,0.467194030281489,0,0,0,0,0,0,0,0,0,0,0,0,0,0,0,0,0,0,0,0,0,0,0,0,0,0,0,0,0,0,0,0,0,0,0,0,0,0,0,0,0,0,0,0,0,0,0,0,0,0,0,0,0,0,0,0,0,1.09958959142897,0,0,0,0,0,0,0.265716604722597,0,0,0,0,0,0,0,0,0,0,0,0,0,0.0351731290165692,0,0,0,0,0,0,0,0.023590514379231,0,0,0,0,0,0,0,0,0,0,0,0,0,0,3.17983327171554,0,0,0,0,0,0,0,0,0,0,0,0,0,0,0,0,0,0,0,0,0,0,0,0,0,0,0,0,0,0,0,0,0,0,0,0,0,0,0,0,0,0,0,0,0,0,0,0,0,0,0,0,0,0,0,0,0,0,0.687488626691411,0,0,0,0,0,0,0,0,0,0,0,0,0,0,0,0,0,0,0,0,0,0,0,0,0,0,0,0,0,0,0,0,0,0,1.57728914801792,0,0,0,0,0,0,0,0,0,0,0,0,0,0,0,0,0,0,0,0,0,0,0,0,0.0136985311808475,0,0,0,0,0,0,0,0,0,0,0,0,6.62615928565621,0,0,0,46.9602901484259,0,0,0,0,0,0,0,0,0,0,0,0,0,0,0,0,32.1190674619501,1.69273289930901,0,0,0,0,0,0,0,0,0,0,0,0,0,0,0,0,0,0,0,0,0,0,0,0,0,0,0,0,0,0,0,0,0,0,0,0,0,0,0,0,0,0,0,0,0,0,0,0,0,0,0,0,0,0,0,0,0,0,0,0,0,1.31306874735423,0,0,0,0,0,0,0,0,0,0,0,0,0,0,0,0,0,0,0,0,0,0,1.39834171064311,0,0,0,0,0.0481166053163831,0,0,0,0,0,0,0,0,0,0,0,0,0,0,0,0,0,0,0,0,0,0,0,0,0,0,0,3.14756133143374,0,0,0,0,0,0,0,0,0,0,0,0.166673115073471,0,1.98459592786161,0,0,0,0,0,0,0,0,0,0,0,0,0,0,7.39253065589593,0,0,0,0,0,0,0,0,0,0,0,0,0,0,0,0,0,0,0,0,0,0,0,0,0,0,0,14.3859683018701,0,0,0,0,0,0,0,0,0,18.2413009906028,0,0,0,0,0,0,0,0,0,0,0,0,0,0,0,0,0,0,0,0,0,0,0.31829898384256,0,0.18327990864201,0,0,0,0,0,0,0.356425585194983,0,0,0,0,0,0,0,0,0,0,1.16361361993347,0,0,0,0,0,0,0,1.48415676827872,0,0,0,0,0,0,0,0,0.0260498829304213,0,0,0,0,0,0.323318599533783,0,0,141.0074025,143.7567025,142.4165024,142.2865024,139.1509024,152.2609027,141.3492024,141.9227025,152.7338027,158.3985028,144.4737025,"JAR-00231"
"350",4844,"nSPC",2012,"PRIAs","Pacific Remote Island Areas","Jarvis","Jarvis",2012,"ForereefMid","Jarvis","2012-05-04","Forereef","Mid",-0.37500517,-159.97571412,11.05,20,0,7.5,15,57.5,0,0,0,NA,0.335,0.19747548783982,0.85,2,1,52.016331326754,31.541577712573,36.8713506507079,18.7291177824093,139.158377472444,14.9100322710107,0,0,0,0,0,0,0,0,0,0,0,0,0,0,0,0,0.0848826363156775,0,0,0,0,0,0,0,0,0,0,0,0,0,0,0,0,0,0,0,0,0,0,0,0,0.00282942121052258,0,0,0,0,0,0,0,0,0,0,0,0,0,0,0.00848826363156775,0,0,0,0,0,0,0,0,0,0,0,0,0,0,0,0,0,0,0,0.00565884242104517,0,0,0,0,0,0,0,0,0,0,0,0,0,0,0,0,0,0,0,0,0,0,0,0.00565884242104517,0,0,0,0,0,0,0,0,0,0,0,0,0,0,0,0.00565884242104517,0,0,0,0.00848826363156775,0,0,0,0,0,0,0,0,0,0,0,0,0,0,0,0.00848826363156775,0,0,0,0,0,0,0,0,0,0,0,0,0,0,0,0,0,0,0,0,0,0,0,0,0,0,0,0,0,0,0,0,0,0,0,0.0707355302630646,0,0,0.00565884242104517,0,0,0,0,0.00282942121052258,0,0,0,0,0,0,0,0,0,0,0,0,0,0,0,0,0,0,0,0,0,0,0.565884242104517,0,0,0,0,0,0,0,0,0,0,0,0,0,0,0,0,0,0.0169765272631355,0,0,0,0,0,0.00565884242104517,0,0,0,0,0,0.00565884242104517,0,0,0,0,0,0,0.0452707393683613,0,0,0,0,0,0,0,0,0,0,0,0,0,0,0,0,0,0,0,0,0,0,0,0,0,0,0,0,0,0,0,0,0,0,0,0,0,0,0,0,0,0,0,0,0,0,0,0,0,0,0,0,0,0,0,0,0,0,0.0198059484736581,0,0,0,0,0,0,0,0,0,0,0,0,0,0,0,0,0,0,0,0.00565884242104517,0,0,0,0,0,0,0,0,0,0,0,0,0,0,0.00282942121052258,0,0,0,0,0,0,0,0,0,0,0,0,0,0,0,0,0,0,0,0,0,0,0,0,0,0,0,0,0.00565884242104517,0,0,0,0,0,0,0,0,0,0,0,0,0.00848826363156775,0,0,0,0,0,0,0,0,0,0,0,0,0,0,0,0,0.0113176848420903,0.0113176848420903,0,0,0,0,0,0,0,0.0254647908947033,0.00282942121052258,0,0,0,0,0,0,0,0,0,0,0,0,0,0,0,0,0,0,0,0,0,0,0,0,0,0,0,0,0,0,0,0,0,0,0,0,0,0.00282942121052258,0,0,0,0,0,0,0,0.00565884242104517,0,0,0,0,0,0.00565884242104517,0.00282942121052258,0,0,0,0,0,0,0,0,0,0,0,0,0,0.00282942121052258,0,0.0113176848420903,0,0,0,0,0,0,0.141471060526129,0,0,0,0,0,0,0,0,0,0,0,0,0,0,0,0,0,0,0,0,0.00282942121052258,0,0,0,0,0,0,0,0,0,0,0,0,0,0,0,0,0,0,0,0,0,0,0,0.00848826363156775,0,3.53677651315323,0,0,0,0,0,0,0,0,0,0,0,0,0,0,0.226353696841807,0,0,0,0,0,0,0,0,0,0,0,0,0,0,0,0,0,0,0.00282942121052258,0,0,0,0,0,0,0,0,0.00282942121052258,0,0,0,0,0,0,0,0,0,0.00565884242104517,0,0,0,0,0,0,0,0,0,0,0,0,0,0,0,0,0,0,0,0,0,0,0.0594178454209743,0,0,0,0,0,0,0,0,0.00565884242104517,0,0,0,0,0,0,0,0,0,0,0.0452707393683613,0,0,0,0,0,0,0,0.0622472666314969,0,0,0,0,0,0,0,0,0,0,0,0,0.00282942121052258,0,0.00282942121052258,0,0,0,0,0,0,0,0,0,0,0,0,0,0,0,0,0,0,8.31773404491225,0,0,0,0,0,0,0,0,0,0,0,0,0,0,0,0,0,0,0,0,0,0,0,0,0.237671381683897,0,0,0,0,0,0,0,0,0,0,0,0,0,0,2.87805188757844,0,0,0,0,0,0,0,0,0,0,0,0,0,0,0,0,0,0,0,4.44165393611402,0,0,0,0,0,0,0,0,0,0,0,0,0,0,0,0,0,0,0,0,0,0,0,2.78970804336888,0,0,0,0,0,0,0,0,0,0,0,0,0,0,0,3.08151479154961,0,0,0,0.0805885030918977,0,0,0,0,0,0,0,0,0,0,0,0,0,0,0,0.607738218585472,0,0,0,0,0,0,0,0,0,0,0,0,0,0,0,0,0,0,0,0,0,0,0,0,0,0,0,0,0,0,0,0,0,0,0,0.327765811869357,0,0,0.447063356309831,0,0,0,0,0.27473509157586,0,0,0,0,0,0,0,0,0,0,0,0,0,0,0,0,0,0,0,0,0,0,1.157035215619,0,0,0,0,0,0,0,0,0,0,0,0,0,0,0,0,0,0.0625227848608879,0,0,0,0,0,2.68182414822712,0,0,0,0,0,0.508254590888593,0,0,0,0,0,0,7.2004354816324,0,0,0,0,0,0,0,0,0,0,0,0,0,0,0,0,0,0,0,0,0,0,0,0,0,0,0,0,0,0,0,0,0,0,0,0,0,0,0,0,0,0,0,0,0,0,0,0,0,0,0,0,0,0,0,0,0,0,1.05653383523469,0,0,0,0,0,0,0,0,0,0,0,0,0,0,0,0,0,0,0,0.562552598929625,0,0,0,0,0,0,0,0,0,0,0,0,0,0,0.38706482159949,0,0,0,0,0,0,0,0,0,0,0,0,0,0,0,0,0,0,0,0,0,0,0,0,0,0,0,0,0.009631040498073,0,0,0,0,0,0,0,0,0,0,0,0,45.0728480822583,0,0,0,0,0,0,0,0,0,0,0,0,0,0,0,0,4.01935649683469,5.26663544259921,0,0,0,0,0,0,0,2.40784124375592,0.252155334786203,0,0,0,0,0,0,0,0,0,0,0,0,0,0,0,0,0,0,0,0,0,0,0,0,0,0,0,0,0,0,0,0,0,0,0,0,0,0.0653437642274952,0,0,0,0,0,0,0,0.0620352706152356,0,0,0,0,0,0.154960805530792,0.221217541251428,0,0,0,0,0,0,0,0,0,0,0,0,0,0.0323698521090901,0,0.535154747163394,0,0,0,0,0,0,1.10813467879604,0,0,0,0,0,0,0,0,0,0,0,0,0,0,0,0,0,0,0,0,0.455432692193589,0,0,0,0,0,0,0,0,0,0,0,0,0,0,0,0,0,0,0,0,0,0,0,1.93398765373209,0,7.9838802706607,0,0,0,0,0,0,0,0,0,0,0,0,0,0,14.7850613117919,0,0,0,0,0,0,0,0,0,0,0,0,0,0,0,0,0,0,0.386127717294564,0,0,0,0,0,0,0,0,2.97676252184934,0,0,0,0,0,0,0,0,0,11.9332697491613,0,0,0,0,0,0,0,0,0,0,0,0,0,0,0,0,0,0,0,0,0,0,0.766863383228597,0,0,0,0,0,0,0,0,0.52412651211114,0,0,0,0,0,0,0,0,0,0,0.0733272800919033,0,0,0,0,0,0,0,0.431753266082725,0,0,0,0,0,0,0,0,0,0,0,0,0.333113530817294,0,0.26653873937201,0,0,140.5492025,142.0605025,141.5899024,141.9827024,138.0916024,152.9789027,140.2748024,139.6334024,152.1010027,157.5497028,145.0794026,"JAR-00245"
"351",4845,"nSPC",2012,"PRIAs","Pacific Remote Island Areas","Jarvis","Jarvis",2012,"ForereefMid","Jarvis","2012-05-04","Forereef","Mid",-0.37950801,-159.97348864,10.65,17.5,0,7.5,30,42.5,2.5,0,0,NA,0.355,0.223356837622809,0.95,2,1,42.7276186234756,43.5038051053469,41.5158702456836,17.0880182498186,144.835312224325,16.1808220147885,0,0,0,0,0,0.0198059484736581,0,0,0,0,0,0,0,0.00565884242104517,0,0,0.116006269631426,0,0,0,0,0.00282942121052258,0,0,0,0,0,0,0,0,0,0,0,0,0,0,0,0,0,0,0,0.00282942121052258,0,0,0,0,0,0.00282942121052258,0,0,0,0,0,0,0,0,0,0,0,0,0,0,0,0,0,0.00848826363156775,0,0,0,0,0,0,0,0,0,0,0,0,0,0,0,0,0,0,0,0,0,0,0,0,0,0,0,0,0,0,0,0,0,0,0,0,0,0,0,0,0,0,0,0,0,0,0,0,0,0,0.00848826363156775,0,0,0,0,0,0,0,0,0,0,0,0,0,0,0,0,0,0,0,0.0141471060526129,0,0.141471060526129,0,0,0,0,0,0,0,0,0,0,0,0,0,0,0,0,0,0,0,0,0,0,0,0,0,0,0,0,0,0,0,0,0.00848826363156775,0,0,0,0,0,0,0,0,0.00565884242104517,0,0,0,0,0,0,0.00565884242104517,0,0,0,0,0,0,0,0,0,0,0,0,0,0,0,1.27323954473516,0,0,0,0,0,0.0707355302630646,0,0,0,0,0,0,0,0.0198059484736581,0,0,0,0,0,0,0,0,0,0.00565884242104517,0,0.25181848773651,0,0,0,0.00848826363156775,0,0,0,0,0,0,0.0367824757367936,0,0,0,0,0,0,0,0,0,0,0,0,0,0,0,0,0,0,0,0,0,0,0,0,0,0,0,0,0,0,0,0,0,0,0,0,0,0,0,0,0,0,0,0,0,0,0,0,0.00282942121052258,0,0,0,0,0,0,0,0,0,0.00565884242104517,0,0,0,0,0,0,0,0,0,0,0,0,0,0,0,0,0,0,0,0.00282942121052258,0,0,0,0,0,0,0,0,0,0,0,0,0,0,0,0,0,0,0,0,0,0,0,0,0,0,0,0,0,0,0,0,0,0,0,0,0,0,0,0,0,0,0,0,0,0,0,0,0,0,0,0,6.08325560262355,0,0,0,0.00848826363156775,0,0,0,0,0,0.848826363156775,0,0,0,0,0,0,0.00565884242104517,0,0,0,0.0763943726841098,0.0113176848420903,0,0,0,0,0,0,0,0,0,0,0,0,0,0,0,0,0,0,0,0,0,0,0,0,0,0,0,0,0,0,0,0,0,0,0,0,0,0,0,0,0,0.00282942121052258,0,0,0,0,0.00282942121052258,0,0,0,0,0,0,0,0.00848826363156775,0,0,0,0,0.00282942121052258,0,0.00282942121052258,0,0,0,0.00565884242104517,0,0,0,0,0,0,0,0,0,0,0,0,0,0,0,0,0,0,0.067906109052542,0,0,0,0,0,0,0,0,0,0,0,0,0,0,0,0,0,0,0.00565884242104517,0,0.00565884242104517,0,0,0,0,0,0,0,0,0,0,0,0.735649514735872,0,0,0,0,0,0,0,0,0,0,0,0,0,3.87630705841594,0,0,0,0,0,0,0,0,0,0,0,0,0,0,0,0,0,0,0,0,0,0,0,0,0,0,0,0,0,0,0,0,0,0,0,0,0,0,0,0,0,0.00848826363156775,0.00848826363156775,0,0,0,0,0,0,0,0,0,0,0,0,0,0,0,0,0,0,0,0,0,0,0,0,0,0,0,0,0,0,0,0,0.198059484736581,0,0.0141471060526129,0.00565884242104517,0,0,0,0,0,0.0141471060526129,0,0,0,0,0,0,0,0,0,0,0.647937457209672,0,0,0,0,0,0.00282942121052258,0,0.0452707393683613,0,0,0,0,0,0,0.00282942121052258,0,0,0,0,0,0.0113176848420903,0,0,0,0,0,0,0,0,0,1.88227246030015,0,0,0,0,0,0,0,2.24790303870274,0,0,11.7780910474404,0,0,0,0,1.80665934281499,0,0,0,0,0,0,0,0,0,0,0,0,0,0,0,0,0,0,0,0.121687747422155,0,0,0,0,0,0.174696890321421,0,0,0,0,0,0,0,0,0,0,0,0,0,0,0,0,0,0.712314929820961,0,0,0,0,0,0,0,0,0,0,0,0,0,0,0,0,0,0,0,0,0,0,0,0,0,0,0,0,0,0,0,0,0,0,0,0,0,0,0,0,0,0,0,0,0,0,0,0,0,0,2.51085762689759,0,0,0,0,0,0,0,0,0,0,0,0,0,0,0,0,0,0,0,0.713358401564801,0,0.233597015140745,0,0,0,0,0,0,0,0,0,0,0,0,0,0,0,0,0,0,0,0,0,0,0,0,0,0,0,0,0,0,0,0,0.537333877242317,0,0,0,0,0,0,0,0,0.358222584828211,0,0,0,0,0,0,0.281988661853712,0,0,0,0,0,0,0,0,0,0,0,0,0,0,0,2.4126191720005,0,0,0,0,0,0.125734850937703,0,0,0,0,0,0,0,0.0579364508272176,0,0,0,0,0,0,0,0,0,4.01465407090094,0,2.70326348727594,0,0,0,1.17160701779531,0,0,0,0,0,0,4.1769109828457,0,0,0,0,0,0,0,0,0,0,0,0,0,0,0,0,0,0,0,0,0,0,0,0,0,0,0,0,0,0,0,0,0,0,0,0,0,0,0,0,0,0,0,0,0,0,0,0,0.0777029799939765,0,0,0,0,0,0,0,0,0,0.249937771282989,0,0,0,0,0,0,0,0,0,0,0,0,0,0,0,0,0,0,0,0.198307920911827,0,0,0,0,0,0,0,0,0,0,0,0,0,0,0,0,0,0,0,0,0,0,0,0,0,0,0,0,0,0,0,0,0,0,0,0,0,0,0,0,0,0,0,0,0,0,0,0,0,0,0,0,3.93987849417396,0,0,0,35.1318938081608,0,0,0,0,0,0.520975668651102,0,0,0,0,0,0,0.0593952100512901,0,0,0,24.8584040770118,2.60798880492887,0,0,0,0,0,0,0,0,0,0,0,0,0,0,0,0,0,0,0,0,0,0,0,0,0,0,0,0,0,0,0,0,0,0,0,0,0,0,0,0,0,0.482184671039645,0,0,0,0,0.272803799051074,0,0,0,0,0,0,0,0.134461180105304,0,0,0,0,0.143707435050926,0,0.73224287318131,0,0,0,0.689540844992924,0,0,0,0,0,0,0,0,0,0,0,0,0,0,0,0,0,0,0.284724346794689,0,0,0,0,0,0,0,0,0,0,0,0,0,0,0,0,0,0,0.00802319045772304,0,0.518609140750621,0,0,0,0,0,0,0,0,0,0,0,0.698975688773562,0,0,0,0,0,0,0,0,0,0,0,0,0,8.91191105486147,0,0,0,0,0,0,0,0,0,0,0,0,0,0,0,0,0,0,0,0,0,0,0,0,0,0,0,0,0,0,0,0,0,0,0,0,0,0,0,0,0,7.64548217178307,8.53533984300547,0,0,0,0,0,0,0,0,0,0,0,0,0,0,0,0,0,0,0,0,0,0,0,0,0,0,0,0,0,0,0,0,0.813833832978375,0,0.183227440469416,0.0213887208838317,0,0,0,0,0,0.934944890657209,0,0,0,0,0,0,0,0,0,0,1.61045845286888,0,0,0,0,0,0.169846133666718,0,0.37433299203638,0,0,0,0,0,0,3.49555847862017,0,0,0,0,0,2.50752065019573,0,0,0,0,141.4727025,138.8351024,140.7867024,140.5371024,138.2694024,152.5673027,138.0560024,139.7048024,153.0557027,157.3816028,145.7217026,"JAR-00241"
"352",4846,"nSPC",2012,"PRIAs","Pacific Remote Island Areas","Jarvis","Jarvis",2012,"ForereefMid","Jarvis","2012-05-04","Forereef","Mid",-0.38190415,-159.97833003,10.2,7.5,0,15,15,62.5,0,0,0,NA,0.3,0.29079084073452,0.95,2,1,14.3577570331908,70.3134324725372,29.3463826616935,12.006346780115,126.023918947536,9.04817248291524,0,0,0,0,0,0,0,0,0,0,0,0,0,0,0,0,0.130153375684039,0,0,0,0,0,0,0,0,0,0,0,0,0,0,0,0,0,0,0,0,0,0,0,0,0.00282942121052258,0,0,0,0,0,0.00282942121052258,0,0,0,0,0,0,0,0,0.00565884242104517,0,0,0,0,0,0,0,0,0,0,0,0,0,0,0,0,0,0,0,0,0,0,0,0,0,0,0,0,0,0,0,0,0,0,0,0,0,0,0,0,0,0,0,0,0,0,0,0,0,0,0,0,0,0,0,0,0,0,0,0.00565884242104517,0,0,0,0.00565884242104517,0,0,0,0,0.0707355302630646,0.00282942121052258,0,0,0,0,0,0,0,0,0,0.0254647908947033,0,0,0,0,0,0,0,0,0,0,0,0,0,0,0,0,0,0,0,0,0,0,0,0,0,0,0,0,0,0,0,0,0,0,0,0.0905414787367227,0,0,0,0,0,0,0,0.00565884242104517,0,0,0,0,0,0,0,0,0,0,0,0,0,0,0,0,0,0,0,0,0,0,0.141471060526129,0,0,0,0,0,0,0,0,0,0,0,0,0,0.00848826363156775,0,0,0,0.0452707393683613,0,0,0,0,0,0.00565884242104517,0,0,0,0,0,0,0,0,0,0.00282942121052258,0,0,0.0113176848420903,0,0.00565884242104517,0,0,0,0,0,0,0,0,0,0,0,0,0,0,0,0,0,0,0,0,0,0,0,0,0,0,0,0,0,0,0,0,0,0,0,0,0,0,0,0,0,0,0,0,0,0,0,0,0,0,0,0,0,0,0,0,0.0452707393683613,0,0,0,0,0,0,0,0,0,0,0,0,0,0,0,0,0,0,0,0,0,0,0,0,0,0.00282942121052258,0,0,0,0,0,0,0,0,0.00565884242104517,0,0,0,0,0,0,0,0,0,0,0,0,0,0,0,0,0,0,0,0,0,0,0,0,0,0,0,0,0.00565884242104517,0,0,0,0,0,0,0,0,0.0282942121052258,0,0,0,0.00282942121052258,0,0,0,0,0,4.52707393683613,0,0,0,0,0,0,0,0,0,0,0.0282942121052258,0,0,0,0,0,0,0,0,0,0,0,0,0,0,0,0,0,0,0,0,0,0,0,0.00565884242104517,0,0,0,0,0,0,0,0,0,0,0,0,0,0,0,0,0,0,0,0,0,0,0,0,0,0,0,0,0,0,0,0.0226353696841807,0,0,0,0,0,0.00282942121052258,0.00848826363156775,0,0.00848826363156775,0,0,0,0,0,0,0,0,0,0,0,0,0,0,0,0,0,0,0,0,0.132982796894561,0,0,0,0,0,0,0,0,0,0,0,0,0,0,0,0,0,0,0,0,0.00565884242104517,0,0,0,0,0,0,0,0,0,0,0,11.4591559026165,0,0,0,0,0,0,0,0,0,0,0,0,0,0.622472666314968,0,0,0,0,0,0,0,0,0,0,0,0,0,0,0.565884242104517,0,0,0,0,0,0,0,0,0,0,0,0,0,0,0,0,0,0,0.00282942121052258,0,0,0,0,0,0,0,0,0.00565884242104517,0,0,0,0,0,0,0,0,0,0,0,0,0,0,0,0,0,0,0,0,0,0,0,0,0,0,0,0,0,0,0,0,0.0141471060526129,0,0,0,0,0,0,0,0,0,0,0,0,0,0,0,0,0,0,0,0.0254647908947033,0,0,0,0,0,0,0,0.033953054526271,0,0,0,0,0,0,0,0,0,0,0,0,0,0,0.0113176848420903,0,0,0,0,0,0,0,0,0,0,0,0,0,0,0,0,0,0,16.1449475935511,0,0,0,0,0,0,0,0,0,0,0,0,0,0,0,0,0,0,0,0,0,0,0,0,0.237671381683897,0,0,0,0,0,0.0660447688990177,0,0,0,0,0,0,0,0,1.77564289256039,0,0,0,0,0,0,0,0,0,0,0,0,0,0,0,0,0,0,0,0,0,0,0,0,0,0,0,0,0,0,0,0,0,0,0,0,0,0,0,0,0,0,0,0,0,0,0,0,0,0,0,0,0,0,0,0,0,0,0,4.29783905472047,0,0,0,0.0599594536876566,0,0,0,0,0.335015422623196,1.20048878956321,0,0,0,0,0,0,0,0,0,1.69350457475509,0,0,0,0,0,0,0,0,0,0,0,0,0,0,0,0,0,0,0,0,0,0,0,0,0,0,0,0,0,0,0,0,0,0,0,0.557785872715759,0,0,0,0,0,0,0,0.54947018315172,0,0,0,0,0,0,0,0,0,0,0,0,0,0,0,0,0,0,0,0,0,0,0.233597015140745,0,0,0,0,0,0,0,0,0,0,0,0,0,0.0175865645082846,0,0,0,0.141003023458875,0,0,0,0,0,2.86389015384102,0,0,0,0,0,0,0,0,0,0.13089513208302,0,0,1.60281702892403,0,0.576595335314057,0,0,0,0,0,0,0,0,0,0,0,0,0,0,0,0,0,0,0,0,0,0,0,0,0,0,0,0,0,0,0,0,0,0,0,0,0,0,0,0,0,0,0,0,0,0,0,0,0,0,0,0,0,0,0,0,1.01588895621208,0,0,0,0,0,0,0,0,0,0,0,0,0,0,0,0,0,0,0,0,0,0,0,0,0,0.0650268900287142,0,0,0,0,0,0,0,0,1.34427612541503,0,0,0,0,0,0,0,0,0,0,0,0,0,0,0,0,0,0,0,0,0,0,0,0,0,0,0,0,0.009631040498073,0,0,0,0,0,0,0,0,0.058609762723249,0,0,0,4.44660902460953,0,0,0,0,0,3.30493939800543,0,0,0,0,0,0,0,0,0,0,11.0784519914627,0,0,0,0,0,0,0,0,0,0,0,0,0,0,0,0,0,0,0,0,0,0,0,8.3536103444104,0,0,0,0,0,0,0,0,0,0,0,0,0,0,0,0,0,0,0,0,0,0,0,0,0,0,0,0,0,0,0,0.210500357974795,0,0,0,0,0,0.110140412162358,0.833532284819717,0,2.22215540960878,0,0,0,0,0,0,0,0,0,0,0,0,0,0,0,0,0,0,0,0,0.79429164999398,0,0,0,0,0,0,0,0,0,0,0,0,0,0,0,0,0,0,0,0,1.75582109932796,0,0,0,0,0,0,0,0,0,0,0,13.5256951266072,0,0,0,0,0,0,0,0,0,0,0,0,0,1.98305968468553,0,0,0,0,0,0,0,0,0,0,0,0,0,0,31.1381199523463,0,0,0,0,0,0,0,0,0,0,0,0,0,0,0,0,0,0,0.529667650609828,0,0,0,0,0,0,0,0,9.04817248291524,0,0,0,0,0,0,0,0,0,0,0,0,0,0,0,0,0,0,0,0,0,0,0,0,0,0,0,0,0,0,0,0,0.16945101752527,0,0,0,0,0,0,0,0,0,0,0,0,0,0,0,0,0,0,0,0.0795633244398951,0,0,0,0,0,0,0,0.324424548361851,0,0,0,0,0,0,0,0,0,0,0,0,0,0,1.13752617161101,0,0,121.5753022,113.3265019,104.9580018,111.6753019,123.5789021,136.5350024,122.3350021,121.1167021,136.9038024,138.2746025,129.2467023,"JAR-00247"
"353",4847,"nSPC",2012,"PRIAs","Pacific Remote Island Areas","Jarvis","Jarvis",2012,"ForereefShallow","Jarvis","2012-05-04","Forereef","Shallow",-0.38141364,-159.99666293,5.05,5,0,12.5,5,76.5,1,0,0,NA,0.53,0.383317059535254,1.7,2,1,50.4363419413417,11.4766112412579,169.861535976257,14.1673494058226,245.941838564679,32.4710998657505,0,0.00282942121052258,0,0,0,0.00565884242104517,0,0,0.00565884242104517,0,0,0,0.00848826363156775,0.00848826363156775,0,0.00565884242104517,0.124494533262994,0,0,0,0,0,0,0,0,0,1.13176848420903,0.00282942121052258,0,0,0,0,0,0,0,0,0,0,0,0,0,0.0113176848420903,0,0,0,0,0,0.00848826363156775,0,0,0,0,0,0,0,0,0,0,0,0,0,0,0,0,0,0.00848826363156775,0,0,0,0,0,0,0,0,0,0,0.00565884242104517,0,0,0,0,0,0,0,0,0,0,0,0,0,0,0,0,0,0,0,0,0,0,0,0,0,0,0,0,0,0,0,0,0,0,0,0,0,0,0,0.00565884242104517,0,0,0,0.0565884242104517,0,0,0,0,0,0,0,0,0,0,0,0,0,0,0,0.00848826363156775,0,0.254647908947033,0,0,0,0,0,0.00565884242104517,0,0,0,0,0,0,0,0,0,0,0,0,0,0,0,0,0,0,0,0,0,0,0,0,0,0,0.0113176848420903,0,0,0,0,0,0,0,0,0,0,0,0,0,0,0,0.00282942121052258,0,0,0,0,0,0,0,0,0,0,0,0.00282942121052258,0,0,0,0.169765272631355,0,0,0,0,0,0,0,0,0,0,0,0,0,0.0113176848420903,0.00848826363156775,0,0,0,0,0,0,0.0565884242104517,0,0.00282942121052258,0,0,0,0,0,0,0,0,0,0,0,0,0.0990297423682904,0,0.0113176848420903,0,0,0,0,0,0,0,0,0,0,0,0,0,0,0,0,0,0,0,0,0,0,0,0,0,0,0,0,0,0,0,0,0,0,0,0,0,0,0,0,0,0,0,0,0,0,0,0,0,0,0,0,0,0,0,0,0.00565884242104517,0,0,0,0,0,0,0,0,0,0,0,0,0,0,0,0,0,0,0,0,0,0,0,0,0,0,0,0,0,0,0,0,0,0,0.00565884242104517,0,0,0,0,0,0,0,0,0,0,0,0,0,0,0,0,0,0,0,0,0,0,0,0,0.00565884242104517,0,0,0,0.00282942121052258,0,0,0,0,0,0,0,0,0,0,0,0,0.00565884242104517,0,0,0,0,0,0,0,0,0,0,0,0,0,0,0,0,0.0141471060526129,0.00848826363156775,0,0,0,0,0,0,0,0,0,0,0,0,0,0,0,0,0,0,0,0,0,0,0,0.0113176848420903,0,0,0,0,0,0,0,0,0,0,0,0,0,0,0,0,0,0,0,0,0,0,0,0,0,0,0,0,0,0,0.00565884242104517,0,0,0,0,0,0,0,0,0.00282942121052258,0,0,0,0,0,0,0,0,0,0,0,0,0,0,0,0,0,0,0,0,0.0792237938946324,0,0,0,0.0113176848420903,0,0,0,0,0,0,0.0113176848420903,0,0,0,0,0,0,0,0,0,0,0,0,0,0,0,0,0,0,0,0,0,0,0,0,0,0,0,0,0,0,0,0,0,0,0,0,0,0,0,0,0,0,0,0,0,0,0,0,0,0,0,0,0,0,0,0,0,0,0,0,0.00282942121052258,0,0,0,0,0,0,0,0,0.00565884242104517,0,0,0,0,0,0,0,0,0.0113176848420903,0,0,0,0,0,0,0,0,0,0.00848826363156775,0,0,0,0,0.00282942121052258,0,0,0,0,0,0,0,0,0,0,0,0,0,0,0,0,0,0.280112699841736,0,0.0254647908947033,0.00848826363156775,0,0,0,0,0,0.0113176848420903,0,0,0,0,0,0,0,0,0,0,0.181082957473445,0,0,0,0,0,0,0.00282942121052258,0.169765272631355,0,0.00282942121052258,0,0,0,0,0,0,0,0,0,0,0,0,0,0,0,0,0.234912696003638,0,0,0,0.825059224988386,0,0,8.19379176862322,0,0,0,3.37167029953949,2.8792942161868,0,4.89199063310324,13.3278152183701,0,0,0,0,0,0,0,0,0,69.169007265785,3.4895036148939,0,0,0,0,0,0,0,0,0,0,0,0,0,1.32219560523023,0,0,0,0,0,0.614796660288743,0,0,0,0,0,0,0,0,0,0,0,0,0,0,0,0,0,1.08210102919876,0,0,0,0,0,0,0,0,0,0,0.581679799923381,0,0,0,0,0,0,0,0,0,0,0,0,0,0,0,0,0,0,0,0,0,0,0,0,0,0,0,0,0,0,0,0,0,0,0,0,0,0,0,2.8776998220448,0,0,0,0.214412198090435,0,0,0,0,0,0,0,0,0,0,0,0,0,0,0,0.504959600431105,0,0.298931180312922,0,0,0,0,0,0.583555502051457,0,0,0,0,0,0,0,0,0,0,0,0,0,0,0,0,0,0,0,0,0,0,0,0,0,0,1.24587863343441,0,0,0,0,0,0,0,0,0,0,0,0,0,0,0,0.028145560809376,0,0,0,0,0,0,0,0,0,0,0,6.12800027587487,0,0,0,0.199287453541948,0,0,0,0,0,0,0,0,0,0,0,0,0,0.0227373378320826,0.761108646788154,0,0,0,0,0,0,0.117550557407874,0,0.260203691424669,0,0,0,0,0,0,0,0,0,0,0,0,16.2896793191512,0,1.66236862958419,0,0,0,0,0,0,0,0,0,0,0,0,0,0,0,0,0,0,0,0,0,0,0,0,0,0,0,0,0,0,0,0,0,0,0,0,0,0,0,0,0,0,0,0,0,0,0,0,0,0,0,0,0,0,0,0,0.210189759293247,0,0,0,0,0,0,0,0,0,0,0,0,0,0,0,0,0,0,0,0,0,0,0,0,0,0,0,0,0,0,0,0,0,0,0.713360466207859,0,0,0,0,0,0,0,0,0,0,0,0,0,0,0,0,0,0,0,0,0,0,0,0,0.0413287515432614,0,0,0,0.0048155202490365,0,0,0,0,0,0,0,0,0,0,0,0,47.0536825188658,0,0,0,0,0,0,0,0,0,0,0,0,0,0,0,0,5.35060072982109,2.15006681621459,0,0,0,0,0,0,0,0,0,0,0,0,0,0,0,0,0,0,0,0,0,0,0,7.82023496521284,0,0,0,0,0,0,0,0,0,0,0,0,0,0,0,0,0,0,0,0,0,0,0,0,0,0,0,0,0,0,0.0749213433291565,0,0,0,0,0,0,0,0,0.188446368267865,0,0,0,0,0,0,0,0,0,0,0,0,0,0,0,0,0,0,0,0,0.574073615890209,0,0,0,0.0288836753551669,0,0,0,0,0,0,0.086003085613533,0,0,0,0,0,0,0,0,0,0,0,0,0,0,0,0,0,0,0,0,0,0,0,0,0,0,0,0,0,0,0,0,0,0,0,0,0,0,0,0,0,0,0,0,0,0,0,0,0,0,0,0,0,0,0,0,0,0,0,0,0.459462042568811,0,0,0,0,0,0,0,0,1.40997528592336,0,0,0,0,0,0,0,0,14.6969230975965,0,0,0,0,0,0,0,0,0,17.4243045898577,0,0,0,0,0.349872178296314,0,0,0,0,0,0,0,0,0,0,0,0,0,0,0,0,0,1.30504321553894,0,0.275140347772281,0.126022743427865,0,0,0,0,0,0.860200636423076,0,0,0,0,0,0,0,0,0,0,0.460660896706392,0,0,0,0,0,0,0.780306835585792,2.03499810957537,0,0.283984528629082,0,0,0,0,0,0,0,0,0,0,0,0,0,0,0,77.03460139,72.83220122,73.53570126,73.07760125,88.66630152,86.28940151,86.73830153,87.30870151,95.78730167,112.897802,78.79420136,"JAR-00265"
"354",4848,"nSPC",2012,"PRIAs","Pacific Remote Island Areas","Jarvis","Jarvis",2012,"ForereefDeep","Jarvis","2012-05-04","Forereef","Deep",-0.38170751,-160.0115455,21.95,37.5,0,7.5,15,39,1,0,0,NA,0.7225,0.483877982422506,1.65,2,1,53.5888550726033,132.532590015392,8.84885482877196,21.7993339816697,216.769633898437,0,0,0,0,0,0,0,0,0,0,0,0,0,0,0,0,0.0396118969473162,0.0198059484736581,0,0,0,0,0,0,0,0,0,0,0,0,0,0,0,0,0,0,0,0,0,0,0,0,0,0,0,0,0,0,0,0,0,0,0,0,0,0,0,0.00282942121052258,0.00282942121052258,0,0,0,0,0,0,0,0,0,0,0,0,0,0,0,0,0,0,0.00848826363156775,0,0,0,0,0,0,0,0,0,0,0,0,0,0.00848826363156775,0,0,0,0,0,0,0,0,0,0,0,0,0,0,0,0,0,0,0,0,0,0,0,0,0,0.0198059484736581,0,0,0,0.0311236333157484,0,0,0,0.00565884242104517,0.0735649514735872,0.0396118969473162,0,0,0,0,0,0,0,0,0,0.0169765272631355,0,0,0,0,0,0,0,0,0,0,0,0,0,0,0,0,0,0,0,0,0,0,0,0,0,0,0,0,0,0,0,0,0,0,0,0.0905414787367227,0,0,0,0,0,0,0,0,0,0,0,0,0,0,0,0,0,0,0,0,0,0,0,0,0,0,0,0,0,0,0,0,0,0,0,0,0,0,0,0,0,0,0,0,0,0,0,0,0,0,0,0,0,0,0,0,0,0,0,0,0,0,0,0,0.0113176848420903,0,0,0.0282942121052258,0,0,0,0,0,0,0,0,0,0,0,0,0,0,0,0,0,0,0,0,0,0,0,0,0,0,0,0,0,0,0,0,0,0,0,0,0,0,0,0.00848826363156775,0,0,0,0.00282942121052258,0,0,0,0,0,0,0,0,0,0,0,0,0,0,0,0,0,0,0,0,0,0.00848826363156775,0,0,0,0,0,0,0,0,0,0,0,0,0,0,0,0,0,0,0.00848826363156775,0,0,0,0,0,0,0,0,0.00282942121052258,0,0,0,0,0,0,0,0,0,0,0,0,0,0,0,0,0,0,0,0,0,0,0,0,0.00565884242104517,0,0,0,0.00565884242104517,0,0,0,0,0,0,0,0,0,0,0,0,0.00565884242104517,0,0,0,0,0,16.9765272631355,0,0,0,0,0,0,0,0,0,0,0.0594178454209743,0.00565884242104517,0,0,0,0,0,0,0,0,0,0,0,0,0,0,0.0169765272631355,0,0,0,0,0,0.00848826363156775,0,0.0169765272631355,0,0,0,0,0,0,0,0,0,0,0,0,0,0,0,0,0,0,0,0.0565884242104517,0,0,0,0,0,0,0,0,0,0,0,0,0,0,0,0,0,0.0169765272631355,0,0,0.0367824757367936,0,0,0,0,0,0,0,0,0,0,0,0,0,0,0,0,0,0,0,0,0.0452707393683613,0,0,0,0,0.0565884242104517,0,0,0,0,0,0,0,0,0,0,0,0,0,0,0,0.00848826363156775,0,0,0,0,0,0,0,0,0,0,0,9.05414787367227,0,0,0,0,0,0,0,0.00848826363156775,0,0,0,0,0.0226353696841807,0,0,0,0,0.0113176848420903,0,0,0,0,0,0,0,0,0,0,0,0,0,0,0,0,0,0,0,0,0,0,0,0,0,0,0,0,0,0.0367824757367936,0,0,0,0,0,0,0,0,0,0,0,0,0,0,0,0,0,0,0,0,0,0,0,0,0,0,0,0,0,0,0,0,0,0,0,0,0,0,0,0,0,0,0,0,0,0,0,0,0,0,0,0,0,0,0,0,0,0,0,0,0,0,0,0,0,0,0,0,0,0,0,0,0,0,0,0,0.00565884242104517,0,0,0,0,0,0,0,0.00282942121052258,0,0,0,0,0,0,0,0,0,0,0,0,0,0,0,0,0,33.7282820538624,2.87939955558578,0,0,0,0,0,0,0,0,0,0,0,0,0,0,0,0,0,0,0,0,0,0,0,0,0,0,0,0,0,0,0,0,0,0,0,0,0,0,0,0.652170271340614,0.360700343066254,0,0,0,0,0,0,0,0,0,0,0,0,0,0,0,0,0,0,1.27719794213875,0,0,0,0,0,0,0,0,0,0,0,0,0,0.95332413590964,0,0,0,0,0,0,0,0,0,0,0,0,0,0,0,0,0,0,0,0,0,0,0,0,0,4.00236866871049,0,0,0,0.273672930644588,0,0,0,0.145699347583134,0.318369615516443,12.7227196596765,0,0,0,0,0,0,0,0,0,0.888686393939512,0,0,0,0,0,0,0,0,0,0,0,0,0,0,0,0,0,0,0,0,0,0,0,0,0,0,0,0,0,0,0,0,0,0,0,0.338350676617922,0,0,0,0,0,0,0,0,0,0,0,0,0,0,0,0,0,0,0,0,0,0,0,0,0,0,0,0,0,0,0,0,0,0,0,0,0,0,0,0,0,0,0,0,0,0,0,0,0,0,0,0,0,0,0,0,0,0,0,0,0,0,0,0,0.544855226216185,0,0,2.57225593431264,0,0,0,0,0,0,0,0,0,0,0,0,0,0,0,0,0,0,0,0,0,0,0,0,0,0,0,0,0,0,0,0,0,0,0,0,0,0,0,3.06626358291495,0,0,0,1.02960289117717,0,0,0,0,0,0,0,0,0,0,0,0,0,0,0,0,0,0,0,0,0,4.84574016117377,0,0,0,0,0,0,0,0,0,0,0,0,0,0,0,0,0,0,0.0294653095442611,0,0,0,0,0,0,0,0,1.062105870469,0,0,0,0,0,0,0,0,0,0,0,0,0,0,0,0,0,0,0,0,0,0,0,0,0.0108152281644914,0,0,0,0.0157022352255223,0,0,0,0,0,0,0,0,0,0,0,0,16.856867016609,0,0,0,0,0,9.41554984489232,0,0,0,0,0,0,0,0,0,0,27.2873788417598,1.93698296696254,0,0,0,0,0,0,0,0,0,0,0,0,0,0,3.85296102344389,0,0,0,0,0,11.792368151155,0,22.416528927852,0,0,0,0,0,0,0,0,0,0,0,0,0,0,0,0,0,0,0,12.1040350384397,0,0,0,0,0,0,0,0,0,0,0,0,0,0,0,0,0,0.435934795230798,0,0,7.3267655252968,0,0,0,0,0,0,0,0,0,0,0,0,0,0,0,0,0,0,0,0,0.386792797236327,0,0,0,0,0.417757247356114,0,0,0,0,0,0,0,0,0,0,0,0,0,0,0,2.89580848626932,0,0,0,0,0,0,0,0,0,0,0,11.5971354573688,0,0,0,0,0,0,0,0.0220191217445289,0,0,0,0,0.183291445439474,0,0,0,0,0.0348730778477116,0,0,0,0,0,0,0,0,0,0,0,0,0,0,0,0,0,0,0,0,0,0,0,0,0,0,0,0,0,6.82271521596152,0,0,0,0,0,0,0,0,0,0,0,0,0,0,0,0,0,0,0,0,0,0,0,0,0,0,0,0,0,0,0,0,0,0,0,0,0,0,0,0,0,0,0,0,0,0,0,0,0,0,0,0,0,0,0,0,0,0,0,0,0,0,0,0,0,0,0,0,0,0,0,0,0,0,0,0,8.94280228424745,0,0,0,0,0,0,0,0.323318599533783,0,0,109.9776019,116.353302,122.6954021,114.062002,110.8873019,111.2569019,113.005602,119.1876021,124.5488022,138.0641024,102.7819018,"JAR-00207"
"355",4849,"nSPC",2012,"PRIAs","Pacific Remote Island Areas","Jarvis","Jarvis",2012,"ForereefShallow","Jarvis","2012-05-04","Forereef","Shallow",-0.37199732,-160.01053146,4,9,0,22.5,25,41,2.5,0,0,NA,0.712,0.6991226623007,2.95,2,1,3.26670273930764,11.5665555026943,83.1102616116572,8.0730546191171,106.016574472776,27.9278486669848,0,0,0,0,0,0.0113176848420903,0,0,0,0,0,0,0.00282942121052258,0,0,0,0.0452707393683613,0,0,0,0,0,0,0,0,0,0.565884242104517,0,0,0,0,0,0,0,0,0,0,0,0,0,0,0.0367824757367936,0,0,0,0,0,0,0,0,0,0,0,0,0,0,0,0,0,0,0,0,0,0,0,0,0,0,0,0,0,0,0,0,0,0,0.00565884242104517,0,0,0,0,0,0,0,0,0,0,0,0,0,0,0,0,0,0,0,0,0,0,0,0,0,0,0,0,0,0,0,0,0,0,0,0,0,0,0,0,0,0,0,0.0113176848420903,0,0,0,0.00282942121052258,0,0,0,0,0,0,0,0,0,0,0,0,0,0.0565884242104517,0,0,0,0,0,0,0,0,0,0,0,0,0,0,0,0,0,0,0,0,0,0,0,0,0,0,0,0,0,0,0,0,0,0,0,0,0,0,0,0,0,0.00565884242104517,0,0,0,0,0,0,0,0,0,0,0,0,0,0,0,0,0,0,0,0,0,0,0.0424413181578388,0,0,0,0,0,0,0,0,0.00565884242104517,0,0,0,0,0.0113176848420903,0.00282942121052258,0,0,0.00565884242104517,0,0,0,0.0282942121052258,0,0.00565884242104517,0,0.00282942121052258,0,0,0,0,0,0,0,0,0,0,0.0396118969473162,0,0,0,0,0,0,0,0,0,0,0,0,0,0,0,0,0,0,0,0,0,0,0,0,0,0,0,0,0,0,0,0,0,0,0,0,0,0,0,0,0,0,0,0,0,0,0,0,0,0,0,0,0,0,0,0,0,0,0,0,0,0,0,0,0,0,0,0,0,0,0,0,0,0,0,0,0,0,0.00282942121052258,0,0,0,0,0.00848826363156775,0,0,0,0,0,0,0,0,0,0.00565884242104517,0,0,0,0,0,0,0,0,0,0,0,0,0,0,0,0,0,0,0.00282942121052258,0,0,0,0,0,0,0,0,0,0.00282942121052258,0,0,0,0,0,0,0,0,0,0,0,0,0.00282942121052258,0,0,0,0,0,0,0,0,0,0,0,0,0.0169765272631355,0,0,0,0.0254647908947033,0.0141471060526129,0,0,0,0,0,0,0,0,0,0,0,0,0,0,0,0,0,0,0,0,0,0,0,0,0,0,0,0,0,0,0,0,0,0,0,0,0,0,0,0,0,0,0,0,0,0,0,0,0,0,0,0,0,0,0.00282942121052258,0,0,0,0,0,0,0.00565884242104517,0,0.00282942121052258,0,0,0,0,0,0,0,0,0,0,0,0,0,0,0,0,0,0,0,0,0.0311236333157484,0,0,0,0.0169765272631355,0.00848826363156775,0,0,0,0,0,0.0763943726841098,0,0,0,0,0,0,0,0,0,0,0,0,0.00282942121052258,0,0,0,0,0,0,0,0,0,0,0,0,0,0,0,0,0,0,0,0,0.00565884242104517,0,0,0,0,0,0,0,0,0,0,0,0,0,0,0,0,0,0,0,0,0,0,0,0,0,0,0,0,0,0,0,0,0,0,0,0,0,0,0,0,0,0,0,0,0.00282942121052258,0,0,0,0,0,0,0,0,0,0.00848826363156775,0,0,0,0,0,0,0,0,0,0,0,0,0,0,0,0,0,0,0,0,0,0,0.135812218105084,0,0,0.0424413181578388,0,0,0,0,0,0,0.00282942121052258,0,0,0,0,0,0,0,0,0,0.172594693841878,0,0,0,0,0,0,0,0.0933708999472453,0,0,0,0,0,0,0,0,0,0,0,0,0,0,0,0,0,0,0,0,0,0,1.05693029319071,0,0,0,0,0,0,0.374433111460085,0,0,0,3.66670961610175,0,0,0,0,0,0,0,0,0,40.8231391571651,0,0,0,0,0,0,0,0,0,0,0,0,0,0,1.53681286289079,0,0,0,0,0,0,0,0,0,0,0,0,0,0,0,0,0,0,0,0,0,0,0,0,0,0,0,0,0,0,0,0,0,0,1.38043575227839,0,0,0,0,0,0,0,0,0,0,0,0,0,0,0,0,0,0,0,0,0,0,0,0,0,0,0,0,0,0,0,0,0,0,0,0,0,0,0,0,0,0,0,0.0846364952667601,0,0,0,0.0421583760367865,0,0,0,0,0,0,0,0,0,0,0,0,0,0.182497668078707,0,0,0,0,0,0,0,0,0,0,0,0,0,0,0,0,0,0,0,0,0,0,0,0,0,0,0,0,0,0,0,0,0,0,0,0,0,0,0,0,0,0.447063356309831,0,0,0,0,0,0,0,0,0,0,0,0,0,0,0,0,0,0,0,0,0,0,0.0700791045422234,0,0,0,0,0,0,0,0,0.0183544595336077,0,0,0,0,0.0120675369500999,0.133027501749688,0,0,0.0162885040694955,0,0,0,0.037034120164853,0,0.610985522214178,0,0.0103409391768043,0,0,0,0,0,0,0,0,0,0,3.56627998156175,0,0,0,0,0,0,0,0,0,0,0,0,0,0,0,0,0,0,0,0,0,0,0,0,0,0,0,0,0,0,0,0,0,0,0,0,0,0,0,0,0,0,0,0,0,0,0,0,0,0,0,0,0,0,0,0,0,0,0,0,0,0,0,0,0,0,0,0,0,0,0,0,0,0,0,0,0,0,0.198307920911827,0,0,0,0,0.0112469493118273,0,0,0,0,0,0,0,0,0,1.03815623463253,0,0,0,0,0,0,0,0,0,0,0,0,0,0,0,0,0,0,2.02798578037762,0,0,0,0,0,0,0,0,0,0.00785111761276115,0,0,0,0,0,0,0,0,0,0,0,0,2.65115785732356,0,0,0,0,0,0,0,0,0,0,0,0,0.118848423237396,0,0,0,10.8784232877679,2.01089923396216,0,0,0,0,0,0,0,0,0,0,0,0,0,0,0,0,0,0,0,0,0,0,0,0,0,0,0,0,0,0,0,0,0,0,0,0,0,0,0,0,0,0,0,0,0,0,0,0,0,0,0,0,0,0,0.0622990679213183,0,0,0,0,0,0,0.453396270238179,0,1.16775644450284,0,0,0,0,0,0,0,0,0,0,0,0,0,0,0,0,0,0,0,0,0.195681146556826,0,0,0,0.0433255130327503,0.0200446445281078,0,0,0,0,0,0.313820027216784,0,0,0,0,0,0,0,0,0,0,0,0,0.119990235709117,0,0,0,0,0,0,0,0,0,0,0,0,0,0,0,0,0,0,0,0,0.404258268952331,0,0,0,0,0,0,0,0,0,0,0,0,0,0,0,0,0,0,0,0,0,0,0,0,0,0,0,0,0,0,0,0,0,0,0,0,0,0,0,0,0,0,0,0,1.47025214389175,0,0,0,0,0,0,0,0,0,26.4575965230931,0,0,0,0,0,0,0,0,0,0,0,0,0,0,0,0,0,0,0,0,0,0,0.714710702874489,0,0,0.489545921260765,0,0,0,0,0,0,0.270255923103076,0,0,0,0,0,0,0,0,0,0.435555442305425,0,0,0,0,0,0,0,0.385935033710128,0,0,0,0,0,0,0,0,0,0,0,0,0,0,0,0,0,57.63840098,68.0414012,73.46970123,73.41410128,51.49690089,52.11820088,45.05250077,59.23860106,67.84680118,50.54830086,52.72810092,"JAR-00249"
"356",4852,"nSPC",2012,"PRIAs","Pacific Remote Island Areas","Jarvis","Jarvis",2012,"ForereefDeep","Jarvis","2012-05-05","Forereef","Deep",-0.36151542,-160.00228215,23.9,16,0,7.5,32.5,41.5,2.5,0,0,NA,0.2775,0.181453772533703,0.6,2,1,50.6967984278445,14.9207797192609,24.6497361430718,21.7205898939447,111.987904184122,14.3508260829132,0,0,0,0,0,0.00282942121052258,0,0.00565884242104517,0,0,0,0,0,0,0.00282942121052258,0,0.033953054526271,0,0,0.00282942121052258,0,0.00565884242104517,0,0,0,0.0254647908947033,0,0,0,0,0,0,0,0,0,0,0,0,0,0,0,0,0,0,0,0,0,0,0,0,0,0,0,0,0,0,0.00848826363156775,0,0,0,0,0,0,0,0,0.00848826363156775,0,0,0,0,0,0,0,0,0,0,0.0113176848420903,0,0,0,0,0,0,0,0,0,0,0,0,0,0.00565884242104517,0,0,0,0,0,0,0,0,0,0,0,0,0,0,0,0,0,0,0,0,0,0,0,0,0,0.00282942121052258,0,0,0,0.0367824757367936,0,0,0,0,0.130153375684039,0.0792237938946324,0,0,0,0,0,0,0,0,0,0.0367824757367936,0,0,0,0,0,0,0,0,0,0,0,0,0,0,0,0,0,0,0,0,0,0,0,0,0,0,0,0,0,0,0,0,0,0,0,0.410266075525775,0,0,0,0,0,0,0,0,0,0,0,0,0,0,0,0,0,0,0,0,0,0,0,0,0,0,0,0,0,0,0,0,0,0,0,0,0,0,0,0,0,0,0,0,0.0113176848420903,0,0,0,0.00848826363156775,0,0,0,0,0,0.00565884242104517,0,0,0,0,0,0,0,0,0,0.00848826363156775,0.00565884242104517,0.00282942121052258,0.00848826363156775,0,0,0,0,0,0,0,0,0,0,0,0,0,0,0,0,0,0,0,0,0,0,0,0,0,0,0,0,0,0,0,0,0,0,0,0,0,0,0,0.00565884242104517,0,0,0,0,0,0,0,0,0,0,0,0,0,0,0,0,0,0,0,0,0.00848826363156775,0,0,0,0,0.00282942121052258,0,0,0,0,0,0,0,0,0,0,0,0,0.00282942121052258,0,0,0,0,0,0.00282942121052258,0,0,0,0,0,0,0,0,0,0,0,0,0,0,0,0,0,0,0,0,0,0,0,0,0,0,0,0,0,0,0,0,0,0.0113176848420903,0,0,0,0.00565884242104517,0,0,0,0,0,0,0,0,0,0,0,0,0.00848826363156775,0,0,0,0,0,6.50766878420194,0,0,0,0,0,0,0,0,0,0,0,0.00282942121052258,0,0,0,0,0,0,0,0,0.0113176848420903,0,0.00848826363156775,0,0,0,0.00565884242104517,0,0,0,0,0,0,0,0,0,0,0,0,0,0,0,0,0,0,0,0,0,0,0,0,0,0,0,0,0,0,0,0,0,0,0,0,0,0,0,0,0,0,0,0,0,0.00565884242104517,0,0,0.0113176848420903,0,0,0,0,0,0,0,0,0,0,0,0,0,0,0,0,0,0,0,0,0.0141471060526129,0,0,0,0,0.0169765272631355,0,0,0,0,0,0,0,0,0,0,0,0,0,0,0,0.00565884242104517,0,0,0,0,0,0,0,0,0,0,0,4.81001605788839,0,0,0,0,0,0.00282942121052258,0,0,0,0,0,0,0.0452707393683613,0,0,0,0,0.00565884242104517,0,0,0,0,0,0,0,0,0,0,0,0,0,0,0,0,0,0,0,0,0.0113176848420903,0,0,0,0,0,0,0,0,0.0226353696841807,0,0,0,0,0,0,0,0.00282942121052258,0,0,0,0,0,0,0,0,0,0,0.00282942121052258,0,0,0,0,0.00565884242104517,0,0,0,0,0,0,0,0,0,0,0,0,0,0,0,0,0,0.00282942121052258,0,0,0,0,0,0,0,0,0,0,0,0,0,0,0,0,0,0,0,0,0,0,0,0,0,0,0,0,0,0,0,0,0,0,0,0,0,0,0.00282942121052258,0,0,0,0,0,0,0,0,0,0,0,0.238732414637843,0,0.477464829275686,0,0,0,0,0,0,0.512234066195322,0,3.07818138661908,0,0,0.208086578137422,0,2.88125740727193,0,0,0,0.887144931668761,0,0,0,0,0,0,0,0,0,0,0,0,0,0,0,0,0,0,0,0,0,0,0,0,0,0,0,0,0,0,2.77196132457929,0,0,0,0,0,0,0,0,0.580203697145375,0,0,0,0,0,0,0,0,0,0,1.72544171842635,0,0,0,0,0,0,0,0,0,0,0,0,0,0.513586852728528,0,0,0,0,0,0,0,0,0,0,0,0,0,0,0,0,0,0,0,0,0,0,0,0,0,2.142852658729,0,0,0,0.247491276415291,0,0,0,0,0.645817985934729,18.9636076288204,0,0,0,0,0,0,0,0,0,3.81488244178395,0,0,0,0,0,0,0,0,0,0,0,0,0,0,0,0,0,0,0,0,0,0,0,0,0,0,0,0,0,0,0,0,0,0,0,1.61035942312651,0,0,0,0,0,0,0,0,0,0,0,0,0,0,0,0,0,0,0,0,0,0,0,0,0,0,0,0,0,0,0,0,0,0,0,0,0,0,0,0,0,0,0,0,0.0234487526777128,0,0,0,0.031261392430444,0,0,0,0,0,3.28347720084062,0,0,0,0,0,0,0,0,0,0.280857925481517,0.154673825084187,0.380456733928957,0.808089510572978,0,0,0,0,0,0,0,0,0,0,0,0,0,0,0,0,0,0,0,0,0,0,0,0,0,0,0,0,0,0,0,0,0,0,0,0,0,0,0,1.80826010568794,0,0,0,0,0,0,0,0,0,0,0,0,0,0,0,0,0,0,0,0,4.34284252109009,0,0,0,0,0.276867360593959,0,0,0,0,0,0,0,0,0,0,0,0,0.0871699903121249,0,0,0,0,0,0.00101604515669866,0,0,0,0,0,0,0,0,0,0,0,0,0,0,0,0,0,0,0,0,0,0,0,0,0,0,0,0,0,0,0,0,0,0.0237973256153262,0,0,0,0.009631040498073,0,0,0,0,0,0,0,0,0,0,0,0,16.413644410978,0,0,0,0,0,2.8395887356426,0,0,0,0,0,0,0,0,0,0,0,0.312297147030625,0,0,0,0,0,0,0,0,1.83774880399208,0,1.14749910116509,0,0,0,0.587958889059231,0,0,0,0,0,0,0,0,0,0,0,0,0,0,0,0,0,0,0,0,0,0,0,0,0,0,0,0,0,0,0,0,0,0,0,0,0,0,0,0,0,0,0,0,0,0.161879975581897,0,0,1.7743827859849,0,0,0,0,0,0,0,0,0,0,0,0,0,0,0,0,0,0,0,0,0.100120640723176,0,0,0,0,0.136178959074082,0,0,0,0,0,0,0,0,0,0,0,0,0,0,0,2.1697088340032,0,0,0,0,0,0,0,0,0,0,0,6.42129645761893,0,0,0,0,0,2.59515488610274,0,0,0,0,0,0,0.276952460028975,0,0,0,0,0.0125535255725861,0,0,0,0,0,0,0,0,0,0,0,0,0,0,0,0,0,0,0,0,1.66260592933186,0,0,0,0,0,0,0,0,5.59766014855731,0,0,0,0,0,0,0,1.65786733943665,0,0,0,0,0,0,0,0,0,0,7.3677394072097,0,0,0,0,5.32521933626685,0,0,0,0,0,0,0,0,0,0,0,0,0,0,0,0,0,0.0420075811426215,0,0,0,0,0,0,0,0,0,0,0,0,0,0,0,0,0,0,0,0,0,0,0,0,0,0,0,0,0,0,0,0,0,0,0,0,0,0,0.736682478152767,0,0,0,0,0,0,95.06550164,92.27660162,101.8467017,102.0238017,82.7867014,98.57550174,78.06570135,84.46070153,93.76050164,85.07520147,94.79730168,"JAR-00211"
"357",4853,"nSPC",2012,"PRIAs","Pacific Remote Island Areas","Jarvis","Jarvis",2012,"ForereefMid","Jarvis","2012-05-05","Forereef","Mid",-0.36223023,-159.9962362,10.05,7.5,0,7.5,8.5,73.5,3,0,0,NA,0.315,0.260132265867982,1.1,2,1,6.33812820360288,30.9112900690772,37.4331012142766,18.3598283713327,93.0423478582895,20.2251744574612,0,0,0,0,0,0,0,0,0,0,0,0,0.00848826363156775,0,0,0,0.0650766878420194,0,0,0,0,0,0,0,0,0,0,0,0,0,0,0,0,0,0,0,0,0,0,0,0,0.0141471060526129,0,0,0,0,0,0,0,0,0,0,0,0,0,0,0.00282942121052258,0,0,0,0,0,0,0,0,0.00282942121052258,0,0,0,0,0,0,0,0,0,0,0.00848826363156775,0,0,0,0,0,0,0,0,0,0,0,0,0,0,0,0,0,0,0,0,0.00282942121052258,0,0,0,0,0,0,0,0,0,0,0,0,0,0,0,0,0,0,0.00282942121052258,0,0,0,0.0198059484736581,0,0,0,0,0.00565884242104517,0,0,0,0,0,0,0,0,0,0,0.0226353696841807,0,0,0,0,0,0,0,0.00565884242104517,0,0,0,0,0,0,0,0,0,0,0,0,0,0,0,0,0,0,0,0,0,0,0,0,0,0,0,0.110347427210381,0,0,0,0,0,0,0,0,0,0,0,0,0,0,0,0,0,0,0,0,0,0,0,0,0,0,0,0,0,0,0.33953054526271,0,0,0,0,0,0,0,0,0,0,0,0,0,0.0141471060526129,0,0,0,0.0169765272631355,0,0,0,0,0,0.00848826363156775,0,0.0311236333157484,0,0,0,0.00282942121052258,0,0,0,0,0,0,0.0226353696841807,0,0.0113176848420903,0,0,0,0,0,0,0,0,0,0,0,0,0,0,0,0,0,0,0,0,0,0,0,0,0,0,0,0,0,0,0,0,0,0,0,0,0,0,0,0,0,0.00282942121052258,0,0,0,0,0,0,0,0,0,0,0,0,0,0,0.00848826363156775,0,0,0,0,0,0,0,0,0,0,0,0,0,0,0,0,0,0,0,0.0169765272631355,0,0,0,0,0,0.00282942121052258,0,0,0,0,0,0,0,0,0.0113176848420903,0,0,0,0,0,0,0,0,0,0,0,0,0,0,0,0,0,0,0,0,0,0,0,0,0.00282942121052258,0,0,0,0.0113176848420903,0,0,0,0,0,0,0,0,0,0,0,0,0,0,0,0,0,0,0,0,0,0,0,0,0,0.0169765272631355,0,0,0,0.0481001605788839,0.00848826363156775,0,0,0,0,0,0,0,0.0509295817894065,0.00282942121052258,0,0,0,0,0,0,0,0,0,0,0,0,0,0,0,0,0,0,0,0,0,0,0,0,0,0,0,0,0,0,0,0,0,0,0,0,0,0,0,0,0,0,0,0,0,0.00565884242104517,0,0,0,0,0,0.00282942121052258,0.00565884242104517,0,0.0141471060526129,0,0.00282942121052258,0,0,0,0,0,0,0,0,0,0,0,0,0,0,0,0,0,0,0.0424413181578388,0,0,0,0,0,0,0,0,0,0,0,0,0,0,0,0,0,0,0.00282942121052258,0,0.00565884242104517,0,0,0,0,0,0,0,0,0,0,0,0,0,0,0,0,0,0,0,0,0,0,0,0,0,1.71179983236616,0,0,0,0,0,0,0,0,0,0,0,0,0,0,0,0,0,0,0,0,0,0,0,0.00282942121052258,0,0,0,0,0,0,0,0,0,0.00282942121052258,0,0,0,0,0,0,0,0,0.0113176848420903,0,0,0,0,0,0,0,0,0,0.00565884242104517,0,0,0,0,0,0,0,0,0,0,0,0,0,0,0,0,0,0,0,0,0,0,0.147129902947174,0,0.00848826363156775,0.00848826363156775,0,0,0,0,0,0.00282942121052258,0,0,0,0,0,0,0,0,0,0,0.00565884242104517,0,0,0,0,0,0,0,0.0622472666314969,0,0,0,0,0,0,0,0,0,0,0,0,0.00565884242104517,0,0,0,0,0,0,0,0,0,0,0,0,0,0,0,0,2.34218241481174,0,0,0,7.58882151675118,0,0,0,0,0,0,0,0,0,0,0,0,0,0,0,0,0,0,0,0,0,0,0,0,0.685028339858412,0,0,0,0,0,0,0,0,0,0,0,0,0,0,0.652170271340614,0,0,0,0,0,0,0,0,0.250712791127551,0,0,0,0,0,0,0,0,0,0,1.05631952257758,0,0,0,0,0,0,0,0,0,0,0,0,0,0,0,0,0,0,0,0,1.64475209870772,0,0,0,0,0,0,0,0,0,0,0,0,0,0,0,0,0,0,1.954112529795,0,0,0,0.165224998358658,0,0,0,0,0.0267973392288993,0,0,0,0,0,0,0,0,0,0,1.24873468109867,0,0,0,0,0,0,0,0.399942920496372,0,0,0,0,0,0,0,0,0,0,0,0,0,0,0,0,0,0,0,0,0,0,0,0,0,0,0,0.442082351153859,0,0,0,0,0,0,0,0,0,0,0,0,0,0,0,0,0,0,0,0,0,0,0,0,0,0,0,0,0,0,0.605162267348991,0,0,0,0,0,0,0,0,0,0,0,0,0,0.033536224257446,0,0,0,0.0504556546764636,0,0,0,0,0,3.77289439122715,0,0.475464890034659,0,0,0,0.328391679841125,0,0,0,0,0,0,2.92942509337543,0,1.26353315707751,0,0,0,0,0,0,0,0,0,0,0,0,0,0,0,0,0,0,0,0,0,0,0,0,0,0,0,0,0,0,0,0,0,0,0,0,0,0,0,0,0,2.07129662919203,0,0,0,0,0,0,0,0,0,0,0,0,0,0,0.148222148112823,0,0,0,0,0,0,0,0,0,0,0,0,0,0,0,0,0,0,0,0.982267684544099,0,0,0,0,0,0.0376313020999504,0,0,0,0,0,0,0,0,2.83331449410826,0,0,0,0,0,0,0,0,0,0,0,0,0,0,0,0,0,0,0,0,0,0,0,0,0.0200421460218674,0,0,0,0.0222976783598707,0,0,0,0,0,0,0,0,0,0,0,0,0,0,0,0,0,0,0,0,0,0,0,0,0,0.0540589216482445,0,0,0,21.1542224142297,1.33666289742974,0,0,0,0,0,0,0,5.72337597768367,0.656207141369647,0,0,0,0,0,0,0,0,0,0,0,0,0,0,0,0,0,0,0,0,0,0,0,0,0,0,0,0,0,0,0,0,0,0,0,0,0,0,0,0,0,0,0,0,0,0.0408692294131822,0,0,0,0,0,0.110140412162358,0.301673680014208,0,3.15026547322291,0,0.344770422496462,0,0,0,0,0,0,0,0,0,0,0,0,0,0,0,0,0,0,0.200873448228398,0,0,0,0,0,0,0,0,0,0,0,0,0,0,0,0,0,0,0.00401159522886152,0,1.53497685146728,0,0,0,0,0,0,0,0,0,0,0,0,0,0,0,0,0,0,0,0,0,0,0,0,0,2.23692130994404,0,0,0,0,0,0,0,0,0,0,0,0,0,0,0,0,0,0,0,0,0,0,0,0.223588252710959,0,0,0,0,0,0,0,0,0,0.386127717294564,0,0,0,0,0,0,0,0,15.1849593206955,0,0,0,0,0,0,0,0,0,3.39546303805797,0,0,0,0,0,0,0,0,0,0,0,0,0,0,0,0,0,0,0,0,0,0,1.37515031860076,0,0.082587136743403,0.129673366505063,0,0,0,0,0,0.250329080411291,0,0,0,0,0,0,0,0,0,0,0.00671987537499114,0,0,0,0,0,0,0,0.599884547965003,0,0,0,0,0,0,0,0,0,0,0,0,0.528018213807278,0,0,0,0,94.54660162,94.18840165,99.41700163,101.4308017,85.09200145,100.5822018,81.9492014,87.57160158,98.23230173,92.68420158,95.9136017,"JAR-00237"
"358",4854,"nSPC",2012,"PRIAs","Pacific Remote Island Areas","Jarvis","Jarvis",2012,"ForereefShallow","Jarvis","2012-05-05","Forereef","Shallow",-0.36256869,-159.9989159,5.6,7.5,0,10,5,74,3.5,0,0,NA,0.5725,0.502141522947282,1.9,2,1,36.2239453740406,15.0472512288843,19.0709973090558,8.58846807964014,78.9306619916208,4.42807426882364,0,0,0,0,0,0,0,0,0,0,0,0,0.0198059484736581,0,0,0,0.00848826363156775,0,0,0,0,0,0,0,0,0,0.00565884242104517,0,0,0,0,0,0,0,0,0,0,0,0,0,0,0.0367824757367936,0,0,0,0,0,0,0,0,0,0,0,0,0,0,0,0,0,0,0,0,0,0,0,0,0,0,0,0,0,0,0,0,0,0,0.00282942121052258,0,0,0,0,0,0,0,0,0,0,0,0,0,0,0,0,0,0,0,0,0,0,0,0,0,0,0,0,0,0,0,0,0,0,0,0,0,0,0,0.00282942121052258,0,0,0,0.00565884242104517,0,0,0,0,0,0,0,0,0,0,0,0,0,0,0,0.00282942121052258,0,0,0,0,0,0,0,0,0,0,0,0,0,0,0,0,0,0,0,0,0,0,0,0,0,0,0,0,0,0,0,0,0,0,0,0,0,0,0,0,0,0,0,0,0,0,0,0,0,0,0.00848826363156775,0,0,0,0,0,0,0,0,0,0,0,0,0,0,0,0.0707355302630646,0,0,0,0,0,0,0,0,0.00282942121052258,0,0,0,0,0.00565884242104517,0,0,0,0.0141471060526129,0,0,0,0,0,0,0,0.0226353696841807,0,0,0,0,0,0,0,0,0,0,0.0113176848420903,0,0,0,0,0,0,0,0,0,0,0,0,0,0,0,0,0,0,0,0,0,0,0,0,0,0,0,0,0,0,0,0,0,0,0,0,0,0,0,0,0,0,0,0,0,0,0,0,0,0,0,0,0,0,0,0,0,0,0.00282942121052258,0,0,0,0,0,0,0,0,0,0,0,0,0,0,0,0,0,0,0,0.00565884242104517,0,0,0,0,0.0367824757367936,0,0,0,0,0,0,0,0,0,0.00282942121052258,0,0,0,0,0,0,0,0,0,0,0,0,0,0,0,0,0,0,0.00565884242104517,0,0,0,0,0,0.00282942121052258,0,0,0,0.00565884242104517,0,0,0,0,0,0,0,0,0,0,0,0,0.00565884242104517,0,0,0,0,0,0,0,0,0,0,0,0,0.0226353696841807,0,0,0,0.0424413181578388,0.00565884242104517,0,0,0,0,0,0,0,0,0,0,0,0,0,0,0,0,0,0,0,0,0,0,0,0,0,0,0,0,0,0,0,0,0,0,0,0,0,0,0,0,0,0,0,0,0,0,0,0,0,0,0,0,0,0,0.00565884242104517,0,0,0,0,0,0,0.00282942121052258,0,0.00848826363156775,0,0,0,0,0,0,0,0,0,0,0,0,0,0,0,0,0,0,0,0,0.0424413181578388,0,0,0,0.0113176848420903,0,0,0,0,0,0,0.00282942121052258,0,0,0,0,0,0,0,0,0,0,0,0,0,0,0,0,0,0,0,0,0,0,0,0,0,0,0,0,0,0,0,0,0,0,0,0,0,0,0,0,0,0,0,0,0,0,0,0,0,0,0,0,0,0,0,0,0,0,0,0.00848826363156775,0,0,0,0,0,0,0,0,0,0,0,0,0,0,0,0,0,0.00282942121052258,0.00282942121052258,0,0,0,0,0,0,0,0,0,0,0,0,0,0,0,0,0,0,0,0,0,0,0,0,0,0,0,0,0,0,0,0,0.24050080289442,0,0.0169765272631355,0.0367824757367936,0,0,0,0,0,0,0,0,0,0,0,0,0,0,0,0,0.0962003211577679,0,0,0,0,0,0,0,0.121665112052471,0,0.0113176848420903,0,0,0,0,0.00282942121052258,0,0,0,0,0,0,0,0,0,0,0,0,0,0,0,0,0,0,0,0,0,0,4.51297761520764,0,0,0,0.886763694649475,0,0,0,0,0,0,0,0,0,0.194918842945651,0,0,0,0,0,0,0,0,0,0,0,0,0,0,0.559686394942867,0,0,0,0,0,0,0,0,0,0,0,0,0,0,0,0,0,0,0,0,0,0,0,0,0,0,0,0,0,0,0,0,0,0,0.474639722654202,0,0,0,0,0,0,0,0,0,0,0,0,0,0,0,0,0,0,0,0,0,0,0,0,0,0,0,0,0,0,0,0,0,0,0,0,0,0,0,2.142852658729,0,0,0,0.0599594536876566,0,0,0,0,0,0,0,0,0,0,0,0,0,0,0,0.109917918403555,0,0,0,0,0,0,0,0,0,0,0,0,0,0,0,0,0,0,0,0,0,0,0,0,0,0,0,0,0,0,0,0,0,0,0,0,0,0,0,0,0,0,0,0,0,0,0,0,0,0,0.201074152538777,0,0,0,0,0,0,0,0,0,0,0,0,0,0,0,0.116798507570372,0,0,0,0,0,0,0,0,0.0151877595770033,0,0,0,0,0.0201749431594665,0,0,0,0.0521023207174066,0,0,0,0,0,0,0,0.451681603973067,0,0,0,0,0,0,0,0,0,0,1.38332552944576,0,0,0,0,0,0,0,0,0,0,0,0,0,0,0,0,0,0,0,0,0,0,0,0,0,0,0,0,0,0,0,0,0,0,0,0,0,0,0,0,0,0,0,0,0,0,0,0,0,0,0,0,0,0,0,0,0,0,0.0706637519428109,0,0,0,0,0,0,0,0,0,0,0,0,0,0,0,0,0,0,0,0.275281235279884,0,0,0,0,0.258229956199554,0,0,0,0,0,0,0,0,0,0.668848011723918,0,0,0,0,0,0,0,0,0,0,0,0,0,0,0,0,0,0,4.39628102855571,0,0,0,0,0,0.00889828028477043,0,0,0,0.009631040498073,0,0,0,0,0,0,0,0,0,0,0,0,30.3039340808211,0,0,0,0,0,0,0,0,0,0,0,0,0.0962852037940835,0,0,0,14.527372252219,0.949279445308405,0,0,0,0,0,0,0,0,0,0,0,0,0,0,0,0,0,0,0,0,0,0,0,0,0,0,0,0,0,0,0,0,0,0,0,0,0,0,0,0,0,0,0,0,0,0,0,0,0,0,0,0,0,0,0.0933167032289361,0,0,0,0,0,0,0.39109720231686,0,2.35569514822721,0,0,0,0,0,0,0,0,0,0,0,0,0,0,0,0,0,0,0,0,0.29859558722348,0,0,0,0.0348264362836372,0,0,0,0,0,0,0.0131636797672621,0,0,0,0,0,0,0,0,0,0,0,0,0,0,0,0,0,0,0,0,0,0,0,0,0,0,0,0,0,0,0,0,0,0,0,0,0,0,0,0,0,0,0,0,0,0,0,0,0,0,0,0,0,0,0,0,0,0,0,0.854038683726357,0,0,0,0,0,0,0,0,0,0,0,0,0,0,0,0,0,0.244413056324627,4.18366121249901,0,0,0,0,0,0,0,0,0,0,0,0,0,0,0,0,0,0,0,0,0,0,0,0,0,0,0,0,0,0,0,0,1.917105975673,0,0.207747131694593,0.277045454274171,0,0,0,0,0,0,0,0,0,0,0,0,0,0,0,0,0.195333337400242,0,0,0,0,0,0,0,1.09983422171647,0,0.741879242665573,0,0,0,0,3.2761435137701,0,0,0,0,0,0,0,0,0,0,92.16930158,90.48850159,98.31060161,99.28400167,80.85690137,96.7734017,75.6264013,81.69720147,89.13500156,82.01250141,91.23930162,"JAR-00268"
"359",4855,"nSPC",2012,"PRIAs","Pacific Remote Island Areas","Jarvis","Jarvis",2012,"ForereefMid","Jarvis","2012-05-05","Forereef","Mid",-0.36359539,-160.00511691,14,22.5,0,4,17.5,52.5,3.5,0,0,NA,0.3775,0.219731994387435,0.75,2,1,22.9070429914186,10.1551857373158,35.8200266381883,8.77201374428385,77.6542691112066,10.2961137792995,0,0,0,0,0,0,0,0,0,0,0,0,0.0226353696841807,0,0,0,0.0650766878420194,0,0,0,0,0,0,0,0,0,0,0,0,0,0,0,0,0,0,0,0,0,0,0,0,0.00282942121052258,0,0,0,0,0,0,0,0,0,0,0,0,0,0,0.00565884242104517,0,0,0,0,0,0,0,0,0.00282942121052258,0,0,0,0,0,0,0,0,0,0,0.00848826363156775,0,0,0,0,0,0,0,0,0,0,0,0,0,0,0,0,0,0,0,0,0,0,0,0,0,0,0,0,0,0,0.0113176848420903,0,0,0,0,0,0,0,0,0,0,0,0,0.0226353696841807,0,0,0,0,0.181082957473445,0.033953054526271,0,0,0,0,0,0,0,0,0,0.0282942121052258,0,0,0,0,0,0,0,0,0,0,0,0,0,0,0,0,0,0,0,0,0,0,0,0,0,0,0,0,0,0,0,0,0,0,0,0.0905414787367227,0,0,0,0,0,0,0,0,0,0,0,0,0,0,0,0,0,0,0,0,0,0,0,0,0,0,0,0,0,0,0.0848826363156775,0,0,0,0,0,0,0,0,0,0,0,0,0,0.0254647908947033,0,0,0,0.0254647908947033,0,0,0,0,0,0,0,0.0311236333157484,0,0,0,0,0,0,0,0.0113176848420903,0.00282942121052258,0.00565884242104517,0.0198059484736581,0,0,0,0,0,0,0,0,0,0,0,0,0,0,0,0,0,0,0,0,0,0,0,0,0,0,0,0,0.00282942121052258,0,0,0,0,0,0,0,0.00282942121052258,0,0,0,0,0,0,0,0,0,0,0,0.00282942121052258,0,0,0,0,0,0,0,0,0,0.0113176848420903,0,0,0,0,0,0,0,0,0.00565884242104517,0,0,0,0,0,0,0,0,0,0,0,0,0,0,0,0,0.0169765272631355,0,0,0,0,0,0,0,0,0.00848826363156775,0,0,0,0,0,0,0,0,0,0,0,0,0,0,0,0,0,0,0,0,0,0,0,0,0.00565884242104517,0,0,0,0.00848826363156775,0,0,0,0,0,0,0,0,0.0565884242104517,0,0,0,0.00282942121052258,0,0,0,0,0,1.98059484736581,0,0,0,0,0,0,0,0,0,0,0,0.0141471060526129,0,0,0,0,0,0,0,0,0,0,0,0,0,0,0,0,0,0,0,0,0,0,0,0,0,0,0,0,0,0,0,0,0,0,0,0,0,0,0,0,0,0,0,0,0,0,0,0,0,0,0,0,0,0,0.0113176848420903,0,0,0,0,0,0.00282942121052258,0.00282942121052258,0,0.00282942121052258,0,0,0,0,0,0,0,0,0,0,0,0.00565884242104517,0,0,0,0,0,0,0,0,0.067906109052542,0,0,0,0,0.0226353696841807,0,0,0,0,0,0,0,0,0,0,0,0,0,0,0,0.0113176848420903,0,0,0,0,0,0,0,0,0,0,0,5.37590029999291,0,0,0,0,0,0,0,0.00848826363156775,0,0,0,0,0.0537590029999291,0,0,0,0,0.0141471060526129,0,0,0,0,0,0,0,0,0,0,0,0,0,0,0,0,0,0,0,0,0,0,0,0,0,0,0,0,0,0,0,0,0,0,0,0,0,0.00282942121052258,0,0,0,0,0,0,0,0,0,0,0.00282942121052258,0,0,0,0,0.00565884242104517,0,0,0,0,0,0,0,0,0,0,0,0,0,0,0,0,0,0.0141471060526129,0,0,0,0,0,0,0,0,0.00565884242104517,0.00282942121052258,0,0,0,0,0,0,0,0,0,0.0509295817894065,0,0,0,0,0,0,0,0.00565884242104517,0,0,0,0,0,0,0,0,0,0,0,0,0,0,0.033953054526271,0,0,0,0,0,0,0,0,0,0,0,0,0,0,5.50298300814764,0,0,0,8.52840422811038,0,0,0,0,0,0,0,0,0,0,0,0,0,0,0,0,0,0,0,0,0,0,0,0,0.0513370184437218,0,0,0,0,0,0,0,0,0,0,0,0,0,0,1.45431118452377,0,0,0,0,0,0,0,0,0.302549411351547,0,0,0,0,0,0,0,0,0,0,2.07274842315024,0,0,0,0,0,0,0,0,0,0,0,0,0,0,0,0,0,0,0,0,0,0,0,0,0,0,0,0,0,0,0.0523474109020999,0,0,0,0,0,0,0,0,0,0,0,0,0.144099992114226,0,0,0,0,0.659964582668714,11.1112898442017,0,0,0,0,0,0,0,0,0,2.03592827313444,0,0,0,0,0,0,0,0,0,0,0,0,0,0,0,0,0,0,0,0,0,0,0,0,0,0,0,0,0,0,0,0,0,0,0,0.304990102893135,0,0,0,0,0,0,0,0,0,0,0,0,0,0,0,0,0,0,0,0,0,0,0,0,0,0,0,0,0,0,0.059129244457501,0,0,0,0,0,0,0,0,0,0,0,0,0,0.0954653910492171,0,0,0,0.0755744804214633,0,0,0,0,0,0,0,0.322071885698872,0,0,0,0,0,0,0,0.337619418525538,0.0749813966992483,0.760913467857913,2.56256856202488,0,0,0,0,0,0,0,0,0,0,0,0,0,0,0,0,0,0,0,0,0,0,0,0,0,0,0,0,0.35359787922812,0,0,0,0,0,0,0,0.368956299498448,0,0,0,0,0,0,0,0,0,0,0,0.0353677651315323,0,0,0,0,0,0,0,0,0,0.0860845976505715,0,0,0,0,0,0,0,0,1.11259500636758,0,0,0,0,0,0,0,0,0,0,0,0,0,0,0,0,0.0550545949722274,0,0,0,0,0,0,0,0,0.841188623541091,0,0,0,0,0,0,0,0,0,0,0,0,0,0,0,0,0,0,0,0,0,0,0,0,0.0118986628076631,0,0,0,0.0205177554745588,0,0,0,0,0,0,0,0,0.186140264945133,0,0,0,6.13740939183666,0,0,0,0,0,2.53704296973323,0,0,0,0,0,0,0,0,0,0,0,2.5425861086424,0,0,0,0,0,0,0,0,0,0,0,0,0,0,0,0,0,0,0,0,0,0,0,0,0,0,0,0,0,0,0,0,0,0,0,0,0,0,0,0,0,0,0,0,0,0,0,0,0,0,0,0,0,0,0.134185932642118,0,0,0,0,0,0.0622990679213183,0.27065604470659,0,0.835403189273505,0,0,0,0,0,0,0,0,0,0,0,0.0647397042181802,0,0,0,0,0,0,0,0,0.45426550768527,0,0,0,0,0.125909075681416,0,0,0,0,0,0,0,0,0,0,0,0,0,0,0,2.16033779095395,0,0,0,0,0,0,0,0,0,0,0,6.9354885889178,0,0,0,0,0,0,0,0.02631899315816,0,0,0,0,0.377552805786676,0,0,0,0,0.0313838139314653,0,0,0,0,0,0,0,0,0,0,0,0,0,0,0,0,0,0,0,0,0,0,0,0,0,0,0,0,0,0,0,0,0,0,0,0,0,2.01795396046562,0,0,0,0,0,0,0,0,0,0,2.22128593303189,0,0,0,0,6.05687388580203,0,0,0,0,0,0,0,0,0,0,0,0,0,0,0,0,0,0.210037905713108,0,0,0,0,0,0,0,0,0.456593886658387,0.177412658647018,0,0,0,0,0,0,0,0,0,0.0800471554668944,0,0,0,0,0,0,0,0.0336262563764556,0,0,0,0,0,0,0,0,0,0,0,0,0,0,4.12417970796328,0,0,83.99360146,84.01600148,91.83830152,92.14120155,69.91230119,86.69030154,71.43080122,73.58530134,84.29390147,73.62100126,88.09080157,"JAR-00220"
"360",4856,"nSPC",2012,"PRIAs","Pacific Remote Island Areas","Jarvis","Jarvis",2012,"ForereefShallow","Jarvis","2012-05-05","Forereef","Shallow",-0.36706281,-160.00680084,3.75,12.5,0,5,2.5,80,0,0,0,NA,0.36625,0.352268954364328,1.5,2,1,15.3036846676464,10.3467578444559,86.2147682673659,8.21508497130778,120.080295750776,18.6571656162319,0,0,0,0,0,0,0,0,0,0,0,0,0.169765272631355,0,0,0,0.0537590029999291,0,0,0,0,0,0,0,0,0,0,0,0,0,0,0,0,0,0,0,0,0,0,0,0,0.0198059484736581,0,0,0,0,0,0,0,0,0,0,0,0,0,0,0,0,0,0,0,0,0,0,0,0,0,0,0,0,0,0,0,0,0,0,0.00282942121052258,0,0,0,0,0,0,0,0,0,0,0,0,0,0,0,0,0,0,0,0,0,0,0,0,0,0,0,0,0,0,0,0,0,0,0,0,0,0,0,0.00565884242104517,0,0,0,0.0594178454209743,0,0,0,0,0,0.00282942121052258,0,0,0,0,0,0,0,0,0,0.0113176848420903,0,0,0,0,0,0,0,0,0,0,0,0,0,0,0,0,0,0,0,0,0,0,0,0,0,0,0,0,0,0,0,0,0,0,0.0113176848420903,0.0226353696841807,0,0,0.00565884242104517,0,0,0,0,0,0,0,0,0,0,0,0,0,0,0,0,0,0,0,0,0,0,0,0,0,0,0,0.990297423682904,0,0,0,0,0,0,0,0,0.00282942121052258,0,0,0,0,0.0141471060526129,0,0,0,0.0226353696841807,0,0,0,0,0,0,0,0,0,0,0,0,0,0,0,0,0,0,0.0282942121052258,0,0,0,0,0,0,0,0,0,0,0,0,0,0,0,0,0,0,0,0,0,0,0,0,0,0,0,0,0.00848826363156775,0,0,0,0,0,0,0,0,0,0,0,0,0,0,0,0,0,0,0,0,0,0,0,0,0,0,0,0,0,0.00848826363156775,0,0,0,0,0,0,0,0,0,0,0,0,0,0,0,0,0,0,0,0,0,0,0,0,0,0.00565884242104517,0,0,0,0,0,0,0,0,0.00848826363156775,0,0,0,0,0,0,0,0,0,0,0,0,0,0,0,0,0,0,0,0,0,0,0,0,0,0,0,0,0.00565884242104517,0,0,0,0,0,0,0,0,0,0,0,0,0.00282942121052258,0,0,0,0,0,0,0,0,0,0,0,0,0.0113176848420903,0,0,0,0,0.00565884242104517,0,0,0,0,0,0,0,0,0,0,0,0,0,0,0,0,0,0,0,0,0,0,0.00282942121052258,0,0,0,0,0,0,0,0,0,0,0,0,0,0,0,0,0,0,0,0,0,0,0,0,0,0,0,0,0,0,0,0.0226353696841807,0,0,0,0,0,0.00282942121052258,0.00565884242104517,0,0.00282942121052258,0,0,0,0,0,0,0,0,0,0,0,0,0,0,0,0,0,0,0,0,0.127323954473516,0,0,0,0,0,0,0,0,0,0,0,0,0,0,0,0,0,0,0,0,0,0,0,0,0,0,0,0,0,0,0,0,0,0,0,0,0,0,0,0,0.00848826363156775,0,0,0,0,0,0,0,0,0,0,0,0,0,0,0,0,0,0,0,0,0,0,0,0,0,0,0,0,0,0,0,0,0,0,0,0,0,0,0,0,0,0.00282942121052258,0,0,0,0,0,0,0.00565884242104517,0,0,0,0,0,0,0,0,0,0.00848826363156775,0,0,0,0,0,0,0,0,0,0,0,0,0,0,0,0,0,0,0,0,0,0,0.130153375684039,0,0.0113176848420903,0.0481001605788839,0,0,0,0,0,0.00282942121052258,0,0,0,0,0,0,0,0,0,0,0.130153375684039,0,0,0,0,0,0,0,0.110347427210381,0,0,0,0,0,0,0.00282942121052258,0,0,0,0,0,0,0,0,0,0,0,0,0,0,0,0,0,0,0,0,0,0,53.2881690198639,0,0,0,6.34078379540115,0,0,0,0,0,0,0,0,0,0,0,0,0,0,0,0,0,0,0,0,0,0,0,0,0.760221623238655,0,0,0,0,0,0,0,0,0,0,0,0,0,0,0,0,0,0,0,0,0,0,0,0,0,0,0,0,0,0,0,0,0,0,1.52547252215334,0,0,0,0,0,0,0,0,0,0,0,0,0,0,0,0,0,0,0,0,0,0,0,0,0,0,0,0,0,0,0,0,0,0,0,0,0,0,0,2.04720412254201,0,0,0,0.414643969299016,0,0,0,0,0,0.968388525802898,0,0,0,0,0,0,0,0,0,0.768097421014824,0,0,0,0,0,0,0,0,0,0,0,0,0,0,0,0,0,0,0,0,0,0,0,0,0,0,0,0,0,0,0,0,0,0,0.831458845005431,0.0551872948270009,0,0,0.358222584828211,0,0,0,0,0,0,0,0,0,0,0,0,0,0,0,0,0,0,0,0,0,0,0,0,0,0,0,1.72277798666299,0,0,0,0,0,0,0,0,0.0234969447848196,0,0,0,0,0.0407905708227609,0,0,0,0.065154016277982,0,0,0,0,0,0,0,0,0,0,0,0,0,0,0,0,0,0,4.67738803479908,0,0,0,0,0,0,0,0,0,0,0,0,0,0,0,0,0,0,0,0,0,0,0,0,0,0,0,0,1.5939068668568,0,0,0,0,0,0,0,0,0,0,0,0,0,0,0,0,0,0,0,0,0,0,0,0,0,0,0,0,0,0.0513115197049756,0,0,0,0,0,0,0,0,0,0,0,0,0,0,0,0,0,0,0,0,0,0,0,0,0,0.0273955879287639,0,0,0,0,0,0,0,0,1.4429776549229,0,0,0,0,0,0,0,0,0,0,0,0,0,0,0,0,0,0,0,0,0,0,0,0,0,0,0,0,0.009631040498073,0,0,0,0,0,0,0,0,0,0,0,0,6.13740939183666,0,0,0,0,0,0,0,0,0,0,0,0,0.0766801442263726,0,0,0,0,1.00251502316982,0,0,0,0,0,0,0,0,0,0,0,0,0,0,0,0,0,0,0,0,0,0,8.13516202669119,0,0,0,0,0,0,0,0,0,0,0,0,0,0,0,0,0,0,0,0,0,0,0,0,0,0,0,0,0,0,0,0.19018432145933,0,0,0,0,0,0.110140412162358,0.612314743568289,0,0.573570516766373,0,0,0,0,0,0,0,0,0,0,0,0,0,0,0,0,0,0,0,0,1.06292943343032,0,0,0,0,0,0,0,0,0,0,0,0,0,0,0,0,0,0,0,0,0,0,0,0,0,0,0,0,0,0,0,0,0,0,0,0,0,0,0,0,0.02631899315816,0,0,0,0,0,0,0,0,0,0,0,0,0,0,0,0,0,0,0,0,0,0,0,0,0,0,0,0,0,0,0,0,0,0,0,0,0,0,0,0,0,4.04834898859233,0,0,0,0,0,0,4.9454706905551,0,0,0,0,0,0,0,0,0,9.66334593708449,0,0,0,0,0,0,0,0,0,0,0,0,0,0,0,0,0,0,0,0,0,0,1.25835362897282,0,0.171555396650034,0.510595163350215,0,0,0,0,0,0.300260442397625,0,0,0,0,0,0,0,0,0,0,0.262075139624654,0,0,0,0,0,0,0,0.914162225981678,0,0,0,0,0,0,3.06622318386252,0,0,0,0,0,0,0,0,0,0,63.68490108,70.24140125,74.78930125,72.83050124,51.27970088,65.73280116,50.66100088,61.40930113,67.22310117,48.42850082,64.59050117,"JAR-00264"
"361",4857,"nSPC",2012,"PRIAs","Pacific Remote Island Areas","Jarvis","Jarvis",2012,"ForereefMid","Jarvis","2012-05-05","Forereef","Mid",-0.36158532,-159.99902151,12.3,12.5,0,15,27.5,44,1,0,0,NA,0.465,0.296268459340511,1.25,2,1,114.183508144861,55.3469851300848,71.3519048874226,146.236629361907,387.119027524275,50.0488071618524,0,0,0,0,0,0,0,0,0,0,0,0,0.0169765272631355,0,0,0,0.0565884242104517,0,0,0,0,0,0,0,0,0,0,0,0,0,0,0,0,0,0,0,0,0,0,0,0,0.0113176848420903,0,0,0,0,0,0,0,0,0,0,0,0,0,0,0.00565884242104517,0,0,0,0,0,0,0,0,0.00282942121052258,0,0,0,0,0,0,0,0,0,0,0.0141471060526129,0,0,0,0,0,0,0,0,0,0,0,0,0,0.00848826363156775,0,0,0,0,0,0,0,0,0,0,0,0,0,0,0,0,0,0,0,0,0,0,0,0,0,0.00565884242104517,0,0,0,0.0254647908947033,0,0,0,0,0.0537590029999291,0.0141471060526129,0,0,0,0,0,0,0,0,0,0.0226353696841807,0,0.396118969473162,0,0,0,0,0,0,0,0,0,0,0,0,0,0,0,0,0,0,0,0,0,0,0,0,0,0,0,0,0,0,0,0,0.00565884242104517,0.118835690841949,0,0,0,0,0,0,0,0,0,0,0,0,0,0,0,0,0,0,0,0,0,0,0,0,0,0,0,0,0,0,0.155618166578742,0,0,0,0,0,0,0,0,0.00848826363156775,0,0,0,0,0.0169765272631355,0,0,0,0,0,0,0,0.0367824757367936,0,0.00565884242104517,0,0.0113176848420903,0,0,0,0,0,0,0,0.00565884242104517,0.00565884242104517,0,0.0424413181578388,0,0.00282942121052258,0,0,0,0,0,0,0,0,0,0,0,0,0,0,0,0,0,0,0,0,0,0,0,0,0,0,0,0.00282942121052258,0.00282942121052258,0,0,0,0,0,0,0,0,0,0,0,0,0,0,0,0,0,0,0,0,0,0,0,0.155618166578742,0,0,0,0.0113176848420903,0,0,0,0,0,0,0,0,0,0,0,0,0,0,0,0,0,0,0,0,0,0,0,0,0,0,0,0,0,0,0,0,0,0,0.00282942121052258,0,0,0,0,0,0,0,0,0,0,0,0,0,0,0,0,0,0,0,0,0,0,0,0,0.0141471060526129,0,0,0,0.0113176848420903,0,0,0,0,0,0,0,0,2.82942121052258,0,0,0,0.0141471060526129,0,0,0.104688584789336,0.00282942121052258,0,0,0,0,0,0,0,0,0.00282942121052258,0,0,0,0.0141471060526129,0.0141471060526129,0.00282942121052258,0,0,0,0,0.141471060526129,0,0,0.0905414787367227,0,0.0424413181578388,0,0,0,0,0,0,0,0,0,0,0,0,0,0,0,0,0,0,0,0,0,0,0,0,0,0,0,0,0,0,0,0,0,0,0,0,0,0,0,0,0,0,0,0.0226353696841807,0,0,0,0,0,0.0141471060526129,0.0169765272631355,0,0.00282942121052258,0,0,0,0,0,0,0,0,0,0,0,0,0,0,0,0,0,0,0,0,0.067906109052542,0,0,0,0.00848826363156775,0.00565884242104517,0,0,0,0,0,0,0,0,0,0,0,0,0,0,0,0.00282942121052258,0,0,0,0,0,0,0,0,0,0,0,5.8003134815713,0,0,0,0,0,0,0,0.00848826363156775,0,0,0,0,0.0198059484736581,0.778090832893711,0,0,0,0.0113176848420903,0,0,0,0,0,0,0,0,0,0,0,0,0,0,0,0,0,0,0,0,0,0,0,0,0,0,0,0,0,0.0282942121052258,0,0,0,0,0,0,0,0,0.0113176848420903,0,0,0,0,0,0,0,0,0,0.00848826363156775,0,0,0,0,0,0,0,0,0,0,0,0,0,0,0,0,0,0,0,0,0,0,0.158447587789265,0,0,0,0,0,0,0,0,0,0,0,0,0,0,0,0,0,0,0,0,0,0,0,0,0,0,0,0.0481001605788839,0,0,0,0,0,0,0.00282942121052258,0,0,0,0,0,0,0,0,0,0,0,0,0,0,0,0,0,0,0,0,0,0,2.6485044521302,0,0,0,6.00506963360674,0,0,0,0,0,0,0,0,0,0,0,0,0,0,0,0,0,0,0,0,0,0,0,0,0.817351881610922,0,0,0,0,0,0,0,0,0,0,0,0,0,0,2.87487303284842,0,0,0,0,0,0,0,0,0.164745453008912,0,0,0,0,0,0,0,0,0,0,4.2688520623941,0,0,0,0,0,0,0,0,0,0,0,0,0,0.883619057485568,0,0,0,0,0,0,0,0,0,0,0,0,0,0,0,0,0,0,0,0,0,0,0,0,0,6.07833997030251,0,0,0,0.140417076094974,0,0,0,0,0.17859542742969,4.81079884816818,0,0,0,0,0,0,0,0,0,1.48636263812647,0,0.743130504416494,0,0,0,0,0,0,0,0,0,0,0,0,0,0,0,0,0,0,0,0,0,0,0,0,0,0,0,0,0,0,0,0,0.364526009081771,0.307180074910079,0,0,0,0,0,0,0,0,0,0,0,0,0,0,0,0,0,0,0,0,0,0,0,0,0,0,0,0,0,0,0.390545009688432,0,0,0,0,0,0,0,0,0.0275316893004115,0,0,0,0,0.0181013054251498,0,0,0,0,0,0,0,0.0531473858444844,0,3.76220966703514,0,0.158762327917914,0,0,0,0,0,0,0,0.149962793398497,0.261790264166041,0,5.5696423193208,0,0.0991829779117849,0,0,0,0,0,0,0,0,0,0,0,0,0,0,0,0,0,0,0,0,0,0,0,0,0,0,0,0.741017711653847,3.41889969107372,0,0,0,0,0,0,0,0,0,0,0,0,0,0,0,0,0,0,0,0,0,0,0,50.892234020083,0,0,0,0.567759739200353,0,0,0,0,0,0,0,0,0,0,0,0,0,0,0,0,0,0,0,0,0,0,0,0,0,0,0,0,0,0,0,0,0,0,1.58541750927151,0,0,0,0,0,0,0,0,0,0,0,0,0,0,0,0,0,0,0,0,0,0,0,0,0.0844134261098889,0,0,0,0.0303935838019096,0,0,0,0,0,0,0,0,2.56417711914214,0,0,0,80.7964776275692,0,0,23.6264643180058,2.36187134649979,0,0,0,0,0,0,0,0,0.0422842852806548,0,0,0,10.4476621836277,4.49014672454901,6.22863044996901,0,0,0,0,32.8218754738739,0,0,33.363691837393,0,9.74530145474301,0,0,0,0,0,0,0,0,0,0,0,0,0,0,0,0,0,0,0,0,0,0,0,0,0,0,0,0,0,0,0,0,0,0,0,0,0,0,0,0,0,0,0,0.314404816724339,0,0,0,0,0,0.30782444306171,4.35815822036324,0,0.740718469869592,0,0,0,0,0,0,0,0,0,0,0,0,0,0,0,0,0,0,0,0,0.436859475252828,0,0,0,0.00998857599541157,0.0133630963520719,0,0,0,0,0,0,0,0,0,0,0,0,0,0,0,0.319864936081094,0,0,0,0,0,0,0,0,0,0,0,6.03463482854194,0,0,0,0,0,0,0,0.0177192503308977,0,0,0,0,0.16488068503678,1.49596357236501,0,0,0,0.0251070511451723,0,0,0,0,0,0,0,0,0,0,0,0,0,0,0,0,0,0,0,0,0,0,0,0,0,0,0,0,0,7.26015448690891,0,0,0,0,0,0,0,0,20.6794114630788,0,0,0,0,0,0,0,0,0,29.3693956987736,0,0,0,0,0,0,0,0,0,0,0,0,0,0,0,0,0,0,0,0,0,0,1.70663867111801,0,0,0,0,0,0,0,0,0,0,0,0,0,0,0,0,0,0,0,0,0,0,0,0,0,0,0,0.843094804610619,0,0,0,0,0,0,6.94888461519427,0,0,0,0,0,0,0,0,0,0,94.67970163,93.59970164,101.4876017,103.3233017,85.06510144,101.4889018,80.26340138,86.59890157,97.66220172,91.27120156,96.80120171,"JAR-00219"
"362",4858,"nSPC",2012,"PRIAs","Pacific Remote Island Areas","Jarvis","Jarvis",2012,"ForereefMid","Jarvis","2012-05-05","Forereef","Mid",-0.36305635,-159.99100699,12.9,17.5,0,17.5,27.5,37.5,0,0,0,NA,0.38625,0.202452102671569,0.85,2,1,26.9063679309269,16.6948555856088,123.883217781722,19.0447334443147,186.529174742572,18.9924874756787,0,0,0,0,0,0,0,0,0,0,0,0,0,0,0,0,0.0877120575262001,0,0,0,0,0,0,0,0,0,0,0,0,0,0,0,0,0,0,0,0,0,0,0,0,0.00565884242104517,0,0,0,0,0,0,0,0,0,0,0,0,0,0,0.0113176848420903,0,0,0,0,0,0,0,0,0,0,0,0,0,0,0,0,0,0,0,0,0,0,0,0,0,0,0,0,0,0,0,0,0,0.00565884242104517,0,0,0,0,0,0,0.00282942121052258,0,0,0,0,0,0,0,0.00565884242104517,0,0,0,0,0,0,0,0,0,0,0.00282942121052258,0,0,0,0.0622472666314969,0,0,0,0,0.144300481736652,0.0113176848420903,0,0,0,0,0,0,0,0,0.00282942121052258,0.0537590029999291,0,0.0990297423682904,0,0,0,0,0,0,0,0,0,0,0.00282942121052258,0,0,0,0,0,0,0,0,0,0,0,0,0,0,0,0,0,0,0,0,0,0.00282942121052258,0.33953054526271,0,0,0,0,0,0,0,0,0,0,0,0,0,0,0,0,0,0,0,0,0,0,0,0,0,0,0,0,0,0,0,0,0,0,0,0,0,0,0,0,0,0,0,0,0.0367824757367936,0,0,0,0,0,0,0,0.0735649514735872,0,0.00282942121052258,0,0,0,0,0,0,0,0,0,0.00848826363156775,0.00282942121052258,0,0.0311236333157484,0,0.00848826363156775,0,0,0,0,0,0,0,0,0,0,0,0,0,0,0,0,0,0,0,0,0,0,0,0,0,0,0,0,0,0,0,0,0,0,0,0,0,0,0,0,0,0,0,0,0,0,0.00282942121052258,0,0,0,0,0,0,0,0,0,0.0141471060526129,0,0.00282942121052258,0,0,0,0,0,0,0,0,0,0,0,0,0,0,0,0,0,0.0113176848420903,0,0,0,0,0,0,0,0,0,0,0,0,0,0,0.00565884242104517,0,0,0,0,0,0,0,0,0,0,0,0,0,0,0,0,0,0,0,0,0,0,0,0.00282942121052258,0.00282942121052258,0,0,0,0.0198059484736581,0,0,0,0,0,0,0,0,0.565884242104517,0,0,0,0.00282942121052258,0,0,0.00848826363156775,0,0,6.7906109052542,0,0,0,0,0,0,0,0,0,0,0.0141471060526129,0.00848826363156775,0.00282942121052258,0,0,0,0,0,0,0,0,0,0,0,0,0,0,0,0,0,0,0,0,0,0,0.00282942121052258,0,0,0,0,0,0,0,0,0,0,0,0,0,0,0,0,0,0,0,0,0,0,0,0,0,0,0,0,0,0.00282942121052258,0.033953054526271,0,0,0,0,0,0.0141471060526129,0.0169765272631355,0,0,0,0.00282942121052258,0,0,0,0,0,0,0,0,0,0,0,0,0,0,0,0,0,0,0.067906109052542,0,0,0,0,0.0226353696841807,0,0,0,0,0,0,0,0,0,0,0,0,0,0,0,0,0,0,0,0,0,0,0,0,0,0,0,5.37590029999291,0,0,0,0,0,0,0,0.0226353696841807,0,0,0,0,0.033953054526271,0.848826363156775,0,0,0,0,0,0,0,0,0,0,0,0,0,0,0,0,0,0,0,0,0,0,0,0,0,0,0,0,0,0,0,0,0,0,0,0,0,0,0,0,0,0,0.00565884242104517,0,0,0,0,0,0,0,0,0,0.00282942121052258,0,0,0,0,0,0,0,0,0,0,0,0,0,0,0,0,0,0,0,0,0,0,0.0877120575262001,0,0,0,0,0,0,0,0,0,0,0,0,0,0,0,0,0,0,0,0,0,0,0,0,0,0,0,0.0367824757367936,0,0,0,0,0,0,0,0,0,0,0,0,0.00565884242104517,0,0,0,0,0,0,0,0,0,0,0,0,0,0,0,0,0,0,0,0,13.5870004167404,0,0,0,0,0,0,0,0,0,0,0,0,0,0,0,0,0,0,0,0,0,0,0,0,0.410933818931458,0,0,0,0,0,0,0,0,0,0,0,0,0,0,4.57404515835202,0,0,0,0,0,0,0,0,0,0,0,0,0,0,0,0,0,0,0,0,0,0,0,0,0,0,0,0,0,0,0,0,0,0.458596013851253,0,0,0,0,0,0,3.477219336394,0,0,0,0,0,0,0,0.0238378736986528,0,0,0,0,0,0,0,0,0,0,1.31235695922621,0,0,0,0.336794979099572,0,0,0,0,0.334597683449131,2.33931617229979,0,0,0,0,0,0,0,0,0.799317021116799,2.83660305485666,0,0.136508255722873,0,0,0,0,0,0,0,0,0,0,82.6844935230701,0,0,0,0,0,0,0,0,0,0,0,0,0,0,0,0,0,0,0,0,0,0.179111292414106,0.66173654445339,0,0,0,0,0,0,0,0,0,0,0,0,0,0,0,0,0,0,0,0,0,0,0,0,0,0,0,0,0,0,0,0,0,0,0,0,0,0,0,0,0,0,0,0,0.0604312571144495,0,0,0,0,0,0,0,0.0445474725769365,0,3.75879198021752,0,0,0,0,0,0,0,0,0,0.501503849433794,0.13089513208302,0,2.91242471158027,0,0.297548933735355,0,0,0,0,0,0,0,0,0,0,0,0,0,0,0,0,0,0,0,0,0,0,0,0,0,0,0,0,0,0,0,0,0,0,0,0,0,0,0,0,0,0,0,0,0,0,0.0970491475209246,0,0,0,0,0,0,0,0,0,0.608649846458331,0,1.88570153473622,0,0,0,0,0,0,0,0,0,0,0,0,0,0,0,0,0,0.316144549565021,0,0,0,0,0,0,0,0,0,0,0,0,0,0,1.74871048088379,0,0,0,0,0,0,0,0,0,0,0,0,0,0,0,0,0,0,0,0,0,0,0,0.0329140862653682,0.00300038252289269,0,0,0,0.0374863483001727,0,0,0,0,0,0,0,0,0.759756183449524,0,0,0,8.21468339950854,0,0,2.49857399889486,0,0,4.16780534920882,0,0,0,0,0,0,0,0,0,0,5.14375575341475,1.42391916796261,4.53004904401939,0,0,0,0,0,0,0,0,0,0,0,0,0,0,0,0,0,0,0,0,0,0,1.87626843142393,0,0,0,0,0,0,0,0,0,0,0,0,0,0,0,0,0,0,0,0,0,0,0,0,0,0,0,0,0,0.104992266567861,0.617216894614127,0,0,0,0,0,0.355279081090267,4.48407328317252,0,0,0,0.70581455351794,0,0,0,0,0,0,0,0,0,0,0,0,0,0,0,0,0,0,0.75322654897237,0,0,0,0,0.125909075681416,0,0,0,0,0,0,0,0,0,0,0,0,0,0,0,0,0,0,0,0,0,0,0,0,0,0,0,4.86786640395874,0,0,0,0,0,0,0,0.0558510770429895,0,0,0,0,0.29277292150638,0.95742709540073,0,0,0,0,0,0,0,0,0,0,0,0,0,0,0,0,0,0,0,0,0,0,0,0,0,0,0,0,0,0,0,0,0,0,0,0,0,0,0,0,0,0,8.14752873207502,0,0,0,0,0,0,0,0,0,7.3677394072097,0,0,0,0,0,0,0,0,0,0,0,0,0,0,0,0,0,0,0,0,0,0,0.760736004887752,0,0,0,0,0,0,0,0,0,0,0,0,0,0,0,0,0,0,0,0,0,0,0,0,0,0,0,0.498101212874632,0,0,0,0,0,0,0,0,0,0,0,0,1.23156103944663,0,0,0,0,95.44900164,95.45690168,100.0792016,100.8734017,87.04080148,104.8509018,89.09400153,90.36000162,102.2545018,97.63440167,99.44360176,"JAR-00235"
"363",4859,"nSPC",2012,"PRIAs","Pacific Remote Island Areas","Jarvis","Jarvis",2012,"ForereefDeep","Jarvis","2012-05-05","Forereef","Deep",-0.36482392,-159.98407004,22.65,6,0,19,47.5,27.5,0,0,0,NA,0.21625,0.135674119888028,0.6,2,1,105.594365085746,1432.31792395081,14.0305438167382,12.5257987593322,1564.46863161263,7.16422331221203,0,0,0,0,0,0,0,0,0,0,0,0,0,0,0,0,0.0254647908947033,0,0,0,0,0,0,0,0,0,0,0,0,0,0,0,0,0,0,0,0,0,0,0,0,0,0,0,0,0,0,0,0,0,0,0,0,0,0,0,0.0113176848420903,0,0,0,0,0,0,0,0,0.00848826363156775,0,0,0,0,0,0,0,0,0,0,0.00848826363156775,0,0,0,0,0.0169765272631355,0,0,0,0,0,0,0,0,0,0,0,0,0,0,0,0,0,0,0,0,0,0,0,0,0,0,0,0,0,0,0,0,0,0,0.00282942121052258,0,0,0,0.0169765272631355,0,0,0,0,0.0990297423682904,0.0565884242104517,0,0,0,0,0,0,0,0,0,0.0537590029999291,0,0,0,0,0,0,0,0,0,0,0,0,0,0,0,0,0,0,0,0,0,0,0,0,0,0,0,0,0,0,0,0,0,0,0,0.113176848420903,0,0,0,0,0,0,0,0.00565884242104517,0,0,0,0,0,0,0,0,0,0,0,0,0,0,0,0,0,0,0,0,0,0,0,0,0,0,0,0,0,0,0,0,0,0,0,0,0.0424413181578388,0,0,0,0,0,0,0,0.0594178454209743,0,0.00282942121052258,0,0,0,0,0,0,0,0,0,0,0.00565884242104517,0.00282942121052258,0.0169765272631355,0.0282942121052258,0.0113176848420903,0,0,0,0,0,0,0,0,0,0,0,0,0,0,0,0,0,0,0,0,0,0,0,0,0,0,0,0,0,0,0,0,0,0,0,0,0,0.00848826363156775,0,0,0,0,0,0,0,0,0,0,0,0,0,0,0,0,0,0,0.00565884242104517,0,0.00565884242104517,0,0,0,0,0.00282942121052258,0,0,0,0,0,0,0,0,0,0,0,0,0,0,0,0.00848826363156775,0,0,0,0,0,0,0,0,0,0,0,0.00282942121052258,0,0,0,0,0,0,0,0,0,0,0,0,0,0,0,0,0,0,0,0,0,0,0,0,0.00282942121052258,0,0,0,0.0169765272631355,0,0,0,0,0,0,0.00565884242104517,0,7.92237938946323,0,0,0,0.00848826363156775,0,0,0,0,0,11.3176848420903,0.00565884242104517,0,0,0,0,0,0,0,0,0,0,0,0,0,0,0,0,0,0,0,0.0113176848420903,0,0,0,0,0,0,0,0,0,0,0,0,0,0.0169765272631355,0,0,0,0,0,0,0,0.00565884242104517,0,0,0,0,0,0,0,0,0,0,0,0,0,0,0,0,0,0,0,0,0,0,0,0,0,0,0,0,0,0,0,0,0,0,0,0,0,0,0,0,0,0,0,0,0,0,0,0,0,0,0,0,0,0,0,0,0,0,0.0113176848420903,0,0,0,0,0,0,0,0,0,0,0,0,0,0,0,0.00848826363156775,0,0,0,0,0,0,0,0,0,0,0,5.09295817894065,0,0,0,0,0,0,0,0.033953054526271,0,0,0,0,0.0452707393683613,1.13176848420903,0,0,0,0,0,0,0,0,0,0,0,0,0,0,0,0,0,0,0,0,0,0,0,0,0.00282942121052258,0,0,0,0,0,0,0,0,0.00565884242104517,0,0,0,0,0,0,0,0.00282942121052258,0,0,0,0,0,0,0,0,0,0,0,0,0,0,0,0.0113176848420903,0,0,0,0,0,0,0,0,0,0,0,0,0,0,0,0,0,0.00565884242104517,0,0,0,0,0,0,0,0,0,0,0,0,0,0,0,0,0,0,0,0,0,0,0,0,0,0,0,0,0,0,0,0,0,0,0.00282942121052258,0,0,0,0,0,0,0,0,0,0,0,0,0,0,0,0,0,0,0,0,0,0,0,0,0,0,3.09134352095367,0,0,0,0,0,0,0,0,0,0,0,0,0,0,0,0,0,0,0,0,0,0,0,0,0,0,0,0,0,0,0,0,0,0,0,0,0,0,0,2.19094392313029,0,0,0,0,0,0,0,0,0.71800765548801,0,0,0,0,0,0,0,0,0,0,1.96805584255771,0,0,0,0,0.0732366663770981,0,0,0,0,0,0,0,0,0,0,0,0,0,0,0,0,0,0,0,0,0,0,0,0,0,0,0,0,0,0,0,0,0,0,3.27679759091424,0,0,0,0.159137411070723,0,0,0,0,0.199437803353736,12.921829693864,0,0,0,0,0,0,0,0,0,2.12678747928766,0,0,0,0,0,0,0,0,0,0,0,0,0,0,0,0,0,0,0,0,0,0,0,0,0,0,0,0,0,0,0,0,0,0,0,0.17183980426291,0,0,0,0,0,0,0,0.447063356309831,0,0,0,0,0,0,0,0,0,0,0,0,0,0,0,0,0,0,0,0,0,0,0,0,0,0,0,0,0,0,0,0,0,0,0,0,0.0594797832223907,0,0,0,0,0,0,0,0.0421393881098688,0,4.40480635546778,0,0,0,0,0,0,0,0,0,0,0.146635175715975,0.276993760608636,1.95292656172249,0.0359544443652427,0.877737276340627,0,0,0,0,0,0,0,0,0,0,0,0,0,0,0,0,0,0,0,0,0,0,0,0,0,0,0,0,0,0,0,0,0,0,0,0,0,8.32184880483192,0,0,0,0,0,0,0,0,0,0,0,0,0,0,0,0,0,0,0.172668020601326,0,3.60094129123821,0,0,0,0,0.578582819499531,0,0,0,0,0,0,0,0,0,0,0,0,0,0,0,0.0506774514282694,0,0,0,0,0,0,0,0,0,0,0,0.755985979686503,0,0,0,0,0,0,0,0,0,0,0,0,0,0,0,0,0,0,0,0,0,0,0,0,0.00300038252289269,0,0,0,0.0256149055658959,0,0,0,0,0,0,17.8502255760379,0,7.74951307118515,0,0,0,50.2538742620105,0,0,0,0,0,6.94634224868136,1343.08421022649,0,0,0,0,0,0,0,0,0,0,0,0,0,0,0,0,0,0,0,1.43667188199313,0,0,0,0,0,0,0,0,0,0,0,0,0,50.5459357909167,0,0,0,0,0,0,0,17.6548905510731,0,0,0,0,0,0,0,0,0,0,0,0,0,0,0,0,0,0,0,0,0,0,0,0,0,0,0,0,0,0,0,0,0,0,0,0,0,0,0,0,0,0,0,0,0,0,0,0,0,0,0,0,0,0,0,0,0,0,0.0267261927041437,0,0,0,0,0,0,0,0,0,0,0,0,0,0,0,1.91169278204716,0,0,0,0,0,0,0,0,0,0,0,4.11625046533189,0,0,0,0,0,0,0,0.24239934452668,0,0,0,0,0.22082336341514,0.539033244493942,0,0,0,0,0,0,0,0,0,0,0,0,0,0,0,0,0,0,0,0,0,0,0,0,0.459462042568811,0,0,0,0,0,0,0,0,1.05933530121966,0,0,0,0,0,0,0,1.49523721348204,0,0,0,0,0,0,0,0,0,0,0,0,0,0,0,5.66898609872999,0,0,0,0,0,0,0,0,0,0,0,0,0,0,0,0,0,0.084015162285243,0,0,0,0,0,0,0,0,0,0,0,0,0,0,0,0,0,0,0,0,0,0,0,0,0,0,0,0,0,0,0,0,0,0,4.47253364493193,0,0,0,0,0,0,0,0,0,0,103.4478018,102.9547018,108.1751018,109.8220018,93.42550159,113.192902,98.5356017,103.0759018,108.4322019,103.7577018,106.7593019,"JAR-00216"
"364",4860,"nSPC",2012,"PRIAs","Pacific Remote Island Areas","Jarvis","Jarvis",2012,"ForereefMid","Jarvis","2012-05-05","Forereef","Mid",-0.37326961,-159.97856707,8.35,22.5,0,15,40,22.5,0,0,0,NA,0.6675,0.32440857106132,1.25,2,1,36.1838177208369,13.0257678965156,14.7780455570268,17.3136735359143,81.3013047102936,5.42899432736001,0,0,0,0,0,0,0,0,0,0,0,0,0,0,0,0,0.0565884242104517,0,0,0,0,0,0,0,0,0,0,0,0,0,0,0,0,0,0,0,0,0,0,0,0,0,0,0,0,0,0,0,0,0,0,0,0,0,0,0,0.00282942121052258,0,0,0,0,0,0,0,0,0,0,0,0,0,0,0,0,0,0,0,0,0,0,0,0,0,0,0,0,0,0,0,0,0,0,0,0,0,0,0,0,0.00282942121052258,0,0,0.00565884242104517,0,0,0,0,0,0,0,0,0,0,0,0,0,0,0,0.0113176848420903,0,0,0,0.0169765272631355,0,0,0,0,0,0,0,0,0,0,0,0,0,0,0,0.0169765272631355,0,0.198059484736581,0,0,0,0,0,0,0,0,0,0,0,0,0,0,0,0,0,0,0,0,0,0,0,0,0,0,0,0,0,0,0,0,0,0.198059484736581,0,0,0.00565884242104517,0,0,0,0,0.00565884242104517,0,0,0,0,0,0,0,0,0,0,0,0,0,0,0,0.00565884242104517,0,0,0,0,0,0,0.848826363156775,0,0,0,0,0,0,0,0,0,0,0,0,0,0.0424413181578388,0,0,0,0,0,0,0,0.0198059484736581,0,0.00848826363156775,0,0,0,0,0,0,0,0,0,0,0,0,0.0282942121052258,0,0,0,0,0,0,0,0,0,0,0,0,0,0,0,0,0,0,0,0,0,0,0,0,0,0,0,0,0.00565884242104517,0,0,0,0,0,0,0,0,0,0,0,0,0,0,0,0,0,0,0,0,0,0,0,0,0,0,0,0,0,0.00565884242104517,0,0,0,0,0,0,0,0,0,0,0,0,0,0,0,0,0,0,0,0.00282942121052258,0,0,0,0,0,0,0,0,0,0,0,0,0,0,0.00848826363156775,0,0,0,0,0,0,0,0,0,0,0,0,0,0,0,0,0,0,0,0,0,0,0,0,0,0,0,0,0.00282942121052258,0,0,0,0,0,0,0,0,0,0,0,0,0.00565884242104517,0,0,0,0,0,0,0,0,0,0,0,0,0,0,0,0,0.00848826363156775,0.00282942121052258,0,0,0,0,0,0,0,0,0,0,0,0,0,0,0,0,0,0,0,0,0,0,0,0,0,0,0,0,0,0,0,0,0,0,0,0,0,0,0,0,0,0,0,0,0,0,0,0,0,0,0,0,0,0,0,0,0,0,0,0,0.00282942121052258,0.00565884242104517,0,0.00282942121052258,0,0,0,0,0,0,0,0,0,0,0,0,0,0.00565884242104517,0,0,0,0,0,0,0.0962003211577679,0,0,0,0,0,0,0,0,0,0,0,0,0,0,0,0,0,0,0,0,0.00565884242104517,0,0,0,0,0,0,0,0,0,0,0,0.565884242104517,0,0,0,0,0,0,0,0,0,0,0,0,0,4.38560287631,0,0,0,0,0,0,0,0,0,0,0,0,0,0,0,0,0,0,0,0,0,0,0,0,0,0,0,0,0,0,0,0,0.00282942121052258,0,0,0,0,0,0,0,0,0,0.00282942121052258,0,0,0,0,0,0,0,0,0,0.00282942121052258,0,0,0,0,0,0,0,0,0,0,0,0,0,0,0,0,0,0,0,0,0,0,0.0707355302630646,0,0,0,0,0,0,0,0,0.00565884242104517,0,0,0,0,0,0,0,0,0,0,0.0452707393683613,0,0,0,0,0,0,0,0.0707355302630646,0,0,0,0,0,0,0,0,0,0,0,0,0,0,0.00848826363156775,0,0,0,0,0,0,0,0,0,0,0,0,0,0,0,0,0,0,2.7115168364745,0,0,0,0,0,0,0,0,0,0,0,0,0,0,0,0,0,0,0,0,0,0,0,0,0,0,0,0,0,0,0,0,0,0,0,0,0,0,0,0.584760725710518,0,0,0,0,0,0,0,0,0,0,0,0,0,0,0,0,0,0,0,0,0,0,0,0,0,0,0,0,0,0,0,0,0,0,0,0,0,0,0,0,1.17811172053809,0,0,1.84517236927156,0,0,0,0,0,0,0,0,0,0,0,0,0,0,0,5.4066991713634,0,0,0,0.17987836106297,0,0,0,0,0,0,0,0,0,0,0,0,0,0,0,0.64673500915811,0,0.191987546818799,0,0,0,0,0,0,0,0,0,0,0,0,0,0,0,0,0,0,0,0,0,0,0,0,0,0,0,0,0,0,0,0,0,0.416094683219451,0,0,0.358222584828211,0,0,0,0,0.447063356309831,0,0,0,0,0,0,0,0,0,0,0,0,0,0,0,2.59729477131354,0,0,0,0,0,0,1.13148554208798,0,0,0,0,0,0,0,0,0,0,0,0,0,0.080606200273916,0,0,0,0,0,0,0,0.0304553301739862,0,5.38592767451823,0,0,0,0,0,0,0,0,0,0,0,0,4.22944127907788,0,0,0,0,0,0,0,0,0,0,0,0,0,0,0,0,0,0,0,0,0,0,0,0,0,0,0,0,0.872234482818576,0,0,0,0,0,0,0,0,0,0,0,0,0,0,0,0,0,0,0,0,0,0,0,0,0,0,0,0,0,0.1371172033779,0,0,0,0,0,0,0,0,0,0,0,0,0,0,0,0,0,0,0,0.278833916940703,0,0,0,0,0,0,0,0,0,0,0,0,0,0,1.87068428279033,0,0,0,0,0,0,0,0,0,0,0,0,0,0,0,0,0,0,0,0,0,0,0,0,0,0,0,0,0.0119901315272546,0,0,0,0,0,0,0,0,0,0,0,0,27.3496538320805,0,0,0,0,0,0,0,0,0,0,0,0,0,0,0,0,3.66406967464729,0.474639722654202,0,0,0,0,0,0,0,0,0,0,0,0,0,0,0,0,0,0,0,0,0,0,0,0,0,0,0,0,0,0,0,0,0,0,0,0,0,0,0,0,0,0,0,0,0,0,0,0,0,0,0,0,0,0,0,0,0,0,0,0,0.141445360875306,1.1822891388305,0,0.0996797704553307,0,0,0,0,0,0,0,0,0,0,0,0,0,0.438931507693821,0,0,0,0,0,0,0.62002731088665,0,0,0,0,0,0,0,0,0,0,0,0,0,0,0,0,0,0,0,0,0.94460113936448,0,0,0,0,0,0,0,0,0,0,0,0.347317112434068,0,0,0,0,0,0,0,0,0,0,0,0,0,6.70143056311133,0,0,0,0,0,0,0,0,0,0,0,0,0,0,0,0,0,0,0,0,0,0,0,0,0,0,0,0,0,0,0,0,0.899989775824438,0,0,0,0,0,0,0,0,0,2.02959667379003,0,0,0,0,0,0,0,0,0,2.22128593303189,0,0,0,0,0,0,0,0,0,0,0,0,0,0,0,0,0,0,0,0,0,0,0.560236685917531,0,0,0,0,0,0,0,0,0.562690391442079,0,0,0,0,0,0,0,0,0,0,0.134451266502823,0,0,0,0,0,0,0,1.17377265678985,0,0,0,0,0,0,0,0,0,0,0,0,0,0,1.16288301430574,0,0,139.5551025,141.3024024,139.1910023,139.8855024,136.8624023,150.6033026,139.0849024,138.1747024,149.3175026,155.8278028,143.3105025,"JAR-00225"
"365",4861,"nSPC",2012,"PRIAs","Pacific Remote Island Areas","Jarvis","Jarvis",2012,"ForereefMid","Jarvis","2012-05-05","Forereef","Mid",-0.37517608,-159.98007246,7.6,15,0,20,42.5,22.5,0,0,0,NA,0.755,0.371653302770848,1.65,2,1,52.7492859525861,19.7865571424457,21.8455378367276,61.5690963709005,155.95047730266,10.80151641334,0,0,0,0,0,0,0,0,0,0,0,0,0,0,0,0,0.0424413181578388,0,0,0,0,0,0,0,0,0,0,0,0,0,0,0,0,0,0,0,0,0,0,0,0,0,0,0,0,0,0,0,0,0,0,0,0,0,0,0,0.00282942121052258,0,0,0,0,0,0,0,0,0,0,0,0,0,0,0,0,0,0,0,0,0,0,0,0,0,0,0,0,0,0,0,0,0,0,0,0,0,0,0,0,0,0,0,0.00848826363156775,0,0,0,0,0,0,0,0,0,0,0,0,0,0,0,0.00565884242104517,0,0,0,0.0113176848420903,0,0,0,0,0,0,0,0,0,0,0,0,0,0,0,0.00282942121052258,0,0.282942121052258,0,0,0,0,0,0,0,0,0,0,0,0,0,0,0,0,0,0,0,0,0,0,0,0,0,0,0,0,0,0,0,0,0,0.127323954473516,0,0,0,0,0,0,0,0.00282942121052258,0,0,0,0,0,0,0,0,0,0,0,0,0,0,0,0,0,0,0,0,0,0,1.83912378683968,0,0,0,0,0,0,0,0,0,0,0,0,0,0.0169765272631355,0,0,0,0,0,0,0,0.033953054526271,0,0.0113176848420903,0,0,0,0,0,0,0,0,0,0,0,0,0.0509295817894065,0,0,0,0,0,0,0,0,0,0,0,0,0,0,0,0,0,0,0,0,0,0,0,0,0,0,0,0,0,0,0,0,0,0,0,0,0.00282942121052258,0,0,0,0,0,0,0,0,0,0,0,0,0,0,0,0,0,0.0792237938946324,0,0,0,0.00848826363156775,0,0,0,0,0,0,0,0,0,0,0,0,0,0,0,0,0,0,0,0.00848826363156775,0,0,0,0,0,0,0,0,0,0,0,0,0,0,0.00565884242104517,0,0,0,0,0,0,0,0,0,0,0,0,0,0,0,0,0,0,0,0,0,0,0,0,0.0113176848420903,0,0,0,0.00848826363156775,0,0,0,0,0,0,0,0,0.226353696841807,0,0,0,0.00848826363156775,0,0,0,0,0,0,0,0,0,0,0,0,0,0,0,0,0.033953054526271,0,0,0,0,0.0169765272631355,0,0.0396118969473162,0,0,0,0,0,0,0,0,0.00282942121052258,0,0,0,0,0,0,0,0,0,0,0,0,0,0,0,0,0,0,0,0,0,0,0,0,0,0,0,0,0,0,0,0,0,0,0,0,0,0,0,0,0,0,0,0,0,0.00282942121052258,0,0,0.00282942121052258,0,0,0,0,0,0,0,0,0,0,0,0,0,0,0,0,0,0,0,0,0.067906109052542,0,0,0,0,0,0,0,0,0,0,0,0,0,0,0,0,0,0,0,0,0.00565884242104517,0,0,0,0,0,0,0,0,0,0,0,0,0,0,0,0,0,0,0,0,0,0,0,0,0,2.65965593789123,0,0,0,0,0,0,0,0,0,0,0,0,0,0,0,0,0,0,0,0,0,0,0,0,0,0,0,0,0,0,0,0,0.00282942121052258,0,0,0,0,0,0,0,0,0,0.00565884242104517,0,0,0,0,0,0,0,0,0,0.00282942121052258,0,0,0,0,0,0,0,0,0,0,0,0,0,0,0,0,0,0,0,0,0,0,0.0962003211577679,0,0,0,0,0,0,0,0,0,0,0,0,0,0,0,0,0,0,0,0.0763943726841098,0,0,0,0.00282942121052258,0,0,0,0.124494533262994,0,0,0,0,0,0,0,0,0,0,0,0,0,0,0.0141471060526129,0,0,0,0,0,0,0,0,0,0,0,0,0,0,0,0,0,0,2.56836973998482,0,0,0,0,0,0,0,0,0,0,0,0,0,0,0,0,0,0,0,0,0,0,0,0,0,0,0,0,0,0,0,0,0,0,0,0,0,0,0,0.652170271340614,0,0,0,0,0,0,0,0,0,0,0,0,0,0,0,0,0,0,0,0,0,0,0,0,0,0,0,0,0,0,0,0,0,0,0,0,0,0,0,0,0,0,0,3.70065245887178,0,0,0,0,0,0,0,0,0,0,0,0,0,0,0,3.72218117034564,0,0,0,0.0825161976169643,0,0,0,0,0,0,0,0,0,0,0,0,0,0,0,0.109917918403555,0,0.34565058334107,0,0,0,0,0,0,0,0,0,0,0,0,0,0,0,0,0,0,0,0,0,0,0,0,0,0,0,0,0,0,0,0,0,0.41061975317709,0,0,0,0,0,0,0,0.179111292414106,0,0,0,0,0,0,0,0,0,0,0,0,0,0,0,0,0,0,0,0,0,0,2.22647155056022,0,0,0,0,0,0,0,0,0,0,0,0,0,0.0181013054251498,0,0,0,0,0,0,0,0.0514160417746986,0,12.3749721471211,0,0,0,0,0,0,0,0,0,0,0,0,5.28443681205057,0,0,0,0,0,0,0,0,0,0,0,0,0,0,0,0,0,0,0,0,0,0,0,0,0,0,0,0,0,0,0,0,0,0,0,0,1.65739781688447,0,0,0,0,0,0,0,0,0,0,0,0,0,0,0,0,0,23.5567118287002,0,0,0,0.664677497158696,0,0,0,0,0,0,0,0,0,0,0,0,0,0,0,0,0,0,0,1.00307342126788,0,0,0,0,0,0,0,0,0,0,0,0,0,0,1.14305080128599,0,0,0,0,0,0,0,0,0,0,0,0,0,0,0,0,0,0,0,0,0,0,0,0,0.0384146752428062,0,0,0,0.00810365114739811,0,0,0,0,0,0,0,0,0.262658566278264,0,0,0,46.4661734147365,0,0,0,0,0,0,0,0,0,0,0,0,0,0,0,0,12.3081407894239,0,0,0,0,5.4586310497343,0,7.90855434254789,0,0,0,0,0,0,0,0,0.349576799017654,0,0,0,0,0,0,0,0,0,0,0,0,0,0,0,0,0,0,0,0,0,0,0,0,0,0,0,0,0,0,0,0,0,0,0,0,0,0,0,0,0,0,0,0,0,0.141445360875306,0,0,1.2957164536957,0,0,0,0,0,0,0,0,0,0,0,0,0,0,0,0,0,0,0,0,0.433927799217373,0,0,0,0,0,0,0,0,0,0,0,0,0,0,0,0,0,0,0,0,0.55523430066811,0,0,0,0,0,0,0,0,0,0,0,0,0,0,0,0,0,0,0,0,0,0,0,0,0,3.62864832652018,0,0,0,0,0,0,0,0,0,0,0,0,0,0,0,0,0,0,0,0,0,0,0,0,0,0,0,0,0,0,0,0,1.71981349420903,0,0,0,0,0,0,0,0,0,4.72312372849947,0,0,0,0,0,0,0,0,0,6.07839268484051,0,0,0,0,0,0,0,0,0,0,0,0,0,0,0,0,0,0,0,0,0,0,0.519452764318595,0,0,0,0,0,0,0,0,0,0,0,0,0,0,0,0,0,0,0,0.170469798512775,0,0,0,0.0843209756145053,0,0,0,1.51034985219301,0,0,0,0,0,0,0,0,0,0,0,0,0,0,2.53782986764199,0,0,131.2282023,124.5896022,120.0247021,125.8406022,131.3511022,143.4748025,130.7549023,127.8030022,141.1399025,144.2934026,136.4965024,"JAR-00221"
"366",4862,"nSPC",2012,"PRIAs","Pacific Remote Island Areas","Jarvis","Jarvis",2012,"ForereefDeep","Jarvis","2012-05-05","Forereef","Deep",-0.3695431,-159.97680905,22.8,20,0,17.5,32.5,25,5,0,0,NA,0.44625,0.231576638357914,1,2,1,128.266956915202,301.90926104081,26.6770242516531,116.562450583502,573.415692791167,16.3689000225046,0,0,0,0,0,0,0,0,0,0,0,0,0,0.00565884242104517,0,0.149959324157697,0.0226353696841807,0,0,0,0,0,0,0,0,0.0169765272631355,0,0,0,0,0,0,0,0,0,0,0,0,0,0,0,0,0,0,0,0,0,0,0,0,0,0,0,0,0,0,0.0198059484736581,0.0169765272631355,0,0,0,0,0,0,0,0,0,0,0,0,0,0,0,0,0,0,0.00848826363156775,0.00282942121052258,0,0,0,0,0,0,0,0,0,0,0,0,0,0,0,0,0,0,0,0,0,0,0.00282942121052258,0,0,0,0,0,0,0,0,0,0,0,0,0,0,0,0.0113176848420903,0,0,0,0.0367824757367936,0,0,0,0,0.0735649514735872,0.0594178454209743,0,0,0,0,0,0,0,0,0.00565884242104517,0.0877120575262001,0,0,0,0,0,0,0,0,0,0,0,0,0,0,0,0,0,0,0,0,0,0,0,0,0,0,0,0,0,0,0,0,0,0,0,0.311236333157484,0,0,0,0,0,0,0,0,0,0,0,0,0,0,0,0,0,0,0,0,0,0,0,0,0,0,0,0,0,0,0,0,0,0,0,0,0,0,0,0.00282942121052258,0,0,0,0,0.0509295817894065,0,0,0,0,0,0,0,0.0282942121052258,0,0.00282942121052258,0,0.0424413181578388,0,0,0,0,0,0,0,0,0,0,0.0396118969473162,0,0,0,0,0,0,0,0,0,0,0,0,0,0,0,0,0,0,0,0,0,0,0,0,0,0,0,0,0,0,0,0,0,0,0,0,0,0,0,0.0141471060526129,0,0,0.00282942121052258,0,0,0,0,0,0.0113176848420903,0,0,0,0,0,0,0,0,0,0,0,0.00565884242104517,0,0,0,0,0,0,0,0,0,0,0,0.00282942121052258,0,0,0,0,0,0,0,0,0,0,0,0.00848826363156775,0,0,0,0,0,0,0,0,0.00565884242104517,0,0,0,0,0,0,0,0,0,0,0,0,0,0,0,0,0,0,0,0,0,0,0,0,0,0,0,0,0.00282942121052258,0,0,0,0,0,0,0,0,9.62003211577679,0,0,0,0.0141471060526129,0,0,0.0141471060526129,0,0,8.48826363156775,0,0,0,0,0,0,0,0,0,0,0.147129902947174,0.0113176848420903,0,0,0,0,0,0,0,0,0.0282942121052258,0,0.0509295817894065,0.0169765272631355,0,0,0,0,0,0,0,0,0,0,0.0141471060526129,0,0,0,0,0,0,0,0.00565884242104517,0,0,0,0,0,0,0,0,0,0,0,0.353677651315323,0,0,0,0,0,0,0,0,0,0,0,0,0,0,0,0,0,0.0198059484736581,0,0,0.0367824757367936,0,0,0,0,0,0,0,0,0,0,0,0,0,0,0,0,0,0,0,0,0.0622472666314969,0,0,0,0,0.0622472666314969,0,0,0,0,0,0,0,0,0,0,0,0,0,0,0,0.0113176848420903,0,0,0,0,0,0,0,0,0,0,0,10.7518005999858,0,0,0,0,0,0.00282942121052258,0,0,0,0,0,0,0.0113176848420903,0,0,0,0,0,0,0,0,0,0,0,0,0,0,0,0,0,0,0,0,0,0,0,0,0,0.0311236333157484,0,0,0,0,0,0,0,0.00282942121052258,0.0650766878420194,0,0,0,0,0,0,0,0,0,0,0,0,0,0,0,0,0,0,0.00565884242104517,0,0,0,0,0.00848826363156775,0,0,0,0,0,0,0,0,0,0,0,0,0,0,0,0,0,0,0,0,0,0,0,0,0,0,0.00848826363156775,0,0,0,0,0,0,0,0,0.00282942121052258,0,0,0,0,0,0,0,0,0,0,0,0,0,0,0,0,0.00282942121052258,0,0,0.00848826363156775,0.00848826363156775,0,0,0,0,0,0,0,0,0,0,0,0,0,0,0,0,0,0,0,0.564774389325028,0,129.16272269517,2.17124668830671,0,0,0,0,0,0,0,0,1.06389859174799,0,0,0,0,0,0,0,0,0,0,0,0,0,0,0,0,0,0,0,0,0,0,0,0,0,0,0,0,0,0,6.93670665474893,1.72425185064271,0,0,0,0,0,0,0,0,0,0,0,0,0,0,0,0,0,0,1.26157659233903,4.38249820174441,0,0,0,0,0,0,0,0,0,0,0,0,0,0,0,0,0,0,0,0,0,0,0.819923672365924,0,0,0,0,0,0,0,0,0,0,0,0,0,0,0,12.1552574345267,0,0,0,0.191276461187035,0,0,0,0,0.300822992772055,22.5956523211556,0,0,0,0,0,0,0,0,2.77774251975969,3.34226316770692,0,0,0,0,0,0,0,0,0,0,0,0,0,0,0,0,0,0,0,0,0,0,0,0,0,0,0,0,0,0,0,0,0,0,0,0.868688900054644,0,0,0,0,0,0,0,0,0,0,0,0,0,0,0,0,0,0,0,0,0,0,0,0,0,0,0,0,0,0,0,0,0,0,0,0,0,0,0,0.00917722976680384,0,0,0,0,0.147772221152758,0,0,0,0,0,0,0,0.0214462450414181,0,2.92063755603715,0,0.67724489248072,0,0,0,0,0,0,0,0,0,0,4.28481655665991,0,0,0,0,0,0,0,0,0,0,0,0,0,0,0,0,0,0,0,0,0,0,0,0,0,0,0,0,0,0,0,0,0,0,0,0,0,0,0,5.41951579886985,0,0,3.85646695071147,0,0,0,0,0,0.477464829275686,0,0,0,0,0,0,0,0,0,0,0,3.91995833086615,0,0,0,0,0,0,0,0,0,0,0,4.19602001512712,0,0,0,0,0,0,0,0,0,0,0,0.150261789285102,0,0,0,0,0,0,0,0,1.8180918501555,0,0,0,0,0,0,0,0,0,0,0,0,0,0,0,0,0,0,0,0,0,0,0,0,0,0,0,0,0.0119901315272546,0,0,0,0,0,0,0,0,4.90042738324943,0,0,0,58.4329350970773,0,0,1.69060244544435,0,0,5.20975668651102,0,0,0,0,0,0,0,0,0,0,59.8350068623182,2.77374089585632,0,0,0,0,0,0,0,0,4.1377605741958,0,6.84497520376855,1.0180725567585,0,0,0,0,0,0,0,0,0,0,32.1832029719757,0,0,0,0,0,0,0,11.3523872173754,0,0,0,0,0,0,0,0,0,0,0,39.0573303900537,0,0,0,0,0,0,0,0,0,0,0,0,0,0,0,0,0,0.670693231980201,0,0,9.46219215520148,0,0,0,0,0,0,0,0,0,0,0,0,0,0,0,0,0,0,0,0,0.363279177735038,0,0,0,0,0.367625887392681,0,0,0,0,0,0,0,0,0,0,0,0,0,0,0,3.74162321348961,0,0,0,0,0,0,0,0,0,0,0,8.89457417624122,0,0,0,0,0,9.82479074483291,0,0,0,0,0,0,0.160513777376092,0,0,0,0,0,0,0,0,0,0,0,0,0,0,0,0,0,0,0,0,0,0,0,0,0,5.05408246825692,0,0,0,0,0,0,0,2.27436103220834,13.6410606738055,0,0,0,0,0,0,0,0,0,0,0,0,0,0,0,0,0,0,10.619503544744,0,0,0,0,5.74939647776061,0,0,0,0,0,0,0,0,0,0,0,0,0,0,0,0,0,0,0,0,0,0,0,0,0,0,0.658397261540732,0,0,0,0,0,0,0,0,48.0780557256767,0,0,0,0,0,0,0,0,0,0,0,0,0,0,0,0,3.9637453926724,0,0,0.876350817967669,3.34908121719051,0,0,0,0,0,0,141.1835025,143.9357025,142.2417024,142.3429024,139.3132024,152.2826027,141.4861025,141.5216025,153.3893027,159.0477028,144.0393025,"JAR-00213"
"367",4863,"nSPC",2012,"PRIAs","Pacific Remote Island Areas","Jarvis","Jarvis",2012,"ForereefMid","Jarvis","2012-05-05","Forereef","Mid",-0.37415424,-159.97471131,7.5,10,0,2.5,30,57.5,0,0,0,NA,0.13125,0.0772431183971292,0.4,2,1,4.07429267484391,74.8380573593604,47.461238781001,12.7218866451004,139.095475460306,18.0173292277234,0,0,0,0,0,0.00282942121052258,0,0,0,0,0,0,0,0,0,0,0.124494533262994,0,0,0.0113176848420903,0,0,0,0,0,0,0.0141471060526129,0,0,0,0,0,0,0,0,0,0,0,0,0,0,0.00282942121052258,0,0,0,0,0,0,0,0,0,0,0,0,0,0,0,0,0,0,0,0,0,0,0,0,0,0,0,0,0,0,0,0,0,0,0,0,0,0,0,0,0,0,0,0,0,0,0,0,0,0,0,0,0,0,0,0,0,0,0.00565884242104517,0,0,0,0,0,0,0,0,0,0,0,0,0,0,0,0.00282942121052258,0,0,0,0.0141471060526129,0,0,0,0,0.00282942121052258,0,0,0,0,0,0,0,0,0,0,0.0198059484736581,0,0,0,0,0,0,0,0,0,0,0,0,0,0,0,0,0,0,0,0,0,0,0,0,0,0,0,0,0,0,0,0,0,0,0,0.0113176848420903,0,0,0,0,0,0,0,0,0,0,0,0,0,0,0,0,0,0,0.00282942121052258,0,0,0,0,0.00282942121052258,0,0,0,0,0,0,1.18835690841949,0,0,0,0,0,0,0,0,0,0,0,0,0,0,0,0,0,0,0,0,0,0.0396118969473162,0,0.00282942121052258,0,0,0,0,0,0.00282942121052258,0,0,0,0,0,0,0.0282942121052258,0,0,0,0,0,0,0,0,0,0,0,0,0,0,0,0,0,0,0,0,0,0,0,0,0,0,0,0,0,0,0,0,0,0,0,0,0,0,0,0,0,0,0,0,0,0,0,0,0,0,0,0,0,0,0,0,0,0,0.00282942121052258,0,0,0,0,0,0,0,0,0,0,0,0,0,0,0,0,0,0,0,0,0,0,0,0,0,0,0,0,0,0,0,0,0,0,0,0,0,0,0,0,0,0,0,0,0,0,0,0,0,0,0,0,0,0,0,0,0,0,0,0,0,0,0,0,0,0,0,0,0,0,0,0,0.481001605788839,0,0,0,0,0,0,0,0,0,0.565884242104517,0,0,0,0,0,0,0,0,0,0,0.0481001605788839,0,0,0,0,0,0,0,0,0,0,0,0,0,0,0,0,0,0,0,0,0,0,0,0,0,0,0,0,0,0,0,0,0,0,0,0,0,0,0,0,0,0,0,0,0,0,0,0,0,0,0,0,0,0,0,0,0,0,0,0,0,0,0.00565884242104517,0,0,0,0,0,0,0,0,0,0,0,0,0,0,0,0,0,0,0,0,0,0,0.0311236333157484,0,0,0,0,0,0,0,0,0,0,0,0,0,0,0,0,0,0,0,0,0.00282942121052258,0,0,0,0,0,0,0,0,0,0,0,1.69765272631355,0,0,0,0,0,0,0,0,0,0,0,0,0,2.68795014999646,0,0,0,0,0,0,0,0,0,0,0,0,0,0,0.353677651315323,0,0,0,0,0,0,0,0,0,0,0,0,0,0,0,0,0,0,0,0,0,0,0,0,0,0,0,0.00848826363156775,0,0,0,0,0,0,0,0,0,0.00282942121052258,0,0,0,0,0,0,0,0,0,0,0,0,0,0,0,0,0,0,0,0,0,0,0.0226353696841807,0,0.00282942121052258,0,0,0,0,0,0,0,0,0,0,0,0,0,0,0,0,0,0.0509295817894065,0,0,0,0,0,0,0,0.0396118969473162,0,0,0,0,0,0,0,0,0,0,0,0,0,0,0.0113176848420903,0,0,0,0,0,0,0,0.565884242104517,0,0,0,0,0,0,0,0,0,0,17.6659775383598,0,0,1.17725761870767,0,0,0,0,0,0,1.02057847892913,0,0,0,0,0,0,0,0,0,0,0,0,0,0,0.316340609021267,0,0,0,0,0,0,0,0,0,0,0,0,0,0,0,0,0,0,0,0,0,0,0,0,0,0,0,0,0,0,0,0,0,0,0,0,0,0,0,0,0,0,0,0,0,0,0,0,0,0,0,0,0,0,0,0,0,0,1.46300775953525,0,0,0,0,0,0,0,0,0,0,0,0,0,0,0,2.142852658729,0,0,0,0.227935945836208,0,0,0,0,0.0206290494042411,0,0,0,0,0,0,0,0,0,0,1.27720534060247,0,0,0,0,0,0,0,0,0,0,0,0,0,0,0,0,0,0,0,0,0,0,0,0,0,0,0,0,0,0,0,0,0,0,0,0.063071194088001,0,0,0,0,0,0,0,0,0,0,0,0,0,0,0,0,0,0,0.213629930956252,0,0,0,0,3.65991168934698,0,0,0,0,0,0,1.95929496449299,0,0,0,0,0,0,0,0,0,0,0,0,0,0,0,0,0,0,0,0,0,0.082285390185512,0,4.40480635546778,0,0,0,0,0,0.67701485310597,0,0,0,0,0,0,5.15044553785542,0,0,0,0,0,0,0,0,0,0,0,0,0,0,0,0,0,0,0,0,0,0,0,0,0,0,0,0,0,0,0,0,0,0,0,0,0,0,0,0,0,0,0,0,0,0,0,0,0,0,0,0,0,0,0,0,0,0,0.145906664493883,0,0,0,0,0,0,0,0,0,0,0,0,0,0,0,0,0,0,0,0,0,0,0,0,0,0,0,0,0,0,0,0,0,0,0,0,0,0,0,0,0,0,0,0,0,0,0,0,0,0,0,0,0,0,0,0,0,0,0,0,0,0,0,0,0,0,0,0,0,0,0,0,0.749445206674138,0,0,0,0,0,0,0,0,0,0.67835373522279,0,0,0,0,0,0,0,0,0,0,30.2017265567844,0,0,0,0,0,0,0,0,0,0,0,0,0,0,0,0,0,0,0,0,0,0,0,0,0,0,0,0,0,0,0,0,0,0,0,0,0,0,0,0,0,0,0,0,0,0,0,0,0,0,0,0,0,0,0,0,0,0,0,0,0,0,0.654234675512434,0,0,0,0,0,0,0,0,0,0,0,0,0,0,0,0,0,0,0,0,0,0,0.231768230682054,0,0,0,0,0,0,0,0,0,0,0,0,0,0,0,0,0,0,0,0,0.95014567316862,0,0,0,0,0,0,0,0,0,0,0,2.77582348453165,0,0,0,0,0,0,0,0,0,0,0,0,0,5.3464967545607,0,0,0,0,0,0,0,0,0,0,0,0,0,0,32.8827863414939,0,0,0,0,0,0,0,0,0,0,0,0,0,0,0,0,0,0,0,0,0,0,0,0,0,0,0,12.8522665518484,0,0,0,0,0,0,0,0,0,4.95143274491877,0,0,0,0,0,0,0,0,0,0,0,0,0,0,0,0,0,0,0,0,0,0,0.460381916189619,0,0.0523869478314971,0,0,0,0,0,0,0,0,0,0,0,0,0,0,0,0,0,0.12867217368033,0,0,0,0,0,0,0,0.87298481027858,0,0,0,0,0,0,0,0,0,0,0,0,0,0,3.07253383570539,0,0,141.1331025,143.3793025,142.8321024,142.8611024,139.2258024,153.5959027,141.3690024,141.9709025,153.8900027,158.6162028,145.4895026,"JAR-00239"
"368",4864,"nSPC",2012,"PRIAs","Pacific Remote Island Areas","Jarvis","Jarvis",2012,"ForereefMid","Jarvis","2012-05-05","Forereef","Mid",-0.37379348,-159.97625928,10.3,27.5,0,10,42.5,20,0,0,0,NA,0.6325,0.298669824326908,1.15,2,1,64.6944944367128,13.084409914213,29.0313744253866,11.8020510740711,118.612329850384,10.3923154057742,0,0,0,0,0,0,0,0,0,0,0,0,0,0,0,0,0.0735649514735872,0,0,0,0,0,0,0,0,0,0,0,0,0,0,0,0,0,0,0,0,0,0,0,0,0,0,0,0,0,0,0,0,0,0,0,0,0,0,0,0.00282942121052258,0,0,0,0,0,0,0,0,0,0,0,0,0,0,0,0,0,0,0,0.00282942121052258,0,0,0,0,0,0,0,0,0,0,0,0,0,0,0,0,0,0,0,0,0,0,0,0,0,0,0,0,0,0,0,0,0,0,0,0,0,0,0,0.00565884242104517,0,0,0,0,0,0,0,0,0,0,0,0,0,0,0,0,0,0,0,0.0169765272631355,0,0,0,0,0,0,0,0,0,0,0,0,0,0,0,0,0,0,0,0,0,0,0,0,0,0,0,0,0,0,0,0,0,0,0,0.0311236333157484,0,0,0.00282942121052258,0,0,0,0,0,0,0,0,0,0,0,0,0,0,0,0.00282942121052258,0,0,0,0,0,0,0,0,0,0,0,0.848826363156775,0,0,0,0,0,0,0,0,0,0,0,0,0,0,0,0,0,0,0,0,0,0.0254647908947033,0,0.00282942121052258,0,0,0,0,0,0,0,0,0,0,0,0,0.0254647908947033,0,0,0,0,0,0,0,0,0,0,0,0,0,0,0,0,0,0,0,0,0,0,0,0,0,0,0,0,0,0,0,0,0,0,0,0,0,0,0,0,0,0,0,0,0,0,0,0,0,0,0,0,0,0,0,0,0,0,0.0169765272631355,0,0,0,0,0,0,0,0,0,0,0,0,0,0,0,0,0,0,0,0.00565884242104517,0,0,0,0,0,0,0,0,0,0,0,0,0,0,0.00282942121052258,0,0,0,0,0,0,0,0,0,0,0,0,0,0,0,0,0,0,0,0,0,0,0,0,0,0,0,0,0.00282942121052258,0,0,0,0,0,0,0,0,0.0565884242104517,0,0,0,0.0113176848420903,0,0,0,0,0,0,0,0,0,0,0,0,0,0,0,0,0,0,0,0,0,0,0,0,0,0,0,0,0.0141471060526129,0,0,0,0,0,0,0,0,0,0,0,0,0,0,0,0,0,0,0,0,0,0,0,0,0,0,0,0,0,0,0,0,0,0,0,0,0,0,0,0,0,0,0,0,0,0,0,0,0,0,0,0,0,0,0,0,0,0,0,0,0,0,0,0,0,0,0.00282942121052258,0,0,0,0,0,0,0.172594693841878,0,0,0,0,0,0,0,0,0,0,0,0,0,0,0,0,0,0,0,0,0.00848826363156775,0,0,0,0,0,0,0,0,0,0,0,0,0,0,0,0,0,0,0,0,0,0,0,0,0,2.54647908947033,0,0,0,0,0,0,0,0,0,0,0,0,0,0,0.0848826363156775,0,0,0,0,0,0,0,0,0,0,0,0,0,0,0,0,0,0,0,0,0,0,0,0,0,0,0,0.00282942121052258,0,0,0,0,0,0,0,0,0,0.00565884242104517,0,0,0,0,0,0,0,0,0,0,0,0,0,0,0,0,0,0,0,0,0,0,0.0565884242104517,0,0,0,0,0,0,0,0,0.00282942121052258,0,0,0,0,0,0,0,0,0,0,0.0367824757367936,0,0,0,0,0,0,0,0.0509295817894065,0,0,0,0,0,0,0,0,0,0,0,0,0,0,0,0,0,0,0,0,0,0,0,0,0,0,0,0,0,0,0,0,0,11.0663131001475,0,0,0,0,0,0,0,0,0,0,0,0,0,0,0,0,0,0,0,0,0,0,0,0,0,0,0,0,0,0,0,0,0,0,0,0,0,0,0,1.27377006121214,0,0,0,0,0,0,0,0,0,0,0,0,0,0,0,0,0,0,0,0.690217876139193,0,0,0,0,0,0,0,0,0,0,0,0,0,0,0,0,0,0,0,0,0,0,0,0,0,0,0,0,0,0,0,0,0,0,0,0,0,0,0,3.45520961795521,0,0,0,0,0,0,0,0,0,0,0,0,0,0,0,0,0,0,0,1.19968811667087,0,0,0,0,0,0,0,0,0,0,0,0,0,0,0,0,0,0,0,0,0,0,0,0,0,0,0,0,0,0,0,0,0,0,0,0.0847519170557514,0,0,0.27473509157586,0,0,0,0,0,0,0,0,0,0,0,0,0,0,0,1.67306755240363,0,0,0,0,0,0,0,0,0,0,0,1.26653381646622,0,0,0,0,0,0,0,0,0,0,0,0,0,0,0,0,0,0,0,0,0,0.0528977508335434,0,1.83302631167601,0,0,0,0,0,0,0,0,0,0,0,0,6.05732929886933,0,0,0,0,0,0,0,0,0,0,0,0,0,0,0,0,0,0,0,0,0,0,0,0,0,0,0,0,0,0,0,0,0,0,0,0,0,0,0,0,0,0,0,0,0,0,0,0,0,0,0,0,0,0,0,0,0,0,0.573504898289882,0,0,0,0,0,0,0,0,0,0,0,0,0,0,0,0,0,0,0,0.844754665604179,0,0,0,0,0,0,0,0,0,0,0,0,0,0,1.30634377289828,0,0,0,0,0,0,0,0,0,0,0,0,0,0,0,0,0,0,0,0,0,0,0,0,0,0,0,0,0.0119901315272546,0,0,0,0,0,0,0,0,0.117219525446498,0,0,0,58.7658266408745,0,0,0,0,0,0,0,0,0,0,0,0,0,0,0,0,0,0,0,0,0,0,0,0,0,0,0,0,1.79583985249141,0,0,0,0,0,0,0,0,0,0,0,0,0,0,0,0,0,0,0,0,0,0,0,0,0,0,0,0,0,0,0,0,0,0,0,0,0,0,0,0,0,0,0,0,0,0,0,0,0,0,0,0,0,0,0,0,0,0,0,0,0,0,0,0,0,0,0.154137813401397,0,0,0,0,0,0,2.02172470089265,0,0,0,0,0,0,0,0,0,0,0,0,0,0,0,0,0,0,0,0,1.46383501631839,0,0,0,0,0,0,0,0,0,0,0,0,0,0,0,0,0,0,0,0,0,0,0,0,0,6.15487188104307,0,0,0,0,0,0,0,0,0,0,0,0,0,0,5.22354162664869,0,0,0,0,0,0,0,0,0,0,0,0,0,0,0,0,0,0,0,0,0,0,0,0,0,0,0,4.18366121249901,0,0,0,0,0,0,0,0,0,4.53558664087154,0,0,0,0,0,0,0,0,0,0,0,0,0,0,0,0,0,0,0,0,0,0,1.46251886976203,0,0,0,0,0,0,0,0,0.300260442397625,0,0,0,0,0,0,0,0,0,0,0.0833533341513901,0,0,0,0,0,0,0,0.68581831426039,0,0,0,0,0,0,0,0,0,0,0,0,0,0,0,0,0,140.4896025,142.4903025,141.2959024,141.8097024,138.3942024,152.2404027,140.5245024,140.2615025,152.4356027,157.5477028,144.6574025,"JAR-00233"
"369",4876,"nSPC",2012,"PRIAs","Pacific Remote Island Areas","Jarvis","Jarvis",2012,"ForereefMid","Jarvis","2012-05-06","Forereef","Mid",-0.36362682,-159.98857481,11.95,26.5,0,17.5,17.5,36.5,2,0,0,NA,0.6,0.369570959818703,1.5,2,1,31.0617381556857,23.0435230010735,45.6341217484798,20.8587189779801,120.598101883219,20.74753759033,0,0,0,0,0,0,0,0,0,0,0,0,0,0.00282942121052258,0,0,0.0735649514735872,0,0,0,0,0.00282942121052258,0,0,0,0,0,0,0,0,0,0,0,0,0,0,0,0,0,0,0,0.0141471060526129,0,0,0,0,0,0,0,0,0,0,0,0,0,0,0.00565884242104517,0,0,0,0,0,0,0,0,0,0,0,0,0.00282942121052258,0,0,0,0,0,0,0.00565884242104517,0,0,0,0,0,0,0,0,0,0,0,0,0,0.0198059484736581,0,0,0,0,0,0,0,0,0,0,0,0,0,0,0,0,0,0,0,0,0,0,0,0,0,0,0,0,0,0.0311236333157484,0,0,0,0,0.0650766878420194,0.0169765272631355,0,0,0,0,0,0,0,0,0,0.0424413181578388,0,0,0,0,0,0,0,0.00565884242104517,0,0,0,0,0,0,0,0,0,0,0,0,0,0,0,0,0,0,0,0,0,0,0,0,0,0,0,0.169765272631355,0,0,0,0,0,0,0,0,0,0,0,0,0,0,0,0,0,0,0,0,0,0,0,0,0,0,0,0,0,0,0.396118969473162,0,0,0,0,0,0.0198059484736581,0,0,0,0,0,0,0,0.0565884242104517,0,0,0,0,0,0,0,0.118835690841949,0,0.00282942121052258,0,0.0282942121052258,0,0,0,0,0,0,0,0.00282942121052258,0,0.00282942121052258,0.033953054526271,0,0.00565884242104517,0,0,0,0,0,0,0,0,0,0,0,0,0,0,0,0,0,0,0,0,0,0,0,0,0,0,0,0,0,0,0,0,0,0,0,0,0,0,0,0,0,0,0,0,0,0,0,0,0,0,0,0,0,0,0,0,0.0113176848420903,0,0,0,0,0,0,0,0,0,0,0,0,0,0,0,0,0,0,0,0.00565884242104517,0,0,0,0,0,0.0141471060526129,0,0,0,0,0,0,0,0,0.00565884242104517,0,0,0,0,0,0,0,0,0,0,0,0,0,0,0,0,0,0,0,0,0,0,0,0.00565884242104517,0.00848826363156775,0,0,0,0.00565884242104517,0,0,0,0,0,0,0,0,1.69765272631355,0,0,0,0.00565884242104517,0,0,0,0,0,0.565884242104517,0,0,0,0,0,0,0.0141471060526129,0,0,0,0.0311236333157484,0.00848826363156775,0,0,0,0,0,0,0,0,0,0,0,0,0,0,0,0,0,0,0,0,0,0,0,0,0,0,0,0,0,0,0,0,0,0,0,0,0,0,0,0,0,0,0,0,0,0,0,0,0,0,0,0,0,0,0,0,0,0,0,0,0.0396118969473162,0.00282942121052258,0,0.0169765272631355,0,0,0,0,0,0,0,0,0,0,0,0,0,0,0,0,0,0,0,0,0.101859163578813,0,0,0,0,0.0282942121052258,0,0,0,0,0,0,0,0,0,0,0,0,0,0,0,0.00282942121052258,0,0,0,0,0,0,0,0,0,0,0,5.09295817894065,0,0,0,0,0,0,0,0.00565884242104517,0,0,0,0,0.0650766878420194,1.13176848420903,0,0,0,0,0,0,0,0,0,0,0,0,0,0,0,0,0,0,0,0,0,0,0,0,0,0,0,0,0,0,0,0,0,0.00282942121052258,0,0,0,0,0,0,0,0,0.0113176848420903,0,0,0,0,0,0,0,0,0,0.00282942121052258,0,0,0,0,0,0,0,0,0,0,0,0,0,0,0,0,0,0,0,0,0,0,0.141471060526129,0,0,0,0,0,0,0,0,0.00282942121052258,0,0,0,0,0,0,0,0,0,0,0,0,0,0,0,0,0,0,0.0113176848420903,0,0,0,0,0,0,0.00565884242104517,0,0,0,0,0,0,0,0.00565884242104517,0,0,0,0,0,0,0,0,0,0,0,0,0,0,0,0.906437881217306,0,0,10.7922277025096,0,0,0,0,1.12811618212596,0,0,0,0,0,0,0,0,0,0,0,0,0,0,0,0,0,0,0,0.594564670204979,0,0,0,0,0,0,0,0,0,0,0,0,0,0,1.77564289256039,0,0,0,0,0,0,0,0,0,0,0,0,1.74243479957323,0,0,0,0,0,0,2.97494734192463,0,0,0,0,0,0,0,0,0,0,0,0,0,1.41773344495831,0,0,0,0,0,0,0,0,0,0,0,0,0,0,0,0,0,0,0,0,0,0,0,0,0,0,0,0,0,0.202751318556889,0,0,0,0,0.177275974391914,3.8687532726656,0,0,0,0,0,0,0,0,0,3.40938988970647,0,0,0,0,0,0,0,0.399942920496372,0,0,0,0,0,0,0,0,0,0,0,0,0,0,0,0,0,0,0,0,0,0,0,0,0,0,0,0.266081600058754,0,0,0,0,0,0,0,0,0,0,0,0,0,0,0,0,0,0,0,0,0,0,0,0,0,0,0,0,0,0,0.31462597976769,0,0,0,0,0,0.0361114229258159,0,0,0,0,0,0,0,0.0887907240695317,0,0,0,0,0,0,0,0.081517888945401,0,2.92063755603715,0,0.302511657509425,0,0,0,0,0,0,0,0.13089513208302,0,0.380456733928957,3.94533500236788,0,0.484777537218228,0,0,0,0,0,0,0,0,0,0,0,0,0,0,0,0,0,0,0,0,0,0,0,0,0,0,0,0,0,0,0,0,0,0,0,0,0,0,0,0,0,0,0,0,0,0,0,0,0,0,0,0,0,0,0,0,0.756086936890347,0,0,0,0,0,0,0,0,0,0,0,0,0,0,0,0,0,0,0,0.461428856008292,0,0,0,0,0,0.14416551834491,0,0,0,0,0,0,0,0,1.5885140278443,0,0,0,0,0,0,0,0,0,0,0,0,0,0,0,0,0,0,0,0,0,0,0,0.0348384313074332,0.0138156106873841,0,0,0,0.009631040498073,0,0,0,0,0,0,0,0,1.95230204997119,0,0,0,11.3161798058415,0,0,0,0,0,0.246920759621095,0,0,0,0,0,0,0.121864586247813,0,0,0,15.4040322570035,3.95838111683445,0,0,0,0,0,0,0,0,0,0,0,0,0,0,0,0,0,0,0,0,0,0,0,0,0,0,0,0,0,0,0,0,0,0,0,0,0,0,0,0,0,0,0,0,0,0,0,0,0,0,0,0,0,0,0,0,0,0,0,0,0.392514165819725,0.543613952039408,0,4.46644744955721,0,0,0,0,0,0,0,0,0,0,0,0,0,0,0,0,0,0,0,0,0.80150158497566,0,0,0,0,0.118707167515253,0,0,0,0,0,0,0,0,0,0,0,0,0,0,0,0.624736203283387,0,0,0,0,0,0,0,0,0,0,0,4.01042728263713,0,0,0,0,0,0,0,0.0118128335539318,0,0,0,0,0.365469798131416,0.813021649088268,0,0,0,0,0,0,0,0,0,0,0,0,0,0,0,0,0,0,0,0,0,0,0,0,0,0,0,0,0,0,0,0,0,0.386127717294564,0,0,0,0,0,0,0,0,16.462855964889,0,0,0,0,0,0,0,0,0,4.28468162544102,0,0,0,0,0,0,0,0,0,0,0,0,0,0,0,0,0,0,0,0,0,0,1.43761657558714,0,0,0,0,0,0,0,0,0.206264806247096,0,0,0,0,0,0,0,0,0,0,0,0,0,0,0,0,0,0,0.305743294819376,0,0,0,0,0,0,9.75564417705256,0,0,0,0,0,0,0,1.26079511238295,0,0,96.14330165,96.9766017,100.5358016,101.6891017,88.2366015,106.7662019,92.09300157,92.00330165,102.6796018,98.39100168,100.7347018,"JAR-00236"
"370",4877,"nSPC",2012,"PRIAs","Pacific Remote Island Areas","Jarvis","Jarvis",2012,"ForereefMid","Jarvis","2012-05-06","Forereef","Mid",-0.36687045,-159.98244931,6.85,7.5,0,15,47.5,30,0,0,0,NA,0.32875,0.239958681670663,1.05,2,1,11.3001753494565,28.0054573083067,28.1496780324539,6.80174071891929,74.2570514091364,5.84699295632553,0,0,0,0,0,0,0,0,0,0,0,0,0.00282942121052258,0,0,0,0.0990297423682904,0,0,0,0,0,0,0,0,0,0,0,0,0,0,0,0,0,0,0,0,0,0,0,0,0.00282942121052258,0,0,0,0,0,0,0,0,0,0,0,0,0,0,0,0,0,0,0,0,0,0,0,0.00282942121052258,0,0,0,0,0,0,0,0,0,0,0,0,0,0,0,0,0,0,0,0,0,0,0,0,0,0,0,0,0,0,0,0,0,0,0,0,0,0,0,0,0,0,0,0,0,0,0,0,0,0,0.0198059484736581,0,0,0,0,0,0,0,0,0,0,0,0,0,0,0,0,0,0,0,0.0113176848420903,0,0.282942121052258,0,0,0,0,0,0,0,0,0,0,0,0,0,0,0,0,0,0,0,0,0,0,0,0,0,0,0,0,0,0,0,0,0,0,0,0,0.00565884242104517,0,0,0,0,0,0,0,0,0,0,0,0,0,0,0,0,0,0,0,0,0,0,0,0,0,0,0,1.41471060526129,0,0,0,0,0,0,0,0,0,0,0,0,0,0,0,0,0,0,0,0,0,0.0565884242104517,0,0.00282942121052258,0,0,0,0,0,0,0,0,0,0,0,0,0.0226353696841807,0,0.0735649514735872,0,0,0,0,0,0,0,0,0,0,0,0,0,0,0,0,0,0,0,0,0,0,0,0,0,0,0,0,0,0,0,0,0,0,0,0,0,0,0,0,0,0,0,0,0,0,0,0,0,0,0,0,0,0,0,0,0.00848826363156775,0,0,0,0,0,0,0,0,0,0,0,0,0,0,0,0,0,0,0,0.00565884242104517,0,0,0,0,0,0.00848826363156775,0,0,0,0,0,0,0,0,0.00282942121052258,0,0,0,0,0,0,0,0,0,0,0,0,0,0,0,0,0,0,0,0,0,0,0,0,0.0198059484736581,0,0,0,0.00282942121052258,0,0,0,0,0,0,0,0,0,0,0,0,0,0,0,0,0,0,0,0,0,0,0,0,0,0,0,0,0,0.0481001605788839,0.00848826363156775,0,0,0,0,0,0,0,0,0,0,0,0,0,0,0,0,0,0,0,0,0,0,0,0,0,0,0,0,0,0,0,0,0,0,0,0,0,0,0,0,0,0,0,0,0,0,0,0,0,0,0,0,0,0,0,0,0,0,0,0,0,0.00282942121052258,0,0.00282942121052258,0,0,0,0,0,0,0,0,0,0,0,0,0,0,0,0,0,0,0,0,0.0707355302630646,0,0,0,0,0,0,0,0,0,0,0,0,0,0,0,0,0,0,0,0,0,0,0,0,0,0,0,0,0,0,0,0,0,0,0,0,0,0,0,0,0,0,0,0,0,0,2.4050080289442,0,0,0,0,0,0,0,0,0,0,0,0,0,0,0,0,0,0,0,0,0,0,0,0,0,0,0,0,0,0,0,0,0,0.00565884242104517,0,0,0,0,0,0,0,0.00282942121052258,0,0,0,0,0,0,0,0,0,0,0.00565884242104517,0,0,0,0,0,0,0,0,0,0,0,0,0,0,0,0,0,0,0,0,0,0,0.0622472666314969,0,0,0.0169765272631355,0,0,0,0,0,0.00282942121052258,0,0,0,0,0,0,0,0,0,0,0.0141471060526129,0,0,0,0,0,0,0,0.127323954473516,0,0,0,0,0,0,0,0,0.0226353696841807,0,0,0,0,0,0,0,0,0,0,0,0,0,0,0,0,0,0,0,0,0.440678092033275,0,0,0,10.4905709901362,0,0,0,0,0,0,0,0,0,0,0,0,0,0,0,0,0,0,0,0,0,0,0,0,0.121687747422155,0,0,0,0,0,0,0,0,0,0,0,0,0,0,0,0,0,0,0,0,0,0,0,0.164745453008912,0,0,0,0,0,0,0,0,0,0,0,0,0,0,0,0,0,0,0,0,0,0,0,0,0,0,0,0,0,0,0,0,0,0,0,0,0,0,0,0,0,0,0,0,0,0,0,0,0,0,10.3102275422296,0,0,0,0,0,0,0,0,0,0,0,0,0,0,0,0,0,0,0,0.446333855187448,0,0.467194030281489,0,0,0,0,0,0,0,0,0,0,0,0,0,0,0,0,0,0,0,0,0,0,0,0,0,0,0,0,0,0,0,0,0,0,0,0,0.54947018315172,0,0,0,0,0,0,0,0,0,0,0,0,0,0,0,0,0,0,0,0,0,0,0,0,0,0,0,1.79577705389447,0,0,0,0,0,0,0,0,0,0,0,0,0,0,0,0,0,0,0,0,0,0.0428924900828362,0,1.07058249271299,0,0,0,0,0,0,0,0,0,0,0,0,2.47477388576954,0,6.57867878378758,0,0,0,0,0,0,0,0,0,0,0,0,0,0,0,0,0,0,0,0,0,0,0,0,0,0,0,0,0,0,0,0,0,0,0,0,0,0,0,0,0,0,0,0,0,0,0,0,0,0,0,0,0,0,0,0,0.170752374069178,0,0,0,0,0,0,0,0,0,0,0,0,0,0,0,0,0,0,0,0.299831693919031,0,0,0,0,0,0.0387226098608489,0,0,0,0,0,0,0,0,0.515183277548921,0,0,0,0,0,0,0,0,0,0,0,0,0,0,0,0,0,0,0,0,0,0,0,0,0.0963914263342068,0,0,0,0.0119901315272546,0,0,0,0,0,0,0,0,0,0,0,0,0,0,0,0,0,0,0,0,0,0,0,0,0,0,0,0,0,20.384614010296,1.72558815484787,0,0,0,0,0,0,0,0,0,0,0,0,0,0,0,0,0,0,0,0,0,0,0,0,0,0,0,0,0,0,0,0,0,0,0,0,0,0,0,0,0,0,0,0,0,0,0,0,0,0,0,0,0,0,0,0,0,0,0,0,0,0.543613952039408,0,0.154604052675333,0,0,0,0,0,0,0,0,0,0,0,0,0,0,0,0,0,0,0,0,0.504478890413427,0,0,0,0,0,0,0,0,0,0,0,0,0,0,0,0,0,0,0,0,0,0,0,0,0,0,0,0,0,0,0,0,0,0,0,0,0,0,0,0,0,0,0,0,0,0,5.28906068999487,0,0,0,0,0,0,0,0,0,0,0,0,0,0,0,0,0,0,0,0,0,0,0,0,0,0,0,0,0,0,0,0,0,0.908247603883202,0,0,0,0,0,0,0,1.2028053146332,0,0,0,0,0,0,0,0,0,0,4.64418764169233,0,0,0,0,0,0,0,0,0,0,0,0,0,0,0,0,0,0,0,0,0,0,0.440410213975514,0,0,0.109092465495552,0,0,0,0,0,0.167700926916158,0,0,0,0,0,0,0,0,0,0,0.0688115238399092,0,0,0,0,0,0,0,1.98843262706108,0,0,0,0,0,0,0,0,0.0389192284148793,0,0,0,0,0,0,0,0,119.7843021,120.9164021,120.461902,121.039702,110.0848019,127.0731022,116.301002,114.100302,124.5300022,127.3477022,120.9122021,"JAR-00224"
"371",4878,"nSPC",2012,"PRIAs","Pacific Remote Island Areas","Jarvis","Jarvis",2012,"ForereefDeep","Jarvis","2012-05-06","Forereef","Deep",-0.37907517,-159.97147531,24.9,27.5,0,5,20,40,7.5,0,0,NA,0.71875,0.341873457980514,1.05,2,1,102.961503633425,91.1990100461979,17.1283360218242,73.4646668235555,284.753516525002,4.29591383907434,0,0,0,0,0,0,0,0,0,0,0,0,0,0.00282942121052258,0,0,0.0169765272631355,0,0,0,0,0.00282942121052258,0,0,0,0,0,0.00282942121052258,0,0,0,0,0,0,0,0,0,0,0,0,0,0.00282942121052258,0,0,0,0,0,0,0,0,0,0,0,0,0,0,0.00565884242104517,0.0141471060526129,0,0,0,0,0.0707355302630646,0,0,0.00565884242104517,0,0,0,0,0,0,0,0,0,0,0.00565884242104517,0.00282942121052258,0,0,0,0,0,0,0,0,0,0,0,0,0.00565884242104517,0,0,0,0,0,0,0.00282942121052258,0,0,0.00282942121052258,0,0,0,0,0,0,0,0,0,0,0,0,0,0,0,0.00282942121052258,0,0,0,0.0933708999472453,0,0,0,0,0.124494533262994,0.101859163578813,0,0,0,0,0,0,0,0,0,0.0622472666314969,0,0,0,0,0,0,0,0,0,0,0,0,0,0,0,0,0,0,0,0,0,0,0,0,0,0,0,0,0,0,0,0,0,0,0.00282942121052258,0.282942121052258,0,0,0,0,0,0,0,0,0,0,0,0,0,0,0,0,0,0,0,0,0,0,0,0,0,0,0,0,0,0.00565884242104517,0,0,0,0,0,0,0,0,0,0,0,0,0,0,0.0141471060526129,0,0,0,0,0,0,0,0,0,0,0,0.0509295817894065,0,0,0,0.00282942121052258,0,0,0,0,0.00282942121052258,0.00565884242104517,0.0226353696841807,0,0,0,0,0,0,0,0,0,0,0,0,0,0,0,0,0,0,0,0,0,0,0,0,0,0,0,0,0,0,0,0,0,0,0,0,0,0,0,0.0763943726841098,0,0,0,0,0,0,0,0,0.00565884242104517,0,0,0,0,0,0,0,0,0,0.00565884242104517,0,0,0,0,0,0,0.00282942121052258,0,0,0,0,0,0,0,0,0,0,0,0,0,0,0,0,0,0,0,0,0,0,0,0,0,0,0,0.00282942121052258,0,0,0,0,0,0,0,0,0,0,0,0,0,0,0,0,0,0,0,0,0,0,0,0,0.00848826363156775,0,0,0,0.00282942121052258,0,0,0,0,0,0,0,0,0.565884242104517,0,0,0,0.00565884242104517,0,0,0.116006269631426,0.00565884242104517,0,8.48826363156775,0,0,0,0,0,0,0,0,0,0,0,0.00848826363156775,0,0,0,0,0,0,0,0,0.0452707393683613,0,0.183912378683968,0,0,0,0,0,0,0,0,0,0,0,0.0282942121052258,0,0,0,0,0,0,0,0.00282942121052258,0,0,0,0,0,0,0,0,0,0,0.00282942121052258,0.0113176848420903,0,0,0,0,0,0,0,0,0,0,0,0,0,0,0,0,0,0.00565884242104517,0,0,0.00565884242104517,0,0.00565884242104517,0,0,0,0,0,0,0,0,0,0,0,0,0,0,0,0,0,0,0,0,0,0,0,0.00565884242104517,0,0,0,0,0,0,0,0.00282942121052258,0,0,0,0,0,0,0,0.0113176848420903,0,0,0,0,0,0,0,0,0,0,0,6.22472666314968,0,0,0,0,0,0,0,0,0,0,0,0,0,0,0,0,0,0,0,0,0,0,0,0,0,0,0,0,0,0,0,0,0,0,0,0,0,0,0.0198059484736581,0,0,0,0,0,0,0,0,0.0198059484736581,0,0,0,0,0,0,0,0.00282942121052258,0,0,0,0,0,0,0,0,0,0,0,0,0,0,0,0,0,0,0,0,0,0,0,0,0,0,0,0,0,0,0,0,0,0,0,0,0,0,0,0,0,0,0.00565884242104517,0,0,0,0,0,0,0,0,0,0,0,0,0,0,0,0,0,0,0,0,0,0,0,0,0,0.00282942121052258,0,0,0,0,0,0,0,0,0,0,0,0,0,0,0,0,0,0,0,0,0,0,0,0.335669217512441,0,0,2.39664518087773,0,0,0,0,1.12811618212596,0,0,0,0,0,3.01664636246696,0,0,0,0,0,0,0,0,0,0,0,0,0,0.121687747422155,0,0,0,0,0,0,0,0,0,0,0,0,0,0,1.45431118452377,1.18530251984847,0,0,0,0,0.0988961578173766,0,0,0.380693049823996,0,0,0,0,0,0,0,0,0,0,0.949279445308405,4.73052013213878,0,0,0,0,0,0,0,0,0,0,0,0,0.409858463646429,0,0,0,0,0,0,1.64475209870772,0,0,0.427074550338689,0,0,0,0,0,0,0,0,0,0,0,0,0,0,0,3.27679759091424,0,0,0,0.534082517909349,0,0,0,0,0.466350716379101,26.0845814299712,0,0,0,0,0,0,0,0,0,2.90361699470212,0,0,0,0,0,0,0,0,0,0,0,0,0,0,0,0,0,0,0,0,0,0,0,0,0,0,0,0,0,0,0,0,0,0,0.179111292414106,0.291266278253616,0,0,0,0,0,0,0,0,0,0,0,0,0,0,0,0,0,0,0,0,0,0,0,0,0,0,0,0,0,0.43208404578354,0,0,0,0,0,0,0,0,0,0,0,0,0,0,0.0798091933332315,0,0,0,0,0,0,0,0,0,0,0,0.871739541524959,0,0,0,0.179862911047468,0,0,0,0,0.0090164579608467,0.553987521217273,2.96798885833764,0,0,0,0,0,0,0,0,0,0,0,0,0,0,0,0,0,0,0,0,0,0,0,0,0,0,0,0,0,0,0,0,0,0,0,0,0,0,0,19.6701715734494,0,0,0,0,0,0,0,0,0.122230996294576,0,0,0,0,0,0,0,0,0,0.416746386469692,0,0,0,0,0,0,1.05657708918289,0,0,0,0,0,0,0,0,0,0,0,0,0,0,0,0,0,0,0,0,0,0,0,0,0,0,0,1.062105870469,0,0,0,0,0,0,0,0,0,0,0,0,0,0,0,0,0,0,0,0,0,0,0,0,0.0255971939885106,0,0,0,0.0048155202490365,0,0,0,0,0,0,0,0,0.512835423828429,0,0,0,27.8961528535153,0,0,20.5825914881551,3.54832318444612,0,6.03734824348283,0,0,0,0,0,0,0,0,0,0,0,1.42391916796261,0,0,0,0,0,0,0,0,8.31550523659061,0,29.4052254349977,0,0,0,0,0,0,0,0,0,0,0,61.3615149675501,0,0,0,0,0,0,0,7.99409020778355,0,0,0,0,0,0,0,0,0,0,0.38199323395124,1.80922981998202,0,0,0,0,0,0,0,0,0,0,0,0,0,0,0,0,0,0.220280824324715,0,0,1.07403812940352,0,0.336821176712581,0,0,0,0,0,0,0,0,0,0,0,0,0,0,0,0,0,0,0,0,0,0,0,0.0240583026581916,0,0,0,0,0,0,0,0.00713669114916889,0,0,0,0,0,0,0,3.37990095178853,0,0,0,0,0,0,0,0,0,0,0,4.77832371090933,0,0,0,0,0,0,0,0,0,0,0,0,0,0,0,0,0,0,0,0,0,0,0,0,0,0,0,0,0,0,0,0,0,0,0,0,0,0,2.71816750151051,0,0,0,0,0,0,0,0,3.70767355426879,0,0,0,0,0,0,0,2.65116174036662,0,0,0,0,0,0,0,0,0,0,0,0,0,0,0,0,0,0,0,0,0,0,0,0,0,0,0,0,0,0,0,0,0,0,0,0,0,0,0,0,0,0,0.268541498859183,0,0,0,0,0,0,0,0,0,0,0,0,0,0,0,0,0,0,0,0,0,0,0,0,0,16.8506909083949,0,0,0,0,0,0,0,0,0,0,142.7660025,143.0410025,143.1890024,143.5412024,139.9355024,154.2818027,140.5641024,141.5811025,155.5164027,159.5164028,146.9760026,"JAR-00201"
"372",4879,"nSPC",2012,"PRIAs","Pacific Remote Island Areas","Jarvis","Jarvis",2012,"ForereefShallow","Jarvis","2012-05-06","Forereef","Shallow",-0.36924806,-159.98424388,4.35,3.5,0,17.5,67.5,11.5,0,0,0,NA,0.33875,0.270861240375037,1.25,2,1,0,2.27104139440689,1.5572049966664,1.63143953929055,5.45968593036385,0,0,0,0,0,0,0,0,0,0,0,0,0,0,0,0,0,0,0,0,0,0,0,0,0,0,0,0.00565884242104517,0,0,0,0,0,0,0,0,0,0,0,0,0,0,0,0,0,0,0,0,0,0,0,0,0,0,0,0,0,0,0,0,0,0,0,0,0,0,0,0,0,0,0,0,0,0,0,0,0,0,0,0,0,0,0.113176848420903,0,0,0,0,0,0,0,0,0,0,0,0,0,0,0,0,0,0,0,0,0,0,0,0,0,0,0,0,0,0,0,0,0,0,0,0,0,0,0,0,0,0,0,0,0,0,0,0,0,0,0,0,0,0,0,0,0.282942121052258,0,0,0,0,0,0,0,0,0,0,0,0,0,0,0,0,0,0,0,0,0,0,0,0,0,0,0,0,0,0,0,0,0,0,0,0,0,0,0,0,0,0,0,0,0,0,0,0,0,0,0,0,0,0,0,0,0,0,0,0,0,0,0,0,0.495148711841452,0,0,0,0,0,0,0,0,0.00282942121052258,0,0,0,0,0.0113176848420903,0,0,0,0,0,0,0,0.116006269631426,0,0,0,0,0,0,0,0,0,0,0,0,0,0,0.00282942121052258,0,0,0,0,0,0,0,0,0,0,0,0,0,0,0,0,0,0,0,0,0,0,0,0,0,0,0,0,0,0,0,0,0,0,0,0,0,0,0,0,0,0,0,0,0,0,0,0,0,0,0,0,0,0,0,0,0,0,0.00565884242104517,0,0,0,0,0,0,0,0,0,0,0,0,0,0,0,0,0,0,0,0,0,0,0,0,0,0,0,0,0,0,0,0,0,0,0,0,0,0,0,0,0,0,0,0,0,0,0,0,0,0,0,0,0,0,0,0,0,0,0,0,0,0,0,0,0,0,0,0,0,0,0,0,0,0,0,0,0,0,0,0,0,0,0,0,0,0,0,0,0,0,0,0,0,0,0.00282942121052258,0,0,0,0,0,0,0,0,0,0,0,0,0,0,0,0,0,0,0,0,0,0,0,0,0,0,0,0,0,0,0,0,0,0,0,0,0,0,0,0,0,0,0,0,0,0,0,0,0,0,0,0,0,0,0,0,0,0,0,0,0,0,0,0,0,0,0,0,0,0,0,0,0,0,0,0,0,0,0,0,0,0,0,0,0.00565884242104517,0,0,0,0.0141471060526129,0,0,0,0,0,0,0.00282942121052258,0,0,0,0,0,0,0,0,0,0,0,0,0,0,0,0,0,0,0,0,0,0,0,0,0,0,0,0,0,0,0,0,0,0,0,0,0,0,0,0,0,0,0,0,0,0,0,0,0,0,0,0,0,0,0,0,0,0,0,0.00282942121052258,0,0,0,0,0,0,0,0,0,0,0,0,0,0,0,0,0,0,0,0,0,0,0,0,0,0,0,0,0,0,0,0,0,0,0,0,0,0,0,0,0,0,0,0,0,0,0,0,0,0,0,0.0650766878420194,0,0,0.00565884242104517,0,0,0,0,0,0,0,0,0,0,0,0,0,0,0,0,0.285771542262781,0,0,0,0,0,0,0,0.1754241150524,0,0,0,0,0,0,0,0,0,0,0,0,0,0,0,0,0,0,0,0,0,0,0,0,0,0,0,0,0,0,0,0,0,0,0,0,0,0,0,0,0,0,0,0.0205509830525834,0,0,0,0,0,0,0,0,0,0,0,0,0,0,0,0,0,0,0,0,0,0,0,0,0,0,0,0,0,0,0,0,0,0,0,0,0,0,0,0,0,0,0,0,0,0,0,0,0,0,0,0,0,0,0.0932245709828192,0,0,0,0,0,0,0,0,0,0,0,0,0,0,0,0,0,0,0,0,0,0,0,0,0,0,0,0,0,0,0,0,0,0,0,0,0,0,0,0,0,0,0,0,0,0,0,0,0,0,0,0,0,0,0,0,0.305136101027598,0,0,0,0,0,0,0,0,0,0,0,0,0,0,0,0,0,0,0,0,0,0,0,0,0,0,0,0,0,0,0,0,0,0,0,0,0,0,0,0,0,0,0,0,0,0,0,0,0,0,0,0,0,0,0,0,0,0,0,0,0,0,0,0,0.709550933490011,0,0,0,0,0,0,0,0,0.0151877595770033,0,0,0,0,0.0191381242923082,0,0,0,0,0,0,0,0.130144988819753,0,0,0,0,0,0,0,0,0,0,0,0,0,0,0.393081010859707,0,0,0,0,0,0,0,0,0,0,0,0,0,0,0,0,0,0,0,0,0,0,0,0,0,0,0,0,0,0,0,0,0,0,0,0,0,0,0,0,0,0,0,0,0,0,0,0,0,0,0,0,0,0,0,0,0,0,0.0186028208457239,0,0,0,0,0,0,0,0,0,0,0,0,0,0,0,0,0,0,0,0,0,0,0,0,0,0,0,0,0,0,0,0,0,0,0,0,0,0,0,0,0,0,0,0,0,0,0,0,0,0,0,0,0,0,0,0,0,0,0,0,0,0,0,0,0,0,0,0,0,0,0,0,0,0,0,0,0,0,0,0,0,0,0,0,0,0,0,0,0,0,0,0,0,0,0.690217876139193,0,0,0,0,0,0,0,0,0,0,0,0,0,0,0,0,0,0,0,0,0,0,0,0,0,0,0,0,0,0,0,0,0,0,0,0,0,0,0,0,0,0,0,0,0,0,0,0,0,0,0,0,0,0,0,0,0,0,0,0,0,0,0,0,0,0,0,0,0,0,0,0,0,0,0,0,0,0,0,0,0,0,0,0,0.0156076608302934,0,0,0,0.0361045941939586,0,0,0,0,0,0,0.00722091883879172,0,0,0,0,0,0,0,0,0,0,0,0,0,0,0,0,0,0,0,0,0,0,0,0,0,0,0,0,0,0,0,0,0,0,0,0,0,0,0,0,0,0,0,0,0,0,0,0,0,0,0,0,0,0,0,0,0,0,0,0.262412010841709,0,0,0,0,0,0,0,0,0,0,0,0,0,0,0,0,0,0,0,0,0,0,0,0,0,0,0,0,0,0,0,0,0,0,0,0,0,0,0,0,0,0,0,0,0,0,0,0,0,0,0,0.279625063791187,0,0,0.036364155165184,0,0,0,0,0,0,0,0,0,0,0,0,0,0,0,0,1.16312978890647,0,0,0,0,0,0,0,1.26438656870956,0,0,0,0,0,0,0,0,0,0,0,0,0,0,0,0,0,102.3362017,97.91810171,102.9249017,103.0394017,88.81640152,109.9867019,94.44540164,95.61260169,100.7674018,97.73050169,104.3760019,"JAR-00257"
"373",4880,"nSPC",2012,"PRIAs","Pacific Remote Island Areas","Jarvis","Jarvis",2012,"ForereefShallow","Jarvis","2012-05-06","Forereef","Shallow",-0.37295194,-159.98390852,4.6,15,0,22.5,30,27.5,5,0,0,NA,0.699,0.528725034431482,3.25,2,1,5.96975400592909,9.41769023887279,51.2685758792679,17.2855264832912,83.941546607361,26.8048755279157,0,0,0,0,0,0.0141471060526129,0,0,0,0,0,0,0,0,0,0,0.033953054526271,0.00848826363156775,0,0,0,0,0,0,0,0,0,0,0,0,0,0,0,0,0,0,0,0,0,0,0,0.00282942121052258,0,0,0,0,0,0.00848826363156775,0,0,0,0,0,0,0,0,0,0,0,0,0,0,0,0,0,0,0,0,0,0.00282942121052258,0,0,0,0,0,0,0,0,0,0,0,0,0,0,0,0,0,0,0,0,0,0,0,0,0,0,0,0,0,0,0.00282942121052258,0,0,0,0,0,0,0,0,0,0,0,0,0,0,0,0.00565884242104517,0,0,0,0,0,0,0,0,0,0,0,0,0,0,0,0,0,0,0,0,0,0,0,0,0,0,0,0,0,0,0,0,0,0,0,0,0,0,0,0,0,0,0,0,0,0,0,0,0,0,0,0,0,0,0,0.033953054526271,0,0,0,0,0,0,0,0.00565884242104517,0,0,0,0,0,0,0,0,0,0,0,0,0,0,0,0,0,0,0,0,0,0,0.268795014999645,0,0,0,0,0,0,0,0,0,0,0,0,0,0.0113176848420903,0.00282942121052258,0,0,0,0,0,0,0.0481001605788839,0,0,0,0,0,0,0,0,0,0,0,0,0,0,0.0198059484736581,0,0.0990297423682904,0,0,0,0,0,0,0,0,0,0,0,0,0,0,0,0,0,0,0,0,0,0,0,0,0,0,0,0,0,0,0,0,0,0,0,0,0,0,0,0,0,0,0,0,0,0,0,0,0,0,0,0,0,0,0,0,0.00282942121052258,0,0,0,0,0,0,0,0,0,0,0,0,0,0,0,0,0,0,0,0.00565884242104517,0,0,0,0,0,0.0169765272631355,0,0,0,0,0,0,0,0,0,0,0,0,0,0,0,0,0,0,0,0,0,0,0,0,0,0,0,0,0,0,0,0,0,0,0,0,0,0.00848826363156775,0,0,0,0,0,0,0,0,0,0,0,0,0,0,0,0.00282942121052258,0,0,0,0,0,0,0,0,0,0,0,0,0,0.00565884242104517,0.00282942121052258,0,0,0,0,0,0,0,0,0.0169765272631355,0,0,0,0,0,0,0,0,0,0,0,0,0,0,0,0,0,0,0,0,0,0,0,0,0,0,0,0,0,0,0,0,0,0,0,0,0,0,0,0,0,0,0,0,0,0,0,0,0,0,0,0,0,0,0,0,0,0,0,0,0,0,0,0,0,0,0,0,0,0,0,0,0,0,0,0.0311236333157484,0,0,0,0.0113176848420903,0,0,0,0,0,0,0.0141471060526129,0,0,0,0.00565884242104517,0,0,0,0,0,0,0,0,0,0,0,0,0,0,0,0,0,0,0,0,0,0,0,0,0,0,0,0,0,0,0,0,0,0,0,0,0,0,0,0,0,0,0,0,0,0,0,0,0,0,0,0,0,0,0,0,0,0,0,0,0,0,0,0,0,0,0,0,0,0,0,0,0,0,0.0113176848420903,0,0,0,0,0,0,0,0,0,0.00565884242104517,0,0,0,0,0,0,0,0,0,0,0,0,0,0,0,0,0,0,0,0,0,0,0.16410643021031,0,0.00565884242104517,0.00848826363156775,0,0.00848826363156775,0,0,0,0,0.00282942121052258,0,0,0,0,0,0,0,0,0,0.254647908947033,0,0,0,0.00565884242104517,0,0,0,0.130153375684039,0,0,0,0,0,0,0,0,0,0,0,0,0,0,0,0,0,0,0,0,0,0,3.31806225357983,0,0,0,0,0,0,0,0,0,0,2.55814630409648,0.130524055409679,0,0,0,0,0,0,0,0,0,0,0,0,0,0,0,0,0,0,0,0,0,0,0,0.316340609021267,0,0,0,0,0,0.0486371882745316,0,0,0,0,0,0,0,0,0,0,0,0,0,0,0,0,0,0,0,0,0,11.3436055965199,0,0,0,0,0,0,0,0,0,0,0,0,0,0,0,0,0,0,0,0,0,0,0,0,0,0,0,0,0,0,0.367235344118342,0,0,0,0,0,0,0,0,0,0,0,0,0,0,0,5.96975400592909,0,0,0,0,0,0,0,0,0,0,0,0,0,0,0,0,0,0,0,0,0,0,0,0,0,0,0,0,0,0,0,0,0,0,0,0,0,0,0,0,0,0,0,0,0,0,0,0,0,0,0,0,0,0,0,0.0398574907083895,0,0,0,0,0,0,0,0.666401551833678,0,0,0,0,0,0,0,0,0,0,0,0,0,0,0,0,0,0,0,0,0,0,0.555157906295426,0,0,0,0,0,0,0,0,0,0,0,0,0,0.0234487526777128,0.353125348295029,0,0,0,0,0,0,0.149075024458399,0,0,0,0,0,0,0,0,0,0,0,0,0,0,2.1150937639925,0,14.8373686327552,0,0,0,0,0,0,0,0,0,0,0,0,0,0,0,0,0,0,0,0,0,0,0,0,0,0,0,0,0,0,0,0,0,0,0,0,0,0,0,0,0,0,0,0,0,0,0,0,0,0,0,0,0,0,0,0,0.0569174580230593,0,0,0,0,0,0,0,0,0,0,0,0,0,0,0,0,0,0,0,0.120459484226507,0,0,0,0,0,0.0774452197216978,0,0,0,0,0,0,0,0,0,0,0,0,0,0,0,0,0,0,0,0,0,0,0,0,0,0,0,0,0,0,0,0,0,0,0,0,0,0.0331214508792389,0,0,0,0,0,0,0,0,0,0,0,0,0,0,0,1.26134172687095,0,0,0,0,0,0,0,0,0,0,0,0,0,5.83236282792137,0.387383452121338,0,0,0,0,0,0,0,0,2.15500782298969,0,0,0,0,0,0,0,0,0,0,0,0,0,0,0,0,0,0,0,0,0,0,0,0,0,0,0,0,0,0,0,0,0,0,0,0,0,0,0,0,0,0,0,0,0,0,0,0,0,0,0,0,0,0,0,0,0,0,0,0,0,0,0,0,0,0,0,0,0,0,0,0,0,0,0,0.26147080078494,0,0,0,0.0526547190690483,0,0,0,0,0,0,0.0658183988363104,0,0,0,0.0149945477176265,0,0,0,0,0,0,0,0,0,0,0,0,0,0,0,0,0,0,0,0,0,0,0,0,0,0,0,0,0,0,0,0,0,0,0,0,0,0,0,0,0,0,0,0,0,0,0,0,0,0,0,0,0,0,0,0,0,0,0,0,0,0,0,0,0,0,0,0,0,0,0,0,0,0,14.127384348334,0,0,0,0,0,0,0,0,0,12.6774911795817,0,0,0,0,0,0,0,0,0,0,0,0,0,0,0,0,0,0,0,0,0,0,0.788169037875918,0,0.0498638965407747,0.0545462327477759,0,0.0595131954788278,0,0,0,0,0.546053986454191,0,0,0,0,0,0,0,0,0,0.699135834014078,0,0,0,0.08630446040306,0,0,0,1.74227269880349,0,0,0,0,0,0,0,0,0,0,0,0,0,0,0,0,0,90.35110159,81.36360138,73.82140127,82.23020137,89.97750152,104.6103018,93.23240163,86.20080153,99.88240179,103.6161018,97.85690171,"JAR-00266"
"374",4882,"nSPC",2012,"PRIAs","Pacific Remote Island Areas","Jarvis","Jarvis",2012,"ForereefShallow","Jarvis","2012-05-06","Forereef","Shallow",-0.38138883,-159.99999381,6.85,15,0,2.5,2,80.5,0,0,0,NA,0.23375,0.234183541335932,1.25,2,1,32.4290504706283,2.09995225657558,97.8072562424646,7.07635993429561,139.412618903964,20.0185065705031,0,0,0,0,0,0.0198059484736581,0,0.00282942121052258,0,0.00282942121052258,0,0,0.0198059484736581,0,0.00848826363156775,0,0.127323954473516,0,0,0.0113176848420903,0,0.00282942121052258,0,0,0,0,0.1754241150524,0,0,0,0,0,0,0,0,0,0,0,0,0,0,0.00282942121052258,0,0,0,0,0,0,0,0,0,0,0,0,0,0,0.00282942121052258,0,0,0,0,0,0,0,0,0.00282942121052258,0,0,0,0,0,0,0,0,0,0,0,0,0,0,0,0,0,0,0,0,0,0,0,0,0,0,0,0,0,0,0,0,0,0,0,0,0,0,0,0,0,0,0,0,0,0,0,0,0,0,0,0,0,0,0.00282942121052258,0,0,0,0,0,0,0,0,0,0,0,0,0,0,0,0.0113176848420903,0,0,0,0,0,0,0,0.00565884242104517,0,0,0,0,0,0,0,0,0,0,0,0,0,0,0,0,0,0,0,0,0,0,0,0,0,0,0.00565884242104517,0,0,0,0.00565884242104517,0,0,0,0,0,0,0,0,0,0,0,0,0,0,0,0,0,0,0,0,0,0,0,0,0,0,0,0.905414787367227,0,0,0,0,0,0,0,0,0,0,0,0,0,0.00282942121052258,0,0,0,0.0113176848420903,0,0,0,0,0,0,0,0,0,0,0,0.00282942121052258,0,0,0,0,0,0.0113176848420903,0.0848826363156775,0,0.0169765272631355,0,0,0,0,0,0,0,0,0,0,0,0,0,0,0,0,0,0,0,0,0,0,0,0,0,0,0,0,0,0,0,0,0,0,0,0,0,0,0,0,0,0,0,0,0,0,0,0,0,0,0,0,0,0,0,0,0.00282942121052258,0,0,0,0,0,0,0,0,0,0,0,0,0,0,0,0,0,0,0,0.00282942121052258,0,0,0,0,0,0.00565884242104517,0,0,0,0,0,0,0,0,0.00282942121052258,0,0,0,0,0,0,0,0,0,0,0,0,0,0,0,0,0,0,0,0,0,0,0,0,0.00282942121052258,0,0,0,0.00848826363156775,0,0,0,0,0,0,0,0,0,0,0,0,0.00848826363156775,0,0,0,0,0,0,0,0,0,0,0,0,0,0,0,0,0,0.00848826363156775,0,0,0,0,0,0,0,0,0,0,0,0,0,0,0,0,0,0,0,0,0,0,0,0.0141471060526129,0,0,0,0,0,0,0,0,0,0,0,0,0,0,0,0,0,0,0,0,0,0,0,0,0,0,0,0,0,0,0,0,0,0,0,0,0.00282942121052258,0,0,0.00282942121052258,0,0,0,0,0,0,0,0,0,0,0,0,0,0,0,0,0,0,0,0,0.144300481736652,0,0,0,0.00565884242104517,0,0,0,0,0,0,0,0,0,0,0,0,0,0,0,0,0,0,0,0,0,0,0,0,0,0,0,0,0,0,0,0,0,0,0,0,0,0,0,0,0,0,0,0,0,0,0,0,0,0,0,0,0,0,0,0,0,0,0,0,0,0,0,0,0,0,0,0,0,0,0,0,0,0,0,0,0.00848826363156775,0,0,0,0,0,0,0,0,0.00565884242104517,0,0,0,0,0,0,0,0,0,0.00565884242104517,0,0,0,0,0.00848826363156775,0,0,0,0,0,0,0,0,0,0,0,0,0,0,0,0,0,0.121665112052471,0,0.00282942121052258,0.0452707393683613,0,0,0,0,0,0.00565884242104517,0,0,0,0,0,0,0,0,0,0,0.325383439210097,0,0,0,0,0,0,0,0.0763943726841098,0,0,0,0,0,0,0,0.00282942121052258,0,0,0,0,0,0,0,0,0,0,0,0,0,0,3.71906197464115,0,0.412529612494193,0,2.02983904897522,0,0,7.00317372384634,0,2.33770699976824,0,19.9073216631242,0,0,1.17725761870767,0,2.23056004539811,0,0,0,0,6.94804129161482,0,0,0,0,0,0,0,0,0,0,0,0,0,0,0.275134333221821,0,0,0,0,0,0,0,0,0,0,0,0,0,0,0.973501979377242,0,0,0,0,0,0,0,0,0.302549411351547,0,0,0,0,0,0,0,0,0,0,0,0,0,0,0,0,0,0,0,0,0,0,0,0,0,0,0,0,0,0,0,0,0,0,0,0,0,0,0,0,0,0,0,0,0,0,0,0,0,0,0,0,0,0,0.0416897372612917,0,0,0,0,0,0,0,0,0,0,0,0,0,0,0,0.72739299856316,0,0,0,0,0,0,0,0.486157350780733,0,0,0,0,0,0,0,0,0,0,0,0,0,0,0,0,0,0,0,0,0,0,0,0,0,0,0.281988661853712,0,0,0,0.358222584828211,0,0,0,0,0,0,0,0,0,0,0,0,0,0,0,0,0,0,0,0,0,0,0,0,0,0,0,1.5556101227029,0,0,0,0,0,0,0,0,0,0,0,0,0,0.0100874715797333,0,0,0,0.0234721597040568,0,0,0,0,0,0,0,0,0,0,0,0.179862911047468,0,0,0,0,0,1.31490098907519,16.2237546023597,0,1.95047097884097,0,0,0,0,0,0,0,0,0,0,0,0,0,0,0,0,0,0,0,0,0,0,0,0,0,0,0,0,0,0,0,0,0,0,0,0,0,0,0,0,0,0,0,0,0,0,0,0,0,0,0,0,0,0,0,0,0.104031106789106,0,0,0,0,0,0,0,0,0,0,0,0,0,0,0,0,0,0,0,0.164690365394844,0,0,0,0,0,0.00481680666879365,0,0,0,0,0,0,0,0,0.668848011723918,0,0,0,0,0,0,0,0,0,0,0,0,0,0,0,0,0,0,0,0,0,0,0,0,0.0136985311808475,0,0,0,0.0174821581108342,0,0,0,0,0,0,0,0,0,0,0,0,30.5498455752252,0,0,0,0,0,0,0,0,0,0,0,0,0,0,0,0,0,1.09923401671545,0,0,0,0,0,0,0,0,0,0,0,0,0,0,0,0,0,0,0,0,0,0,0,9.85044405522206,0,0,0,0,0,0,0,0,0,0,0,0,0,0,0,0,0,0,0,0,0,0,0,0,0,0,0,0,0,0,0,0,0,0,0,0,0.178309917462687,0,0,0.937922975227514,0,0,0,0,0,0,0,0,0,0,0,0,0,0,0,0,0,0,0,0,0.963341425160537,0,0,0,0.0263273595345241,0,0,0,0,0,0,0,0,0,0,0,0,0,0,0,0,0,0,0,0,0,0,0,0,0,0,0,0,0,0,0,0,0,0,0,0,0,0,0,0,0,0,0,0,0,0,0,0,0,0,0,0,0,0,0,0,0,0,0,0,0,0,0,0,0,0,0,0,0,0,0,0,0,0,0,0,1.15838315188369,0,0,0,0,0,0,0,0,5.28246825839775,0,0,0,0,0,0,0,0,0,8.63307025622267,0,0,0,0,6.10296805588271,0,0,0,0,0,0,0,0,0,0,0,0,0,0,0,0,0,1.11477648495875,0,0.0644086345908155,0.404514669254109,0,0,0,0,0,0.60052088479525,0,0,0,0,0,0,0,0,0,0,0.479933499281867,0,0,0,0,0,0,0,0.507500833078109,0,0,0,0,0,0,0,0.0147936000844129,0,0,0,0,0,0,0,0,0,75.94440137,72.49370121,72.77560125,72.11700124,87.88230151,85.5817015,86.10310151,87.0555015,95.80510167,110.745602,77.95040135,"JAR-00267"
"375",4883,"nSPC",2012,"PRIAs","Pacific Remote Island Areas","Jarvis","Jarvis",2012,"ForereefMid","Jarvis","2012-05-06","Forereef","Mid",-0.37730684,-159.97580314,9,14,0,5,22.5,57.5,1,0,0,NA,0.385,0.285762645388405,1.1,2,1,12.8304877479387,36.8232062476363,41.3468692613808,18.5389423386565,109.539505595612,15.6122993428119,0,0,0,0,0,0,0,0,0,0,0,0,0,0,0,0,0.15278874536822,0,0,0,0,0,0,0,0,0,0,0,0,0,0,0,0,0,0,0,0,0,0,0,0,0.00848826363156775,0,0,0,0,0,0,0,0,0,0,0,0,0,0,0,0,0,0,0,0,0,0,0,0.00282942121052258,0,0,0,0,0,0,0,0,0,0,0.00282942121052258,0,0,0,0,0,0,0,0,0,0,0,0,0,0.00282942121052258,0,0,0,0,0,0,0,0,0,0,0,0,0,0,0,0,0,0,0,0,0,0,0,0,0,0.00565884242104517,0,0,0,0.00565884242104517,0,0,0,0,0,0,0,0,0,0,0,0,0,0,0,0.00848826363156775,0,0,0,0,0,0,0,0,0,0,0,0,0,0,0,0,0,0,0,0,0,0,0,0,0,0,0,0,0,0,0,0,0,0,0,0,0,0,0,0,0,0,0,0.00565884242104517,0,0,0,0,0,0,0,0,0,0,0,0,0,0,0,0,0,0,0,0,0,0,1.69765272631355,0,0,0,0,0,0,0,0,0,0,0,0,0,0,0,0,0,0,0,0,0,0,0,0.00848826363156775,0,0,0,0,0,0.00848826363156775,0,0,0,0,0,0,0.0311236333157484,0,0,0,0,0,0,0,0,0,0,0,0,0,0,0,0,0,0,0,0,0,0,0,0,0,0,0,0,0,0,0,0,0,0,0,0,0,0,0,0,0,0,0,0,0,0,0,0,0,0,0,0,0,0,0,0,0,0,0.0141471060526129,0,0,0,0,0,0,0,0,0,0,0,0,0,0,0,0,0,0,0,0.00565884242104517,0,0,0,0,0,0,0,0,0,0,0,0,0,0,0.00282942121052258,0,0,0,0,0,0,0,0,0,0,0,0,0,0,0,0,0,0,0,0,0,0,0,0,0,0,0,0,0.00282942121052258,0,0,0,0,0,0,0,0,0,0,0,0,0.00565884242104517,0,0,0,0,0,0,0,0,0,0,0,0,0,0,0,0,0.0169765272631355,0.00565884242104517,0,0,0,0,0,0,0,0.00565884242104517,0,0,0,0,0,0,0,0,0,0,0,0,0,0,0,0,0,0,0,0,0,0,0,0,0,0,0,0,0,0,0,0,0,0,0,0,0,0,0.00282942121052258,0,0,0,0,0,0,0,0,0,0,0,0,0,0,0,0,0,0,0,0,0,0,0,0,0,0,0,0,0,0,0,0,0,0,0,0,0,0.110347427210381,0,0,0,0,0,0,0,0,0,0,0,0,0,0,0,0,0,0,0,0,0,0,0,0,0,0,0,0,0,0,0,0,0.0424413181578388,0,0,0,0,0,0.00282942121052258,0,0,0,0,0,0,0,2.12206590789194,0,0,0,0,0,0,0,0,0,0,0,0,0,0,0.282942121052258,0,0,0,0,0,0,0,0,0,0,0,0,0,0,0,0,0,0,0,0,0,0,0,0,0,0,0.00282942121052258,0.00565884242104517,0,0,0,0,0,0,0,0,0,0.00565884242104517,0,0,0,0,0,0,0,0,0,0,0,0,0,0,0,0,0,0,0,0,0,0,0.107518005999858,0,0,0,0,0,0,0,0,0,0,0,0,0,0,0,0,0,0,0,0.033953054526271,0,0,0,0,0,0,0,0.0594178454209743,0,0,0,0,0,0,0,0,0,0,0,0,0,0,0,0,0,0,0,0,0,0,0,0,0,0,0,0,0,0,0,0,0,16.9314173138699,0,0,0,0,0,0,0,0,0,0,0,0,0,0,0,0,0,0,0,0,0,0,0,0,0.239810424119052,0,0,0,0,0,0,0,0,0,0,0,0,0,0,0,0,0,0,0,0,0,0,0,0.250712791127551,0,0,0,0,0,0,0,0,0,0,0.96849148348127,0,0,0,0,0,0,0,0,0,0,0,0,0,0.293833304323468,0,0,0,0,0,0,0,0,0,0,0,0,0,0,0,0,0,0,0,0,0,0,0,0,0,3.22280520630863,0,0,0,0.0412580988084822,0,0,0,0,0,0,0,0,0,0,0,0,0,0,0,0.714464492411053,0,0,0,0,0,0,0,0,0,0,0,0,0,0,0,0,0,0,0,0,0,0,0,0,0,0,0,0,0,0,0,0,0,0,0,0,0,0,0,0,0,0,0,0.54947018315172,0,0,0,0,0,0,0,0,0,0,0,0,0,0,0,0,0,0,0,0,0,0,4.13904711202507,0,0,0,0,0,0,0,0,0,0,0,0,0,0,0,0,0,0,0,0,0,0,0,3.83921002936171,0,0,0,0,0,2.22965861061175,0,0,0,0,0,0,5.99196387355312,0,0,0,0,0,0,0,0,0,0,0,0,0,0,0,0,0,0,0,0,0,0,0,0,0,0,0,0,0,0,0,0,0,0,0,0,0,0,0,0,0,0,0,0,0,0,0,0,0,0,0,0,0,0,0,0,0,0,0.691054814508774,0,0,0,0,0,0,0,0,0,0,0,0,0,0,0,0,0,0,0,1.10789213380216,0,0,0,0,0,0,0,0,0,0,0,0,0,0,0.755985979686503,0,0,0,0,0,0,0,0,0,0,0,0,0,0,0,0,0,0,0,0,0,0,0,0,0,0,0,0,0.00785111761276115,0,0,0,0,0,0,0,0,0,0,0,0,8.89321804921907,0,0,0,0,0,0,0,0,0,0,0,0,0,0,0,0,6.36792993955969,1.64181026846223,0,0,0,0,0,0,0,0.515277738625139,0,0,0,0,0,0,0,0,0,0,0,0,0,0,0,0,0,0,0,0,0,0,0,0,0,0,0,0,0,0,0,0,0,0,0,0,0,0,0.184029903042103,0,0,0,0,0,0,0,0,0,0,0,0,0,0,0,0,0,0,0,0,0,0,0,0,0,0,0,0,0,0,0,0,0,0,0,0,0,1.06050137537439,0,0,0,0,0,0,0,0,0,0,0,0,0,0,0,0,0,0,0,0,0,0,0,0,0,0,0,0,0,0,0,0,0.0879146440848735,0,0,0,0,0,5.49245015543763,0,0,0,0,0,0,0,9.35846867657125,0,0,0,0,0,0,0,0,0,0,0,0,0,0,16.2971266420648,0,0,0,0,0,0,0,0,0,0,0,0,0,0,0,0,0,0,0,0,0,0,0,0,0,0,2.01795396046562,6.65639655777656,0,0,0,0,0,0,0,0,0,6.93794882456968,0,0,0,0,0,0,0,0,0,0,0,0,0,0,0,0,0,0,0,0,0,0,1.12812036387518,0,0,0,0,0,0,0,0,0,0,0,0,0,0,0,0,0,0,0,0.0574414947054242,0,0,0,0,0,0,0,0.867990033015644,0,0,0,0,0,0,0,0,0,0,0,0,0,0,0,0,0,140.3204025,138.0447024,139.5278023,139.5406024,136.8650023,151.7009027,137.4431024,138.1182024,151.7133027,156.0429028,144.6004026,"JAR-00242"
"376",4884,"nSPC",2012,"PRIAs","Pacific Remote Island Areas","Jarvis","Jarvis",2012,"ForereefMid","Jarvis","2012-05-06","Forereef","Mid",-0.37850327,-159.97727039,7.55,12.5,0,12.5,37.5,37.5,0,0,0,NA,0.3225,0.210502939651706,0.65,2,1,36.2976062033618,41.1575311471568,29.9631746697784,12.5050842258604,119.923396246157,12.4701755067204,0,0,0,0,0,0,0,0,0,0,0,0,0,0,0,0,0.0820532151051549,0,0,0,0,0,0,0,0,0,0,0,0,0,0,0,0,0,0,0,0,0,0,0,0,0,0,0,0,0,0,0,0,0,0,0,0,0,0,0,0.0113176848420903,0,0,0,0,0,0,0,0,0.00282942121052258,0,0,0,0,0,0,0,0,0,0,0.00282942121052258,0,0,0,0,0,0,0,0,0,0,0,0,0,0.00565884242104517,0,0,0,0,0,0,0,0,0,0,0,0,0,0,0,0,0,0,0,0,0,0,0,0,0,0.0113176848420903,0,0,0,0.00282942121052258,0,0,0,0,0,0,0,0,0,0,0,0,0,0,0,0.0113176848420903,0,0,0,0,0,0,0,0,0,0,0,0,0,0,0,0,0,0,0,0,0,0,0,0,0,0,0,0,0,0,0,0,0,0,0,0.0141471060526129,0,0,0,0,0,0,0,0,0,0,0,0,0,0,0,0,0,0,0,0,0,0,0,0,0,0,0,0,0,0,0.962003211577679,0,0,0,0,0,0,0,0,0,0,0,0,0,0,0,0,0,0.0226353696841807,0,0,0,0,0,0.00565884242104517,0,0,0,0,0,0,0,0,0,0,0,0,0.0424413181578388,0,0,0,0,0,0,0,0,0,0,0,0,0,0,0,0,0,0,0,0,0,0,0,0,0,0,0,0,0,0,0,0,0,0,0,0,0.00282942121052258,0,0,0,0,0,0,0,0,0,0,0,0.00565884242104517,0,0,0,0,0,0,0,0,0,0.00848826363156775,0,0,0,0,0,0,0,0,0,0,0.00282942121052258,0,0,0,0,0,0,0,0,0.00282942121052258,0,0,0,0,0,0,0,0,0,0,0,0,0,0,0.00565884242104517,0,0,0,0,0,0,0,0,0,0,0,0,0,0,0,0,0,0,0,0,0,0,0,0,0,0,0,0,0.00282942121052258,0,0,0,0,0,0,0,0,1.41471060526129,0,0,0,0.00565884242104517,0,0,0,0,0,0,0,0,0,0,0,0,0,0,0,0,0.0396118969473162,0.00848826363156775,0,0,0,0,0,0,0,0.00848826363156775,0,0,0,0,0,0,0,0,0,0,0,0,0,0,0,0,0,0,0,0,0,0,0,0,0,0,0,0,0,0,0,0,0,0,0,0,0,0,0.00282942121052258,0,0,0,0,0,0,0,0,0,0,0,0,0.00565884242104517,0,0.00282942121052258,0,0,0,0,0,0,0,0,0,0,0,0,0,0,0,0.00282942121052258,0,0,0,0,0,0,0.110347427210381,0,0,0,0,0,0,0,0,0,0,0,0,0,0,0,0,0,0,0,0,0.00282942121052258,0,0,0,0,0,0,0,0,0,0,0,1.69765272631355,0,0,0,0,0,0,0,0,0,0,0,0,0,2.97089227104871,0,0,0,0,0,0,0,0,0,0,0,0,0,0,0,0,0,0,0,0,0,0,0,0,0,0,0,0,0,0,0,0,0,0,0,0,0,0,0,0,0,0,0.00565884242104517,0,0,0,0,0,0,0,0,0,0.00282942121052258,0,0,0,0,0,0,0,0,0,0,0,0,0,0,0,0,0,0,0,0,0,0,0.0594178454209743,0,0,0.0113176848420903,0,0,0,0,0,0,0,0,0,0,0,0,0,0,0,0,0.0141471060526129,0,0,0,0,0,0,0,0.0763943726841098,0,0,0,0,0,0,0.00282942121052258,0,0,0,0,0,0,0,0,0,0,0,0,0,0,0,0,0,0,0,0,0,0,0,0,0,0,8.24959217398068,0,0,0,0,0,0,0,0,0,0,0,0,0,0,0,0,0,0,0,0,0,0,0,0,0,0,0,0,0,0,0,0,0,0,0,0,0,0,0,3.68019280076159,0,0,0,0,0,0,0,0,0.360700343066254,0,0,0,0,0,0,0,0,0,0,0.96849148348127,0,0,0,0,0,0,0,0,0,0,0,0,0,0.820955340235565,0,0,0,0,0,0,0,0,0,0,0,0,0,0,0,0,0,0,0,0,0,0,0,0,0,6.04987300483767,0,0,0,0.0416897372612917,0,0,0,0,0,0,0,0,0,0,0,0,0,0,0,0.701867816488954,0,0,0,0,0,0,0,0,0,0,0,0,0,0,0,0,0,0,0,0,0,0,0,0,0,0,0,0,0,0,0,0,0,0,0,0.0788389926100013,0,0,0,0,0,0,0,0,0,0,0,0,0,0,0,0,0,0,0,0,0,0,0,0,0,0,0,0,0,0,1.67751856497947,0,0,0,0,0,0,0,0,0,0,0,0,0,0,0,0,0,0.0697064404954492,0,0,0,0,0,4.04463608568606,0,0,0,0,0,0,0,0,0,0,0,0,6.66168855262005,0,0,0,0,0,0,0,0,0,0,0,0,0,0,0,0,0,0,0,0,0,0,0,0,0,0,0,0,0,0,0,0,0,0,0,0,0.81059698999809,0,0,0,0,0,0,0,0,0,0,0,0.238732414637843,0,0,0,0,0,0,0,0,0,0.686728412659995,0,0,0,0,0,0,0,0,0,0,0.742723067762178,0,0,0,0,0,0,0,0,0.236265071445519,0,0,0,0,0,0,0,0,0,0,0,0,0,0,2.124211740938,0,0,0,0,0,0,0,0,0,0,0,0,0,0,0,0,0,0,0,0,0,0,0,0,0,0,0,0,0.0119901315272546,0,0,0,0,0,0,0,0,4.82445176490448,0,0,0,19.8303879504529,0,0,0,0,0,0,0,0,0,0,0,0,0,0,0,0,18.5764219719229,1.42391916796261,0,0,0,0,0,0,0,1.60018339356401,0,0,0,0,0,0,0,0,0,0,0,0,0,0,0,0,0,0,0,0,0,0,0,0,0,0,0,0,0,0,0,0,0,0,0,0,0,0,0.184029903042103,0,0,0,0,0,0,0,0,0,0,0,0,2.09694970169037,0,0.39109720231686,0,0,0,0,0,0,0,0,0,0,0,0,0,0,0,0.154137813401397,0,0,0,0,0,0,1.28460740843181,0,0,0,0,0,0,0,0,0,0,0,0,0,0,0,0,0,0,0,0,0.624736203283387,0,0,0,0,0,0,0,0,0,0,0,4.37809500712788,0,0,0,0,0,0,0,0,0,0,0,0,0,9.83885377702665,0,0,0,0,0,0,0,0,0,0,0,0,0,0,0,0,0,0,0,0,0,0,0,0,0,0,0,0,0,0,0,0,0,0,0,0,0,0,0,0,0,0,7.16042373434835,0,0,0,0,0,0,0,0,0,5.30975177237201,0,0,0,0,0,0,0,0,0,0,0,0,0,0,0,0,0,0,0,0,0,0,0.905430691626028,0,0,0.140972399111928,0,0,0,0,0,0,0,0,0,0,0,0,0,0,0,0,0.0290298616199617,0,0,0,0,0,0,0,0.918999687425309,0,0,0,0,0,0,1.99391766905318,0,0,0,0,0,0,0,0,0,0,135.0484024,127.9268022,126.0685021,131.0739022,134.1206023,147.4123026,132.9491023,132.1167023,147.1405026,149.5061026,140.1425025,"JAR-00246"
"377",4885,"nSPC",2012,"PRIAs","Pacific Remote Island Areas","Jarvis","Jarvis",2012,"ForereefShallow","Jarvis","2012-05-06","Forereef","Shallow",-0.38206818,-160.00353391,6.55,35,0,5,3,55.5,1.5,0,0,NA,0.45,0.297601649711733,0.85,2,1,2.07748050994263,0.352160582404223,74.4075058201567,16.8266096628679,93.6637565753715,11.6946088078872,0,0,0,0,0,0,0,0,0,0,0,0,0.033953054526271,0,0,0,0.0905414787367227,0,0,0,0,0.0254647908947033,0,0,0,0,0.0565884242104517,0,0,0,0,0,0,0,0,0,0,0,0,0,0,0.0198059484736581,0,0,0,0,0,0,0,0,0,0,0,0,0,0,0,0,0,0,0,0,0,0,0,0.00282942121052258,0,0,0,0.00282942121052258,0,0,0,0,0,0,0.00565884242104517,0,0,0,0,0,0,0,0,0,0,0,0,0,0,0,0,0,0,0.00848826363156775,0,0,0,0,0.00282942121052258,0,0,0,0,0,0,0,0,0,0,0,0,0,0,0,0,0,0,0,0.00565884242104517,0,0,0,0,0,0,0,0,0,0,0,0,0,0,0,0.00848826363156775,0,0,0,0,0,0,0,0,0,0,0,0,0,0,0,0,0,0,0,0,0,0,0,0,0,0,0,0,0,0,0,0,0,0,0.00565884242104517,0,0,0,0,0,0,0,0,0,0,0,0,0,0,0,0,0,0,0,0,0,0,0,0,0.00282942121052258,0,0,0,0,0,0,0.186741799894491,0,0,0,0,0,0,0,0,0.00282942121052258,0,0,0,0,0,0,0,0,0.00848826363156775,0,0,0,0,0,0,0,0,0,0,0,0.00282942121052258,0,0,0,0,0,0,0.0481001605788839,0,0,0,0,0,0,0,0,0,0,0,0,0,0,0,0,0,0,0,0,0,0,0,0,0,0,0,0,0,0,0,0,0,0,0,0.00282942121052258,0,0,0,0,0,0,0,0,0,0,0,0,0,0,0,0,0,0,0,0,0,0,0.00565884242104517,0,0,0,0,0,0,0,0,0,0,0,0,0,0,0,0,0,0,0,0.00565884242104517,0,0,0,0,0,0.00565884242104517,0,0,0,0,0,0,0,0,0.00848826363156775,0,0,0,0,0,0,0,0,0,0,0,0,0,0,0,0,0,0,0,0,0,0,0,0,0.00282942121052258,0,0,0,0,0,0,0,0,0,0,0,0,0,0,0,0,0,0,0,0,0,0,0,0,0,0,0,0,0,0.00848826363156775,0,0,0,0,0.0113176848420903,0,0,0,0,0,0,0,0,0,0,0,0,0,0,0,0,0,0,0,0,0,0,0,0.00282942121052258,0,0,0,0,0,0,0,0,0,0,0,0,0,0,0,0,0,0,0,0,0,0,0,0,0,0,0,0,0,0,0.00282942121052258,0,0,0,0,0,0.00282942121052258,0.00565884242104517,0,0.00282942121052258,0,0,0,0,0,0,0,0,0,0,0,0,0,0,0,0,0,0,0,0,0.229183118052329,0,0,0,0,0,0,0,0,0,0,0,0,0,0,0,0,0,0,0,0,0,0,0,0,0,0,0,0,0,0,0,0,0,0,0,0,0,0,0,0,0,0,0,0,0,0,0,0,0,0,0,0,0,0,0,0,0,0,0,0,0,0,0,0,0,0,0,0,0,0,0.00282942121052258,0,0,0,0,0,0,0,0,0,0,0,0,0,0,0,0,0,0,0.00565884242104517,0,0,0,0,0,0,0,0,0,0.00282942121052258,0,0,0,0,0.00565884242104517,0,0,0,0,0,0,0,0,0,0,0,0,0,0,0,0,0,0.132982796894561,0,0.00565884242104517,0.0282942121052258,0,0,0,0,0,0.00282942121052258,0.00848826363156775,0,0,0,0,0,0,0,0,0,0,0,0,0,0,0,0,0,0.067906109052542,0,0.00282942121052258,0,0,0,0,0,0,0,0,0,0,0,0,0,0,0,0,0,0,0,0,0,0,0,0,0,0,0,16.4021547678192,0,0,0,13.3905792601051,0,0,0,0,16.2411409852496,0,0,0,0,2.89658082305406,0,0,0,0,0,0,0,0,0,0,0,0,0,0,2.33253664876848,0,0,0,0,0,0,0,0,0,0,0,0,0,0,0,0,0,0,0,0,0,0,0,0.302549411351547,0,0,0,2.07448282268359,0,0,0,0,0,0,1.51112301037031,0,0,0,0,0,0,0,0,0,0,0,0,0,0,0,0,0,0,0.096255341826635,0,0,0,0,1.26092385751765,0,0,0,0,0,0,0,0,0,0,0,0,0,0,0,0,0,0,0,0.0599594536876566,0,0,0,0,0,0,0,0,0,0,0,0,0,0,0,0.875494493115744,0,0,0,0,0,0,0,0,0,0,0,0,0,0,0,0,0,0,0,0,0,0,0,0,0,0,0,0,0,0,0,0,0,0,0.447063356309831,0,0,0,0,0,0,0,0,0,0,0,0,0,0,0,0,0,0,0,0,0,0,0,0,1.22900233167616,0,0,0,0,0,0,0.286740336085264,0,0,0,0,0,0,0,0,0.0234969447848196,0,0,0,0,0,0,0,0,0.0312613924304439,0,0,0,0,0,0,0,0,0,0,0,0.42634171507548,0,0,0,0,0,0,8.02621745177865,0,0,0,0,0,0,0,0,0,0,0,0,0,0,0,0,0,0,0,0,0,0,0,0,0,0,0,0,0,0,0,0,0,0,0,0.430092357641079,0,0,0,0,0,0,0,0,0,0,0,0,0,0,0,0,0,0,0,0,0,0,0.396921744266214,0,0,0,0,0,0,0,0,0,0,0,0,0,0,0,0,0,0,0,0.400955436840363,0,0,0,0,0,0.00940782552498759,0,0,0,0,0,0,0,0,2.02715523692193,0,0,0,0,0,0,0,0,0,0,0,0,0,0,0,0,0,0,0,0,0,0,0,0,0.0200421460218674,0,0,0,0,0,0,0,0,0,0,0,0,0,0,0,0,0,0,0,0,0,0,0,0,0,0,0,0,0,0.0217511755558924,0,0,0,0,2.00503004633964,0,0,0,0,0,0,0,0,0,0,0,0,0,0,0,0,0,0,0,0,0,0,0,1.87626843142393,0,0,0,0,0,0,0,0,0,0,0,0,0,0,0,0,0,0,0,0,0,0,0,0,0,0,0,0,0,0,0.0310176353076178,0,0,0,0,0,0.110140412162358,0.66175324702345,0,0.500467612637146,0,0,0,0,0,0,0,0,0,0,0,0,0,0,0,0,0,0,0,0,1.42710750361767,0,0,0,0,0,0,0,0,0,0,0,0,0,0,0,0,0,0,0,0,0,0,0,0,0,0,0,0,0,0,0,0,0,0,0,0,0,0,0,0,0,0,0,0,0,0,0,0,0,0,0,0,0,0,0,0,0,0,0,0,0,0,0,0,0,0,0,0,0,0,0.223588252710959,0,0,0,0,0,0,0,0,0,0,0,0,0,0,0,0,0,0,5.72560692988527,0,0,0,0,0,0,0,0,0,2.65326719912866,0,0,0,0,3.31573467887329,0,0,0,0,0,0,0,0,0,0,0,0,0,0,0,0,0,1.45414557857489,0,0.0654202463189594,0.233303479979672,0,0,0,0,0,0.300260442397625,0.932260914060503,0,0,0,0,0,0,0,0,0,0,0,0,0,0,0,0,0,0.597406823810949,0,0.330746814656351,0,0,0,0,0,0,0,0,0,0,0,0,0,0,0,77.4186014,73.53330123,74.39870127,73.66920127,89.38280154,87.27210152,87.54830154,88.26190153,97.6462017,113.168802,79.35160137,"JAR-00269"
"378",4886,"nSPC",2012,"PRIAs","Pacific Remote Island Areas","Jarvis","Jarvis",2012,"ForereefShallow","Jarvis","2012-05-06","Forereef","Shallow",-0.375579,-160.01323026,5.15,23.5,0,2.5,3.5,68,2.5,0,0,NA,0.60625,0.563331301792888,2.9,2,1,27.9762742298564,5.61330920185336,61.0522452718668,12.2820704806274,106.923899184204,16.76379180594,0,0,0,0,0,0,0,0.00282942121052258,0,0,0,0,0.0424413181578388,0,0,0,0.0650766878420194,0,0,0.00282942121052258,0,0,0,0,0,0,0,0,0,0,0,0,0,0,0,0,0,0,0,0,0,0.0396118969473162,0,0,0,0,0,0,0,0,0,0,0,0,0,0,0.00282942121052258,0,0,0,0,0,0,0,0,0.00282942121052258,0,0,0,0,0,0,0,0,0,0,0.00282942121052258,0,0,0,0,0,0,0,0,0,0,0,0,0,0.00282942121052258,0,0,0,0,0,0,0,0,0,0,0,0,0,0,0,0,0,0,0,0,0,0,0,0,0,0.00282942121052258,0,0,0,0.0141471060526129,0,0,0,0,0,0,0,0,0,0,0,0,0,0,0,0.0169765272631355,0,0,0,0,0,0,0,0,0,0,0,0,0,0,0,0,0,0,0,0,0,0,0,0,0,0,0,0,0,0,0,0,0,0,0.00565884242104517,0,0,0,0.00282942121052258,0,0,0,0,0,0,0,0,0,0,0,0,0,0,0,0,0,0,0,0,0,0,0,0,0,0,0,0.848826363156775,0,0,0,0,0,0,0,0,0,0,0,0,0,0.00282942121052258,0,0,0,0,0,0,0,0,0,0.00282942121052258,0,0,0,0,0,0,0,0,0,0,0,0,0.0198059484736581,0,0.0198059484736581,0,0,0,0,0,0,0,0,0,0,0,0,0,0,0,0,0,0,0,0,0,0,0,0,0,0,0.00282942121052258,0,0,0,0,0,0,0,0,0,0,0,0,0,0,0,0,0,0,0,0,0,0,0,0,0,0,0,0,0,0.00565884242104517,0,0,0,0,0,0,0,0,0,0,0,0,0,0,0,0,0,0,0,0.00565884242104517,0,0,0,0,0,0.0141471060526129,0,0,0,0,0,0,0,0,0.00565884242104517,0,0,0,0,0,0,0,0,0,0,0,0,0,0,0,0,0,0,0.0113176848420903,0,0,0,0,0,0,0,0,0,0.00848826363156775,0,0,0,0,0,0,0,0,0,0,0,0,0.00565884242104517,0,0,0,0,0,0,0,0,0,0,0,0,0.0141471060526129,0,0,0,0.0141471060526129,0.0141471060526129,0,0,0,0,0,0,0,0,0,0,0,0,0,0,0,0,0,0,0,0,0,0,0,0,0,0,0,0,0,0,0,0,0,0,0,0,0,0,0,0,0,0,0,0,0,0,0,0,0,0,0,0,0,0,0.00848826363156775,0,0,0,0,0,0,0,0,0.00282942121052258,0,0,0,0,0,0,0,0,0,0,0,0,0,0,0,0,0,0,0,0,0.198059484736581,0,0,0,0,0.00282942121052258,0,0,0,0,0,0,0,0,0,0,0,0,0,0,0,0.00282942121052258,0,0,0,0,0,0,0,0,0,0,0,0,0,0,0,0,0,0,0,0,0,0,0,0,0,0,0,0,0,0,0,0,0,0,0,0,0,0,0,0,0,0,0,0,0,0,0,0,0,0,0,0,0,0,0,0,0,0,0,0.00848826363156775,0,0,0,0,0,0,0,0,0.00282942121052258,0,0,0,0,0,0,0,0,0,0.00565884242104517,0,0,0,0,0.00282942121052258,0,0,0,0,0,0,0,0,0,0,0,0,0,0,0,0,0,0.178253536262923,0,0,0.0594178454209743,0,0,0,0,0,0,0,0,0,0,0,0,0,0,0,0,0.0424413181578388,0,0,0,0.00565884242104517,0,0,0.00282942121052258,0.0905414787367227,0,0,0,0,0,0,0,0,0,0,0,0,0,0,0,0,0,0,0,0,0,0,0,0,0.412529612494193,0,0,0,0,12.9533414564293,0,0,0,8.70852351993117,0,0,0.248738665322803,0,0,0,0,0,0,0,0,0,0,0,0,0,0,0,0,0,0,0,0,0,2.43910255453099,0,0,0,0,0,0,0,0,0,0,0,0,0,0,0.802140913183153,0,0,0,0,0,0,0,0,0.302549411351547,0,0,0,0,0,0,0,0,0,0,0.312297147030625,0,0,0,0,0,0,0,0,0,0,0,0,0,0.348824143200743,0,0,0,0,0,0,0,0,0,0,0,0,0,0,0,0,0,0,0,0,0,0,0,0,0,1.05377224459221,0,0,0,0.12184660190038,0,0,0,0,0,0,0,0,0,0,0,0,0,0,0,1.16708197123175,0,0,0,0,0,0,0,0,0,0,0,0,0,0,0,0,0,0,0,0,0,0,0,0,0,0,0,0,0,0,0,0,0,0,0.358222584828211,0,0,0,0.223531678154915,0,0,0,0,0,0,0,0,0,0,0,0,0,0,0,0,0,0,0,0,0,0,0,0,0,0,0,2.06952355601253,0,0,0,0,0,0,0,0,0,0,0,0,0,0.0159618386666463,0,0,0,0,0,0,0,0,0,1.07058249271299,0,0,0,0,0,0,0,0,0,0,0,0,2.84505817355165,0,2.67032329322614,0,0,0,0,0,0,0,0,0,0,0,0,0,0,0,0,0,0,0,0,0,0,0,0,0,0,0.540842917460736,0,0,0,0,0,0,0,0,0,0,0,0,0,0,0,0,0,0,0,0,0,0,0,0,0,0,0,0,0,0.15862882693818,0,0,0,0,0,0,0,0,0,0,0,0,0,0,0,0,0,0,0,0.400955436840363,0,0,0,0,0,0.142622634958812,0,0,0,0,0,0,0,0,1.14305080128599,0,0,0,0,0,0,0,0,0,0,0,0,0,0,0,0,0,0,12.082074530191,0,0,0,0,0,0,0,0,0,0.0276923667527769,0,0,0,0,0,0,0,0,0,0,0,0,24.4124361833885,0,0,0,0,0,0,0,0,0,0,0,0,0.0468085297962804,0,0,0,3.45108938069597,2.11142980167242,0,0,0,0,0,0,0,0,0,0,0,0,0,0,0,0,0,0,0,0,0,0,0,0,0,0,0,0,0,0,0,0,0,0,0,0,0,0,0,0,0,0,0,0,0,0,0,0,0,0,0,0,0,0,0.124334338536554,0,0,0,0,0,0,0,0,1.04859980178363,0,0,0,0,0,0,0,0,0,0,0,0,0,0,0,0,0,0,0,0,1.32087170247529,0,0,0,0,0.00668154817603593,0,0,0,0,0,0,0,0,0,0,0,0,0,0,0,0.319864936081094,0,0,0,0,0,0,0,0,0,0,0,0,0,0,0,0,0,0,0,0,0,0,0,0,0,0,0,0,0,0,0,0,0,0,0,0,0,0,0,0,0,0,0,0,0,0,0,0,0,0,0,0,0,0,0,0,0,0,0,1.15838315188369,0,0,0,0,0,0,0,0,1.82960179044299,0,0,0,0,0,0,0,0,0,13.5905071501202,0,0,0,0,1.34368286537678,0,0,0,0,0,0,0,0,0,0,0,0,0,0,0,0,0,1.59712939430085,0,0,0.537458416906979,0,0,0,0,0,0,0,0,0,0,0,0,0,0,0,0,0.0758270737314,0,0,0,0.0168691914134639,0,0,0.586256074820279,0.726248479821789,0,0,0,0,0,0,0,0,0,0,0,0,0,0,0,0,0,95.17180169,104.3954018,104.3527018,104.5941018,90.98090157,86.4262015,83.40150146,97.94360171,104.4709018,101.5153018,82.09730142,"JAR-00261"
"379",4892,"nSPC",2012,"PRIAs","Pacific Remote Island Areas","Kingman","Kingman",2012,"ForereefDeep","Kingman","2012-05-09","Forereef","Deep",6.37936323,-162.36778263,25,20,2.5,25,17.5,12.5,22.5,0,0,NA,0.51,0.422859930239806,1.5,2,1,58.7912808237223,80.221963493059,12.2157096776168,21.5294355040759,172.758389498474,5.93197204859653,0,0,0,0,0,0,0,0,0,0,0,0,0,0,0,0.0282942121052258,0.0169765272631355,0,0.00282942121052258,0,0,0,0,0,0,0.0141471060526129,0,0,0,0,0,0,0,0,0,0,0,0,0,0,0,0,0,0,0,0,0,0,0,0,0,0,0,0,0,0,0.00282942121052258,0,0,0,0,0,0,0,0,0,0,0,0,0,0,0,0,0.00282942121052258,0,0,0.00848826363156775,0,0,0,0,0,0,0.00282942121052258,0,0,0.00282942121052258,0,0,0,0,0,0,0,0,0,0,0,0,0,0,0,0,0,0,0,0,0,0,0,0,0,0,0,0,0.00282942121052258,0.00282942121052258,0,0,0,0.00565884242104517,0,0,0,0,0.00565884242104517,0,0,0,0,0,0,0,0,0,0,0.00848826363156775,0,0.00848826363156775,0,0,0,0,0,0.00565884242104517,0,0,0,0,0,0,0,0,0,0,0,0,0,0,0,0,0,0,0,0,0,0,0,0,0,0,0,2.4050080289442,0,0,0,0,0,0,0,0.0169765272631355,0,0.00565884242104517,0,0.00565884242104517,0,0,0,0,0,0,0.00565884242104517,0,0,0,0,0.00282942121052258,0,0,0,0,0,0,0.169765272631355,0,0,0,0,0.1754241150524,0.0565884242104517,0,0,0,0,0,0,0,0.0113176848420903,0,0,0,0,0,0,0,0,0,0,0,0,0,0,0,0,0,0,0,0.0113176848420903,0.00848826363156775,0,0.0198059484736581,0,0,0,0,0,0,0,0,0,0,0,0,0,0,0,0,0,0,0,0,0,0,0,0,0,0,0,0,0,0,0,0,0,0,0,0,0,0.00565884242104517,0,0,0,0,0,0,0,0,0,0,0.00282942121052258,0,0,0,0,0,0,0,0,0,0.00565884242104517,0,0,0,0,0,0,0,0,0,0,0,0,0,0,0,0,0,0,0,0.00282942121052258,0,0,0.0141471060526129,0,0,0.0282942121052258,0,0,0,0,0,0,0,0,0.00282942121052258,0,0,0,0,0,0,0,0,0,0,0,0,0,0,0,0,0,0,0,0,0,0,0,0.00282942121052258,0.0198059484736581,0,0,0,0.00565884242104517,0,0.00565884242104517,0,0,0,0,0,0,0,0,0,0,0.0452707393683613,0,0.00282942121052258,0,0,0,0,0,0,0,0,0,0,0,0,0,0,0.0141471060526129,0.00565884242104517,0.00848826363156775,0,0,0,0,0,0,0,0.0113176848420903,0,0.0565884242104517,0.0367824757367936,0,0,0,0,0,0,0,0,0.00565884242104517,0,0.0622472666314968,0.00282942121052258,0,0,0,0,0,0,0.00565884242104517,0,0,0,0,0,0.00565884242104517,0,0,0,0,0,0,0,0,0,0,0,0,0,0,0,0,0.0113176848420903,0.00565884242104517,0,0,0,0,0,0.0169765272631355,0,0,0.00282942121052258,0,0.00282942121052258,0,0,0,0,0,0,0,0,0,0,0,0.00848826363156775,0,0,0,0,0,0,0,0,0,0,0,0.00565884242104517,0,0,0,0,0,0,0,0,0,0,0,0,0,0,0,0,0,0,0,0,0,0,0,0,0,0,0,0,0,0,0,0,0,0,0,0,0,0,0,0,0.0537590029999291,0.0707355302630646,0,0,0,0,0,0,0,0,0,0,0,0,0,0,0,0,0,0,0,0,0,0,0,0,0,0,0,0,0,0,0,0,0,0.00848826363156775,0,0,0,0,0,0,0,0,0,0,0,0,0,0,0,0,0,0,0,0,0,0,0,0,0,0,0,0,0,0,0,0,0,0,0,0,0,0,0,0,0,0,0,0,0,0,0,0,0,0,0,0,0,0,0,0,0,0,0,0,0,0,0,0,0,0,0,0.0141471060526129,0,0,0,0,0,0,0,0,0,0,0,0,0,0,0,0,0,0,0,0,0,0,0,0,0,0,0,0,0,0,0,0,0,0,6.79009407209704,1.22165017842781,0,0.732672794478153,0,0,0,0,0,0,0.394329926441748,0,0,0,0,0,0,0,0,0,0,0,0,0,0,0,0,0,0,0,0,0,0,0,0,0,0,0,0,0,0,0.237671381683897,0,0,0,0,0,0,0,0,0,0,0,0,0,0,0,0,0.253655681861786,0,0,0.709347431440322,0,0,0,0,0,0,0.124690269762281,0,0,0.453881859319369,0,0,0,0,0,0,0,0,0,0,0,0,0,0,0,0,0,0,0,0,0,0,0,0,0,0,0,0,1.69389377377267,0.36136947706839,0,0,0,0.0433783964582779,0,0,0,0,0.0160851003891877,0,0,0,0,0,0,0,0,0,0,0.35527893728487,0,0.0059129244457501,0,0,0,0,0,0.583555502051457,0,0,0,0,0,0,0,0,0,0,0,0,0,0,0,0,0,0,0,0,0,0,0,0,0,0,0,5.82532556507232,0,0,0,0,0,0,0,1.45716295113165,0,0.134164658611633,0,0.163500585259839,0,0,0,0,0,0,4.23807827482385,0,0,0,0,0.868903692917113,0,0,0,0,0,0,0.226297108417596,0,0,0,0,0.578771652972211,0.0216195911408838,0,0,0,0,0,0,0,0.0191381242923082,0,0,0,0,0,0,0,0,0,0,0,0,0,0,0,0,0,0,0,0.718393738042528,0.270806722126888,0,1.04225120336435,0,0,0,0,0,0,0,0,0,0,0,0,0,0,0,0,0,0,0,0,0,0,0,0,0,0,0,0,0,0,0,0,0,0,0,0,0,5.60810818987237,0,0,0,0,0,0,0,0,0,0,0.0611154981472878,0,0,0,0,0,0,0,0,0,0.396921744266214,0,0,0,0,0,0,0,0,0,0,0,0,0,0,0,0,0,0,0,0.164690365394844,0,0,0.236030236245127,0,0,0.195381720502942,0,0,0,0,0,0,0,0,0.515183277548921,0,0,0,0,0,0,0,0,0,0,0,0,0,0,0,0,0,0,0,0,0,0,0,0.00785111761276115,0.0342984930280401,0,0,0,0.009631040498073,0,0.011212457896318,0,0,0,0,0,0,0,0,0,0,50.4704245444396,0,1.64018606137711,0,0,0,0,0,0,0,0,0,0,0,0,0,0,2.87598025807979,0.86202317477554,3.17670542486882,0,0,0,0,0,0,0,3.38287948368948,0,7.57534806374307,1.9250641097942,0,0,0,0,0,0,0,0,6.71613673155662,0,43.9514498588921,1.37647632095751,0,0,0,0,0,0,7.14741898272102,0,0,0,0,0,0.00486632153997779,0,0,0,0,0,0,0,0,0,0,0,0,0,0,0,0,1.00858524620606,0.0239892875797551,0,0,0,0,0,0.496187365305325,0,0,0.835403189273505,0,0.204600587358282,0,0,0,0,0,0,0,0,0,0,0,0.248027912140773,0,0,0,0,0,0,0,0,0,0,0,0.0261296657672941,0,0,0,0,0,0,0,0,0,0,0,0,0,0,0,0,0,0,0,0,0,0,0,0,0,0,0,0,0,0,0,0,0,0,0,0,0,0,0,0,0.405037341752044,0.127788994057405,0,0,0,0,0,0,0,0,0,0,0,0,0,0,0,0,0,0,0,0,0,0,0,0,0,0,0,0,0,0,0,0,0,1.3245001688062,0,0,0,0,0,0,0,0,0,0,0,0,0,0,0,0,0,0,0,0,0,0,0,0,0,0,0,0,0,0,0,0,0,0,0,0,0,0,0,0,0,0,0,0,0,0,0,0,0,0,0,0,0,0,0,0,0,0,0,0,0,0,0,0,0,0,0,0.170874687623327,0,0,0,0,0,0,0,0,0,0,0,0,0,0,0,0,0,0,0,29.23850046,29.76420052,30.25350055,22.32540039,28.30750048,29.17340049,29.91480054,36.06300064,37.70530067,38.50550068,17.94590033,"KIN-00187"
"380",4893,"nSPC",2012,"PRIAs","Pacific Remote Island Areas","Kingman","Kingman",2012,"ForereefMid","Kingman","2012-05-09","Forereef","Mid",6.38161688,-162.37681196,8.8,55,0,12.5,20,10,2.5,0,0,NA,0.4625,0.270357272110409,1,2,1,66.1659349351054,25.1669689496112,24.0721113987261,37.4171717604884,152.822187043931,15.3814939839311,0,0,0,0,0,0,0,0,0,0,0,0,0,0,0,0,0.0565884242104517,0,0,0.00565884242104517,0,0.00282942121052258,0,0,0.0113176848420903,0,0,0,0,0,0,0,0,0,0,0,0,0,0,0,0,0,0,0,0,0,0,0,0,0,0.00848826363156775,0,0,0,0,0,0.00848826363156775,0,0,0,0,0,0,0,0,0,0,0,0,0.00282942121052258,0,0,0,0.00282942121052258,0,0,0.00282942121052258,0,0,0,0,0,0,0,0,0,0.00848826363156775,0,0,0,0,0,0,0,0,0,0,0,0,0,0,0,0,0,0,0,0,0,0,0,0,0,0,0,0,0,0,0,0,0,0.0113176848420903,0,0,0,0,0.0113176848420903,0,0,0,0,0,0,0,0,0,0,0.0141471060526129,0,0,0,0,0,0,0,0.00282942121052258,0,0,0,0,0,0,0,0,0,0,0,0,0,0,0,0,0,0,0,0,0,0,0,0,0,0,0,1.41471060526129,0.0141471060526129,0,0,0,0,0,0,0,0,0,0,0,0,0,0,0,0,0,0.00848826363156775,0,0,0,0,0,0.00848826363156775,0,0,0,0,0,2.82942121052258,0,0,0,0,0.0452707393683613,0,0,0,0,0,0,0,0,0,0,0,0,0.00848826363156775,0,0,0,0.033953054526271,0,0,0,0,0,0,0,0,0,0,0,0.0367824757367936,0.0169765272631355,0,0.0169765272631355,0,0,0,0,0,0,0,0.147129902947174,0,0,0,0,0,0,0,0,0,0,0,0,0,0,0,0,0,0,0,0,0,0,0,0,0,0,0,0,0,0,0,0,0,0,0,0,0,0,0,0,0,0,0,0,0,0,0,0,0,0,0.0367824757367936,0,0,0,0,0,0,0,0,0,0,0,0,0,0,0,0,0,0,0,0,0,0,0,0,0,0.0254647908947033,0,0,0,0,0,0,0.00282942121052258,0,0.00282942121052258,0,0,0,0,0,0,0,0,0,0,0,0,0,0,0,0,0,0,0,0,0,0,0,0.00282942121052258,0.00848826363156775,0,0,0,0.0113176848420903,0,0,0,0,0,0,0,0,0,0,0,0,0.0424413181578388,0,0.00848826363156775,0,0,0,0,0,0,0,0,0,0,0,0,0,0,0.00282942121052258,0.00848826363156775,0.00565884242104517,0,0,0,0,0,0,0,0.00282942121052258,0,0.0735649514735872,0.0282942121052258,0,0,0,0,0,0,0,0,0,0,0.00282942121052258,0.00282942121052258,0,0,0,0,0,0,0,0,0,0,0,0,0,0,0,0,0,0,0,0,0,0,0,0,0,0,0,0,0,0.0113176848420903,0.0226353696841807,0,0,0,0,0,0.00282942121052258,0.00282942121052258,0,0.00282942121052258,0,0.00565884242104517,0,0,0,0,0,0.00565884242104517,0,0,0,0,0,0.0169765272631355,0,0,0,0,0,0,0.0537590029999291,0,0,0,0,0.107518005999858,0,0,0,0,0,0,0,0,0,0,0,0,0,0,0,0,0,0,0,0,0,0,0,0,0,0,0,0,0,0,0,0,0,0,0,0.0169765272631355,0,0,0,0.00282942121052258,0.0169765272631355,2.82942121052258,0,0,0,0,0,0,0,0,0,0,0,0,0,0,0,0,0,0,0,0,0,0,0,0,0,0,0,0,0,0,0,0,0,0,0,0,0,0,0,0,0,0,0,0,0,0,0,0,0,0,0,0,0,0,0,0,0,0,0,0,0,0,0,0,0,0,0,0,0,0,0,0,0,0,0,0.033953054526271,0,0,0,0,0,0,0,0,0,0,0,0,0,0,0,0,0,0,0,0,0,0,0,0,0.0113176848420903,0.00565884242104517,0,0.0254647908947033,0,0,0,0,0,0,0,0,0,0,0,0,0.00282942121052258,0,0,0,0,0,0,0,0,0,0,0,0,0,0,0,0,0,0,0,0,2.72342235806379,0,0,0.104339054102006,0,0.468452961248233,0,0,0.014479857818639,0,0,0,0,0,0,0,0,0,0,0,0,0,0,0,0,0,0,0,0,0,0,0,0,0,0.20209791763036,0,0,0,0,0,1.73054474788588,0,0,0,0,0,0,0,0,0,0,0,0,13.5053058875096,0,0,0,0.253655681861786,0,0,0.387383452121338,0,0,0,0,0,0,0,0,0,1.66202324677721,0,0,0,0,0,0,0,0,0,0,0,0,0,0,0,0,0,0,0,0,0,0,0,0,0,0,0,0,0,0,0,0,0,0.103337850145935,0,0,0,0,0.0535946784577985,0,0,0,0,0,0,0,0,0,0,0.826282297930585,0,0,0,0,0,0,0,0.243078675390366,0,0,0,0,0,0,0,0,0,0,0,0,0,0,0,0,0,0,0,0,0,0,0,0,0,0,0,4.93765690753749,13.1011734438932,0,0,0,0,0,0,0,0,0,0,0,0,0,0,0,0,0,2.28032054003784,0,0,0,0,0,0.643166790570799,0,0,0,0,0,3.76675186914451,0,0,0,0,0.147015983898648,0,0,0,0,0,0,0,0,0,0,0,0,0.0508004949550339,0,0,0,0.0444409441978236,0,0,0,0,0,0,0,0,0,0,0,1.18466593375644,0.272164320996608,0,1.13013793717427,0,0,0,0,0,0,0,0.486361359249151,0,0,0,0,0,0,0,0,0,0,0,0,0,0,0,0,0,0,0,0,0,0,0,0,0,0,0,0,0,0,0,0,0,0,0,0,0,0,0,0,0,0,0,0,0,0,0,0,0,0,1.00338992629157,0,0,0,0,0,0,0,0,0,0,0,0,0,0,0,0,0,0,0,0,0,0,0,0,0,0.150374683191402,0,0,0,0,0,0,0.372173419055529,0,0.38706482159949,0,0,0,0,0,0,0,0,0,0,0,0,0,0,0,0,0,0,0,0,0,0,0,0.0174192156537166,0.00655955138504161,0,0,0,0.0159547687601593,0,0,0,0,0,0,0,0,0,0,0,0,61.8646763337488,0,3.98122414281474,0,0,0,0,0,0,0,0,0,0,0,0,0,0,0.474639722654202,1.49277609562374,4.12383172559239,0,0,0,0,0,0,0,0.492860277831265,0,7.32819593208997,2.61122686471455,0,0,0,0,0,0,0,0,0,0,1.37006647369943,0.761078923321089,0,0,0,0,0,0,0,0,0,0,0,0,0,0,0,0,0,0,0,0,0,0,0,0,0,0,0,0,0,1.43333320490207,0.285861989994223,0,0,0,0,0,0.0126222754078381,0.0448203933684347,0,0.37361170425437,0,0.497018860042119,0,0,0,0,0,0.0620352706152356,0,0,0,0,0,0.92482688040838,0,0,0,0,0,0,0.464300578448565,0,0,0,0,0.786432648007595,0,0,0,0,0,0,0,0,0,0,0,0,0,0,0,0,0,0,0,0,0,0,0,0,0,0,0,0,0,0,0,0,0,0,0,0.126869832369227,0,0,0,0.200035814642207,0.145456172816058,9.38181848096835,0,0,0,0,0,0,0,0,0,0,0,0,0,0,0,0,0,0,0,0,0,0,0,0,0,0,0,0,0,0,0,0,0,0,0,0,0,0,0,0,0,0,0,0,0,0,0,0,0,0,0,0,0,0,0,0,0,0,0,0,0,0,0,0,0,0,0,0,0,0,0,0,0,0,0,0.286926004933641,0,0,0,0,0,0,0,0,0,0,0,0,0,0,0,0,0,0,0,0,0,0,0,0,0.201570710449671,0.160661135941131,0,0.500775581802818,0,0,0,0,0,0,0,0,0,0,0,0,0.157041434176719,0,0,0,0,19.05010029,18.74000035,18.02340031,14.48880026,19.30830033,18.1336003,21.75420039,26.35840046,22.41410039,25.05290044,11.58100022,"KIN-00204"
"381",4894,"nSPC",2012,"PRIAs","Pacific Remote Island Areas","Kingman","Kingman",2012,"ForereefShallow","Kingman","2012-05-09","Forereef","Shallow",6.38278523,-162.38639465,5.55,35,1,12.5,37.5,13,1,0,0,NA,0.44375,0.281196122998797,1.15,2,1,35.460561923855,12.3070181122952,23.8699361699135,70.3520062659638,141.989522472028,15.2920144253512,0,0,0,0,0,0,0,0,0,0,0,0,0,0,0,0,0.0509295817894065,0,0,0,0,0,0,0,0,0,0,0,0,0,0,0,0,0,0,0,0,0,0,0,0,0,0,0,0,0,0,0,0,0,0.00282942121052258,0,0,0,0,0,0,0,0,0,0,0,0,0,0,0,0,0,0,0,0,0,0,0,0,0,0,0,0,0,0,0,0,0,0,0,0.00565884242104517,0,0,0,0,0,0,0,0,0.00565884242104517,0,0.00282942121052258,0,0,0.00282942121052258,0,0,0,0,0,0.00282942121052258,0,0,0,0,0,0,0,0,0,0.00565884242104517,0,0,0,0.0169765272631355,0,0,0,0,0,0,0,0,0,0,0,0,0,0,0,0.00565884242104517,0,0,0,0,0,0,0,0,0,0,0,0,0,0,0,0,0,0,0,0,0,0,0,0,0,0,0,0,0,0,0,0,0,0,0,0.282942121052258,0.00565884242104517,0,0,0,0,0,0,0,0,0,0,0,0,0,0,0,0.00565884242104517,0,0,0,0,0,0,0.00282942121052258,0.00565884242104517,0,0,0,0,0,1.55618166578742,0,0,0,0,0.110347427210381,0,0,0,0,0,0,0,0,0,0,0,0,0,0,0,0,0.0565884242104517,0,0,0,0,0,0,0,0.00565884242104517,0,0,0,0.0367824757367936,0.00848826363156775,0,0.0169765272631355,0,0.0113176848420903,0,0,0,0,0,0.0537590029999291,0,0,0,0,0,0,0,0,0,0,0,0,0,0,0,0,0,0,0,0,0,0,0,0,0,0,0,0,0,0,0,0,0,0,0,0,0,0,0,0,0,0,0,0,0,0,0,0,0,0,0.0311236333157484,0,0,0,0,0,0,0,0,0,0,0,0,0,0,0,0,0,0,0,0.0226353696841807,0,0,0,0,0,0.00282942121052258,0,0,0,0,0,0,0,0,0.00565884242104517,0,0,0,0,0,0,0,0,0,0,0,0,0,0,0,0,0,0,0,0,0,0,0,0,0.00282942121052258,0,0,0,0.00848826363156775,0,0,0,0,0,0,0,0,0,0,0,0,0.0311236333157484,0,0.15278874536822,0,0,0,0,0,0,0,0,0,0,0,0,0,0,0.0169765272631355,0.00282942121052258,0.0113176848420903,0,0,0,0,0,0,0.0113176848420903,0.0141471060526129,0,0.00848826363156775,0.0113176848420903,0,0,0,0,0,0,0,0,0,0,0,0,0,0,0,0,0,0,0,0,0,0,0,0,0,0,0,0,0,0,0,0,0,0,0,0,0,0,0,0,0,0.00565884242104517,0.0226353696841807,0,0,0,0,0,0,0.00282942121052258,0,0,0,0.00565884242104517,0,0,0,0,0,0,0,0,0,0,0,0.00565884242104517,0,0,0,0,0,0,0.0650766878420194,0,0,0,0,0.116006269631426,0,0,0,0,0,0,0,0,0,0,0,0,0,0,0,0,0,0,0,0,0,0,0,0,0,0,0,0,0,0,0,0,0,0,0,0,0,0,0,0,0.00282942121052258,0.254647908947033,0,0,0,0,0,0,0,0,0,0,0,0,0,0,0,0,0,0,0,0,0,0,0,0,0,0,0,0,0,0,0,0,0,0.00848826363156775,0,0,0,0,0,0,0,0,0.00565884242104517,0,0,0,0,0,0,0,0,0,0.00282942121052258,0,0,0,0,0,0,0,0,0,0,0,0,0,0,0,0,0,0,0,0,0,0,0.0877120575262001,0,0,0,0,0,0,0,0,0,0,0,0,0,0,0,0,0,0,0,0.00282942121052258,0,0,0,0,0,0,0,0.124494533262994,0,0,0,0,0,0,0,0,0,0,0,0,0,0,0.00282942121052258,0,0,0,0,0,0,0,0,0,0,0,0,0,0,0,0,0,0,2.53339151607684,0,0,0,0,0,0,0,0,0,0,0,0,0,0,0,0,0,0,0,0,0,0,0,0,0,0,0,0,0,0,0,0,0,0.041592491794682,0,0,0,0,0,0,0,0,0,0,0,0,0,0,0,0,0,0,0,0,0,0,0,0,0,0,0,0,0,0,0,0,0,0,0,1.56838692852656,0,0,0,0,0,0,0,0,0.0677798999941944,0,2.01775028290388,0,0,0.728060981137984,0,0,0,0,0,0.158766764997638,0,0,0,0,0,0,0,0,0,3.39749876951768,0,0,0,0.120784511935247,0,0,0,0,0,0,0,0,0,0,0,0,0,0,0,0.332759733172894,0,0,0,0,0,0,0,0,0,0,0,0,0,0,0,0,0,0,0,0,0,0,0,0,0,0,0,0,0,0,0,0,0,0,0,0.278126446151949,6.17420523175611,0,0,0,0,0,0,0,0,0,0,0,0,0,0,0,0.217401603926528,0,0,0,0,0,0,0.0919896087094502,0.368940508251264,0,0,0,0,0,2.52211777284773,0,0,0,0,0.673039460161163,0,0,0,0,0,0,0,0,0,0,0,0,0,0,0,0,0.124725311022735,0,0,0,0,0,0,0,0.788781517995549,0,0,0,1.43749454466778,0.275848844790547,0,1.36942222175342,0,0.871824865764466,0,0,0,0,0,0.315869305966025,0,0,0,0,0,0,0,0,0,0,0,0,0,0,0,0,0,0,0,0,0,0,0,0,0,0,0,0,0,0,0,0,0,0,0,0,0,0,0,0,0,0,0,0,0,0,0,0,0,0,0.931762686084797,0,0,0,0,0,0,0,0,0,0,0,0,0,0,0,0,0,0,0,1.90643943161389,0,0,0,0,0,0.0192672266751746,0,0,0,0,0,0,0,0,0.330553357645964,0,0,0,0,0,0,0,0,0,0,0,0,0,0,0,0,0,0,0,0,0,0,0,0,0.00889828028477043,0,0,0,0.0174821581108342,0,0,0,0,0,0,0,0,0,0,0,0,30.6985861843293,0,47.2678942726427,0,0,0,0,0,0,0,0,0,0,0,0,0,0,4.14130725683516,0.312297147030625,9.38476170666003,0,0,0,0,0,0,1.14319689907644,1.79583985249141,0,1.0527110629119,0.678715037838999,0,0,0,0,0,0,0,0,0,0,0,0,0,0,0,0,0,0,0,0,0,0,0,0,0,0,0,0,0,0,0,0,0,0,0,0,0,0,0,0,0,0.704599899078991,0.562956429594375,0,0,0,0,0,0,0.327117337756217,0,0,0,0.951630999432841,0,0,0,0,0,0,0,0,0,0,0,0.369765174434112,0,0,0,0,0,0,0.584445190550356,0,0,0,0,0.877976936057121,0,0,0,0,0,0,0,0,0,0,0,0,0,0,0,0,0,0,0,0,0,0,0,0,0,0,0,0,0,0,0,0,0,0,0,0,0,0,0,0,0.0276693920656364,0.383234934168241,0,0,0,0,0,0,0,0,0,0,0,0,0,0,0,0,0,0,0,0,0,0,0,0,0,0,0,0,0,0,0,0,0,1.15838315188369,0,0,0,0,0,0,0,0,5.88540981080636,0,0,0,0,0,0,0,0,0,1.21464909988486,0,0,0,0,0,0,0,0,0,0,0,0,0,0,0,0,0,0,0,0,0,0,0.917958445093531,0,0,0,0,0,0,0,0,0,0,0,0,0,0,0,0,0,0,0,0.00580597232399234,0,0,0,0,0,0,0,1.46402034340767,0,0,0,0,0,0,0,0,0,0,0,0,0,0,0.387627671435247,0,0,0,0,0,0,0,0,0,0,0,0,0,"KIN-00217"
"382",4895,"nSPC",2012,"PRIAs","Pacific Remote Island Areas","Kingman","Kingman",2012,"ForereefShallow","Kingman","2012-05-09","Forereef","Shallow",6.38188703,-162.40539014,6.05,12.5,0,10,10,64,3.5,0,0,NA,0.25875,0.173276538721401,0.75,2,1,18.0187315147173,6.53089957066644,14.4583074648676,9.80528132781164,48.8132198780629,4.25965428970447,0,0,0,0,0,0,0,0,0,0,0,0,0,0,0,0,0.0113176848420903,0,0,0.0311236333157484,0,0.0198059484736581,0,0,0,0,0.0820532151051549,0,0,0,0,0,0,0,0,0,0,0,0,0,0,0,0,0,0,0,0,0.00848826363156775,0,0,0,0,0,0,0,0,0,0,0,0,0,0,0,0,0,0.00565884242104517,0,0,0,0,0,0,0,0,0,0,0.00282942121052258,0,0,0,0,0,0,0,0,0,0.00565884242104517,0,0,0,0,0,0,0,0,0,0,0,0,0,0,0,0,0,0,0,0,0,0,0,0,0,0,0,0,0,0,0,0,0,0,0,0,0,0,0,0,0,0,0,0,0,0,0,0,0,0,0,0,0,0,0,0,0,0,0,0,0,0,0,0,0,0,0,0,0,0,0,0,0,0,0,0,0,0,0,0.00565884242104517,0,0,0,0,0,0,0,0,0,0,0,0,0,0,0,0,0,0,0,0,0.00282942121052258,0,0,0,0,0,0,0,0,0,0,0,0,0,0,0,0.565884242104517,0,0,0,0,0,0,0,0,0,0,0,0,0,0,0,0,0,0,0,0,0,0,0,0,0,0.0792237938946324,0,0,0,0.0141471060526129,0,0,0,0,0,0,0.00565884242104517,0,0,0,0,0,0,0,0,0,0.0169765272631355,0,0,0,0,0,0,0,0,0,0,0,0,0,0,0,0,0,0,0.0141471060526129,0,0,0,0,0,0,0,0,0,0,0,0,0,0,0,0,0,0,0,0,0,0,0,0,0,0,0,0,0,0,0,0,0,0,0,0,0,0,0,0,0,0,0,0,0,0,0,0,0,0,0,0,0,0,0,0.0141471060526129,0,0,0,0,0,0,0,0,0,0,0,0,0,0,0,0,0,0,0,0,0,0,0,0,0,0,0,0,0,0,0,0,0,0.00282942121052258,0,0,0,0,0,0,0,0,0,0,0,0,0,0,0,0,0.00282942121052258,0,0,0,0,0,0,0,0,0,0,0,0,0.0141471060526129,0,0,0,0.0198059484736581,0,0,0,0,0,0,0,0,0,0,0,0,0,0,0,0,0,0,0,0,0,0,0,0,0,0,0,0,0,0,0,0,0,0,0,0,0,0,0,0,0,0,0,0,0,0,0,0,0,0,0,0,0,0,0.00282942121052258,0,0,0,0,0,0.00848826363156775,0,0.00565884242104517,0,0,0,0.0254647908947033,0,0,0,0.00282942121052258,0,0,0,0,0,0,0,0,0,0,0,0,0,0,0.0141471060526129,0,0,0,0.0792237938946324,0,0,0,0,0,0,0,0,0,0,0.00282942121052258,0,0,0,0.0141471060526129,0,0,0,0,0,0,0,0,0,0,0,0,0,0,0,0,0,0,0,0,0,0,0,0,0,0,0,0,0,0,0,0,0,0,0,0,0,0,0,0,0,0,0,0,0,0.0424413181578388,0,0,0,0,0,0,0,0,0,0,0,0,0,0,0,0,0,0,0,0,0,0,0,0,0.00282942121052258,0,0,0,0,0,0,0,0,0,0.00282942121052258,0,0,0,0,0,0,0,0,0,0,0,0,0,0,0,0,0,0,0,0,0,0,0.0990297423682904,0,0,0.0141471060526129,0,0,0,0,0,0,0.00848826363156775,0,0,0,0,0,0,0,0,0,0.195230063526058,0,0,0,0,0,0,0,0.132982796894561,0,0,0,0,0,0,0,0,0,0,0,0,0,0,0,0,0,0,0,0,0,0,0,0,0,0,0,0,0,0,0,0,0,0.461411462981999,0,0,1.89974463301256,0,3.29732507010549,0,0,0,0,3.71274792283684,0,0,0,0,0,0,0,0,0,0,0,0,0,0,0,0,0,0,0,0,0.451258066043658,0,0,0,0,0,0,0,0,0,0,0,0,0,0,0,0,0,0.501425582255102,0,0,0,0,0,0,0,0,0,0,0.474639722654202,0,0,0,0,0,0,0,0,0,1.16510620899906,0,0,0,0,0,0,0,0,0,0,0,0,0,0,0,0,0,0,0,0,0,0,0,0,0,0,0,0,0,0,0,0,0,0,0,0,0,0,0,0,0,0,0,0,0,0,0,0,0,0,0,0,0,0,0,0,0,0,0,0,0,0,0,0,0,0,0,0,0,0,0,0,0,0,0,0,0,0,0,0.358222584828211,0,0,0,0,0,0,0,0,0,0,0,0,0,0,0,0,0,0,0,0,0.0102934306734148,0,0,0,0,0,0,0,0,0,0,0,0,0,0,0,1.10958582191854,0,0,0,0,0,0,0,0,0,0,0,0,0,0,0,0,0,0,0,0,0,0,0,0,0,0.617282080616959,0,0,0,1.30672008591928,0,0,0,0,0,0,0.29081055748263,0,0,0,0,0,0,0,0,0,0.00905848536709457,0,0,0,0,0,0,0,0,0,0,0,0,0,0,0,0,0,0,3.75683649288004,0,0,0,0,0,0,0,0,0,0,0,0,0,0,0,0,0,0,0,0,0,0,0,0,0,0,0,0,0,0,0,0,0,0,0,0,0,0,0,0,0,0,0,0,0,0,0,0,0,0,0,0,0,0,0,0.0792515222224955,0,0,0,0,0,0,0,0,0,0,0,0,0,0,0,0,0,0,0,0,0,0,0,0,0,0,0,0,0,0,0,0,0,0.00300038252289269,0,0,0,0,0,0,0,0,0,0,0,0,0,0,0,0,10.7194576247723,0,0,0,0,0,0,0,0,0,0,0,0,0.340826420177129,0,0,0,4.40036882600437,0,0,0,0,0,0,0,0,0,0,0,0,0,0,0,0,0,0,0,0,0,0,0,0,0,0,0,0,0,0,0,0,0,0,0,0,0,0,0,0,0,0,0,0,0,0,0,0,0,0,0,0,0,0,0.131132808130273,0,0,0,0,0,1.84995254769659,0,1.56135204123809,0,0,0,2.32510126789975,0,0,0,0.820731678852395,0,0,0,0,0,0,0,0,0,0,0,0,0,0,0.070951636842702,0,0,0,0.39080624534699,0,0,0,0,0,0,0,0,0,0,0.00433323446028615,0,0,0,0.0307394210275458,0,0,0,0,0,0,0,0,0,0,0,0,0,0,0,0,0,0,0,0,0,0,0,0,0,0,0,0,0,0,0,0,0,0,0,0,0,0,0,0,0,0,0,0,0,0.327948875421678,0,0,0,0,0,0,0,0,0,0,0,0,0,0,0,0,0,0,0,0,0,0,0,0,0.785655411723411,0,0,0,0,0,0,0,0,0,2.65326719912866,0,0,0,0,0,0,0,0,0,0,0,0,0,0,0,0,0,0,0,0,0,0,0.511854113232662,0,0,0.0247594155109204,0,0,0,0,0,0,0.71792450485317,0,0,0,0,0,0,0,0,0,0.304034041466099,0,0,0,0,0,0,0,1.33730245095745,0,0,0,0,0,0,0,0,0,0,0,0,0,0,0,0,0,0,0,0,0,0,0,0,0,0,0,0,"KIN-00215"
"383",4896,"nSPC",2012,"PRIAs","Pacific Remote Island Areas","Kingman","Kingman",2012,"ForereefMid","Kingman","2012-05-09","Forereef","Mid",6.38289428,-162.43873494,16.55,25,7.5,10,10,27.5,20,0,0,NA,0.38875,0.308020322602043,1.25,2,1,19.8529916706076,24.4245359320005,17.4674113844782,15.4398126479036,77.1847516349899,10.5012493160993,0,0,0,0,0,0,0,0,0,0,0,0,0,0,0.00282942121052258,0,0.0113176848420903,0,0,0,0,0.0113176848420903,0,0,0.0226353696841807,0,0,0,0,0,0,0,0,0,0,0,0,0,0,0,0,0,0,0,0,0,0,0,0,0,0,0,0,0,0,0,0,0,0,0,0,0,0,0,0,0,0,0,0,0,0,0,0,0,0,0,0.00282942121052258,0,0,0,0,0,0,0,0,0,0.00282942121052258,0,0,0,0,0,0,0,0,0,0,0,0,0,0,0,0,0,0,0,0,0,0,0,0,0.0707355302630646,0,0,0,0.00282942121052258,0.00282942121052258,0,0,0,0.0254647908947033,0,0,0,0,0.00565884242104517,0,0,0,0,0,0,0,0,0,0,0.00848826363156775,0,0,0,0,0,0,0,0.0141471060526129,0,0,0,0,0,0,0,0,0,0,0,0,0,0,0,0,0,0,0,0,0,0,0,0,0,0,0,0.265965593789123,0,0,0,0,0,0,0,0.0113176848420903,0,0,0,0,0,0,0.00282942121052258,0,0.0113176848420903,0,0.00282942121052258,0,0,0,0,0,0.00848826363156775,0,0,0,0,0,1.32982796894561,0,0,0,0,0.0481001605788839,0.0226353696841807,0,0,0,0,0,0,0,0.0113176848420903,0,0,0,0,0,0,0,0,0,0,0,0.0933708999472453,0,0,0,0.00282942121052258,0,0,0.00848826363156775,0,0,0.00282942121052258,0.0311236333157484,0,0.0113176848420903,0,0,0,0,0,0.101859163578813,0,0,0,0,0,0,0,0,0,0,0,0,0,0,0,0,0,0,0,0,0,0,0,0.00282942121052258,0,0,0,0,0,0,0,0,0,0,0,0,0,0,0,0,0,0,0,0,0,0,0,0,0,0,0.00565884242104517,0,0,0,0,0,0,0,0,0,0,0,0,0,0,0,0,0,0,0,0.0113176848420903,0,0,0,0,0,0.033953054526271,0,0,0,0,0,0,0,0,0,0,0,0,0,0,0,0,0,0,0,0,0,0,0,0,0,0,0,0,0,0,0,0,0,0.0141471060526129,0,0,0,0,0,0,0,0,0,0,0,0,0,0.00282942121052258,0.00565884242104517,0,0.0141471060526129,0,0.00282942121052258,0,0,0,0,0,0,0,0,0,0,0.0169765272631355,0,0,0,0,0,0,0,0,0,0,0,0,0,0,0,0,0,0,0,0,0,0,0,0,0,0,0,0,0,0,0,0,0,0,0,0,0,0,0,0,0,0,0,0,0,0,0,0,0,0,0,0,0,0,0,0,0,0,0.0141471060526129,0.0452707393683613,0,0,0,0,0.00565884242104517,0.00282942121052258,0,0,0.00565884242104517,0,0.00282942121052258,0,0,0,0,0,0,0,0,0,0,0,0,0,0,0,0,0,0,0,0,0,0,0,0.149959324157697,0,0,0,0,0,0,0,0,0,0,0,0,0,0.848826363156775,0,0,0,0,0,0,0,0,0,0,0,0,0,0,0,0,0,0,0,0,0,0.0141471060526129,0,0,0,0,0.0169765272631355,0.481001605788839,0,0,0,0,0,0,0,0,0,0,0.0113176848420903,0,0,0,0,0,0,0,0,0,0,0,0,0,0,0,0,0,0,0,0,0,0,0,0,0,0,0,0,0,0,0.00282942121052258,0.00848826363156775,0,0,0,0,0,0,0,0,0,0,0,0,0,0,0,0,0,0,0,0,0,0,0,0,0,0,0,0,0,0,0,0,0.0198059484736581,0,0,0,0,0,0,0,0,0.00848826363156775,0,0,0,0,0,0,0,0,0,0,0.0594178454209743,0,0,0,0,0.00848826363156775,0.00848826363156775,0,0.0877120575262001,0,0,0,0,0,0,0.00282942121052258,0.00565884242104517,0,0,0,0,0.0169765272631355,0,0,0,0,0,0,0,0,0,0,0,0,0,0,0,0,0,0,0.299419229393115,0,0.699073994552678,0,0,0,0,1.57358400210282,0,0,0.028959715637278,0,0,0,0,0,0,0,0,0,0,0,0,0,0,0,0,0,0,0,0,0,0,0,0,0,0,0,0,0,0,0,0,0,0,0,0,0,0,0,0,0,0,0,0,0,0,0,0,0,0,0,0.312297147030625,0,0,0,0,0,0,0,0,0,0.124690269762281,0,0,0,0,0,0,0,0,0,0,0,0,0,0,0,0,0,0,0,0,0,0,0,0,16.7115070001981,0,0,0,1.53666014349984,1.954112529795,0,0,0,0.198622265865025,0,0,0,0,0.0267973392288993,0,0,0,0,0,0,0,0,0,0,0.498145413006302,0,0,0,0,0,0,0,1.21539337695183,0,0,0,0,0,0,0,0,0,0,0,0,0,0,0,0,0,0,0,0,0,0,0,0,0,0,0,0.658451586427974,0,0,0,0,0,0,0,0.805285941138042,0,0,0,0,0,0,0.108700801963264,0,0.729052018163543,0,0.862497025172855,0,0,0,0,0,0.522478916563076,0,0,0,0,0,2.2549411867805,0,0,0,0,0.253856326382298,0.0749310014876724,0,0,0,0,0,0,0,0.0191381242923082,0,0,0,0,0,0,0,0,0,0,0,0.541232769493853,0,0,0,0.1040873327821,0,0,0.189911253496631,0,0,0.658905211907625,2.33352977460589,0,0.830084738510819,0,0,0,0,0,0.105642565005756,0,0,0,0,0,0,0,0,0,0,0,0,0,0,0,0,0,0,0,0,0,0,0,1.16996790689915,0,0,0,0,0,0,0,0,0,0,0,0,0,0,0,0,0,0,0,0,0,0,0,0,0,0,0.143251468323722,0,0,0,0,0,0,0,0,0,0,0,0,0,0,0,0,0,0,0,0.411723637071976,0,0,0,0,0,0.229739099320197,0,0,0,0,0,0,0,0,0,0,0,0,0,0,0,0,0,0,0,0,0,0,0,0,0,0,0,0,0,0,0,0,0,0.042741824771393,0,0,0,0,0,0,0,0,0,0,0,0,0,1.17159294937554,3.19476432228523,0,9.6585113199574,0,1.49353444027516,0,0,0,0,0,0,0,0,0,0,0.114440184991402,0,0,0,0,0,0,0,0,0,0,0,0,0,0,0,0,0,0,0,0,0,0,0,0,0,0,0,0,0,0,0,0,0,0,0,0,0,0,0,0,0,0,0,0,0,0,0,0,0,0,0,0,0,0,0,0,0,0,0.832100748966589,0.315997359541395,0,0,0,0,0.931221372344161,0.110140412162358,0,0,1.14714103353275,0,0.168410588356291,0,0,0,0,0,0,0,0,0,0,0,0,0,0,0,0,0,0,0,0,0,0,0,1.04009079570628,0,0,0,0,0,0,0,0,0,0,0,0,0,2.06594431569852,0,0,0,0,0,0,0,0,0,0,0,0,0,0,0,0,0,0,0,0,0,0.0295320838848295,0,0,0,0,0.131889686394966,2.04543374981966,0,0,0,0,0,0,0,0,0,0,0.0527313572162673,0,0,0,0,0,0,0,0,0,0,0,0,0,0,0,0,0,0,0,0,0,0,0,0,0,0,0,0,0,0,1.65786733943665,6.44422480798995,0,0,0,0,0,0,0,0,0,0,0,0,0,0,0,0,0,0,0,0,0,0,0,0,0,0,0,0,0,0,0,0,0.127274543078144,0,0,0,0,0,0,0,0,0.768955197689175,0,0,0,0,0,0,0,0,0,0,0.188425305514751,0,0,0,0,0.0126715374689183,0.260897120523728,0,0.554066315592406,0,0,0,0,0,0,2.67399555209061,0.0197010510052227,0,0,0,0,1.74378320650705,0,0,0,0,0,0,0,0,0,0,0,0,0,0,0,"KIN-00193"
"384",4897,"nSPC",2012,"PRIAs","Pacific Remote Island Areas","Kingman","Kingman",2012,"ForereefMid","Kingman","2012-05-09","Forereef","Mid",6.39926791,-162.33775002,15.45,27.5,15,5,17.5,35,0,0,0,NA,0.4475,0.193625221505909,1,2,1,88.1830260484771,35.3943716168259,16.7240339192102,16.0527815582496,156.354213142763,4.35941241351204,0,0,0,0,0,0,0,0,0,0,0,0,0,0,0,0,0.0565884242104517,0,0,0,0,0,0,0,0,0.00565884242104517,0,0,0,0,0,0,0,0,0,0,0,0,0,0,0,0,0,0,0,0,0,0,0,0,0.00282942121052258,0,0,0,0,0,0,0,0,0,0,0,0,0,0,0,0,0,0,0,0,0,0,0,0,0,0.00565884242104517,0,0,0,0,0,0,0.00282942121052258,0,0,0.00565884242104517,0,0,0,0,0,0,0,0,0,0,0,0,0,0,0,0,0,0,0,0,0,0,0,0,0,0,0,0,0,0.00565884242104517,0,0,0,0.0141471060526129,0,0,0,0,0,0,0,0,0,0,0,0,0,0,0,0.00565884242104517,0,0.141471060526129,0,0,0,0,0,0,0,0,0,0,0,0,0,0,0,0,0,0,0,0,0,0,0,0,0,0,0,0,0,0,0,0,0,0.735649514735872,0.00282942121052258,0,0,0,0,0,0,0.00565884242104517,0,0,0,0,0,0,0,0,0.0113176848420903,0,0,0,0,0,0,0,0,0,0,0,0,0,0.0990297423682904,0,0,0,0,0.0933708999472453,0,0,0,0,0,0,0,0,0,0,0,0,0,0,0,0,0,0,0,0,0,0,0,0,0,0,0,0,0.0565884242104517,0,0,0.0113176848420903,0,0,0,0,0,0,0,0,0,0,0,0,0,0,0,0,0,0,0,0,0,0,0,0,0,0,0,0,0,0,0,0,0,0,0,0,0,0,0,0,0,0,0,0,0,0,0,0,0,0,0,0,0,0,0,0,0,0,0.00565884242104517,0,0,0,0,0,0,0,0,0,0,0,0,0,0,0,0,0,0,0,0.00282942121052258,0,0,0,0,0,0.0141471060526129,0,0,0,0,0,0,0,0,0,0,0,0,0,0,0,0,0,0,0,0,0,0,0,0,0,0,0,0,0,0,0,0,0,0.00848826363156775,0,0,0,0.00565884242104517,0,0,0,0,0,0,0,0,0,0,0,0,0.0311236333157484,0,0,0,0,0,0,0,0,0,0,0,0,0,0,0,0,0.0537590029999291,0.0226353696841807,0.00848826363156775,0,0,0,0,0,0,0,0.00282942121052258,0,0,0,0,0,0,0,0,0,0,0,0,0,0.0282942121052258,0.00282942121052258,0,0,0,0,0,0,0.00282942121052258,0,0,0,0,0,0,0,0,0,0,0,0,0,0,0,0,0,0,0,0,0,0,0.0113176848420903,0.0282942121052258,0,0,0,0,0,0.00282942121052258,0.00282942121052258,0,0,0,0,0,0,0,0,0,0,0.00282942121052258,0,0,0,0,0,0,0,0,0,0,0,0.0226353696841807,0,0,0,0,0.00848826363156775,0,0,0,0,0,0,0,0,0,0,0,0,0,0,0,0,0,0,0,0,0,0,0,0,0,0,0,0,0,0,0,0,0,0,0,0,0,0,0,0.00282942121052258,0.0113176848420903,0.410266075525775,0,0,0,0,0,0,0,0,0,0,0,0,0,0,0,0,0,0,0,0,0,0,0,0,0,0,0,0,0,0,0,0,0,0,0,0,0,0,0,0,0,0,0,0,0,0,0,0,0,0,0,0,0,0,0,0,0,0,0,0,0,0,0,0,0,0,0,0,0,0,0,0,0,0,0,0,0,0,0,0,0,0,0,0,0,0,0,0,0,0,0,0,0,0,0,0,0,0,0,0,0,0.00848826363156775,0,0.0537590029999291,0,0,0,0,0,0,0,0,0,0,0,0,0,0,0,0,0,0,0,0,0,0,0,0,0,0,0,0,0,0,0,0,0,4.11370651570559,0,0,0,0,0,0,0,0,0.425368960063302,0,0,0,0,0,0,0,0,0,0,0,0,0,0,0,0,0,0,0,0,0,0,0,0,0.0553596065787217,0,0,0,0,0,0,0,0,0,0,0,0,0,0,0,0,0,0,0,0,0,0,0,0,0,1.1648575987934,0,0,0,0,0,0,0.191525483086802,0,0,1.275745607354,0,0,0,0,0,0,0,0,0,0,0,0,0,0,0,0,0,0,0,0,0,0,0,0,0,0,0,0,0,6.07833997030251,0,0,0,0.0669933480722482,0,0,0,0,0,0,0,0,0,0,0,0,0,0,0,0.505468796796752,0,0.344920592668756,0,0,0,0,0,0,0,0,0,0,0,0,0,0,0,0,0,0,0,0,0,0,0,0,0,0,0,0,0,0,0,0,0,2.42429902275754,4.35941241351204,0,0,0,0,0,0,0.358222584828211,0,0,0,0,0,0,0,0,0.805285941138042,0,0,0,0,0,0,0,0,0,0,0,0,0,0.109498600847224,0,0,0,0,0.505021356305545,0,0,0,0,0,0,0,0,0,0,0,0,0,0,0,0,0,0,0,0,0,0,0,0,0,0,0,0,3.09046464685715,0,0,1.33467884392842,0,0,0,0,0,0,0,0,0,0,0,0,0,0,0,0,0,0,0,0,0,0,0,0,0,0,0,0,0,0,0,0,0,0,0,0,0,0,0,0,0,0,0,0,0,0,0,0,0,0,0,0,0,0,0,0,0,0,0.37922464777777,0,0,0,0,0,0,0,0,0,0,0,0,0,0,0,0,0,0,0,0.135141328524186,0,0,0,0,0,0.0399268115280473,0,0,0,0,0,0,0,0,0,0,0,0,0,0,0,0,0,0,0,0,0,0,0,0,0,0,0,0,0,0,0,0,0,0.0561249295899096,0,0,0,0.0222347359027531,0,0,0,0,0,0,0,0,0,0,0,0,79.9529544287859,0,0,0,0,0,0,0,0,0,0,0,0,0,0,0,0,8.56544923032609,2.38230183017727,8.46610518462558,0,0,0,0,0,0,0,0.302512581902028,0,0,0,0,0,0,0,0,0,0,0,0,0,17.6259020489251,1.37647632095751,0,0,0,0,0,0,3.27652299008064,0,0,0,0,0,0,0,0,0,0,0,0,0,0,0,0,0,0,0,0,0,0,1.34458917257776,0.264200429598693,0,0,0,0,0,0.0310176353076178,0.27065604470659,0,0,0,0,0,0,0,0,0,0,0.0457968962889391,0,0,0,0,0,0,0,0,0,0,0,0.107565889585132,0,0,0,0,0.0360874539872873,0,0,0,0,0,0,0,0,0,0,0,0,0,0,0,0,0,0,0,0,0,0,0,0,0,0,0,0,0,0,0,0,0,0,0,0,0,0,0,0.564738524380488,0.0726138771769284,1.81487623294968,0,0,0,0,0,0,0,0,0,0,0,0,0,0,0,0,0,0,0,0,0,0,0,0,0,0,0,0,0,0,0,0,0,0,0,0,0,0,0,0,0,0,0,0,0,0,0,0,0,0,0,0,0,0,0,0,0,0,0,0,0,0,0,0,0,0,0,0,0,0,0,0,0,0,0,0,0,0,0,0,0,0,0,0,0,0,0,0,0,0,0,0,0,0,0,0,0,0,0,0,0,0.453338889830204,0,1.55868513767449,0,0,0,0,0,0,0,0,0,0,0,0,0,0,0,0,0,159.6771028,165.5671028,163.8310028,176.0101029,155.6706028,192.9560033,155.8426027,153.0662026,191.6345033,159.8094028,184.8041031,"KIN-00211"
"385",4898,"nSPC",2012,"PRIAs","Pacific Remote Island Areas","Kingman","Kingman",2012,"ForereefDeep","Kingman","2012-05-09","Forereef","Deep",6.42069951,-162.3598837,20.5,25,22.5,10,0,38.5,4,0,0,NA,0.41125,0.173663587070942,0.75,2,1,23.1435844589222,54.1096170734212,22.6628864027508,12.4549239033468,112.371011838441,15.2291654749202,0,0,0,0,0,0,0,0,0,0,0,0,0,0,0,0,0.033953054526271,0,0,0,0,0,0,0,0,0,0,0,0,0,0,0,0,0,0,0,0,0,0,0,0,0,0,0,0,0,0,0,0,0,0.00282942121052258,0,0,0,0,0,0,0,0,0,0,0,0,0,0,0,0,0,0,0,0,0,0,0,0,0,0,0,0,0,0,0,0,0.00282942121052258,0,0,0.00565884242104517,0,0,0,0,0,0,0,0,0,0,0,0,0,0,0,0,0,0,0,0,0,0,0,0,0.198059484736581,0,0,0,0,0.0113176848420903,0,0,0,0.0311236333157484,0,0,0,0,0.0396118969473162,0,0,0,0,0,0,0,0,0,0,0.00565884242104517,0,0.113176848420903,0,0,0,0,0,0,0.00565884242104517,0,0,0,0,0,0,0,0,0,0,0,0,0,0,0,0,0,0,0,0,0,0,0,0,0,0,0.735649514735872,0.00282942121052258,0,0,0,0,0,0,0.00565884242104517,0,0.00282942121052258,0,0,0,0,0,0,0.00565884242104517,0,0.00848826363156775,0,0,0,0,0,0,0,0,0,0,0,0.0877120575262001,0,0,0,0,0.0735649514735872,0,0,0,0,0,0,0,0,0,0,0,0,0.00848826363156775,0,0,0,0.0169765272631355,0,0,0,0,0,0,0,0,0,0,0,0.0254647908947033,0,0,0.00282942121052258,0,0,0,0,0,0,0,0.0565884242104517,0,0,0,0,0,0,0,0,0,0,0,0,0,0,0,0,0,0,0,0,0,0,0,0,0,0,0,0,0,0.00282942121052258,0,0,0,0,0,0,0,0,0,0,0,0,0,0,0,0,0,0,0,0,0.0113176848420903,0,0,0,0,0,0,0,0,0,0,0,0,0,0,0,0,0,0,0,0.00282942121052258,0,0,0,0,0,0.0226353696841807,0,0,0,0,0,0,0,0,0.00282942121052258,0,0,0,0,0,0,0,0,0,0,0,0,0,0,0,0,0,0,0,0,0,0,0,0.00565884242104517,0.0141471060526129,0,0,0,0,0,0,0,0,0,0,0,0,0,0,0,0,0.0141471060526129,0,0,0,0,0,0,0,0,0,0,0,0,0.00565884242104517,0,0,0,0.0565884242104517,0.0113176848420903,0.00282942121052258,0,0,0,0,0,0,0,0.00565884242104517,0,0,0,0,0,0,0,0,0,0,0,0,0,0,0,0,0,0,0,0,0,0,0,0,0,0,0,0,0,0,0,0,0,0,0,0,0,0,0,0,0,0,0,0,0.00848826363156775,0.00848826363156775,0,0,0,0,0,0.0113176848420903,0,0,0.00848826363156775,0,0.00282942121052258,0,0,0,0,0,0,0,0,0,0,0,0,0,0,0,0,0,0,0,0,0,0,0,0.0481001605788839,0,0,0,0,0,0,0,0,0,0,0,0,0,0,0,0,0,0,0,0,0,0,0,0,0,0,0,0,0,0,0,0,0,0,0,0.00565884242104517,0,0,0,0.00565884242104517,0.0169765272631355,0,0,0,0,0,0,0,0,0,0,0,0,0,0,0,0,0,0,0,0,0,0,0,0,0,0,0,0,0,0,0,0,0,0,0.00282942121052258,0,0,0,0,0,0,0,0,0.00848826363156775,0,0,0,0,0,0,0,0,0,0.00282942121052258,0,0,0,0,0,0,0,0,0,0,0,0,0,0,0,0,0,0,0,0,0,0,0.0141471060526129,0,0,0,0,0,0,0,0,0,0,0,0,0,0,0,0,0,0,0,0.0141471060526129,0,0,0,0,0,0.0282942121052258,0,0,0,0,0,0,0,0,0,0,0,0,0,0,0,0,0,0,0,0,0,0,0,0,0,0,0,0,0,0,0,0,0,0,0,1.74478982669563,0,0,0,0,0,0,0,0,0,0,0,0,0,0,0,0,0,0,0,0,0,0,0,0,0,0,0,0,0,0,0,0,0,0.0718718258212105,0,0,0,0,0,0,0,0,0,0,0,0,0,0,0,0,0,0,0,0,0,0,0,0,0,0,0,0,0,0,0,0,0.124690269762281,0,0,2.91919556346144,0,0,0,0,0,0,0,0,0,0,0,0,0,0,0,0,0,0,0,0,0,0,0,0,29.5817597676303,0,0,0,0,6.30431999785824,0,0,0,0.242631113835626,0,0,0,0,0.10088984051773,0,0,0,0,0,0,0,0,0,0,0.410421585890339,0,0.497853638518712,0,0,0,0,0,0,0.361154863444762,0,0,0,0,0,0,0,0,0,0,0,0,0,0,0,0,0,0,0,0,0,0,0,0,0,0,2.12646282845309,3.08710261587805,0,0,0,0,0,0,0.358222584828211,0,0.0875317383401884,0,0,0,0,0,0,0.447063356309831,0,3.50920772332463,0,0,0,0,0,0,0,0,0,0,0,0.180453694196225,0,0,0,0,0.334276032413313,0,0,0,0,0,0,0,0,0,0,0,0,0.031261392430444,0,0,0,0.052614714514729,0,0,0,0,0,0,0,0,0,0,0,1.25681652294664,0,0,0.274258411104502,0,0,0,0,0,0,0,0.556892998602019,0,0,0,0,0,0,0,0,0,0,0,0,0,0,0,0,0,0,0,0,0,0,0,0,0,0,0,0,0,0.898871510029731,0,0,0,0,0,0,0,0,0,0,0,0,0,0,0,0,0,0,0,0,0.131789821167076,0,0,0,0,0,0,0,0,0,0,0,0,0,0,0,0,0,0,0,0.164690365394844,0,0,0,0,0,0.324080773684773,0,0,0,0,0,0,0,0,1.062105870469,0,0,0,0,0,0,0,0,0,0,0,0,0,0,0,0,0,0,0,0,0,0,0,0.0239802630545091,0.0486539347558997,0,0,0,0,0,0,0,0,0,0,0,0,0,0,0,0,14.2228573138119,0,0,0,0,0,0,0,0,0,0,0,0,0.0397901504835791,0,0,0,20.0967824841734,3.55753853913934,2.11954779428196,0,0,0,0,0,0,0,0.718335940996563,0,0,0,0,0,0,0,0,0,0,0,0,0,0,0,0,0,0,0,0,0,0,0,0,0,0,0,0,0,0,0,0,0,0,0,0,0,0,0,0,0,0,0,0,0.674731821425412,0.173557044441596,0,0,0,0,0,0.632382229906611,0,0,1.75939506364332,0,0.109690165036044,0,0,0,0,0,0,0,0,0,0,0,0,0,0,0,0,0,0,0,0,0,0,0,0.209504784987081,0,0,0,0,0,0,0,0,0,0,0,0,0,0,0,0,0,0,0,0,0,0,0,0,0,0,0,0,0,0,0,0,0,0,0,0.0204125763811941,0,0,0,0.764774339022695,0.166016352393818,0,0,0,0,0,0,0,0,0,0,0,0,0,0,0,0,0,0,0,0,0,0,0,0,0,0,0,0,0,0,0,0,0,0,0.386127717294564,0,0,0,0,0,0,0,0,7.41820603583265,0,0,0,0,0,0,0,0,0,1.21464909988486,0,0,0,0,0,0,0,0,0,0,0,0,0,0,0,0,0,0,0,0,0,0,0.172920566645974,0,0,0,0,0,0,0,0,0,0,0,0,0,0,0,0,0,0,0,0.0167996884374778,0,0,0,0,0,0.581076684886947,0,0,0,0,0,0,0,0,0,0,0,0,0,0,0,0,0,0,0,162.4169028,173.166603,166.6510029,180.047203,157.9941028,196.7505033,158.7530027,156.2814027,196.3583034,163.9303029,185.8125031,"KIN-00190"
"386",4899,"nSPC",2012,"PRIAs","Pacific Remote Island Areas","Kingman","Kingman",2012,"ForereefMid","Kingman","2012-05-09","Forereef","Mid",6.42456164,-162.36609318,15.3,17.5,32.5,5,15,30,0,0,0,NA,0.39875,0.183720974404427,0.8,2,1,99.894011632871,71.8328077320379,8.11880443917798,7.35778207280687,187.203405876894,2.60935528604361,0,0,0,0,0,0,0,0,0.00282942121052258,0,0,0,0,0,0,0,0.033953054526271,0,0,0,0,0,0,0,0,0,0,0,0,0,0,0,0,0,0,0,0,0,0,0,0,0,0,0,0,0,0,0,0,0,0,0,0,0,0,0,0.00282942121052258,0,0,0,0,0,0.00282942121052258,0,0,0,0,0,0,0,0,0,0,0,0,0,0.00565884242104517,0,0,0,0,0,0,0.00565884242104517,0,0,0.00565884242104517,0,0,0,0,0,0,0,0,0,0,0,0,0,0,0,0,0,0,0,0,0,0,0,0,0,0,0,0,0,0.00282942121052258,0,0,0,0.00848826363156775,0,0,0,0,0.0254647908947033,0,0,0,0,0,0,0,0,0,0,0.00565884242104517,0,0.24050080289442,0,0,0,0,0,0.00282942121052258,0,0,0,0,0,0,0,0,0,0,0,0,0,0,0,0,0,0,0,0,0,0,0,0,0,0,0,0.169765272631355,0,0,0,0,0,0,0,0,0,0,0,0,0,0,0,0,0.00565884242104517,0,0,0,0,0,0,0,0,0,0,0,0,0.00282942121052258,0.113176848420903,0,0,0,0,0.101859163578813,0,0,0,0,0,0,0,0,0,0,0,0,0.00848826363156775,0,0,0,0,0,0,0,0,0,0,0,0,0,0,0,0.0282942121052258,0,0,0.00282942121052258,0,0,0,0,0,0,0,0.0962003211577679,0,0,0,0,0,0,0,0,0,0,0,0,0,0,0,0,0,0,0,0,0,0,0,0,0,0,0,0,0,0,0,0,0,0,0.00282942121052258,0,0,0,0,0,0,0,0,0,0,0,0,0,0,0,0.0113176848420903,0,0,0,0,0,0,0,0,0,0,0,0,0,0,0,0,0,0,0,0,0,0,0,0,0,0.0141471060526129,0,0,0,0,0,0,0,0,0.00282942121052258,0,0,0,0,0,0,0,0,0,0,0,0,0,0,0,0,0,0,0,0,0,0,0,0,0.00848826363156775,0,0,0,0.00565884242104517,0,0,0,0,0,0,0,0,0,0,0,0,0.0198059484736581,0,0,0,0,0,0,0,0,0,0,0,0,0,0,0,0,0.141471060526129,0.0113176848420903,0,0,0,0,0,0,0,0,0.0169765272631355,0,0,0.00848826363156775,0,0,0,0,0,0,0,0,0,0,0.0396118969473162,0,0,0,0,0,0,0,0,0,0,0,0,0,0,0,0,0,0,0,0,0,0,0,0,0,0,0,0,0,0,0.00848826363156775,0.0169765272631355,0,0,0,0,0,0,0.00565884242104517,0,0.00565884242104517,0,0,0,0,0,0,0,0,0,0,0,0,0,0,0,0,0,0,0,0,0.0226353696841807,0,0,0,0,0.0396118969473162,0,0,0,0,0,0,0,0,0,0,0,0,0,0,0,0,0,0,0,0,0,0,0,0.00282942121052258,0,0,0,0,0,0,0,0,0,0,0,0,0,0,0,0,0.00282942121052258,0.0141471060526129,0,0,0,0.00565884242104517,0,0,0,0,0,0,0,0,0,0,0,0,0,0,0,0,0,0,0,0,0,0,0,0,0,0,0,0,0,0,0,0,0,0,0,0,0,0,0,0,0,0,0,0,0,0,0,0,0,0,0,0,0,0.00565884242104517,0,0,0,0,0,0,0,0,0,0,0,0,0,0,0,0,0,0,0,0,0,0,0,0,0,0,0,0,0,0,0,0,0,0,0,0,0,0,0,0,0,0,0,0.00848826363156775,0,0.0113176848420903,0,0,0,0,0,0,0,0,0,0,0,0,0,0,0,0,0,0,0,0,0,0,0,0,0,0.985320295035664,0,0,0,0,0,0,0,1.73109744185909,0,0,0,0,0,0,0,0,0,0,0,0,0,0,0,0,0,0,0,0,0,0,0,0,0,0,0,0,0,0,0,0,0,0,0,0,0,0,0,0.522164025559522,0,0,0,0,0,0.111686966845416,0,0,0,0,0,0,0,0,0,0,0,0,0,0.962579503737296,0,0,0,0,0,0,0.563336766252974,0,0,1.63427954708605,0,0,0,0,0,0,0,0,0,0,0,0,0,0,0,0,0,0,0,0,0,0,0,0,0,0,0,0,0,1.77709787672099,0,0,0,0.0899391805314849,0,0,0,0,0.0975559501706392,0,0,0,0,0,0,0,0,0,0,0.549956970825156,0,0.463179081583758,0,0,0,0,0,0.199971460248186,0,0,0,0,0,0,0,0,0,0,0,0,0,0,0,0,0,0,0,0,0,0,0,0,0,0,0,1.22419435747196,0,0,0,0,0,0,0,0,0,0,0,0,0,0,0,0,0.163500585259839,0,0,0,0,0,0,0,0,0,0,0,0,0.134580420486705,0.159867957236947,0,0,0,0,0.441917899104855,0,0,0,0,0,0,0,0,0,0,0,0,0.031261392430444,0,0,0,0,0,0,0,0,0,0,0,0,0,0,0,1.72963705350251,0,0,0.0329770869142699,0,0,0,0,0,0,0,0.560724138730308,0,0,0,0,0,0,0,0,0,0,0,0,0,0,0,0,0,0,0,0,0,0,0,0,0,0,0,0,0,0,0,0,0,0,2.1216796528778,0,0,0,0,0,0,0,0,0,0,0,0,0,0,0,0.724601327354517,0,0,0,0,0,0,0,0,0,0,0,0,0,0,0,0,0,0,0,0,0,0,0,0,0,0.1514283596502,0,0,0,0,0,0,0,0,0.515183277548921,0,0,0,0,0,0,0,0,0,0,0,0,0,0,0,0,0,0,0,0,0,0,0,0,0.0474392083835624,0,0,0,0.0157022352255223,0,0,0,0,0,0,0,0,0,0,0,0,92.0901083706793,0,0,0,0,0,0,0,0,0,0,0,0,0,0,0,0,46.7322673224648,0.81166075269026,0,0,0,0,0,0,0,0,2.54904301592215,0,0,0.509036278379249,0,0,0,0,0,0,0,0,0,0,18.6911814967708,0,0,0,0,0,0,0,0,0,0,0,0,0,0,0,0,0,0,0,0,0,0,0,0,0,0,0,0,0,0,2.23523135374536,0.133190708840573,0,0,0,0,0,0,0.597773382462807,0,1.31904400293165,0,0,0,0,0,0,0,0,0,0,0,0,0,0,0,0,0,0,0,0,0.19582457898298,0,0,0,0,0.198083983655991,0,0,0,0,0,0,0,0,0,0,0,0,0,0,0,0,0,0,0,0,0,0,0,0.262326280641244,0,0,0,0,0,0,0,0,0,0,0,0,0,0,0,0,0.0401284443440231,0.127382936886385,0,0,0,0.0223195522751254,0,0,0,0,0,0,0,0,0,0,0,0,0,0,0,0,0,0,0,0,0,0,0,0,0,0,0,0,0,0,0,0,0,0,0,0,0,0,0,0,0,0,0,0,0,0,0,0,0,0,0,0,0,2.60935528604361,0,0,0,0,0,0,0,0,0,0,0,0,0,0,0,0,0,0,0,0,0,0,0,0,0,0,0,0,0,0,0,0,0,0,0,0,0,0,0,0,0,0,0,0.21765735114814,0,0.118930759394622,0,0,0,0,0,0,0,0,0,0,0,0,0,0,0,0,0,162.3153028,172.936203,166.3309029,180.026803,157.8918028,196.2706033,158.5486027,155.8883027,196.0948034,163.7967029,185.6955031,"KIN-00208"
"387",4900,"nSPC",2012,"PRIAs","Pacific Remote Island Areas","Kingman","Kingman",2012,"ForereefMid","Kingman","2012-05-09","Forereef","Mid",6.43696049,-162.38523049,9.2,35,10,7.5,15,32,0,0,0.5,NA,0.3525,0.158465608130043,0.8,2,1,81.7592148231315,10.173855791128,14.927951616723,8.12824974136759,114.98927197235,4.11605586775184,0,0,0,0,0,0,0,0,0,0,0,0,0,0,0,0.00282942121052258,0.0877120575262001,0,0,0.033953054526271,0,0,0,0,0,0,0,0,0,0,0,0,0,0,0,0,0,0,0,0,0,0,0,0,0,0,0,0,0,0,0,0,0,0,0,0,0,0,0,0,0,0,0,0,0.00565884242104517,0,0,0,0,0,0,0,0,0,0,0,0,0,0,0,0,0,0,0,0,0,0.00565884242104517,0,0,0,0,0,0,0,0,0,0,0,0,0,0.00282942121052258,0,0,0,0,0,0,0,0,0,0,0,0,0,0,0,0.0113176848420903,0,0,0,0.0141471060526129,0,0,0,0,0,0,0,0,0,0,0,0,0,0,0,0.00282942121052258,0,0,0,0,0,0,0,0,0,0,0,0,0,0,0,0,0,0,0,0,0,0,0,0,0,0,0,0,0,0,0,0,0,0,0,0.0848826363156775,0,0,0,0,0,0,0,0,0,0,0,0,0,0,0,0,0,0,0,0,0,0,0,0,0,0,0,0,0,0,0.537590029999291,0,0,0,0,0.0169765272631355,0,0,0,0,0,0,0,0,0,0,0,0,0.0141471060526129,0,0,0,0.0169765272631355,0,0,0,0,0,0,0,0,0,0,0,0.0169765272631355,0.00282942121052258,0,0.0198059484736581,0,0.00848826363156775,0,0,0,0,0,0.0141471060526129,0,0,0,0,0,0,0,0,0,0,0,0,0,0,0,0,0,0,0,0,0,0,0,0,0,0,0,0,0,0,0,0,0,0,0,0,0,0,0,0,0,0,0,0,0,0,0,0,0,0,0.0113176848420903,0,0,0,0,0,0,0,0,0,0,0,0,0,0,0,0,0,0,0,0,0,0,0,0,0,0,0,0,0,0,0,0,0,0,0,0,0,0,0,0,0,0,0,0,0,0,0,0,0,0,0,0,0,0,0,0,0,0,0,0,0,0,0,0.00565884242104517,0,0,0,0,0,0,0,0,0,0,0,0,0.0367824757367936,0,0,0,0,0,0,0,0,0,0,0,0,0,0,0,0,0.0226353696841807,0.00565884242104517,0.00282942121052258,0,0,0,0,0,0,0,0,0,0,0,0,0,0,0,0,0,0,0,0,0,0,0,0,0,0,0,0,0,0,0,0,0,0,0,0,0,0,0,0,0,0,0,0,0,0,0,0,0,0,0,0,0.00565884242104517,0.0396118969473162,0,0,0,0,0,0,0.00282942121052258,0,0,0,0,0,0,0,0,0,0,0,0,0,0,0,0,0,0,0,0,0,0,0.0565884242104517,0,0,0,0,0.0650766878420194,0,0,0,0,0,0,0,0,0,0,0,0,0,0,0,0,0,0,0,0,0,0,0,0,0,0,0,0,0,0,0,0,0,0,0,0.00565884242104517,0,0,0,0,0.00565884242104517,0,0,0,0,0,0,0,0,0,0,0,0,0,0,0,0,0,0,0,0,0,0,0,0,0,0,0,0,0,0,0,0,0,0,0.00565884242104517,0,0,0,0,0,0,0,0,0.00565884242104517,0,0,0,0,0,0,0,0,0,0,0,0,0,0,0,0,0,0,0,0,0,0,0,0,0,0,0,0,0,0,0,0,0.0282942121052258,0,0,0,0,0,0,0,0,0,0,0,0,0,0,0,0,0,0,0,0.0452707393683613,0,0,0,0,0,0.00282942121052258,0,0.135812218105084,0,0,0,0,0,0,0,0,0,0,0,0,0,0,0,0,0,0,0,0,0,0,0,0,0,0,0,0,0,0,0,0,0.83740579910045,6.31563249119634,0,0,1.00423759852525,0,0,0,0,0,0,0,0,0,0,0,0,0,0,0,0,0,0,0,0,0,0,0,0,0,0,0,0,0,0,0,0,0,0,0,0,0,0,0,0,0,0,0,0,16.6462651531862,0,0,0,0,0,0,0,0,0,0,0,0,0,0,0,0,0,0,0,0,0,2.3155479302517,0,0,0,0,0,0,0,0,0,0,0,0,0,0.313066809210036,0,0,0,0,0,0,0,0,0,0,0,0,0,0,0,4.67191804099444,0,0,0,0.114616222110588,0,0,0,0,0,0,0,0,0,0,0,0,0,0,0,0.274978485412578,0,0,0,0,0,0,0,0,0,0,0,0,0,0,0,0,0,0,0,0,0,0,0,0,0,0,0,0,0,0,0,0,0,0,0,0.0996437267709738,0,0,0,0,0,0,0,0,0,0,0,0,0,0,0,0,0,0,0,0,0,0,0,0,0,0,0,0,0,0,1.22163939011886,0,0,0,0,0.0487932671034357,0,0,0,0,0,0,0,0,0,0,0,0,0.0521023207174066,0,0,0,0.052614714514729,0,0,0,0,0,0,0,0,0,0,0,0.726448039531539,0.025210916056684,0,1.22939804208972,0,0.718297689963101,0,0,0,0,0,0.0119188560051375,0,0,0,0,0,0,0,0,0,0,0,0,0,0,0,0,0,0,0,0,0,0,0,0,0,0,0,0,0,0,0,0,0,0,0,0,0,0,0,0,0,0,0,0,0,0,0,0,0,0,0.367230332457411,0,0,0,0,0,0,0,0,0,0,0,0,0,0,0,0,0,0,0,0,0,0,0,0,0,0,0,0,0,0,0,0,0,0,0,0,0,0,0,0,0,0,0,0,0,0,0,0,0,0,0,0,0,0,0,0,0,0,0,0,0,0,0,0.0126666378617977,0,0,0,0,0,0,0,0,0,0,0,0,58.7921897826191,0,0,0,0,0,0,0,0,0,0,0,0,0,0,0,0,7.82059483455936,0.360627315947678,1.07983864398743,0,0,0,0,0,0,0,0,0,0,0,0,0,0,0,0,0,0,0,0,0,0,0,0,0,0,0,0,0,0,0,0,0,0,0,0,0,0,0,0,0,0,0,0,0,0,0,0,0,0,0,0,1.10320731621259,0.938511825751056,0,0,0,0,0,0,0.27065604470659,0,0,0,0,0,0,0,0,0,0,0,0,0,0,0,0,0,0,0,0,0,0,0.208887654290893,0,0,0,0,0.281679692961656,0,0,0,0,0,0,0,0,0,0,0,0,0,0,0,0,0,0,0,0,0,0,0,0,0,0,0,0,0,0,0,0,0,0,0,0.0204125763811941,0,0,0,0,0.0363069385884642,0,0,0,0,0,0,0,0,0,0,0,0,0,0,0,0,0,0,0,0,0,0,0,0,0,0,0,0,0,0,0,0,0,0,0.772255434589129,0,0,0,0,0,0,0,0,4.11605586775184,0,0,0,0,0,0,0,0,0,0,0,0,0,0,0,0,0,0,0,0,0,0,0,0,0,0,0,0,0,0,0,0,0.212710398318171,0,0,0,0,0,0,0,0,0,0,0,0,0,0,0,0,0,0,0,0.133859917469823,0,0,0,0,0,0.234014918894382,0,1.54783034614244,0,0,0,0,0,0,0,0,0,0,0,0,0,0,0,0,0,161.6206028,172.2458029,165.4570029,179.485103,157.2185028,192.6507033,155.1482027,154.8047027,193.4054034,161.5962029,184.4036031,"KIN-00205"
"388",4901,"nSPC",2012,"PRIAs","Pacific Remote Island Areas","Kingman","Kingman",2012,"ForereefDeep","Kingman","2012-05-09","Forereef","Deep",6.45353176,-162.40712578,21.1,30,32.5,5,5,25,2.5,0,0,NA,0.47625,0.204238180855285,0.95,2,1,111.019353887301,184.158753476956,18.6189122242903,30.0314685591941,343.828488147742,13.9134304990892,0,0,0,0,0,0,0,0,0,0,0,0,0,0.00282942121052258,0.00282942121052258,0,0.0113176848420903,0,0,0,0,0.00282942121052258,0,0,0,0,0,0,0,0,0,0,0,0,0,0,0,0,0,0,0,0,0,0,0,0,0,0,0,0,0.00282942121052258,0,0,0,0,0,0.00565884242104517,0,0,0,0,0,0,0,0,0,0,0,0,0,0,0,0,0,0,0,0,0,0,0,0,0,0,0,0,0,0.00282942121052258,0,0,0,0,0,0,0,0,0,0,0.00282942121052258,0,0,0,0,0,0,0,0,0,0,0,0,0,0.594178454209743,0,0,0,0,0.00848826363156775,0,0,0,0.0198059484736581,0,0,0,0,0.00565884242104517,0,0,0,0,0,0,0,0,0,0,0.00282942121052258,0,0,0,0,0,0,0,0.0113176848420903,0.00282942121052258,0,0,0,0,0,0,0,0,0,0,0,0.00282942121052258,0,0,0,0,0,0,0,0,0.0763943726841098,0,0,0,0,0.00282942121052258,0.367824757367936,0.00282942121052258,0,0,0,0,0,0,0.0113176848420903,0,0,0,0,0,0,0,0,0.00282942121052258,0,0,0,0,0,0,0.00282942121052258,0,0,0,0,0,0,0.622472666314968,0,0,0,0,0.0594178454209743,0,0,0,0,0,0,0,0,0,0,0,0,0,0,0,0,0,0,0,0,0,0,0,0,0,0,0,0,0.00282942121052258,0,0,0.00565884242104517,0,0,0,0,0,0,0,0.0311236333157484,0,0,0,0,0,0,0,0,0,0,0,0,0,0,0,0,0,0,0,0,0,0,0,0.00282942121052258,0,0,0,0,0,0,0,0,0,0,0,0,0,0,0,0,0.00565884242104517,0,0,0,0,0,0,0,0,0,0.00282942121052258,0,0,0,0,0,0,0,0,0.00565884242104517,0,0,0,0,0,0,0,0,0,0,0.00282942121052258,0,0,0,0,0,0.0198059484736581,0,0,0,0,0,0,0,0,0.00565884242104517,0,0,0,0,0.0113176848420903,0,0,0,0,0,0,0,0,0,0,0,0,0,0,0,0,0,0,0,0.00565884242104517,0,0,0,0.00565884242104517,0,0,0,0,0,0,0,0,0,0,0,0,0.0226353696841807,0,0.0113176848420903,0,0,0,0,0,0,0,0,0,0,0.0169765272631355,0,0,0,0,0.0113176848420903,0.0169765272631355,0,0,0,0,0,0,0.00848826363156775,0,0,0.00848826363156775,0.0282942121052258,0,0,0.0509295817894065,0,0,0,0,0,0,0,0.00848826363156775,0,0,0,0,0,0,0,0.00565884242104517,0,0,0,0,0,0,0,0,0,0,0,0,0,0,0,0,0,0,0,0,0,0,0.00565884242104517,0.0198059484736581,0,0,0,0,0,0,0,0,0.00282942121052258,0,0.00282942121052258,0,0,0,0,0,0,0,0,0,0,0,0.00282942121052258,0,0,0,0,0,0,0.0198059484736581,0,0,0,0,0.0254647908947033,0,0,0,0,0,0,0,0,0,0,0,0,0,0,0,0.00282942121052258,0,0,0,0,0,0,0,0,0,0,0,0,0,0,0,0,0,0,0,0,0,0,0,0,0.00565884242104517,0.0282942121052258,0,0,0,0,0,0,0,0,0,0,0,0,0,0,0,0,0,0,0,0,0,0,0,0,0,0,0,0,0,0,0,0,0,0.00565884242104517,0,0,0,0,0,0,0,0,0,0,0,0,0,0,0,0,0,0,0,0,0,0,0,0.00565884242104517,0,0,0,0,0,0,0,0,0,0,0,0,0,0,0,0,0,0,0,0,0,0,0,0,0,0,0,0,0,0,0,0,0,0,0,0,0,0,0,0,0,0,0,0.0169765272631355,0,0.0481001605788839,0,0,0,0,0,0,0,0,0,0,0,0,0.00565884242104517,0,0,0,0,0,0,0,0,0,0,0,0,0,0,0,0,0,0.193404880046291,0.299419229393115,0,0.648910236016169,0,0,0,0,0.268390588088126,0,0,0,0,0,0,0,0,0,0,0,0,0,0,0,0,0,0,0,0,0,0,0,0,0,0,0,0,0.0553596065787217,0,0,0,0,0,2.55354132481179,0,0,0,0,0,0,0,0,0,0,0,0,0,0,0,0,0,0,0,0,0,0,0,0,0,0,0,0,0,1.11645150566481,0,0,0,0,0,0,0,0,0,0,0.326216150990966,0,0,0,0,0,0,0,0,0,0,0,0,0,144.604534016015,0,0,0,0,7.70989073377904,0,0,0,0.155874320919071,0,0,0,0,0.0267973392288993,0,0,0,0,0,0,0,0,0,0,0.109917918403555,0,0,0,0,0,0,0,0.983498422547829,0.26855490359679,0,0,0,0,0,0,0,0,0,0,0,6.70995700788815,0,0,0,0,0,0,0,0,2.20725790100783,0,0,0,0,0.27473509157586,0.89314358757719,3.56152266133684,0,0,0,0,0,0,0.907692767979931,0,0,0,0,0,0,0,0,0.223531678154915,0,0,0,0,0,0,0.375253199811446,0,0,0,0,0,0,1.18367987515849,0,0,0,0,0.261341041757096,0,0,0,0,0,0,0,0,0,0,0,0,0,0,0,0,0,0,0,0,0,0,0,0,0,0,0,0,0.258863491426718,0,0,1.08479319220022,0,0,0,0,0,0,0,0.125990983103423,0,0,0,0,0,0,0,0,0,0,0,0,0,0,0,0,0,0,0,0,0,0,0,0.269163497623171,0,0,0,0,0,0,0,0,0,0,0,0,0,0,0,0,0.122230996294576,0,0,0,0,0,0,0,0,0,0.0569174580230593,0,0,0,0,0,0,0,0,26.0483188875672,0,0,0,0,0,0,0,0,0,0,0.326287527484106,0,0,0,0,0,0.302555668883601,0,0,0,0,0,0,0,0,0.786854399209062,0,0,0,0,1.45517019680328,0,0,0,0,0,0,0,0,0,0,0,0,0,0,0,0,0,0,0,0.0108152281644914,0,0,0,0.009631040498073,0,0,0,0,0,0,0,0,0,0,0,0,74.1576923972095,0,14.587617004992,0,0,0,0,0,0,0,0,0,0,0.0919929718177208,0,0,0,0,1.76902844788247,3.49194433279478,0,0,0,0,0,0,1.13487538462352,0,0,1.07750391149484,2.15540780862994,0,0,6.93932444305717,0,0,0,0,0,0,0,9.34196095964869,0,0,0,0,0,0,0,13.6452317392226,0,0,0,0,0,0,0,0,0,0,0,0,0,0,0,0,0,0,0,0,0,0,0.439992625530403,0.380961820843964,0,0,0,0,0,0,0,0,0.270444201148021,0,0.168410588356291,0,0,0,0,0,0,0,0,0,0,0,0.103260292962264,0,0,0,0,0,0,0.10252554005648,0,0,0,0,0.121895417551332,0,0,0,0,0,0,0,0,0,0,0,0,0,0,0,0.95014567316862,0,0,0,0,0,0,0,0,0,0,0,0,0,0,0,0,0,0,0,0,0,0,0,0,0.0363069385884642,0.107575247388882,0,0,0,0,0,0,0,0,0,0,0,0,0,0,0,0,0,0,0,0,0,0,0,0,0,0,0,0,0,0,0,0,0,0.772255434589129,0,0,0,0,0,0,0,0,0,0,0,0,0,0,0,0,0,0,0,0,0,0,0,3.31573467887329,0,0,0,0,0,0,0,0,0,0,0,0,0,0,0,0,0,0,0,0,0,0,0,0,0,0,0,0,0,0,0,0,0,0,0,0,0,0,0,0,0,0,0,0.702583315509721,0,0.717674767669664,0,0,0,0,0,0,0,0,0,0,0,0,0.469673648522578,0,0,0,0,163.7653028,174.789503,168.4149029,182.861903,159.1630028,197.9566034,158.7709027,159.1620027,199.2271035,164.7686029,187.9030032,"KIN-00182"
"389",4908,"nSPC",2012,"PRIAs","Pacific Remote Island Areas","Kingman","Kingman",2012,"ForereefMid","Kingman","2012-05-10","Forereef","Mid",6.3802829,-162.41165016,10.05,30,27.5,6,16,18.5,2,0,0,NA,0.4325,0.262940532128029,1,2,1,96.4867068720785,58.539339825275,36.8689397623061,60.3007767208576,252.195763180517,28.5826331444552,0,0,0,0,0,0.00565884242104517,0,0,0,0,0,0,0,0.00282942121052258,0.00282942121052258,0.00282942121052258,0.0452707393683613,0,0,0,0,0,0,0,0,0.0169765272631355,0,0,0,0,0,0,0,0,0,0,0,0,0,0,0,0,0,0,0,0,0,0,0,0,0,0,0,0,0,0,0.00282942121052258,0,0,0,0,0,0,0,0,0,0,0,0,0,0,0,0,0,0,0,0,0,0,0,0,0,0,0,0,0,0.00848826363156775,0,0,0,0,0,0,0,0,0,0,0,0,0,0,0,0,0,0,0,0,0,0,0,0,0,0,0,0,0,0.00565884242104517,0,0,0,0.0113176848420903,0,0,0,0,0,0,0,0,0,0,0,0,0,0,0,0.0113176848420903,0,0,0,0,0,0,0,0,0,0,0,0,0,0,0,0,0,0,0,0,0,0,0,0,0,0,0,0,0,0,0,0,0,0,0,1.07518005999858,0.00848826363156775,0,0,0,0,0,0,0.0113176848420903,0,0.00282942121052258,0,0,0,0.0169765272631355,0.00565884242104517,0,0.00565884242104517,0,0.00282942121052258,0,0,0,0,0.00565884242104517,0.00565884242104517,0,0,0,0,0.00565884242104517,1.69765272631355,0,0,0,0,0.198059484736581,0,0,0,0,0,0,0,0,0,0,0,0,0.00282942121052258,0,0,0,0,0,0,0,0,0,0,0,0.00282942121052258,0,0,0,0,0,0,0.00565884242104517,0,0.00565884242104517,0,0,0,0,0,0.0707355302630646,0,0,0,0,0,0,0,0,0,0,0,0,0,0,0,0,0,0,0,0,0,0,0,0,0,0,0,0,0,0,0,0,0,0,0,0,0,0,0,0,0.00282942121052258,0,0,0,0,0,0,0,0,0,0.0169765272631355,0,0,0,0,0,0,0,0,0,0,0,0,0,0,0,0,0,0,0,0.00282942121052258,0,0,0,0,0,0.0113176848420903,0,0,0,0,0,0,0,0,0.00565884242104517,0,0,0,0,0,0,0,0,0,0,0,0,0,0,0,0,0,0,0,0,0,0,0,0,0.0113176848420903,0,0,0,0.00282942121052258,0,0,0,0,0,0,0,0,0,0,0,0,0.0311236333157484,0,0.0792237938946324,0,0,0,0,0,0,0,0,0,0,0,0,0,0,0.0396118969473162,0.00848826363156775,0.00282942121052258,0,0,0,0,0,0,0,0,0,0,0,0,0,0,0,0,0,0,0,0.00848826363156775,0,0.0254647908947033,0,0,0,0,0,0,0,0,0,0,0,0,0,0,0,0,0,0,0,0,0,0,0,0,0,0,0,0,0,0,0.00282942121052258,0.0198059484736581,0,0,0,0,0,0,0.00565884242104517,0,0,0,0.0198059484736581,0,0,0,0,0,0,0,0,0,0,0,0,0,0,0,0,0,0,0.116006269631426,0,0,0,0,0.0905414787367227,0,0,0,0,0,0,0,0,0,0,0,0,0,0,0,0,0,0,0,0,0,0,0,0,0,0,0,0,0,0,0,0,0,0,0,0.00848826363156775,0,0,0,0,0.0113176848420903,0.311236333157484,0,0,0,0,0,0,0,0,0,0,0,0,0,0,0,0,0,0,0,0,0,0,0,0,0,0,0,0,0,0,0,0,0,0.00565884242104517,0,0,0,0,0,0,0,0.00848826363156775,0,0,0,0,0,0,0,0,0,0,0.00565884242104517,0,0,0,0,0,0,0,0,0,0,0,0,0,0,0,0,0,0,0,0,0,0,0.0877120575262001,0,0,0,0,0,0,0,0,0.00282942121052258,0,0,0,0,0,0,0,0,0,0,0,0,0,0,0,0,0.0198059484736581,0,0.0622472666314969,0,0,0,0,0,0,0,0,0,0,0,0,0.00282942121052258,0,0,0,0,0,0,0,0,0,0.579465463915025,0,0,0,0,0,0,0,0.335669217512441,0.806541564562435,2.11161298288396,3.92830030253613,0,0,0,0,0,0,0,0,0.829785490178442,0,0,0,0,0,0,0,0,0,0,0,0,0,0,0,0,0,0,0,0,0,0,0,0,0,0,0,0,0,0,0.802140913183153,0,0,0,0,0,0,0,0,0,0,0,0,0,0,0,0,0,0,0,0,0,0,0,0,0,0,0,0,0,1.64237651010294,0,0,0,0,0,0,0,0,0,0,0,0,0,0,0,0,0,0,0,0,0,0,0,0,0,0,0,0,0,2.55006473597493,0,0,0,0.101217552496139,0,0,0,0,0,0,0,0,0,0,0,0,0,0,0,0.72364830856206,0,0,0,0,0,0,0,0,0,0,0,0,0,0,0,0,0,0,0,0,0,0,0,0,0,0,0,0,0,0,0,0,0,0,0,3.01486147666023,16.3385021805689,0,0,0,0,0,0,1.11346490814351,0,0.111806763079088,0,0,0,0.416298504612018,0.163500585259839,0,0.54947018315172,0,1.36314915204444,0,0,0,0,0.757056156641802,0.368940508251264,0,0,0,0,0.43208404578354,2.79586427496579,0,0,0,0,1.71069263810618,0,0,0,0,0,0,0,0,0,0,0,0,0.00586803992601419,0,0,0,0,0,0,0,0,0,0,0,0.285615641154081,0,0,0,0,0,0,0.450333413868732,0,0.35552728833918,0,0,0,0,0,0.505884049877456,0,0,0,0,0,0,0,0,0,0,0,0,0,0,0,0,0,0,0,0,0,0,0,0,0,0,0,0,0,0,0,0,0,0,0,0,0,0,0,0,0.119366207318922,0,0,0,0,0,0,0,0,0,0.782421443319734,0,0,0,0,0,0,0,0,0,0,0,0,0,0,0,0,0,0,0,0.135141328524186,0,0,0,0,0,0.0731552512823035,0,0,0,0,0,0,0,0,0.585242010258428,0,0,0,0,0,0,0,0,0,0,0,0,0,0,0,0,0,0,0,0,0,0,0,0,0.0299213734275846,0,0,0,0.0048155202490365,0,0,0,0,0,0,0,0,0,0,0,0,90.5818342729418,0,43.3855947332744,0,0,0,0,0,0,0,0,0,0,0,0,0,0,9.11421492129417,0.936891441091874,3.17327869517181,0,0,0,0,0,0,0,0,0,0,0,0,0,0,0,0,0,0,0,9.86239887366657,0,26.7536930459884,0,0,0,0,0,0,0,0,0,0,0,0,0,0,0,0,0,0,0,0,0,0,0,0,0,0,0,0,0,0,0.234786984819254,0.0738550994599398,0,0,0,0,0,0,1.59423165659727,0,0,0,1.96465008594643,0,0,0,0,0,0,0,0,0,0,0,0,0,0,0,0,0,0,0.770845550624901,0,0,0,0,0.738956836715258,0,0,0,0,0,0,0,0,0,0,0,0,0,0,0,0,0,0,0,0,0,0,0,0,0,0,0,0,0,0,0,0,0,0,0,0.0177192503308977,0,0,0,0,0.101743991261589,1.84033207165385,0,0,0,0,0,0,0,0,0,0,0,0,0,0,0,0,0,0,0,0,0,0,0,0,0,0,0,0,0,0,0,0,0,0.711409863225325,0,0,0,0,0,0,0,5.33852747112018,0,0,0,0,0,0,0,0,0,0,5.54245434072163,0,0,0,0,0,0,0,0,0,0,0,0,0,0,0,0,0,0,0,0,0,0,0.786492333602989,0,0,0,0,0,0,0,0,0.250329080411291,0,0,0,0,0,0,0,0,0,0,0,0,0,0,0,0,0.268767498078873,0,0.858905044450778,0,0,0,0,0,0,0,0,0,0,0,0,0.414044051346115,0,0,0,0,23.55670036,23.94660043,24.09310043,17.54870031,23.64170039,22.53640037,26.09240046,31.31690055,30.23660053,32.37750057,14.65690027,"KIN-00202"
"390",4909,"nSPC",2012,"PRIAs","Pacific Remote Island Areas","Kingman","Kingman",2012,"ForereefShallow","Kingman","2012-05-10","Forereef","Shallow",6.38041944,-162.41939663,6.05,35,0,10,22.5,27.5,5,0,0,NA,0.37875,0.251421835546784,1,2,1,20.8806426889586,8.65732975992728,6.30794928785667,8.60940737950413,44.4553291162467,2.22128593303189,0,0,0,0,0,0.00282942121052258,0,0,0,0,0,0,0,0,0,0,0.0113176848420903,0,0,0.0198059484736581,0,0,0,0,0,0,0.0169765272631355,0,0,0,0,0,0,0,0,0,0,0,0,0,0,0.00282942121052258,0,0,0,0,0,0,0,0,0.00282942121052258,0,0,0,0,0,0,0,0,0,0,0,0,0,0,0.00282942121052258,0,0,0,0,0,0,0,0,0,0,0,0,0,0,0,0,0,0,0,0,0.00282942121052258,0,0,0,0,0,0,0,0,0,0,0,0,0,0,0,0,0,0,0,0.00282942121052258,0,0,0,0,0,0,0,0,0,0.00565884242104517,0,0,0,0.0169765272631355,0,0,0,0,0,0,0,0,0,0,0,0,0,0,0,0.00282942121052258,0,0,0,0,0,0,0,0,0,0,0,0,0,0,0,0,0,0,0,0,0,0,0,0,0,0,0,0,0,0,0,0,0,0,0,0,0,0,0,0,0,0,0,0.00565884242104517,0,0,0,0,0,0,0.00565884242104517,0,0.00565884242104517,0,0,0,0,0,0,0.00282942121052258,0,0,0,0,0,0.00565884242104517,1.76838825657661,0,0,0,0,0,0,0,0,0,0,0,0,0,0.00282942121052258,0,0,0,0,0,0,0,0,0,0,0,0.0198059484736581,0,0,0,0,0,0,0,0,0,0,0.00565884242104517,0,0,0,0,0,0,0,0,0,0.0311236333157484,0,0,0,0,0,0,0,0,0,0,0,0,0,0,0,0,0,0,0,0,0,0,0,0,0,0,0,0,0,0,0,0,0,0,0,0,0,0,0,0,0,0,0,0,0,0,0,0,0.00848826363156775,0,0,0,0,0,0,0,0,0,0,0,0,0,0,0,0,0,0,0,0.00565884242104517,0,0,0,0,0,0.0226353696841807,0,0,0,0,0,0,0,0,0,0,0,0,0,0,0,0,0,0,0,0,0,0,0,0,0,0,0,0,0,0,0,0,0,0.00282942121052258,0,0,0,0,0,0,0,0,0,0,0,0,0,0,0,0,0.00565884242104517,0,0,0,0,0,0,0,0,0,0,0,0,0.033953054526271,0,0,0,0.0113176848420903,0,0,0,0,0,0,0,0,0,0,0,0,0,0,0,0,0,0,0,0,0,0,0,0,0,0,0,0,0,0,0,0,0,0,0,0,0,0,0,0,0,0,0,0,0,0,0,0,0,0,0,0,0,0,0.00282942121052258,0.0169765272631355,0,0,0,0,0.0169765272631355,0,0.00282942121052258,0,0,0,0.0113176848420903,0,0,0,0,0,0,0,0,0,0,0,0,0,0,0,0,0,0,0.0594178454209743,0,0,0,0.0282942121052258,0.0396118969473162,0,0,0,0,0,0.0198059484736581,0,0,0,0,0,0,0,0,0,0,0,0.0848826363156775,0,0,0,0,0,0,0,0,0,0,0,0,0.0113176848420903,0,0,0,0,0,0,0,0,0,0,0,0,0,0,0,0,0,0,0,0,0,0,0,0,0,0,0,0,0,0,0,0,0,0,0,0,0,0,0,0,0,0,0,0,0,0,0,0,0,0,0,0,0,0,0,0,0,0,0,0,0,0,0,0.00282942121052258,0,0,0,0,0,0,0,0,0,0,0,0,0,0,0,0,0,0,0,0,0,0,0.0735649514735872,0,0,0.0198059484736581,0,0,0,0,0,0,0,0,0,0,0,0,0,0,0,0,0.367824757367936,0,0,0,0,0,0.0113176848420903,0,0.147129902947174,0,0,0,0,0,0,0,0,0.0424413181578388,0,0,0,0.00565884242104517,0,0,0,0,0,0,0,0,0,0.238732414637843,0,0,0,0,0,0,0,0,0,0,0.597911434813494,0,0,0.933679128073971,0,0,0,0,0,0,0.696629134693084,0,0,0,0,0,0,0,0,0,0,0,0,0,0,0.584760725710518,0,0,0,0,0,0,0,0,0.204343912187273,0,0,0,0,0,0,0,0,0,0,0,0,0,0,0.42546768911257,0,0,0,0,0,0,0,0,0,0,0,0,0,0,0,0,0,0,0,0,0.453881859319369,0,0,0,0,0,0,0,0,0,0,0,0,0,0,0,0,0,0,0,0.288154041312567,0,0,0,0,0,0,0,0,0,1.75613102623348,0,0,0,0.144595948954417,0,0,0,0,0,0,0,0,0,0,0,0,0,0,0,0.370025696318991,0,0,0,0,0,0,0,0,0,0,0,0,0,0,0,0,0,0,0,0,0,0,0,0,0,0,0,0,0,0,0,0,0,0,0,0,0,0,0,0,0,0,0,0.358222584828211,0,0,0,0,0,0,0.163500585259839,0,0.217401603926528,0,0,0,0,0,0,0.318042161130463,0,0,0,0,0,0.43208404578354,3.94194963050006,0,0,0,0,0,0,0,0,0,0,0,0,0,0.0058621881694282,0,0,0,0,0,0,0,0,0,0,0,0.124057730851218,0,0,0,0,0,0,0,0,0,0,0.388112118376025,0,0,0,0,0,0,0,0,0,0.030232240003771,0,0,0,0,0,0,0,0,0,0,0,0,0,0,0,0,0,0,0,0,0,0,0,0,0,0,0,0,0,0,0,0,0,0,0,0,0,0,0,0,0,0,0,0,0,0,0,0,0.640961184122411,0,0,0,0,0,0,0,0,0,0,0,0,0,0,0,0,0,0,0,0.362998286306672,0,0,0,0,0,0.12854852797343,0,0,0,0,0,0,0,0,0,0,0,0,0,0,0,0,0,0,0,0,0,0,0,0,0,0,0,0,0,0,0,0,0,0.0281697810176619,0,0,0,0,0,0,0,0,0,0,0,0,0,0,0,0,15.1660666493818,0,0,0,0,0,0,0,0,0,0,0,0,0.492910639663929,0,0,0,1.87700969748304,0,0,0,0,0,0,0,0,0,0,0,0,0,0,0,0,0,0,0,0,0,0,0,0,0,0,0,0,0,0,0,0,0,0,0,0,0,0,0,0,0,0,0,0,0,0,0,0,0,0,0,0,0,0,1.04906246504219,0.143805804860289,0,0,0,0,1.8071139788008,0,0.73224287318131,0,0,0,0.864368433892684,0,0,0,0,0,0,0,0,0,0,0,0,0,0,0,0,0,0,0.431072127973843,0,0,0,0.107865753958739,0.176693571043751,0,0,0,0,0,0.0921457583708345,0,0,0,0,0,0,0,0,0,0,0,0.792994962544587,0,0,0,0,0,0,0,0,0,0,0,0,0.115964851732138,0,0,0,0,0,0,0,0,0,0,0,0,0,0,0,0,0,0,0,0,0,0,0,0,0,0,0,0,0,0,0,0,0,0,0,0,0,0,0,0,0,0,0,0,0,0,0,0,0,0,0,0,0,0,0,0,0,0,0,0,0,0,0,2.22128593303189,0,0,0,0,0,0,0,0,0,0,0,0,0,0,0,0,0,0,0,0,0,0,0.579428832514402,0,0,0.127274543078144,0,0,0,0,0,0,0,0,0,0,0,0,0,0,0,0,1.92941061766746,0,0,0,0,0,0.0688463403147245,0,1.16468766822498,0,0,0,0,0,0,0,0,0.0143948722337024,0,0,0,0.666227061634587,0,0,0,0,0,0,0,0,0,0,0,0,0,0,0,"KIN-00222"
"391",4910,"nSPC",2012,"PRIAs","Pacific Remote Island Areas","Kingman","Kingman",2012,"ForereefDeep","Kingman","2012-05-10","Forereef","Deep",6.37827258,-162.42253373,21.45,30,11,10,15,27.5,6.5,0,0,NA,0.54125,0.27298971869766,1.35,2,1,39.122639170779,84.9509059846341,708.170792846805,12.1227869838458,844.367124986064,28.3291209306156,0,0,0,0,0,0,0,0,0,0,0,0,0,0,0,0,0.0282942121052258,0.00565884242104517,0,0,0,0,0,0,0,0,0,0,0,0,0,0,0,0,0,0,0,0,0,0,0,0,0,0,0,0,0,0,0,0,0,0,0,0,0,0,0.0113176848420903,0,0,0,0,0,0,0,0,0,0,0,0,0,0,0,0,0.00565884242104517,0,0,0.00848826363156775,0,0,0,0,0,0,0.00282942121052258,0,0,0.00848826363156775,0,0,0,0,0,0,0,0,0,0,0,0,0,0.00282942121052258,0,0,0,0,0,0,0,0,0,0,0,0,0,0,0,0.0141471060526129,0,0,0,0.0254647908947033,0,0,0,0,0,0,0,0,0,0,0,0,0,0,0,0.0367824757367936,0,0.113176848420903,0,0,0,0,0,0.00565884242104517,0,0,0,0,0.0282942121052258,0,0,0,0,0,0,0,0,0,0,0,0,0,0,0,0,0,0,0,0,0.00565884242104517,0,3.96118969473162,0.0198059484736581,0,0,0,0,0,0,0.00282942121052258,0,0,0,0.00848826363156775,0,0,0,0,0.00565884242104517,0,0.00282942121052258,0,0,0,0,0,0,0,0,0,0,0,0.0565884242104517,0,0,0,0,0.0905414787367227,0.0452707393683613,0,0,0,0,0,0,0,0.00565884242104517,0,0,0,0,0,0,0,0,0,0,0,0,0,0,0,0.00565884242104517,0,0,0,0.0282942121052258,0,0,0.00565884242104517,0,0.00848826363156775,0,0,0,0,0,0.0820532151051549,0,0,0,0,0,0,0,0,0,0,0,0,0,0,0,0,0,0,0,0,0,0,0,0,0,0,0,0,0,0,0,0,0,0,0,0,0,0,0,0,0,0,0,0,0,0,0,0,0,0,0.0169765272631355,0,0,0,0,0,0,0,0,0,0,0,0,0,0,0,0,0,0,0,0.00282942121052258,0,0,0.0198059484736581,0,0,0.0367824757367936,0,0,0,0,0,0,0,0,0,0,0,0,0,0.0141471060526129,0,0,0,0,0,0,0,0,0,0,0,0,0,0,0,0,0,0,0.00565884242104517,0.00848826363156775,0,0,0,0.00282942121052258,0,0,0,0,0,0,0,0,0,0,0,0,0.0311236333157484,0,0,0,0,0,0,0,0,0,0,0,0,0.00848826363156775,0,0,0,0,0.00565884242104517,0,0,0,0,0,0,0,0.0565884242104517,0.0877120575262001,0,0.0169765272631355,0.0707355302630646,0,0,0,0,0,0.0282942121052258,0,0,0.00848826363156775,0,0.0198059484736581,0,0,0,0,0,0,0,0.00848826363156775,0,0,0,0,0,0,0,0,0,0,0.00282942121052258,0,0,0,0,0,0,0,0,0,0,0,0.00282942121052258,0.0282942121052258,0,0,0,0,0,0.0169765272631355,0,0,0,0,0.00565884242104517,0,0,0,0,0,0,0,0,0,0,0,0,0,0,0,0,0,0,0.00565884242104517,0,0,0,0,0.0509295817894065,0,0,0,0,0,0,0,0,0,0,0,0,0,0.0622472666314969,0,0,0,0,0,0,0,0,0,0,0,0,0,0,0,0,0,0,0,0,0,0.00282942121052258,0,0,0,0,0.033953054526271,0.169765272631355,0,0,0,0,0,0,0,0,0,0,0,0,0,0,0,0,0,0,0,0,0,0,0,0,0,0,0,0,0,0,0,0,0,0.00282942121052258,0,0,0,0,0,0,0,0,0,0,0,0,0,0,0,0,0,0,0.00282942121052258,0,0,0,0,0,0,0,0,0,0,0,0,0,0,0,0,0,0,0,0,0,0,0.033953054526271,0,0,0,0,0,0,0,0,0.00848826363156775,0,0,0,0,0,0,0,0,0,0,0,0,0,0,0,0,0.00282942121052258,0,0,0,0,0,0,0,0,0,0,0,0,0,0,0,0,0,0,0,0,0,0,0,0,0,0,0,0,0,0,0,0,0,0,0,1.90681194580937,0.087016036939786,0,0,0,0,0,0,0,0,0,0,0,0,0,0,0,0,0,0,0,0,0,0,0,0,0,0,0,0,0,0,0,0,0,0,0,0,0,0,1.56108505274526,0,0,0,0,0,0,0,0,0,0,0,0,0,0,0,0,1.1934930389948,0,0,1.18679182134384,0,0,0,0,0,0,0.191525483086802,0,0,1.66704059764944,0,0,0,0,0,0,0,0,0,0,0,0,0,1.13917715737816,0,0,0,0,0,0,0,0,0,0,0,0,0,0,0,3.74928327895169,0,0,0,0.184791957797766,0,0,0,0,0,0,0,0,0,0,0,0,0,0,0,2.62521460513636,0,0.132858302361298,0,0,0,0,0,0.399942920496372,0,0,0,0,674.398243660033,0,0,0,0,0,0,0,0,0,0,0,0,0,0,0,0,0,0,0,0,0.447063356309831,0,9.46067911320015,24.7022105857388,0,0,0,0,0,0,0.333200775916839,0,0,0,0.245250877889759,0,0,0,0,0.447063356309831,0,0.973643145748139,0,0,0,0,0,0,0,0,0,0,0,0.0394194963050006,0,0,0,0,1.13483617952408,0.00815231432283189,0,0,0,0,0,0,0,0.0319236773332926,0,0,0,0,0,0,0,0,0,0,0,0,0,0,0,0.433003304373534,0,0,0,1.22868818384432,0,0,0.456621342922102,0,0.557527400876994,0,0,0,0,0,0.319028591896086,0,0,0,0,0,0,0,0,0,0,0,0,0,0,0,0,0,0,0,0,0,0,0,0,0,0,0,0,0,0,0,0,0,0,0,0,0,0,0,0,0,0,0,0,0,0,0,0,0,0,0.636834474774745,0,0,0,0,0,0,0,0,0,0,0,0,0,0,0,0,0,0,0,0.164690365394844,0,0,0.157116079977381,0,0,0.232862497394493,0,0,0,0,0,0,0,0,0,0,0,0,0,1.47355577582926,0,0,0,0,0,0,0,0,0,0,0,0,0,0,0,0,0,0,0.0252703332664778,0.0138156106873841,0,0,0,0.0048155202490365,0,0,0,0,0,0,0,0,0,0,0,0,28.7927154807734,0,0,0,0,0,0,0,0,0,0,0,0,0.037586031360582,0,0,0,0,0.774766904242675,0,0,0,0,0,0,0,13.4494263577657,18.3154289882777,0,1.41408354911249,5.03824437410588,0,0,0,0,0,2.26474796069617,0,0,5.57735621296587,0,16.549299444614,0,0,0,0,0,0,0,11.0183149753614,0,0,0,0,0,0,0,0,0,0,0.430176203500089,0,0,0,0,0,0,0,0,0,0,0,0.839938132542888,0.261878804453936,0,0,0,0,0,0.360909581634582,0,0,0,0,0.450417033273184,0,0,0,0,0,0,0,0,0,0,0,0,0,0,0,0,0,0,0.0381752839622726,0,0,0,0,0.272966109748958,0,0,0,0,0,0,0,0,0,0,0,0,0,0.0887029107346025,0,0,0,0,0,0,0,0,0,0,0,0,0,0,0,0,0,0,0,0,0,0.00590641677696589,0,0,0,0,0.211818096219232,0.0808549866740913,0,0,0,0,0,0,0,0,0,0,0,0,0,0,0,0,0,0,0,0,0,0,0,0,0,0,0,0,0,0,0,0,0,0.386127717294564,0,0,0,0,0,0,0,0,0,0,0,0,0,0,0,0,0,0,2.65326719912866,0,0,0,0,0,0,0,0,0,0,0,0,0,0,0,0,0,0,0,0,0,0,0.247204483722827,0,0,0,0,0,0,0,0,0.806785691042346,0,0,0,0,0,0,0,0,0,0,0,0,0,0,0,0,0.049477837269103,0,0,0,0,0,0,0,0,0,0,0,0,0,0,0,0,0,0,0,24.77820039,25.33170045,26.11410047,19.02800034,24.81690041,24.22280041,27.11600048,32.35430057,32.10740056,34.42300061,15.77710029,"KIN-00186"
"392",4912,"nSPC",2012,"PRIAs","Pacific Remote Island Areas","Kingman","Kingman",2012,"ForereefMid","Kingman","2012-05-10","Forereef","Mid",6.38925237,-162.47141422,16.75,20,10,11.5,12.5,38.5,7.5,0,0,NA,0.27125,0.184020317231317,0.65,2,1,41.5726638595706,5.37050903807192,20.3260244116949,19.0940242866494,86.3632215959868,12.1851391644084,0,0,0,0,0,0,0,0,0,0,0,0,0,0,0,0,0.00282942121052258,0,0,0.0169765272631355,0,0.0565884242104517,0,0,0,0,0,0,0,0,0,0,0,0,0,0,0,0,0,0,0,0,0,0,0,0,0,0,0,0,0,0,0,0,0,0,0,0,0,0,0,0,0,0,0,0,0,0,0,0,0,0,0,0,0,0,0,0,0,0,0,0,0,0,0,0,0.0198059484736581,0,0,0,0,0,0,0,0,0,0,0,0,0,0,0,0,0,0,0,0,0,0,0,0,0,0,0,0,0,0.00282942121052258,0,0,0,0.0226353696841807,0,0,0,0,0,0,0,0,0,0,0,0,0,0,0,0.00282942121052258,0,0,0,0,0,0,0,0,0,0,0,0,0,0,0,0,0,0,0,0,0,0,0,0,0,0,0,0,0,0,0,0,0,0,0,0,0,0,0,0,0,0,0,0.00565884242104517,0,0,0,0.00565884242104517,0,0,0.0141471060526129,0,0.00282942121052258,0,0.00565884242104517,0,0,0,0,0,0,0,0,0,0,0,0.848826363156775,0,0,0,0,0,0.58003134815713,0,0,0,0,0,0,0,0.0198059484736581,0,0,0,0.0113176848420903,0,0,0,0,0,0,0,0.127323954473516,0,0,0,0.0226353696841807,0,0,0,0,0.0226353696841807,0,0.0113176848420903,0,0,0,0,0,0,0,0.141471060526129,0,0,0,0,0,0,0,0,0,0,0,0,0,0,0,0,0,0,0,0,0.0226353696841807,0,0,0,0,0,0,0,0.00282942121052258,0,0,0,0,0,0,0,0,0,0,0,0,0,0,0,0,0,0,0,0,0,0.0113176848420903,0,0,0,0,0,0,0,0,0,0,0,0,0,0,0,0,0,0,0,0,0,0,0,0,0,0.0452707393683613,0,0,0,0,0,0,0,0,0,0,0,0,0,0,0,0,0,0,0.0141471060526129,0,0,0,0,0,0,0,0,0,0,0,0,0,0,0.00282942121052258,0,0,0,0,0,0,0,0,0,0,0,0,0,0.0113176848420903,0,0,0.00848826363156775,0,0,0,0,0,0,0,0,0,0,0,0,0.0254647908947033,0,0,0,0,0,0,0,0,0,0,0,0,0,0,0,0,0,0,0,0,0,0,0,0,0,0,0,0,0,0,0,0,0,0,0,0,0,0,0,0,0,0,0,0,0,0,0.00282942121052258,0,0,0,0,0,0,0,0,0,0,0,0.0254647908947033,0.00282942121052258,0,0,0,0,0.0141471060526129,0,0,0,0.00282942121052258,0,0.0254647908947033,0,0,0,0,0,0,0,0,0,0,0,0,0,0,0,0,0,0,0.033953054526271,0,0,0,0,0.0452707393683613,0,0,0,0,0,0,0,0,0,0,0,0,0,0.636619772367581,0,0,0,0,0,0,0,0,0,0,0,0,0,0,0,0,0.0141471060526129,0,0,0,0,0.00848826363156775,0,0,0,0,0,0,0,0,0,0,0,0,0,0,0,0,0,0,0,0,0,0,0,0,0,0,0,0,0,0,0,0,0,0,0,0,0,0,0,0,0,0,0,0,0,0,0,0.0169765272631355,0.00565884242104517,0,0,0,0,0,0,0,0,0,0.00282942121052258,0,0,0,0,0,0,0,0,0,0,0,0,0,0,0,0,0,0,0,0,0,0,0.0537590029999291,0,0,0,0,0,0,0,0,0,0,0,0,0,0,0,0,0,0,0,0.147129902947174,0,0,0,0,0,0.00848826363156775,0,0.0622472666314969,0,0,0,0,0,0,0,0,0,0,0,0,0.00282942121052258,0,0,0,0,0,0,0,0,0,0,0,0,0,0,0,0,0,0,0,0,0.261071808710051,0,0,0.620028636452567,0,4.92030806056088,0,0,0,0,0,0,0,0,0,0,0,0,0,0,0,0,0,0,0,0,0,0,0,0,0,0,0,0,0,0,0,0,0,0,0,0,0,0,0,0,0,0,0,0,0,0,0,0,0,0,0,0,0,0,0,0,0,0,0,0,0,0,0,0,5.42590205139194,0,0,0,0,0,0,0,0,0,0,0,0,0,0,0,0,0,0,0,0,0,0,0,0,0,0,0,0,0,1.05377224459221,0,0,0,0.185854047762899,0,0,0,0,0,0,0,0,0,0,0,0,0,0,0,0.274978485412578,0,0,0,0,0,0,0,0,0,0,0,0,0,0,0,0,0,0,0,0,0,0,0,0,0,0,0,0,0,0,0,0,0,0,0,0,0,0,0,0,0,0,0,0.358222584828211,0,0,0,0.163500585259839,0,0,0.506112462933784,0,0.108700801963264,0,2.02926789542721,0,0,0,0,0,0,0,0,0,0,0,2.30355856555667,0,0,0,0,0,1.17561228920635,0,0,0,0,0,0,0,0.0494858840066075,0,0,0,0.032577008138991,0,0,0,0,0,0,0,0.916031902727192,0,0,0,1.00124303963581,0,0,0,0,1.06641218957097,0,0.789353828074621,0,0,0,0,0,0,0,0.119188560051375,0,0,0,0,0,0,0,0,0,0,0,0,0,0,0,0,0,0,0,0,3.34584056409345,0,0,0,0,0,0,0,0.368956299498448,0,0,0,0,0,0,0,0,0,0,0,0,0,0,0,0,0,0,0,0,0,0.192180627565596,0,0,0,0,0,0,0,0,0,0,0,0,0,0,0,0,0,0,0,0,0,0,0,0,0,0.350535579061038,0,0,0,0,0,0,0,0,0,0,0,0,0,0,0,0,0,0,2.51540805032297,0,0,0,0,0,0,0,0,0,0,0,0,0,0,0.0136985311808475,0,0,0,0,0,0,0,0,0,0,0,0,0,4.11013607831923,0,0,31.4968113426374,0,0,0,0,0,0,0,0,0,0,0,0,0.157246498485398,0,0,0,0,0,0,0,0,0,0,0,0,0,0,0,0,0,0,0,0,0,0,0,0,0,0,0,0,0,0,0,0,0,0,0,0,0,0,0,0,0,0,0,0,0,0,0.0508227760145788,0,0,0,0,0,0,0,0,0,0,0,2.4808664243684,0.0204346147065911,0,0,0,0,2.55143849896813,0,0,0,0.500467612637146,0,1.13013107006016,0,0,0,0,0,0,0,0,0,0,0,0,0,0,0,0,0,0,0.102999357090396,0,0,0,0,0.266656083887157,0,0,0,0,0,0,0,0,0,0,0,0,0,1.17853301230759,0,0,0,0,0,0,0,0,0,0,0,0,0,0,0,0,0.0661601530161364,0,0,0,0,0.02631899315816,0,0,0,0,0,0,0,0,0,0,0,0,0,0,0,0,0,0,0,0,0,0,0,0,0,0,0,0,0,0,0,0,0,0,0,0,0,0,0,0,0,0,0,0,0,0,0,6.10613959557032,2.21002833762564,0,0,0,0,0,0,0,0,0,1.83970333578523,0,0,0,0,0,0,0,0,0,0,0,0,0,0,0,0,0,0,0,0,0,0,0.265279668015528,0,0,0,0,0,0,0,0,0,0,0,0,0,0,0,0,0,0,0,0.527456457933804,0,0,0,0,0,0.407249486886586,0,0.456530507623271,0,0,0,0,0,0,0,0,0,0,0,0,0.264009106903639,0,0,0,0,75.82670124,82.85640145,90.0904015,82.96920137,50.97880089,52.88500096,57.655001,66.18420116,63.10700114,62.39970112,48.25610082,"KIN-00197"
"393",4915,"nSPC",2012,"PRIAs","Pacific Remote Island Areas","Kingman","Kingman",2012,"ForereefMid","Kingman","2012-05-10","Forereef","Mid",6.38750273,-162.46279955,17,15,12.5,12.5,15,38.5,6.5,0,0,NA,0.2725,0.225453380063465,0.9,2,1,23.4934710062868,6.83208783639368,22.6600989262356,6.10753937787158,59.0931971467876,16.7076737009887,0,0,0,0,0,0.0113176848420903,0,0,0,0,0,0,0,0.00282942121052258,0,0,0,0,0,0.00282942121052258,0,0.0141471060526129,0,0,0,0,0,0,0,0,0,0,0,0,0,0,0,0,0,0,0,0,0,0,0,0,0,0,0,0,0.00565884242104517,0,0,0,0,0,0,0,0,0,0,0,0,0,0,0,0,0,0,0,0,0,0,0,0,0,0,0,0,0,0,0,0,0,0,0,0.00282942121052258,0,0,0,0,0,0,0,0,0,0,0.00282942121052258,0,0,0,0,0,0,0,0,0,0,0,0,0,0,0,0,0,0,0.00565884242104517,0,0,0,0.0282942121052258,0,0,0,0,0,0,0,0,0,0,0,0,0,0,0,0.00565884242104517,0,0,0,0,0,0,0,0,0,0,0,0,0,0,0,0,0,0,0,0,0,0,0,0,0,0,0,0,0,0,0,0,0,0,0,0.282942121052258,0.00848826363156775,0,0,0,0,0,0,0.00565884242104517,0,0,0,0,0,0,0.00848826363156775,0,0,0,0.00565884242104517,0,0,0,0,0.00282942121052258,0,0,0,0,0,0,0.452707393683613,0,0,0,0,0,0.435730866420478,0,0,0,0,0,0,0,0.0113176848420903,0,0,0,0.00565884242104517,0,0,0,0,0,0,0,0.0848826363156775,0,0,0,0,0,0,0,0.0198059484736581,0.00848826363156775,0,0.0169765272631355,0,0,0,0,0,0,0,0,0,0,0,0,0,0,0,0,0,0,0,0,0,0,0,0,0,0,0,0,0,0,0,0.00282942121052258,0,0,0,0,0,0,0,0,0,0,0,0,0,0,0,0,0.00565884242104517,0,0,0,0,0,0,0,0,0,0.00848826363156775,0,0,0,0,0,0,0,0,0,0,0,0,0,0,0,0,0,0,0,0.00282942121052258,0,0,0,0,0,0.0282942121052258,0,0,0,0,0,0,0,0,0,0,0,0,0,0,0,0,0,0,0,0,0,0,0,0,0,0,0,0,0,0,0,0,0,0.00848826363156775,0,0,0,0,0,0,0,0,0,0,0,0,0,0.00282942121052258,0,0,0.0113176848420903,0,0,0,0,0,0,0,0,0,0,0,0,0.0452707393683613,0,0,0,0.0141471060526129,0,0,0,0,0,0,0,0,0,0,0,0,0,0,0,0,0,0,0,0,0,0,0,0,0,0,0,0,0,0,0,0,0,0,0,0,0,0,0,0,0,0,0,0,0,0,0,0,0,0,0,0,0,0,0.0141471060526129,0.00848826363156775,0,0,0,0,0.00282942121052258,0.00282942121052258,0,0,0,0,0.033953054526271,0,0,0,0,0,0,0,0,0,0,0,0,0,0,0,0,0,0,0.0226353696841807,0,0,0,0,0.0226353696841807,0,0,0,0,0,0,0,0,0,0,0,0,0,1.06103295394597,0,0,0,0,0,0,0,0,0,0,0,0,0,0,0,0,0,0,0,0,0,0,0,0,0,0,0.0113176848420903,0.0565884242104517,0,0,0,0,0,0,0,0,0,0,0,0,0,0,0,0,0,0,0,0,0,0,0,0,0,0,0,0,0,0,0,0,0,0,0,0,0,0,0,0,0,0,0.00848826363156775,0,0,0,0,0,0,0,0,0,0.00565884242104517,0,0,0,0,0,0,0,0,0,0,0,0,0,0,0,0,0,0,0,0,0,0,0.0707355302630646,0,0,0,0,0,0,0,0,0.00282942121052258,0,0,0,0,0,0,0,0,0,0,0.0282942121052258,0,0,0,0,0,0,0,0.0962003211577679,0,0,0,0,0,0,0.00282942121052258,0,0,0,0,0,0,0,0,0,0,0,0,0,0,0,1.15893092783005,0,0,0,0,0,0,0,0.335669217512441,0,0,0,0,0,0.140457447755596,0,0.889921591892227,0,0,0,0,0,0,0,0,0,0,0,0,0,0,0,0,0,0,0,0,0,0,0,0,0,0,0,0,0.102192752339534,0,0,0,0,0,0,0,0,0,0,0,0,0,0,0,0,0,0,0,0,0,0,0,0,0,0,0,0,0,0,0,0,0,0,0,0.453881859319369,0,0,0,0,0,0,0,0,0,0,1.64475209870772,0,0,0,0,0,0,0,0,0,0,0,0,0,0,0,0,0,0,2.10754448918442,0,0,0,0.20355891739756,0,0,0,0,0,0,0,0,0,0,0,0,0,0,0,0.549956970825156,0,0,0,0,0,0,0,0,0,0,0,0,0,0,0,0,0,0,0,0,0,0,0,0,0,0,0,0,0,0,0,0,0,0,0,0.689841185337511,5.29849803133326,0,0,0,0,0,0,0.54947018315172,0,0,0,0,0,0,0.168783184444441,0,0,0,3.03621670444808,0,0,0,0,0.43901399551134,0,0,0,0,0,0,0.835109329128162,0,0,0,0,0,0.497583173947085,0,0,0,0,0,0,0,0.0142867710114725,0,0,0,0.0208409282869626,0,0,0,0,0,0,0,0.325361389434086,0,0,0,0,0,0,0,1.12410648577189,0.270806722126888,0,1.44311864006346,0,0,0,0,0,0,0,0,0,0,0,0,0,0,0,0,0,0,0,0,0,0,0,0,0,0,0,0,0,0,0,0.740589575954953,0,0,0,0,0,0,0,0,0,0,0,0,0,0,0,0,0.289732731957513,0,0,0,0,0,0,0,0,0,0.306855229306049,0,0,0,0,0,0,0,0,0,0,0,0,0,0,0,0,0,0,0,0.236265071445519,0,0,0,0,0,0.108453412652057,0,0,0,0,0,0,0,0,0,0,0,0,0,0,0,0,0,0,0,0,0,0,0,0,0,0,0,0,0,0,0,0,0,0.0197135084492618,0,0,0,0,0,0,0,0,0,0,0,0,0,0.949698553486393,0,0,17.9570583038393,0,0,0,0,0,0,0,0,0,0,0,0,0.282011241473996,0,0,0,2.588776766756,0,0,0,0,0,0,0,0,0,0,0,0,0,0,0,0,0,0,0,0,0,0,0,0,0,0,0,0,0,0,0,0,0,0,0,0,0,0,0,0,0,0,0,0,0,0,0,0,0,0,0,0,0,0,2.24459798289752,0.069174847973956,0,0,0,0,0.426877041568511,0.110140412162358,0,0,0,0,0.408525791131284,0,0,0,0,0,0,0,0,0,0,0,0,0,0,0,0,0,0,0.0485556566553053,0,0,0,0,0.107794903113134,0,0,0,0,0,0,0,0,0,0,0,0,0,1.63853794028813,0,0,0,0,0,0,0,0,0,0,0,0,0,0,0,0,0,0,0,0,0,0,0,0,0,0,0.0916457227197369,0.437063253335485,0,0,0,0,0,0,0,0,0,0,0,0,0,0,0,0,0,0,0,0,0,0,0,0,0,0,0,0,0,0,0,0,0,0,0,0,0,0,0,0,0,0,4.79624844446194,0,0,0,0,0,0,0,0,0,1.93195842203766,0,0,0,0,0,0,0,0,0,0,0,0,0,0,0,0,0,0,0,0,0,0,0.365014346609876,0,0,0,0,0,0,0,0,0.134270749429591,0,0,0,0,0,0,0,0,0,0,0.145176187601309,0,0,0,0,0,0,0,0.261262246910871,0,0,0,0,0,0,0.0972958058094588,0,0,0,0,0,0,0,0,0,0,0,0,0,0,0,0,0,0,0,0,0,"KIN-00196"
"394",4916,"nSPC",2012,"PRIAs","Pacific Remote Island Areas","Kingman","Kingman",2012,"ForereefMid","Kingman","2012-05-10","Forereef","Mid",6.45007473,-162.41072346,14.4,45,17.5,7.5,2,25,3,0,0,NA,0.31625,0.11376088994591,0.55,2,1,12.1373287830412,6.64699454934223,23.5327465607882,12.5613778805507,54.8784477737223,16.8324569759845,0,0,0,0,0,0.0254647908947033,0,0,0,0,0,0,0,0.00282942121052258,0,0,0,0.00565884242104517,0,0.00565884242104517,0,0,0,0,0,0,0,0,0,0,0,0,0,0,0,0,0,0,0,0,0,0,0,0,0,0,0,0,0,0,0,0,0,0,0,0,0,0,0,0,0,0,0,0,0,0,0,0,0,0,0,0,0,0,0,0,0.00282942121052258,0,0,0,0,0,0,0,0,0,0.00565884242104517,0,0,0,0,0,0,0,0,0,0,0.00282942121052258,0,0,0,0,0,0,0,0,0,0,0,0,0,0,0,0,0,0,0.00565884242104517,0,0,0,0.0141471060526129,0,0,0,0,0,0,0,0,0,0,0,0,0,0,0,0.0198059484736581,0,0,0,0,0,0,0,0.00565884242104517,0,0,0,0,0,0,0,0,0,0,0,0,0,0,0,0,0,0,0,0,0,0,0,0,0,0,0,0.0367824757367936,0.00282942121052258,0,0,0,0,0,0,0.0113176848420903,0,0,0,0,0,0,0.00848826363156775,0,0.00565884242104517,0,0,0,0,0,0,0,0,0,0,0,0,0.00565884242104517,1.55618166578742,0,0,0,0,0,0,0,0,0,0,0,0,0,0,0,0,0,0,0,0,0,0.0169765272631355,0,0,0,0.0169765272631355,0,0,0,0.00282942121052258,0,0,0,0,0.00282942121052258,0,0.00848826363156775,0,0,0,0,0,0,0,0.0141471060526129,0,0,0,0,0,0,0,0,0,0,0,0,0,0,0,0,0,0,0,0,0.00565884242104517,0,0,0.00282942121052258,0,0,0,0,0,0,0,0,0,0,0,0,0,0,0,0,0.00565884242104517,0,0,0,0,0,0,0,0,0,0.0113176848420903,0,0,0,0,0,0,0,0,0,0,0,0,0,0,0,0,0,0,0,0.00565884242104517,0,0,0,0,0,0.0396118969473162,0,0,0,0,0,0,0,0,0,0,0,0,0,0,0,0,0,0,0.00282942121052258,0,0,0,0,0,0,0,0,0,0,0,0,0,0,0.00848826363156775,0,0,0,0,0,0,0,0,0,0,0,0,0,0,0,0,0.00565884242104517,0,0,0,0,0,0,0,0,0,0,0,0,0.0169765272631355,0,0,0,0,0.00282942121052258,0,0,0,0,0,0,0,0,0,0,0,0,0,0,0,0,0,0,0,0,0,0,0,0,0,0,0,0,0,0,0,0,0,0,0,0,0,0,0,0,0,0,0,0,0,0,0,0,0,0,0,0,0,0.0113176848420903,0.00848826363156775,0,0,0,0,0,0,0,0,0.0113176848420903,0,0.00282942121052258,0,0,0,0,0,0,0,0,0,0,0,0,0,0,0,0,0,0,0.0424413181578388,0,0,0,0,0.0396118969473162,0,0,0,0,0,0,0,0,0,0.00282942121052258,0,0,0,0,0,0,0,0,0,0,0,0,0,0,0,0,0,0,0,0,0,0,0,0,0,0,0,0,0,0.00565884242104517,0.00848826363156775,2.4050080289442,0,0,0,0,0,0,0,0,0,0,0,0,0,0,0,0,0,0,0,0,0,0,0,0,0,0,0,0,0,0,0,0,0,0,0,0,0,0,0,0,0,0,0.00848826363156775,0,0,0,0,0,0,0,0,0,0.00282942121052258,0,0,0,0,0.00565884242104517,0,0,0,0,0,0,0,0,0,0,0,0,0,0,0,0,0,0.0481001605788839,0,0,0,0,0,0,0,0,0.00565884242104517,0,0,0,0,0,0,0,0,0,0,0,0,0,0,0,0,0.0113176848420903,0,0.0452707393683613,0,0,0,0,0,0,0,0,0,0,0,0,0,0,0,0,0,0,0,0,0,0,3.92723664020535,0,0,0,0,0,0,0,0.282387194662514,0,0,0,0.11972088307316,0,0.588628809353835,0,0,0,0,0,0,0,0,0,0,0,0,0,0,0,0,0,0,0,0,0,0,0,0,0,0,0,0,0,0,0,0,0,0,0,0,0,0,0,0,0,0,0,0,0,0,0,0,0,0,0,0,0,0,0,0,0.575196051615958,0,0,0,0,0,0,0,0,0,1.05795255304829,0,0,0,0,0,0,0,0,0,0,1.04538924694603,0,0,0,0,0,0,0,0,0,0,0,0,0,0,0,0,0,0,3.5994754901547,0,0,0,0.0886844874416225,0,0,0,0,0,0,0,0,0,0,0,0,0,0,0,1.46883354712305,0,0,0,0,0,0,0,0.583555502051457,0,0,0,0,0,0,0,0,0,0,0,0,0,0,0,0,0,0,0,0,0,0,0,0,0,0,0,0.122930429217817,2.65632511985617,0,0,0,0,0,0,1.11346490814351,0,0,0,0,0,0,0.390689463816976,0,0.358222584828211,0,0,0,0,0,0,0,0,0,0,0,0,0.269160840973409,2.33962010476902,0,0,0,0,0,0,0,0,0,0,0,0,0,0,0,0,0,0,0,0,0,0.052614714514729,0,0,0,0.270056111106957,0,0,0,0.126323471133476,0,0,0,0,0.100333377594546,0,0.8284292773766,0,0,0,0,0,0,0,0.0242526334566519,0,0,0,0,0,0,0,0,0,0,0,0,0,0,0,0,0,0,0,0,2.42646088616,0,0,0.49949091960579,0,0,0,0,0,0,0,0,0,0,0,0,0,0,0,0,0.155405959987953,0,0,0,0,0,0,0,0,0,0.304200033135888,0,0,0,0,0,0,0,0,0,0,0,0,0,0,0,0,0,0,0,0.524595448395933,0,0,0,0,0,0.558749573580063,0,0,0,0,0,0,0,0,0,0,0,0,0,0,0,0,0,0,0.638565843442544,0,0,0,0,0,0,0,0,0,0,0,0,0,0,0.0378387065914083,0,0,0,0,0,0,0,0,0,0,0,0,0,0,0,0,2.3978175099332,0,0,0,0,0,0,0,0,0,0,0,0,0.0817844200901553,0,0,0,0,0.474639722654202,0,0,0,0,0,0,0,0,0,0,0,0,0,0,0,0,0,0,0,0,0,0,0,0,0,0,0,0,0,0,0,0,0,0,0,0,0,0,0,0,0,0,0,0,0,0,0,0,0,0,0,0,0,2.24474134967026,0.137220411250475,0,0,0,0,0,0,0,0,1.97370763917094,0,0.109690165036044,0,0,0,0,0,0,0,0,0,0,0,0,0,0,0,0,0,0,0.245861814270581,0,0,0,0,0.205502949918153,0,0,0,0,0,0,0,0,0,0.00638956551448123,0,0,0,0,0,0,0,0,0,0,0,0,0,0,0,0,0,0,0,0,0,0,0,0,0,0,0,0,0,0.404258268952331,0.120385333032069,4.16019138189874,0,0,0,0,0,0,0,0,0,0,0,0,0,0,0,0,0,0,0,0,0,0,0,0,0,0,0,0,0,0,0,0,0,0,0,0,0,0,0,0,0,0,8.53533984300547,0,0,0,0,0,0,0,0,0,1.50524257686471,0,0,0,0,3.09016018931217,0,0,0,0,0,0,0,0,0,0,0,0,0,0,0,0,0,0.237614477927096,0,0,0,0,0,0,0,0,0.434531191827216,0,0,0,0,0,0,0,0,0,0,0,0,0,0,0,0,0.352879008161448,0,1.02569914186896,0,0,0,0,0,0,0,0,0,0,0,0,0,0,0,0,0,162.4276028,172.945003,166.4416029,181.952303,156.3575028,189.9032032,152.9660026,154.4189027,191.0811033,159.5313028,184.9900031,"KIN-00195"
"395",4917,"nSPC",2012,"PRIAs","Pacific Remote Island Areas","Kingman","Kingman",2012,"ForereefMid","Kingman","2012-05-10","Forereef","Mid",6.44049908,-162.41979444,13.05,42.5,7.5,7.5,5,30,7.5,0,0,NA,0.3625,0.148292332569773,0.6,2,1,11.9251728525749,15.8248244664178,16.9101404769321,5.72029534306135,50.3804331389861,11.9047944204423,0,0,0,0,0,0.0141471060526129,0,0,0,0,0,0,0,0,0,0,0,0.00848826363156775,0,0.0141471060526129,0,0.00848826363156775,0,0,0,0,0,0,0,0,0,0,0,0,0,0,0,0,0,0,0,0,0,0,0,0,0,0,0,0,0.00282942121052258,0,0,0,0,0,0,0,0,0,0,0,0,0,0,0,0,0,0,0,0,0,0,0,0,0,0,0,0,0,0,0,0,0,0,0,0.00282942121052258,0,0,0,0,0,0,0,0,0,0,0,0,0,0,0,0,0,0,0,0,0,0,0,0,0,0,0,0,0,0.0113176848420903,0,0,0,0.0254647908947033,0,0,0,0,0,0,0,0,0,0,0,0,0,0,0,0.00848826363156775,0,0,0,0,0,0,0,0,0,0,0,0,0,0,0,0,0,0,0,0,0,0,0,0,0,0,0,0,0,0.00848826363156775,0,0,0,0,0,0.0565884242104517,0,0,0,0,0,0,0,0,0,0,0,0,0,0,0.00282942121052258,0,0.00565884242104517,0,0.00848826363156775,0,0,0,0,0,0,0,0,0,0,0,1.83912378683968,0,0,0,0,0,0,0,0,0,0,0,0.325383439210097,0,0,0,0,0,0,0,0,0,0,0,0,0,0.0650766878420194,0,0,0,0,0,0,0,0,0,0,0.00565884242104517,0,0,0,0,0,0,0,0,0,0,0,0,0,0,0,0,0,0,0,0,0,0,0,0,0,0,0,0,0.00282942121052258,0,0,0,0,0,0,0,0,0,0,0,0,0,0,0,0,0,0,0,0,0,0,0,0,0,0,0,0,0,0.00282942121052258,0,0,0,0,0,0,0,0,0,0,0,0,0,0,0,0,0,0,0,0.00565884242104517,0,0,0,0,0,0.0141471060526129,0,0,0,0,0,0,0,0,0,0,0,0,0,0,0,0,0,0,0,0,0,0,0,0,0,0,0,0,0,0,0,0,0,0.00565884242104517,0,0,0,0,0,0,0,0,0,0,0,0,0,0,0,0,0.00282942121052258,0,0,0,0,0,0,0,0,0,0,0,0,0.0169765272631355,0,0,0,0.0226353696841807,0,0,0,0,0,0,0,0,0,0,0,0,0,0,0,0,0,0,0,0,0,0,0,0,0,0,0,0,0,0,0,0,0,0,0,0,0,0,0,0,0,0,0,0,0,0,0,0,0,0,0,0,0,0,0.0113176848420903,0.0226353696841807,0,0,0,0,0,0.00848826363156775,0.00282942121052258,0,0,0,0.0141471060526129,0,0,0,0,0,0,0,0,0,0,0,0,0,0,0,0,0,0,0.0282942121052258,0,0,0,0,0.0424413181578388,0,0,0,0,0,0,0,0,0,0,0,0,0,0,0,0,0,0,0,0,0,0,0,0,0,0,0,0,0,0,0,0,0,0,0,0,0,0,0,0,0,0.565884242104517,0,0,0,0,0,0,0,0,0,0,0,0,0,0,0,0,0,0,0,0,0,0,0,0,0,0,0,0,0,0,0,0,0,0,0,0,0,0,0,0,0,0,0.00282942121052258,0,0,0,0,0,0,0,0,0,0.00565884242104517,0,0,0,0,0.00282942121052258,0,0,0,0,0,0,0,0,0,0,0,0,0,0,0,0,0,0.0452707393683613,0,0.00565884242104517,0,0,0,0,0,0,0.00565884242104517,0,0,0,0,0,0,0,0,0,0,0.226353696841807,0,0,0,0,0,0.00565884242104517,0,0.0481001605788839,0,0,0,0,0,0,0,0,0,0,0,0,0,0,0,0,0,0,0,0,0,0,1.8170543013976,0,0,0,0,0,0,0,0,0,0,0,0.267810966792015,0,0.402513160694782,0,1.66012623214767,0,0,0,0,0,0,0,0,0,0,0,0,0,0,0,0,0,0,0,0,0,0,0,0,0,0,0,0,0.0303209265183232,0,0,0,0,0,0,0,0,0,0,0,0,0,0,0,0,0,0,0,0,0,0,0,0,0,0,0,0,0,0,0,0,0,0,0,0.155725906230731,0,0,0,0,0,0,0,0,0,0,0,0,0,0,0,0,0,0,0,0,0,0,0,0,0,0,0,0,0,5.31367361156322,0,0,0,0.129692666689774,0,0,0,0,0,0,0,0,0,0,0,0,0,0,0,0.754922100135124,0,0,0,0,0,0,0,0,0,0,0,0,0,0,0,0,0,0,0,0,0,0,0,0,0,0,0,0,0,0.272201387223104,0,0,0,0,0,0.28214139484968,0,0,0,0,0,0,0,0,0,0,0,0,0,0,0.108700801963264,0,0.163500585259839,0,3.6981618894844,0,0,0,0,0,0,0,0,0,0,0,2.83053883190074,0,0,0,0,0,0,0,0,0,0,0,0.828243542228085,0,0,0,0,0,0,0,0,0,0,0,0,0,0.855633694759227,0,0,0,0,0,0,0,0,0,0,0.450333413868732,0,0,0,0,0,0,0,0,0,0,0,0,0,0,0,0,0,0,0,0,0,0,0,0,0,0,0,0,0.472466187917968,0,0,0,0,0,0,0,0,0,0,0,0,0,0,0,0,0,0,0,0,0,0,0,0,0,0,0,0,0,0.0863340103006628,0,0,0,0,0,0,0,0,0,0,0,0,0,0,0,0,0,0,0,0.673210963103603,0,0,0,0,0,0.062919537111117,0,0,0,0,0,0,0,0,0,0,0,0,0,0,0,0,0,0,0,0,0,0,0,0,0,0,0,0,0,0,0,0,0,0.0225968114656179,0,0,0,0,0,0,0,0,0,0,0,0,0,0,0,0,0.932118799283065,0,0,0,0,0,0,0,0,0,0,0,0,0.081436401281261,0,0,0,9.58598880347856,0,0,0,0,0,0,0,0,0,0,0,0,0,0,0,0,0,0,0,0,0,0,0,0,0,0,0,0,0,0,0,0,0,0,0,0,0,0,0,0,0,0,0,0,0,0,0,0,0,0,0,0,0,0,3.66230420957125,0.373266812915745,0,0,0,0,0,0.398590741787402,0.39109720231686,0,0,0,1.17224218574354,0,0,0,0,0,0,0,0,0,0,0,0,0,0,0,0,0,0,0.190876419811363,0,0,0,0,0.18544648232889,0,0,0,0,0,0,0,0,0,0,0,0,0,0,0,0,0,0,0,0,0,0,0,0,0,0,0,0,0,0,0,0,0,0,0,0,0,0,0,0,0,1.01797414771322,0,0,0,0,0,0,0,0,0,0,0,0,0,0,0,0,0,0,0,0,0,0,0,0,0,0,0,0,0,0,0,0,0,0,0,0,0,0,0,0,0,0,1.02533339531968,0,0,0,0,0,0,0,0,0,5.1633451751726,0,0,0,0,2.01795396046562,0,0,0,0,0,0,0,0,0,0,0,0,0,0,0,0,0,0.277815314899213,0,0.0942365005481492,0,0,0,0,0,0,0.490696334624574,0,0,0,0,0,0,0,0,0,0,0.913499858476295,0,0,0,0,0,0.312586168617932,0,0.754801301025657,0,0,0,0,0,0,0,0,0,0,0,0,0,0,0,0,0,127.2415022,142.3653024,129.3614022,148.1679024,121.7996021,156.3596027,120.868002,129.8560023,146.6920025,106.4771019,150.1147026,"KIN-00191"
"396",4918,"nSPC",2012,"PRIAs","Pacific Remote Island Areas","Kingman","Kingman",2012,"ForereefDeep","Kingman","2012-05-10","Forereef","Deep",6.41502589,-162.44787298,20.8,35,20,10,12.5,20,2.5,0,0,NA,0.405,0.184814448629825,0.9,2,1,44.9878288116288,16.9301706361942,15.4034973853699,17.2152808784412,94.5367777116342,12.2596089817092,0,0,0,0,0,0,0,0,0,0,0,0,0,0,0,0,0.0282942121052258,0,0,0,0,0,0,0,0,0,0,0,0,0,0,0,0,0,0,0,0,0,0,0,0,0,0,0,0,0,0,0,0,0,0.00282942121052258,0,0,0,0,0,0,0,0,0,0,0,0,0,0,0,0,0,0,0.00282942121052258,0,0,0,0,0,0,0.00565884242104517,0,0,0,0,0,0,0,0,0,0.00565884242104517,0,0,0,0,0,0,0,0,0,0,0,0,0,0,0,0,0,0,0,0,0,0,0,0,0,0,0,0,0,0.00565884242104517,0,0,0,0.00848826363156775,0,0,0,0,0.0254647908947033,0,0,0,0,0,0,0,0,0,0,0.00282942121052258,0,0,0,0,0,0,0,0.00848826363156775,0.00565884242104517,0,0,0,0,0,0,0,0,0,0,0,0,0,0,0,0,0,0,0,0,0.0113176848420903,0,0,0,0,0.00565884242104517,1.38641639315607,0.00848826363156775,0,0,0,0,0,0,0.0141471060526129,0,0,0,0.0113176848420903,0,0,0.00282942121052258,0,0.0113176848420903,0,0,0,0,0,0,0,0,0,0,0,0,0,0.297089227104871,0,0,0,0,0.033953054526271,0,0,0,0,0,0,0,0,0,0,0,0,0,0,0,0,0.0226353696841807,0,0,0,0,0,0,0,0,0,0,0,0.0141471060526129,0,0,0.033953054526271,0,0,0,0,0,0,0,0.0367824757367936,0,0,0,0,0,0,0,0,0,0,0,0,0,0,0,0,0,0,0,0,0,0,0,0,0,0,0,0,0,0,0,0,0,0,0,0,0,0,0,0,0,0,0,0,0,0,0,0,0,0,0,0,0.00282942121052258,0,0,0,0,0,0,0,0,0,0,0,0,0,0,0,0,0,0.00848826363156775,0,0,0,0,0,0.0113176848420903,0,0,0,0,0,0,0,0,0,0,0,0,0,0,0,0,0,0,0,0,0,0,0,0,0,0,0,0,0,0,0,0,0,0.00282942121052258,0,0,0,0.0141471060526129,0,0,0,0,0,0,0,0,0,0,0,0,0.0141471060526129,0,0,0,0,0,0,0,0,0,0,0,0,0.00565884242104517,0,0,0,0,0,0.00282942121052258,0,0,0,0,0,0,0,0.033953054526271,0,0,0.0452707393683613,0,0,0,0,0,0,0,0,0,0,0,0,0,0,0,0,0,0,0.00282942121052258,0,0,0,0,0,0,0,0,0,0,0,0,0,0,0,0.00282942121052258,0,0,0,0,0,0,0.00565884242104517,0.0169765272631355,0,0,0,0,0,0.00282942121052258,0,0,0.00282942121052258,0,0,0,0,0,0,0,0,0,0,0,0,0,0,0,0,0,0,0,0,0.0424413181578388,0,0,0,0,0.118835690841949,0,0,0,0,0,0,0,0,0,0,0,0,0,0,0,0.00282942121052258,0,0,0,0,0,0,0,0,0,0,0,0,0,0,0,0,0,0,0,0,0,0,0,0,0.0169765272631355,0.198059484736581,0,0,0,0.00565884242104517,0,0,0,0,0,0,0,0,0,0,0,0,0,0,0,0,0,0,0,0,0,0,0,0,0,0,0,0,0,0.0113176848420903,0,0,0,0,0,0,0,0,0,0,0,0,0,0,0,0,0,0,0,0,0,0,0,0.00282942121052258,0,0,0,0,0,0,0,0,0,0,0,0,0,0,0,0,0,0,0,0,0,0,0,0,0,0,0,0,0,0,0,0,0,0,0,0,0,0,0,0,0,0,0,0.00282942121052258,0,0.00848826363156775,0,0,0,0,0,0,0,0,0,0,0,0,0,0,0,0,0,0,0,0,0,0,0,0,0,0,0,0,0,0,0,0,0,1.52023485871188,0,0,0,0,0,0,0,0,0,0,0,0,0,0,0,0,0,0,0,0,0,0,0,0,0,0,0,0,0,0,0,0,0,0.0913787044729163,0,0,0,0,0,0,0,0,0,0,0,0,0,0,0,0,0,0,2.44381956197874,0,0,0,0,0,0,0.802558219484546,0,0,0,0,0,0,0,0,0,1.78116263196005,0,0,0,0,0,0,0,0,0,0,0,0,0,0,0,0,0,0,0,0,0,0,0,0,0,0,0,0,0,3.61600255903636,0,0,0,0.0401960088433489,0,0,0,0,0.120588026530047,0,0,0,0,0,0,0,0,0,0,0.370025696318991,0,0,0,0,0,0,0,0.486435166031838,0.355435989122598,0,0,0,0,0,0,0,0,0,0,0,0,0,0,0,0,0,0,0,0,0.49939026578024,0,0,0,0,0.54947018315172,5.00262607737351,10.9159261163324,0,0,0,0,0,0,0.972453175932288,0,0,0,0.203232528046707,0,0,0.0817502926299197,0,0.831458845005431,0,0,0,0,0,0,0,0,0,0,0,0,0,0.474858932340795,0,0,0,0,0.142931354753164,0,0,0,0,0,0,0,0,0,0,0,0,0,0,0,0,0.0296272961318824,0,0,0,0,0,0,0,0,0,0,0,0.626035219007473,0,0,0.80720699443611,0,0,0,0,0,0,0,0.0358796410216538,0,0,0,0,0,0,0,0,0,0,0,0,0,0,0,0,0,0,0,0,0,0,0,0,0,0,0,0,0,0,0,0,0,0,0,0,0,0,0,0,0,0,0,0,0,0,0,0,0,0,0,0,1.5799729449026,0,0,0,0,0,0,0,0,0,0,0,0,0,0,0,0,0,0.632880913269173,0,0,0,0,0,0.0201327466234734,0,0,0,0,0,0,0,0,0,0,0,0,0,0,0,0,0,0,0,0,0,0,0,0,0,0,0,0,0,0,0,0,0,0.0054076140822457,0,0,0,0.0399229538207779,0,0,0,0,0,0,0,0,0,0,0,0,38.6665335185592,0,0,0,0,0,0,0,0,0,0,0,0,0.025057354240388,0,0,0,0,0,3.17327869517181,0,0,0,0,0,0,0,3.83396763060132,0,0,3.51424679907051,0,0,0,0,0,0,0,0,0,0,0,0,0,0,0,0,0,0,3.00449948419392,0,0,0,0,0,0,0,0,0,0,0,0,0,0,0,1.08050976774985,0,0,0,0,0,0,0.613848731936356,0.262471435133925,0,0,0,0,0,0.141445360875306,0,0,0.37361170425437,0,0,0,0,0,0,0,0,0,0,0,0,0,0,0,0,0,0,0,0,0.117057456227201,0,0,0,0,0.559429877019108,0,0,0,0,0,0,0,0,0,0,0,0,0,0,0,0.624736203283387,0,0,0,0,0,0,0,0,0,0,0,0,0,0,0,0,0,0,0,0,0,0,0,0,0.137468584079605,0.421770451059115,0,0,0,0.0223195522751254,0,0,0,0,0,0,0,0,0,0,0,0,0,0,0,0,0,0,0,0,0,0,0,0,0,0,0,0,0,1.36197415508685,0,0,0,0,0,0,0,0,0,0,0,0,0,0,0,0,0,0,0,0,0,0,0,1.34368286537678,0,0,0,0,0,0,0,0,0,0,0,0,0,0,0,0,0,0,0,0,0,0,0,0,0,0,0,0,0,0,0,0,0,0,0,0,0,0,0,0,0,0,0,0.142740034951214,0,0.0371265333559931,0,0,0,0,0,0,0,0,0,0,0,0,0,0,0,0,0,69.69620119,71.09220121,82.18240135,78.8940013,44.20080079,49.74560093,45.70940077,60.53660105,59.24270108,50.8117009,49.49560084,"KIN-00185"
"397",4919,"nSPC",2012,"PRIAs","Pacific Remote Island Areas","Kingman","Kingman",2012,"ForereefMid","Kingman","2012-05-10","Forereef","Mid",6.40677197,-162.45277832,10.05,25,1.5,6.5,5,52,10,0,0,NA,0.3175,0.16127610673551,0.65,2,1,15.2214581894286,8.68073377541123,12.3292473879557,11.5111984612595,47.7426378140551,9.00926357920133,0,0,0,0,0,0,0,0,0,0,0,0,0,0,0,0,0.00848826363156775,0.00565884242104517,0,0.0169765272631355,0,0,0,0,0,0,0.00282942121052258,0,0,0,0,0,0,0,0,0,0,0,0,0,0,0,0,0,0,0,0,0.00848826363156775,0,0,0,0,0,0,0,0,0,0,0,0,0,0,0,0,0,0,0,0,0,0,0,0,0,0,0,0,0,0,0,0,0,0,0,0,0,0,0.0141471060526129,0,0,0,0,0,0,0,0,0,0,0,0,0,0,0,0,0,0,0,0,0,0,0,0,0,0,0,0,0,0.0113176848420903,0,0,0,0.0481001605788839,0,0,0,0,0,0,0,0,0,0,0,0,0,0,0,0,0,0,0,0,0,0,0,0,0,0,0,0,0,0,0,0,0,0,0,0,0,0,0,0,0,0,0,0,0,0.00565884242104517,0,0,0,0,0,0,0.00565884242104517,0,0,0,0,0,0,0.0113176848420903,0,0,0,0,0,0,0.0113176848420903,0,0,0,0,0,0,0,0,0,0,0,0,0,0,0.00282942121052258,0.848826363156775,0,0,0,0,0,0,0,0,0,0,0,0.0848826363156775,0,0.0113176848420903,0,0,0,0,0,0,0,0,0,0,0,0.0565884242104517,0,0,0,0.0113176848420903,0,0,0,0,0,0,0.0226353696841807,0,0,0,0,0,0,0,0,0,0,0,0,0,0,0,0,0,0,0,0,0,0,0,0,0,0,0,0,0,0,0,0,0,0,0,0,0,0,0,0,0.00282942121052258,0,0,0,0,0,0,0,0,0,0,0,0,0,0,0,0,0,0.00565884242104517,0,0,0,0,0,0,0,0,0,0,0,0,0,0,0,0,0,0,0,0,0,0,0,0,0,0.0848826363156775,0,0,0,0,0,0,0,0,0,0,0,0,0,0,0,0,0,0,0,0,0,0,0,0,0,0,0,0,0,0,0,0,0,0.00848826363156775,0,0,0,0.00282942121052258,0,0,0,0,0,0,0,0.00282942121052258,0,0,0,0,0,0,0,0,0,0,0,0,0,0,0,0,0,0.033953054526271,0,0,0,0.0169765272631355,0,0,0,0,0,0,0,0,0,0,0,0,0,0,0,0,0,0,0,0,0,0,0,0,0,0,0,0,0,0,0,0,0,0,0,0,0,0,0,0,0,0,0,0,0,0,0,0,0,0,0,0,0,0,0.0141471060526129,0.00565884242104517,0,0,0,0,0,0,0.00848826363156775,0,0.00565884242104517,0,0.00282942121052258,0,0,0,0,0,0,0,0,0,0,0,0,0,0,0,0,0,0,0.0509295817894065,0,0,0,0.0141471060526129,0.0962003211577679,0,0,0,0,0,0.00565884242104517,0,0,0,0,0,0,0,0.0198059484736581,0,0,0,0,0,0,0,0,0,0,0,0,0,0,0,0,0,0,0,0,0,0,0,0,0,0,0,0,0,0,0,0,0,0,0,0,0,0,0,0,0,0,0,0,0,0,0,0,0,0,0,0,0,0,0,0,0,0,0,0,0,0,0,0,0,0,0,0,0,0,0.00282942121052258,0,0,0,0,0,0,0,0,0,0.00282942121052258,0,0,0,0,0,0,0,0,0,0,0,0,0,0,0,0,0,0,0,0,0,0,0.0452707393683613,0,0.00565884242104517,0,0,0,0,0,0,0,0,0,0,0,0,0,0,0,0,0,0.16410643021031,0,0,0,0,0,0,0,0.0962003211577679,0,0,0,0,0,0,0,0,0,0,0,0,0,0,0,0,0,0,0,0,0,0,0,0,0,0,0,0,0,0,0,0,0,0.431746084832153,0.159779948754,0,1.01079645254454,0,0,0,0,0,0,0.0974594214728254,0,0,0,0,0,0,0,0,0,0,0,0,0,0,0,0,0,0,0,0,0.186182688585065,0,0,0,0,0,0,0,0,0,0,0,0,0,0,0,0,0,0,0,0,0,0,0,0,0,0,0,0,0,0,0,0,0,0,0,0,0,0,3.26034411142858,0,0,0,0,0,0,0,0,0,0,0,0,0,0,0,0,0,0,0,0,0,0,0,0,0,0,0,0,0,11.0773827769601,0,0,0,0.195171913094937,0,0,0,0,0,0,0,0,0,0,0,0,0,0,0,0,0,0,0,0,0,0,0,0,0,0,0,0,0,0,0,0,0,0,0,0,0,0,0,0,0,0,0,0,0,0.217401603926528,0,0,0,0,0,0,2.41451031180826,0,0,0,0,0,0,0.805285941138042,0,0,0,0,0,0,0.40131252176257,0,0,0,0,0,0,0,0,0,0,0,0,0,0,0.102731780195644,1.28660855995488,0,0,0,0,0,0,0,0,0,0,0,0.338279242061233,0,0.0318993194983229,0,0,0,0,0,0,0,0,0,0,0,0.627948118784709,0,0,0,0.580884418652102,0,0,0,0,0,0,1.11635733181041,0,0,0,0,0,0,0,0,0,0,0,0,0,0,0,0,0,0,0,0,0,0,0,0,0,0,0,0,0,0,0,0,0,0,0,0,0,0,0,0,0.481579815876362,0,0,0,0,0,0,0,0,0,0,0,0,0,0,0,0,0,0.216570416436694,0,0,0,0,0,0,0,0,0,0,0,0,0,0,0,0,0,0,0,0,0,0,0,0,0,0.574366563951542,0,0,0,0,0,0,0,0,0,0,0,0,0,0,0,0,0,0,0,0,0,0,0,0,0,0,0,0,0,0,0,0,0,0.055566843379357,0,0,0,0.567518593195095,0,0,0,0,0,0,0,0.597257115287616,0,0,0,0,0,0,0,0,0,0,0,0,0,0,0,0,0,0.254053730492823,0,0,0,6.51288667848138,0,0,0,0,0,0,0,0,0,0,0,0,0,0,0,0,0,0,0,0,0,0,0,0,0,0,0,0,0,0,0,0,0,0,0,0,0,0,0,0,0,0,0,0,0,0,0,0,0,0,0,0,0,0,2.33668723991904,0.114933893012344,0,0,0,0,0,0,1.32580835667313,0,0.425048253823355,0,0.403241318685689,0,0,0,0,0,0,0,0,0,0,0,0,0,0,0,0,0,0,0.395799077318126,0,0,0,0.0461500899653939,0.275135232775694,0,0,0,0,0,0.0144418376775834,0,0,0,0,0,0,0,0.01743554403477,0,0,0,0,0,0,0,0,0,0,0,0,0,0,0,0,0,0,0,0,0,0,0,0,0,0,0,0,0,0,0,0,0,0,0,0,0,0,0,0,0,0,0,0,0,0,0,0,0,0,0,0,0,0,0,0,0,0,0,0,0,0,0,0,0,0,0,0,0,0,1.6433205224743,0,0,0,0,0,0,0,0,0,4.95143274491877,0,0,0,0,0,0,0,0,0,0,0,0,0,0,0,0,0,0,0,0,0,0,0.294230818567968,0,0.0498638965407747,0,0,0,0,0,0,0,0,0,0,0,0,0,0,0,0,0,0.258258250411659,0,0,0,0,0,0,0,1.58896843289071,0,0,0,0,0,0,0,0,0,0,0,0,0,0,0,0,0,0,0,0,0,0,0,0,0,0,0,0,"KIN-00201"
"398",4920,"nSPC",2012,"PRIAs","Pacific Remote Island Areas","Kingman","Kingman",2012,"ForereefDeep","Kingman","2012-05-10","Forereef","Deep",6.38672766,-162.47897453,25.05,42.5,12.5,10,15,19.5,0.5,0,0,NA,0.58875,0.229405668638912,0.9,2,1,76.556437445339,36.4594735207708,28.827185450576,18.6390232504237,160.482119667109,24.1728320017369,0,0,0,0,0,0,0,0,0,0,0,0,0,0,0,0,0.0113176848420903,0,0,0,0,0.00282942121052258,0,0,0,0.0226353696841807,0,0,0,0,0,0,0,0,0,0,0,0,0,0,0,0,0,0,0,0,0,0,0,0,0,0,0,0,0,0,0.00565884242104517,0,0,0,0,0,0,0,0.00282942121052258,0,0,0,0,0,0,0,0,0.00282942121052258,0,0,0.00282942121052258,0,0,0,0,0,0,0.00282942121052258,0,0,0.00282942121052258,0,0,0,0,0,0,0,0,0,0,0,0,0,0.00848826363156775,0,0,0,0,0,0,0,0,0,0,0,0,0,0,0,0.0141471060526129,0,0,0,0.0735649514735872,0,0,0,0,0.0452707393683613,0.00848826363156775,0,0,0,0,0,0,0,0,0,0.00565884242104517,0,0,0,0,0,0,0,0,0,0,0,0,0,0,0,0,0,0,0,0,0,0,0,0,0,0,0,0,0,0,0,0,0,0,0.00565884242104517,3.2821286042062,0.0113176848420903,0,0,0,0,0,0,0.00565884242104517,0,0,0,0,0,0,0,0,0,0,0,0,0,0,0,0,0,0,0,0,0,0,0,0,0,0,0,0.067906109052542,0,0,0,0,0,0,0,0,0,0,0,0,0.0169765272631355,0,0,0,0,0,0,0,0,0,0,0,0,0,0,0,0.0169765272631355,0,0,0.0141471060526129,0,0,0,0,0,0,0,0.183912378683968,0,0,0,0,0,0,0,0,0,0,0,0,0,0,0,0,0,0,0,0,0,0,0,0.00848826363156775,0,0,0,0,0,0.00282942121052258,0,0,0,0,0,0,0,0,0,0,0,0,0,0,0,0,0.00565884242104517,0,0,0,0.00282942121052258,0,0.00282942121052258,0,0,0,0,0,0,0,0,0,0,0,0,0,0,0,0,0,0,0,0,0,0,0,0.0565884242104517,0,0,0,0,0,0,0.00282942121052258,0,0,0,0,0,0,0.16410643021031,0,0,0,0,0.00282942121052258,0,0,0,0,0,0,0,0,0,0,0,0,0,0,0.0113176848420903,0,0,0,0.00282942121052258,0,0,0,0,0,0,0,0,0,0.00565884242104517,0,0,0.0311236333157484,0,0,0,0,0,2.82942121052258,0,0,0,0,0,0,0,0,0,0,0,0,0.00282942121052258,0,0,0,0,0,0,0,0,0,0,0.0254647908947033,0,0,0.00565884242104517,0,0,0,0,0,0,0,0,0,0,0,0,0,0,0,0.00565884242104517,0,0,0,0,0,0,0,0,0,0,0,0,0,0,0,0,0,0,0,0,0,0,0.00848826363156775,0,0,0,0,0,0.00848826363156775,0.0113176848420903,0,0,0.0113176848420903,0,0.00282942121052258,0,0,0,0,0,0,0,0,0,0,0,0,0,0,0,0,0,0,0.00848826363156775,0,0,0,0,0.0311236333157484,0,0,0,0,0,0,0,0,0,0,0,0,0,0,0,0.00565884242104517,0,0,0,0,0,0,0,0,0,0,0,0,0,0,0,0,0,0,0,0,0,0,0,0,0.0424413181578388,0.565884242104517,0,0,0,0,0,0,0,0,0,0,0,0,0,0,0,0,0,0,0,0,0,0,0,0,0,0,0,0,0,0,0,0,0,0,0,0,0,0,0,0,0,0.00282942121052258,0,0,0,0,0,0,0,0,0,0,0,0,0,0,0,0.00565884242104517,0,0,0,0,0,0,0,0,0,0,0,0,0,0,0,0,0,0,0,0,0,0,0,0,0,0,0.00282942121052258,0,0,0,0,0,0,0,0,0,0,0,0,0,0,0,0,0.00282942121052258,0,0,0,0,0,0,0,0,0.00565884242104517,0,0,0,0,0,0.00848826363156775,0,0,0,0,0,0,0,0,0,0,0,0,0,0,0,0,0,0,0,0,0.575661446442871,0,0,0,0,1.12811618212596,0,0,0,1.14995939905573,0,0,0,0,0,0,0,0,0,0,0,0,0,0,0,0,0,0,0,0,0,0,0,0,0,0,0,0,0,0,1.11637218869198,0,0,0,0,0,0,0,8.19120059714253,0,0,0,0,0,0,0,0,0.253655681861786,0,0,0.149307035470157,0,0,0,0,0,0,0.155725906230731,0,0,0.78419346426328,0,0,0,0,0,0,0,0,0,0,0,0,0,0.93430177299198,0,0,0,0,0,0,0,0,0,0,0,0,0,0,0,13.7564199080722,0,0,0,0.525144409138636,0,0,0,0,0.200451277631514,2.25421832094032,0,0,0,0,0,0,0,0,0,0.891221723544231,0,0,0,0,0,0,0,0,0,0,0,0,0,0,0,0,0,0,0,0,0,0,0,0,0,0,0,0,0,0,0,0,0,0,0.666401551833678,7.17653829952706,19.2264994493865,0,0,0,0,0,0,0.54947018315172,0,0,0,0,0,0,0,0,0,0,0,0,0,0,0,0,0,0,0,0,0,0,0,0,0,0,0,0.339417298882841,0,0,0,0,0,0,0,0,0,0,0,0,0.154722279459364,0,0,0,0,0,0,0,0,0,0,0,0,0,0,0,1.15113961121328,0,0,0.919118242827492,0,0,0,0,0,0,0,0.219515032374623,0,0,0,0,0,0,0,0,0,0,0,0,0,0,0,0,0,0,0,0,0,0,0,3.64763856645193,0,0,0,0,0,4.03660871839593,0,0,0,0,0,0,0,0,0,0,0,0,0,0,0,0,1.1024628684829,0,0,0,0.0863340103006628,0,1.88570153473622,0,0,0,0,0,0,0,0,0,0,0,0,0,0,0,0,0,0,0,0,0,0,0,0.403708608928267,0,0,0,0,0,0,0.372173419055529,0,0,0,0,0,0,12.5192245898139,0,0,0,0,0.638565843442544,0,0,0,0,0,0,0,0,0,0,0,0,0,0,0.0443926232643991,0,0,0,0.0027012170491327,0,0,0,0,0,0,0,0,0,1.89939710697279,0,0,33.9533239256799,0,0,0,0,0,2.7296954305365,0,0,0,0,0,0,0,0,0,0,0,0,0.766673903571517,0,0,0,0,0,0,0,0,0,0,2.61564359580243,0,0,0.699153598035307,0,0,0,0,0,0,0,0,0,0,0,0,0,0,0,8.18425218142984,0,0,0,0,0,0,0,0,0,0,0,0,0,0,0,0,0,0,0,0,0,0,1.0433277941327,0,0,0,0,0,2.44278080210467,0.450723237160065,0,0,2.96287387947837,0,0.204600587358282,0,0,0,0,0,0,0,0,0,0,0,0,0,0,0,0,0,0,0.0234114912454401,0,0,0,0,0.127839547641242,0,0,0,0,0,0,0,0,0,0,0,0,0,0,0,1.75621155945501,0,0,0,0,0,0,0,0,0,0,0,0,0,0,0,0,0,0,0,0,0,0,0,0,0.411411217227106,0.453900676257062,0,0,0,0,0,0,0,0,0,0,0,0,0,0,0,0,0,0,0,0,0,0,0,0,0,0,0,0,0,0,0,0,0,0,0,0,0,0,0,0,0,2.65116174036662,0,0,0,0,0,0,0,0,0,0,0,0,0,0,0,2.29517081198375,0,0,0,0,0,0,0,0,0,0,0,0,0,0,0,0,0,0,0,0,0,0,0,0,0,0,0.300260442397625,0,0,0,0,0,0,0,0,0,0,0,0,0,0,0,0,0.079077598061538,0,0,0,0,0,0,0,0,6.28088301287638,0,0,0,0,0,0.942062265153393,0,0,0,0,86.38270143,88.14330153,97.32630163,87.15210146,58.18220103,65.30700117,67.44170116,79.94660138,77.47250138,72.69150129,56.76490097,"KIN-00183"
"399",4928,"nSPC",2012,"PRIAs","Pacific Remote Island Areas","Kingman","Kingman",2012,"LagoonDeep","Kingman","2012-05-11","Lagoon","Deep",6.41883647,-162.39726263,21.55,20,30,12.5,15,11.5,10,0,1,NA,0.475,0.328082138799537,1.35,2,1,35.0635761253726,0.887159448593235,21.9759182164882,7.49022330904598,65.4168770995,16.7043325772108,0,0,0,0,0,0,0,0,0,0,0,0,0,0.00282942121052258,0,0,0.0226353696841807,0,0,0,0,0,0,0,0,0,0,0,0,0,0,0,0,0,0,0,0,0,0,0,0,0,0,0,0,0,0,0,0,0,0,0,0,0,0,0,0,0,0,0,0,0,0,0,0,0,0,0,0,0,0,0,0,0,0,0,0.00282942121052258,0,0,0,0,0,0,0.00282942121052258,0,0,0.00565884242104517,0,0,0,0,0,0,0,0,0,0,0,0,0,0,0,0,0,0,0,0,0,0,0,0,0,0,0,0,0,0.00565884242104517,0,0,0,0.0424413181578388,0,0,0,0,0,0,0,0,0,0,0,0,0,0,0,0.0113176848420903,0,0,0,0,0,0,0,0.00848826363156775,0,0,0,0,0,0,0,0,0,0,0,0,0,0,0,0,0,0,0,0,0,0,0,0,0,0,0,0.226353696841807,0.00848826363156775,0,0,0,0,0,0,0.00565884242104517,0,0,0,0,0,0,0,0,0,0,0.00282942121052258,0,0,0,0,0.00282942121052258,0,0,0,0,0,0.00848826363156775,0,0,0,0,0,0.0282942121052258,0.0367824757367936,0,0,0,0,0,0,0,0,0,0,0,0,0,0,0,0,0,0,0,0,0,0,0,0.00282942121052258,0,0,0.0282942121052258,0,0,0,0.0198059484736581,0,0,0,0,0,0,0,0.229183118052329,0,0,0,0,0,0,0,0,0,0,0,0,0,0,0,0,0,0,0,0,0,0,0,0,0,0,0,0,0,0,0,0,0,0,0,0,0,0,0,0,0,0,0,0,0,0,0,0,0,0,0,0,0,0,0,0,0,0,0,0,0,0,0,0,0,0,0,0,0,0,0.00848826363156775,0,0,0,0,0,0.00565884242104517,0,0,0,0,0,0,0,0,0,0,0,0,0,0,0,0,0,0,0,0,0,0,0,0,0,0,0,0,0,0,0,0,0,0,0,0,0,0,0,0,0,0,0,0,0,0,0,0,0,0,0.0254647908947033,0,0.00565884242104517,0,0,0,0,0,0,0,0,0,0,0.0452707393683613,0,0,0,0,0.00848826363156775,0,0,0,0,0,0,0,0,0,0,0,0,0,0,0,0,0,0,0,0,0,0,0,0,0,0,0,0,0,0,0,0,0,0,0,0,0,0,0,0,0,0,0,0,0,0,0,0,0,0,0,0,0,0.00282942121052258,0.00282942121052258,0,0,0,0,0,0.00565884242104517,0,0,0,0,0.00282942121052258,0,0,0,0,0,0,0,0,0,0,0,0,0,0,0,0,0,0,0.00282942121052258,0,0,0,0,0.0226353696841807,0,0,0,0,0,0,0,0,0,0,0,0,0,0.169765272631355,0,0,0,0,0,0,0,0,0,0,0,0,0,0,0,0,0,0,0,0,0,0,0.00282942121052258,0,0,0,0.00565884242104517,0,0,0,0,0,0,0,0,0,0,0,0,0,0,0,0,0,0,0,0,0,0,0,0,0,0,0,0,0,0,0,0,0,0,0,0,0,0,0,0,0,0,0.00282942121052258,0,0,0,0,0,0,0,0,0,0,0.00565884242104517,0,0,0,0,0,0,0,0,0,0,0,0,0,0,0,0,0,0,0,0,0,0,0.00848826363156775,0,0,0,0,0,0,0,0,0,0,0,0,0,0,0,0,0,0,0,0.0254647908947033,0,0,0,0,0.00565884242104517,0.0113176848420903,0,0,0,0,0,0,0,0,0.00282942121052258,0,0,0,0,0,0.00848826363156775,0,0,0,0,0,0,0,0,0,0,0,0,0,0,0,0,0,0.615819798873687,0,0,1.01012315020838,0,0,0,0,0,0,0,0,0,0,0,0,0,0,0,0,0,0,0,0,0,0,0,0,0,0,0,0,0,0,0,0,0,0,0,0,0,0,0,0,0,0,0,0,0,0,0,0,0,0,0,0,0,0,0,0,0,0,0,0.474639722654202,0,0,0,0,0,0,0.0980785542552974,0,0,0.934978459687586,0,0,0,0,0,0,0,0,0,0,0,0,0,0,0,0,0,0,0,0,0,0,0,0,0,0,0,0,0,2.92375956238053,0,0,0,0.219463419667923,0,0,0,0,0,0,0,0,0,0,0,0,0,0,0,0.644431201708932,0,0,0,0,0,0,0,0.599914380744558,0,0,0,0,0,0,0,0,0,0,0,0,0,0,0,0,0,0,0,0,0,0,0,0,0,0,0,0.238341954510791,9.67206265322437,0,0,0,0,0,0,0.447063356309831,0,0,0,0,0,0,0,0,0,0,1.36314915204444,0,0,0,0,0.318042161130463,0,0,0,0,0,0.516617019355131,0,0,0,0,0,0.21812889350086,0.00414742910254305,0,0,0,0,0,0,0,0,0,0,0,0,0,0,0,0,0,0,0,0,0,0,0,0.179862911047468,0,0,0.903546039496368,0,0,0,1.66828534699783,0,0,0,0,0,0,0,0.127551381738774,0,0,0,0,0,0,0,0,0,0,0,0,0,0,0,0,0,0,0,0,0,0,0,0,0,0,0,0,0,0,0,0,0,0,0,0,0,0,0,0,0,0,0,0,0,0,0,0,0,0,0,0,0,0,0,0,0,0,0,0,0,0,0,0,0,0,0,0,0,0,0.231958166081328,0,0,0,0,0,0.0216756300095714,0,0,0,0,0,0,0,0,0,0,0,0,0,0,0,0,0,0,0,0,0,0,0,0,0,0,0,0,0,0,0,0,0,0,0,0,0,0,0,0,0,0,0,0,0,0,0,0,0,0,29.7008945049392,0,2.21500575954333,0,0,0,0,0,0,0,0,0,0,0.0421682790110233,0,0,0,0,0.775976147725425,0,0,0,0,0,0,0,0,0,0,0,0,0,0,0,0,0,0,0,0,0,0,0,0,0,0,0,0,0,0,0,0,0,0,0,0,0,0,0,0,0,0,0,0,0,0,0,0,0,0,0,0,0,0.278705006201077,0.0448203933684347,0,0,0,0,0,0.194056669867084,0,0,0,0,0.13689078274066,0,0,0,0,0,0,0,0,0,0,0,0,0,0,0,0,0,0,0.00780383041514671,0,0,0,0,0.086659287892896,0,0,0,0,0,0,0,0,0,0,0,0,0,0.151272484166701,0,0,0,0,0,0,0,0,0,0,0,0,0,0,0,0,0,0,0,0,0,0,0.128707818189327,0,0,0,0.111919738542775,0,0,0,0,0,0,0,0,0,0,0,0,0,0,0,0,0,0,0,0,0,0,0,0,0,0,0,0,0,0,0,0,0,0,0,0,0,0,0,0,0,0,0.482240683773416,0,0,0,0,0,0,0,0,0,0,5.1868800881686,0,0,0,0,0,0,0,0,0,0,0,0,0,0,0,0,0,0,0,0,0,0,0.0783717363078055,0,0,0,0,0,0,0,0,0,0,0,0,0,0,0,0,0,0,0,0.00653171886449139,0,0,0,0,0.141185586709074,0.179163864581528,0,0,0,0,0,0,0,0,1.32172918027574,0,0,0,0,0,0.714253193485419,0,0,0,0,0,0,0,0,0,0,0,0,0,0,0,"KIN-00173"
"400",4929,"nSPC",2012,"PRIAs","Pacific Remote Island Areas","Kingman","Kingman",2012,"BackreefMid","Kingman","2012-05-11","Backreef","Mid",6.41825711,-162.36740126,10.6,22.5,10,7.5,20,26.5,12.5,0,1,NA,0.59,0.33503560257633,1.3,2,1,21.6405384337679,2.07903763447282,25.3243409907642,10.8717204320648,59.9156374910698,16.8830817059501,0,0,0,0,0,0,0,0,0,0,0,0,0,0,0,0,0.067906109052542,0,0,0,0,0,0,0,0,0,0,0,0,0,0,0,0,0,0,0,0,0,0,0,0,0,0,0,0,0,0,0,0,0,0.0367824757367936,0,0,0,0,0,0.00282942121052258,0,0,0,0,0,0,0,0,0,0,0,0,0,0,0,0,0,0,0,0.00282942121052258,0,0,0,0,0,0,0,0,0,0.00282942121052258,0,0,0,0,0,0,0,0,0,0,0.00282942121052258,0,0,0,0,0,0,0,0,0,0,0,0,0,0,0,0,0,0,0.00565884242104517,0,0,0,0.0198059484736581,0,0,0,0,0,0,0,0,0,0,0,0,0,0,0,0.00282942121052258,0,0,0,0,0,0,0,0.00848826363156775,0,0,0,0,0,0,0,0,0,0,0,0,0,0,0,0,0,0,0,0,0,0,0,0,0,0,0,0.121665112052471,0.0141471060526129,0,0,0,0,0,0,0.00565884242104517,0,0,0,0.00282942121052258,0,0,0,0,0,0,0.00848826363156775,0,0,0,0,0,0,0,0,0,0,0,0,0,0,0,0,0.0254647908947033,0.0113176848420903,0,0,0,0,0,0,0,0,0,0,0,0,0,0,0,0,0,0,0,0,0,0,0,0.00282942121052258,0,0,0,0.00848826363156775,0,0,0.0226353696841807,0,0.0226353696841807,0,0,0,0,0,0.0198059484736581,0,0,0,0,0,0,0,0,0,0,0,0,0,0,0,0,0,0,0,0,0,0,0,0,0,0,0,0,0,0,0,0,0,0,0,0,0,0,0,0,0.00848826363156775,0,0,0,0,0,0,0,0,0,0.0141471060526129,0,0,0,0,0,0,0,0,0,0,0,0,0,0,0,0,0,0,0,0.00565884242104517,0,0,0,0,0,0,0,0,0,0,0,0,0,0,0.00565884242104517,0,0,0,0,0,0,0,0,0,0,0,0,0,0,0,0,0,0,0,0,0,0,0,0.00565884242104517,0.00282942121052258,0,0,0,0,0,0,0,0,0,0,0,0,0,0,0,0,0.0113176848420903,0,0,0,0,0,0,0,0,0,0,0,0,0.00565884242104517,0,0,0,0.00282942121052258,0.00282942121052258,0.00848826363156775,0,0,0,0,0,0,0,0,0,0,0,0,0,0,0,0,0,0,0,0,0,0,0,0,0,0,0,0,0,0,0,0,0,0,0,0,0,0,0,0,0,0,0,0,0,0,0,0,0,0,0,0,0.00282942121052258,0,0,0,0,0,0,0,0,0,0.00565884242104517,0,0.00282942121052258,0,0,0,0.0169765272631355,0,0,0,0,0,0,0,0,0,0,0,0,0,0,0,0,0,0,0,0.0169765272631355,0,0,0,0,0,0,0,0,0,0,0,0,0,0.124494533262994,0,0,0,0,0,0,0,0,0,0,0,0,0,0,0,0,0,0,0,0,0,0,0,0,0,0,0.00282942121052258,0,0,0,0,0,0,0,0,0,0,0,0,0,0,0,0,0,0,0,0,0,0,0,0,0,0,0,0,0,0,0,0,0,0,0,0,0,0,0,0,0,0,0,0.0141471060526129,0,0,0,0,0,0,0,0,0.0113176848420903,0.0113176848420903,0,0,0,0,0.00565884242104517,0,0,0,0,0,0,0,0,0,0,0,0,0,0,0,0,0,0.0848826363156775,0,0.00282942121052258,0,0,0,0,0,0,0,0,0,0,0,0,0,0,0,0,0,0.0169765272631355,0,0,0,0,0.0113176848420903,0.0226353696841807,0,0.0254647908947033,0,0,0,0,0,0,0,0,0,0,0,0,0.00282942121052258,0,0,0,0,0,0,0,0,0,0,0,0,0,0,0,0,0,0,0,0,3.80047174842064,0,0,0,0,0,0,0,0,0,0,0,0,0,0,0,0,0,0,0,0,0,0,0,0,0,0,0,0,0,0,0,0,0,0.0347297306485595,0,0,0,0,0,0.652170271340614,0,0,0,0,0,0,0,0,0,0,0,0,0,0,0,0,0,0,0,0.96849148348127,0,0,0,0,0,0,0,0,0,0.525404479337709,0,0,0,0,0,0,0,0,0,0,0.272200657269614,0,0,0,0,0,0,0,0,0,0,0,0,0,0,0,0,0,0,3.63816706798263,0,0,0,0.146781851324832,0,0,0,0,0,0,0,0,0,0,0,0,0,0,0,0.197316632695133,0,0,0,0,0,0,0,0.729236026171099,0,0,0,0,0,0,0,0,0,0,0,0,0,0,0,0,0,0,0,0,0,0,0,0,0,0,0,0.263088638302264,6.17080926949011,0,0,0,0,0,0,0.358222584828211,0,0,0,0.0596619299544288,0,0,0,0,0,0,0.776263782509712,0,0,0,0,0,0,0,0,0,0,0,0,0,0,0,0,0.268843341325715,0.0553830925670302,0,0,0,0,0,0,0,0,0,0,0,0,0,0,0,0,0,0,0,0,0,0,0,0.246725529557569,0,0,0,0.163021342468924,0,0,1.56591125534552,0,1.75445512127641,0,0,0,0,0,0.157106853220117,0,0,0,0,0,0,0,0,0,0,0,0,0,0,0,0,0,0,0,0,0,0,0,0,0,0,0,0,0,0,0,0,0,0,0,0,0,0,0,0,0.299847912785131,0,0,0,0,0,0,0,0,0,0.0435295259542602,0,0,0,0,0,0,0,0,0,0,0,0,0,0,0,0,0,0,0,0.200662733667632,0,0,0,0,0,0,0,0,0,0,0,0,0,0,0.438157378050622,0,0,0,0,0,0,0,0,0,0,0,0,0,0,0,0,0,0,0,0,0,0,0,0.0348384313074332,0.00145903986681848,0,0,0,0,0,0,0,0,0,0,0,0,0,0,0,0,17.0703052006529,0,0,0,0,0,0,0,0,0,0,0,0,0.025057354240388,0,0,0,0.690217876139193,0.387383452121338,3.46319180925465,0,0,0,0,0,0,0,0,0,0,0,0,0,0,0,0,0,0,0,0,0,0,0,0,0,0,0,0,0,0,0,0,0,0,0,0,0,0,0,0,0,0,0,0,0,0,0,0,0,0,0,0,0.0825792610966153,0,0,0,0,0,0,0,0,0,2.09719960356725,0,0.109690165036044,0,0,0,0.229048105747506,0,0,0,0,0,0,0,0,0,0,0,0,0,0,0,0,0,0,0,0.101850773023224,0,0,0,0,0,0,0,0,0,0,0,0,0,0.198287806344763,0,0,0,0,0,0,0,0,0,0,0,0,0,0,0,0,0,0,0,0,0,0,0,0,0,0,0.0401284443440231,0,0,0,0,0,0,0,0,0,0,0,0,0,0,0,0,0,0,0,0,0,0,0,0,0,0,0,0,0,0,0,0,0,0,0,0,0,0,0,0,0,0,0,3.53077111741795,0,0,0,0,0,0,0,0,0.407814536348323,2.49462403235348,0,0,0,0,3.00155020481343,0,0,0,0,0,0,0,0,0,0,0,0,0,0,0,0,0,0.623234513856458,0,0.0249319482703874,0,0,0,0,0,0,0,0,0,0,0,0,0,0,0,0,0,0.0184930970319756,0,0,0,0,0.402684981271372,0.557922366467523,0,0.330048588902007,0,0,0,0,0,0,0,0,0,0,0,0,0.205664541618939,0,0,0,0,0,0,0,0,0,0,0,0,0,0,0,"KIN-00232"
"401",4930,"nSPC",2012,"PRIAs","Pacific Remote Island Areas","Kingman","Kingman",2012,"BackreefDeep","Kingman","2012-05-11","Backreef","Deep",6.40552684,-162.35375845,21.1,7.5,2.5,14,2.5,30.5,42.5,0,0.5,NA,0.2525,0.230010730241125,1.25,2,1,47.2689244953571,8.10846253657111,8.73729972136097,6.17396454490605,70.2886512981953,0.040033843601062,0,0,0,0,0,0,0,0,0,0,0,0,0,0,0.00282942121052258,0,0.0113176848420903,0,0,0,0,0.0367824757367936,0,0,0,0,0,0,0,0,0,0,0,0,0,0,0,0,0,0,0,0,0,0,0,0,0,0,0,0,0,0,0,0,0,0,0,0,0,0,0,0,0,0,0,0,0,0,0,0,0,0,0,0,0,0,0,0,0,0,0,0,0,0,0,0,0.00565884242104517,0,0,0,0,0,0,0,0,0,0,0,0,0,0,0,0,0,0,0,0,0,0,0,0,0.0226353696841807,0,0,0,0,0.00565884242104517,0,0,0,0,0,0,0,0,0,0,0,0,0,0,0,0,0,0,0,0,0,0,0,0,0,0,0,0.00282942121052258,0,0,0,0,0,0,0,0,0,0,0,0,0,0,0,0,0,0,0,0,0,0.0169765272631355,0,0,0,0,0,0.0396118969473162,0,0,0,0,0,0,0,0,0,0,0,0,0,0,0.00565884242104517,0,0,0,0,0,0,0,0,0,0,0,0,0,0,0,0,0,0,0,0,0.00282942121052258,0,0,0,0,0,0,0,0,0,0,0,0,0,0,0,0,0,0,0,0,0,0,0,0,0,0,0,0.00282942121052258,0.00282942121052258,0,0,0.00282942121052258,0,0.00848826363156775,0,0,0,0,0,0.00282942121052258,0,0,0,0,0,0,0,0,0,0,0,0,0,0,0,0,0,0,0,0,0,0,0,0,0,0,0,0,0,0.00282942121052258,0,0,0,0,0,0,0,0,0,0,0,0,0,0,0,0,0,0,0,0,0,0,0,0,0,0,0,0,0,0,0,0,0,0,0,0,0,0,0,0,0,0,0,0,0,0,0,0,0,0,0,0,0,0,0,0,0,0,0,0,0,0,0,0,0,0,0,0,0,0,0,0,0,0,0,0,0,0,0,0,0,0,0,0,0,0,0,0,0,0,0,0,0,0,0,0,0,0.0141471060526129,0,0.00282942121052258,0,0,0,0,0,0,0,0,0,0,0,0,0,0,0,0,0.00282942121052258,0,0,0,0,0,0,0,0,0,0,0,0,0,0,0,0,0,0,0,0,0,0,0.00565884242104517,0,0,0,0,0,0,0,0,0,0,0,0,0,0,0,0,0,0,0,0,0,0,0,0,0,0.00565884242104517,0,0,0,0.0311236333157484,0,0,0,0,0,0,0,0,0,0,0,0.0169765272631355,0,0,0,0.00282942121052258,0,0,0,0,0,0,0,0,0,0,0,0,0,0,0,0,0,0,0,0,0,0,0,0,0,0,0,0,0,0,0,0,0,0.198059484736581,0,0,0,0,0,0,0,0,0,0,0,0,0,0,0,0,0,0,0,0,0,0,0,0,0,0,0.00565884242104517,0,0,0,0,0,0,0,0,0,0,0.00565884242104517,0,0,0,0,0,0,0,0,0,0,0,0,0,0,0,0,0,0,0,0,0,0,0.00282942121052258,0,0,0,0,0,0,0,0,0,0,0,0,0,0,0,0,0,0,0,0,0,0,0,0,0,0,0,0,0,0,0,0,0,0,0,0,0,0,0,0,0,0,0,0,0,0,0,0,0,0,0,0,0,0,0,0,0,0,0,0,0,0,0,0,0,0,0,0.0367824757367936,0.00282942121052258,0,0,0,0,0,0,0,0,0,0,0,0,0,0,0.0141471060526129,0,0,0,0,0,0,0,0,0,0,0,0,0,0,0,0,0,0,0.299419229393115,0,0.524662645240195,0,0,0,0,6.09407078560798,0,0,0,0,0,0,0,0,0,0,0,0,0,0,0,0,0,0,0,0,0,0,0,0,0,0,0,0,0,0,0,0,0,0,0,0,0,0,0,0,0,0,0,0,0,0,0,0,0,0,0,0,0,0,0,0,0,0,0,0,0,0,0,0,1.23807532358265,0,0,0,0,0,0,0,0,0,0,0,0,0,0,0,0,0,0,0,0,0,0,0,0,6.33292580362815,0,0,0,0,6.55359518182848,0,0,0,0,0,0,0,0,0,0,0,0,0,0,0,0,0,0,0,0,0,0,0,0,0,0,0,0.199971460248186,0,0,0,0,0,0,0,0,0,0,0,0,0,0,0,0,0,0,0,0,0,0.6056318382259,0,0,0,0,0,0.0302946129010653,0,0,0,0,0,0,0,0,0,0,0,0,0,0,0.447063356309831,0,0,0,0,0,0,0,0,0,0,0,0,0,0,0,0,0,0,0,0,0.0196662714901045,0,0,0,0,0,0,0,0,0,0,0,0,0,0,0,0,0,0,0,0,0,0,0,0,0,0,0,0.0467620552305929,0.0543404474896412,0,0,0.274258411104502,0,0.666693482041307,0,0,0,0,0,0.0664271098817323,0,0,0,0,0,0,0,0,0,0,0,0,0,0,0,0,0,0,0,0,0,0,0,0,0,0,0,0,0,1.82176124255531,0,0,0,0,0,0,0,0,0,0,0,0,0,0,0,0,0,0,0,0,0,0,0,0,0,0,0,0,0,0,0,0,0,0,0,0,0,0,0,0,0,0,0,0,0,0,0,0,0,0,0,0,0,0,0,0,0,0,0,0,0,0,0,0,0,0,0,0,0,0,0,0,0,0,0,0,0,0,0,0,0,0,0,0,0,0,0,0,0,0,0,0,0,0,0,0,0,37.6193737663449,0,0.706894436750569,0,0,0,0,0,0,0,0,0,0,0,0,0,0,0,0,0.284077391500203,0,0,0,0,0,0,0,0,0,0,0,0,0,0,0,0,0,0,0,0,0,0,0.737058821652573,0,0,0,0,0,0,0,0,0,0,0,0,0,0,0,0,0,0,0,0,0,0,0,0,0,0.141787955701708,0,0,0,1.13240634892673,0,0,0,0,0,0,0,0,0,0,0,1.41329061391006,0,0,0,0.040033843601062,0,0,0,0,0,0,0,0,0,0,0,0,0,0,0,0,0,0,0,0,0,0,0,0,0,0,0,0,0,0,0,0,0,0.280990777600194,0,0,0,0,0,0,0,0,0,0,0,0,0,0,0,0,0,0,0,0,0,0,0,0,0,0,0.0741133385656194,0,0,0,0,0,0,0,0,0,0,0.0263656786081336,0,0,0,0,0,0,0,0,0,0,0,0,0,0,0,0,0,0,0,0,0,0,0.534522301307865,0,0,0,0,0,0,0,0,0,0,0,0,0,0,0,0,0,0,0,0,0,0,0,0,0,0,0,0,0,0,0,0,0,0,0,0,0,0,0,0,0,0,0,0,0,0,0,0,0,0,0,0,0,0,0,0,0,0,0,0,0,0,0,0,0,0,0,0.746160444235831,0.169846133666718,0,0,0,0,0,0,0,0,0,0,0,0,0,0,1.10611018906435,0,0,0,0,0,0,0,0,0,0,0,0,0,0,0,"KIN-00225"
"402",4931,"nSPC",2012,"PRIAs","Pacific Remote Island Areas","Kingman","Kingman",2012,"BackreefMid","Kingman","2012-05-11","Backreef","Mid",6.38558076,-162.37474272,12.4,47.5,0,7.5,11,17,16.5,0,0.5,NA,0.55,0.357053695571402,1.25,2,1,38.8997324540514,2.592265765545,33.8609489806431,7.70659896384029,83.0595461640798,28.090213031896,0,0,0,0,0,0,0,0,0,0,0,0,0,0,0,0,0.033953054526271,0,0,0,0,0,0,0,0,0,0.00282942121052258,0,0,0,0,0,0,0,0,0,0,0,0,0,0,0,0,0,0,0,0,0.00282942121052258,0,0,0.0113176848420903,0,0,0,0,0,0.00282942121052258,0,0,0,0,0,0,0,0,0,0,0,0,0,0,0,0,0,0,0,0,0,0,0,0,0,0,0,0,0,0.00282942121052258,0,0,0,0,0,0,0,0,0,0,0.00565884242104517,0,0,0,0,0,0,0,0,0,0,0,0,0,0,0,0,0,0,0.0113176848420903,0,0,0,0.0226353696841807,0,0,0,0,0,0,0,0,0,0,0,0,0,0,0,0.00282942121052258,0,0,0,0,0,0,0,0.00565884242104517,0.00282942121052258,0,0,0,0,0,0,0,0,0,0,0,0,0,0,0,0,0,0,0,0,0,0,0,0,0,0.00565884242104517,0.169765272631355,0.0141471060526129,0,0,0,0,0,0,0.00282942121052258,0,0,0,0.00565884242104517,0,0.0141471060526129,0.00565884242104517,0,0,0,0.0198059484736581,0,0,0.0367824757367936,0,0.00282942121052258,0.00282942121052258,0,0,0,0.00565884242104517,0,0,0,0,0,0,0.0594178454209743,0,0,0,0,0,0,0,0,0,0,0,0,0,0,0,0,0,0,0,0,0,0,0,0,0,0,0,0,0.033953054526271,0.00848826363156775,0,0.0113176848420903,0,0.0226353696841807,0,0,0,0,0,0.104688584789336,0,0,0,0,0,0,0,0,0,0,0,0,0,0,0,0,0,0,0,0,0,0,0,0,0,0,0,0,0,0,0,0,0,0,0,0,0,0,0,0,0,0,0,0,0,0,0,0,0,0,0.00282942121052258,0,0,0,0,0,0,0,0,0,0,0,0,0,0,0,0,0,0,0,0.00565884242104517,0,0,0,0,0,0,0,0,0,0,0,0,0,0,0,0,0,0,0,0,0,0,0,0,0,0,0,0,0,0,0,0,0,0,0,0,0,0,0.00282942121052258,0,0,0,0,0,0.00282942121052258,0,0,0,0,0,0,0,0,0,0,0,0.0169765272631355,0,0,0,0,0,0,0,0,0,0,0,0,0,0,0,0,0,0,0.0141471060526129,0,0,0,0,0,0,0,0,0,0,0,0,0,0,0,0,0,0,0,0,0,0,0.00282942121052258,0,0,0,0,0,0,0,0,0,0,0,0,0,0,0,0,0,0,0,0,0,0,0,0,0,0.00565884242104517,0,0,0,0,0,0,0,0,0,0,0,0,0,0,0,0.00282942121052258,0.00282942121052258,0,0,0,0,0,0,0,0,0,0,0,0,0,0,0,0,0,0,0,0,0,0,0.0226353696841807,0,0,0,0,0,0,0,0,0,0,0,0,0,0,0,0,0,0,0,0,0,0,0,0,0,0,0,0,0,0,0,0,0,0,0,0.00282942121052258,0.0367824757367936,0,0,0,0,0,0,0,0,0,0,0,0,0,0,0,0,0,0,0,0,0,0,0,0,0,0,0,0,0,0,0,0,0,0,0,0,0,0,0,0,0,0,0,0,0,0.00565884242104517,0.00282942121052258,0.0113176848420903,0,0,0,0,0,0,0,0,0,0.00848826363156775,0,0,0,0,0,0,0,0,0,0,0,0,0,0,0,0,0,0,0,0,0,0,0.00848826363156775,0,0,0,0,0,0,0,0,0.00282942121052258,0,0,0,0,0,0,0,0,0,0,0.0226353696841807,0,0,0,0,0.0113176848420903,0.0311236333157484,0,0,0,0,0,0,0,0,0,0,0,0,0,0,0.00282942121052258,0,0,0.00848826363156775,0,0,0,0,0,0,0,0,0,0,0,0,0,0,0,0,0,2.03947805906935,0,0,0,0,0,0,0,0,0,0.119715757607862,0,0,0,0,0,0,0,0,0,0,0,0,0,0,0,0,0,0,0,0,0.0295747284525929,0,0,0.252674387652693,0,0,0,0,0,0.973501979377242,0,0,0,0,0,0,0,0,0,0,0,0,0,0,0,0,0,0,0,0,0,0,0,0,0,0,0,0,0,1.24511661912084,0,0,0,0,0,0,0,0,0,0,3.28950419741545,0,0,0,0,0,0,0,0,0,0,0,0,0,0,0,0,0,0,6.21575122969681,0,0,0,0.16875086791979,0,0,0,0,0,0,0,0,0,0,0,0,0,0,0,0.274978485412578,0,0,0,0,0,0,0,0.486157350780733,0.220083148361312,0,0,0,0,0,0,0,0,0,0,0,0,0,0,0,0,0,0,0,0,0,0,0,0,0,0.622939316717205,1.11141079859932,16.6841363896786,0,0,0,0,0,0,0.179111292414106,0,0,0,0.119323859908858,0,0.102821851032654,0.358222584828211,0,0,0,1.28483617807717,0,0,0.416096360706132,0,0.117514753182868,0.148036035653076,0,0,0,0.346861197134999,0,0,0,0,0,0,0.21206623934895,0,0,0,0,0,0,0,0,0,0,0,0,0,0,0,0,0,0,0,0,0,0,0,0,0,0,0,0,0.61695687370242,0.0270493738825401,0,0.900666827737464,0,1.47140414722636,0,0,0,0,0,0.328821053983686,0,0,0,0,0,0,0,0,0,0,0,0,0,0,0,0,0,0,0,0,0,0,0,0,0,0,0,0,0,0,0,0,0,0,0,0,0,0,0,0,0,0,0,0,0,0,0,0,0,0,0.145906664493883,0,0,0,0,0,0,0,0,0,0,0,0,0,0,0,0,0,0,0,0.218781634825013,0,0,0,0,0,0,0,0,0,0,0,0,0,0,0,0,0,0,0,0,0,0,0,0,0,0,0,0,0,0,0,0,0,0,0,0,0,0,0.0174192156537166,0,0,0,0,0,0.0564893944680834,0,0,0,0,0,0,0,0,0,0,0,31.1793306220065,0,0,0,0,0,0,0,0,0,0,0,0,0,0,0,0,0,0,0.814213629174244,0,0,0,0,0,0,0,0,0,0,0,0,0,0,0,0,0,0,0,0,0,0,0.217311976297437,0,0,0,0,0,0,0,0,0,0,0,0,0,0,0,0,0,0,0,0,0,0,0,0,0,0.256170137558294,0,0,0,0,0,0,0,0,0,0,0,0,0,0,0,0.0505686467461576,0.26936089924175,0,0,0,0,0,0,0,0,0,0,0,0,0,0,0,0,0,0,0,0,0,0,0.192277966413577,0,0,0,0,0,0,0,0,0,0,0,0,0,0,0,0,0,0,0,0,0,0,0,0,0,0,0,0,0,0,0,0,0,0,0,0.0102062881905971,0.678359286712731,0,0,0,0,0,0,0,0,0,0,0,0,0,0,0,0,0,0,0,0,0,0,0,0,0,0,0,0,0,0,0,0,0,0,0,0,0,0,0,0,0,0,0,0,0,2.63891045690775,2.01795396046562,1.65148176295235,0,0,0,0,0,0,0,0,0,0.523390086399069,0,0,0,0,0,0,0,0,0,0,0,0,0,0,0,0,0,0,0,0,0,0,0.0545462327477759,0,0,0,0,0,0,0,0,0.206264806247096,0,0,0,0,0,0,0,0,0,0,0.223933126996205,0,0,0,0,0.299938185910707,0.310419849980338,0,0,0,0,0,0,0,0,0,0,0,0,0,0,0.507893556452958,0,0,0.154855832556128,0,0,0,0,0,0,0,0,0,0,0,0,"KIN-00226"
"403",4932,"nSPC",2012,"PRIAs","Pacific Remote Island Areas","Kingman","Kingman",2012,"BackreefShallow","Kingman","2012-05-11","Backreef","Shallow",6.38656186,-162.38844553,4.95,47.5,0,15,17.5,20,0,0,0,NA,0.42125,0.258052415599325,1,2,1,22.7971728483491,50.8441860932908,127.33584983383,15.2132260671879,216.190434842658,94.4743825953142,0,0,0,0,0,0,0,0,0,0,0,0,0,0,0.00282942121052258,0,0.0905414787367227,0,0,0.00282942121052258,0,0.0367824757367936,0,0,0,0,0,0,0,0,0,0,0,0,0,0,0,0,0,0,0,0,0,0,0,0,0,0,0,0,0.00282942121052258,0,0,0,0,0,0.00565884242104517,0,0,0,0,0,0,0,0,0,0,0,0,0,0,0,0,0,0,0,0,0,0,0,0,0,0,0.00565884242104517,0,0,0.00565884242104517,0,0,0,0,0,0,0,0,0,0,0.00282942121052258,0,0,0,0,0,0,0,0,0,0,0,0,0,0,0,0,0,0,0.00848826363156775,0,0,0,0.067906109052542,0,0,0,0,0,0,0,0,0,0,0,0,0,0,0,0.00565884242104517,0,0,0,0,0,0,0,0.00565884242104517,0,0,0,0,0,0,0,0,0,0,0,0,0,0,0,0,0,0,0,0,0,0,0,0,0,0,0,0.848826363156775,0.0594178454209743,0,0,0,0,0,0,0.00565884242104517,0,0,0,0,0,0,0,0,0,0,0.00282942121052258,0,0,0,0,0,0.00282942121052258,0,0,0,0,0,0.311236333157484,0,0,0,0,0.0905414787367227,0.0424413181578388,0,0,0,0,0,0,0,0,0,0,0,0,0,0,0,0.0141471060526129,0,0,0,0,0,0,0,0,0,0,0,0.0311236333157484,0,0,0.0565884242104517,0,0.0877120575262001,0,0,0,0,0,0.104688584789336,0,0,0,0,0,0,0,0,0,0,0,0,0,0,0,0,0,0,0,0,0,0,0,0,0,0,0,0,0,0,0,0,0,0,0,0,0,0,0,0,0,0,0,0,0,0,0,0,0,0,0.0198059484736581,0,0,0,0,0,0,0,0,0,0,0,0,0,0,0,0,0,0,0,0.00282942121052258,0,0,0,0,0,0,0,0,0,0,0,0,0,0,0.00848826363156775,0,0,0,0,0,0,0,0,0,0,0,0,0,0,0,0,0,0,0,0,0,0,0,0,0,0,0,0,0.00565884242104517,0,0,0,0,0,0,0,0,0,0,0,0,0.00848826363156775,0,0.0226353696841807,0,0,0,0,0,0,0,0,0,0,0,0,0,0,0.169765272631355,0,0,0,0,0,0,0,0,0.00565884242104517,0.00282942121052258,0,0,0,0,0,0,0,0,0,0,0,0,0,0,0.00282942121052258,0,0,0,0,0,0,0,0,0,0,0,0,0,0,0,0,0,0,0,0,0,0,0,0,0,0,0,0,0,0.00565884242104517,0.033953054526271,0,0,0,0,0.00848826363156775,0.0141471060526129,0,0,0.00282942121052258,0,0.00282942121052258,0,0,0,0.0113176848420903,0,0,0,0,0,0,0,0,0,0,0,0,0,0,0.15278874536822,0,0,0,0,0.0594178454209743,0,0,0,0,0,0,0,0,0,0,0,0,0,0,0,0,0,0,0,0,0,0,0,0,0,0,0,0,0,0,0,0,0,0,0,0.0198059484736581,0,0,0,0,0.0226353696841807,0,0,0,0,0,0,0,0,0,0,0,0,0,0,0,0,0,0,0,0,0,0,0,0,0,0,0,0,0,0,0,0,0,0,0,0,0,0,0,0,0,0,0.00282942121052258,0,0,0,0,0,0,0,0,0,0,0.00565884242104517,0,0,0,0,0,0,0,0,0,0,0,0,0,0,0,0,0,0,0,0,0,0,0.0452707393683613,0,0,0,0,0,0,0,0,0,0,0,0,0,0,0,0,0,0,0,0,0,0,0,0,0,0.00565884242104517,0,0.0537590029999291,0,0,0,0,0,0,0,0,0,0,0,0,0,0,0,0,0.00848826363156775,0,0,0,0,0,0,0,0,0,0,0,0,0,0,0.648399783011841,0,8.37030836448428,0,0,0.463307567254597,0,4.95490870778985,0,0,0,0,0,0,0,0,0,0,0,0,0,0,0,0,0,0,0,0,0,0,0,0,0,0,0,0,0.0718718258212105,0,0,0,0,0,1.30434054268123,0,0,0,0,0,0,0,0,0,0,0,0,0,0,0,0,0,0,0,0,0,0,0,0,0,0,0.464858000588618,0,0,1.38044079048669,0,0,0,0,0,0,0,0,0,0,1.04538924694603,0,0,0,0,0,0,0,0,0,0,0,0,0,0,0,0,0,0,4.4384063088072,0,0,0,0.441158579222544,0,0,0,0,0,0,0,0,0,0,0,0,0,0,0,0.394633265390266,0,0,0,0,0,0,0,0.399942920496372,0,0,0,0,0,0,0,0,0,0,0,0,0,0,0,0,0,0,0,0,0,0,0,0,0,0,0,2.37794461506555,84.8061580574504,0,0,0,0,0,0,0.358222584828211,0,0,0,0,0,0,0,0,0,0,0.367092714888365,0,0,0,0,0,0.184470254125632,0,0,0,0,0,0.450404244818248,0,0,0,0,0.69371922348279,0.0162146933556629,0,0,0,0,0,0,0,0,0,0,0,0,0,0,0,0.0438455954289408,0,0,0,0,0,0,0,0,0,0,0,0.766221170570719,0,0,5.54324881969788,0,8.11120482833196,0,0,0,0,0,0.258582026548084,0,0,0,0,0,0,0,0,0,0,0,0,0,0,0,0,0,0,0,0,0,0,0,0,0,0,0,0,0,0,0,0,0,0,0,0,0,0,0,0,0,0,0,0,0,0,0,0,0,0,0.543685626848345,0,0,0,0,0,0,0,0,0,0,0,0,0,0,0,0,0,0,0,0.198307920911827,0,0,0,0,0,0,0,0,0,0,0,0,0,0,1.28287796808881,0,0,0,0,0,0,0,0,0,0,0,0,0,0,0,0,0,0,0,0,0,0,0,0,0,0,0,0,0.00540243409826541,0,0,0,0,0,0,0,0,0,0,0,0,13.9673376631651,0,7.82544048847161,0,0,0,0,0,0,0,0,0,0,0,0,0,0,45.7631949881995,0,0,0,0,0,0,0,0,0.627919160451302,0.656207141369647,0,0,0,0,0,0,0,0,0,0,0,0,0,0,0.977365265145701,0,0,0,0,0,0,0,0,0,0,0,0,0,0,0,0,0,0,0,0,0,0,0,0,0,0,0,0,0,0.704599899078991,0.171398687912984,0,0,0,0,1.8222004526953,0.165654716531091,0,0,0.0996797704553307,0,0.168410588356291,0,0,0,0.165852748662518,0,0,0,0,0,0,0,0,0,0,0,0,0,0,1.09400811218501,0,0,0,0,0.344577622340311,0,0,0,0,0,0,0,0,0,0,0,0,0,0,0,0,0,0,0,0,0,0,0,0,0,0,0,0,0,0,0,0,0,0,0,0.0283508005294363,0,0,0,0,0.135784619407718,0,0,0,0,0,0,0,0,0,0,0,0,0,0,0,0,0,0,0,0,0,0,0,0,0,0,0,0,0,0,0,0,0,0,0,0,0,0,0,0,0,0,3.98153647089007,0,0,0,0,0,0,0,0,0,0,4.10835335647685,0,0,0,0,0,0,0,0,0,0,0,0,0,0,0,0,0,0,0,0,0,0,0.250823338294612,0,0,0,0,0,0,0,0,0,0,0,0,0,0,0,0,0,0,0,0,0,0,0,0,0,0.156673652465302,0,0.298821398769953,0,0,0,0,0,0,0,0,0,0,0,0,0,0,0,0,2.29067521928331,0,0,0,0,0,0,0,0,0,0,0,"KIN-00237"
"404",4933,"nSPC",2012,"PRIAs","Pacific Remote Island Areas","Kingman","Kingman",2012,"ForereefMid","Kingman","2012-05-11","Forereef","Mid",6.44566719,-162.39767116,10.8,32.5,22.5,7.5,7.5,29,1,0,0,NA,0.37,0.171246985191454,0.55,2,1,17.7628852399104,1.41516081676832,15.6200290912,7.56084461331334,42.3589197611921,11.0231442105328,0,0,0,0,0,0.00565884242104517,0,0,0,0,0,0,0,0.00282942121052258,0,0,0,0.00565884242104517,0,0,0,0.00282942121052258,0,0,0,0,0,0,0,0,0,0,0,0,0,0,0,0,0,0,0,0,0,0,0,0,0,0,0,0,0,0,0,0,0,0,0,0,0,0,0,0,0,0,0.00282942121052258,0,0,0,0,0,0,0,0,0,0,0,0,0,0,0,0,0,0,0,0,0,0.00565884242104517,0,0,0,0,0,0,0,0,0,0,0,0,0,0,0,0,0,0,0,0,0,0,0,0,0,0,0,0,0,0.00282942121052258,0,0,0,0.067906109052542,0,0,0,0,0,0,0,0,0,0,0,0,0,0,0,0.00282942121052258,0,0,0,0,0,0,0,0,0,0,0,0,0,0,0,0,0,0,0,0,0,0,0,0,0,0,0,0,0,0,0,0,0,0,0,0.113176848420903,0.00565884242104517,0,0,0,0,0,0,0.00565884242104517,0,0,0,0,0,0,0.00565884242104517,0,0.00282942121052258,0,0,0,0,0,0,0.00282942121052258,0,0,0,0,0,0,0.282942121052258,0,0,0,0,0,0,0,0,0,0,0,0,0,0,0,0,0,0,0,0,0,0,0,0,0,0.107518005999858,0,0,0,0,0,0,0,0,0,0,0.00848826363156775,0,0,0,0,0,0,0,0.0169765272631355,0,0,0,0,0,0,0,0,0,0,0,0,0,0,0,0,0,0,0,0,0,0,0,0,0,0,0,0,0,0,0,0,0,0,0,0,0,0,0,0,0,0,0,0,0,0,0,0,0,0,0.00565884242104517,0,0,0,0,0,0,0,0,0,0,0,0,0,0,0,0,0,0,0,0,0,0,0,0,0,0.0226353696841807,0,0,0,0,0,0,0,0,0,0,0,0,0,0,0,0,0,0,0,0,0,0,0,0,0,0,0,0,0,0,0,0,0,0.00848826363156775,0,0,0,0,0,0,0,0,0,0,0,0,0,0,0,0,0,0,0,0,0,0,0,0,0,0,0,0,0,0.0169765272631355,0,0,0,0,0.00282942121052258,0,0,0,0,0,0,0,0,0,0,0,0,0,0,0,0,0,0,0,0,0,0,0,0,0,0,0,0,0,0,0,0,0,0,0,0,0,0,0,0,0,0,0,0,0,0,0,0,0,0,0,0,0,0.00282942121052258,0.0169765272631355,0,0,0,0,0,0.00282942121052258,0.00565884242104517,0,0,0,0.00282942121052258,0,0,0,0,0,0,0,0,0,0,0,0,0,0,0,0,0,0,0.0594178454209743,0,0,0,0,0.0452707393683613,0,0,0,0,0,0,0,0,0,0,0,0,0,0,0,0,0,0,0,0,0,0,0,0,0,0,0,0,0,0,0,0,0,0,0,0,0,0,0,0,0,0,0,0,0,0,0,0,0,0,0,0,0,0,0,0,0,0,0,0,0,0,0,0,0,0,0,0,0,0,0,0,0,0,0,0,0,0,0,0,0,0,0,0,0,0,0,0,0,0,0,0,0,0,0.00282942121052258,0,0,0,0,0,0,0,0,0,0,0,0,0,0,0,0,0,0,0,0,0,0,0.0763943726841098,0,0,0.0141471060526129,0,0,0,0,0,0,0.00282942121052258,0,0,0,0,0,0,0,0,0,0.144300481736652,0,0,0,0,0,0,0,0.172594693841878,0,0,0,0,0,0,0,0,0,0,0,0,0,0,0,0,0,0,0,0,0,0,0.760053272676629,0,0,0,0,0,0,0,0.615819798873687,0,0,0,0.11972088307316,0,0,0,0.393396000525706,0,0,0,0,0,0,0,0,0,0,0,0,0,0,0,0,0,0,0,0,0,0,0,0,0,0,0,0,0,0,0,0,0,0,0,0,0,0,0,0,0,0,12.3800728552427,0,0,0,0,0,0,0,0,0,0,0,0,0,0,0,0,0,0,0,0,0,1.12947517306663,0,0,0,0,0,0,0,0,0,0,0,0,0,0,0,0,0,0,0,0,0,0,0,0,0,0,0,0,0,3.27679759091424,0,0,0,0.631061557806593,0,0,0,0,0,0,0,0,0,0,0,0,0,0,0,0.135443100477761,0,0,0,0,0,0,0,0,0,0,0,0,0,0,0,0,0,0,0,0,0,0,0,0,0,0,0,0,0,0,0,0,0,0,0,0.275936474135004,8.59237311705167,0,0,0,0,0,0,0.447063356309831,0,0,0,0,0,0,0.217401603926528,0,0.140994330926856,0,0,0,0,0,0,0.375253199811446,0,0,0,0,0,0,0.689841185337511,0,0,0,0,0,0,0,0,0,0,0,0,0,0,0,0,0,0,0,0,0,0,0,0,0,1.18031864660027,0,0,0,0,0,0,0,0,0,0,1.17924303257912,0,0,0,0,0,0,0,0.118281457819245,0,0,0,0,0,0,0,0,0,0,0,0,0,0,0,0,0,0,0,0,0,0,0,0,0,0,0,0,0,0,0,0,0,0,0,0,0,0,0,0,0,0,0,0,0,0,0,0,0,0,0.294136509385016,0,0,0,0,0,0,0,0,0,0,0,0,0,0,0,0,0,0,0,0,0,0,0,0,0,0.084143591495489,0,0,0,0,0,0,0,0,0,0,0,0,0,0,0,0,0,0,0,0,0,0,0,0,0,0,0,0,0,0,0,0,0,0.0245137593453389,0,0,0,0,0,0,0,0,0,0,0,0,0,0,0,0,0,0,0,0,0,0,0,0,0,0,0,0,0,0.0972712570859506,0,0,0,0,0.474639722654202,0,0,0,0,0,0,0,0,0,0,0,0,0,0,0,0,0,0,0,0,0,0,0,0,0,0,0,0,0,0,0,0,0,0,0,0,0,0,0,0,0,0,0,0,0,0,0,0,0,0,0,0,0,0.660634088772922,0.268922360210608,0,0,0,0,0,0.141445360875306,1.16849224362752,0,0,0,0.245816445914901,0,0,0,0,0,0,0,0,0,0,0,0,0,0,0,0,0,0,0.351022804522409,0,0,0,0,0.197475633657986,0,0,0,0,0,0,0,0,0,0,0,0,0,0,0,0,0,0,0,0,0,0,0,0,0,0,0,0,0,0,0,0,0,0,0,0,0,0,0,0,0,0,0,0,0,0,0,0,0,0,0,0,0,0,0,0,0,0,0,0,0,0,0,0,0,0,0,0,0,0,0,0,0,0,0,0,0,0,0,0,0,0,0,0,0,0,0,0,0,0,0,0,0,0,2.43077109348117,0,0,0,0,0,0,0,0,0,0,0,0,0,0,0,0,0,0,0,0,0,0,0.333910294325677,0,0,0.0890403181524323,0,0,0,0,0,0,0.140455413338476,0,0,0,0,0,0,0,0,0,0.331101699476563,0,0,0,0,0,0,0,2.3665805277156,0,0,0,0,0,0,0,0,0,0,0,0,0,0,0,0,0,162.1062028,172.595603,165.8715029,179.800003,157.7974028,195.3109033,157.3165027,155.8578027,195.4716034,163.0630029,185.7120031,"KIN-00198"
"405",4934,"nSPC",2012,"PRIAs","Pacific Remote Island Areas","Kingman","Kingman",2012,"LagoonDeep","Kingman","2012-05-11","Lagoon","Deep",6.40933608,-162.39449149,25.85,7.5,20,10,3.5,44,15,0,0,NA,0.3075,0.147014609003747,0.8,2,1,55.7816076675997,0.0757265166884515,21.3961067919119,3.90310024907298,81.156541225273,5.70309527888882,0,0,0,0,0,0,0,0,0,0,0,0,0,0,0,0,0.00282942121052258,0,0,0,0,0.0792237938946324,0,0,0,0,0,0,0,0,0,0,0,0,0,0,0,0,0,0,0,0,0,0,0,0,0,0,0,0,0,0,0,0,0,0,0,0,0,0,0,0,0,0,0,0,0,0,0,0,0,0,0,0,0,0,0,0,0,0,0,0,0,0,0,0,0.00282942121052258,0,0,0,0,0,0,0,0,0,0,0,0,0,0,0,0,0,0,0,0,0,0,0,0,0,0,0,0,0,0.00848826363156775,0,0,0,0.0113176848420903,0,0,0,0,0,0,0,0,0,0,0,0,0,0,0,0.00848826363156775,0,0,0,0,0,0,0,0,0,0,0,0,0,0,0,0,0,0,0,0,0,0,0,0,0,0,0,0,0,0,0,0,0,0,0,0.0424413181578388,0.00282942121052258,0,0,0,0,0,0,0,0,0,0,0,0,0,0,0,0,0,0,0,0,0,0,0,0,0,0,0,0,0,0,0,0,0,0,0,0,0,0,0,0,0,0,0,0,0,0,0,0,0,0,0,0,0,0,0,0.00282942121052258,0,0,0,0.00282942121052258,0,0,0,0,0.00282942121052258,0,0.0141471060526129,0,0,0,0,0,0,0,0,0,0,0,0,0,0,0,0,0,0,0,0,0,0,0,0,0,0,0,0,0,0,0,0,0,0,0,0,0,0,0,0,0,0,0,0,0,0,0,0,0,0,0,0,0,0,0,0,0,0,0,0,0,0,0,0,0,0,0,0,0,0,0,0,0,0,0,0,0,0,0,0,0,0,0,0,0,0,0,0,0,0,0,0,0,0,0,0,0,0,0,0,0,0,0,0,0,0,0,0,0,0,0,0,0,0,0,0,0,0,0,0,0,0,0,0,0,0,0,0,0,0,0,0,0,0,0,0.00848826363156775,0,0,0,0,0,0,0,0,0,0,0,0,0.00282942121052258,0,0,0,0,0,0,0,0,0,0,0,0,0,0,0,0,0,0,0,0,0,0,0,0,0,0,0,0,0,0,0,0,0,0,0,0,0,0,0,0,0,0,0,0,0,0,0,0,0,0,0,0,0,0,0,0,0,0,0,0,0,0,0,0,0,0,0,0,0,0,0.00565884242104517,0,0,0,0,0,0,0,0,0,0,0,0,0,0,0,0,0,0,0,0,0,0,0,0,0,0,0,0,0,0,0,0,0,0,0,0,0,0.00848826363156775,0,0,0,0,0,0,0,0,0,0,0,0,0,0,0,0.00848826363156775,0,0,0,0,0,0,0,0,0,0,0,0,0,0,0,0,0,0,0,0,0,0,0,0,0,0,0,0,0,0,0,0,0,0,0,0,0,0,0,0,0,0,0,0,0,0,0,0,0,0,0,0,0,0,0,0,0,0,0,0,0,0,0,0,0,0,0,0,0,0.00282942121052258,0,0,0,0,0,0,0,0,0,0,0,0,0,0,0,0,0,0.00565884242104517,0,0,0,0,0,0,0,0,0,0,0,0,0,0,0,0,0,0,0,0,0,0,0,0,0,0,0,0,0,0,0,0,0,0,0.00282942121052258,0,0,0,0,0,0.0141471060526129,0,0,0,0,0,0,0,0,0,0,0,0,0,0,0,0,0,0,0,0,0.31014775456429,0,0,0,0,12.7501653950725,0,0,0,0,0,0,0,0,0,0,0,0,0,0,0,0,0,0,0,0,0,0,0,0,0,0,0,0,0,0,0,0,0,0,0,0,0,0,0,0,0,0,0,0,0,0,0,0,0,0,0,0,0,0,0,0,0,0,0,0,0,0,0,0,1.68960682219797,0,0,0,0,0,0,0,0,0,0,0,0,0,0,0,0,0,0,0,0,0,0,0,0,0,0,0,0,0,3.22883264094694,0,0,0,0.0825161976169643,0,0,0,0,0,0,0,0,0,0,0,0,0,0,0,0.310890754709687,0,0,0,0,0,0,0,0,0,0,0,0,0,0,0,0,0,0,0,0,0,0,0,0,0,0,0,0,0,0,0,0,0,0,0,0.0700791045422234,4.35941241351204,0,0,0,0,0,0,0,0,0,0,0,0,0,0,0,0,0,0,0,0,0,0,0,0,0,0,0,0,0,0,0,0,0,0,0,0,0,0,0,0,0,0,0,0,0,0,0,0,0,0,0,0,0,0,0,0.0775144428683062,0,0,0,0.0846268566382463,0,0,0,0,0.0379145771797484,0,2.47590343342442,0,0,0,0,0,0,0,0,0,0,0,0,0,0,0,0,0,0,0,0,0,0,0,0,0,0,0,0,0,0,0,0,0,0,0,0,0,0,0,0,0,0,0,0,0,0,0,0,0,0,0,0,0,0,0,0,0,0,0,0,0,0,0,0,0,0,0,0,0,0,0,0,0,0,0,0,0,0,0,0,0,0,0,0,0,0,0,0,0,0,0,0,0,0,0,0,0,0,0,0,0,0,0,0,0,0,0,0,0,0,0,0,0,0,0,0,0,0,0,0,0,0,0,0,0,0,0,0,0,0,0,0,0,0,0,49.3763045958463,0,0,0,0,0,0,0,0,0,0,0,0,0.029697605025645,0,0,0,0,0,0,0,0,0,0,0,0,0,0,0,0,0,0,0,0,0,0,0,0,0,0,0,0,0,0,0,0,0,0,0,0,0,0,0,0,0,0,0,0,0,0,0,0,0,0,0,0,0,0,0,0,0,0,0,0,0,0,0,0,0,0,0,0,0,0,0.336821176712581,0,0,0,0,0,0,0,0,0,0,0,0,0,0,0,0,0,0,0,0,0,0,0,0,0,0,0,0,0,0,0,0,0,0,0,0,0,0.00564741214622815,0,0,0,0,0,0,0,0,0,0,0,0,0,0,0,0.00743959492859211,0,0,0,0,0,0,0,0,0,0,0,0,0,0,0,0,0,0,0,0,0,0,0,0,0,0,0,0,0,0,0,0,0,0,0,0,0,0,0,0,0,0,0,0,0,0,0,0,0,0,0,0,0,0,0,0,0,0,0,0,0,0,0,0,0,0,0,0,0,1.34368286537678,0,0,0,0,0,0,0,0,0,0,0,0,0,0,0,0,0,0.036364155165184,0,0,0,0,0,0,0,0,0,0,0,0,0,0,0,0,0,0,0,0,0,0,0,0,0,0,0,0,0,0,0,0,0,0,2.86557967609668,0,0,0,0,0,1.67739375070163,0,0,0,0,0,0,0,0,0,0,0,0,0,0,0,"KIN-00171"
"406",4935,"nSPC",2012,"PRIAs","Pacific Remote Island Areas","Kingman","Kingman",2012,"LagoonMid","Kingman","2012-05-11","Lagoon","Mid",6.39019508,-162.35950416,9.75,30,0.5,10,20,27,0,0,12.5,NA,0.75875,0.324791192035294,1.4,2,1,24.8778826938321,1.89173945971836,29.5222770818234,4.50534589001899,60.7972451253928,22.4826397021345,0,0,0,0,0,0,0,0,0,0,0,0,0,0,0,0,0.0622472666314969,0,0,0,0,0,0,0,0,0,0,0,0,0,0,0,0,0,0,0,0,0,0,0,0,0,0,0,0,0,0,0,0,0,0.00282942121052258,0,0,0,0,0,0,0,0,0,0,0,0,0,0,0,0,0,0,0,0,0,0,0.00282942121052258,0,0,0,0,0,0,0,0,0,0.00282942121052258,0,0,0,0,0,0,0,0,0,0,0,0,0,0.00282942121052258,0,0,0,0,0,0,0,0,0,0,0,0,0,0,0,0,0,0,0.00565884242104517,0,0,0,0.0169765272631355,0,0,0,0,0,0,0,0,0,0,0,0,0,0,0,0,0,0.0452707393683613,0,0,0,0,0,0,0,0,0,0,0,0,0,0,0,0,0,0,0,0,0,0,0,0,0,0,0,0,0,0,0,0.00565884242104517,0,0.410266075525775,0.0113176848420903,0,0,0,0,0,0,0.00565884242104517,0,0,0,0.00565884242104517,0,0,0.00565884242104517,0,0,0,0,0,0,0,0,0,0,0,0,0,0,0,0,0,0,0,0,0.00848826363156775,0,0,0,0,0,0,0,0,0,0,0,0,0,0,0,0,0,0,0,0,0,0,0,0,0,0,0,0,0,0,0,0.0198059484736581,0,0.0226353696841807,0,0,0,0,0,0.104688584789336,0,0,0,0,0,0,0,0,0,0,0,0,0,0,0,0,0,0,0,0,0,0,0,0,0,0,0,0,0,0.00282942121052258,0,0,0,0,0,0,0,0,0,0,0.0113176848420903,0,0,0,0,0,0,0,0,0,0.00848826363156775,0,0,0,0,0,0,0,0,0,0,0,0,0,0,0,0,0,0,0,0.00282942121052258,0,0,0,0,0,0,0,0,0,0,0,0,0,0,0.00565884242104517,0,0,0,0,0,0,0,0,0,0,0,0,0,0,0,0,0,0,0,0,0,0,0,0.00565884242104517,0.00282942121052258,0,0,0,0,0,0,0,0,0,0,0,0,0,0,0,0,0.00565884242104517,0,0,0,0,0,0,0,0,0,0,0,0,0,0,0,0,0,0,0,0,0,0,0,0,0,0,0,0,0,0,0,0,0,0,0,0,0,0,0,0,0,0.00282942121052258,0,0,0,0,0,0,0,0,0,0,0,0,0,0,0,0,0,0,0,0,0,0,0,0,0,0.00282942121052258,0,0,0,0,0,0,0,0,0,0,0.00282942121052258,0,0,0.00565884242104517,0,0.00565884242104517,0,0,0,0,0,0,0.00282942121052258,0,0,0,0,0,0,0,0,0,0,0,0,0,0,0,0,0.0113176848420903,0,0,0,0,0,0,0,0,0,0,0,0,0,0,0,0,0,0,0,0,0,0,0,0,0,0,0,0,0,0,0,0,0,0,0,0,0,0,0,0,0,0,0,0,0,0,0,0,0,0,0,0,0,0,0,0,0,0,0,0,0,0,0,0,0,0,0,0,0,0,0,0,0,0,0,0,0,0,0,0,0,0,0,0,0.00282942121052258,0,0,0,0,0,0,0,0,0,0.00282942121052258,0,0,0,0,0,0,0,0,0,0,0,0,0,0,0,0,0,0,0,0,0,0,0,0,0,0,0,0,0,0,0,0,0,0,0,0,0,0,0,0,0,0,0.0424413181578388,0,0,0,0,0.00282942121052258,0.00848826363156775,0,0,0,0,0,0,0,0,0,0,0,0,0,0,0,0,0,0.00282942121052258,0,0,0,0,0,0,0,0,0,0,0,0,0,0,0,0,0,3.94274172045368,0,0,0,0,0,0,0,0,0,0,0,0,0,0,0,0,0,0,0,0,0,0,0,0,0,0,0,0,0,0,0,0,0,0.0913787044729163,0,0,0,0,0,0,0,0,0,0,0,0,0,0,0,0,0,0,0,0,0,0,0.0819242162629884,0,0,0,0,0,0,0,0,0,0.232429000294309,0,0,0,0,0,0,0,0,0,0,0,0,0,0.326216150990966,0,0,0,0,0,0,0,0,0,0,0,0,0,0,0,0,0,0,2.44388612466565,0,0,0,0.0969730749160765,0,0,0,0,0,0,0,0,0,0,0,0,0,0,0,0,0,0.0232137033796115,0,0,0,0,0,0,0,0,0,0,0,0,0,0,0,0,0,0,0,0,0,0,0,0,0,0,0,0,0,0,0,0.217401603926528,0,1.18769482385622,14.0030287322104,0,0,0,0,0,0,0.447063356309831,0,0,0,0.0839086681378492,0,0,0.217401603926528,0,0,0,0,0,0,0,0,0,0,0,0,0,0,0,0,0,0,0,0,0.0452961582198113,0,0,0,0,0,0,0,0,0,0,0,0,0,0,0,0,0,0,0,0,0,0,0,0,0,0,0,0,0,0,0,0.557844973294503,0,1.90887353438854,0,0,0,0,0,0.538319455246477,0,0,0,0,0,0,0,0,0,0,0,0,0,0,0,0,0,0,0,0,0,0,0,0,0,0,0,0,0,7.61926702543628,0,0,0,0,0,0,0,0,0,0,0.316329291336425,0,0,0,0,0,0,0,0,0,0.180036225192326,0,0,0,0,0,0,0,0,0,0,0,0,0,0,0,0,0,0,0,0.236265071445519,0,0,0,0,0,0,0,0,0,0,0,0,0,0,0.752889461113707,0,0,0,0,0,0,0,0,0,0,0,0,0,0,0,0,0,0,0,0,0,0,0,0.0363192065948072,0.0507706278658173,0,0,0,0,0,0,0,0,0,0,0,0,0,0,0,0,14.3520927913452,0,0,0,0,0,0,0,0,0,0,0,0,0,0,0,0,0,0,0,0,0,0,0,0,0,0,0,0,0,0,0,0,0,0,0,0,0,0,0,0,0,0.311942012750788,0,0,0,0,0,0,0,0,0,0,0,0,0,0,0,0,0,0,0,0,0,0,0,0,0,0.239267175246632,0,0,0,0,0,0,0,0,0,0,0.141445360875306,0,0,0.74722340850874,0,0.409201174716565,0,0,0,0,0,0,0.135305275352326,0,0,0,0,0,0,0,0,0,0,0,0,0,0,0,0,0.0522593315345883,0,0,0,0,0,0,0,0,0,0,0,0,0,0,0,0,0,0,0,0,0,0,0,0,0,0,0,0,0,0,0,0,0,0,0,0,0,0,0,0,0,0,0,0,0,0,0,0,0,0,0,0,0,0,0,0,0,0,0,0,0,0,0,0,0,0,0,0,0,0,0,0,0,0,0,0,0,0,0,0,0,0,0,0,0.785655411723411,0,0,0,0,0,0,0,0,0,7.3677394072097,0,0,0,0,0,0,0,0,0,0,0,0,0,0,0,0,0,0,0,0,0,0,0,0,0,0,0,0,0,0,0,0,0,0,0,0,0,0,0,0,0,0,0.0340025693974551,0,0,0,0,0.0632127496187788,0.299163879290204,0,0,0,0,0,0,0,0,0,0,0,0,0,0,0,0,0,0.221262063885302,0,0,0,0,0,0,0,0,0,0,0,0,"KIN-00248"
"407",4936,"nSPC",2012,"PRIAs","Pacific Remote Island Areas","Kingman","Kingman",2012,"BackreefDeep","Kingman","2012-05-11","Backreef","Deep",6.40035085,-162.34958695,25.65,12.5,0,17.5,2.5,57,10,0,0.5,NA,0.22025,0.274352245171823,1.75,2,1,43.9854426197814,2.83526889945126,7.41093976628727,12.7060016595683,66.9376529450882,1.32192531910191,0,0,0,0,0,0,0,0,0,0,0,0,0,0,0,0,0.0141471060526129,0,0,0,0,0,0,0,0,0,0,0,0,0,0,0,0,0,0,0,0,0,0,0,0,0,0,0,0,0,0,0,0,0,0.00282942121052258,0,0,0,0,0,0,0,0,0,0,0,0,0,0,0,0,0,0,0,0,0,0,0,0,0,0,0,0,0,0,0,0,0,0,0,0.00282942121052258,0,0,0,0,0,0,0,0,0,0,0.00282942121052258,0,0,0,0,0,0,0,0,0,0,0,0,0,0,0,0,0,0,0.00848826363156775,0,0,0,0.0169765272631355,0,0,0,0,0,0,0,0,0,0,0,0,0,0,0,0.00282942121052258,0,0,0,0,0,0,0,0.0113176848420903,0,0,0,0,0,0,0,0,0,0.00282942121052258,0,0,0,0,0,0,0,0,0,0,0,0.00848826363156775,0,0.00848826363156775,0,0,0,0.0962003211577679,0,0,0,0,0,0,0,0.00565884242104517,0,0,0,0.00565884242104517,0,0,0,0,0,0,0,0,0,0,0,0,0,0,0,0,0,0,0,0,0,0,0,0.00848826363156775,0,0,0,0,0,0,0,0,0,0,0,0,0,0,0,0,0,0,0,0,0,0,0,0,0,0,0,0,0.00565884242104517,0,0,0,0,0.0141471060526129,0,0,0,0,0,0.00282942121052258,0,0,0,0,0,0,0,0,0,0,0,0,0,0,0,0,0,0,0,0,0,0,0,0,0,0,0,0,0,0.00565884242104517,0,0,0,0,0,0,0,0,0,0,0.00282942121052258,0,0,0,0,0,0,0,0,0,0.00282942121052258,0,0,0,0,0,0,0,0,0,0,0,0,0,0,0,0,0,0,0,0,0,0,0,0,0,0,0,0,0,0,0,0,0,0,0,0,0,0,0,0,0,0,0,0,0,0,0,0,0,0,0,0,0,0,0,0,0,0,0.0141471060526129,0,0,0,0,0,0,0,0,0,0,0,0,0,0,0,0,0,0.00848826363156775,0,0.00282942121052258,0,0,0,0,0,0,0,0,0,0,0,0,0,0,0,0,0.0113176848420903,0,0,0,0,0,0,0,0,0,0,0,0,0,0,0,0,0,0,0,0,0,0,0.0141471060526129,0,0,0,0,0,0,0,0,0,0,0,0,0,0,0,0,0,0,0,0,0,0,0,0,0,0.0282942121052258,0,0,0,0.00565884242104517,0,0,0,0,0,0,0,0,0,0.00282942121052258,0,0,0,0,0,0,0,0,0,0,0,0,0,0,0,0,0,0,0,0,0,0,0,0,0,0,0,0,0,0,0,0,0,0,0,0,0,0,0,0,0,0,0,0,0,0,0,0,0,0,0,0,0,0,0,0,0,0,0,0.00282942121052258,0,0,0,0,0,0,0.00565884242104517,0,0,0,0,0,0,0,0,0,0,0,0,0,0,0,0,0,0,0,0,0,0,0,0,0,0,0,0,0,0,0,0,0,0.00282942121052258,0,0,0,0,0,0,0,0,0,0,0,0,0,0,0,0,0,0,0,0,0,0,0,0,0,0,0,0,0,0,0,0,0,0,0,0,0,0,0,0,0,0,0,0,0,0,0,0,0,0,0,0,0,0,0,0,0,0,0,0,0,0,0,0,0,0,0,0.0424413181578388,0.0113176848420903,0,0,0,0,0,0,0,0,0,0,0,0,0,0,0.00565884242104517,0,0,0,0,0,0,0,0,0,0,0,0,0,0,0,0,0,0,0,0,1.21827398691431,0,0,0,0,0,0,0,0,0,0,0,0,0,0,0,0,0,0,0,0,0,0,0,0,0,0,0,0,0,0,0,0,0,0.0913787044729163,0,0,0,0,0,0,0,0,0,0,0,0,0,0,0,0,0,0,0,0,0,0,0,0,0,0,0,0,0,0,0,0,0,0,0,0.155725906230731,0,0,0,0,0,0,0,0,0,0,1.32192531910191,0,0,0,0,0,0,0,0,0,0,0,0,0,0,0,0,0,0,4.19005678127101,0,0,0,0.161177006183795,0,0,0,0,0,0,0,0,0,0,0,0,0,0,0,0.0877238271159633,0,0,0,0,0,0,0,0.907845612739349,0,0,0,0,0,0,0,0,0,0.073216179013881,0,0,0,0,0,0,0,0,0,0,0,0.178985789863286,0,0.0792960526515064,0,0,0,0.612681171273834,0,0,0,0,0,0,0,0.447063356309831,0,0,0,0.119323859908858,0,0,0,0,0,0,0,0,0,0,0,0,0,0,0,0,0,0,0,0,0,0,0,0.0225046126419251,0,0,0,0,0,0,0,0,0,0,0,0,0,0,0,0,0,0,0,0,0,0,0,0,0,0,0,0,0.108680894979282,0,0,0,0,1.29489302527716,0,0,0,0,0,0.00485052669133039,0,0,0,0,0,0,0,0,0,0,0,0,0,0,0,0,0,0,0,0,0,0,0,0,0,0,0,0,0,15.6703254201361,0,0,0,0,0,0,0,0,0,0,0.0611154981472878,0,0,0,0,0,0,0,0,0,0.0706637519428109,0,0,0,0,0,0,0,0,0,0,0,0,0,0,0,0,0,0,0,0,0,0,0,0,0,0,0,0,0,0,0,0,0,0,0,0,0,0,0,0,0,0,0,0,0,0,0,0,0,0,0,0,0,0,0,0,0,0,0.103671457718822,0,0,0,0,0,0,0,0,0,0,0,0,0,0,0,0,0,22.0356374306138,0,0.891937968403649,0,0,0,0,0,0,0,0,0,0,0,0,0,0,0,0,3.06669561428607,0,0,0,0,0,0,0,0,0,0,0,0,0,0,0,0,0,0,0,0,0,0,3.30598953383082,0,0,0,0,0,0,0,0,0,0,0,0,0,0,0,0,0,0,0,0,0,0,0,0,0,1.61021229322356,0,0,0,0.391486867420991,0,0,0,0,0,0,0,0,0,0.154604052675333,0,0,0,0,0,0,0,0,0,0,0,0,0,0,0,0,0,0,0,0,0,0,0,0,0,0,0,0,0,0,0,0,0,0,0,0,0,0,0,0,0,0,0,0,0,0,0,0,0,0,0,0,0,0,0,0,0,0,0,5.49245015543763,0,0,0,0,0,0,0.0553387841312727,0,0,0,0,0,0,0,0,0,0,0,0,0,0,0,0,0,0,0,0,0,0,0,0,0,0,0,0,0,0,0,0,0,0.285865002902823,0,0,0,0,0,0,0,0,0,0,0,0,0,0,0,0,0,0,0,0,0,0,0,0,0,0,0,0,0,0,0,0,0,0,0,0,0,0,0,0,0,0,0,0,0,0,0,0,0,0,0,0,0,0,0,0,0,0,0,0,0,0,0,0,0,0,0,1.93695074632937,0.308055214166702,0,0,0,0,0,0,0,0,0,0,0,0,0,0,0.421050541080358,0,0,0,0,0,0,0,0,0,0,0,0,0,0,0,"KIN-00257"
"408",4937,"nSPC",2012,"PRIAs","Pacific Remote Island Areas","Kingman","Kingman",2012,"BackreefMid","Kingman","2012-05-11","Backreef","Mid",6.3909622,-162.34789892,11.4,17.5,0.5,12.5,2.5,59.5,0,0,7.5,NA,0.65375,0.286898153521288,1.35,2,1,251.019933437602,3.2137190462526,8.16598460210135,9.76657833914905,272.166215425105,2.92453144699677,0,0,0,0,0,0,0,0,0,0,0,0,0,0,0,0,0.0254647908947033,0.00565884242104517,0,0,0,0,0,0,0,0,0,0,0,0,0,0,0,0,0,0,0,0,0,0,0,0,0,0,0,0,0,0,0,0,0.00282942121052258,0,0,0,0,0,0,0,0,0,0,0,0,0,0,0,0,0,0,0,0,0,0,0,0,0,0,0,0,0,0,0,0,0,0,0,0.00565884242104517,0,0,0,0,0,0,0,0,0,0,0,0,0,0,0,0,0,0,0,0,0,0,0,0,0,0,0,0,0,0.0141471060526129,0,0,0,0.0198059484736581,0,0,0,0,0,0,0,0,0,0,0,0,0,0,0,0,0,0,0,0,0,0,0,0,0,0,0,0,0,0,0,0,0,0,0,0,0,0,0,0,0,0,0,0,0,0,0,0,0,0,0,0,0,0,0,0,0,0,0,0,0,0,0,0,0,0,0.00565884242104517,0,0,0,0,0,0,0,0,0.00282942121052258,0,0,0,0,0,0,0,0,0,0,0,0.0141471060526129,0,0,0,0,0,0,0,0,0,0,0,0,0,0,0,0,0,0,0,0,0,0,0,0,0,0,0,0,0.00282942121052258,0,0,0.0169765272631355,0,0.00848826363156775,0,0,0,0,0,0,0,0,0,0,0,0,0,0,0,0,0,0,0,0,0,0,0,0,0,0,0,0,0,0,0,0,0,0,0,0,0,0,0,0,0,0,0,0,0,0,0.00565884242104517,0,0,0,0,0,0,0,0,0,0.00848826363156775,0,0,0,0,0,0,0,0,0,0,0,0,0,0,0,0,0,0,0,0,0,0,0,0,0,0,0,0,0,0,0,0,0,0,0,0,0,0,0,0,0,0,0,0,0,0,0,0,0,0,0,0,0,0,0,0,0,0,0,0.00848826363156775,0,0,0,0,0.00282942121052258,0,0,0,0,0,0,0,0,0,0,0,0.138641639315607,0,0.00848826363156775,0,0,0,0,0,0,0,0,0,0,0,0,0,0,0,0,0,0,0,0,0,0,0,0,0,0,0,0,0,0,0,0,0,0,0,0,0,0,0,0.0113176848420903,0,0,0,0,0,0,0,0,0,0,0,0,0,0,0,0,0,0,0,0,0,0,0,0,0,0.00282942121052258,0,0,0,0,0,0,0,0,0,0,0,0,0,0.00565884242104517,0,0,0,0,0,0,0,0,0,0,0,0,0,0,0,0,0,0,0,0,0.0169765272631355,0,0,0,0,0,0,0,0,0,0,0,0,0,0,0,0,0,0,0,0,0,0,0,0,0,0,0,0,0,0,0,0,0,0,0,0,0,0,0,0,0,0,0,0,0,0.00848826363156775,0,0,0,0,0.00565884242104517,0,0,0,0,0,0,0,0,0,0,0,0,0,0,0,0,0,0,0,0,0,0,0,0,0,0,0,0,0,0,0,0,0,0,0,0,0,0,0.00282942121052258,0,0,0,0,0,0,0,0,0,0.00282942121052258,0,0,0,0,0,0,0,0,0,0,0,0,0,0,0,0,0,0,0,0,0,0,0,0,0,0,0,0,0,0,0,0,0,0,0,0,0,0,0,0,0,0,0,0,0,0,0,0.141471060526129,0.00565884242104517,0,0,0,0,0,0,0,0,0,0,0,0,0,0,0.00848826363156775,0,0,0,0,0,0,0,0,0,0,0,0,0,0,0,0,0,0,0,0,1.46939554075419,0.11972088307316,0,0,0,0,0,0,0,0,0,0,0,0,0,0,0,0,0,0,0,0,0,0,0,0,0,0,0,0,0,0,0,0,0.0913787044729163,0,0,0,0,0,0,0,0,0,0,0,0,0,0,0,0,0,0,0,0,0,0,0,0,0,0,0,0,0,0,0,0,0,0,0,1.39522794532204,0,0,0,0,0,0,0,0,0,0,0,0,0,0,0,0,0,0,0,0,0,0,0,0,0,0,0,0,0,13.9442921113572,0,0,0,0.209858087906798,0,0,0,0,0,0,0,0,0,0,0,0,0,0,0,0,0,0,0,0,0,0,0,0,0,0,0,0,0,0,0,0,0,0,0,0,0,0,0,0,0,0,0,0,0,0,0,0,0,0,0,0,0,0,0,0,0,0,0,0,0,0,0,0,0,0,0.281988661853712,0,0,0,0,0,0,0,0,0.182067340756513,0,0,0,0,0,0,0,0,0,0,0,0.0854276937664734,0,0,0,0,0,0,0,0,0,0,0,0,0,0,0,0,0,0,0,0,0,0,0,0,0,0,0,0,0.258863491426718,0,0,0.683122243629138,0,0.773075204875257,0,0,0,0,0,0,0,0,0,0,0,0,0,0,0,0,0,0,0,0,0,0,0,0,0,0,0,0,0,0,0,0,0,0,0,0,0,0,0,0,0,0,0,0,0,0,0.155405959987953,0,0,0,0,0,0,0,0,0,0.217866022835225,0,0,0,0,0,0,0,0,0,0,0,0,0,0,0,0,0,0,0,0,0,0,0,0,0,0,0,0,0,0,0,0,0,0,0,0,0,0,0,0,0,0,0,0,0,0,0,0,0,0,0,0,0,0,0,0,0,0,0,0.0308573741863588,0,0,0,0,0.0217299548968134,0,0,0,0,0,0,0,0,0,0,0,236.836374150998,0,4.74654435953393,0,0,0,0,0,0,0,0,0,0,0,0,0,0,0,0,0,0,0,0,0,0,0,0,0,0,0,0,0,0,0,0,0,0,0,0,0,0,0,1.72741770343931,0,0,0,0,0,0,0,0,0,0,0,0,0,0,0,0,0,0,0,0,0,0,0,0,0,0.239267175246632,0,0,0,0,0,0,0,0,0,0,0,0,0,1.14714103353275,0,0,0,0,0,0,0,0,0,0,0,0,0,0,0,0,0,0,0,0,0.114525851886818,0,0,0,0,0,0,0,0,0,0,0,0,0,0,0,0,0,0,0,0,0,0,0,0,0,0,0,0,0,0,0,0,0,0,0,0,0,0,0,0,0,0,0,0,0,0.154832684891664,0,0,0,0,0.0223195522751254,0,0,0,0,0,0,0,0,0,0,0,0,0,0,0,0,0,0,0,0,0,0,0,0,0,0,0,0,0,0,0,0,0,0,0,0,0,0,0.900131336651796,0,0,0,0,0,0,0,0,0,2.02440011034498,0,0,0,0,0,0,0,0,0,0,0,0,0,0,0,0,0,0,0,0,0,0,0,0,0,0,0,0,0,0,0,0,0,0,0,0,0,0,0,0,0,0,0,0,0,0,0,3.12829135248613,0.112595683121359,0,0,0,0,0,0,0,0,0,0,0,0,0,0,1.09209720959587,0,0,0,0,0,0,0,0,0,0,0,0,0,0,0,"KIN-00244"
"409",4938,"nSPC",2012,"PRIAs","Pacific Remote Island Areas","Kingman","Kingman",2012,"BackreefShallow","Kingman","2012-05-11","Backreef","Shallow",6.38407001,-162.36354709,4.25,5,0,0,22.5,72.5,0,0,0,NA,0.24375,0.119468911006112,0.5,2,1,27.4591692383016,2.51724326314394,52.4917163446249,4.37660879160013,86.8447376376705,3.98440700503889,0,0,0,0,0,0,0,0,0,0,0,0,0.00282942121052258,0.0113176848420903,0,0,0.067906109052542,0,0,0,0,0.00282942121052258,0,0,0,0,0,0,0,0,0,0,0,0,0,0,0,0,0,0,0,0,0,0,0,0,0,0,0,0,0,0,0,0,0,0,0.00282942121052258,0,0,0,0,0,0,0,0,0,0,0,0,0,0,0,0,0,0,0,0,0,0,0,0,0,0,0,0,0,0.00282942121052258,0,0,0,0,0,0,0,0,0,0,0,0,0,0,0,0,0,0,0,0,0,0,0,0,0,0,0,0,0,0.0169765272631355,0,0,0,0.0226353696841807,0,0,0,0,0,0,0,0,0,0,0,0,0,0,0,0,0,0,0,0,0,0,0,0,0,0,0,0,0,0,0,0,0,0,0,0,0.00282942121052258,0,0,0,0,0,0,0,0,0,0,0,0,0,0,0.226353696841807,0,0,0,0,0,0,0,0,0,0,0,0,0,0,0,0,0,0,0,0,0,0,0,0,0,0,0,0,0,0,0.481001605788839,0,0,0,0,0,0.0565884242104517,0,0,0,0,0,0,0,0,0,0,0,0,0,0,0,0,0,0,0,0,0,0,0,0,0,0,0,0,0.00282942121052258,0,0.0763943726841098,0,0.33953054526271,0,0,0,0,0,0.0933708999472453,0,0,0,0,0,0,0,0,0,0,0,0,0,0,0,0,0,0,0,0,0,0,0,0,0,0,0,0,0,0,0,0,0,0,0,0,0,0,0,0,0,0,0,0,0,0,0,0,0,0,0.0169765272631355,0,0,0,0,0,0,0,0,0,0,0,0,0,0,0,0,0,0,0,0.00565884242104517,0,0,0,0,0,0,0,0,0,0,0,0,0,0,0.00565884242104517,0,0,0,0,0,0,0,0,0,0,0,0,0,0,0,0,0,0,0,0,0,0,0,0,0.00565884242104517,0,0,0,0.0113176848420903,0,0,0,0,0,0,0,0,0,0,0,0,0.00565884242104517,0,0,0,0,0,0,0,0,0,0,0,0,0,0,0,0,0,0,0,0,0,0,0,0,0,0,0,0,0,0,0,0,0,0,0,0,0,0,0,0,0,0,0,0,0,0,0,0,0,0,0,0,0,0,0,0,0,0,0,0,0,0,0,0,0,0,0,0,0,0,0,0,0,0,0,0,0,0,0.00565884242104517,0,0,0.00565884242104517,0,0.00565884242104517,0,0,0,0,0,0,0,0,0,0,0,0,0,0,0,0,0,0,0.0311236333157484,0,0,0,0,0.0141471060526129,0,0,0,0,0,0,0,0,0,0,0,0,0,0.0848826363156775,0,0,0,0,0,0,0,0,0,0,0,0,0,0,0,0,0,0,0,0,0,0,0,0,0,0,0,0,0,0,0,0.00565884242104517,0,0,0,0,0,0,0,0,0,0,0,0,0,0,0,0,0,0,0,0,0,0,0,0,0,0,0,0,0,0,0,0,0,0,0,0,0,0,0.00282942121052258,0,0,0,0,0,0.00282942121052258,0,0,0,0,0,0,0,0,0,0,0,0,0,0,0,0,0,0,0,0,0,0,0,0,0,0,0.0452707393683613,0,0,0,0,0,0,0,0,0,0.00282942121052258,0,0,0,0,0,0,0,0,0,0.101859163578813,0,0,0,0,0,0.00565884242104517,0,0.0792237938946324,0,0,0,0,0,0,0,0,0,0,0,0,0,0,0,0,0,0,0,0,0,0,0,0,0,0,0,0,0,0.315019016626091,2.96886639019788,0,0,4.05570328831466,0,0,0,0,0.217385030496447,0,0,0,0,0,0,0,0,0,0,0,0,0,0,0,0,0,0,0,0,0,0,0,0,0,0,0,0,0,0,0,0,0,0,0.885058516468122,0,0,0,0,0,0,0,0,0,0,0,0,0,0,0,0,0,0,0,0,0,0,0,0,0,0,0,0,0,0.604070693728921,0,0,0,0,0,0,0,0,0,0,0,0,0,0,0,0,0,0,0,0,0,0,0,0,0,0,0,0,0,10.7446592002553,0,0,0,0.150571635654346,0,0,0,0,0,0,0,0,0,0,0,0,0,0,0,0,0,0,0,0,0,0,0,0,0,0,0,0,0,0,0,0,0,0,0,0,1.95662665135832,0,0,0,0,0,0,0,0,0,0,0,0,0,0,1.13659547679419,0,0,0,0,0,0,0,0,0,0,0,0,0,0,0,0,0,0,0,0,0,0,0,0,0,0,0,0,0,0,0.886573671526357,0,0,0,0,0,0.0290621038517303,0,0,0,0,0,0,0,0,0,0,0,0,0,0,0,0,0,0,0,0,0,0,0,0,0,0,0,0,0.0157400436329544,0,7.20207912816708,0,33.2797962704147,0,0,0,0,0,0.131161278782565,0,0,0,0,0,0,0,0,0,0,0,0,0,0,0,0,0,0,0,0,0,0,0,0,0,0,0,0,0,0,0,0,0,0,0,0,0,0,0,0,0,0,0,0,0,0,0,0,0,0,0.207361625178658,0,0,0,0,0,0,0,0,0,0,0,0,0,0,0,0,0,0,0,0.673210963103603,0,0,0,0,0,0,0,0,0,0,0,0,0,0,0.774129643198979,0,0,0,0,0,0,0,0,0,0,0,0,0,0,0,0,0,0,0,0,0,0,0,0,0.0108152281644914,0,0,0,0.0180690719600631,0,0,0,0,0,0,0,0,0,0,0,0,15.754530178249,0,0,0,0,0,0,0,0,0,0,0,0,0,0,0,0,0,0,0,0,0,0,0,0,0,0,0,0,0,0,0,0,0,0,0,0,0,0,0,0,0,0,0,0,0,0,0,0,0,0,0,0,0,0,0,0,0,0,0,0,0,0,0,0,0,0,0,0,0,0,0,0,0,0,0,0,0,0,0.0749213433291565,0,0,0.644055905402391,0,0.0744743747970947,0,0,0,0,0,0,0,0,0,0,0,0,0,0,0,0,0,0,0.239710813517261,0,0,0,0,0.0441029471862993,0,0,0,0,0,0,0,0,0,0,0,0,0,0.184400703849297,0,0,0,0,0,0,0,0,0,0,0,0,0,0,0,0,0,0,0,0,0,0,0,0,0,0,0,0,0,0,0,0.0223195522751254,0,0,0,0,0,0,0,0,0,0,0,0,0,0,0,0,0,0,0,0,0,0,0,0,0,0,0,0,0,0,0,0,0,0,0,0,0,0,1.02533339531968,0,0,0,0,0,1.00244695836089,0,0,0,0,0,0,0,0,0,0,0,0,0,0,0,0,0,0,0,0,0,0,0,0,0,0,0.302148536081769,0,0,0,0,0,0,0,0,0,0.10913607313467,0,0,0,0,0,0,0,0,0,0.149450028339803,0,0,0,0,0,0.168179513879037,0,0.786972386073541,0,0,0,0,0,0,0,0,0,0,0,0,0,0,0,0,0,0,0,0,0,0,0,0,0,0,0,0,"KIN-00252"
"410",4945,"nSPC",2012,"PRIAs","Pacific Remote Island Areas","Kingman","Kingman",2012,"LagoonDeep","Kingman","2012-05-12","Lagoon","Deep",6.39687278,-162.38776928,25.7,22.5,2.5,40,20,15,0,0,0,NA,0.265,0.239711397012345,1.1,2,1,2.7164707921582,1.07516505420871,11.6516983114672,3.0032613066628,18.446595464497,6.88088635524406,0,0,0,0,0,0,0,0,0,0,0,0,0,0,0,0,0.00565884242104517,0,0,0,0,0.0254647908947033,0,0,0,0,0,0,0,0,0,0,0,0,0,0,0,0,0,0,0,0,0,0,0,0,0,0,0,0,0,0,0,0,0,0,0,0,0,0,0,0,0,0,0,0,0,0,0,0,0,0,0,0,0,0,0,0,0,0,0,0,0,0,0,0,0.00848826363156775,0,0,0,0,0,0,0,0,0,0,0.00565884242104517,0,0,0,0,0,0,0,0,0,0,0,0,0,0,0,0,0,0,0.00565884242104517,0,0,0,0.0311236333157484,0,0,0,0,0,0,0,0,0,0,0,0,0,0,0,0,0,0,0,0,0,0,0,0.00565884242104517,0,0,0,0,0,0,0,0,0,0,0,0,0,0,0,0,0,0,0,0,0,0.00565884242104517,0,0,0,0,0,0.113176848420903,0.00282942121052258,0,0,0,0,0,0,0,0,0,0,0.00282942121052258,0,0,0,0,0,0,0.0282942121052258,0,0,0,0,0.00565884242104517,0,0,0,0,0,0,0,0,0,0,0,0.00282942121052258,0.0367824757367936,0,0,0,0,0,0,0,0,0,0,0,0.00282942121052258,0,0,0,0,0,0,0,0,0,0,0,0,0,0,0,0.0113176848420903,0,0,0.00282942121052258,0,0.00282942121052258,0,0,0,0,0,0.0198059484736581,0,0,0,0,0,0,0,0,0,0,0,0,0,0,0,0,0,0,0,0,0,0,0,0,0,0,0,0,0,0,0,0,0,0,0,0,0,0,0,0,0,0,0,0,0,0,0,0,0,0,0.00848826363156775,0,0,0,0,0,0,0,0,0,0,0,0,0,0,0,0,0,0,0,0,0,0,0,0,0,0,0,0,0,0,0,0,0,0,0.00282942121052258,0,0,0,0,0,0,0,0,0,0,0,0,0,0,0,0,0,0,0,0,0,0,0,0,0.00848826363156775,0,0,0,0,0,0,0,0,0,0,0,0,0,0.00282942121052258,0,0,0,0,0,0,0,0,0,0,0,0,0,0,0,0,0,0,0,0,0,0,0,0,0,0,0,0,0,0,0,0,0,0,0,0,0,0,0,0,0,0,0,0,0,0,0,0,0,0,0,0,0,0,0,0,0,0,0,0,0,0,0,0,0,0,0,0,0,0,0.0113176848420903,0,0,0,0.0113176848420903,0,0,0,0,0,0,0,0,0,0,0,0.00565884242104517,0,0,0,0,0,0,0.00565884242104517,0,0,0,0,0,0,0,0,0,0,0,0,0,0,0,0,0.00848826363156775,0,0,0,0,0,0,0,0,0,0,0,0,0,0,0,0,0,0,0,0,0,0,0,0,0,0,0,0,0,0,0,0,0,0,0,0.00282942121052258,0,0,0,0,0.0254647908947033,0,0,0,0,0,0,0,0,0,0,0,0,0,0,0,0,0,0,0,0,0,0,0,0,0,0,0,0,0,0,0,0,0,0,0,0,0,0,0,0,0,0,0,0.00282942121052258,0,0,0,0,0,0,0,0,0,0,0,0,0,0,0.00282942121052258,0,0,0,0,0,0,0,0,0,0,0,0,0,0,0,0,0,0,0,0,0,0,0,0,0,0,0,0,0,0,0,0,0,0,0,0,0,0,0,0,0,0,0,0,0,0,0,0,0,0,0,0,0,0,0,0,0,0,0,0,0,0,0,0,0,0,0,0,0,0,0,0,0,0,0,0,0,0,0,0.232380550177006,0,0,0,0,3.61588953175378,0,0,0,0,0,0,0,0,0,0,0,0,0,0,0,0,0,0,0,0,0,0,0,0,0,0,0,0,0,0,0,0,0,0,0,0,0,0,0,0,0,0,0,0,0,0,0,0,0,0,0,0,0,0,0,0,0,0,0,0,0,0,0,0,1.2903815533426,0,0,0,0,0,0,0,0,0,0,0.836320981896376,0,0,0,0,0,0,0,0,0,0,0,0,0,0,0,0,0,0,2.10754448918442,0,0,0,0.360349765652195,0,0,0,0,0,0,0,0,0,0,0,0,0,0,0,0,0,0,0,0,0,0,0,0.399942920496372,0,0,0,0,0,0,0,0,0,0,0,0,0,0,0,0,0,0,0,0,0,0.163500585259839,0,0,0,0,0,0.342219627181191,3.08710261587805,0,0,0,0,0,0,0,0,0,0,0.0596619299544288,0,0,0,0,0,0,0.969002031113021,0,0,0,0,0.1839792174189,0,0,0,0,0,0,0,0,0,0,0,0.0196662714901045,0.329457585244013,0,0,0,0,0,0,0,0,0,0,0,0.0169334983183446,0,0,0,0,0,0,0,0,0,0,0,0,0,0,0,0.263354720063469,0,0,0.225166706934366,0,0.0567371833240222,0,0,0,0,0,0.220320985033562,0,0,0,0,0,0,0,0,0,0,0,0,0,0,0,0,0,0,0,0,0,0,0,0,0,0,0,0,0,0,0,0,0,0,0,0,0,0,0,0,0,0,0,0,0,0,0,0,0,0,0.0513115197049756,0,0,0,0,0,0,0,0,0,0,0,0,0,0,0,0,0,0,0,0,0,0,0,0,0,0,0,0,0,0,0,0,0,0,0.0247721485823673,0,0,0,0,0,0,0,0,0,0,0,0,0,0,0,0,0,0,0,0,0,0,0,0,0.0314950917503884,0,0,0,0,0,0,0,0,0,0,0,0,0,0.455859561787301,0,0,0,0,0,0,0,0,0,0,0,0,0,0,0,0,0,0,0,0,0,0,0,0,0,0,0,0,0,0,0,0,0,0,0,0,0,0,0,0,0,0,0,0,0,0,0,0,0,0,0,0,0,0,0,0,0,0,0,0,0,0,0,0,0,0,0,0,0,0,0.251082838221774,0,0,0,0.357843464752,0,0,0,0,0,0,0,0,0,0,0,0.196152799650706,0,0,0,0,0,0,0.0843073280368861,0,0,0,0,0,0,0,0,0,0,0,0,0,0,0,0,0.0606705132748788,0,0,0,0,0,0,0,0,0,0,0,0,0,0,0,0,0,0,0,0,0,0,0,0,0,0,0,0,0,0,0,0,0,0,0,0.0102062881905971,0,0,0,0,0.154520434472397,0,0,0,0,0,0,0,0,0,0,0,0,0,0,0,0,0,0,0,0,0,0,0,0,0,0,0,0,0,0,0,0,0,0,0,0,0,0,0,0,0,0,0,0.785655411723411,0,0,0,0,0,0,0,0,0,0,0,0,0,0,1.2028053146332,0,0,0,0,0,0,0,0,0,0,0,0,0,0,0,0,0,0,0,0,0,0,0,0,0,0,0,0,0,0,0,0,0,0,0,0,0,0,0,0,0,0,0,0,0,0,0,0,0,0,0,0,0,0,0,0,0,0,0,0,0,0,0,0,0,0,0,0,0,0,0,0,0,0,"KIN-00246"
"411",4947,"nSPC",2012,"PRIAs","Pacific Remote Island Areas","Kingman","Kingman",2012,"LagoonMid","Kingman","2012-05-12","Lagoon","Mid",6.40136699,-162.38556082,11.8,27.5,0,20,22.5,24,1,0,5,NA,0.70375,0.436548012625091,1.9,2,1,28.0322431952576,23.244439149969,19.5887043607094,8.86330362254516,79.7286903284811,9.26046807243059,0,0,0,0,0,0,0,0,0,0,0,0,0,0,0,0,0.0565884242104517,0,0,0,0,0,0,0,0,0,0,0,0,0,0,0,0,0,0,0,0,0,0,0,0,0,0,0,0,0,0,0,0,0,0,0,0,0,0,0,0,0,0,0,0,0,0,0,0,0,0,0,0,0,0,0,0,0,0,0,0.00282942121052258,0,0,0,0,0,0,0,0,0,0.00282942121052258,0,0,0,0,0,0,0,0,0,0,0.00565884242104517,0,0,0,0,0,0,0,0,0,0,0,0,0,0.0565884242104517,0,0,0,0,0.00282942121052258,0,0,0,0.0226353696841807,0,0,0,0,0,0,0,0,0,0,0,0,0,0,0,0,0,0,0,0,0,0,0,0.00565884242104517,0,0,0,0,0,0,0,0,0,0,0,0,0,0,0,0,0,0,0,0,0,0,0,0,0,0,0,0.735649514735872,0.00282942121052258,0,0,0,0,0,0,0,0,0,0,0,0,0,0,0,0,0,0,0,0,0,0,0.00282942121052258,0,0,0,0,0,0,0,0,0,0,0,0.0113176848420903,0,0,0,0,0,0,0,0,0,0,0,0,0,0,0,0,0,0,0,0,0,0,0,0,0,0,0,0,0.0452707393683613,0.00848826363156775,0,0.0169765272631355,0.00848826363156775,0.0424413181578388,0,0,0,0,0,0,0,0,0,0,0,0,0,0,0,0,0,0,0,0,0,0,0,0,0,0,0,0,0,0,0,0,0,0,0,0.00282942121052258,0,0,0,0,0,0,0,0,0,0,0.00565884242104517,0,0,0,0,0,0,0,0,0,0.00282942121052258,0,0,0,0,0,0,0,0,0,0,0,0,0,0,0,0,0,0,0,0.00565884242104517,0,0,0,0,0,0,0,0,0,0,0,0,0,0,0.00848826363156775,0,0,0,0,0,0,0,0,0,0,0,0,0,0,0,0,0,0,0,0,0,0,0,0,0.00848826363156775,0,0,0,0,0,0,0,0,0,0,0,0,0,0,0,0,0.0169765272631355,0,0.00282942121052258,0,0,0,0,0,0,0,0,0,0,0.00282942121052258,0,0,0,0.00565884242104517,0,0.00282942121052258,0,0,0,0,0,0,0,0,0,0,0,0,0,0,0,0,0,0,0,0,0,0,0.00565884242104517,0,0,0,0,0,0,0,0,0,0,0,0,0,0,0,0,0,0,0,0,0,0,0,0,0,0.00565884242104517,0,0,0,0.00565884242104517,0,0,0,0,0,0,0.00282942121052258,0,0,0,0,0.00282942121052258,0,0,0,0,0,0,0.00565884242104517,0,0,0,0,0,0,0,0,0,0,0,0.00848826363156775,0,0,0,0,0.00848826363156775,0,0,0,0,0,0,0,0,0,0,0,0,0,0,0,0,0,0,0,0,0,0,0,0,0,0,0,0,0,0,0,0,0,0,0,0,0,0,0,0,0.00282942121052258,0,0,0,0,0,0,0,0,0,0,0,0,0,0,0,0,0,0,0,0,0,0,0,0,0,0,0,0,0,0,0,0,0,0,0,0,0,0,0,0,0,0,0,0.00282942121052258,0,0,0,0,0,0,0,0,0,0.00565884242104517,0,0,0,0,0,0,0,0,0,0,0,0,0,0,0,0,0,0,0,0,0,0,0.00565884242104517,0,0,0,0,0,0,0,0,0,0.00282942121052258,0,0,0,0,0,0,0,0,0,0,0,0,0,0,0,0.0198059484736581,0,0.0481001605788839,0,0,0,0,0,0,0,0,0,0,0,0,0.00848826363156775,0,0,0,0,0,0,0,0,0,0,0,0,0,0,0,0,0,0,0,0,4.30624874634423,0,0,0,0,0,0,0,0,0,0,0,0,0,0,0,0,0,0,0,0,0,0,0,0,0,0,0,0,0,0,0,0,0,0,0,0,0,0,0,0,0,0,0,0,0,0,0,0,0,0,0,0,0,0,0,0,0,0,0,0.248286972602325,0,0,0,0,0,0,0,0,0,0.604070693728921,0,0,0,0,0,0,0,0,0,0,1.7773530087014,0,0,0,0,0,0,0,0,0,0,0,0,0,20.1482552430001,0,0,0,0,1.31235695922621,0,0,0,0.122166532185878,0,0,0,0,0,0,0,0,0,0,0,0,0,0,0,0,0,0,0,0,0,0,0,0.399942920496372,0,0,0,0,0,0,0,0,0,0,0,0,0,0,0,0,0,0,0,0,0,0,0,0,0,0,0,1.43370168042632,1.9175580408708,0,0,0,0,0,0,0,0,0,0,0,0,0,0,0,0,0,0,0,0,0,0,0.0919896087094502,0,0,0,0,0,0,0,0,0,0,0,0.118794691445315,0,0,0,0,0,0,0,0,0,0,0,0,0,0,0,0,0,0,0,0,0,0,0,0,0,0,0,0,1.04325391112449,0.301000132783637,0,1.22655765062078,0.0107863333095728,2.79770733459287,0,0,0,0,0,0,0,0,0,0,0,0,0,0,0,0,0,0,0,0,0,0,0,0,0,0,0,0,0,0,0,0,0,0,0,10.0355853461243,0,0,0,0,0,0,0,0,0,0,0.289732731957513,0,0,0,0,0,0,0,0,0,0.0087428844168392,0,0,0,0,0,0,0,0,0,0,0,0,0,0,0,0,0,0,0,0.396615841823654,0,0,0,0,0,0,0,0,0,0,0,0,0,0,1.01183582676377,0,0,0,0,0,0,0,0,0,0,0,0,0,0,0,0,0,0,0,0,0,0,0,0,0.0619104582203769,0,0,0,0,0,0,0,0,0,0,0,0,0,0,0,0,15.9266793969966,0,1.64018606137711,0,0,0,0,0,0,0,0,0,0,0.029697605025645,0,0,0,1.54368753509723,0,1.77424190684808,0,0,0,0,0,0,0,0,0,0,0,0,0,0,0,0,0,0,0,0,0,0,0.484151492152129,0,0,0,0,0,0,0,0,0,0,0,0,0,0,0,0,0,0,0,0,0,0,0,0,0,0.329402632039644,0,0,0,0.365919792949527,0,0,0,0,0,0,0.0622990679213183,0,0,0,0,0.13689078274066,0,0,0,0,0,0,0.124930250041523,0,0,0,0,0,0,0,0,0,0,0,0.0510809432910725,0,0,0,0,0.0606705132748788,0,0,0,0,0,0,0,0,0,0,0,0,0,0,0,0,0,0,0,0,0,0,0,0,0,0,0,0,0,0,0,0,0,0,0,0,0,0,0,0,0.0401284443440231,0,0,0,0,0,0,0,0,0,0,0,0,0,0,0,0,0,0,0,0,0,0,0,0,0,0,0,0,0,0,0,0,0,0,0,0,0,0,0,0,0,0,0,0.586908622245541,0,0,0,0,0,0,0,0,0,4.97864840061285,0,0,0,0,0,0,0,0,0,0,0,0,0,0,0,0,0,0,0,0,0,0,0.036364155165184,0,0,0,0,0,0,0,0,0,0.177412658647018,0,0,0,0,0,0,0,0,0,0,0,0,0,0,0,0.394786751264374,0,0.176351033440967,0,0,0,0,0,0,0,0,0,0,0,0,1.14379873353059,0,0,0,0,0,0,0,0,0,0,0,0,0,0,0,"KIN-00245"
"412",4948,"nSPC",2012,"PRIAs","Pacific Remote Island Areas","Kingman","Kingman",2012,"LagoonMid","Kingman","2012-05-12","Lagoon","Mid",6.40597921,-162.37050348,9.9,40,0,12.5,25,12.5,0,0,10,NA,0.71,0.569754636760889,2.5,2,1,38.4327140845448,8.54707844714371,20.925300251072,24.5055614312931,92.4106542140536,12.1636013989334,0,0,0,0,0,0,0,0,0,0,0,0,0,0,0,0,0.0452707393683613,0,0,0,0,0,0,0,0,0,0,0,0,0,0,0,0,0,0,0,0,0,0,0,0,0,0,0,0,0,0,0,0,0,0,0,0,0,0,0,0.00282942121052258,0,0,0,0,0,0,0,0,0,0,0,0,0,0,0,0,0,0,0,0,0,0,0,0,0.0169765272631355,0,0,0,0,0.00848826363156775,0,0,0,0,0,0,0,0,0,0,0.00282942121052258,0,0,0,0,0,0,0,0,0,0,0,0,0,0.0367824757367936,0,0,0,0,0.00848826363156775,0,0,0,0.00282942121052258,0,0,0,0,0,0,0,0,0,0,0,0,0,0,0,0.00565884242104517,0,0,0,0,0,0,0,0.00565884242104517,0,0,0,0,0,0,0,0,0,0,0,0,0,0,0,0,0,0,0,0,0,0.00282942121052258,0,0,0,0,0,0.226353696841807,0.00282942121052258,0,0,0,0,0,0,0.00282942121052258,0,0,0,0.00565884242104517,0,0,0,0,0,0,0,0,0,0,0,0,0,0,0,0,0,0,0,0,0,0,0,0.00282942121052258,0,0,0,0,0,0,0,0,0,0,0,0,0.00565884242104517,0,0,0,0.0198059484736581,0,0,0,0,0,0,0,0,0,0,0,0.00282942121052258,0,0,0,0.0113176848420903,0.0254647908947033,0,0,0,0,0,0.067906109052542,0,0,0,0,0,0,0,0,0,0,0,0,0,0,0,0,0,0,0,0,0,0,0,0.00282942121052258,0,0,0,0,0,0.00565884242104517,0,0,0,0,0,0,0,0,0,0,0.00565884242104517,0,0,0,0,0,0,0,0,0,0.0141471060526129,0,0,0,0,0,0,0,0,0,0,0,0,0,0,0,0,0,0,0,0,0,0,0,0,0,0,0,0,0,0,0,0,0,0,0,0,0,0,0,0,0,0,0,0,0,0,0,0,0,0,0,0,0,0,0,0,0,0,0.0141471060526129,0.00565884242104517,0,0,0,0,0,0,0,0,0,0,0,0,0,0.00282942121052258,0,0,0.0169765272631355,0,0,0,0,0,0,0,0,0,0,0,0,0,0,0,0,0.00282942121052258,0,0.0113176848420903,0,0,0,0,0,0,0,0,0,0,0,0,0,0,0,0,0,0,0,0,0,0.00848826363156775,0.0113176848420903,0,0,0,0,0,0,0,0,0,0,0,0,0,0,0,0,0,0,0,0,0,0,0,0,0,0.00282942121052258,0,0,0,0,0,0,0,0,0,0,0.00848826363156775,0,0,0,0,0.00282942121052258,0,0,0,0,0,0,0,0,0,0,0,0,0,0,0,0,0,0,0.0169765272631355,0,0,0,0,0.00565884242104517,0,0,0,0,0,0,0,0,0,0,0,0,0,0.00565884242104517,0,0,0,0,0,0,0,0,0,0,0,0,0,0,0,0,0,0,0,0,0,0.00282942121052258,0,0,0,0,0.00282942121052258,0,0,0,0,0,0,0,0,0,0,0,0,0,0,0,0,0,0,0,0,0,0,0,0,0,0,0,0,0,0,0,0,0,0,0,0,0,0,0,0,0,0,0,0.00282942121052258,0,0,0,0,0,0,0,0,0,0.00565884242104517,0,0,0,0,0,0,0,0,0,0,0,0,0,0,0,0,0,0,0,0,0,0,0,0,0,0,0,0,0,0,0,0,0,0,0,0,0,0,0,0,0,0,0.0396118969473162,0,0,0,0.00848826363156775,0.0113176848420903,0.0169765272631355,0,0.0396118969473162,0,0,0,0,0,0,0,0,0,0,0,0,0.00848826363156775,0,0,0,0,0,0,0,0,0,0,0,0,0,0,0,0,0,0,0,0,3.72465482812491,0,0,0,0,0,0,0,0,0,0,0,0,0,0,0,0,0,0,0,0,0,0,0,0,0,0,0,0,0,0,0,0,0,0,0,0,0,0,0,0.802140913183153,0,0,0,0,0,0,0,0,0,0,0,0,0,0,0,0,0,0,0,0,0,0,0,0,0.00268771738118646,0,0,0,0,1.54814530125916,0,0,0,0,0,0,0,0,0,0,1.32192531910191,0,0,0,0,0,0,0,0,0,0,0,0,0,4.3769077775525,0,0,0,0,2.23664784035926,0,0,0,0.0133986696144496,0,0,0,0,0,0,0,0,0,0,0,0,0,0,0,0.509051884888161,0,0,0,0,0,0,0,0.399942920496372,0,0,0,0,0,0,0,0,0,0,0,0,0,0,0,0,0,0,0,0,0,0.179111292414106,0,0,0,0,0,0.519753358688157,4.0816112027173,0,0,0,0,0,0,0.27473509157586,0,0,0,0.0839086681378492,0,0,0,0,0,0,0,0,0,0,0,0,0,0,0,0,0,0,0,0,0,0,0,0.0150987194066038,0,0,0,0,0,0,0,0,0,0,0,0,0.00407996588573971,0,0,0,0.0282613606922854,0,0,0,0,0,0,0,0,0,0,0,0.100333377594546,0,0,0,0.0143817777460971,2.28141008976647,0,0,0,0,0,0.220916131274673,0,0,0,0,0,0,0,0,0,0,0,0,0,0,0,0,0,0,0,0,0,0,0,0.269163497623171,0,0,0,0,0,3.67909715136992,0,0,0,0,0,0,0,0,0,0,0.194098295041849,0,0,0,0,0,0,0,0,0,0.388858135003279,0,0,0,0,0,0,0,0,0,0,0,0,0,0,0,0,0,0,0,0,0,0,0,0,0,0,0,0,0,0,0,0,0,0,0,0,0,0,0,0,0,0,0,0,0,0,0,0,0,0,0,0,0,0,0,0,0,0,0.140688288339716,0.027397062361695,0,0,0,0,0,0,0,0,0,0,0,0,0,0.949698553486393,0,0,30.9911926427501,0,0,0,0,0,0,0,0,0,0,0,0,0,0,0,0,1.52547252215334,0,18.0063178608984,0,0,0,0,0,0,0,0,0,0,0,0,0,0,0,0,0,0,0,0,0,1.29210688431783,2.59517878271406,0,0,0,0,0,0,0,0,0,0,0,0,0,0,0,0,0,0,0,0,0,0,0,0,0,0.0410266075525775,0,0,0,0,0,0,0,0,0,0,0.173557044441596,0,0,0,0,0.109690165036044,0,0,0,0,0,0,0,0,0,0,0,0,0,0,0,0,0,0,0.0523384747375151,0,0,0,0,0.00626171834358209,0,0,0,0,0,0,0,0,0,0,0,0,0,0.00376494143081877,0,0,0,0,0,0,0,0,0,0,0,0,0,0,0,0,0,0,0,0,0,0.0102062881905971,0,0,0,0,0.0401284443440231,0,0,0,0,0,0,0,0,0,0,0,0,0,0,0,0,0,0,0,0,0,0,0,0,0,0,0,0,0,0,0,0,0,0,0,0,0,0,0,0,0,0,0,0.425160166681635,0,0,0,0,0,0,0,0,0,6.33490471043256,0,0,0,0,0,0,0,0,0,0,0,0,0,0,0,0,0,0,0,0,0,0,0,0,0,0,0,0,0,0,0,0,0,0,0,0,0,0,0,0,0,0,0.0510710528499326,0,0,0,0.207247719524584,0.152940330149988,0.322392584404252,0,0.414723828642953,0,0,0,0,0,0,0,0,0,0,0,0,1.26686625337043,0,0,0,0,0,0,0,0,0,0,0,0,0,0,0,"KIN-00247"
"413",4949,"nSPC",2012,"PRIAs","Pacific Remote Island Areas","Kingman","Kingman",2012,"BackreefShallow","Kingman","2012-05-12","Backreef","Shallow",6.41158444,-162.35893453,3.5,17.5,8,3.5,17.5,31.5,20,0,2,NA,0.51,0.464494012427647,1.75,2,1,23.7715108394536,11.8850181394534,53.9005527436563,9.29796184948008,98.8550435720434,29.0126566363248,0,0,0,0,0,0,0,0,0,0,0,0,0,0,0,0,0.0537590029999291,0,0,0,0,0,0,0,0,0,0.00282942121052258,0,0,0,0,0,0,0,0,0,0,0,0,0,0,0,0,0,0,0,0,0,0,0,0,0,0,0,0,0,0,0,0,0,0,0,0,0,0,0,0,0,0,0,0,0,0,0,0,0,0,0,0,0,0,0,0,0,0,0,0,0,0,0,0,0,0,0,0,0,0,0,0,0,0,0,0,0,0,0,0,0,0,0,0,0,0,0,0,0,0.0113176848420903,0,0,0,0.0113176848420903,0,0,0,0,0,0,0,0,0,0,0,0,0,0,0,0,0,0,0,0,0,0,0,0.00848826363156775,0,0,0,0,0,0,0,0,0,0,0,0,0,0,0,0,0,0,0,0,0,0.00282942121052258,0,0,0,0,0,0.104688584789336,0.0254647908947033,0,0,0,0,0,0,0,0,0,0,0,0,0,0,0,0,0,0.0226353696841807,0,0,0,0,0,0,0,0,0,0,0,0.0707355302630646,0,0,0,0,0.00565884242104517,0.0141471060526129,0,0,0,0,0,0,0,0,0,0,0,0.00282942121052258,0,0,0,0,0,0,0,0.00848826363156775,0,0,0,0.00282942121052258,0,0,0,0,0,0,0.033953054526271,0,0.0594178454209743,0,0,0,0,0,0.229183118052329,0,0,0,0,0,0,0,0,0,0,0,0,0,0,0,0,0,0,0,0,0,0,0,0,0,0,0,0,0,0,0,0,0,0,0,0,0,0,0,0,0,0,0,0,0,0,0,0,0,0,0,0,0,0,0,0,0,0,0,0,0,0,0,0,0,0,0,0,0,0,0.0169765272631355,0,0,0,0,0,0,0,0,0,0,0,0,0,0,0,0,0,0,0,0,0,0,0,0,0,0,0,0,0,0,0,0,0,0,0,0,0,0,0,0,0,0,0,0.00848826363156775,0,0,0,0,0,0,0,0,0,0,0,0,0.0141471060526129,0,0,0,0,0,0,0,0,0,0,0,0,0.00282942121052258,0,0,0,0.0622472666314968,0.00565884242104517,0.0113176848420903,0,0,0,0,0,0,0,0,0,0,0,0,0,0,0,0,0,0,0,0,0,0,0.00848826363156775,0,0,0,0,0,0.0254647908947033,0,0,0,0,0,0,0,0,0,0,0,0,0,0,0,0,0,0,0,0,0,0,0,0.00282942121052258,0.033953054526271,0,0,0,0,0.00282942121052258,0,0.00282942121052258,0,0,0,0.0113176848420903,0,0,0,0,0,0,0,0,0,0,0,0,0,0,0,0,0,0,0.0452707393683613,0,0,0,0.0396118969473162,0.00282942121052258,0,0,0,0,0,0,0,0,0,0,0,0,0,0.149959324157697,0,0,0,0,0,0,0,0,0,0,0,0,0,0,0,0,0,0,0,0,0,0,0,0,0,0,0,0,0,0,0,0,0,0,0,0,0,0,0,0,0,0,0,0,0,0,0,0,0,0,0,0,0,0,0,0,0,0,0,0,0,0.00282942121052258,0,0,0,0,0,0,0,0,0.0113176848420903,0,0,0,0,0,0,0,0,0,0.00565884242104517,0,0,0,0,0,0,0,0,0,0,0,0,0,0,0,0,0,0,0,0,0,0,0.110347427210381,0,0.0113176848420903,0,0,0,0.0481001605788839,0,0,0,0,0,0,0,0,0,0,0,0,0,0.0424413181578388,0,0,0,0.00565884242104517,0.00848826363156775,0.00282942121052258,0,0.0650766878420194,0,0,0,0,0,0,0,0,0,0,0,0,0,0,0,0,0,0,0,0,0,0,0,0,0,0,0,0,0,0,0,0,0,4.39394621285537,0,0,0,0,0,0,0,0,0,0.0974594214728254,0,0,0,0,0,0,0,0,0,0,0,0,0,0,0,0,0,0,0,0,0,0,0,0,0,0,0,0,0,0,0,0,0,0,0,0,0,0,0,0,0,0,0,0,0,0,0,0,0,0,0,0,0,0,0,0,0,0,0,0,0,0,0,0,0,0,0,0,0,0,0,0,0,0,0,0,0,0,0,0,0,0,0,0,0,0,0,0,0,4.84750822135733,0,0,0,0.119918907375313,0,0,0,0,0,0,0,0,0,0,0,0,0,0,0,0,0,0,0,0,0,0,0,0.686128811028919,0,0,0,0,0,0,0,0,0,0,0,0,0,0,0,0,0,0,0,0,0,0.108700801963264,0,0,0,0,0,0.249291814595513,17.2344924222222,0,0,0,0,0,0,0,0,0,0,0,0,0,0,0,0,0,0.881041197280705,0,0,0,0,0,0,0,0,0,0,0,0.116798507570372,0,0,0,0,0.0625079168701708,0.0123303173500234,0,0,0,0,0,0,0,0,0,0,0,0.0104204641434813,0,0,0,0,0,0,0,0.0103795998317118,0,0,0,0.053292714384435,0,0,0,0,0,0,2.46460580749539,0,4.56351871066125,0,0,0,0,0,0.447109578185835,0,0,0,0,0,0,0,0,0,0,0,0,0,0,0,0,0,0,0,0,0,0,0,0,0,0,0,0,0,0,0,0,0,0,0,0,0,0,0,0,0,0,0,0,0,0,0,0,0,0,0,0,0,0,0,0,0,0,0,0,0,0,0,0,0,0,0,0,0,0,0.456905802441142,0,0,0,0,0,0,0,0,0,0,0,0,0,0,0,0,0,0,0,0,0,0,0,0,0,0,0,0,0,0,0,0,0,0,0,0,0,0,0,0,0,0,0,0.00810365114739811,0,0,0,0,0,0,0,0,0,0,0,0,18.0411210504571,0,0,0,0,0,0,0,0,0,0,0,0,0.058003134815713,0,0,0,10.2797313227689,0.786936869684827,4.21816356787521,0,0,0,0,0,0,0,0,0,0,0,0,0,0,0,0,0,0,0,0,0,0,2.28323676996327,0,0,0,0,0,9.10691683759924,0,0,0,0,0,0,0,0,0,0,0,0,0,0,0,0,0,0,0,0,0,0,0,0.234786984819254,0.365799153545484,0,0,0,0,0.426877041568511,0,0.221217541251428,0,0,0,1.74938029679867,0,0,0,0,0,0,0,0,0,0,0,0,0,0,0,0,0,0,0.286862058504349,0,0,0,0.142692190242377,0.00313085917179104,0,0,0,0,0,0,0,0,0,0,0,0,0,0.231348619299232,0,0,0,0,0,0,0,0,0,0,0,0,0,0,0,0,0,0,0,0,0,0,0,0,0,0,0,0,0,0,0,0,0,0,0,0,0,0,0,0,0,0,0,0,0,0,0,0,0,0,0,0,0,0,0,0,0,0,0,0,0,0.386127717294564,0,0,0,0,0,0,0,0,5.8130847242121,0,0,0,0,0,0,0,0,0,5.08403829260983,0,0,0,0,0,0,0,0,0,0,0,0,0,0,0,0,0,0,0,0,0,0,0.825216282480275,0,0.0891485583780749,0,0,0,0.235719823600212,0,0,0,0,0,0,0,0,0,0,0,0,0,0.0699404629029078,0,0,0,0.122926743910079,0.0951834956590415,0.0975432900888749,0,0.775449002309446,0,0,0,0,0,0,0,0,0,0,0,0,0,0,0,0,0,0,0,0,0,0,0,0,0,0,0,0,"KIN-00241"
"414",4951,"nSPC",2012,"PRIAs","Pacific Remote Island Areas","Kingman","Kingman",2012,"BackreefShallow","Kingman","2012-05-12","Backreef","Shallow",6.38403439,-162.36891721,3.6,25,0,7.5,25,33.5,0,0,9,NA,0.64375,0.490081041480503,2,2,1,20.7784095523282,0.606648638740983,50.5608067245416,7.84366150448381,79.7895264200947,19.6368551168075,0,0,0,0,0,0.00282942121052258,0,0,0,0,0,0,0.00282942121052258,0,0,0,0.0509295817894065,0,0,0,0,0,0,0,0,0,0,0,0,0,0,0,0,0,0,0,0,0,0,0,0,0,0,0,0,0,0,0,0,0,0,0,0,0,0,0,0,0,0,0,0,0,0,0,0,0,0,0,0,0,0,0,0,0,0,0,0,0,0,0,0,0,0,0,0,0,0,0,0,0,0,0,0,0,0,0,0,0,0,0,0,0,0,0,0,0,0,0,0,0,0,0,0,0,0,0,0.0141471060526129,0,0,0,0.00282942121052258,0,0,0,0,0,0,0,0,0,0,0,0,0,0,0,0,0,0,0,0,0,0,0,0.00848826363156775,0,0,0,0,0,0,0,0,0,0.00282942121052258,0,0,0,0,0,0,0,0,0,0,0,0,0,0,0,0,0,0,0,0,0,0,0,0,0,0.00565884242104517,0,0,0,0,0,0,0,0,0,0,0.0141471060526129,0,0,0,0,0.00282942121052258,0.00565884242104517,0,0,0,0,0,0,0,0,0,0,0,0,0,0,0,0,0,0,0,0,0,0,0,0.00565884242104517,0,0,0,0.0565884242104517,0,0.00282942121052258,0,0,0,0,0,0,0,0,0.00565884242104517,0,0,0,0.00565884242104517,0,0.132982796894561,0,0,0,0,0,0.155618166578742,0,0,0,0,0,0,0,0,0,0,0,0,0,0,0,0,0,0,0,0,0,0,0,0,0,0,0,0,0.00282942121052258,0,0,0,0,0,0,0,0,0,0,0,0,0,0,0,0,0,0,0,0,0,0.0169765272631355,0,0,0,0,0,0,0,0,0.00282942121052258,0,0,0,0,0,0,0,0,0,0,0.00848826363156775,0,0,0,0,0,0,0,0,0,0,0,0,0,0,0,0,0,0,0,0,0,0,0,0,0,0,0,0,0,0,0,0,0,0,0,0,0,0,0.00282942121052258,0,0,0,0,0,0,0,0,0,0,0,0,0,0,0,0,0,0.0141471060526129,0,0,0,0,0,0,0,0,0,0,0,0,0,0,0,0,0.00282942121052258,0.00282942121052258,0.00565884242104517,0,0,0,0,0,0,0,0,0,0,0,0,0,0,0,0,0,0,0,0,0,0,0.0594178454209743,0,0,0,0,0,0,0,0,0,0,0,0,0,0,0,0,0,0,0,0,0,0,0,0,0,0.00282942121052258,0,0,0,0.00848826363156775,0,0,0,0,0,0,0.00282942121052258,0,0,0,0,0.00282942121052258,0,0,0,0,0,0,0,0,0,0,0,0,0,0,0,0,0,0,0.0254647908947033,0,0,0,0,0.0113176848420903,0,0,0,0,0,0,0,0,0,0,0,0,0,0,0,0,0,0,0,0,0,0,0,0,0,0,0,0,0,0,0,0,0,0,0,0,0,0,0,0,0,0,0,0,0,0,0,0,0,0,0,0,0,0,0,0,0,0,0,0,0,0,0,0,0,0,0,0,0,0,0,0,0,0,0,0,0,0,0,0,0,0,0,0,0.0311236333157484,0,0,0,0,0,0,0,0,0,0.00565884242104517,0,0.00282942121052258,0,0,0.00848826363156775,0,0,0,0,0,0,0,0,0,0,0,0,0,0,0,0,0,0.0990297423682904,0,0,0,0,0,0.0509295817894065,0,0,0,0,0,0,0,0,0,0,0,0,0,0.0113176848420903,0,0,0,0,0.00282942121052258,0.00282942121052258,0,0.0792237938946324,0,0,0,0,0,0,0,0,0,0,0,0,0,0,0.00565884242104517,0,0,0,0,0,0,0,0.238732414637843,0,0,0,0,0,0,0.0436919354961429,0,0,0,4.59932456717811,0,0,0,0,0,0,0,0,0,0,0,0,0,0,0,0,0,0,0,0,0,0,0,0,0,0,0,0,0,0,0,0,0,0,0,0,0,0,0,0,0,0,0,0,0,0,0,0,0,0,0,0,0,0,0,0,0,0,0,0,0,0,0,0,0,0,0,0,0,0,0,0,0,0,0,0,0,0,0,0,0,0,0,0,0,0,0,0,0,0,0,0,0,0,0,0,0,0,0,3.79739696534241,0,0,0,0.0299797268438283,0,0,0,0,0,0,0,0,0,0,0,0,0,0,0,0,0,0,0,0,0,0,0,0.783526962299643,0,0,0,0,0,0,0,0,0,0.253284327047767,0,0,0,0,0,0,0,0,0,0,0,0,0,0,0,0,0,0,0,0,0,0,0,0,0,0.358222584828211,0,0,0,0,0,0,0,0,0,0,0.870286016891422,0,0,0,0,0.0919896087094502,0.422262317972611,0,0,0,0,0,0,0,0,0,0,0,0,0,0,0,0,0,0,0,0,0,0,0,0.0273539624618259,0,0,0,0.0480236671937251,0,1.34091207411356,0,0,0,0,0,0,0,0,0.0291558945052414,0,0,0,0.450333413868732,0,9.1181603647418,0,0,0,0,0,0.13441119714536,0,0,0,0,0,0,0,0,0,0,0,0,0,0,0,0,0,0,0,0,0,0,0,0,0,0,0,0,0.368956299498448,0,0,0,0,0,0,0,0,0,0,0,0,0,0,0,0,0,0,0,0,0,0.116727907278961,0,0,0,0,0,0,0,0,1.02462343550416,0,0,0,0,0,0,0,0,0,0,0.578665610859733,0,0,0,0,0,0,0,0,0,0,0,0,0,0,0,0,0,0,0,0,0,0,0,0,0,0,0,0,0,0,0,0,0,0,0,0,0,0,0.0243290750675526,0,0,0,0,0,0,0,0,0,0,0,0,0,0,0,0,0,14.549308736694,0,0,0,0,0,0,0,0,0,0,0,0,0,0,0,0,0.387383452121338,0.690217876139193,2.29763492104985,0,0,0,0,0,0,0,0,0,0,0,0,0,0,0,0,0,0,0,0,0,0,15.0537116602184,0,0,0,0,0,0,0,0,0,0,0,0,0,0,0,0,0,0,0,0,0,0,0,0,0,0.0708939778508539,0,0,0,0.904931069517076,0,0,0,0,0,0,0.0622990679213183,0,0,0,0,0.70581455351794,0,0,0,0,0,0,0,0,0,0,0,0,0,0,0,0,0,0,0.0663851043479659,0,0,0,0,0.0650259009498106,0,0,0,0,0,0,0,0,0,0,0,0,0,0,0,0,0,0,0,0,0,0,0,0,0,0,0,0,0,0,0,0,0,0,0,0,0,0,0,0,0,0,0,0,0,0,0,0,0,0,0,0,0,0,0,0,0,0,0,0,0,0,0,0,0,0,0,0,0,0,0,0,0,0,0,0,0,0,0,0,0,0,0,0,13.8648052831949,0,0,0,0,0,0,0,0,0,0.0494280273657576,0,0.951487946606965,0,0,3.90084784274845,0,0,0,0,0,0,0,0,0,0,0,0,0,0,0,0,0,0.172297483373727,0,0,0,0,0,0.069445103764975,0,0,0,0,0,0,0,0,0,0,0,0,0,0.00688115238399092,0,0,0,0,0.0779728370902948,0.0975432900888749,0,0.641337266351886,0,0,0,0,0,0,0,0,0,0,0,0,0,0,0.353523537310597,0,0,0,0,0,0,0,0,0,0,0,0,0,"KIN-00251"
"415",4955,"nSPC",2012,"PRIAs","Pacific Remote Island Areas","Kingman","Kingman",2012,"LagoonDeep","Kingman","2012-05-12","Lagoon","Deep",6.38409524,-162.43497239,26.45,30,2.5,20,9,37,1.5,0,0,NA,0.70625,0.382255455636036,1.65,2,1,58.3538159879267,16.4536099392738,27.3276735088665,37.2371587533088,139.372258189376,20.3567842841651,0,0,0,0,0,0,0,0,0,0,0,0,0,0.00282942121052258,0,0,0.0169765272631355,0.0282942121052258,0,0,0,0,0,0,0,0,0,0,0,0,0,0,0,0,0,0,0,0,0,0,0,0,0,0,0,0,0,0,0,0,0,0,0,0,0,0,0.00282942121052258,0,0,0,0,0,0,0,0,0,0,0,0,0,0,0,0,0,0,0,0.00282942121052258,0,0,0,0,0,0,0,0,0,0.00848826363156775,0,0,0,0,0,0,0,0,0,0,0.00282942121052258,0,0,0,0,0,0,0,0,0,0,0,0,0,0,0,0,0,0,0.00848826363156775,0,0,0,0.0169765272631355,0,0,0,0,0,0,0,0,0,0,0,0,0,0,0,0,0,0,0,0,0,0,0,0.00565884242104517,0,0,0,0,0,0,0,0,0,0,0,0,0,0,0,0,0,0,0,0,0,0.00565884242104517,0,0,0,0,0,3.3953054526271,0.00565884242104517,0,0,0,0,0,0,0.0113176848420903,0,0,0,0.00848826363156775,0,0,0.0113176848420903,0,0,0,0.00282942121052258,0,0,0,0,0,0,0,0,0,0,0,0.0565884242104517,0,0,0,0,0.0226353696841807,0,0,0,0,0,0,0.169765272631355,0,0,0,0,0,0.0113176848420903,0,0,0,0,0,0,0,0,0,0,0,0.00282942121052258,0,0,0,0.0282942121052258,0,0,0.0311236333157484,0,0.00565884242104517,0,0,0,0,0,0.15278874536822,0,0,0,0,0,0,0,0,0,0,0,0,0,0,0,0,0,0,0,0,0,0,0,0,0,0,0,0,0,0.00282942121052258,0,0,0,0,0,0,0,0,0,0,0,0,0,0,0,0,0.00565884242104517,0,0,0,0.00282942121052258,0,0,0,0,0,0,0,0,0,0,0,0,0,0,0,0,0,0,0,0.00282942121052258,0,0,0,0,0,0.0169765272631355,0,0,0,0,0,0,0,0,0,0,0,0,0,0,0,0,0,0,0,0,0,0,0,0,0,0,0,0,0,0,0,0,0.00565884242104517,0,0,0,0,0.00282942121052258,0,0,0,0,0,0,0,0,0,0,0,0,0.0141471060526129,0,0.00848826363156775,0,0,0,0,0,0,0,0,0,0,0,0,0,0,0,0.00282942121052258,0.0113176848420903,0,0,0,0,0,0,0,0.033953054526271,0,0,0.0113176848420903,0,0,0,0,0,0,0,0,0,0,0,0,0,0,0,0,0,0,0,0,0,0,0,0,0,0,0,0,0,0,0,0,0,0,0,0,0,0,0,0,0,0.00848826363156775,0,0,0,0,0,0,0,0,0,0.00282942121052258,0,0.0113176848420903,0,0,0,0,0,0,0,0,0,0,0,0,0,0,0,0,0,0,0,0,0,0,0,0.033953054526271,0,0,0,0,0,0,0,0,0,0,0,0,0,0,0,0,0,0,0,0,0,0,0,0,0,0,0,0,0,0,0,0,0,0,0,0.00848826363156775,0,0,0,0,0.0169765272631355,0.0565884242104517,0,0,0,0,0,0,0,0,0,0,0,0,0,0,0,0,0,0,0,0,0,0,0,0,0.0141471060526129,0,0,0,0,0,0,0,0,0,0,0,0,0,0,0,0,0,0,0,0,0,0,0,0,0,0,0,0.00282942121052258,0,0,0,0,0,0,0,0,0,0,0,0,0,0,0,0,0,0,0,0,0,0,0,0,0,0,0,0,0,0,0,0,0,0,0,0,0,0,0,0,0,0,0,0,0,0,0,0,0.00565884242104517,0,0,0,0,0,0,0,0,0,0,0,0,0,0,0.00565884242104517,0,0,0,0,0,0,0,0,0,0,0,0,0,0,0,0,0,0.704421230818454,0,0,1.39646558176161,0.342349779367905,0,0,0,0,0,0,0,0,0,0,0,0,0,0,0,0,0,0,0,0,0,0,0,0,0,0,0,0,0,0,0,0,0,0,0,0,0,0,0.464201917351361,0,0,0,0,0,0,0,0,0,0,0,0,0,0,0,0,0,0,0,0.194296347802044,0,0,0,0,0,0,0,0,0,2.02344247505125,0,0,0,0,0,0,0,0,0,0,0.811309269606749,0,0,0,0,0,0,0,0,0,0,0,0,0,0,0,0,0,0,6.15449741295904,0,0,0,0.146716246604212,0,0,0,0,0,0,0,0,0,0,0,0,0,0,0,0,0,0,0,0,0,0,0,0.486157350780733,0,0,0,0,0,0,0,0,0,0,0,0,0,0,0,0,0,0,0,0,0,0.217401603926528,0,0,0,0,0,9.72347575523349,10.504668054945,0,0,0,0,0,0,0.805285941138042,0,0,0,0.201074152538777,0,0,0.563977323707424,0,0,0,1.67306755240363,0,0,0,0,0,0,0,0,0,0,0,0.0934388060562978,0,0,0,0,0.12078975525283,0,0,0,0,0,0,0.173597113875316,0,0,0,0,0,0.208302838285396,0,0,0,0,0,0,0,0,0,0,0,0.179862911047468,0,0,0,1.20434112809881,0,0,1.52093580964165,0,0.478865126642068,0,0,0,0,0,0.174691627793608,0,0,0,0,0,0,0,0,0,0,0,0,0,0,0,0,0,0,0,0,0,0,0,0,0,0,0,0,0,10.0355853461243,0,0,0,0,0,0,0,0,0,0,0,0,0,0,0,0,2.18350946229949,0,0,0,0.0863340103006628,0,0,0,0,0,0,0,0,0,0,0,0,0,0,0,0,0,0,0,0.198307920911827,0,0,0,0,0,0.118124657291744,0,0,0,0,0,0,0,0,0,0,0,0,0,0,0,0,0,0,0,0,0,0,0,0,0,0,0,0,0,0,0,0,0.0294093471809712,0,0,0,0,0.0048155202490365,0,0,0,0,0,0,0,0,0,0,0,0,40.7257841910611,0,8.4796467909579,0,0,0,0,0,0,0,0,0,0,0,0,0,0,0,0.96849148348127,18.1201961760775,0,0,0,0,0,0,0,5.14698926655793,0,0,0.524906866994003,0,0,0,0,0,0,0,0,0,0,0,0,0,0,0,0,0,0,0,0,0,0,0,0,0,0,0,0,0,0,0,0,0,0,0,0,0,0,0,0,0,0.973747120430922,0,0,0,0,0,0,0,0,0,0.653547673221794,0,0.5453722353925,0,0,0,0,0,0,0,0,0,0,0,0,0,0,0,0,0,0,0,0,0,0,0,0.15263526838556,0,0,0,0,0,0,0,0,0,0,0,0,0,0,0,0,0,0,0,0,0,0,0,0,0,0,0,0,0,0,0,0,0,0,0,0.0486216229079832,0,0,0,0,0.0999778886815236,0.278319143583828,0,0,0,0,0,0,0,0,0,0,0,0,0,0,0,0,0,0,0,0,0,0,0,0,1.1218798915709,0,0,0,0,0,0,0,0,0,0,0,0,0,0,0,0,0,0,0,0,0,0,0,0,0,0,0,7.3677394072097,0,0,0,0,0,0,0,0,0,0,0,0,0,0,0,0,0,0,0,0,0,0,0,0,0,0,0,0,0,0,0,0,0,0,0,0,0,0,0,0,0,0,0,0,0,0,0,0,0.112595683121359,0,0,0,0,0,0,0,0,0,0,0,0,0,0,0.82808810269223,0,0,0,0,0,0,0,0,0,0,0,0,0,0,0,"KIN-00165"
"416",4956,"nSPC",2012,"PRIAs","Pacific Remote Island Areas","Kingman","Kingman",2012,"LagoonMid","Kingman","2012-05-12","Lagoon","Mid",6.38767523,-162.4247173,15.2,32.5,2.5,7.5,15,40.5,1.5,0,0.5,NA,0.6175,0.280073167386754,1.1,2,1,41.6599223224168,6.35806506261819,24.7861801852372,24.9224792246387,97.7266467949109,16.3781699636686,0,0,0,0,0,0,0,0,0,0,0,0,0,0,0,0,0.0367824757367936,0,0,0,0,0,0,0,0,0,0,0,0,0,0,0,0,0,0,0,0,0,0,0,0,0,0,0,0,0,0,0,0,0,0.00282942121052258,0,0,0,0,0,0,0,0,0,0,0,0,0,0,0,0,0,0,0,0,0,0,0,0,0,0,0,0,0,0,0,0,0.00282942121052258,0,0,0.00282942121052258,0,0,0,0,0,0,0,0,0,0,0,0,0,0,0,0,0,0,0,0,0,0,0,0,0,0,0,0,0,0.00282942121052258,0,0,0,0.0396118969473162,0,0,0,0,0,0,0,0,0,0,0,0,0,0,0,0.00565884242104517,0,0,0,0,0,0,0,0.00565884242104517,0,0,0,0,0,0,0,0,0,0,0,0,0,0,0,0,0,0,0,0,0,0,0,0,0,0.00565884242104517,0,1.55618166578742,0.0141471060526129,0,0,0,0,0.00565884242104517,0,0.00565884242104517,0,0,0,0.0141471060526129,0,0,0.00282942121052258,0,0,0,0,0,0,0,0,0,0,0,0,0,0,0,0.0565884242104517,0,0,0,0,0.00848826363156775,0,0,0,0,0,0,0,0,0,0,0,0,0.00848826363156775,0,0,0,0,0,0,0,0,0,0,0,0.00282942121052258,0,0,0,0.0367824757367936,0,0,0.0198059484736581,0,0.00848826363156775,0,0,0,0,0,0.0509295817894065,0,0,0,0,0,0,0,0,0,0,0,0,0,0,0,0,0,0,0,0,0,0,0,0.00282942121052258,0,0,0,0,0,0,0,0,0,0,0,0,0,0,0,0,0,0,0,0,0,0,0,0,0,0,0.00848826363156775,0,0,0,0,0,0,0,0,0,0,0,0,0,0,0,0,0,0,0,0.00565884242104517,0,0,0,0,0.00282942121052258,0.0169765272631355,0,0,0,0,0,0,0,0,0,0,0,0,0,0,0,0,0,0,0,0,0,0,0,0,0,0,0,0,0,0,0,0,0,0.00848826363156775,0,0,0,0.00282942121052258,0,0,0,0,0,0,0,0,0,0,0,0,0.0141471060526129,0,0.00848826363156775,0,0,0,0,0,0,0,0,0,0,0.0169765272631355,0,0,0,0,0,0.00848826363156775,0,0,0,0,0,0,0,0.00565884242104517,0,0,0.00282942121052258,0,0,0,0,0,0,0,0,0,0,0,0,0,0,0,0,0,0,0,0,0,0,0,0,0,0,0,0.00282942121052258,0,0,0,0,0,0,0,0,0,0,0,0,0,0.00848826363156775,0.00848826363156775,0,0,0,0,0.00282942121052258,0,0.00282942121052258,0,0.00282942121052258,0,0.00565884242104517,0,0,0,0,0,0,0,0,0,0,0,0,0,0,0,0,0,0,0.0282942121052258,0,0,0,0,0.0565884242104517,0,0,0,0,0,0,0,0,0,0,0,0,0,0.0282942121052258,0,0,0,0,0,0,0,0,0,0,0,0,0,0,0,0,0,0,0,0,0,0,0,0,0,0.00282942121052258,0,0,0,0,0,0.00565884242104517,0,0,0,0,0,0.00282942121052258,0,0,0,0,0,0,0,0,0,0,0,0,0,0,0,0,0,0,0,0,0,0,0,0,0,0,0,0,0,0,0,0,0,0,0,0,0,0,0,0,0,0,0.00565884242104517,0,0,0,0,0.00282942121052258,0,0,0,0,0,0,0,0,0,0,0,0,0,0,0,0,0,0.0198059484736581,0,0,0,0,0,0,0,0,0,0,0,0,0,0,0,0,0,0,0,0,0,0,0,0,0,0.00565884242104517,0,0.033953054526271,0,0,0,0,0,0,0,0,0,0,0,0,0.0113176848420903,0,0,0,0,0,0,0,0,0,0,0,0,0,0,0,0,0,0,0,0,3.51905756102426,0,0,0,0,0,0,0,0,0,0,0,0,0,0,0,0,0,0,0,0,0,0,0,0,0,0,0,0,0,0,0,0,0,0.0553596065787217,0,0,0,0,0,0,0,0,0,0,0,0,0,0,0,0,0,0,0,0,0,0,0,0,0,0,0,0,0,0,0,0,0.232429000294309,0,0,0.604070693728921,0,0,0,0,0,0,0,0,0,0,0,0,0,0,0,0,0,0,0,0,0,0,0,0,0,0,0,0,0,2.78351903752502,0,0,0,0.257162049699961,0,0,0,0,0,0,0,0,0,0,0,0,0,0,0,0.479943614722546,0,0,0,0,0,0,0,0.583555502051457,0,0,0,0,0,0,0,0,0,0,0,0,0,0,0,0,0,0,0,0,0,0,0,0,0,0.217401603926528,0,4.54054198179822,11.0023298206622,0,0,0,0,0.409078344634629,0,0.447063356309831,0,0,0,0.209771670344623,0,0,0.108700801963264,0,0,0,0,0,0,0,0,0,0,0,0,0,0,0,0.137968237067502,0,0,0,0,0.0475795993280497,0,0,0,0,0,0,0,0,0,0,0,0,0.031261392430444,0,0,0,0,0,0,0,0,0,0,0,0.328391679841125,0,0,0,1.48519905358033,0,0,1.72344206105097,0,0.864893002971086,0,0,0,0,0,0.200730617415936,0,0,0,0,0,0,0,0,0,0,0,0,0,0,0,0,0,0,0,0,0,0,0,0.225701375147013,0,0,0,0,0,0,0,0,0,0,0,0,0,0,0,0,0,0,0,0,0,0,0,0,0,0,0.31837524992798,0,0,0,0,0,0,0,0,0,0,0,0,0,0,0,0,0,0,0,0.755837562104859,0,0,0,0,0.0399191720907789,0.159933033924789,0,0,0,0,0,0,0,0,0,0,0,0,0,0,0,0,0,0,0,0,0,0,0,0,0,0,0,0,0,0,0,0,0,0.0657254313820637,0,0,0,0.0119901315272546,0,0,0,0,0,0,0,0,0,0,0,0,37.5259844423935,0,6.32383833276825,0,0,0,0,0,0,0,0,0,0,0.127026865246411,0,0,0,0,0,10.3902909653487,0,0,0,0,0,0,0,1.14128183889692,0,0,0.215540780862994,0,0,0,0,0,0,0,0,0,0,0,0,0,0,0,0,0,0,0,0,0,0,0,0,0,0,0,0.184606845855614,0,0,0,0,0,0,0,0,0,0,0,0,0,0.466276533865553,0.134461180105304,0,0,0,0,0.0770813561540246,0,0.327117337756217,0,0.226955786527786,0,0.414227034271192,0,0,0,0,0,0,0,0,0,0,0,0,0,0,0,0,0,0,0.172146696541384,0,0,0,0,0.238173272712206,0,0,0,0,0,0,0,0,0,0,0,0,0,0.0401517746045928,0,0,0,0,0,0,0,0,0,0,0,0,0,0,0,0,0,0,0,0,0,0,0,0,0,0.27956986280188,0,0,0,0,0,0.0223195522751254,0,0,0,0,0,0.0342702326439706,0,0,0,0,0,0,0,0,0,0,0,0,0,0,0,0,0,0,0,0,0,0,0,0,0,0,0,0,0,0,0,0,0,0,0,0,0,0,0,0,0,0,4.53558664087154,0,0,0,0,0.84025350213479,0,0,0,0,0,0,0,0,0,0,0,0,0,0,0,0,0,0.11791675617694,0,0,0,0,0,0,0,0,0,0,0,0,0,0,0,0,0,0,0,0,0,0,0,0,0,0.0288267542861064,0,0.659703888255751,0,0,0,0,0,0,0,0,0,0,0,0,1.35610631649951,0,0,0,0,0,0,0,0,0,0,0,0,0,0,0,"KIN-00175"
"417",4957,"nSPC",2012,"PRIAs","Pacific Remote Island Areas","Kingman","Kingman",2012,"BackreefMid","Kingman","2012-05-12","Backreef","Mid",6.38677066,-162.39621263,9.45,22.5,0.5,10,37.5,29.5,0,0,0,NA,0.4425,0.229212908865129,0.9,2,1,81.3254960757538,10.703549753147,70.3538650734459,10.5535309039688,172.936441806315,54.8506620808599,0,0,0,0,0,0,0,0,0,0,0,0,0,0,0,0,0.0707355302630646,0,0,0,0,0,0,0,0,0,0,0,0,0,0,0,0,0,0,0,0,0,0,0,0,0,0,0,0,0,0,0,0,0,0.00282942121052258,0,0,0,0,0,0,0,0,0,0,0,0,0,0,0,0,0,0,0,0,0,0,0,0,0,0.00848826363156775,0,0,0,0,0,0,0,0,0,0.00282942121052258,0,0,0,0,0,0,0,0,0,0,0,0,0,0,0,0,0,0,0,0.00565884242104517,0,0,0,0,0,0,0,0,0,0.00848826363156775,0,0,0,0.033953054526271,0,0,0,0,0,0,0,0,0,0,0,0,0,0,0,0.00282942121052258,0,0.0565884242104517,0,0,0,0,0,0,0,0,0,0,0,0,0,0,0,0,0,0,0.00282942121052258,0,0,0,0,0,0,0,0,0.00282942121052258,0,0,0,0,0,2.68795014999645,0.0141471060526129,0,0,0,0,0,0,0.00565884242104517,0,0,0,0,0,0,0.00282942121052258,0,0.0113176848420903,0,0.00282942121052258,0,0,0,0,0,0,0,0,0,0,0,0.353677651315323,0,0,0,0,0.0113176848420903,0,0,0,0,0,0,0,0,0,0,0,0,0.0282942121052258,0,0,0,0,0,0,0,0,0,0,0,0,0,0,0,0.101859163578813,0,0,0.0141471060526129,0,0.00565884242104517,0,0,0,0,0,0.0848826363156775,0,0,0,0,0,0,0,0,0,0,0,0,0,0,0,0,0,0,0,0,0,0,0,0.00282942121052258,0,0,0,0,0,0,0,0,0,0,0,0,0,0,0,0,0,0,0,0,0,0,0,0,0,0,0.0254647908947033,0,0,0,0,0,0,0,0,0,0,0,0,0,0,0,0,0,0,0,0.00565884242104517,0,0,0,0,0,0,0,0,0,0,0,0,0,0,0.00282942121052258,0,0,0,0,0,0,0,0,0,0,0,0,0,0,0,0,0,0,0,0,0,0,0,0,0.00848826363156775,0,0,0,0.00848826363156775,0,0,0,0,0,0,0,0,0,0,0,0,0.0254647908947033,0,0.0113176848420903,0,0,0,0,0,0,0,0,0,0,0.00565884242104517,0,0,0,0,0,0,0,0,0,0,0,0,0,0.00848826363156775,0,0,0,0,0,0,0,0,0,0,0,0,0,0,0.00282942121052258,0,0,0,0,0,0,0,0,0,0,0,0,0,0,0,0,0,0,0,0,0,0,0,0,0,0,0,0,0,0,0.00848826363156775,0,0,0,0,0,0,0,0,0,0,0,0,0,0,0,0,0,0,0,0,0,0,0.00282942121052258,0,0,0,0,0,0,0.0565884242104517,0,0,0,0,0.033953054526271,0,0,0,0,0,0,0,0,0,0,0,0,0,0,0,0,0,0,0,0,0,0,0,0,0,0,0,0,0,0,0,0,0,0,0,0,0,0,0,0,0,0,0,0,0,0.00565884242104517,0,0,0,0,0,0,0,0,0,0,0,0,0,0,0,0,0,0,0,0,0,0,0,0,0,0,0,0,0,0.00282942121052258,0,0,0,0,0,0,0,0,0.0113176848420903,0,0,0,0,0,0,0,0,0,0.00282942121052258,0,0,0,0,0,0,0,0,0,0,0,0,0,0,0,0,0,0,0,0,0,0,0.00565884242104517,0,0,0,0,0,0,0,0,0,0,0,0,0,0,0,0,0,0,0,0,0,0,0,0,0,0.00848826363156775,0,0.0509295817894065,0,0,0,0,0,0,0,0,0,0,0,0,0.00282942121052258,0.00565884242104517,0,0,0,0,0,0,0,0,0,0,0,0,0,0,0,0,0,0,0,6.51200873228525,0,0,0,0,0,0,0,0,0,0,0,0,0,0,0,0,0,0,0,0,0,0,0,0,0,0,0,0,0,0,0,0,0,0.0553596065787217,0,0,0,0,0,0,0,0,0,0,0,0,0,0,0,0,0,0,0,0,0,0,0,0,0,1.15182205863997,0,0,0,0,0,0,0,0,0,0.330907765958665,0,0,0,0,0,0,0,0,0,0,0,0,0,0,0,0,0,0,0,0.478437121339074,0,0,0,0,0,0,0,0,0,4.23611652160674,0,0,0,0.191825852182357,0,0,0,0,0,0,0,0,0,0,0,0,0,0,0,0.164507521585897,0,0.0664291511806492,0,0,0,0,0,0,0,0,0,0,0,0,0,0,0,0,0,0,6.70995700788815,0,0,0,0,0,0,0,0,0.0817502926299197,0,0,0,0,0,8.87303662198672,30.0158993401874,0,0,0,0,0,0,0.447063356309831,0,0,0,0,0,0,0.140994330926856,0,0.640211246681923,0,1.67306755240363,0,0,0,0,0,0,0,0,0,0,0,0.492743703812508,0,0,0,0,0.060394877626415,0,0,0,0,0,0,0,0,0,0,0,0,0.143282846483993,0,0,0,0,0,0,0,0,0,0,0,0,0,0,0,5.01607371488946,0,0,1.46166214252251,0,0.576595335314057,0,0,0,0,0,0.0946517156173982,0,0,0,0,0,0,0,0,0,0,0,0,0,0,0,0,0,0,0,0,0,0,0,0.225701375147013,0,0,0,0,0,0,0,0,0,0,0,0,0,0,0,0,0,0,0,0,0,0,0,0,0,0,0.35753454355427,0,0,0,0,0,0,0,0,0,0,0,0,0,0,0,0,0,0,0,0.232901599045745,0,0,0,0,0,0,0,0,0,0,0,0,0,0,0.282170254946028,0,0,0,0,0,0,0,0,0,0,0,0,0,0,0,0,0,0,0,0,0,0,0,0,0.0781676902275123,0,0,0,0.00810365114739811,0,0,0,0,0,0,0,0,0,0,0,0,76.9248720325612,0,4.20527543714018,0,0,0,0,0,0,0,0,0,0,0.0397901504835791,0,0,0,0,0,0,0,0,0,0,0,0,0,0.907537745706084,0,0,0,0,0,0,0,0,0,0,0,0,0,0,0.431854425859827,0,0,0,0,0,0,0,0,0,0,0,0,0,0,0,0,0,0,0,0,0,0,0,0,0,0,0,0,0,0,0.138137096597371,0,0,0,0,0,0,0,0,0,0,0,0,0,0,0,0,0,0,0,0,0,0,0.127005644587332,0,0,0,0,0,0,0.223779477698872,0,0,0,0,0.188863613522124,0,0,0,0,0,0,0,0,0,0,0,0,0,0,0,0,0,0,0,0,0,0,0,0,0,0,0,0,0,0,0,0,0,0,0,0,0,0,0,0,0,0,0,0,0,0.0223195522751254,0,0,0,0,0,0,0,0,0,0,0,0,0,0,0,0,0,0,0,0,0,0,0,0,0,0,0,0,0,0.704987642961681,0,0,0,0,0,0,0,0,13.3127931155531,0,0,0,0,0,0,0,0,0,3.13894506482762,0,0,0,0,0,0,0,0,0,0,0,0,0,0,0,0,0,0,0,0,0,0,0.036364155165184,0,0,0,0,0,0,0,0,0,0,0,0,0,0,0,0,0,0,0,0,0,0,0,0,0,0.346610602015741,0,0.527165310491241,0,0,0,0,0,0,0,0,0,0,0,0,0.205664541618939,0.655098666544248,0,0,0,0,0,0,0,0,0,0,0,0,0,0,"KIN-00242"
"418",4958,"nSPC",2012,"PRIAs","Pacific Remote Island Areas","Kingman","Kingman",2012,"LagoonDeep","Kingman","2012-05-12","Lagoon","Deep",6.3882188,-162.36784751,25.85,10,0.5,15,2,47.5,25,0,0,NA,0.2465,0.185485986017944,1.25,2,1,28.7477261323457,0.589483642170541,44.7416781509045,8.55234750685951,82.6312354322803,22.6596579868099,0,0,0,0,0,0,0,0,0,0,0,0,0,0.00282942121052258,0,0,0,0,0.00282942121052258,0,0,0.0424413181578388,0.0113176848420903,0,0,0,0,0,0,0,0,0,0,0,0,0,0,0,0,0,0,0,0,0,0,0,0,0,0,0,0,0,0,0,0,0,0.00282942121052258,0,0,0,0,0,0,0,0,0,0,0,0,0,0,0,0,0,0,0,0,0,0,0,0,0,0,0,0,0,0.0113176848420903,0,0,0,0,0,0,0,0,0,0,0,0,0,0,0,0,0,0,0,0,0,0,0,0,0,0,0,0,0,0.00565884242104517,0,0,0,0.00282942121052258,0,0,0,0,0,0,0,0,0,0,0,0,0,0,0,0,0,0,0,0,0,0,0,0.00282942121052258,0,0,0,0,0,0,0,0,0,0,0,0,0.00565884242104517,0,0,0,0,0,0,0,0,0.00282942121052258,0,0,0,0,0,0,0,0,0,0,0,0,0,0,0,0,0,0,0,0,0,0,0,0,0,0,0,0,0,0,0,0,0,0,0,0,0,0,0,0,0,0,0,0,0,0,0,0,0.0565884242104517,0,0,0,0,0,0,0,0,0,0,0,0,0,0.00848826363156775,0,0,0,0,0,0,0,0,0.00282942121052258,0.0169765272631355,0.00848826363156775,0,0,0,0,0,0,0.0367824757367936,0.0311236333157484,0,0,0,0,0,0,0,0,0,0,0,0,0,0,0,0,0,0,0,0,0,0,0,0,0,0,0,0,0,0,0,0,0,0,0,0,0,0,0,0,0,0,0,0,0,0,0,0,0,0,0,0,0,0,0,0,0,0,0,0,0,0,0,0,0,0,0,0,0,0,0,0,0,0,0,0,0,0,0,0,0,0,0,0,0,0,0,0,0,0,0,0,0,0,0,0,0,0,0,0,0,0,0,0,0,0,0,0,0,0,0,0,0,0,0,0,0,0,0,0,0,0,0,0,0.00282942121052258,0,0,0.0113176848420903,0,0,0,0,0,0,0,0,0,0,0,0,0,0,0,0,0,0,0.00565884242104517,0,0,0,0,0,0,0,0,0,0,0,0,0,0,0,0,0,0,0,0,0,0,0,0,0,0,0,0,0,0,0,0,0,0,0,0,0,0,0,0,0,0,0,0,0,0,0,0,0,0,0,0,0,0,0,0,0,0,0,0,0,0,0.067906109052542,0,0.0141471060526129,0,0,0,0,0,0,0,0,0,0,0,0,0,0,0,0,0,0,0,0,0,0,0,0.00565884242104517,0,0,0,0,0,0,0,0,0,0,0,0,0,0.0565884242104517,0,0,0,0,0,0,0,0,0,0,0,0,0,0,0,0,0,0,0,0,0,0,0,0,0,0,0,0,0,0,0,0,0,0,0,0,0,0,0,0,0,0,0,0,0,0,0,0,0,0,0,0,0,0,0,0,0,0,0,0,0,0,0,0,0,0,0,0,0,0.00282942121052258,0.00848826363156775,0,0,0,0,0,0,0,0,0,0,0,0,0,0,0,0,0,0,0,0,0,0,0,0,0,0,0,0,0,0,0,0,0,0,0,0,0,0,0,0,0,0,0.00282942121052258,0,0.0141471060526129,0,0,0,0,0,0,0,0,0,0,0,0,0.00282942121052258,0,0,0,0,0,0,0,0,0,0,0,0,0,0,0,0.00565884242104517,0,0,0,0,0,0,0,0,0,0,0,0,0,0,0,0,0,0.906437881217306,0,0,0,0,0.643798997362123,0,0,17.6191039493003,0.0590783148757116,0,0,0,0,0,0,0,0,0,0,0,0,0,0,0,0,0,0,0,0,0,0,0,0,0,0,0,0,0,0,0,0,0,1.5048460620543,0,0,0,0,0,0,0,0,0,0,0,0,0,0,0,0,0,0,0,0,0,0,0,0,0,0,0,0,0,4.90791747357193,0,0,0,0,0,0,0,0,0,0,0,0,0,0,0,0,0,0,0,0,0,0,0,0,0,0,0,0,0,6.90883566980529,0,0,0,0.00804255019459387,0,0,0,0,0,0,0,0,0,0,0,0,0,0,0,0,0,0,0,0,0,0,0,0.199971460248186,0,0,0,0,0,0,0,0,0,0,0,0,9.38159663776752,0,0,0,0,0,0,0,0,0.0102934306734148,0,0,0,0,0,0,0,0,0,0,0,0,0,0,0,0,0,0,0,0,0,0,0,0,0,0,0,0,0,0,0,0,0,0,0,0,0,0,0,0,0,0,0,0,0,0,0,0,0.137355703664994,0,0,0,0,0,0,0,0,0,0,0,0,0,0.0284926205157528,0,0,0,0,0,0,0,0,0.167167949811265,1.66196256365182,0.941597833068712,0,0,0,0,0,0,0.0586028709118079,0.207503636535879,0,0,0,0,0,0,0,0,0,0,0,0,0,0,0,0,0,0,0,0,0,0,0,0,0,0,0,0,0,0,0,0,0,0,0,0,0,0,0,0,0,0,0,0,0,0,0,0,0,0,0,0,0,0,0,0,0,0,0,0,0,0,0,0,0,0,0,0,0,0,0,0,0,0,0,0,0,0,0,0,0,0,0,0,0,0,0,0,0,0,0,0,0,0,0,0,0,0,0,0,0,0,0,0,0,0,0,0,0,0,0,0,0,0,0,0,0,0,0,0,0,0,0,0,0.672657780227955,0,0,20.3340444004861,0,0,0,0,0,0,0,0,0,0,0,0,0,0,0,0,0,0,1.35537747886704,0,0,0,0,0,0,0,0,0,0,0,0,0,0,0,0,0,0,0,0,0,0,0,0,0,0,0,0,0,0,0,0,0,0,0,0,0,0,0,0,0,0,0,0,0,0,0,0,0,0,0,0,0,0,0,0,0,0,0,0,0,0,0.290803903312955,0,0.215816020559536,0,0,0,0,0,0,0,0,0,0,0,0,0,0,0,0,0,0,0,0,0,0,0,0.0261296657672941,0,0,0,0,0,0,0,0,0,0,0,0,0,0.14565707906638,0,0,0,0,0,0,0,0,0,0,0,0,0,0,0,0,0,0,0,0,0,0,0,0,0,0,0,0,0,0,0,0,0,0,0,0,0,0,0,0,0,0,0,0,0,0,0,0,0,0,0,0,0,0,0,0,0,0,0,0,0,0,0,0,0,0,0,0,0,1.65786733943665,11.6201940096057,0,0,0,0,0,0,0,0,0,0,0,0,0,0,0,0,0,0,0,0,0,0,0,0,0,0,0,0,0,0,0,0,0,0,0,0,0,0,0,0,0,0,0.327162889981584,0,0.0748301246127705,0,0,0,0,0,0,0,0,0,0,0,0,0.0300709213180647,0,0,0,0,0,0,0,0,0,0,0,0,0,0,0,0.528018213807278,0,0,0,0,0,0,0,0,0,0,0,0,0,0,0,"KIN-00249"
"419",4959,"nSPC",2012,"PRIAs","Pacific Remote Island Areas","Kingman","Kingman",2012,"BackreefDeep","Kingman","2012-05-12","Backreef","Deep",6.39050941,-162.3493572,20.35,7.5,0,17.5,2.5,71.5,0.5,0,0.5,NA,0.245,0.2374293955875,1,2,1,30.4850797780763,0.302895690122542,6.3637974024199,5.96409139982429,43.1158642704431,0,0,0,0,0,0,0,0,0,0,0,0,0,0,0,0,0,0.0226353696841807,0,0,0,0,0,0,0,0,0,0,0,0,0,0,0,0,0,0,0,0,0,0,0,0,0,0,0,0,0,0,0,0,0,0,0,0,0,0,0,0,0,0,0,0,0,0,0,0,0,0,0,0,0,0,0,0,0,0,0,0,0,0,0,0,0,0,0,0,0,0.00565884242104517,0,0,0,0,0,0,0,0,0,0,0,0,0,0,0,0,0,0,0,0,0,0,0,0,0,0,0,0,0,0.00848826363156775,0,0,0,0.0113176848420903,0,0,0,0,0,0,0,0,0,0,0,0,0,0,0,0,0,0,0,0,0,0,0,0.00282942121052258,0,0,0,0,0,0,0,0,0,0.00565884242104517,0,0,0,0,0,0,0,0,0,0,0,0,0,0,0,0,0,0,0,0,0,0,0,0,0,0,0,0,0,0,0,0,0.00565884242104517,0,0,0,0,0,0,0,0,0,0,0,0,0,0,0,0,0,0,0,0,0.00565884242104517,0,0,0,0,0,0,0,0,0,0,0,0,0,0,0,0,0,0,0,0,0,0,0,0,0,0,0,0,0,0,0,0,0,0.033953054526271,0,0,0,0,0,0,0,0,0,0,0,0,0,0,0,0,0,0,0,0,0,0,0,0,0,0,0,0,0,0,0,0,0,0,0,0,0,0,0,0,0,0,0,0,0,0,0.00282942121052258,0,0,0,0,0,0,0,0,0,0,0,0,0,0,0,0,0,0,0,0,0,0,0,0,0,0,0,0,0,0,0,0,0,0,0,0,0,0,0,0,0,0,0,0,0,0,0,0,0,0,0,0,0,0,0,0,0,0,0,0,0,0,0,0,0,0,0,0,0.00282942121052258,0,0,0,0,0,0,0,0,0,0,0,0,0,0,0,0,0,0.00565884242104517,0,0,0,0,0,0,0,0,0,0,0,0,0,0,0,0,0,0,0,0,0,0,0,0,0,0,0,0,0,0,0,0,0,0,0,0,0,0,0,0,0,0.00848826363156775,0,0,0,0,0,0,0,0,0,0,0,0,0,0,0,0,0,0,0,0,0,0,0,0,0,0,0,0,0,0.00282942121052258,0,0,0,0,0,0.00848826363156775,0,0,0,0.00282942121052258,0,0,0,0,0,0,0,0,0,0,0,0,0,0,0,0,0,0,0,0,0,0,0,0,0,0,0,0,0,0,0,0,0,0,0,0,0,0,0,0,0,0,0,0,0,0,0,0,0,0,0,0,0,0,0,0,0,0,0,0,0,0,0,0,0,0,0.00282942121052258,0,0,0,0,0,0,0,0,0,0,0,0,0,0,0,0,0,0,0,0,0,0,0,0,0,0,0,0,0,0,0,0,0,0,0,0,0,0,0,0,0,0,0,0,0,0,0,0,0,0,0,0,0,0,0,0,0,0,0,0,0,0,0,0,0,0,0,0,0,0,0,0,0,0,0,0,0,0,0,0,0,0,0,0,0,0,0,0,0,0,0,0,0,0,0,0,0,0,0,0,0,0.0141471060526129,0.00565884242104517,0,0,0,0,0,0,0,0,0,0,0,0,0,0,0.00282942121052258,0,0,0,0,0,0,0,0,0,0,0,0,0,0,0,0,0,0,0,0,1.13146995289905,0,0,0,0,0,0,0,0,0,0,0,0,0,0,0,0,0,0,0,0,0,0,0,0,0,0,0,0,0,0,0,0,0,0,0,0,0,0,0,0,0,0,0,0,0,0,0,0,0,0,0,0,0,0,0,0,0,0,0,0,0,0,0,0,0,0,0,0,0,3.96278877685505,0,0,0,0,0,0,0,0,0,0,0,0,0,0,0,0,0,0,0,0,0,0,0,0,0,0,0,0,0,8.69644784055748,0,0,0,0.138940000119291,0,0,0,0,0,0,0,0,0,0,0,0,0,0,0,0,0,0,0,0,0,0,0,0.199971460248186,0,0,0,0,0,0,0,0,0,0.743058092543116,0,0,0,0,0,0,0,0,0,0,0,0,0,0,0,0,0,0,0,0,0,0,0,0,0,0,0,0,0,0,0,0,0.281988661853712,0,0,0,0,0,0,0,0,0,0,0,0,0,0,0,0,0,0,0,0,0.0309396630841001,0,0,0,0,0,0,0,0,0,0,0,0,0,0,0,0,0,0,0,0,0,0,0,0,0,0,0,0,0,0,0,0,0,2.81015067943829,0,0,0,0,0,0,0,0,0,0,0,0,0,0,0,0,0,0,0,0,0,0,0,0,0,0,0,0,0,0,0,0,0,0,0,0,0,0,0,0,0,0,0,0,0,0,0.0777029799939765,0,0,0,0,0,0,0,0,0,0,0,0,0,0,0,0,0,0,0,0,0,0,0,0,0,0,0,0,0,0,0,0,0,0,0,0,0,0,0,0,0,0,0,0,0,0,0,0,0,0,0,0,0,0,0,0,0,0,0,0,0,0,0,0,0,0,0,0,0.0174192156537166,0,0,0,0,0,0,0,0,0,0,0,0,0,0,0,0,0,21.4389152495446,0,0,0,0,0,0,0,0,0,0,0,0,0,0,0,0,0,0,0,0,0,0,0,0,0,0,0,0,0,0,0,0,0,0,0,0,0,0,0,0,0,2.28323676996327,0,0,0,0,0,0,0,0,0,0,0,0,0,0,0,0,0,0,0,0,0,0,0,0,0,0,0,0,0,0.278705006201077,0,0,0,0,0,0.0710116817732116,0,0,0,0.270444201148021,0,0,0,0,0,0,0,0,0,0,0,0,0,0,0,0,0,0,0,0,0,0,0,0,0,0,0,0,0,0,0,0,0,0,0,0,0,0,0,0,0,0,0,0,0,0,0,0,0,0,0,0,0,0,0,0,0,0,0,0,0,0,0,0,0,0,0.0181534692942321,0,0,0,0,0,0,0,0,0,0,0,0,0,0,0,0,0,0,0,0,0,0,0,0,0,0,0,0,0,0,0,0,0,0,0,0,0,0,0,0,0,0,0,0,0,0,0,0,0,0,0,0,0,0,0,0,0,0,0,0,0,0,0,0,0,0,0,0,0,0,0,0,0,0,0,0,0,0,0,0,0,0,0,0,0,0,0,0,0,0,0,0,0,0,0,0,0,0,0,0,0,0.271956027038442,0.128555435330641,0,0,0,0,0,0,0,0,0,0,0,0,0,0,0.264009106903639,0,0,0,0,0,0,0,0,0,0,0,0,0,0,0,"KIN-00255"
"420",4961,"nSPC",2012,"PRIAs","Pacific Remote Island Areas","Kingman","Kingman",2012,"ForereefDeep","Kingman","2012-05-13","Forereef","Deep",6.37946541,-162.36419635,21.45,15,0,17.5,17.5,32.5,17.5,0,0,NA,0.66625,0.444098994424983,1.9,2,1,49.7044412740198,107.384664150765,59.8025196267606,35.215923558381,252.107548609926,37.1841878314447,0,0,0,0,0,0,0,0,0,0,0,0.00282942121052258,0,0,0,0,0.0509295817894065,0,0,0,0,0.00565884242104517,0,0,0,0.0113176848420903,0,0,0,0,0,0,0,0,0,0,0,0,0,0,0,0,0,0,0,0,0,0,0,0,0.00565884242104517,0,0,0,0,0,0.0113176848420903,0,0,0,0,0,0,0,0,0,0,0,0,0,0,0,0,0,0,0,0.00282942121052258,0,0,0,0,0,0,0.00282942121052258,0,0,0.00565884242104517,0,0,0,0,0,0,0,0,0,0,0,0,0,0,0,0,0,0,0,0,0,0,0,0,0,0,0,0,0,0.00848826363156775,0,0,0,0.0141471060526129,0,0,0,0,0.0226353696841807,0,0,0,0,0,0,0,0,0,0,0.0113176848420903,0,0.113176848420903,0,0,0,0,0,0,0,0,0,0,0,0,0,0,0,0,0,0,0,0,0,0,0,0,0,0,0,0,0,0,0,0,0,1.98059484736581,0.0254647908947033,0,0,0,0,0,0,0,0,0,0,0.00565884242104517,0,0,0,0,0.00565884242104517,0,0.00848826363156775,0,0,0,0,0,0.00282942121052258,0,0,0,0,0,0.113176848420903,0,0,0,0,0.183912378683968,0,0,0,0,0,0,0,0,0,0,0,0,0,0,0,0,0,0,0,0,0,0,0,0,0.00282942121052258,0,0,0,0.0282942121052258,0,0,0.067906109052542,0,0.0396118969473162,0,0,0,0,0,0.285771542262781,0,0,0,0,0,0,0,0,0,0,0,0,0,0,0,0,0,0,0,0,0,0,0,0.00848826363156775,0,0,0,0,0,0,0,0,0,0,0,0.00282942121052258,0,0,0.00282942121052258,0,0,0,0,0,0,0,0,0,0,0,0,0,0,0,0,0,0,0,0,0,0,0,0,0,0,0,0,0,0,0,0.00848826363156775,0,0,0,0,0,0.0367824757367936,0,0,0,0,0,0,0,0,0.00282942121052258,0,0,0,0,0,0,0,0,0,0,0,0,0,0,0,0,0,0,0,0,0,0,0,0,0.00282942121052258,0,0,0,0.0141471060526129,0,0,0,0,0,0,0,0,0,0,0,0,0.033953054526271,0,0.00565884242104517,0,0,0,0,0,0,0,0,0,0,0,0,0,0,0.183912378683968,0.0141471060526129,0.0141471060526129,0,0,0,0,0,0,0.0452707393683613,0.0594178454209743,0,0.00565884242104517,0.0367824757367936,0,0,0,0,0,0,0,0,0,0,0.0452707393683613,0.00565884242104517,0,0,0,0,0,0,0.00282942121052258,0,0,0,0,0,0,0,0,0,0,0,0,0,0,0,0,0,0,0,0,0,0,0.00282942121052258,0,0,0,0,0,0,0.00848826363156775,0.00282942121052258,0,0.0141471060526129,0,0.00565884242104517,0,0,0,0,0,0,0,0,0,0,0,0,0,0,0,0,0,0,0,0,0,0,0,0.0367824757367936,0,0,0,0,0,0,0,0,0,0,0,0,0,0,0,0,0,0,0,0,0,0,0,0,0,0,0,0,0,0,0,0,0,0,0,0,0,0,0,0.00282942121052258,0.0367824757367936,0.226353696841807,0,0,0,0,0,0,0.00282942121052258,0,0,0,0,0,0,0,0,0,0,0,0,0,0,0,0,0,0,0,0,0,0,0,0,0,0,0.0226353696841807,0,0,0,0,0,0,0.00282942121052258,0,0,0,0,0,0,0,0.00282942121052258,0,0,0,0,0,0,0,0,0,0,0,0,0,0,0,0,0,0,0,0,0,0,0,0,0,0,0,0,0,0,0,0,0,0,0,0,0,0,0,0,0,0,0,0,0,0,0,0,0,0,0,0,0.0141471060526129,0,0,0,0,0,0,0,0,0.00282942121052258,0,0,0,0,0,0,0,0,0,0,0,0,0,0,0,0,0,0,0,0,0,0.0633790351157059,0,0,0,0,5.01345156586367,0,0,0,0,0.653770060628505,0,0,0,0.299221478929121,0,0,0,0,0,0,0,0,0,0,0,0,0,0,0,0,0,0,0,0,0,0,0,0,0.083184983589364,0,0,0,0,0,2.68108173000791,0,0,0,0,0,0,0,0,0,0,0,0,0,0,0,0,0,0,0,0.474639722654202,0,0,0,0,0,0,0.0980785542552974,0,0,1.16510620899906,0,0,0,0,0,0,0,0,0,0,0,0,0,0,0,0,0,0,0,0,0,0,0,0,0,0,0,0,0,5.79893614288068,0,0,0,0.0669933480722482,0,0,0,0,0.167911429133396,0,0,0,0,0,0,0,0,0,0,1.64517678777896,0,0.275936474135004,0,0,0,0,0,0,0,0,0,0,0,0,0,0,0,0,0,0,0,0,0,0,0,0,0,0,0,0,0,0,0,0,0,6.67941465168066,32.9329263931699,0,0,0,0,0,0,0,0,0,0,0.0839086681378492,0,0,0,0,0.281988661853712,0,1.80124822891333,0,0,0,0,0,0.184470254125632,0,0,0,0,0,0.0788389926100013,0,0,0,0,1.4021819705052,0,0,0,0,0,0,0,0,0,0,0,0,0,0,0,0,0,0,0,0,0,0,0,0,0.179862911047468,0,0,0,1.70899728743745,0,0,5.04052751458608,0,3.73828597063592,0,0,0,0,0,1.00895918863852,0,0,0,0,0,0,0,0,0,0,0,0,0,0,0,0,0,0,0,0,0,0,0,2.16346346404112,0,0,0,0,0,0,0,0,0,0,0,4.66311908057163,0,0,1.76468668642759,0,0,0,0,0,0,0,0,0,0,0,0,0,0,0,0,0,0,0,0,0,0,0,0,0,0,0,0,0,0,0,0.492223161278018,0,0,0,0,0,0.180103411850362,0,0,0,0,0,0,0,0,0.448075914104109,0,0,0,0,0,0,0,0,0,0,0,0,0,0,0,0,0,0,0,0,0,0,0,0,0.00145903986681848,0,0,0,0.0198489948453749,0,0,0,0,0,0,0,0,0,0,0,0,30.3438700816102,0,1.5915116353594,0,0,0,0,0,0,0,0,0,0,0,0,0,0,38.7444357945612,3.41206294192789,17.7145638115123,0,0,0,0,0,0,20.3476173821779,13.068279115128,0,1.70436889756391,1.77067574224984,0,0,0,0,0,0,0,0,0,0,17.8974454944615,2.75295264191503,0,0,0,0,0,0,5.67619360868771,0,0,0,0,0,0,0,0,0,0,0,0,0,0,0,0,0,0,0,0,0,0,0.234786984819254,0,0,0,0,0,0,0.251748773114179,0.327117337756217,0,2.96157824493967,0,0.689540844992924,0,0,0,0,0,0,0,0,0,0,0,0,0,0,0,0,0,0,0,0,0,0,0,0.150692973364579,0,0,0,0,0,0,0,0,0,0,0,0,0,0,0,0,0,0,0,0,0,0,0,0,0,0,0,0,0,0,0,0,0,0,0,0,0,0,0,0.166673115073471,0.277154017212905,0.135464257000302,0,0,0,0,0,0,0.120848939272653,0,0,0,0,0,0,0,0,0,0,0,0,0,0,0,0,0,0,0,0,0,0,0,0,0,0,3.87544578259946,0,0,0,0,0,0,1.07491450104751,0,0,0,0,0,0,0,1.37509870831398,0,0,0,0,0,0,0,0,0,0,0,0,0,0,0,0,0,0,0,0,0,0,0,0,0,0,0,0,0,0,0,0,0,0,0,0,0,0,0,0,0,0,0,0,0,0,0,0,0,0,0,0,0.107131345841316,0,0,0,0,0,0,0,0,1.99391766905318,0,0,0,0,0,0,0,0,0,0,31.5752005,31.73980055,31.85020057,24.50420043,29.97800051,31.84330053,31.29810057,37.47820066,40.56530072,42.91580075,19.44460035,"KIN-00189"
"421",4962,"nSPC",2012,"PRIAs","Pacific Remote Island Areas","Kingman","Kingman",2012,"LagoonDeep","Kingman","2012-05-13","Lagoon","Deep",6.39321274,-162.39493397,21.55,15,12.5,12.5,24.5,25,10,0,0.5,NA,0.56875,0.37913172636412,1.35,2,1,34.2869733944154,6.8657866111982,28.4731112189476,19.4936839579583,89.1195551825194,17.5861577077954,0,0,0,0,0,0,0,0,0,0,0,0,0,0,0,0,0.0424413181578388,0,0,0,0,0,0,0,0,0,0,0,0,0,0,0,0,0,0,0,0,0,0,0,0,0,0,0,0,0,0,0,0,0,0.00565884242104517,0,0,0,0,0,0,0,0,0,0,0,0,0,0,0,0,0,0,0,0,0,0,0,0,0,0,0,0,0,0,0,0,0,0,0,0.00565884242104517,0,0,0,0,0,0,0,0,0,0,0.0113176848420903,0,0,0,0,0,0,0,0,0,0,0,0,0,0,0,0,0,0,0.00565884242104517,0,0,0,0.0282942121052258,0,0,0,0,0,0,0,0,0,0,0,0,0,0,0,0.00282942121052258,0,0,0,0,0,0,0,0,0,0,0,0,0,0,0,0,0,0,0,0,0,0,0,0,0,0,0,0,0,0,0,0,0,0,0,0.282942121052258,0.00848826363156775,0,0,0,0,0,0,0.00565884242104517,0,0,0,0.0113176848420903,0,0,0,0,0,0,0.00848826363156775,0,0,0,0,0.00282942121052258,0,0,0,0,0,0,0,0,0,0,0,0.033953054526271,0,0,0,0,0,0,0,0,0.00565884242104517,0,0,0,0.00565884242104517,0,0,0,0,0,0,0,0,0,0,0,0,0,0,0,0.0198059484736581,0.0113176848420903,0,0.0282942121052258,0,0.0198059484736581,0,0,0,0,0,0,0,0,0,0,0,0,0,0,0,0,0,0,0,0,0,0,0,0,0,0,0,0.00282942121052258,0,0,0,0,0,0,0,0,0,0,0,0,0,0,0,0,0,0,0,0,0,0,0,0,0,0,0,0,0.0113176848420903,0,0,0,0,0,0,0,0,0,0,0,0,0,0,0,0,0,0,0,0.0113176848420903,0,0,0,0,0,0.0198059484736581,0,0,0,0,0,0,0,0,0,0,0,0,0,0,0,0,0,0,0,0,0,0,0,0,0,0,0,0,0,0,0,0,0,0,0,0,0,0,0,0,0,0,0,0,0,0,0,0,0,0,0.0113176848420903,0,0.00848826363156775,0,0,0,0,0,0,0,0,0,0,0.00565884242104517,0,0,0,0.0169765272631355,0,0.0113176848420903,0,0,0,0,0,0,0,0,0,0,0,0,0,0,0,0,0,0,0,0,0,0,0,0,0,0,0,0,0,0,0,0,0,0,0,0,0,0,0,0,0,0,0,0,0,0,0,0,0,0,0,0,0.00565884242104517,0,0,0,0,0,0,0,0,0,0,0,0,0,0,0,0,0,0,0,0,0,0.00282942121052258,0,0,0,0,0,0,0,0,0,0,0,0,0,0.00848826363156775,0,0,0,0,0,0,0,0,0,0,0,0,0,0.0933708999472453,0,0,0,0,0,0,0,0,0,0,0,0,0,0,0,0,0,0,0,0,0,0,0,0,0,0,0.0254647908947033,0,0,0,0,0,0,0,0,0,0,0,0,0,0,0,0,0,0,0,0,0,0,0,0,0,0.00282942121052258,0,0,0,0,0,0,0,0,0,0,0,0,0,0,0,0,0.00282942121052258,0,0,0,0,0,0,0,0,0,0,0,0,0,0,0,0,0,0,0,0,0,0,0,0,0,0,0,0,0,0,0,0,0,0.0311236333157484,0,0,0,0,0,0,0,0,0,0,0,0.00282942121052258,0,0.00282942121052258,0,0,0,0,0,0,0,0,0,0,0,0.0226353696841807,0,0,0,0,0,0,0,0,0,0,0,0,0,0,0.00848826363156775,0,0,0,0,0,0,0,0,0,0,0,0,0,0,0,0,0,0,0,0,3.77819925382905,0,0,0,0,0,0,0,0,0,0,0,0,0,0,0,0,0,0,0,0,0,0,0,0,0,0,0,0,0,0,0,0,0,0.0719134183130052,0,0,0,0,0,0,0,0,0,0,0,0,0,0,0,0,0,0,0,0,0,0,0,0,0,0,0,0,0,0,0,0,0,0,0,1.27549269730704,0,0,0,0,0,0,0,0,0,0,2.25779241059052,0,0,0,0,0,0,0,0,0,0,0,0,0,0,0,0,0,0,4.39492164067934,0,0,0,0.215284383611405,0,0,0,0,0,0,0,0,0,0,0,0,0,0,0,0.370025696318991,0,0,0,0,0,0,0,0,0,0,0,0,0,0,0,0,0,0,0,0,0,0,0,0,0,0,0,0,0,0,0,0,0,0,0,0.702251026766863,11.9009397743285,0,0,0,0,0,0,0.54947018315172,0,0,0,0.247409253397689,0,0,0,0,0,0,0.776263782509712,0,0,0,0,0.221812025689268,0,0,0,0,0,0,0,0,0,0,0,0.260657406746882,0,0,0,0,0,0,0,0,0.00603376847504995,0,0,0,0.0208409282869626,0,0,0,0,0,0,0,0,0,0,0,0,0,0,0,0.877015713119993,0.706428878673415,0,2.9401071801235,0,1.97476306945177,0,0,0,0,0,0,0,0,0,0,0,0,0,0,0,0,0,0,0,0,0,0,0,0,0,0,0,0.387361075608131,0,0,0,0,0,0,0,0,0,0,0,0,0,0,0,0,0,0,0,0,0,0,0,0,0,0,0,0,0.192180627565596,0,0,0,0,0,0,0,0,0,0,0,0,0,0,0,0,0,0,0,0.704855649405719,0,0,0,0,0,0.0783860022741966,0,0,0,0,0,0,0,0,0,0,0,0,0,0,0,0,0,0,0,0,0,0,0,0,0,0,0,0,0,0,0,0,0,0,0,0,0,0,0,0,0,0,0,0,0,0,0,0,0,0,28.7181813380557,0,4.94613749700194,0,0,0,0,0,0,0,0,0,0,0.025057354240388,0,0,0,5.81094890088762,0,8.74187611188568,0,0,0,0,0,0,0,0,0,0,0,0,0,0,0,0,0,0,0,0,0,0,0,0,0,0,0,0,0,0,0,0,0,0,0,0,0,0,0,0,0,0,0,0,0,0,0,0,0,0,0,0,0.342312064372138,0,0,0,0,0,0,0,0,0,0,0,0,0,0,0,0,0,0,0,0,0,0.0323698521090901,0,0,0,0,0,0,0,0,0,0,0,0,0,0.0583443527737747,0,0,0,0,0,0,0,0,0,0,0,0,0,0.0919292767968396,0,0,0,0,0,0,0,0,0,0,0,0,0,0,0,0,0,0,0,0,0,0,0,0,0,0,0.236890530974326,0,0,0,0,0,0,0,0,0,0,0,0,0,0,0,0,0,0,0,0,0,0,0,0,0,0.459462042568811,0,0,0,0,0,0,0,0,0,0,0,0,0,0,0,0,2.65116174036662,0,0,0,0,0,0,0,0,0,0,0,0,0,0,0,0,0,0,0,0,0,0,0,0,0,0,0,0,0,0,0,0,0,0.362181238061414,0,0,0,0,0,0,0,0,0,0,0,0.0121328659946506,0,0.0741715793811232,0,0,0,0,0,0,0,0,0,0,0,0.40386043678663,0,0,0,0,0,0,0,0,0,0,0,0,0,0,1.24213215403835,0,0,0,0,0,0,0,0,0,0,0,0,0,0,0,"KIN-00170"
"422",4963,"nSPC",2012,"PRIAs","Pacific Remote Island Areas","Kingman","Kingman",2012,"BackreefDeep","Kingman","2012-05-13","Backreef","Deep",6.3851211,-162.37015513,21.3,17.5,0,10,7.5,27.5,37.5,0,0,NA,0.6675,0.621051878107465,2.4,2,1,88.0785301617304,0.953199494387826,27.5438732485025,8.5447942115332,125.120397116154,11.3014126607422,0,0,0,0,0,0,0,0,0.00282942121052258,0,0,0,0,0,0,0,0.033953054526271,0,0,0.00282942121052258,0,0,0,0,0,0,0,0,0,0,0,0,0,0,0,0,0,0,0,0,0,0,0,0,0,0,0,0,0,0,0,0.0226353696841807,0,0,0,0,0,0,0,0,0,0,0,0,0,0,0,0,0,0,0,0,0,0,0,0,0.00282942121052258,0,0,0,0,0,0,0,0,0,0.00565884242104517,0,0,0,0,0,0,0,0,0,0,0,0,0,0,0,0,0,0,0,0,0,0,0,0,0,0,0,0,0,0.00565884242104517,0,0,0,0.0254647908947033,0,0,0,0,0,0,0,0,0,0,0,0,0,0,0,0,0,0,0,0,0.0424413181578388,0,0,0.00565884242104517,0,0,0,0,0,0,0,0,0,0,0,0,0,0,0,0,0,0,0,0,0,0,0,0,0,0,0,0.246159645315465,0.00565884242104517,0,0,0,0,0,0,0.00565884242104517,0,0,0,0.00565884242104517,0,0,0.0113176848420903,0,0,0,0,0,0,0,0,0,0,0,0,0,0,0,0,0,0,0,0,0.0452707393683613,0,0,0,0,0,0,0,0,0,0,0,0,0.00282942121052258,0,0,0,0,0,0,0,0,0,0,0,0,0,0,0,0.00848826363156775,0,0,0.0113176848420903,0,0.0622472666314969,0,0,0,0,0,0,0,0,0,0,0,0,0,0,0,0,0,0,0,0,0,0,0,0,0,0,0,0,0,0,0,0,0,0,0,0,0,0,0,0,0,0,0,0,0,0,0,0,0,0,0,0,0,0,0,0,0,0,0,0,0,0,0,0,0,0,0.00282942121052258,0.00282942121052258,0,0,0,0,0,0,0,0,0.00282942121052258,0,0,0,0,0,0.00282942121052258,0,0,0,0,0,0,0,0,0,0,0,0,0,0,0,0,0,0,0,0,0,0,0,0,0,0,0,0,0,0,0,0,0,0.00565884242104517,0,0,0,0.00565884242104517,0,0,0,0,0,0,0,0,0,0,0,0,0.0141471060526129,0,0,0,0,0,0,0,0,0,0,0,0,0,0,0,0,0,0,0.00565884242104517,0,0,0,0,0,0,0,0,0,0,0,0,0,0,0,0,0,0,0,0,0,0,0.00282942121052258,0,0,0,0,0,0,0,0,0,0,0,0,0,0,0,0,0,0,0,0,0,0,0,0,0,0.00565884242104517,0,0,0,0,0,0,0,0,0,0,0,0,0,0,0,0.00282942121052258,0,0,0,0.0169765272631355,0,0,0,0,0,0,0,0,0,0,0,0,0,0,0,0,0,0,0,0,0,0,0,0,0,0,0,0,0,0,0,0,0,0,0,0,0,0,0,0,0,0,0,0,0,0,0,0,0,0,0,0,0,0,0,0.0367824757367936,0,0,0,0,0,0,0,0,0,0,0,0,0,0,0,0,0,0,0,0,0,0,0,0,0,0,0,0,0,0,0,0,0,0,0,0,0,0,0,0,0,0,0,0,0,0,0,0,0,0,0,0,0,0,0,0,0,0,0.00282942121052258,0,0,0,0,0,0,0,0,0,0,0,0,0,0,0,0,0,0,0,0,0,0,0,0,0,0,0,0.00565884242104517,0.0113176848420903,0,0,0,0,0,0,0,0,0,0,0,0,0,0,0,0,0,0,0.0141471060526129,0.033953054526271,0,0,0,0,0,0,0,0,0,0,0.0282942121052258,0,0,0,0.00282942121052258,0,0,0,0,0,0,0,0,0,0,0,0,0.985320295035664,0,0,0,0,0,0,0,3.81112038310203,0,0,0.401327289393182,0,0,0,0,0,0,0,0,0,0,0,0,0,0,0,0,0,0,0,0,0,0,0,0,0,0,0,0,0,0,0,0.0414000117295889,0,0,0,0,0,0,0,0,0,0,0,0,0,0,0,0,0,0,0,0,0,0,0,0,0.474639722654202,0,0,0,0,0,0,0,0,0,1.69899847844021,0,0,0,0,0,0,0,0,0,0,0,0,0,0,0,0,0,0,0,0,0,0,0,0,0,0,0,0,0,2.92375956238053,0,0,0,0.168727316259085,0,0,0,0,0,0,0,0,0,0,0,0,0,0,0,0,0,0,0,0,0.236516977830004,0,0,0.583555502051457,0,0,0,0,0,0,0,0,0,0,0,0,0,0,0,0,0,0,0,0,0,0,0,0,0,0,0,0.507781511662193,8.82838681224111,0,0,0,0,0,0,0.54947018315172,0,0,0,0.163500585259839,0,0,0.57562418875474,0,0,0,0,0,0,0,0,0,0,0,0,0,0,0,0,0,0,0,0,0.130963857033981,0,0,0,0,0,0,0,0,0,0,0,0,0.00586803992601419,0,0,0,0,0,0,0,0,0,0,0,0,0,0,0,0.769232937672383,0,0,1.23649543558815,0,8.04158934002018,0,0,0,0,0,0,0,0,0,0,0,0,0,0,0,0,0,0,0,0,0,0,0,0,0,0,0,0,0,0,0,0,0,0,0,0,0,0,0,0,0,0,0,0,0,0,0,0,0,0,0,0,0,0,0,0,0,0,0,0,0,0,0,0,0,0,21.7919973718168,0.160428182636631,0,0,0,0,0,0,0,0,0.198307920911827,0,0,0,0,0,0.0376313020999504,0,0,0,0,0,0,0,0,0,0,0,0,0,0,0,0,0,0,0,0,0,0,0,0,0,0,0,0,0,0,0,0,0,0.027397062361695,0,0,0,0.00540243409826541,0,0,0,0,0,0,0,0,0,0,0,0,63.0605570891947,0,0,0,0,0,0,0,0,0,0,0,0,0,0,0,0,0,0,2.51014248181231,0,0,0,0,0,0,0,0,0,0,0,0,0,0,0,0,0,0,0,0,0,0,0.502340715242833,0,0,0,0,0,0,0,0,0,0,0,0,0,0,0,0,0,0,0,0,0,0,0,0,0,0.141787955701708,0,0,0,0,0,0,0,0,0,0,0,0,0,0,0,0.468203291434068,0,0,0,0.0422547550198761,0,0,0,0,0,0,0,0,0,0,0,0,0,0,0,0,0,0,0,0,0,0,0,0,0,0,0,0,0,0,0,0,0,0,0,0,0,0,0,0,0,0,0,0,0,0,0,0,0,0,0,0,0,0,0,0.0397383720754265,0,0,0,0,0,0,0,0,0,0,0,0,0,0,0,0,0,0,0,0,0,0,0,0,0,0,0,0,0,0,0,0,0,0,0,0,0,0,0,0,0,0,0,0,0,0,0,0,0,0,0,0,0,0,0,0,0,0,2.43077109348117,0,0,0,0,0,0,0,0,0,0,0,0,0,0,0,0,0,0,0,0,0,0,0,0,0,0,0,0.0396754636525518,0.0442463940382621,0,0,0,0,0,0,0,0,0,0,0,0,0,0,0,0,0,0,0.273054113962063,0.701643310759739,0,0,0,0,0,0,0,0,0,0,0.00264581921479308,0,0,0,0.507893556452958,0,0,0,0,0,0,0,0,0,0,0,0,0,0,0,"KIN-00258"
"423",4964,"nSPC",2012,"PRIAs","Pacific Remote Island Areas","Kingman","Kingman",2012,"ForereefDeep","Kingman","2012-05-13","Forereef","Deep",6.42032945,-162.3592491,21.65,30,35,12.5,15,5,2.5,0,0,NA,0.4275,0.254091317736581,1,2,1,28.5328483246236,217.600255265785,17.7685149342987,7.13821681755914,271.039835342266,12.6394819712407,0,0,0,0,0,0,0,0,0,0,0,0,0,0,0,0,0.0226353696841807,0,0,0,0,0,0,0,0,0.00282942121052258,0,0,0,0,0,0,0,0,0,0,0,0,0,0,0,0,0,0,0,0,0,0,0,0,0,0,0,0,0,0,0,0,0,0,0,0,0,0,0,0,0,0,0,0,0,0,0,0.00282942121052258,0,0,0.00565884242104517,0,0,0,0,0,0,0,0,0,0,0,0,0,0,0,0,0,0,0,0,0.00282942121052258,0,0,0,0,0,0,0,0,0,0,0,0,0,0.226353696841807,0,0,0,0,0.00848826363156775,0,0,0,0.0481001605788839,0,0,0,0,0.0226353696841807,0,0,0,0,0,0,0,0,0,0,0.0113176848420903,0,0.113176848420903,0,0,0,0,0,0.00565884242104517,0,0,0,0,0,0,0,0,0,0,0,0,0,0,0,0,0,0,0,0,0,0,0,0,0,0,0,0.710184723841169,0,0,0,0,0,0,0,0.00565884242104517,0,0,0,0.00565884242104517,0,0,0,0,0.00848826363156775,0,0.00848826363156775,0,0,0,0,0,0,0,0,0,0,0,0.0282942121052258,0,0,0,0,0.147129902947174,0.00282942121052258,0,0,0,0,0,0,0,0,0,0,0,0,0,0,0,0,0,0,0,0,0,0,0,0,0,0,0,0.0169765272631355,0,0,0,0,0,0,0,0,0,0,0.0282942121052258,0,0,0,0,0,0,0,0,0,0,0,0,0,0,0,0,0,0,0,0,0.00282942121052258,0,0,0,0,0,0,0,0,0,0,0,0,0,0,0,0,0,0,0,0,0,0,0,0,0,0,0,0,0,0.0113176848420903,0,0,0,0,0,0,0,0,0,0,0,0,0,0,0,0,0,0,0,0.00282942121052258,0,0,0.00282942121052258,0,0,0.00565884242104517,0,0,0,0,0,0,0,0,0.00282942121052258,0,0,0,0,0,0,0,0,0,0,0,0,0,0,0,0,0,0,0,0,0,0,0,0,0,0,0,0,0.00565884242104517,0,0,0,0,0,0,0,0,0,0,0,0,0.0169765272631355,0,0,0,0,0,0,0,0,0,0,0,0,0,0,0,0,0,0.0113176848420903,0,0,0,0,0,0,0,0,0,0,0,0,0,0,0,0,0,0,0,0,0,0,0.161277008999787,0,0,0,0,0,0,0,0,0,0,0,0,0,0,0,0,0,0,0,0,0,0,0,0,0,0,0,0,0,0,0.00282942121052258,0.0113176848420903,0,0,0,0,0,0.00565884242104517,0.00282942121052258,0,0,0,0.00282942121052258,0,0,0,0,0,0,0,0,0,0,0,0,0,0,0,0,0,0,0,0,0,0,0,0.0537590029999291,0,0,0,0,0,0,0,0,0,0,0,0,0,0.0169765272631355,0,0,0,0,0,0,0,0,0,0,0,0,0,0,0,0,0,0,0,0,0,0.00282942121052258,0,0,0,0,0.0254647908947033,0.0792237938946324,0,0,0,0,0,0,0,0,0,0,0,0,0,0,0,0,0,0,0,0,0,0,0,0,0,0,0,0,0,0,0,0,0,0.00565884242104517,0,0,0,0,0,0,0,0,0.00282942121052258,0,0,0,0,0,0,0,0,0,0.00282942121052258,0,0,0,0,0.00848826363156775,0,0,0,0,0,0,0,0,0,0,0,0,0,0,0,0,0,0,0,0,0,0,0,0,0,0,0,0,0,0,0,0,0,0,0,0,0,0,0,0,0,0,0,0.0198059484736581,0,0.00282942121052258,0,0,0,0,0,0,0,0,0,0,0,0,0,0,0,0,0,0,0,0,0,0,0,0,0,0,0,0,0,0,0,0,0,1.51938491185063,0,0,0,0,0,0,0,0,0.118788156565612,0,0,0,0,0,0,0,0,0,0,0,0,0,0,0,0,0,0,0,0,0,0,0,0,0,0,0,0,0,0,0,0,0,0,0,0,0,0,0,0,0,0,0,0,0,0,0,0.555684204408885,0,0,0.624594294061249,0,0,0,0,0,0,0,0,0,0,0,0,0,0,0,0,0,0,0,0,1.64475209870772,0,0,0,0,0,0,0,0,0,0,0,0,0,53.1563613941644,0,0,0,0,6.73200720886945,0,0,0,0.81245392537376,0,0,0,0,0.136110876074763,0,0,0,0,0,0,0,0,0,0,0.866928383497977,0,0.186877612112596,0,0,0,0,0,0.486157350780733,0,0,0,0,0,0,0,0,0,0,0,0,0,0,0,0,0,0,0,0,0,0,0,0,0,0,0,3.86457061923469,0,0,0,0,0,0,0,0.358222584828211,0,0,0,0.0839086681378492,0,0,0,0,0.440933282081444,0,2.61340503487905,0,0,0,0,0,0,0,0,0,0,0,0.0467194030281489,0,0,0,0,1.68875530918559,0.0138457731417576,0,0,0,0,0,0,0,0,0,0,0,0,0,0,0,0,0,0,0,0,0,0,0,0,0,0,0,0.883801322346407,0,0,0,0,0,0,0,0,0,0,0.664271098817323,0,0,0,0,0,0,0,0,0,0,0,0,0,0,0,0,0,0,0,0,0.615563555098824,0,0,0,0,0,0,0,0,0,0,0,0,0,0,0,0,0,0,0,0,0,0,0,0,0,0,0,0,0,0.582048770294713,0,0,0,0,0,0,0,0,0,0,0,0,0,0,0,0,0,0,0,0.164690365394844,0,0,0.0301311841137293,0,0,0.0650645213308142,0,0,0,0,0,0,0,0,0.755985979686503,0,0,0,0,0,0,0,0,0,0,0,0,0,0,0,0,0,0,0,0,0,0,0,0,0,0,0,0,0.0222347359027531,0,0,0,0,0,0,0,0,0,0,0,0,18.7689755521411,0,0,0,0,0,0,0,0,0,0,0,0,0,0,0,0,0,1.77728192741249,0,0,0,0,0,0,0,0,0,0,0,0,0,0,0,0,0,0,0,0,0,0,157.381438173888,0,0,0,0,0,0,0,0,0,0,0,0,0,0,0,0,0,0,0,0,0,0,0,0,0,0,0,0,0,0,0.382311393965811,0.106124237488208,0,0,0,0,0,0.220280824324715,0.39109720231686,0,0,0,0.344770422496462,0,0,0,0,0,0,0,0,0,0,0,0,0,0,0,0,0,0,0,0,0,0,0,0.544926515972704,0,0,0,0,0,0,0,0,0,0,0,0,0,0.0240695713731691,0,0,0,0,0,0,0,0,0,0,0,0,0,0,0,0,0,0,0,0,0,0.0102062881905971,0,0,0,0,0.178523951419411,0.454558154273539,0,0,0,0,0,0,0,0,0,0,0,0,0,0,0,0,0,0,0,0,0,0,0,0,0,0,0,0,0,0,0,0,0,1.42063484739188,0,0,0,0,0,0,0,0,2.02959667379003,0,0,0,0,0,0,0,0,0,2.65326719912866,0,0,0,0,3.6984609647352,0,0,0,0,0,0,0,0,0,0,0,0,0,0,0,0,0,0,0,0,0,0,0,0,0,0,0,0,0,0,0,0,0,0,0,0,0,0,0,0,0,0,0,0.890388009918686,0,0.0286708080683464,0,0,0,0,0,0,0,0,0,0,0,0,0,0,0,0,0,162.4274028,173.311203,166.7502029,180.047203,157.9941028,196.8148033,158.7939027,156.2814027,196.3583034,163.9474029,185.8125031,"KIN-00188"
"424",4965,"nSPC",2012,"PRIAs","Pacific Remote Island Areas","Kingman","Kingman",2012,"ForereefMid","Kingman","2012-05-13","Forereef","Mid",6.43081597,-162.37585499,11.1,22.5,30,5,22.5,20,0,0,0,NA,0.5525,0.298562569278403,1.35,2,1,51.0813974615313,29.3032547232358,13.2655971731472,12.0013221543159,105.65157151223,1.56055176799368,0,0,0,0,0,0,0,0,0,0,0,0,0,0.00565884242104517,0,0,0.0933708999472453,0,0,0,0,0,0,0,0,0,0,0,0,0,0,0,0,0,0,0,0,0,0,0,0,0,0,0,0,0,0,0,0,0,0,0,0,0,0,0,0,0,0,0,0,0,0,0,0,0,0,0,0,0,0,0,0,0,0,0,0,0,0,0,0,0,0,0,0,0,0.00565884242104517,0,0,0,0,0,0,0,0,0,0,0,0,0,0,0,0,0,0,0,0,0,0,0,0,0,0,0,0,0,0.00848826363156775,0,0,0,0.0113176848420903,0,0,0,0,0.00565884242104517,0,0,0,0,0,0,0,0,0,0,0.00565884242104517,0,0,0,0,0,0,0,0.00565884242104517,0,0,0,0,0,0,0,0,0,0,0,0,0,0,0,0,0,0,0,0,0,0,0,0,0,0,0.00565884242104517,0.124494533262994,0,0,0.00282942121052258,0,0,0,0,0.0113176848420903,0,0,0,0,0,0,0,0,0,0,0.00282942121052258,0,0,0,0,0,0,0,0,0,0,0,1.13176848420903,0,0,0,0,0.067906109052542,0,0,0,0,0,0,0,0,0,0,0,0,0.0113176848420903,0,0,0,0,0,0,0,0,0,0,0,0,0,0,0,0.0565884242104517,0,0,0.00565884242104517,0,0,0,0,0,0,0,0.00848826363156775,0,0,0,0,0,0,0,0,0,0,0,0,0,0,0,0,0,0,0,0,0,0,0,0,0,0,0,0,0,0,0,0,0,0,0,0,0,0,0,0,0,0,0,0,0,0,0,0,0,0,0.0198059484736581,0,0,0,0,0,0,0,0,0,0,0,0,0,0,0,0,0,0,0,0,0,0,0,0,0,0,0,0,0,0,0,0,0,0,0.00282942121052258,0,0,0,0,0,0,0,0,0,0,0,0,0,0,0,0,0,0,0,0,0,0,0,0.00565884242104517,0,0,0,0,0.00848826363156775,0,0,0,0,0,0,0,0,0,0,0,0,0.0452707393683613,0,0.00565884242104517,0,0,0,0,0,0,0,0,0,0,0.00282942121052258,0,0,0,0.0226353696841807,0.0113176848420903,0,0,0,0,0,0,0,0,0.00282942121052258,0,0,0,0,0,0,0,0,0,0,0,0,0,0.00565884242104517,0,0,0,0,0,0,0,0,0,0,0,0,0,0,0,0,0,0,0,0,0,0,0,0,0,0,0.00282942121052258,0,0,0,0.00282942121052258,0.0198059484736581,0,0,0,0,0,0,0,0,0.00565884242104517,0,0.00282942121052258,0,0,0,0,0,0,0,0,0,0,0,0,0,0,0,0,0,0,0.0226353696841807,0,0,0,0,0.0622472666314969,0,0,0,0,0,0,0,0,0,0,0,0,0,0,0,0,0,0,0,0,0,0,0,0,0,0,0,0,0,0,0,0,0,0,0,0.00282942121052258,0,0,0,0,0,0.0481001605788839,0,0,0,0,0,0,0,0,0,0,0,0,0,0,0,0,0,0,0,0,0,0,0,0,0,0,0,0,0,0,0,0,0,0.00282942121052258,0,0,0,0,0,0,0,0,0.00282942121052258,0,0,0,0,0,0,0,0,0,0,0,0,0,0,0,0,0,0,0,0,0,0,0,0,0,0,0,0,0,0,0,0,0.0226353696841807,0,0,0,0,0,0,0,0,0,0,0,0,0,0,0,0,0,0,0,0.00848826363156775,0,0,0,0,0,0,0,0.0537590029999291,0,0,0,0,0,0,0,0,0,0,0,0,0,0,0.00282942121052258,0.00282942121052258,0,0,0,0,0,0,0,0,0,0,0,0,0,0,0.951489016386128,0,0,5.91190211412533,0,0,0,0,0,0,0,0,0,0,0,0,0,0,0,0,0,0,0,0,0,0,0,0,0,0,0,0,0,0,0,0,0,0,0,0,0,0,0,0,0,0,0,0,0,0,0,0,0,0,0,0,0,0,0,0,0,0,0,0,0,0,0,0,0,0,0,0,0,2.77647108510926,0,0,0,0,0,0,0,0,0,0,0,0,0,0,0,0,0,0,0,0,0,0,0,0,0,0,0,0,0,6.73200720886945,0,0,0,0.0535946784577985,0,0,0,0,0.0380222770384222,0,0,0,0,0,0,0,0,0,0,0.505468796796752,0,0,0,0,0,0,0,0.486157350780733,0,0,0,0,0,0,0,0,0,0,0,0,0,0,0,0,0,0,0,0,0,0,0,0,0,0,0.54947018315172,0.315355970440005,0,0,0.27473509157586,0,0,0,0,0.805285941138042,0,0,0,0,0,0,0,0,0,0,0.973643145748139,0,0,0,0,0,0,0,0,0,0,0,1.59867957236947,0,0,0,0,0.36236926575849,0,0,0,0,0,0,0,0,0,0,0,0,0.0677339932733785,0,0,0,0,0,0,0,0,0,0,0,0,0,0,0,2.53145249627463,0,0,0.29081055748263,0,0,0,0,0,0,0,0.0337913242055791,0,0,0,0,0,0,0,0,0,0,0,0,0,0,0,0,0,0,0,0,0,0,0,0,0,0,0,0,0,0,0,0,0,0,0,0,0,0,0,0,0,0,0,0,0,0,0,0,0,0,1.54950857607954,0,0,0,0,0,0,0,0,0,0,0,0,0,0,0,0,0,0,0,0,0,0,0,0,0,0,0,0,0,0,0,0,0,0,0.0836060014654897,0,0,0,0,0,0,0,0,0,0,0,0,0,0,0,0,0,0,0,0,0,0,0,0.0363192065948072,0,0,0,0,0.0139978823753204,0,0,0,0,0,0,0,0,0,0,0,0,42.8655185228323,0,2.90385617742648,0,0,0,0,0,0,0,0,0,0,0.058003134815713,0,0,0,11.0898180998826,1.41043732896634,0,0,0,0,0,0,0,0,0.302512581902028,0,0,0,0,0,0,0,0,0,0,0,0,0,15.4547751001204,0,0,0,0,0,0,0,0,0,0,0,0,0,0,0,0,0,0,0,0,0,0,0,0,0,0,0.138464800489949,0,0,0,0.839938132542888,0.418158636709257,0,0,0,0,0,0,0,0,0.458890569415886,0,0.109690165036044,0,0,0,0,0,0,0,0,0,0,0,0,0,0,0,0,0,0,0.154794015692229,0,0,0,0,0.345725879996439,0,0,0,0,0,0,0,0,0,0,0,0,0,0,0,0,0,0,0,0,0,0,0,0,0,0,0,0,0,0,0,0,0,0,0,0.0102062881905971,0,0,0,0,0,0.128534891585292,0,0,0,0,0,0,0,0,0,0,0,0,0,0,0,0,0,0,0,0,0,0,0,0,0,0,0,0,0,0,0,0,0,0.181676004159171,0,0,0,0,0,0,0,0,0.586908622245541,0,0,0,0,0,0,0,0,0,0,0,0,0,0,0,0,0,0,0,0,0,0,0,0,0,0,0,0,0,0,0,0,0.216933131340824,0,0,0,0,0,0,0,0,0,0,0,0,0,0,0,0,0,0,0,0.017417916971977,0,0,0,0,0,0,0,0.78476996460327,0,0,0,0,0,0,0,0,0,0,0,0,0,0,0.173698136011996,0.0589716757960506,0,161.6154028,172.6066029,165.7006029,179.189103,157.5334028,194.8115033,158.0075027,155.0267027,195.5588034,162.5684029,185.2295031,"KIN-00203"
"425",4966,"nSPC",2012,"PRIAs","Pacific Remote Island Areas","Kingman","Kingman",2012,"ForereefMid","Kingman","2012-05-13","Forereef","Mid",6.44088154,-162.39148096,9.3,42.5,10,7.5,20,19,1,0,0,NA,0.2325,0.161268488688292,0.65,2,1,72.3671167598914,3.28769165537395,39.0326680896898,11.8130295837827,126.500506088738,34.9859220454663,0,0,0,0,0,0.0141471060526129,0,0,0,0,0,0,0,0,0,0,0,0,0,0.0481001605788839,0,0,0,0,0,0,0,0,0,0,0,0,0,0,0,0,0,0,0,0,0,0,0,0,0,0,0,0,0,0,0,0,0,0,0,0,0.00282942121052258,0,0,0,0,0,0,0,0,0,0,0,0,0,0,0,0,0,0,0,0.00282942121052258,0,0,0,0,0,0,0,0,0,0.0141471060526129,0,0,0,0,0,0,0,0,0,0,0.00282942121052258,0,0,0.00282942121052258,0,0,0,0,0,0,0,0,0,0,0,0,0,0,0,0.00848826363156775,0,0,0,0.0113176848420903,0,0,0,0,0,0,0,0,0,0,0,0,0,0,0,0.00565884242104517,0,0,0,0,0,0,0,0,0,0,0,0,0,0,0,0,0,0,0,0,0,0,0,0,0,0,0,0,0,0,0,0,0,0,0,0,0.0311236333157484,0,0,0,0,0,0,0,0,0,0,0,0,0,0.0424413181578388,0,0.0113176848420903,0,0,0,0,0,0,0,0.00282942121052258,0,0,0,0,0,0.990297423682904,0,0,0,0,0,0,0,0,0,0,0,0,0,0.00282942121052258,0,0,0,0.0169765272631355,0,0,0,0,0,0,0,0.0113176848420903,0,0,0,0.00282942121052258,0,0,0,0,0,0,0,0,0,0,0,0,0,0,0,0,0,0,0,0,0,0,0,0,0,0,0,0,0,0,0,0,0,0,0,0.00282942121052258,0,0,0.00282942121052258,0,0,0,0,0,0,0,0,0,0,0,0,0,0,0,0,0,0,0,0,0,0,0,0,0,0,0.0113176848420903,0,0,0,0,0,0,0,0,0,0,0,0,0,0,0,0,0,0,0,0,0,0,0,0,0,0,0,0,0,0,0,0,0,0,0.00282942121052258,0,0,0,0,0,0,0,0,0,0,0,0,0,0,0,0,0,0,0,0,0,0,0,0,0.00565884242104517,0,0,0,0,0,0,0,0,0,0,0,0,0,0,0,0,0.0198059484736581,0,0,0,0,0,0,0,0,0,0,0,0,0.0254647908947033,0,0,0,0.00282942121052258,0.00848826363156775,0,0,0,0,0,0,0,0,0,0,0,0,0,0,0,0,0,0,0,0,0,0,0,0,0,0,0,0,0,0,0,0,0,0,0,0,0,0,0,0,0,0,0,0,0,0,0,0,0,0,0,0,0,0.00565884242104517,0.0141471060526129,0,0,0,0,0,0,0.00282942121052258,0,0,0,0.00565884242104517,0,0,0,0,0,0,0,0,0,0,0,0,0,0,0,0,0,0,0.130153375684039,0,0,0,0,0.0396118969473162,0,0,0,0,0,0,0,0,0,0,0,0,0,0,0,0,0,0,0,0,0,0,0,0,0,0,0,0,0,0,0,0,0,0,0,0,0,0,0,0,0,0,0,0,0,0,0,0,0,0,0,0,0,0,0,0,0,0,0,0,0,0,0,0,0,0,0,0,0,0,0,0,0,0,0,0,0,0,0,0,0,0,0,0,0.00282942121052258,0,0,0,0,0,0,0,0,0,0.00565884242104517,0,0,0,0,0,0,0,0,0,0,0,0,0,0,0,0,0,0,0,0,0,0,0.101859163578813,0,0,0,0,0,0,0,0,0,0,0,0,0,0,0,0,0,0,0,0.135812218105084,0,0,0,0,0,0,0,0.223524275631284,0,0,0,0,0,0,0,0,0,0,0,0,0.00565884242104517,0,0,0,0,0,0,0,0,0,1.27819103185358,0,0,0,0,0,0,0,0,0,0,0,0,0,1.19896613147742,0,0,0,0,0,0,0,0,0,0,0,0,0,0,0,0,0,0,0,0,0,0,0,0,0,0,0,0,0,0,0,0,0,0,0,0,0.802140913183153,0,0,0,0,0,0,0,0,0,0,0,0,0,0,0,0,0,0,0,0.312297147030625,0,0,0,0,0,0,0,0,0,3.2659483967449,0,0,0,0,0,0,0,0,0,0,1.04538924694603,0,0,0.264317933362599,0,0,0,0,0,0,0,0,0,0,0,0,0,0,0,2.72749868088682,0,0,0,0.0825161976169643,0,0,0,0,0,0,0,0,0,0,0,0,0,0,0,0.162399222027088,0,0,0,0,0,0,0,0,0,0,0,0,0,0,0,0,0,0,0,0,0,0,0,0,0,0,0,0,0,0,0,0,0,0,0,0,25.0959417754935,0,0,0,0,0,0,0,0,0,0,0,0,0,0.961490888485214,0,0.521723170088051,0,0,0,0,0,0,0,0.148036035653076,0,0,0,0,0,1.43260669441785,0,0,0,0,0,0,0,0,0,0,0,0,0,0.0100874715797333,0,0,0,0.154722279459364,0,0,0,0,0,0,0,0.180037407404638,0,0,0,0.0846268566382463,0,0,0,0,0,0,0,0,0,0,0,0,0,0,0,0,0,0,0,0,0,0,0,0,0,0,0,0,0,0,0,0,0,0,0,0.35359787922812,0,0,0.225701375147013,0,0,0,0,0,0,0,0,0,0,0,0,0,0,0,0,0,0,0,0,0,0,0,0,0,0,0.376907831745897,0,0,0,0,0,0,0,0,0,0,0,0,0,0,0,0,0,0,0,0,0,0,0,0,0,0,0,0,0,0,0,0,0,0,0.515183277548921,0,0,0,0,0,0,0,0,0,0,0,0,0,0,0,0,0,0,0,0,0,0,0,0,0.0472266493051392,0,0,0,0,0,0,0,0,0,0,0,0,0,0,0,0,67.6849042269101,0,0,0,0,0,0,0,0,0,0,0,0,0.231142492240616,0,0,0,0.96849148348127,0.775976147725425,0,0,0,0,0,0,0,0,0,0,0,0,0,0,0,0,0,0,0,0,0,0,0,0,0,0,0,0,0,0,0,0,0,0,0,0,0,0,0,0,0,0,0,0,0,0,0,0,0,0,0,0,0,0.365919792949527,0.280213906992891,0,0,0,0,0,0,0.27065604470659,0,0,0,0.549371009854744,0,0,0,0,0,0,0,0,0,0,0,0,0,0,0,0,0,0,0.529893760681696,0,0,0,0,0.195674229786281,0,0,0,0,0,0,0,0,0,0,0,0,0,0,0,0,0,0,0,0,0,0,0,0,0,0,0,0,0,0,0,0,0,0,0,0,0,0,0,0,0,0,0,0,0,0,0,0,0,0,0,0,0,0,0,0,0,0,0,0,0,0,0,0,0,0,0,0,0,0,0,0,0,0,0,0,0,0,0,0,0,0,0,0,2.02959667379003,0,0,0,0,0,0,0,0,0,6.81499434923672,0,0,0,0,0,0,0,0,0,0,0,0,0,0,0,0,0,0,0,0,0,0,0.556374256090728,0,0,0,0,0,0,0,0,0,0,0,0,0,0,0,0,0,0,0,0.886593477474831,0,0,0,0,0,0,0,2.58513152968515,0,0,0,0,0,0,0,0,0,0,0,0,0.528018213807278,0,0,0,0,144.8832026,150.5082026,132.1043023,151.6938025,143.0146025,179.946903,141.8938025,141.4944025,180.2602031,137.0459024,171.6082029,"KIN-00207"
"426",4967,"nSPC",2012,"PRIAs","Pacific Remote Island Areas","Kingman","Kingman",2012,"LagoonMid","Kingman","2012-05-13","Lagoon","Mid",6.38939151,-162.44298532,17.35,32.5,40,5,15,4.5,2.5,0,0.5,NA,0.61,0.343417614072311,1.5,2,1,20.1150487658194,10.7826415488784,26.829829219611,22.805950765974,80.5334703002827,18.3189884373245,0,0,0,0,0,0,0,0,0,0,0,0,0,0,0,0,0.0509295817894065,0,0,0,0,0,0,0,0,0,0,0,0,0,0,0,0,0,0,0,0,0,0,0,0,0,0,0,0,0,0,0,0,0,0.00282942121052258,0,0,0,0,0,0,0,0,0,0,0,0,0,0,0,0,0,0,0,0,0,0,0,0,0,0.00565884242104517,0,0,0,0,0,0,0.00282942121052258,0,0,0.00282942121052258,0,0,0,0,0,0,0,0,0,0,0,0,0,0,0,0,0,0,0,0,0,0,0,0,0,0,0,0,0,0.00848826363156775,0,0,0,0.0141471060526129,0,0,0,0,0,0,0,0,0,0,0,0,0,0,0,0.00282942121052258,0,0,0,0,0,0,0,0,0,0,0,0,0,0,0,0,0,0,0,0,0,0,0,0,0,0,0,0,0,0.00565884242104517,0,0,0,0,0,0.990297423682904,0.00565884242104517,0,0,0,0,0,0,0.00565884242104517,0,0,0,0,0,0,0,0,0,0,0.00565884242104517,0,0,0,0,0,0,0,0,0,0,0,1.18835690841949,0,0,0,0,0.0141471060526129,0.00282942121052258,0,0,0,0,0,0,0,0,0,0,0,0.00848826363156775,0,0,0,0,0,0,0,0,0,0,0,0.00282942121052258,0,0,0,0.067906109052542,0,0.00282942121052258,0.00565884242104517,0,0,0,0,0,0,0,0.149959324157697,0,0,0,0,0,0.0820532151051549,0,0,0,0,0,0,0,0,0,0,0,0,0,0,0,0,0,0.00282942121052258,0,0,0,0,0,0,0,0,0,0,0,0,0,0,0,0,0,0,0,0,0,0,0,0,0,0,0.00848826363156775,0,0,0,0,0,0,0,0,0,0,0,0,0,0,0,0,0,0,0,0,0,0,0,0,0,0.00848826363156775,0,0,0,0,0,0,0,0,0,0,0,0,0,0,0,0,0,0,0,0,0,0,0,0,0,0,0,0,0,0,0,0,0,0,0,0,0,0,0,0,0,0,0,0,0,0,0,0,0,0,0.0113176848420903,0,0.0141471060526129,0,0,0,0,0,0,0,0,0,0,0.00282942121052258,0,0,0,0,0,0.00282942121052258,0,0,0,0,0,0,0,0,0,0,0.00282942121052258,0,0,0.00565884242104517,0,0,0,0,0,0,0,0,0,0,0,0,0,0,0,0,0,0,0,0,0,0,0,0,0,0,0,0,0,0,0,0,0,0,0,0,0,0,0.00848826363156775,0.00848826363156775,0,0,0,0,0,0.00282942121052258,0,0,0,0,0.00282942121052258,0,0,0,0,0,0,0.00282942121052258,0,0,0,0,0,0,0,0,0,0,0,0.00848826363156775,0,0,0,0,0.0311236333157484,0,0,0,0,0,0,0,0,0,0,0,0,0,0,0,0,0,0,0,0,0,0,0,0,0,0,0,0,0,0,0,0,0,0,0,0.00282942121052258,0,0,0,0,0.00565884242104517,0.169765272631355,0,0,0,0,0,0,0,0,0,0,0,0,0,0,0,0,0,0,0,0,0,0,0,0,0.00282942121052258,0,0,0,0,0,0,0,0.00282942121052258,0,0,0,0,0,0,0,0,0.00282942121052258,0,0,0,0,0,0,0,0,0,0,0.00565884242104517,0,0,0,0,0,0,0,0,0,0,0,0,0,0,0,0,0,0,0,0,0,0,0.0169765272631355,0,0,0,0,0,0,0,0,0,0,0,0,0,0,0,0,0,0,0,0,0,0,0,0,0,0,0,0.0282942121052258,0,0,0,0,0,0,0,0,0,0,0,0,0.0113176848420903,0,0,0,0,0,0,0,0,0,0,0,0,0,0,0,0,0,0,0,0,3.94096281296611,0,0,0,0,0,0,0,0,0,0,0,0,0,0,0,0,0,0,0,0,0,0,0,0,0,0,0,0,0,0,0,0,0,0.0553596065787217,0,0,0,0,0,0,0,0,0,0,0,0,0,0,0,0,0,0,0,0,0,0,0,0,0,0.938504848741518,0,0,0,0,0,0,0.124690269762281,0,0,0.278776439657234,0,0,0,0,0,0,0,0,0,0,0,0,0,0,0,0,0,0,0,0,0,0,0,0,0,0,0,0,0,2.59922486284685,0,0,0,0.118219363946077,0,0,0,0,0,0,0,0,0,0,0,0,0,0,0,0.274978485412578,0,0,0,0,0,0,0,0,0,0,0,0,0,0,0,0,0,0,0,0,0,0,0,0,0,0,0,0,0,0.119323859908858,0,0,0,0,0,5.15190916986189,6.44695171760331,0,0,0,0,0,0,0.666401551833678,0,0,0,0,0,0,0,0,0,0,3.69953413226547,0,0,0,0,0,0,0,0,0,0,0,2.89733297841755,0,0,0,0,0.1500486498804,0.0294991377035435,0,0,0,0,0,0,0,0,0,0,0,0.091672045966841,0,0,0,0,0,0,0,0,0,0,0,0.246725529557569,0,0,0,3.50016501408291,0,0.276993760608636,0.450333413868732,0,0,0,0,0,0,0,0.117453599902896,0,0,0,0,0,0.238551259251329,0,0,0,0,0,0,0,0,0,0,0,0,0,0,0,0,0,0.835713954532732,0,0,0,0,0,0,0,0,0,0,0,0,0,0,0,0,0,0,0,0,0,0,0,0,0,0,0.66635399155717,0,0,0,0,0,0,0,0,0,0,0,0,0,0,0,0,0,0,0,0,0,0,0,0,0,0.0355239491823531,0,0,0,0,0,0,0,0,0,0,0,0,0,0,0,0,0,0,0,0,0,0,0,0,0,0,0,0,0,0,0,0,0,0,0,0,0,0,0,0,0,0,0,0,0,0,0,0,0,0,15.8813559555096,0,12.1265866931331,0,0,0,0,0,0,0,0,0,0,0.0198950752417895,0,0,0,0,0,3.17327869517181,0,0,0,0,0,0,0,0,0,0,0.269602090424063,0,0,0.489282273175195,0,0,0,0,0,0,0,0,0,0,0,0,0,0,0,0,0,0,0,0,0,0,0,0,0,0,0,0,0,0,0,0,0,0,0,0,0,0,1.21804410117508,0.0962726433826436,0,0,0,0,0,0.141445360875306,0,0,0,0,0.109690165036044,0,0,0,0,0,0,0.106882244274993,0,0,0,0,0,0,0,0,0,0,0,0.0106223930814319,0,0,0,0,0.161996529668703,0,0,0,0,0,0,0,0,0,0,0,0,0,0,0,0,0,0,0,0,0,0,0,0,0,0,0,0,0,0,0,0,0,0,0,0.0102062881905971,0,0,0,0,0.0582819136382552,1.31963853035268,0,0,0,0,0,0,0,0,0,0,0,0,0,0,0,0,0,0,0,0,0,0,0,0,0.336525479189918,0,0,0,0,0,0,0,1.13400635428448,0,0,0,0,0,0,0,0,2.65116174036662,0,0,0,0,0,0,0,0,0,0,5.52134084708912,0,0,0,0,0,0,0,0,0,0,0,0,0,0,0,0,0,0,0,0,0,0,0.132494370847127,0,0,0,0,0,0,0,0,0,0,0,0,0,0,0,0,0,0,0,0,0,0,0,0,0,0,0,0.281202027007787,0,0,0,0,0,0,0,0,0,0,0,0,1.33245412326917,0,0,0,0,0,0,0,0,0,0,0,0,0,0,0,"KIN-00179"
"427",4968,"nSPC",2012,"PRIAs","Pacific Remote Island Areas","Kingman","Kingman",2012,"ForereefMid","Kingman","2012-05-13","Forereef","Mid",6.38268205,-162.43731312,14.7,20,22.5,5,8.5,26.5,17.5,0,0,NA,0.36125,0.215336479060962,1.1,2,1,52.250988868003,19.9389221366003,28.3798692262592,17.1581543191767,117.727934550039,23.194825832688,0,0,0,0,0,0.00848826363156775,0,0,0,0,0,0,0,0.00565884242104517,0,0,0,0,0,0,0,0,0,0,0,0,0,0,0,0,0,0,0,0,0,0,0,0,0,0,0,0,0,0,0,0,0,0.00282942121052258,0,0,0.00565884242104517,0,0,0,0,0,0,0,0,0,0,0,0,0,0,0.00282942121052258,0,0,0,0.00282942121052258,0,0,0,0,0,0,0.00282942121052258,0,0,0,0,0,0,0,0,0,0.00565884242104517,0,0,0,0,0,0,0,0,0,0,0.00565884242104517,0,0,0,0,0,0,0,0,0,0,0,0,0,0,0,0,0,0,0.00282942121052258,0,0,0,0.0424413181578388,0,0,0,0,0,0,0,0,0,0,0,0,0,0,0,0.00848826363156775,0,0,0,0,0,0,0,0,0,0,0,0,0,0,0,0,0,0,0,0,0,0,0,0,0,0,0,0,0,0,0,0,0,0,0,0.113176848420903,0.00282942121052258,0,0,0,0,0,0,0.0113176848420903,0,0,0,0,0.00565884242104517,0,0.0113176848420903,0,0.00282942121052258,0,0,0,0,0,0,0,0,0,0,0,0,0,3.3953054526271,0,0,0,0,0,0.0820532151051549,0,0,0,0,0,0,0,0.0226353696841807,0,0,0,0,0,0,0,0,0,0.00282942121052258,0,0.0594178454209743,0,0,0,0.0113176848420903,0,0,0,0,0,0,0.0113176848420903,0,0,0,0,0,0,0,0.0650766878420194,0,0,0,0,0,0.0565884242104517,0,0,0,0,0,0,0,0,0,0,0,0,0,0,0,0,0,0.00282942121052258,0,0,0,0,0,0,0,0,0,0,0,0,0,0,0,0,0.00565884242104517,0,0,0,0,0,0,0,0,0,0.00282942121052258,0,0,0,0,0,0,0,0,0,0,0,0,0,0,0,0,0,0,0,0.00282942121052258,0,0,0,0,0,0.0367824757367936,0,0,0,0,0,0,0,0,0,0,0,0,0,0,0,0,0,0.00282942121052258,0,0,0,0,0,0,0,0,0,0,0,0,0,0,0.00282942121052258,0.00282942121052258,0,0,0,0,0,0,0,0,0,0,0,0,0,0,0,0,0.0113176848420903,0,0,0,0,0,0,0,0,0,0,0,0,0.0452707393683613,0,0,0,0.0254647908947033,0.00848826363156775,0,0,0,0,0,0,0,0,0,0,0,0,0,0,0,0,0,0,0,0,0,0,0,0.00282942121052258,0,0,0,0,0,0,0,0,0,0,0,0,0.00565884242104517,0,0,0,0,0,0,0,0,0,0,0,0,0,0,0,0,0.0169765272631355,0.0198059484736581,0,0,0,0,0.0141471060526129,0.00282942121052258,0,0,0,0,0.00565884242104517,0,0,0,0,0,0,0,0,0,0,0,0,0,0,0,0,0,0,0.00565884242104517,0,0,0,0.00565884242104517,0.0169765272631355,0,0,0,0,0,0,0,0,0,0,0,0,0,0.509295817894065,0,0,0,0,0,0,0,0,0,0,0,0,0,0,0,0,0,0,0,0,0,0,0,0,0,0.00282942121052258,0,0.33953054526271,0,0,0,0,0,0,0,0,0,0,0,0,0,0,0,0,0,0,0,0,0,0,0,0,0,0,0,0,0,0,0,0,0,0,0,0,0,0,0,0,0,0.00282942121052258,0.00565884242104517,0,0,0,0,0,0,0,0,0,0.0141471060526129,0,0,0,0,0,0,0,0,0,0,0,0,0,0,0,0,0,0,0,0,0,0,0.0509295817894065,0,0,0,0,0,0,0,0,0.00282942121052258,0,0,0,0,0,0,0,0,0,0,0,0,0,0,0,0,0.00848826363156775,0,0.0169765272631355,0,0,0,0,0,0,0,0,0,0,0,0,0.00565884242104517,0,0,0,0,0,0,0,0,0,1.1147919569459,0,0,0,0,0,0,0,0.696703138032012,0,0,0,0,0,0,0,0,0,0,0,0,0,0,0,0,0,0,0,0,0,0,0,0,0,0,0,0,0,0,0,0,0,0.0660447688990177,0,0,0.205508501957524,0,0,0,0,0,0,0,0,0,0,0,0,0,0,0.164745453008912,0,0,0,2.85206818205931,0,0,0,0,0,0,0.248286972602325,0,0,0,0,0,0,0,0,0,1.11510123022195,0,0,0,0,0,0,0,0,0,0,1.23179960747236,0,0,0,0,0,0,0,0,0,0,0,0,0,0,0,0,0,0,1.31235695922621,0,0,0,0.180068265507133,0,0,0,0,0,0,0,0,0,0,0,0,0,0,0,0.65987488922871,0,0,0,0,0,0,0,0,0,0,0,0,0,0,0,0,0,0,0,0,0,0,0,0,0,0,0,0,0,0,0,0,0,0,0,0.497853638518712,3.08710261587805,0,0,0,0,0,0,0.805285941138042,0,0,0,0,0.235133477745295,0,0.640211246681923,0,0.27473509157586,0,0,0,0,0,0,0,0,0,0,0,0,0,5.41653078857601,0,0,0,0,0,0.377526481738416,0,0,0,0,0,0,0,0.0468975053554256,0,0,0,0,0,0,0,0,0,1.83302631167601,0,0.987938941599181,0,0,0,0.93484303149363,0,0,0,0,0,0,1.50932453877447,0,0,0,0,0,0,0,0.0626431431624448,0,0,0,0,0,0.119858556566419,0,0,0,0,0,0,0,0,0,0,0,0,0,0,0,0,0,1.29878300652104,0,0,0,0,0,0,0,0,0,0,0,0,0,0,0,0,0.155405959987953,0,0,0,0,0,0,0,0,0,0.0569174580230593,0,0,0,0,0,0,0,0,0,0,0,0,0,0,0,0,0,0,0,0.236265071445519,0,0,0,0,0,0.585768848487827,0,0,0,0,0,0,0,0,0,0,0,0,0,0,0,0,0,1.14173227411805,0,0,0,0,0,0,0,0,0,0,0,0,0,0,0.0174192156537166,0.0200421460218674,0,0,0,0,0,0,0,0,0,0,0,0,0,0,0,0,45.7998015015639,0,0,0,0,0,0,0,0,0,0,0,0,0.600100432803366,0,0,0,10.0498019181038,0.893976946954006,0,0,0,0,0,0,0,0,0,0,0,0,0,0,0,0,0,0,0,0,0,0,0,0.502340715242833,0,0,0,0,0,0,0,0,0,0,0,0,0.0176629448488083,0,0,0,0,0,0,0,0,0,0,0,0,0,0,0,0,1.57545746560886,0.233231349750874,0,0,0,0,2.76205269150004,0.141445360875306,0,0,0,0,0.672803878792351,0,0,0,0,0,0,0,0,0,0,0,0,0,0,0,0,0,0,0.0600723060508955,0,0,0,0.0144418376775834,0.0400892890562156,0,0,0,0,0,0,0,0,0,0,0,0,0,1.18787477438504,0,0,0,0,0,0,0,0,0,0,0,0,0,0,0,0,0,0,0,0,0,0,0,0,0,0.434625479681048,0,2.20916989070072,0,0,0,0,0,0,0,0,0,0,0,0,0,0,0,0,0,0,0,0,0,0,0,0,0,0,0,0,0,0,0,0,0,0,0,0,0,0,0,0,0,2.65116174036662,6.05641369705949,0,0,0,0,0,0,0,0,0,10.1683481719114,0,0,0,0,0,0,0,0,0,0,0,0,0,0,0,0,0,0,0,0,0,0,0.287837832114837,0,0,0,0,0,0,0,0,0.167700926916158,0,0,0,0,0,0,0,0,0,0,0,0,0,0,0,0,0.191673281182897,0,0.293236687184624,0,0,0,0,0,0,0,0,0,0,0,0,0.528018213807278,0,0,0,0,0,0,0,0,0,0,0,0,0,0,0,"KIN-00200"
"428",4974,"nSPC",2012,"PRIAs","Pacific Remote Island Areas","Palmyra","Palmyra",2012,"ForereefMid","Palmyra","2012-05-14","Forereef","Mid",5.8714002,-162.12526501,7.4,6.5,0,14,22.5,44.5,12.5,0,0,NA,0.22125,0.197424356258725,1,2,1,29.8880464689019,11.7420046700995,41.8855715616518,23.0101986300488,106.525821330702,19.1982476845903,0,0,0,0,0,0,0,0,0,0,0,0,0.0113176848420903,0,0,0,0,0,0,0.00282942121052258,0,0.0282942121052258,0,0,0,0,0.127323954473516,0,0,0,0,0,0,0,0,0,0,0,0,0,0,0,0,0,0,0,0,0,0,0,0,0,0,0,0,0,0,0,0,0,0,0,0,0,0,0,0,0,0,0,0,0,0,0,0,0,0.00282942121052258,0,0,0,0,0,0,0,0,0,0,0,0,0,0,0,0,0,0,0,0,0,0,0,0,0,0,0,0,0,0,0,0,0,0,0,0,0,0,0,0.00282942121052258,0,0,0,0.0113176848420903,0,0,0,0,0,0,0,0,0,0,0,0,0,0,0,0,0,0,0,0,0,0,0,0,0,0,0,0,0,0,0,0,0,0,0,0,0,0,0,0,0,0,0,0,0,0,0,0,0,0,0,0,0,0,0,0,0,0,0,0,0,0,0,0,0,0,0,0,0,0,0.118835690841949,0,0,0,0,0.00565884242104517,0,0,0,0,0,0,1.69765272631355,0,0,0,0,0,1.18835690841949,0,0,0,0,0,0,0,0.0226353696841807,0,0,0,0.0452707393683613,0,0,0,0,0,0,0,0.110347427210381,0,0,0,0.00282942121052258,0,0,0,0.00848826363156775,0.0141471060526129,0,0.0537590029999291,0.067906109052542,0.0792237938946324,0,0,0,0,0,0,0,0,0,0,0,0,0,0,0,0,0,0,0,0,0,0,0,0,0,0,0,0.00282942121052258,0,0,0,0,0.00282942121052258,0,0,0,0,0,0,0,0,0,0,0,0,0,0,0,0,0,0,0,0,0,0,0,0.00282942121052258,0,0,0,0,0,0,0,0,0,0,0,0,0,0,0,0,0,0,0,0.00565884242104517,0,0,0,0,0.033953054526271,0.0311236333157484,0,0,0,0,0,0,0,0,0,0,0,0,0,0,0,0,0,0,0,0,0,0,0,0,0,0,0,0,0,0,0,0,0,0.00565884242104517,0,0,0,0,0,0,0,0,0,0,0,0,0,0,0,0,0,0,0,0,0,0,0,0,0,0,0,0,0,0.0396118969473162,0,0,0,0.0254647908947033,0.00282942121052258,0,0,0,0,0,0,0,0,0,0,0,0,0,0,0,0,0,0,0,0,0,0,0,0,0,0,0,0,0,0,0,0,0,0,0,0,0,0,0,0,0,0,0,0,0,0,0,0,0,0,0,0,0,0.00282942121052258,0,0.00565884242104517,0,0,0,0.033953054526271,0,0.00282942121052258,0,0.00848826363156775,0,0.067906109052542,0,0,0,0.0141471060526129,0,0,0,0,0,0,0,0,0,0,0,0,0,0,0,0,0,0,0.0650766878420194,0.00565884242104517,0,0,0,0,0,0,0,0,0,0.00565884242104517,0,0,0,0.33953054526271,0,0,0,0,0,0,0,0,0,0,0,0,0,0,0,0,0,0,0,0.00565884242104517,0,0,0,0,0,0,0.00282942121052258,0,0,0,0,0,0,0,0,0,0,0,0,0,0,0,0,0,0,0,0,0,0,0,0,0.00848826363156775,0,0,0,0,0,0,0,0,0,0,0,0,0,0,0,0,0,0,0,0,0,0.00282942121052258,0,0,0,0,0,0.0537590029999291,0,0,0,0,0,0,0,0,0,0,0,0,0,0,0,0,0,0,0.00565884242104517,0,0,0,0,0.166935851420832,0,0.0141471060526129,0,0,0,0,0,0,0,0.00848826363156775,0,0,0,0,0,0,0,0,0,0.0565884242104517,0,0,0,0,0,0,0,0.265965593789123,0,0,0,0,0,0,0.00565884242104517,0.0226353696841807,0,0,0,0,0,0,0,0,0,0,0,0,0,0,0,0,0,0,0,0,0,2.56578231290291,0,0,0,0,0,0,0.0892250699974238,0,2.04789844834002,0,0,0,0,2.36955405660326,0,0,0,0,0,0,0,0,0,0,0,0,0,0,0,0,0,0,0,0,0,0,0,0,0,0,0,0,0,0,0,0,0,0,0,0,0,0,0,0,0,0,0,0,0,0,0,0,0,0.248286972602325,0,0,0,0,0,0,0,0,0,0,0,0,0,0,0,0,0,0,0,0,0,0,0,0,0,0,0,0,0,0,0,0,0,0,0,0,0,0,0,0.489340134096332,0,0,0,0.0825161976169643,0,0,0,0,0,0,0,0,0,0,0,0,0,0,0,0,0,0,0,0,0,0,0,0,0,0,0,0,0,0,0,0,0,0,0,0,0,0,0,0,0,0,0,0,0,0,0,0,0,0,0,0,0,0,0,0,0,0,0,0,0,0,0,0,0,0,0,0,0,0,14.0654467643027,0,0,0,0,1.20590035370598,0,0,0,0,0,0,1.99287453541948,0,0,0,0,0,0.78196288495413,0,0,0,0,0,0,0,0.0241350739001998,0,0,0,0.170602383668923,0,0,0,0,0,0,0,0.307687929728887,0,0,0,0.00666158929805437,0,0,0,0.392685396249061,0.273652956455561,0,7.34306603276661,0.114409935803579,6.1406736568206,0,0,0,0,0,0,0,0,0,0,0,0,0,0,0,0,0,0,0,0,0,0,0,0,0,0,0,0.242541013807686,0,0,0,0,0.238040592580576,0,0,0,0,0,0,0,0,0,0,0,0,0,0,0,0,0,0,0,0,0,0,0,0.0569174580230593,0,0,0,0,0,0,0,0,0,0,0,0,0,0,0,0,0,0,0,0.57208722018227,0,0,0,0,0.0515260237805847,0.0512914647622323,0,0,0,0,0,0,0,0,0,0,0,0,0,0,0,0,0,0,0,0,0,0,0,0,0,0,0,0,0,0,0,0,0,0.0191061452630932,0,0,0,0,0,0,0,0,0,0,0,0,0,0,0,0,0,0,0,0,0,0,0,0,0,0,0,0,0,0.043850369920679,0,0,0,8.12607795433082,0.387383452121338,0,0,0,0,0,0,0,0,0,0,0,0,0,0,0,0,0,0,0,0,0,0,0,0,0,0,0,0,0,0,0,0,0,0,0,0,0,0,0,0,0,0,0,0,0,0,0,0,0,0,0,0,0,0.327784231401438,0,5.35232120027783,0,0,0,5.09736868072361,0,0.178309917462687,0,0.392220962770918,0,0.782841036115154,0,0,0,0.141308050875276,0,0,0,0,0,0,0,0,0,0,0,0,0,0,0,0,0,0,0.168343842049669,0.0151600105008868,0,0,0,0,0,0,0,0,0,0.00553527875471248,0,0,0,0.753484221900762,0,0,0,0,0,0,0,0,0,0,0,0,0,0,0,0,0,0,0,11.6394362656389,0,0,0,0,0,0,0.0181534692942321,0,0,0,0,0,0,0,0,0,0,0,0,0,0,0,0,0,0,0,0,0,0,0,0,0.767483334267768,0,0,0,0,0,0,0,0,0,0,0,0,0,0,0,0,0,0,0,0,0,0.466978994269489,0,0,0,0,0,4.52451387514281,0,0,0,0,0,0,0,0,0,0,0,0,0,0,0,0,0,0,20.8517200207963,0,0,0,0,0.709873977715251,0,0.0531993115743418,0,0,0,0,0,0,0,0.0102613235851466,0,0,0,0,0,0,0,0,0,0.0344057619199546,0,0,0,0,0,0,0,1.18104851343271,0,0,0,0,0,0,2.46294187803325,0.0899427921936018,0,0,0,0,0,0,0,0,0,0,0,0,0,0,0,0,0,0,0,0,"PAL-00255"
"429",4975,"nSPC",2012,"PRIAs","Pacific Remote Island Areas","Palmyra","Palmyra",2012,"ForereefDeep","Palmyra","2012-05-14","Forereef","Deep",5.86587888,-162.12225565,20.45,20,2.5,17.5,17.5,25,17.5,0,0,NA,0.50125,0.306487966177816,1.25,2,1,65.8416397769262,1343.53250241305,42.3029238092265,34.2528766480178,1485.92994264722,29.0058661587836,0,0,0,0,0,0,0,0,0,0,0,0,0,0,0,0.0282942121052258,0.0509295817894065,0,0,0,0,0,0,0,0,0,0,0,0,0,0,0,0,0,0,0,0,0,0,0,0,0,0,0,0,0,0,0.00282942121052258,0,0.0282942121052258,0,0,0,0,0,0,0.0169765272631355,0,0,0,0,0,0,0,0,0.00282942121052258,0,0,0,0,0,0,0,0,0,0,0.00282942121052258,0,0,0,0,0,0,0.00282942121052258,0,0,0,0,0,0,0,0,0,0,0,0,0,0.00282942121052258,0,0,0,0,0,0,0,0,0,0,0,0,0,0.169765272631355,0,0,0,0,0.0113176848420903,0,0,0,0.033953054526271,0,0,0,0,0.0311236333157484,0,0,0,0,0,0,0,0,0,0,0.0198059484736581,0,0.848826363156775,0,0,0,0,0,0,0,0,0,0,0,0,0,0,0,0,0,0,0,0,0,0,0,0,0,0,0,0,0,0,0,0.00565884242104517,0,1.69765272631355,0,0,0,0,0,0,0,0,0,0,0,0,0,0,0,0,0,0,0.0226353696841807,0,0,0,0,0.00282942121052258,0,0,0,0,0,0,0.707355302630646,0,0,0,0,0.628131508736014,0.622472666314968,0,0,0,0,0,0,0,0.0481001605788839,0,0,0,0.0424413181578388,0,0,0,0,0,0,0,0,0,0,0,0.00848826363156775,0,0,0,0.0396118969473162,0,0,0.0424413181578388,0,0.0141471060526129,0,0,0,0,0,0.00848826363156775,0,0,0,0,0,0,0,0,0,0,0,0,0,0,0,0,0,0,0,0,0,0,0,0.0113176848420903,0,0,0,0,0,0,0,0,0,0,0,0,0,0,0,0,0,0,0,0,0,0,0,0,0,0,0.00848826363156775,0,0,0,0,0,0,0,0,0,0,0,0,0,0,0,0,0,0,0,0.00282942121052258,0,0,0.00565884242104517,0,0,0.0424413181578388,0,0,0,0,0,0,0,0,0.00282942121052258,0,0,0,0,0,0,0,0,0,0,0,0,0,0,0,0,0,0,0,0,0,0,0,0,0,0,0,0,0,0,0.00565884242104517,0,0,0,0,0,0,3.67824757367936,0,0,0,0.033953054526271,0,0.0594178454209743,0,0.00565884242104517,0,0,0.00282942121052258,0,0,0,0,0,0,0,0,0,0.0226353696841807,0.00848826363156775,0.00282942121052258,0,0,0,0,0,0,0,0,0,0,0,0,0,0,0,0,0,0,0,0.0282942121052258,0,0,0,0,0,0,0,0,0,0,0,0,0,0,0,0,0,0,0,0,0,0,0,0,0,0,0,0,0,0,0,0,0.00848826363156775,0.0311236333157484,0,0,0,0,0.0141471060526129,0.0169765272631355,0.00848826363156775,0,0,0,0.0452707393683613,0,0,0,0,0,0,0,0,0,0,0,0,0,0,0,0,0,0,0.0452707393683613,0,0,0,0,0.0396118969473162,0,0,0,0,0,0,0,0,0,0,0,0,0,0.254647908947033,0,0.00282942121052258,0,0,0,0,0,0,0,0,0,0,0,9.33708999472453,0,0,0,0,0.00565884242104517,0,0,0.00282942121052258,0,0,0,0,0.0763943726841098,1.47129902947174,0,0,0,0,0,0,0,0,0,0,0,0,0,0,0,0,0,0,0,0,0,0,0,0,0.00282942121052258,0,0,0,0,0,0,0,0,0,0,0,0,0,0,0,0,0,0,0,0.0282942121052258,0,0,0,0,0,0,0,0.00282942121052258,0,0,0,0,0,0,0,0,0,0,0,0,0,0,0,0,0,0,0,0,0,0,0.0933708999472453,0,0,0,0,0,0,0,0,0,0,0,0,0,0,0,0,0,0,0,0.0990297423682904,0,0,0,0,0,0.0226353696841807,0,0.00565884242104517,0,0,0,0,0,0,0.00565884242104517,0,0,0,0,0,0.00848826363156775,0,0,0,0,0,0,0,0,0,0,0,0,0,0,0,0,0,0,0,9.74536023592689,4.41563503659934,0,0,0,0,0,0,0,0,0,0,0,0,0,0,0,0,0,0,0,0,0,0,0,0,0,0,0,0,0,0,0.147487795396553,0,0.114460834263097,0,0,0,0,0,0,4.61337977202071,0,0,0,0,0,0,0,0,0.497148377664675,0,0,0,0,0,0,0,0,0,0,0.248286972602325,0,0,0,0,0,0,0.0980785542552974,0,0,0,0,0,0,0,0,0,0,0,0,0,2.67991445972462,0,0,0,0,0,0,0,0,0,0,0,0,0,36.1888988077995,0,0,0,0,2.91806678966894,0,0,0,0.22686222701105,0,0,0,0,0.10165794429572,0,0,0,0,0,0,0,0,0,0,1.64207572157052,0,0.996437267709738,0,0,0,0,0,0,0,0,0,0,0,0,0,0,0,0,0,0,0,0,0,0,0,0,0,0,0,0,0,0,0,0.217401603926528,0,4.29964505993433,0,0,0,0,0,0,0,0,0,0,0,0,0,0,0,0,0,0,8.12082491455944,0,0,0,0,0.318042161130463,0,0,0,0,0,0,0.681811287942048,0,0,0,0,1.04903826286661,0.48074068725193,0,0,0,0,0,0,0,0.0760408298690485,0,0,0,0.0551637733726223,0,0,0,0,0,0,0,0,0,0,0,0.0199847678941631,0,0,0,1.44113570147588,0,0,3.82752317062138,0,1.28389613584194,0,0,0,0,0,0.335441019294504,0,0,0,0,0,0,0,0,0,0,0,0,0,0,0,0,0,0,0,0,0,0,0,2.82372486731918,0,0,0,0,0,0,0,0,0,0,0,0,0,0,0,0,0,0,0,0,0,0,0,0,0,0,0.237060563158285,0,0,0,0,0,0,0,0,0,0,0,0,0,0,0,0,0,0,0,0.109390817412507,0,0,0.0419900181867951,0,0,0.137881090894218,0,0,0,0,0,0,0,0,0.588677210550124,0,0,0,0,0,0,0,0,0,0,0,0,0,0,0,0,0,0,0,0,0,0,0,0,0,0,0,0,0,0,0.00636565439673549,0,0,0,0,0,0,4.73219565691418,0,0,0,36.6731738423815,0,17.9406934017241,0,6.43922968343803,0,0,1252.8677120194,0,0,0,0,0,0,0,0,0,7.74793186785016,1.42391916796261,3.17327869517181,0,0,0,0,0,0,0,0,0,0,0,0,0,0,0,0,0,0,0,11.1541683808934,0,0,0,0,0,0,0,0,0,0,0,0,0,0,0,0,0,0,0,0,0,0,0,0,0,0,0,0,0,0,0,0,2.61156913218046,0.298920570535119,0,0,0,0,2.40039833590801,0.69816223385455,0.699055068880868,0,0,0,2.2525044930718,0,0,0,0,0,0,0,0,0,0,0,0,0,0,0,0,0,0,0.159970915628792,0,0,0,0,0.130974896535922,0,0,0,0,0,0,0,0,0,0,0,0,0,0.414540350803672,0,2.10848468608143,0,0,0,0,0,0,0,0,0,0,0,11.4750317850287,0,0,0,0,0.00787604875298047,0,0,0.0102062881905971,0,0,0,0,0.500216719175536,1.18887880580907,0,0,0,0,0,0,0,0,0,0,0,0,0,0,0,0,0,0,0,0,0,0,0,0,0.336525479189918,0,0,0,0,0,0,0,0,0,0,0,0,0,0,0,0,0,0,0,11.7155627780316,0,0,0,0,0,0,0,6.48956400646798,0,0,0,0,0,0,0,0,0,0,0,0,0,0,0,0,0,0,0,0,0,0,0.521264493262339,0,0,0,0,0,0,0,0,0,0,0,0,0,0,0,0,0,0,0,0.0602100833599206,0,0,0,0,0,0.103229947316931,0,0.138752552627059,0,0,0,0,0,0,7.14652919702253,0,0,0,0,0,1.52368066935888,0,0,0,0,35.83860065,38.6701007,35.48860063,30.6972005,38.80030069,37.51220068,42.38160073,44.25980078,42.45740078,47.27040085,27.27060047,"PAL-00300"
"430",4976,"nSPC",2012,"PRIAs","Pacific Remote Island Areas","Palmyra","Palmyra",2012,"ForereefMid","Palmyra","2012-05-14","Forereef","Mid",5.86659804,-162.1093181,9.65,30,10,12.5,27.5,10,10,0,0,NA,0.455,0.334939883198255,1.4,2,1,42.0697072344086,23.3725966796106,23.2530393648535,16.371322720367,105.06666599924,14.0322568583142,0,0,0,0,0,0,0,0,0,0,0,0,0,0,0.00282942121052258,0,0.0565884242104517,0,0,0,0,0,0,0,0,0,0,0,0,0,0,0,0,0,0,0,0,0,0,0,0,0,0,0,0,0,0,0,0,0,0,0,0,0,0,0,0.00565884242104517,0,0,0,0,0,0,0,0,0,0,0,0,0,0,0,0,0,0,0,0.00282942121052258,0,0,0,0,0,0,0,0,0,0,0,0,0,0,0,0,0,0,0,0,0.00565884242104517,0,0,0,0,0,0,0,0,0,0,0,0,0,0,0,0,0,0,0.00565884242104517,0,0,0,0.0311236333157484,0,0,0,0,0,0,0,0,0,0,0,0,0,0,0,0.0169765272631355,0,0,0,0,0,0,0,0.00565884242104517,0,0,0,0,0,0,0,0,0,0,0,0,0,0,0,0,0,0,0,0,0,0,0,0,0,0,0,0.198059484736581,0,0,0,0,0,0,0,0.00565884242104517,0,0.00282942121052258,0,0,0,0,0,0,0,0,0.0141471060526129,0,0,0,0,0.00848826363156775,0.00282942121052258,0,0,0,0,0,9.90297423682904,0,0,0,0,0.0141471060526129,0,0,0,0,0,0,0,0,0.0141471060526129,0,0,0,0.0707355302630646,0,0,0,0,0,0,0,0,0,0,0,0.00565884242104517,0,0,0,0.0113176848420903,0,0,0.00565884242104517,0,0,0,0,0,0,0,0,0,0,0,0,0,0,0,0,0,0,0,0,0,0,0,0,0,0,0,0,0,0,0,0.00848826363156775,0,0,0,0,0,0,0,0,0,0,0,0,0,0,0,0,0,0,0,0,0,0,0,0,0,0,0.0198059484736581,0,0,0,0,0,0,0,0,0,0,0,0,0,0,0,0,0,0,0,0.00282942121052258,0,0,0,0,0,0.0565884242104517,0,0,0,0,0,0,0,0,0.00565884242104517,0,0,0,0,0,0,0,0,0,0,0,0,0,0,0,0,0,0,0,0,0,0,0,0,0.00848826363156775,0,0,0,0,0,0,0,0,0,0,0,0,1.27323954473516,0,0.00282942121052258,0,0.0169765272631355,0,0,0,0,0,0,0,0,0,0,0,0,0.0141471060526129,0,0,0,0,0.00848826363156775,0,0,0,0,0,0,0,0,0,0,0,0,0,0,0,0,0,0,0,0,0,0,0,0,0,0,0,0,0,0,0,0,0,0,0,0,0,0,0,0,0,0,0,0,0,0,0,0,0,0,0,0,0,0.0113176848420903,0.0650766878420194,0,0,0,0,0.0141471060526129,0.0198059484736581,0.00282942121052258,0,0.00848826363156775,0,0.0254647908947033,0,0,0,0,0,0,0,0,0,0.00282942121052258,0,0,0,0,0,0,0,0,0.0763943726841098,0,0,0,0,0.110347427210381,0,0,0,0,0,0,0,0,0,0,0,0,0,0.00848826363156775,0,0,0,0,0,0,0,0,0,0,0,0,0,2.4050080289442,0,0,0,0,0,0.00282942121052258,0,0.00565884242104517,0,0,0,0,0.0820532151051549,3.11236333157484,0,0,0,0,0,0,0,0,0,0,0,0,0,0,0,0,0,0,0,0,0,0,0,0,0,0,0,0,0,0,0,0,0,0,0,0,0,0,0,0,0,0,0.00565884242104517,0,0,0,0,0,0,0,0,0.00282942121052258,0,0,0,0,0,0.00282942121052258,0,0,0,0,0,0,0,0,0,0,0,0,0,0,0,0,0,0.0792237938946324,0,0.00282942121052258,0,0,0,0,0,0,0.00565884242104517,0,0,0,0,0,0,0,0,0,0,0,0,0,0,0,0,0,0,0.0367824757367936,0,0,0,0,0,0,0.00848826363156775,0,0,0,0,0,0.00282942121052258,0,0,0,0,0,0,0,0,0,0,0,0,0,0,0,0,0,0,0.396443357995113,0,4.41282582555782,0,0,0,0,0,0,0,0,0,0,0,0,0,0,0,0,0,0,0,0,0,0,0,0,0,0,0,0,0,0,0,0,0,0,0,0,0,0,0,1.77564289256039,0,0,0,0,0,0,0,0,0,0,0,0,0,0,0,0,0,0,0,0.312297147030625,0,0,0,0,0,0,0,0,0,0,0,0,0,0,0,0,0,0,0,0,1.73508052453711,0,0,0,0,0,0,0,0,0,0,0,0,0,0,0,0,0,0,3.76613772501057,0,0,0,0.149029476135397,0,0,0,0,0,0,0,0,0,0,0,0,0,0,0,1.66291143278002,0,0,0,0,0,0,0,0.399942920496372,0,0,0,0,0,0,0,0,0,0,0,0,0,0,0,0,0,0,0,0,0,0,0,0,0,0,0,0.289733297841755,0,0,0,0,0,0,0,0.54947018315172,0,0.0670823293058165,0,0,0,0,0,0,0,0,6.41463225770265,0,0,0,0,0.728073930970376,0.148036035653076,0,0,0,0,0,12.8405359260178,0,0,0,0,0.125164080700292,0,0,0,0,0,0,0,0,0.029310940847141,0,0,0,0.177578111677304,0,0,0,0,0,0,0,0,0,0,0,0.28777448953771,0,0,0,0.830930921769796,0,0,0.618247717794073,0,0,0,0,0,0,0,0,0,0,0,0,0,0,0,0,0,0,0,0,0,0,0,0,0,0,0,0,0,0,0,1.09510586641993,0,0,0,0,0,0,0,0,0,0,0,0,0,0,0,0,0,0,0,0,0,0,0,0,0,0,0.733689244520444,0,0,0,0,0,0,0,0,0,0,0,0,0,0,0,0,0,0,0,0.236265071445519,0,0,0,0,0,0.486422210943958,0,0,0,0,0,0,0,0,1.05591283332341,0,0,0,0,0,0,0,0,0,0,0,0,0,0,0,0,0,0,0,0,0,0,0,0,0.0314950917503884,0,0,0,0,0,0,0,0,0,0,0,0,1.77321666387237,0,2.64816005849891,0,27.0647374356543,0,0,0,0,0,0,0,0,0,0,0,0,0.223602084714573,0,0,0,0,2.07065362841758,0,0,0,0,0,0,0,0,0,0,0,0,0,0,0,0,0,0,0,0,0,0,0,0,0,0,0,0,0,0,0,0,0,0,0,0,0,0,0,0,0,0,0,0,0,0,0,0,0,0,0,0,0,1.54310436389451,0.461273360287981,0,0,0,0,0.215561152576389,0.153837698593423,0.543613952039408,0,2.47081130782162,0,1.52488814553099,0,0,0,0,0,0,0,0,0,0.0323698521090901,0,0,0,0,0,0,0,0,0.21043338984671,0,0,0,0,0.337330015743824,0,0,0,0,0,0,0,0,0,0,0,0,0,0.0120347856865846,0,0,0,0,0,0,0,0,0,0,0,0,0,2.48413137838586,0,0,0,0,0,2.59515488610274,0,0.00893050216677243,0,0,0,0,0.424651695308894,5.83474724861851,0,0,0,0,0,0,0,0,0,0,0,0,0,0,0,0,0,0,0,0,0,0,0,0,0,0,0,0,0,0,0,0,0,0,0,0,0,0,0,0,0,0,2.89789551195918,0,0,0,0,0,0,0,0,1.32678122467858,0,0,0,0,0,1.65786733943665,0,0,0,0,0,0,0,0,0,0,0,0,0,0,0,0,0,0.565073467192263,0,0.0130332984874623,0,0,0,0,0,0,0.506525248644721,0,0,0,0,0,0,0,0,0,0,0,0,0,0,0,0,0,0,0.536210970101282,0,0,0,0,0,0,2.69600052280061,0,0,0,0,0,0.878262966591325,0,0,0,0,35.55640065,38.15790069,35.09560062,29.79870049,38.53380069,37.26310067,42.22180073,43.20570076,41.79620076,46.49930083,26.79590046,"PAL-00229"
"431",4978,"nSPC",2012,"PRIAs","Pacific Remote Island Areas","Palmyra","Palmyra",2012,"ForereefShallow","Palmyra","2012-05-14","Forereef","Shallow",5.86694296,-162.10191755,5.15,35,5,15,25,19,1,0,0,NA,0.3175,0.242672202850289,0.9,2,1,3.00160313053684,8.10543065983835,16.4220768581742,10.7352498715827,38.2643605201321,8.79783603568002,0,0,0,0,0,0,0,0,0,0,0,0,0,0,0,0,0.0424413181578388,0,0,0,0,0,0,0,0,0,0,0,0,0,0,0,0,0,0,0,0,0,0,0,0,0.00565884242104517,0,0,0,0,0,0,0,0,0,0,0,0,0,0,0,0,0,0,0,0,0,0,0,0,0,0,0,0,0,0,0,0,0,0,0,0,0,0,0,0,0,0,0,0,0,0,0,0,0,0,0,0,0,0,0,0.00282942121052258,0,0,0,0,0,0,0,0,0,0,0,0,0,0,0,0,0,0,0,0,0,0,0.0311236333157484,0,0,0,0,0,0,0,0,0,0,0,0,0,0,0,0.0113176848420903,0,0,0,0,0,0,0,0,0,0,0,0,0,0,0,0,0,0.00282942121052258,0,0,0,0,0,0,0,0,0,0,0,0,0,0,0,0,0.00848826363156775,0,0,0,0,0,0,0,0,0,0,0,0,0,0,0,0,0,0,0,0.0169765272631355,0,0,0,0,0.0113176848420903,0,0,0,0,0,0,3.11236333157484,0,0,0,0,0,0,0,0,0,0,0,0,0,0.0198059484736581,0,0,0,0.0792237938946324,0,0,0,0,0,0,0,0,0,0,0,0,0,0,0,0,0,0,0.0113176848420903,0.00848826363156775,0,0,0,0,0,0,0,0,0,0,0,0,0,0,0,0,0,0,0,0,0,0,0,0,0,0,0,0,0,0.00282942121052258,0,0,0,0,0,0,0,0,0,0,0,0,0,0,0,0,0,0,0,0,0,0,0,0,0,0,0,0.0198059484736581,0,0,0,0,0,0,0,0,0,0,0,0,0,0,0,0,0,0,0,0.00282942121052258,0,0,0,0,0,0,0,0,0,0,0,0,0,0,0,0,0,0,0,0,0,0,0,0,0,0,0,0,0,0,0,0,0,0,0,0,0,0,0,0.0113176848420903,0,0,0,0,0,0,0,0,0,0,0,0,0,0,0,0,0,0,0,0,0,0,0,0,0,0,0,0,0,0.0113176848420903,0,0,0,0.0367824757367936,0.0141471060526129,0,0,0,0,0,0,0,0,0,0,0,0,0,0,0,0,0,0,0,0,0,0,0,0,0,0,0,0,0,0,0,0,0,0,0,0,0,0,0,0,0,0,0,0,0,0,0,0,0,0,0,0,0,0.0113176848420903,0.0226353696841807,0,0,0,0,0,0,0.00282942121052258,0,0.00848826363156775,0,0.00282942121052258,0,0,0,0,0,0,0,0,0,0,0,0,0,0,0,0,0,0,0.229183118052329,0,0,0,0.033953054526271,0.0848826363156775,0,0,0,0,0,0.0452707393683613,0,0,0,0.00282942121052258,0,0,0,0,0,0,0,0,0,0,0,0,0,0,0,0,0,0,0,0,0,0,0,0,0,0.0169765272631355,0,0,0,0,0,0,0,0,0,0,0,0,0,0,0,0,0,0,0,0,0,0,0,0,0,0,0,0,0,0.0113176848420903,0,0,0,0,0,0,0,0,0,0,0,0,0,0,0,0,0,0,0.00565884242104517,0,0,0,0,0,0,0,0,0,0,0,0,0,0,0,0,0,0,0,0,0,0,0,0,0,0,0,0,0,0,0,0,0.0565884242104517,0,0.0169765272631355,0.00848826363156775,0,0,0.0311236333157484,0,0,0,0,0,0,0,0,0,0,0,0,0,0.0594178454209743,0,0,0,0,0,0,0.00282942121052258,0.16410643021031,0,0,0,0,0,0,0.00565884242104517,0,0,0,0,0,0,0,0,0,0,0,0,0,0,0,0,0,0,0,0,0,0,0,0,0,0,3.74900769460433,0,0,0,0,0,0,0,0,0,0,0,0,0,0,0,0,0,0,0,0,0,0,0,0,0.246227551424517,0,0,0,0,0,0,0,0,0,0,0,0,0,0,0,0,0,0,0,0,0,0,0,0,0,0,0,0,0,0,0,0,0,0,0,0,0,0,0,0,0,0,0,0,0,0,0,0,0,0,0,0,0,0,0,1.04538924694603,0,0,0,0,0,0,0,0,0,0,0,0,0,0,0,0,0,0,0,0,0,0,0.149526287818833,0,0,0,0,0,0,0,0,0,0,0,0,0,0,0,0.802188319527016,0,0,0,0,0,0,0,0,0,0,0,0,0,0,0,0,0,0.205065823910012,0,0,0,0,0,0,0,0,0,0,0,0,0,0,0,0,0.670595034464746,0,0,0,0,0,0,0,0,0,0,0,0,0,0,0,0,0,0,0,4.03838770888399,0,0,0,0,2.35489454478883,0,0,0,0,0,0,3.69375280191302,0,0,0,0,0,0,0,0,0,0,0,0,0,0.00896838135415641,0,0,0,0.181100734804951,0,0,0,0,0,0,0,0,0,0,0,0,0,0,0,0,0,0,1.06769265114267,0.0213310593071966,0,0,0,0,0,0,0,0,0,0,0,0,0,0,0,0,0,0,0,0,0,0,0,0,0,0,0,0,0,0.34424964275262,0,0,0,0,0,0,0,0,0,0,0,0,0,0,0,0,0,0,0,0,0,0,0,0,0,0,0,0.855388146056212,0,0,0,0,0,0,0,0,0,0,0,0,0,0,0,0,0,0,0,0.436945891658084,0,0,0,0,0,0,0,0,0,0,0,0,0,0,0,0,0,0,0,0,0,0,0,0,0,0,0,0,0,0,0,0,0,0,0,0,0,0,0,0.0508995202082263,0,0,0,0,0,0,0,0,0,0,0,0,0,0,0,0,0,0,0,0,0,0,0,0,0,0,0,0,0,0.108987890318725,0,0,0,4.10769957424377,1.64859985465331,0,0,0,0,0,0,0,0,0,0,0,0,0,0,0,0,0,0,0,0,0,0,0,0,0,0,0,0,0,0,0,0,0,0,0,0,0,0,0,0,0,0,0,0,0,0,0,0,0,0,0,0,0,1.07864380915029,0.199654632511615,0,0,0,0,0,0,0.27065604470659,0,0.144650369019641,0,0.204600587358282,0,0,0,0,0,0,0,0,0,0,0,0,0,0,0,0,0,0,0.803113874949165,0,0,0,0.0866510260655007,0.328450530193908,0,0,0,0,0,0.126002879864057,0,0,0,0.00276763937735624,0,0,0,0,0,0,0,0,0,0,0,0,0,0,0,0,0,0,0,0,0,0,0,0,0,0.0181445123388392,0,0,0,0,0,0,0,0,0,0,0,0,0,0,0,0,0,0,0,0,0,0,0,0,0,0,0,0,0,1.14047649076669,0,0,0,0,0,0,0,0,0,0,0,0,0,0,0,0,0,0,3.71405907985,0,0,0,0,0,0,0,0,0,0,0,0,0,0,0,0,0,0,0,0,0,0,0,0,0,0,0,0,0,0,0,0,0.485233048116904,0,0.0717393907218624,0.126022743427865,0,0,0.0697238687540716,0,0,0,0,0,0,0,0,0,0,0,0,0,0.232238892959694,0,0,0,0,0,0,0.891622207792292,1.97714521702594,0,0,0,0,0,0,0.505865314400322,0,0,0,0,0,0,0,0,0,0,0,0,0,0,0,0,0,0,0,0,0,"PAL-00277"
"432",4979,"nSPC",2012,"PRIAs","Pacific Remote Island Areas","Palmyra","Palmyra",2012,"ForereefDeep","Palmyra","2012-05-14","Forereef","Deep",5.88339068,-162.14011455,22.15,25,5.5,10,17.5,32,10,0,0,NA,0.66625,0.343578411297357,1.45,2,1,28.6316483863046,6.26270985940758,24.6210680123484,17.6459019388779,77.1613281969385,11.5769706301489,0,0,0,0,0,0,0,0,0,0,0,0,0,0,0,0,0.0254647908947033,0,0,0,0,0,0,0,0,0,0,0,0,0,0,0,0,0,0,0,0,0,0,0,0,0,0,0,0,0,0,0,0,0,0.00565884242104517,0,0,0,0,0,0,0,0,0,0,0,0,0,0,0.00565884242104517,0,0,0,0,0,0,0,0,0,0,0.00565884242104517,0,0,0,0,0,0,0.00565884242104517,0,0,0,0,0,0,0,0,0,0,0,0,0,0,0,0,0,0,0,0,0,0,0,0,0,0,0,0,0,0,0,0,0.0113176848420903,0,0,0,0.0282942121052258,0,0,0,0,0,0,0,0,0,0,0,0,0,0,0,0.00565884242104517,0,0.113176848420903,0,0,0,0,0,0,0,0,0,0,0,0,0,0,0,0,0,0,0,0,0,0,0,0,0,0,0,0,0,0,0,0.0113176848420903,0,0.792237938946324,0,0,0,0,0,0,0,0.00565884242104517,0,0,0,0.0113176848420903,0,0,0,0,0,0,0.0254647908947033,0,0,0,0,0,0,0,0,0,0,0,0.282942121052258,0,0,0,0,0.447048551262568,0,0,0,0,0,0,0,0,0,0,0,0,0.0141471060526129,0,0,0,0,0,0,0,0,0,0,0,0,0,0,0,0.0481001605788839,0,0,0.0396118969473162,0,0,0,0,0,0,0,0,0,0,0,0,0,0,0,0,0,0,0,0,0,0,0,0,0,0,0,0,0,0,0,0.00565884242104517,0,0,0,0,0,0,0,0,0,0,0,0,0,0,0,0,0,0,0,0,0,0,0,0,0,0,0.0198059484736581,0,0,0,0,0,0,0,0,0,0,0,0,0,0,0,0,0,0,0,0.00282942121052258,0,0,0,0,0,0.0198059484736581,0,0,0,0,0,0,0,0,0.00282942121052258,0,0,0,0,0,0,0,0,0,0,0,0,0,0,0,0,0,0,0,0,0,0,0,0,0.00848826363156775,0,0,0,0.00282942121052258,0,0,0,0,0,0,0,0,0,0,0,0,0.00565884242104517,0,0.00565884242104517,0,0,0,0,0,0,0,0,0,0,0,0,0,0,0,0.00565884242104517,0,0,0,0,0,0.0141471060526129,0,0,0,0,0,0.00848826363156775,0,0,0,0,0,0,0,0,0,0,0,0.00565884242104517,0,0,0,0,0,0,0,0,0,0,0,0,0,0,0,0,0,0,0,0,0,0,0,0,0,0,0,0,0,0.00282942121052258,0.0226353696841807,0,0,0,0,0,0.00282942121052258,0.00282942121052258,0,0.00565884242104517,0,0.00282942121052258,0,0,0,0,0,0,0,0,0,0,0,0,0,0,0,0,0,0,0.00565884242104517,0,0,0,0,0.0198059484736581,0,0,0,0,0,0,0,0,0,0,0,0,0,0.0565884242104517,0,0.00282942121052258,0,0,0,0,0,0,0,0,0,0,0,0,0,0,0,0,0,0,0,0.00565884242104517,0,0,0,0,0.0282942121052258,0.254647908947033,0,0,0,0,0,0,0,0,0,0,0,0,0,0,0,0,0,0,0,0,0,0,0,0,0.00565884242104517,0.00282942121052258,0,0,0,0,0,0,0,0.00565884242104517,0,0,0,0,0,0,0,0.00565884242104517,0.00565884242104517,0,0.00282942121052258,0,0,0,0,0,0,0,0,0,0,0,0,0,0,0,0,0,0,0,0,0,0,0,0,0,0,0,0,0,0,0.0113176848420903,0,0,0,0,0,0,0,0,0,0,0,0.00848826363156775,0,0,0,0,0,0,0,0,0,0,0,0,0,0.00565884242104517,0,0,0,0,0,0,0,0,0.00282942121052258,0,0,0,0,0,0,0,0,0,0,0,0,0,0,0,0,0,0,0,0,0,0,0,0,0,0,2.01368180207707,0,0,0,0,0,0,0,0,0,0,0,0,0,0,0,0,0,0,0,0,0,0,0,0,0,0,0,0,0,0,0,0,0,0.225722452969739,0,0,0,0,0,0,0,0,0,0,0,0,0,0,0.329490906017824,0,0,0,0,0,0,0,0,0,0,0.949279445308405,0,0,0,0,0,0,0.357119270056591,0,0,0,0,0,0,0,0,0,0,0,0,0,0,0,0,0,0,0,0,0,0,0,0,0,0,0,0,0,0,0,0,10.4732616109818,0,0,0,0.148447455724079,0,0,0,0,0,0,0,0,0,0,0,0,0,0,0,0.332759733172894,0,0.0510993470620379,0,0,0,0,0,0,0,0,0,0,0,0,0,0,0,0,0,0,0,0,0,0,0,0,0,0,0,0,0,0,0,0.434803207853057,0,2.99588171918005,0,0,0,0,0,0,0,0.79881527712458,0,0,0,0.238647719817715,0,0,0,0,0,0,4.66280941756932,0,0,0,0,0,0,0,0,0,0,0,0.332145755903246,0,0,0,0,1.3635430788179,0,0,0,0,0,0,0,0,0,0,0,0,0.029340199630071,0,0,0,0,0,0,0,0,0,0,0,0,0,0,0,2.60261327678026,0,0,3.84907337272452,0,0,0,0,0,0,0,0,0,0,0,0,0,0,0,0,0,0,0,0,0,0,0,0,0,0,0,0,0,0,0,0.494864872770184,0,0,0,0,0,0,0,0,0,0,0,0,0,0,0,0,0,0,0,0,0,0,0,0,0,0,0.550052597539901,0,0,0,0,0,0,0,0,0,0,0,0,0,0,0,0,0,0,0,0.236265071445519,0,0,0,0,0,0.117522556458145,0,0,0,0,0,0,0,0,0.448075914104109,0,0,0,0,0,0,0,0,0,0,0,0,0,0,0,0,0,0,0,0,0,0,0,0,0.0138156106873841,0,0,0,0.00133124451352279,0,0,0,0,0,0,0,0,0,0,0,0,11.3161798058415,0,7.66110545816811,0,0,0,0,0,0,0,0,0,0,0,0,0,0,0,0.624594294061249,0,0,0,0,0,1.17194772610886,0,0,0,0,0,0.80880627127219,0,0,0,0,0,0,0,0,0,0,0,3.64814929390491,0,0,0,0,0,0,0,0,0,0,0,0,0,0,0,0,0,0,0,0,0,0,0,0,0,0,0,0,0,0.581447841297754,0.248141082460943,0,0,0,0,0,0.39109720231686,0.221217541251428,0,0.425048253823355,0,0.13689078274066,0,0,0,0,0,0,0,0,0,0,0,0,0,0,0,0,0,0,0.0475401455972619,0,0,0,0,0.0574660435383712,0,0,0,0,0,0,0,0,0,0,0,0,0,0.0451467589469396,0,0.38366612084141,0,0,0,0,0,0,0,0,0,0,0,0,0,0,0,0,0,0,0,0.0118128335539318,0,0,0,0,0.221756971148616,0.666086928225218,0,0,0,0,0,0,0,0,0,0,0,0,0,0,0,0,0,0,0,0,0,0,0,0,0.673050958379836,0.239738431508817,0,0,0,0,0,0,0,1.05933530121966,0,0,0,0,0,0,0,1.2893038061293,2.45475684047166,0,3.17010056597863,0,0,0,0,0,0,0,0,0,0,0,0,0,0,0,0,0,0,0,0,0,0,0,0,0,0,0,0,0,0,0.11391447365337,0,0,0,0,0,0,0,0,0,0,0,0.0142832136439542,0,0,0,0,0,0,0,0,0,0,0,0,0,0.112595683121359,0,0,0,0,0,0,0,0,5.31568465144233,0,0,0,0,0,0,0,0,0,0,39.96980069,48.39820087,54.70040096,47.53380082,43.76230079,37.42550069,43.15240074,49.83240085,39.89950074,56.91000105,32.63340055,"PAL-00314"
"433",4980,"nSPC",2012,"PRIAs","Pacific Remote Island Areas","Palmyra","Palmyra",2012,"ForereefMid","Palmyra","2012-05-14","Forereef","Mid",5.88333008,-162.13146644,12.15,10,0,27.5,30,27.5,5,0,0,NA,0.64,0.305719075965334,1.4,2,1,27.4868341767724,3.76877617756545,37.7646588522382,8.739711591812,77.7599807983881,5.85090630203598,0,0,0,0,0,0,0,0,0,0,0,0,0,0,0,0,0.0452707393683613,0,0,0,0,0,0,0,0,0,0,0,0,0,0,0,0,0,0,0,0,0,0,0,0,0,0,0,0,0,0,0,0,0,0,0,0,0,0,0,0.00848826363156775,0,0,0,0,0,0,0,0,0,0,0,0,0,0,0,0,0,0,0,0.00282942121052258,0,0,0,0,0,0,0.00282942121052258,0,0,0,0,0,0,0,0,0,0,0,0,0,0,0,0,0,0,0,0,0,0,0,0,0,0,0,0,0,0,0,0,0.00565884242104517,0,0,0,0.0707355302630646,0,0,0,0,0,0,0,0,0,0,0,0,0,0,0,0,0,0,0,0,0,0,0,0,0,0,0,0,0,0,0,0,0,0.00282942121052258,0,0,0,0,0,0,0,0,0,0,0,0,0,0,0,0.00282942121052258,0.00282942121052258,0.209377169578671,0,0,0,0,0,0,0,0,0,0,0,0,0,0,0,0,0,0,0.0254647908947033,0,0,0,0,0.0113176848420903,0,0,0,0,0,0,0.155618166578742,0,0,0,0,0.0509295817894065,0,0,0,0,0,0,0,0,0,0,0,0,0.0198059484736581,0,0,0,0,0,0,0,0,0,0,0,0.00282942121052258,0,0,0,0,0.00565884242104517,0,0,0,0.1754241150524,0,0,0,0,0,0,0,0,0,0,0,0,0,0,0,0,0,0,0,0,0,0,0,0,0,0,0,0,0,0.00565884242104517,0,0,0,0,0,0.00282942121052258,0,0,0,0,0,0,0,0,0,0,0,0,0,0,0,0,0,0,0,0,0.0141471060526129,0,0,0,0,0,0,0,0,0,0,0,0,0,0,0,0,0,0,0,0.00565884242104517,0,0,0,0,0,0.00565884242104517,0,0,0,0,0,0,0,0,0.00565884242104517,0,0,0,0,0,0,0,0,0,0,0,0,0,0,0,0,0,0,0,0,0,0,0,0.00282942121052258,0,0,0,0,0.00282942121052258,0,0,0,0,0,0,0,0,0,0,0,0,0.0113176848420903,0.00282942121052258,0.00282942121052258,0,0,0,0,0,0,0,0,0,0,0,0,0,0,0.00565884242104517,0,0,0,0,0,0,0,0,0,0,0,0,0,0,0,0,0,0,0,0,0,0,0,0,0.00848826363156775,0,0,0,0,0,0,0,0,0,0,0,0,0,0,0,0,0,0,0,0,0,0,0,0,0,0,0,0,0,0.00282942121052258,0.00565884242104517,0,0,0,0,0,0,0,0,0.00848826363156775,0,0,0,0,0,0,0,0,0,0,0,0,0,0,0,0,0,0,0,0,0.0424413181578388,0,0,0,0,0.0311236333157484,0,0,0,0,0,0,0,0,0,0,0,0,0,0.00848826363156775,0,0,0,0,0,0,0,0,0,0,0,0,0,0,0,0,0,0,0,0,0,0.0169765272631355,0,0,0,0,0.0113176848420903,0,0,0,0,0,0,0,0,0,0,0,0,0,0,0,0,0,0,0,0,0,0,0,0,0,0,0,0,0,0,0,0,0,0,0,0,0,0,0,0,0,0,0,0,0,0,0,0,0,0,0,0,0,0,0,0,0,0,0,0,0,0,0,0,0,0,0,0,0,0,0,0,0,0,0,0,0.0226353696841807,0,0,0,0,0,0,0,0,0,0,0,0.00282942121052258,0,0,0,0,0,0,0,0,0,0,0,0,0,0,0,0.0396118969473162,0,0,0,0,0,0,0,0,0,0,0,0,0,0,0,0,0,0,0,0,0,0,0,0,0,0,0,0,0,0,0,0,0,4.16143517666294,0,0,0,0,0,0,0,0,0,0,0,0,0,0,0,0,0,0,0,0,0,0,0,0,0,0,0,0,0,0,0,0,0,0,0,0,0,0,0,3.50565287983748,0,0,0,0,0,0,0,0,0,0,0,0,0,0,0,0,0,0,0,0.248286972602325,0,0,0,0,0,0,0.124690269762281,0,0,0,0,0,0,0,0,0,0,0,0,0,0,0,0,0,0,0,0,0,0,0,0,0,0,0,0,0,0,0,0,2.92375956238053,0,0,0,0.647457013863022,0,0,0,0,0,0,0,0,0,0,0,0,0,0,0,0,0,0,0,0,0,0,0,0,0,0,0,0,0,0,0,0,0,0.163447599353649,0,0,0,0,0,0,0,0,0,0,0,0,0,0,0,0.108700801963264,0.179111292414106,0.670715429722863,0,0,0,0,0,0,0,0,0,0,0,0,0,0,0,0,0,0,5.85090630203598,0,0,0,0,1.77338122742778,0,0,0,0,0,0,0.256226725982504,0,0,0,0,0.197265865157551,0,0,0,0,0,0,0,0,0,0,0,0,0.180738487727437,0,0,0,0,0,0,0,0,0,0,0,0.481885799917128,0,0,0,0,0.0342273740175307,0,0,0,19.9467088948763,0,0,0,0,0,0,0,0,0,0,0,0,0,0,0,0,0,0,0,0,0,0,0,0,0,0,0,0,0,0.42264539534314,0,0,0,0,0,7.61926702543628,0,0,0,0,0,0,0,0,0,0,0,0,0,0,0,0,0,0,0,0,0.277175007564289,0,0,0,0,0,0,0,0,0,0,0,0,0,0,0,0,0,0,0,0.274081182807351,0,0,0,0,0,0.00940782552498759,0,0,0,0,0,0,0,0,0.563566380248857,0,0,0,0,0,0,0,0,0,0,0,0,0,0,0,0,0,0,0,0,0,0,0,0.0174192156537166,0,0,0,0,0.0027012170491327,0,0,0,0,0,0,0,0,0,0,0,0,12.9292982437496,0.335629376542124,1.35608073118569,0,0,0,0,0,0,0,0,0,0,0,0,0,0,2.6389207445563,0,0,0,0,0,0,0,0,0,0,0,0,0,0,0,0,0,0,0,0,0,0,0,0,6.8150189188422,0,0,0,0,0,0,0,0,0,0,0,0,0,0,0,0,0,0,0,0,0,0,0,0,0,0,0,0,0,0.508856465368495,0.0620352706152356,0,0,0,0,0,0,0,0,1.4688930393113,0,0,0,0,0,0,0,0,0,0,0,0,0,0,0,0,0,0,0,0,0.22563253916576,0,0,0,0,0.145953720209524,0,0,0,0,0,0,0,0,0,0,0,0,0,0.00564741214622815,0,0,0,0,0,0,0,0,0,0,0,0,0,0,0,0,0,0,0,0,0,0.0454557835155295,0,0,0,0,0.135595672819319,0,0,0,0,0,0,0,0,0,0,0,0,0,0,0,0,0,0,0,0,0,0,0,0,0,0,0,0,0,0,0,0,0,0,0,0,0,0,0,0,0,0,0,0,0,0,0,0,0,0,0,0,0,0,0,0,0,0,0,0,0,0,0,0,0,0,0,0,0,0,0,0,0,0,0,0,0.12112339947818,0,0,0,0,0,0,0,0,0,0,0,0.00704328473463467,0,0,0,0,0,0,0,0,0,0,0,0,0,0,0,0.317935270815517,0,0,0,0,0,0,0,0,0,0,0,0,0,0,0,0,0,29.02870052,29.60230053,26.64510047,26.16060043,29.99960054,25.09010049,28.69010051,35.45320061,27.6016005,33.54740061,21.45390037,"PAL-00261"
"434",4981,"nSPC",2012,"PRIAs","Pacific Remote Island Areas","Palmyra","Palmyra",2012,"ForereefDeep","Palmyra","2012-05-14","Forereef","Deep",5.88786838,-162.1403433,24,15,10,7.5,27.5,27.5,12.5,0,0,NA,0.34375,0.228889145446862,0.85,2,1,7.32866501595456,6.79775665600734,18.5234430370101,22.8094090197946,55.4592737287665,7.44323615326629,0,0,0,0,0,0,0,0,0,0,0,0,0,0,0,0,0.0254647908947033,0,0,0,0,0,0,0,0,0.00565884242104517,0,0,0,0,0,0,0,0,0,0,0,0,0,0,0,0,0,0,0,0,0,0,0,0,0.00282942121052258,0,0,0,0,0,0.00565884242104517,0,0,0,0,0,0,0,0,0,0,0,0,0,0,0,0,0,0,0,0.00848826363156775,0,0,0,0,0,0,0,0,0,0,0,0,0,0,0,0,0,0,0,0,0,0,0,0,0,0,0,0,0,0,0,0,0,0,0,0,0,0,0,0.00282942121052258,0,0,0,0.0481001605788839,0,0,0,0,0.00282942121052258,0,0,0,0,0,0,0,0,0,0,0.00848826363156775,0,0,0,0,0,0,0,0,0,0,0,0,0,0,0,0,0,0,0,0,0,0,0,0,0,0,0,0,0,0,0,0,0,0.00565884242104517,0,0.551737136051904,0,0,0,0,0,0,0,0.00565884242104517,0,0,0,0.00565884242104517,0,0,0,0,0,0,0.0141471060526129,0,0,0,0,0.00848826363156775,0,0,0,0,0,0.00565884242104517,0.565884242104517,0,0,0,0,0.169765272631355,0.0820532151051549,0,0,0,0,0,0.0396118969473162,0,0.0113176848420903,0,0,0,0.0113176848420903,0,0,0,0,0,0,0,0,0,0,0,0.00282942121052258,0,0,0,0.0594178454209743,0.00282942121052258,0,0.0254647908947033,0,0.0169765272631355,0,0,0,0,0,0,0,0,0,0,0,0,0,0,0,0,0,0,0,0,0,0,0,0,0,0,0,0,0,0.00565884242104517,0,0,0,0,0,0,0,0,0,0,0,0,0,0,0,0,0,0,0,0,0,0,0,0,0,0,0.00848826363156775,0,0,0,0,0,0,0,0,0,0,0,0,0,0,0,0,0,0,0,0.00565884242104517,0,0,0,0,0,0.0254647908947033,0,0,0,0,0,0,0,0,0,0,0,0,0,0,0,0,0,0,0,0,0,0,0,0,0,0,0,0,0,0,0,0,0.00282942121052258,0.00282942121052258,0,0,0,0.00565884242104517,0,0,0,0,0,0,0,0,0.0282942121052258,0,0,0,0.00282942121052258,0,0.00848826363156775,0,0,0,0,0,0,0,0,0,0,0,0,0,0,0,0.0113176848420903,0.00565884242104517,0,0,0,0,0,0,0,0,0,0,0.0113176848420903,0,0,0,0,0,0,0,0,0,0,0,0,0,0,0,0,0,0,0,0,0,0,0,0,0,0,0,0,0,0,0,0,0,0,0,0,0,0,0,0,0,0,0.0198059484736581,0,0,0,0,0,0.00848826363156775,0.00282942121052258,0,0.00282942121052258,0,0.00282942121052258,0,0,0,0,0,0,0,0,0,0,0,0,0,0,0,0,0,0,0.0254647908947033,0,0,0,0,0.0311236333157484,0,0,0,0,0,0,0,0,0,0.0169765272631355,0,0,0,0.707355302630646,0,0,0,0,0,0,0,0,0,0,0,0,0,0,0,0,0,0,0,0,0,0.00565884242104517,0,0,0,0.00282942121052258,0.0396118969473162,0.650766878420194,0,0,0,0,0,0,0,0,0,0,0,0,0,0,0,0,0,0,0,0,0,0,0,0,0.00565884242104517,0,0,0,0,0,0,0,0.00282942121052258,0,0,0,0,0,0,0,0,0,0.00282942121052258,0,0,0,0,0,0,0,0,0,0,0,0,0,0,0.00282942121052258,0,0,0,0,0,0,0,0,0,0,0,0,0,0,0,0,0,0.0198059484736581,0,0,0,0,0,0,0,0,0,0,0,0,0,0,0,0,0,0,0,0.00848826363156775,0,0,0,0,0,0.00282942121052258,0,0,0,0,0,0,0,0,0,0,0,0,0,0,0.00848826363156775,0,0,0,0,0,0,0,0,0,0,0,0,0,0,0,0,0,0,0,0,1.74202121413205,0,0,0,0,0,0,0,0,0.237576313131223,0,0,0,0,0,0,0,0,0,0,0,0,0,0,0,0,0,0,0,0,0,0,0,0,0.140374659807052,0,0,0,0,0,0.928403834702723,0,0,0,0,0,0,0,0,0,0,0,0,0,0,0,0,0,0,0,1.47715474582402,0,0,0,0,0,0,0,0,0,0,0,0,0,0,0,0,0,0,0,0,0,0,0,0,0,0,0,0,0,0,0,0,0,0,0,0,0,0,0,2.142852658729,0,0,0,0.355554794468758,0,0,0,0,0.0133986696144496,0,0,0,0,0,0,0,0,0,0,0.530076365868027,0,0,0,0,0,0,0,0,0,0,0,0,0,0,0,0,0,0,0,0,0,0,0,0,0,0,0,0,0,0,0,0,0,0.217401603926528,0,0.928183139848302,0,0,0,0,0,0,0,0.54947018315172,0,0,0,0.119323859908858,0,0,0,0,0,0,3.14143841195709,0,0,0,0,1.21909186974413,0,0,0,0,0,0.43208404578354,0.654801633066399,0,0,0,0,0.412290955319463,0.0843546286303694,0,0,0,0,0,0.0605195263081,0,0.040349886318933,0,0,0,0.103148186306243,0,0,0,0,0,0,0,0,0,0,0,0.67701485310597,0,0,0,3.48885408931928,0.0090164579608467,0,1.64319938129226,0,1.2758250908401,0,0,0,0,0,0,0,0,0,0,0,0,0,0,0,0,0,0,0,0,0,0,0,0,0,0,0,0,0,0.652972817325759,0,0,0,0,0,0,0,0,0,0,0,0,0,0,0,0,0,0,0,0,0,0,0,0,0,0,0.520514339622483,0,0,0,0,0,0,0,0,0,0,0,0,0,0,0,0,0,0,0,1.45798447692106,0,0,0,0,0,0.120796479740841,0,0,0,0,0,0,0,0,0,0,0,0,0,0,0,0,0,0,0,0,0,0,0,0,0,0,0,0,0,0,0,0,0.0174192156537166,0.0200421460218674,0,0,0,0.009631040498073,0,0,0,0,0,0,0,0,0.0173658556217034,0,0,0,3.10149640633296,0,6.32383833276825,0,0,0,0,0,0,0,0,0,0,0,0,0,0,0,2.34301525601568,2.66038575461976,0,0,0,0,0,0,0,0,0,0,1.98017784041723,0,0,0,0,0,0,0,0,0,0,0,0,0,0,0,0,0,0,0,0,0,0,0,0,0,0,0,0,0,0,0,0,0,0,0,0,0,0,0,0,0,0,0.279686312380726,0,0,0,0,0,0.234738548004994,0.39109720231686,0,1.04859980178363,0,0.0668672709653461,0,0,0,0,0,0,0,0,0,0,0,0,0,0,0,0,0,0,0.0936408930606167,0,0,0,0,0.120738169632752,0,0,0,0,0,0,0,0,0,0.0166058362641374,0,0,0,0.620200039000634,0,0,0,0,0,0,0,0,0,0,0,0,0,0,0,0,0,0,0,0,0,0.0118128335539318,0,0,0,0.564738524380488,0.264237488578189,1.78486880769193,0,0,0,0,0,0,0,0,0,0,0,0,0,0,0,0,0,0,0,0,0,0,0,0,0.568439603250855,0,0,0,0,0,0,0,1.71981349420903,0,0,0,0,0,0,0,0,0,1.1617565495922,0,0,0,0,0,0,0,0,0,0,0,0,0,0,3.140041191717,0,0,0,0,0,0,0,0,0,0,0,0,0,0,0,0,0,0.106173743794116,0,0,0,0,0,0,0,0,0,0,0,0,0,0,0,0,0,0,0,0.017417916971977,0,0,0,0,0,0.049477837269103,0,0,0,0,0,0,0,0,0,0,0,0,0,0,1.34890064372321,0,0,0,0,30.08140054,30.88810055,28.87240051,26.91120045,31.59670057,26.35100051,31.49380056,38.78090067,28.58260052,35.02880064,22.36720039,"PAL-00309"
"435",4982,"nSPC",2012,"PRIAs","Pacific Remote Island Areas","Palmyra","Palmyra",2012,"ForereefMid","Palmyra","2012-05-14","Forereef","Mid",5.86721931,-162.11833158,9.9,17.5,0,15,35,32.5,0,0,0,NA,0.76375,0.620028913478488,2.6,2,1,22.705507734202,11.9909865697337,64.7290246600693,36.0168921020844,135.442411066089,45.2997374469044,0,0,0,0,0,0,0,0,0,0,0,0,0,0.00282942121052258,0.00565884242104517,0,0.0905414787367227,0,0,0.0424413181578388,0,0,0,0,0,0,0,0.00282942121052258,0,0,0,0,0,0,0,0,0,0,0,0,0,0,0,0,0,0,0,0,0,0,0.00282942121052258,0,0,0,0,0,0.00282942121052258,0,0,0,0,0,0,0,0,0,0,0,0,0,0,0,0,0,0,0,0.00282942121052258,0,0,0,0,0,0,0,0,0,0,0,0,0,0,0,0,0,0,0,0,0.00282942121052258,0,0,0,0,0,0,0,0,0,0,0,0,0,0,0,0,0,0,0.00848826363156775,0,0,0,0.0622472666314969,0,0,0,0,0,0,0,0,0,0,0,0,0,0,0,0.00565884242104517,0,0.0424413181578388,0,0,0,0,0,0,0,0,0,0,0,0,0,0,0,0,0,0,0,0,0,0,0,0,0,0,0,0,0,0,0,0.00565884242104517,0,1.10347427210381,0,0,0,0,0,0,0,0,0,0,0,0,0,0,0,0,0,0,0.0877120575262001,0,0,0,0,0.0198059484736581,0.00282942121052258,0,0,0,0,0,0.622472666314968,0,0,0,0,0.00565884242104517,0,0,0,0,0,0,0,0,0,0,0,0,0.116006269631426,0,0,0,0,0,0,0,0,0,0,0,0.00282942121052258,0,0,0,0.0396118969473162,0,0,0.0198059484736581,0,0.0282942121052258,0,0,0,0,0,0,0,0,0,0,0,0,0,0,0,0,0,0,0,0,0,0,0,0,0,0,0,0,0,0.0113176848420903,0,0,0,0,0,0,0,0,0,0,0.00282942121052258,0,0,0,0,0,0,0,0,0,0,0,0,0,0,0,0.0226353696841807,0,0,0,0,0,0,0,0,0,0,0,0,0,0,0,0,0,0,0,0.00282942121052258,0,0,0,0,0,0.00848826363156775,0,0,0,0,0,0,0,0,0.00848826363156775,0,0,0,0,0,0,0,0,0,0,0,0,0,0,0,0,0,0,0,0,0,0,0,0.00282942121052258,0.0113176848420903,0,0,0,0.00565884242104517,0,0,0,0,0,0,0,0,0,0,0.00282942121052258,0,0.00848826363156775,0.00565884242104517,0.00565884242104517,0,0,0,0,0,0,0,0,0,0,0,0,0,0,0,0,0,0,0,0,0,0,0,0,0,0,0,0,0,0,0,0,0,0,0,0,0,0,0,0,0,0,0,0,0,0,0,0,0,0,0,0,0,0,0,0,0,0,0,0,0,0,0,0,0,0,0,0,0,0.00565884242104517,0.0198059484736581,0.0311236333157484,0,0,0,0,0,0.00282942121052258,0,0.0141471060526129,0,0,0,0,0,0,0,0,0,0,0,0,0,0,0,0,0,0,0,0,0.0226353696841807,0,0,0,0,0.0226353696841807,0,0,0,0,0,0,0,0,0,0,0,0,0,0,0,0,0,0,0,0,0,0,0,0,0,0,0,0,0,0,0,0,0.00282942121052258,0,0,0.00848826363156775,0,0,0,0,0.033953054526271,3.11236333157484,0,0,0,0,0,0,0,0,0,0,0,0,0,0,0,0,0,0,0,0,0,0,0,0,0,0,0,0,0,0,0,0,0,0,0,0,0,0,0,0,0,0,0,0,0.00282942121052258,0.00565884242104517,0,0,0.00565884242104517,0,0,0,0.00848826363156775,0,0,0,0,0,0,0,0,0,0,0,0,0,0,0,0,0,0,0,0,0,0,0.0565884242104517,0,0,0,0,0,0,0,0,0,0,0,0,0,0,0,0,0,0,0,0,0,0,0,0,0,0.00565884242104517,0.0367824757367936,0.0820532151051549,0,0,0,0,0,0,0,0,0,0,0,0,0.00565884242104517,0,0,0,0,0,0,0,0,0,0,0,0,0,0,0,0,0,0.335669217512441,0.792886715990225,0,8.41755666937716,0,0,1.03597083078878,0,0,0,0,0,0,0,0.741874347534383,0,0,0,0,0,0,0,0,0,0,0,0,0,0,0,0,0,0,0,0,0,0,0.0718718258212105,0,0,0,0,0,0.802140913183153,0,0,0,0,0,0,0,0,0,0,0,0,0,0,0,0,0,0,0,0.474639722654202,0,0,0,0,0,0,0,0,0,0,0,0,0,0,0,0,0,0,0,0,0.455427689599493,0,0,0,0,0,0,0,0,0,0,0,0,0,0,0,0,0,0,3.74273193770301,0,0,0,0.569983049755616,0,0,0,0,0,0,0,0,0,0,0,0,0,0,0,0.740051392637983,0,0.0295646222287505,0,0,0,0,0,0,0,0,0,0,0,0,0,0,0,0,0,0,0,0,0,0,0,0,0,0,0,0,0,0,0,0.358222584828211,0,3.75799198107673,0,0,0,0,0,0,0,0,0,0,0,0,0,0,0,0,0,0,22.5632697912214,0,0,0,0,3.12753477437726,0.116722873863301,0,0,0,0,0,1.08841609242141,0,0,0,0,0.0301974388132075,0,0,0,0,0,0,0,0,0,0,0,0,1.0978436915617,0,0,0,0,0,0,0,0,0,0,0,0.54205598843798,0,0,0,1.18104095263034,0,0,2.57781435845955,0,2.39432563321034,0,0,0,0,0,0,0,0,0,0,0,0,0,0,0,0,0,0,0,0,0,0,0,0,0,0,0,0,0,3.08598045559197,0,0,0,0,0,0,0,0,0,0,0.906094476643551,0,0,0,0,0,0,0,0,0,0,0,0,0,0,0,0.547851273804945,0,0,0,0,0,0,0,0,0,0,0,0,0,0,0,0,0,0,0,0.646446744692352,0,0,0,0,0,0.0223153621452706,0,0,0,0,0,0,0,0,1.74967814293779,0,0,0,0,0,0,0,0,0,0,0,0,0,0,0,0,0,0,0,0,0,0,0,0.0243290750675526,0.0522256323500984,0,0,0,0.009631040498073,0,0,0,0,0,0,0,0,0,0,1.12885538616125,0,14.5575675707644,1.09483545102815,1.99944084817531,0,0,0,0,0,0,0,0,0,0,0,0,0,0,0,0,0,0,0,0,0,0,0,0,0,0,0,0,0,0,0,0,0,0,0,0,0,0,0,0,0,0,0,0,0,0,0,0,0,0,0,0,0,0,0,0,0,0,0,0,0,0,0,0,0,0,0,0,0,0.557410012402153,0.331221428131927,8.28747957935468,0,0,0,0,0,0.27065604470659,0,4.00902659971873,0,0,0,0,0,0,0,0,0,0,0,0,0,0,0,0,0,0,0,0,0.130133512717111,0,0,0,0,0.0896807305448517,0,0,0,0,0,0,0,0,0,0,0,0,0,0,0,0,0,0,0,0,0,0,0,0,0,0,0,0,0,0,0,0,0.00746800454751827,0,0,0.0220191217445289,0,0,0,0,0.222886090760255,7.0848164351936,0,0,0,0,0,0,0,0,0,0,0,0,0,0,0,0,0,0,0,0,0,0,0,0,0,0,0,0,0,0,0,0,0,0,0,0,0,0,0,0,0,0,0,0,3.17010056597863,0.6066165898512,0,0,1.33807290235308,0,0,0,17.1662499079006,0,0,0,0,0,0,0,0,0,0,0,0,0,0,0,0,0,0,0,0,0,0,0.284321746344369,0,0,0,0,0,0,0,0,0,0,0,0,0,0,0,0,0,0,0,0,0,0,0,0,0,0.20585788080347,6.97117098568794,1.14993931016513,0,0,0,0,0,0,0,0,0,0,0,0,0.666227061634587,0,0,0,0,34.05890062,36.35040066,33.7984006,28.54230047,36.93740067,36.41550066,41.68630071,41.70500073,39.45450073,43.92990078,25.39050044,"PAL-00251"
"436",4983,"nSPC",2012,"PRIAs","Pacific Remote Island Areas","Palmyra","Palmyra",2012,"ForereefShallow","Palmyra","2012-05-14","Forereef","Shallow",5.86990227,-162.12034072,5.95,7.5,0,1,37.5,53.5,0,0,0.5,NA,0.3785,0.346034791904935,2,2,1,8.81321425608154,3.55484072864813,22.1338094403605,5.58522634068813,40.0870907657783,3.87453669981407,0,0,0,0,0,0,0,0,0,0,0,0,0.00565884242104517,0,0,0,0,0.0113176848420903,0,0.0169765272631355,0,0,0,0,0,0,0.0509295817894065,0,0,0,0,0,0,0,0,0,0,0,0,0,0,0,0,0,0,0,0,0,0,0,0,0,0,0,0,0,0,0,0,0,0,0,0,0,0,0,0,0,0,0,0,0,0,0,0,0,0,0,0,0,0,0,0,0,0,0,0,0,0,0,0,0,0,0,0,0,0,0,0,0,0,0,0,0,0,0,0,0,0,0,0,0,0,0,0,0,0.0113176848420903,0,0,0,0.0367824757367936,0,0,0,0,0,0,0,0,0,0,0,0,0,0,0,0,0,1.13176848420903,0,0,0,0,0,0,0,0,0,0,0,0,0,0,0,0,0,0,0,0,0,0,0,0,0,0,0,0,0,0,0,0,0,0.113176848420903,0,0,0,0,0,0,0,0,0,0,0,0,0,0,0.0169765272631355,0,0,0,0.0198059484736581,0,0,0,0,0.00565884242104517,0,0,0,0,0,0,0.565884242104517,0,0,0,0,0,0,0,0,0,0,0,0.0848826363156775,0,0.00282942121052258,0.00282942121052258,0,0,0.0735649514735872,0,0,0,0,0,0,0,0,0,0,0,0.00282942121052258,0,0,0,0,0.00282942121052258,0,0.124494533262994,0,0.0509295817894065,0,0,0,0,0,0,0,0,0,0,0,0,0,0,0,0,0,0,0,0,0,0,0,0,0,0,0,0.00565884242104517,0.00282942121052258,0.00282942121052258,0,0,0,0,0,0,0,0,0,0,0,0,0,0,0,0,0,0,0,0,0,0,0,0,0,0,0.0113176848420903,0,0,0,0,0,0,0,0,0,0,0,0,0,0,0,0,0,0,0,0.00282942121052258,0,0,0,0,0,0,0,0,0,0,0,0,0,0,0,0,0,0,0,0,0,0,0,0,0,0,0,0,0,0,0,0,0,0,0,0,0,0,0,0.00282942121052258,0,0,0,0.00282942121052258,0,0,0,0,0,0,0,0,0,0,0,0,0,0,0,0,0,0,0,0,0,0,0,0,0,0,0,0,0,0,0,0,0,0,0,0,0,0,0,0,0,0,0,0,0,0,0,0,0,0,0,0,0,0,0,0,0,0,0,0,0.00282942121052258,0,0,0,0,0,0,0,0,0,0,0,0,0,0,0,0,0,0,0,0,0,0,0,0.00565884242104517,0.0198059484736581,0,0,0,0,0.0113176848420903,0.00565884242104517,0.0113176848420903,0,0.0226353696841807,0,0.00565884242104517,0,0,0,0.00565884242104517,0,0,0,0,0,0,0,0,0,0,0,0,0,0,0.00848826363156775,0,0,0,0.00565884242104517,0.0226353696841807,0,0,0,0,0,0,0,0,0,0,0,0,0,0.00282942121052258,0,0,0,0,0,0,0,0,0,0,0,0,0,0,0,0,0,0,0,0,0,0,0,0,0,0,0,0,0,0,0,0,0,0,0,0,0,0,0,0,0,0,0,0,0,0,0,0,0,0,0,0,0,0,0,0,0,0,0,0,0,0,0,0,0,0,0,0,0,0,0,0,0,0,0,0,0,0,0,0,0,0,0,0,0,0,0,0,0,0,0,0,0,0,0,0,0,0,0,0,0,0,0,0.0481001605788839,0,0.00282942121052258,0,0,0,0,0,0,0,0,0,0.00848826363156775,0,0,0,0,0,0,0,0.110347427210381,0,0,0,0,0,0,0,0.16410643021031,0,0,0,0,0,0,0,0,0,0,0,0,0,0,0,0,0,0,0,0,0,0,0,0,0,0,0,0,0,0.199879437090574,0,0,0,0,0.23944176614632,0,0.162298134026796,0,0,0,0,0,0,1.10108577565719,0,0,0,0,0,0,0,0,0,0,0,0,0,0,0,0,0,0,0,0,0,0,0,0,0,0,0,0,0,0,0,0,0,0,0,0,0,0,0,0,0,0,0,0,0,0,0,0,0,0,0,0,0,0,0,0,0,0,0,0,0,0,0,0,0,0,0,0,0,0,0,0,0,0,0,0,0,0,0,0,0,0,0,0,0,0,0,0,0,3.4628366029747,0,0,0,0.232784479555848,0,0,0,0,0,0,0,0,0,0,0,0,0,0,0,0,0,1.32858302361298,0,0,0,0,0,0,0,0,0,0,0,0,0,0,0,0,0,0,0,0,0,0,0,0,0,0,0,0,0,0,0,0,0,0.132858302361298,0,0,0,0,0,0,0,0,0,0,0,0,0,0,0.402148305077555,0,0,0,3.85039040381754,0,0,0,0,0.988698383883912,0,0,0,0,0,0,1.37968237067502,0,0,0,0,0,0,0,0,0,0,0,0.338279242061233,0,0.0058621881694282,0.133027501749688,0,0,0.264486030605023,0,0,0,0,0,0,0,0,0,0,0,0.179862911047468,0,0,0,0,0.0090164579608467,0,7.16082821737061,0,5.34071419737248,0,0,0,0,0,0,0,0,0,0,0,0,0,0,0,0,0,0,0,0,0,0,0,0,0,0,0,0.259868914075995,2.75226056769039,0.49949091960579,0,0,0,0,0,0,0,0,0,0,0,0,0,0,0,0,0,0,0,0,0,0,0,0,0,0,0.185377591652734,0,0,0,0,0,0,0,0,0,0,0,0,0,0,0,0,0,0,0,0.164690365394844,0,0,0,0,0,0,0,0,0,0,0,0,0,0,0,0,0,0,0,0,0,0,0,0,0,0,0,0,0,0,0,0,0,0,0,0,0,0,0,0.0136985311808475,0,0,0,0.00785111761276115,0,0,0,0,0,0,0,0,0,0,0,0,0,0,0,0,0,0,0,0,0,0,0,0,0,0,0,0,0,0,0,0,0,0,0,0,0,0,0,0,0,0,0,0,0,0,0,0,0,0,0,0,0,0,0,0,0,0,0,0,3.26004304406704,0,0,0,0,0,0,0,0,0,0,0,0,0,0,0,0,0,0,0,0,0,0,0,1.02540694754055,0.156454669404868,0,0,0,0,0.493432950819391,0.0749213433291565,0.74448692965136,0,0.268257628751951,0,0.414227034271192,0,0,0,0.0241462959965301,0,0,0,0,0,0,0,0,0,0,0,0,0,0,0.0308516681862522,0,0,0,0.0263273595345241,0.0428434576889378,0,0,0,0,0,0,0,0,0,0,0,0,0,0.00188247071540938,0,0,0,0,0,0,0,0,0,0,0,0,0,0,0,0,0,0,0,0,0,0,0,0,0,0,0,0,0,0,0,0,0,0,0,0,0,0,0,0,0,0,0,0,0,0,0,0,0,0,0,0,0,0,0,0,0,0,0,0,0,0,0,0,0,0,0,0,0,0,0,0,0,0,0,0,0,0,0,0,0,0,0,0,0,0,0,0,0,0,0,0,0,0,0,0,0,0,0,0,0,0,0,0.267565346489801,0,0.0327232402026283,0,0,0,0,0,0,0,0,0,0.021129854203904,0,0,0,0,0,0,0,0.34083207901955,0,0,0,0,0,0,0,2.06555670747538,0,0,0,0,0,0,0,0,0,0,0,0,0,0,0,0,0,0,0,0,0,0,0,0,0,0,0,0,"PAL-00273"
"437",4984,"nSPC",2012,"PRIAs","Pacific Remote Island Areas","Palmyra","Palmyra",2012,"ForereefDeep","Palmyra","2012-05-14","Forereef","Deep",5.86992776,-162.13066094,21.95,30,3.5,20,27.5,18,1,0,0,NA,0.5375,0.289316129160734,1.15,2,1,87.7447157622625,46.0590608939319,61.0940467442437,33.5622539984055,228.460077398844,46.4457566839306,0,0,0,0,0,0,0,0,0,0,0,0,0,0,0,0.00565884242104517,0.067906109052542,0,0,0,0,0,0,0,0,0.0169765272631355,0,0,0,0,0.0113176848420903,0,0,0,0,0,0,0,0,0,0,0,0,0,0,0,0,0,0,0,0.00282942121052258,0,0,0,0,0,0.00282942121052258,0,0,0,0,0,0,0,0,0,0,0,0,0,0,0,0,0,0,0,0.00565884242104517,0.00282942121052258,0,0,0,0,0,0,0,0,0,0,0,0,0,0,0,0,0,0,0,0,0,0,0,0,0,0,0,0,0,0,0,0,0,0.226353696841807,0,0,0,0,0.0169765272631355,0,0,0,0.0282942121052258,0,0,0,0,0.00282942121052258,0,0,0,0,0,0,0,0,0,0,0,0,0,0,0,0,0,0,0,0,0,0,0,0,0,0,0,0,0,0,0,0,0,0,0,0,0,0,0,0,0,0,0,0,0.0113176848420903,0.0226353696841807,2.29183118052329,0.00282942121052258,0,0,0,0,0,0,0.00848826363156775,0,0,0,0.00848826363156775,0,0,0,0,0,0,0.0282942121052258,0,0,0,0,0.00848826363156775,0.0113176848420903,0,0,0,0,0,0.820532151051549,0,0,0,0,0.834679257104162,0.00565884242104517,0,0,0,0,0,0.0565884242104517,0,0,0,0,0,0.0452707393683613,0,0,0,0,0,0,0,0,0,0,0,0.00282942121052258,0,0,0,0.0877120575262001,0,0,0.0113176848420903,0.0141471060526129,0,0,0,0,0,0,0,0,0,0,0,0,0,0,0,0,0,0,0,0,0,0,0,0,0,0,0,0,0,0,0.00848826363156775,0,0,0,0,0,0.00282942121052258,0,0,0,0,0,0,0,0,0,0,0.00282942121052258,0,0,0,0,0,0,0,0,0,0.00848826363156775,0,0,0,0,0,0,0,0,0,0,0,0,0,0,0,0,0,0,0,0.00565884242104517,0,0,0,0,0,0.0254647908947033,0,0,0,0,0,0,0,0,0,0,0,0,0,0,0,0,0,0,0,0,0,0,0,0,0,0,0,0,0,0,0,0,0,0.00848826363156775,0,0,0,0.0113176848420903,0,0,0,0,0,0,0,0,0,0,0.00282942121052258,0,0.0452707393683613,0,0.00565884242104517,0,0,0,0,0,0,0,0,0,0,0,0,0,0,0.0169765272631355,0.0141471060526129,0.00848826363156775,0,0,0,0,0,0,0,0,0,0,0,0,0,0,0,0,0,0,0,0,0,0,0,0,0,0,0,0,0,0,0,0,0,0,0,0,0,0,0,0,0,0,0,0,0,0,0,0,0,0,0,0,0.00565884242104517,0.00565884242104517,0,0,0,0,0,0.0169765272631355,0,0,0.00282942121052258,0,0,0,0,0,0.0113176848420903,0,0,0,0,0,0,0,0,0,0,0,0,0,0,0.0254647908947033,0,0,0,0,0.104688584789336,0,0,0,0,0,0,0,0,0,0,0,0,0,0.00565884242104517,0,0.00282942121052258,0,0,0,0,0,0,0,0,0,0,0,0,0,0,0,0,0,0,0,0.0198059484736581,0,0,0,0,0.033953054526271,0.792237938946324,0,0,0,0,0,0,0,0,0,0,0,0,0,0,0,0,0,0,0,0,0,0,0,0,0,0,0,0,0,0,0,0,0,0,0,0,0,0,0,0,0,0.00282942121052258,0.00282942121052258,0,0.00565884242104517,0,0,0,0.00282942121052258,0,0,0.00848826363156775,0.00565884242104517,0,0.00565884242104517,0,0,0.00282942121052258,0,0,0,0,0,0,0,0,0,0,0,0,0,0,0,0,0,0,0,0,0,0,0,0,0,0,0,0,0,0,0,0,0,0,0,0,0,0,0,0,0,0,0,0,0,0,0,0,0,0,0,0,0,0,0,0,0,0,0.00565884242104517,0,0,0,0,0,0,0,0,0,0,0,0,0,0,0,0,0,0,0,1.48352759726844,4.80123941216839,0,0,0,0,0,0,0,0,1.06389859174799,0,0,0,0,2.86804281004622,0,0,0,0,0,0,0,0,0,0,0,0,0,0,0,0,0,0,0,0.0913787044729163,0,0,0,0,0,0.973501979377242,0,0,0,0,0,0,0,0,0,0,0,0,0,0,0,0,0,0,0,0.298614070940315,5.88448465363552,0,0,0,0,0,0,0,0,0,0,0,0,0,0,0,0,0,0,0,0,0,0,0,0,0,0,0,0,0,0,0,0,0,29.2376165080306,0,0,0,0,4.91884471530459,0,0,0,0.189098157817977,0,0,0,0,0.0133986696144496,0,0,0,0,0,0,0,0,0,0,0,0,0,0,0,0,0,0,0,0,0,0,0,0,0,0,0,0,0,0,0,0,0,0,0,0,0,0,0,0,0,0,0,0,0.49939026578024,1.6994126537577,5.3763813015987,5.9360479971955,0,0,0,0,0,0,0.824205274727579,0,0,0,0.223162515214268,0,0,0,0,0,0,12.5169529991224,0,0,0,0,2.60276256447201,0.665012579557416,0,0,0,0,0,1.08476613905983,0,0,0,0,1.49956029916009,0.00216195911408838,0,0,0,0,0,0.0216195911408838,0,0,0,0,0,0.0974512070383735,0,0,0,0,0,0,0,0,0,0,0,0.179862911047468,0,0,0,5.51648493206532,0,0,1.2086798345997,0.0179772221826214,0,0,0,0,0,0,0,0,0,0,0,0,0,0,0,0,0,0,0,0,0,0,0,0,0,0,0,0,0,0,2.0435593992469,0,0,0,0,0,2.36351479429653,0,0,0,0,0,0,0,0,0,0,0.119366207318922,0,0,0,0,0,0,0,0,0,0.792656586825816,0,0,0,0,0,0,0,0,0,0,0,0,0,0,0,0,0,0,0,0.371406399969705,0,0,0,0,0,0.0781978457636968,0,0,0,0,0,0,0,0,0,0,0,0,0,0,0,0,0,0,0,0,0,0,0,0,0,0,0,0,0,0,0,0,0,0.0197135084492618,0,0,0,0.0108048681965308,0,0,0,0,0,0,0,0,0,0,3.2812232342919,0,75.8079062288281,0,4.28749999942464,0,0,0,0,0,0,0,0,0,0,0,0,0,0,4.14130725683516,2.80396062482625,6.49347959784454,0,0,0,0,0,0,0,0,0,0,0,0,0,0,0,0,0,0,0,0,0,0,0,0,0,0,0,0,0,0,0,0,0,0,0,0,0,0,0,0,0,0,0,0,0,0,0,0,0,0,0,0,0.0955778484914529,0.0252445508156762,0,0,0,0,0,0.304146961672641,0,0,1.04859980178363,0,0,0,0,0,0.59127451759107,0,0,0,0,0,0,0,0,0,0,0,0,0,0,0.128572481497268,0,0,0,0,0.453892147026595,0,0,0,0,0,0,0,0,0,0,0,0,0,0.00376494143081877,0,1.07954415927369,0,0,0,0,0,0,0,0,0,0,0,0,0,0,0,0,0,0,0,0.0298155918901238,0,0,0,0,0.215553635619516,2.14445670854524,0,0,0,0,0,0,0,0,0,0,0,0,0,0,0,0,0,0,0,0,0,0,0,0,0,0,0,0,0,0,0,0,0,0,0,0,0,0,0,0,0,3.68607574548902,3.54571933311287,0,3.7837308460334,0,0,0,2.00173628265083,0,0,5.31638608897773,4.87455313216055,0,2.99047442696408,0,0,1.2028053146332,0,0,0,0,0,0,0,0,0,0,0,0,0,0,0,0,0,0,0,0,0,0,0,0,0,0,0,0,0,0,0,0,0,0,0,0,0,0,0,0,0,0,0,0,0,0,0,0,0,0,0,0,0,0,0,0,0,0,0.528018213807278,0,0,0,0,40.3318007,49.21970088,55.62320098,47.74040082,43.97000079,38.6912007,43.87580075,50.19940086,40.47460075,57.82280107,32.83110056,"PAL-00298"
"438",4997,"nSPC",2012,"PRIAs","Pacific Remote Island Areas","Palmyra","Palmyra",2012,"ForereefDeep","Palmyra","2012-05-15","Forereef","Deep",5.86122675,-162.0174801,21.1,32.5,5,5,20,37.5,0,0,0,NA,0.3875,0.230509317521068,0.8,2,1,30.8453981280391,42.8377232236696,42.9194812008016,35.0706391523083,151.673241704819,34.1600252553334,0,0,0,0,0,0,0,0,0,0,0,0,0,0.00282942121052258,0,0.00565884242104517,0.0198059484736581,0,0,0,0,0,0,0,0,0.0509295817894065,0,0,0,0,0,0,0,0,0,0,0,0,0,0,0,0,0,0,0,0,0,0,0,0,0,0,0,0,0,0,0.00565884242104517,0,0,0,0,0,0,0,0,0.00282942121052258,0,0,0,0,0,0,0,0,0,0,0.00848826363156775,0,0,0,0,0,0,0.00282942121052258,0,0,0,0,0,0,0,0,0,0,0,0,0,0,0,0,0,0,0,0,0,0,0,0,0,0,0,0,0,0,0,0,0.00848826363156775,0,0,0,0.0481001605788839,0,0,0,0,0,0,0,0,0,0,0,0,0,0,0,0,0,0.424413181578388,0,0,0,0,0,0.00565884242104517,0,0,0,0,0,0,0,0,0,0,0,0,0.00282942121052258,0,0,0,0,0,0,0,0,0,0,0,0,0.00565884242104517,0,0.226353696841807,0.0141471060526129,0,0.00565884242104517,0,0,0,0,0.00565884242104517,0,0,0,0,0,0,0,0,0.00282942121052258,0,0.0282942121052258,0,0,0,0,0.00282942121052258,0,0,0,0,0.00565884242104517,0,0,0,0,0,0,0.495148711841452,0,0,0,0,0,0,0.0848826363156775,0,0,0,0,0,0.0141471060526129,0,0,0,0,0,0,0,0,0,0,0,0,0,0,0,0,0,0.00282942121052258,0.0113176848420903,0,0.0226353696841807,0,0,0,0,0,0,0,0,0,0,0,0,0,0,0,0,0,0,0,0,0,0,0,0,0,0,0,0,0,0.00565884242104517,0,0,0,0,0.00282942121052258,0,0,0,0,0,0,0.00282942121052258,0,0,0,0,0,0,0,0,0,0,0,0,0,0,0.0169765272631355,0,0.00282942121052258,0,0,0,0,0,0,0,0,0,0,0,0,0,0,0,0,0,0,0,0,0,0,0,0.0198059484736581,0,0,0,0,0,0,0,0,0,0,0,0,0,0,0,0,0,0,0,0,0,0,0,0,0,0,0,0,0,0,0,0,0,0.0113176848420903,0,0,0,0.0141471060526129,0,0,0,0,0,0,0,0,0,0,0,0,0.0113176848420903,0,0.00565884242104517,0,0.00282942121052258,0,0,0,0,0,0,0,0,0,0,0,0,0,0.0113176848420903,0.0113176848420903,0,0,0,0,0,0,0.0226353696841807,0.0367824757367936,0,0.0141471060526129,0,0,0,0,0,0,0,0,0,0.00848826363156775,0,0.0169765272631355,0,0,0,0,0,0,0,0,0,0,0,0,0,0,0,0,0,0,0,0,0,0,0,0,0,0,0,0,0,0,0.00282942121052258,0.00565884242104517,0,0,0,0,0,0.00565884242104517,0.0141471060526129,0,0.00565884242104517,0,0.00282942121052258,0,0,0,0,0,0,0,0,0,0,0,0.0537590029999291,0,0,0,0,0,0,0.00848826363156775,0,0,0,0,0.00565884242104517,0,0,0,0,0,0,0,0,0,0,0,0,0,0,0,0.00848826363156775,0,0,0,0,0,0,0,0,0,0,0,0,0,0,0,0,0,0,0,0,0,0,0,0.00565884242104517,0.0141471060526129,0.215036011999716,0,0,0,0,0,0,0,0,0,0,0,0,0,0,0,0,0,0,0,0,0,0,0,0,0,0,0,0,0,0,0,0,0.00282942121052258,0,0,0,0,0,0,0,0,0,0.00565884242104517,0,0,0,0,0,0.0141471060526129,0,0,0,0,0,0,0.00282942121052258,0,0.00282942121052258,0,0,0,0,0,0,0,0,0,0,0,0,0,0,0,0,0,0,0,0,0,0,0,0,0,0,0,0,0,0,0,0,0,0,0,0,0,0,0,0,0,0,0,0.00282942121052258,0,0,0,0,0,0,0,0,0,0,0,0,0,0,0,0,0,0,0,0,0,0,0,0,0,0,0,0,0,0,0,0,0.335669217512441,0,0.623489641181177,1.39434463984725,0,0,0,0,0,0,0,0,1.90338107429913,0,0,0,0,0,0,0,0,0,0,0,0,0,0,0,0,0,0,0,0,0,0,0,0,0,0,0,0,0,0,4.10244571924575,0,0,0,0,0,0,0,0,0.204882759234707,0,0,0,0,0,0,0,0,0,0,1.05084519208687,0,0,0,0,0,0,0.155725906230731,0,0,0,0,0,0,0,0,0,0,0,0,0,0,0,0,0,0,0,0,0,0,0,0,0,0,0,0,0,0,0,0,6.54965676253559,0,0,0,0.319295235192544,0,0,0,0,0,0,0,0,0,0,0,0,0,0,0,0,0,0.837664296481264,0,0,0,0,0,0.583555502051457,0,0,0,0,0,0,0,0,0,0,0,0,6.70995700788815,0,0,0,0,0,0,0,0,0,0,0,0,0.217401603926528,0,0.840219263834366,11.1922192132239,0,0.447063356309831,0,0,0,0,0.54947018315172,0,0,0,0,0,0,0,0,0.140994330926856,0,7.72181736241862,0,0,0,0,0.868903692917113,0,0,0,0,0.280319349375582,0,0,0,0,0,0,3.65424117627344,0,0,0,0,0,0,0.338279242061233,0,0,0,0,0,0.0521023207174066,0,0,0,0,0,0,0,0,0,0,0,0,0,0,0,0,0,0.276993760608636,1.63331001440922,0,2.31899361903364,0,0,0,0,0,0,0,0,0,0,0,0,0,0,0,0,0,0,0,0,0,0,0,0,0,0,0,0,0,1.56794650414421,0,0,0,0,0.268969142334369,0,0,0,0,0,0,2.41053586544753,0,0,0,0,0,0,0,0,0,0,0,0,0,0,0.160767135163919,0,0.964122864507823,0,0,0,0,0,0,0,0,0,0,0,0,0,0,0,0,0,0,0,0,0,0,0,0.0766173310754989,0,0,0,0,0,0,0,0,0,0,0,0,0,0,0,0,0,0,0,0,0,0,0,0,0,0,0,0,0,0,0,0,0,0.0397414422485003,0,0,0,0.0303383870501512,0,0,0,0,0,0,0,0,0,0,0,0,11.0236900150496,0,4.12149815685587,0,2.74243714497463,0,0,0,0,0,0,0,0,0,0,0,0,0,2.42874713814706,11.443451253306,0,0,0,0,0,0,2.51167664180521,9.06031348826444,0,2.6869573651055,0,0,0,0,0,0,0,0,0,7.98887991296889,0,10.4917913732149,0,0,0,0,0,0,0,0,0,0,0,0,0,0,0,0,0,0,0,0,0,0,0,0,0,0,0,0,0,0,0.195743433710495,0.0252445508156762,0,0,0,0,0,0.172439480083676,2.4153577001497,0,1.15401528585894,0,0.168410588356291,0,0,0,0,0,0,0,0,0,0,0,4.3215787331583,0,0,0,0,0,0,0.0234114912454401,0,0,0,0,0.0187106995051317,0,0,0,0,0,0,0,0,0,0,0,0,0,0,0,4.64874018065709,0,0,0,0,0,0,0,0,0,0,0,0,0,0,0,0,0,0,0,0,0,0,0,1.35713889495692,0.0460328539852743,0.266208380127272,0,0,0,0,0,0,0,0,0,0,0,0,0,0,0,0,0,0,0,0,0,0,0,0,0,0,0,0,0,0,0,0,2.93933730991427,0,0,0,0,0,0,0,0,0,3.19135322338223,0,0,0,0,0,2.29819737824697,0,0,0,0,0,0,1.70279820479669,0,1.34368286537678,0,0,0,0,0,0,0,0,0,0,0,0,0,0,0,0,0,0,0,0,0,0,0,0,0,0,0,0,0,0,0,0,0,0,0,0,0,0,0,0,0,0,0,0.063117845852256,0,0,0,0,0,0,0,0,0,0,0,0,0,0,0,0,0,0,0,116.1373021,124.8691022,106.3784019,116.767702,133.8346024,160.8371028,133.4550023,121.6726021,156.1860028,137.5541024,150.1810026,"PAL-00307"
"439",4999,"nSPC",2012,"PRIAs","Pacific Remote Island Areas","Palmyra","Palmyra",2012,"ForereefMid","Palmyra","2012-05-15","Forereef","Mid",5.86494731,-162.01528865,9.9,32.5,0,7.5,15,45,0,0,0,NA,0.22075,0.111537388114157,0.55,2,1,1.42289484455592,6.19289817173902,3.91319272936362,9.02053067150062,20.5495164171592,0.4310209884694,0,0,0,0,0,0.00282942121052258,0,0,0,0,0,0,0,0,0,0,0,0.0113176848420903,0,0.0367824757367936,0,0.00282942121052258,0,0,0,0,0,0,0,0,0,0,0,0,0,0,0,0,0,0,0,0,0,0,0,0,0,0,0,0.169765272631355,0,0,0,0,0,0,0,0,0,0,0,0,0,0,0,0.00282942121052258,0,0,0,0,0,0,0,0,0,0,0.00565884242104517,0,0,0,0,0,0,0,0,0,0.00282942121052258,0,0,0,0,0,0,0,0,0,0,0,0,0,0,0,0,0,0,0,0,0,0,0,0,0,0,0,0,0,0.00282942121052258,0,0,0,0.0311236333157484,0,0,0,0,0,0,0,0,0,0,0,0,0,0,0,0,0,0,0,0,0,0,0,0,0,0,0,0,0,0,0,0,0,0,0,0,0,0,0,0,0,0,0,0,0,0,0,0,0,0,0,0,0,0,0,0,0,0,0,0,0,0,0,0,0,0,0.00565884242104517,0,0,0,0.00282942121052258,0,0,0,0,0,0,0,0,0,0,0,1.83912378683968,0,0,0,0,0,0,0,0,0,0,0,0,0,0.0311236333157484,0,0,0,0.0367824757367936,0,0,0,0,0,0,0,0.0113176848420903,0,0,0,0,0,0,0,0,0,0,0,0,0,0,0,0,0,0,0,0,0.0113176848420903,0,0,0,0,0,0,0,0,0,0,0,0,0,0,0,0,0,0,0,0,0,0,0,0,0,0,0,0,0,0,0,0,0,0,0,0,0,0,0,0,0,0,0,0,0,0,0,0,0,0,0,0,0,0,0,0,0,0,0,0,0,0,0,0,0,0,0,0,0,0,0,0,0,0,0.0113176848420903,0,0,0,0,0,0,0,0,0,0,0,0,0,0,0,0,0,0,0,0,0,0,0,0,0,0,0,0,0,0,0,0,0,0.00282942121052258,0,0,0,0,0,0,0,0,0,0,0,0,0,0,0,0,0,0,0,0,0,0,0,0,0,0,0,0,0,0.0282942121052258,0,0,0,0.00282942121052258,0.00565884242104517,0,0,0,0,0,0,0,0,0,0,0,0,0,0,0,0,0,0,0,0,0,0,0,0,0,0,0,0,0,0,0,0,0,0,0,0,0,0,0,0,0,0,0,0,0,0,0,0,0,0,0,0,0,0,0.0622472666314969,0,0,0,0,0,0.00282942121052258,0.00565884242104517,0,0,0,0.00282942121052258,0,0,0,0,0,0,0,0,0,0,0,0,0,0,0,0,0,0,0.0537590029999291,0,0,0,0.033953054526271,0.067906109052542,0,0,0,0,0,0.0282942121052258,0,0,0,0,0,0,0,0,0,0,0,0,0,0,0,0,0,0,0,0,0,0,0,0,0,0.0848826363156775,0,0,0,0,0,0,0,0,0,0.141471060526129,0,0,0,0,0,0,0,0,0,0,0,0,0,0,0,0,0,0.243330224104942,0,0,0,0,0,0,0,0,0,0,0,0,0,0,0,0,0,0,0,0,0,0,0,0,0,0,0,0,0,0,0,0,0,0,0,0,0,0,0,0,0,0,0,0.00565884242104517,0,0,0,0,0,0,0,0,0,0,0,0,0,0.0565884242104517,0,0,0,0,0,0,0,0,0,0.00565884242104517,0,0,0,0,0,0,0,0,0,0.220694854420762,0,0,0,0,0,0,0,0.16410643021031,0,0,0,0,0,0,0,0,0,0,0,0,0,0,0,0,0,0,0,0,0,0,0.412529612494193,0,0,0,0,0,0,0,0,0,0,0,0.0553245365657111,0,1.05645416042798,0,0.646331202060811,0,0,0,0,0,0,0,0,0,0,0,0,0,0,0,0,0,0,0,0,0,0,0,0,0,0,0,0.330369928546276,0,0,0,0,0,0,0,0,0,0,0,0,0,0,0,0.164745453008912,0,0,0,0,0,0,0,0,0,0,1.64181026846223,0,0,0,0,0,0,0,0,0,1.53135446598842,0,0,0,0,0,0,0,0,0,0,0,0,0,0,0,0,0,0,0,0,0,0,0,0,0,0,0,0,0,0.832483521511339,0,0,0,0.113641050559827,0,0,0,0,0,0,0,0,0,0,0,0,0,0,0,0,0,0,0,0,0,0,0,0,0,0,0,0,0,0,0,0,0,0,0,0,0,0,0,0,0,0,0,0,0,0,0,0,0,0,0,0,0,0,0,0,0,0,0,0,0,0,0,0,0,0,0.163500585259839,0,0,0,0.4310209884694,0,0,0,0,0,0,0,0,0,0,0,3.05318598695676,0,0,0,0,0,0,0,0,0,0,0,0,0,0.0982863371461506,0,0,0,0.121230130242374,0,0,0,0,0,0,0,0.151417539405385,0,0,0,0,0,0,0,0,0,0,0,0,0,0,0,0,0,0,0,0,0.00603899024472971,0,0,0,0,0,0,0,0,0,0,0,0,0,0,0,0,0,0,0,0,0,0,0,0,0,0,0,0,0,0,0,0,0,0,0,0,0,0,0,0,0,0,0,0,0,0,0,0,0,0,0,0,0,0,0,0,0,0,0,0,0,0,0,0,0,0,0,0,0,0,0,0,0,0,0.033378964962656,0,0,0,0,0,0,0,0,0,0,0,0,0,0,0,0,0,0,0,0,0,0,0,0,0,0,0,0,0,0,0,0,0,0.00889828028477043,0,0,0,0,0,0,0,0,0,0,0,0,0,0,0,0,0,0,0,0,0,0,0,0,0,0,0,0,0,0.272672736768667,0,0,0,0.690217876139193,0.722926695256528,0,0,0,0,0,0,0,0,0,0,0,0,0,0,0,0,0,0,0,0,0,0,0,0,0,0,0,0,0,0,0,0,0,0,0,0,0,0,0,0,0,0,0,0,0,0,0,0,0,0,0,0,0,0,1.60701847654046,0,0,0,0,0,0.141445360875306,0.448965962169277,0,0,0,0.0668672709653461,0,0,0,0,0,0,0,0,0,0,0,0,0,0,0,0,0,0,0.306246139811641,0,0,0,0.108582043693877,0.207959023468277,0,0,0,0,0,0.11975127581568,0,0,0,0,0,0,0,0,0,0,0,0,0,0,0,0,0,0,0,0,0,0,0,0,0,0.533085017356597,0,0,0,0,0,0,0,0,0,0.356732807025053,0,0,0,0,0,0,0,0,0,0,0,0,0,0,0,0,0,0.549147649760034,0,0,0,0,0,0,0,0,0,0,0,0,0,0,0,0,0,0,0,0,0,0,0,0,0,0,0,0,0,0,0,0,0,0,0,0,0,0,0,0,0,0,0,0.0274638378344054,0,0,0,0,0,0,0,0,0,0,0,0,0,0.233983077471115,0,0,0,0,0,0,0,0,0,0.447668581750094,0,0,0,0,0,0,0,0,0,0.680158905955103,0,0,0,0,0,0,0,2.17662167590475,0,0,0,0,0,0,0,0,0,0,0,0,0,0,0,0,0,95.83710169,95.68130172,88.23300155,91.27480157,102.8055018,122.2069022,105.1727018,90.80890155,111.298902,119.5253021,112.2564019,"PAL-00209"
"440",5000,"nSPC",2012,"PRIAs","Pacific Remote Island Areas","Palmyra","Palmyra",2012,"ForereefDeep","Palmyra","2012-05-15","Forereef","Deep",5.86259108,-162.02715684,21.55,42.5,22.5,2.5,15,17.5,0,0,0,NA,0.685,0.244962326353172,0.9,2,1,66.1613157559356,386.203711159593,28.1991123789497,19.798376027711,500.362515322189,23.7409969171957,0,0,0,0,0,0,0,0,0,0,0,0,0,0,0,0,0.00565884242104517,0,0,0,0,0,0,0,0,0.0424413181578388,0,0,0,0,0,0,0,0,0,0,0,0,0,0,0,0,0,0,0,0,0,0,0,0,0,0,0,0,0,0,0.00848826363156775,0,0,0,0,0,0,0,0,0,0,0,0,0,0,0,0,0,0,0,0.00282942121052258,0,0,0,0,0,0,0.00282942121052258,0,0,0,0,0,0,0,0,0,0,0,0,0,0,0,0,0.00282942121052258,0,0,0,0,0,0,0,0,0,0,0.367824757367936,0,0,0,0,0.00565884242104517,0,0,0,0.0254647908947033,0,0,0,0,0.00848826363156775,0,0,0,0,0,0,0,0,0,0,0.00565884242104517,0,0.113176848420903,0,0,0,0,0,0,0.00565884242104517,0,0,0,0,0,0,0,0,0,0,0,0,0,0,0,0,0,0,0,0,0,0,0,0,0.00565884242104517,0.00565884242104517,2.12206590789194,0.00565884242104517,0,0,0,0,0,0,0.00848826363156775,0,0,0,0,0,0,0,0,0.00565884242104517,0,0.00848826363156775,0,0,0,0,0,0,0,0,0,0,0,0,0,0,0,0,0.735649514735872,0,0,0,0,0,0,0,0,0,0,0,0,0,0,0,0,0,0,0,0,0,0,0,0,0,0,0,0,0.0198059484736581,0,0.00282942121052258,0,0,0.0141471060526129,0,0,0,0,0,0,0,0,0,0,0,0,0,0,0,0,0,0,0,0,0,0,0,0,0,0,0,0,0,0.00848826363156775,0,0,0,0,0,0.00565884242104517,0,0,0,0,0,0,0,0,0,0,0,0,0,0,0,0,0,0,0,0,0.0282942121052258,0,0.00848826363156775,0,0,0,0,0,0,0,0,0,0,0,0,0,0,0,0,0,0.00282942121052258,0,0,0,0,0,0.0141471060526129,0,0,0,0,0,0,0,0,0,0,0,0,0,0,0,0,0,0,0,0,0,0,0,0,0,0,0,0,0,0,0,0,0,0.00848826363156775,0,0,0,0.00848826363156775,0,0.00282942121052258,0,0,0,0,0.00282942121052258,0,0,0,0,0,0.0113176848420903,0.00565884242104517,0,0,0,0,0,0,0,0,0,0,0,0,0,0,0,0,0.00848826363156775,0,0,0,0,0,0,0,0,0.00848826363156775,0,0.00848826363156775,0,0,0,0,0,0,0,0.0198059484736581,0,0,0,0.0905414787367227,0,0,0,0,0,0,0,0.00282942121052258,0,0,0,0,0,0,0,0,0,0,0,0,0,0,0,0,0,0,0,0,0,0,0.00282942121052258,0.00565884242104517,0,0,0,0,0,0.00282942121052258,0.00282942121052258,0,0.00848826363156775,0,0.00565884242104517,0,0,0,0,0,0,0,0,0,0,0,0.0311236333157484,0,0,0,0,0,0,0.0113176848420903,0,0,0,0,0.0509295817894065,0,0,0,0,0,0,0,0,0,0,0,0,0,0,0,0.00282942121052258,0,0,0,0,0,0,0,0,0,0,0,0.282942121052258,0,0,0,0,0,0.00282942121052258,0,0.00848826363156775,0,0,0,0.00848826363156775,0.0169765272631355,2.75868568025952,0,0,0,0,0,0,0,0,0,0,0,0.481001605788839,0,0,0,0,0,0,0,0,0,0,0,0,0,0,0,0,0,0,0,0,0,0,0,0,0,0,0,0,0,0,0,0,0,0,0,0,0.00565884242104517,0,0,0,0,0,0,0,0,0,0,0,0,0,0,0,0,0,0,0,0,0,0,0,0,0,0,0,0,0,0,0,0,0,0,0,0,0,0,0,0,0,0,0,0,0,0,0,0,0,0,0,0,0.00565884242104517,0,0,0,0,0,0,0,0,0,0,0,0,0,0,0.00565884242104517,0,0,0,0,0,0,0,0,0,0,0,0,0,0,0,0,0,0,0,0,0.356383189694608,0,0,0,0,0,0,0,0,2.08173646972563,0,0,0,0,0,0,0,0,0,0,0,0,0,0,0,0,0,0,0,0,0,0,0,0,0,0,0,0,0,0,1.73054474788588,0,0,0,0,0,0,0,0,0,0,0,0,0,0,0,0,0,0,0,0.474639722654202,0,0,0,0,0,0,0.191525483086802,0,0,0,0,0,0,0,0,0,0,0,0,0,0,0,0,0.918908233049149,0,0,0,0,0,0,0,0,0,0,63.2982218818991,0,0,0,0,4.88820019406855,0,0,0,0.15214254230882,0,0,0,0,0.0401960088433489,0,0,0,0,0,0,0,0,0,0,0.439486006998475,0,0.132858302361298,0,0,0,0,0,0,0.355435989122598,0,0,0,0,0,0,0,0,0,0,0,0,0,0,0,0,0,0,0,0,0,0,0,0,0.281988661853712,0.358222584828211,5.32163200117509,17.9757543899827,0,0,0,0,0,0,0.807395882760534,0,0,0,0,0,0,0,0,0.447063356309831,0,4.56203115743833,0,0,0,0,0,0,0,0,0,0,0,0,0,0,0,0,4.3972667394849,0,0,0,0,0,0,0,0,0,0,0,0,0,0,0,0,0,0,0,0,0,0,0,0,0,0,0,0,0.860352189197371,0,0.276993760608636,0,0,1.29489302527716,0,0,0,0,0,0,0,0,0,0,0,0,0,0,0,0,0,0,0,0,0,0,0,0,0,0,0,0,0,0.807490492869512,0,0,0,0,0,14.3954665178768,0,0,0,0,0,0,0,0,0,0,0,0,0,0,0,0,0,0,0,0,1.58451774166792,0,5.21177142879869,0,0,0,0,0,0,0,0,0,0,0,0,0,0,0,0,0,0.198307920911827,0,0,0,0,0,0.0399268115280473,0,0,0,0,0,0,0,0,0,0,0,0,0,0,0,0,0,0,0,0,0,0,0,0,0,0,0,0,0,0,0,0,0,0.0459663415872028,0,0,0,0.0270502561517896,0,0.00560622894815901,0,0,0,0,16.8604543062987,0,0,0,0,0,21.8535537013287,1.19147942259232,0,0,0,0,0,0,0,0,0,0,0,0,0,0,0,0,1.47715474582402,0,0,0,0,0,0,0,0,0.907537745706084,0,1.47858083349379,0,0,0,0,0,0,0,82.3019674920452,0,0,0,154.216862365727,0,0,0,0,0,0,0,3.87089599264038,0,0,0,0,0,0,0,0,0,0,0,0,0,0,0,0,0,0,0,0,0,0,0.382311393965811,0.0933167032289361,0,0,0,0,0,0.178309917462687,0.221217541251428,0,1.28160687216563,0,0.278100753392335,0,0,0,0,0,0,0,0,0,0,0,1.86007763149845,0,0,0,0,0,0,0.0510194639060716,0,0,0,0,0.232229142622297,0,0,0,0,0,0,0,0,0,0,0,0,0,0,0,1.3725454386136,0,0,0,0,0,0,0,0,0,0,0,0.462637247421942,0,0,0,0,0,5.49245015543763,0,0.0177192503308977,0,0,0,0.675337393421423,0.161287597743422,6.88713271603891,0,0,0,0,0,0,0,0,0,0,0,60.4648845738683,0,0,0,0,0,0,0,0,0,0,0,0,0,0,0,0,0,0,0,0,0,0,0,0,0,0,0,0,0,0,0,0,0,0,0,0,1.20321136977473,0,0,0,0,0,0,0,0,0,0,0,0,0,0,0,0,0,0,0,0,0,0,0,0,0,0,0,0,0,0,0,0,0,0,0,0,0,0,0,0,0,0,0,0,0,0,0,0,0,0,0,0,0.262430231798593,0,0,0,0,0,0,0,0,0,0,0,0,0,0,0.666227061634587,0,0,0,0,43.50470079,45.20050081,41.33760072,35.9896006,44.68190079,45.40250081,46.57140081,49.41620086,51.22750093,55.35580098,30.79620052,"PAL-00305"
"441",5001,"nSPC",2012,"PRIAs","Pacific Remote Island Areas","Palmyra","Palmyra",2012,"ForereefMid","Palmyra","2012-05-15","Forereef","Mid",5.87191938,-162.03556381,7.45,10,2.5,5,25,30,27.5,0,0,NA,0.3825,0.368687525451473,1.4,2,1,72.1626868742967,0.908905786624044,17.2549924440991,37.7164471808785,128.043032285898,7.57653556374793,0,0,0,0,0,0,0,0,0,0,0,0,0,0,0,0,0.0509295817894065,0,0,0,0,0,0,0,0,0,0,0.00282942121052258,0,0,0,0,0,0,0,0,0,0,0,0,0,0,0,0,0,0,0,0.00282942121052258,0,0,0,0,0,0,0,0,0,0,0,0,0,0,0,0,0,0.00282942121052258,0,0,0,0,0,0,0,0,0,0,0.00282942121052258,0,0,0,0,0,0,0,0,0,0,0,0,0,0,0,0,0,0,0,0,0,0,0,0,0,0,0,0,0,0,0,0,0,0,0,0,0,0,0,0.00282942121052258,0,0,0,0,0,0,0,0,0,0,0,0,0,0,0,0,0,0,0,0.00282942121052258,0,0,0,0,0,0,0,0,0,0,0,0,0,0,0,0,0,0,0,0,0,0,0,0,0,0,0,0,0,0,0,0,0,0,0,0,0,0,0,0,0,0,0,0.00565884242104517,0,0,0,0,0,0,0,0,0,0,0.00565884242104517,0,0,0,0,0,0,0,0,0,0,0,0.107518005999858,0,0,0,0,0.00565884242104517,0,0,0,0,0,0,0,0,0,0.00565884242104517,0,0,0.00848826363156775,0,0,0,0.00565884242104517,0,0,0,0,0,0,0,0,0,0,0,0,0,0,0.0198059484736581,0,0.0169765272631355,0,0,0,0,0,0,0,0,0,0,0,0,0,0,0,0,0,0,0,0,0,0,0,0,0,0,0,0,0,0,0,0,0,0,0,0,0,0,0,0,0,0,0,0,0,0,0,0,0,0,0,0,0,0,0,0,0,0,0,0,0,0,0,0,0,0,0,0,0,0,0,0,0,0,0,0,0.00565884242104517,0,0,0,0,0.00282942121052258,0,0,0,0,0,0,0,0,0,0,0,0,0,0,0,0,0,0,0,0,0,0,0,0,0,0,0,0,0,0,0,0,0,0,0.0141471060526129,0,0,0,0,0,0,0,0,0,0,0,0,0,0,0,0,0.0198059484736581,0.033953054526271,0.067906109052542,0,0,0,0,0,0,0,0,0,0,0.0311236333157484,0,0,0,0.00282942121052258,0.00282942121052258,0,0,0,0,0,0,0,0,0,0,0,0,0,0,0,0,0,0,0,0,0,0,0,0,0,0,0,0,0,0,0,0,0,0,0,0,0,0,0,0,0,0,0,0,0,0,0,0,0,0,0,0,0,0,0,0,0,0,0,0,0,0.00848826363156775,0,0.00565884242104517,0,0.00282942121052258,0,0,0,0,0,0,0,0,0,0,0,0,0,0,0,0,0,0,0.00848826363156775,0,0,0,0,0.00565884242104517,0,0,0,0,0,0.0141471060526129,0,0,0,0,0,0,0,0,0,0,0,0,0,0,0,0,0,0,0,0,0,0,0,0,0,0,0,0,0,0,0,0,0,0,0,0,0,0,0,0,0,0,0,0,0,0,0,0,0,0,0,0,0,0,0,0,0,0,0,0,0,0,0,0,0,0,0,0,0,0,0,0,0,0,0,0,0,0,0.00565884242104517,0,0,0,0,0,0.00282942121052258,0,0,0,0,0,0,0,0,0,0,0,0,0,0,0,0,0,0,0,0,0,0,0,0,0,0,0.0622472666314969,0,0,0,0,0,0,0,0,0,0,0,0,0,0,0,0,0,0,0,0.0707355302630646,0,0,0,0,0,0,0,0.113176848420903,0,0,0,0,0,0,0,0,0,0,0,0,0,0,0,0,0,0,0,0,0,0,0,0,0,0,0,0,0,0,0,0,0,4.42454293415174,0,0,0,0,0,0,0,0,0,0,0.440902580647305,0,0,0,0,0,0,0,0,0,0,0,0,0,0,0,0,0,0,0,0.238334073664077,0,0,0,0,0,0,0,0,0,0,0,0,0,0,0,0,0,0.302549411351547,0,0,0,0,0,0,0,0,0,0,0.387383452121338,0,0,0,0,0,0,0,0,0,0,0,0,0,0,0,0,0,0,0,0,0,0,0,0,0,0,0,0,0,0,0,0,0,0,0,0,0,0,0,0.734847163315798,0,0,0,0,0,0,0,0,0,0,0,0,0,0,0,0,0,0,0,0.135443100477761,0,0,0,0,0,0,0,0,0,0,0,0,0,0,0,0,0,0,0,0,0,0,0,0,0,0,0,0,0,0,0,0,0,0,0,0,0,0,0,0,0,0,0,0.447063356309831,0,0,0,0,0,0,0,0,0,0,2.33679229779258,0,0,0,0,0,0,0,0,0,0,0,0.195053507642522,0,0,0,0,0.0301974388132075,0,0,0,0,0,0,0,0,0,0.332296281111646,0,0,0.0176041197780426,0,0,0,0.0175382381715763,0,0,0,0,0,0,0,0,0,0,0,0,0,0,2.27627667699713,0,1.74239828371958,0,0,0,0,0,0,0,0,0,0,0,0,0,0,0,0,0,0,0,0,0,0,0,0,0,0,0,0,0,0,0,0,0,0,0,0,0,0,0,0,0,0,0,0,0,0,0,0,0,0,0,0,0,0,0,0,0,0,0,0,0,0,0,0,0,0,0,0,0,0,0,0,0,0,0,0,0.76323341914219,0,0,0,0,0.065892127034892,0,0,0,0,0,0,0,0,0,0,0,0,0,0,0,0,0,0,0,0,0,0,0,0,0,0,0,0,0,0,0,0,0,0,0.0941782686267322,0,0,0,0,0,0,0,0,0,0,0,0,0,0,0,0,70.3599873187731,9.29834915948208,23.1310305326317,0,0,0,0,0,0,0,0,0,0,0.694181517474453,0,0,0,0.575196051615958,0.312297147030625,0,0,0,0,0,0,0,0,0,0,0,0,0,0,0,0,0,0,0,0,0,0,0,0,0,0,0,0,0,0,0,0,0,0,0,0,0,0,0,0,0,0,0,0,0,0,0,0,0,0,0,0,0,0,0,0,0,0,0,0,0,0.93240929173004,0,0.74722340850874,0,0.168410588356291,0,0,0,0,0,0,0,0,0,0,0,0,0,0,0,0,0,0,0.0323512200210938,0,0,0,0,0.0133630963520719,0,0,0,0,0,0.042047355122429,0,0,0,0,0,0,0,0,0,0,0,0,0,0,0,0,0,0,0,0,0,0,0,0,0,0,0,0,0,0,0,0,0,0,0,0,0,0,0,0,0,0,0,0,0,0,0,0,0,0,0,0,0,0,0,0,0,0,0,0,0,0,0,0,0,0,0,0,0,0,0,0,0,0,0,0,0,0,4.62008304432363,0,0,0,0,0,0.619660221631709,0,0,0,0,0,0,0,0,0,0,0,0,0,0,0,0,0,0,0,0,0,0,0,0,0,0,0.404849544732786,0,0,0,0,0,0,0,0,0,0,0,0,0,0,0,0,0,0,0,0.108458788552357,0,0,0,0,0,0,0,1.00060726868981,0,0,0,0,0,0,0,0,0,0,0,0,0,0,0,0,0,0,0,0,0,0,0,0,0,0,0,0,"PAL-00213"
"442",5002,"nSPC",2012,"PRIAs","Pacific Remote Island Areas","Palmyra","Palmyra",2012,"ForereefShallow","Palmyra","2012-05-15","Forereef","Shallow",5.86958552,-162.08833392,5.35,22.5,2.5,22.5,27.5,24.5,0.5,0,0,NA,0.41525,0.275856611187196,1.25,2,1,23.6949454444222,17.6817158264718,27.2690237926143,94.0086981694805,162.654383232989,7.7537148563872,0,0,0,0,0,0,0,0,0,0,0,0,0,0.00565884242104517,0,0,0.00848826363156775,0.00282942121052258,0,0.00565884242104517,0,0,0,0,0,0,0.00565884242104517,0,0,0,0,0,0,0,0,0,0,0,0,0,0,0.00565884242104517,0,0,0,0,0,0,0,0,0,0,0,0,0,0,0,0,0,0,0,0,0,0,0,0,0,0,0,0,0,0,0,0,0,0,0.00565884242104517,0,0,0,0,0,0,0,0,0,0,0,0,0,0,0,0,0,0,0,0,0,0,0,0.00565884242104517,0,0,0,0,0,0,0,0,0,0,0,0,0,0,0,0.00848826363156775,0,0,0,0.0820532151051549,0,0,0,0,0,0,0,0,0,0,0,0,0,0,0,0.00565884242104517,0,0,0,0,0,0,0,0,0,0,0,0,0,0,0,0,0,0,0,0,0,0,0,0,0,0,0,0,0,0,0,0,0,0,0.00282942121052258,0,0,0,0,0,0,0,0,0,0,0.00282942121052258,0,0,0,0,0,0,0,0,0.00848826363156775,0,0,0,0,0.0141471060526129,0,0,0,0,0,0,1.07518005999858,0,0,0,0,0,0,0,0,0,0,0,0,0,0,0.00282942121052258,0,0,0.0735649514735872,0,0,0,0,0,0,0,0,0,0,0,0,0,0,0,0,0,0,0.0396118969473162,0,0.0367824757367936,0,0,0,0,0,0,0,0,0,0,0,0,0,0,0,0,0,0,0,0,0,0,0,0,0,0,0,0.00282942121052258,0,0.00282942121052258,0,0,0,0,0,0,0,0,0,0,0,0,0,0,0,0,0,0,0,0,0,0,0,0,0,0,0.0198059484736581,0,0,0,0,0,0,0,0,0,0,0,0,0,0,0,0,0,0,0,0.00565884242104517,0,0,0,0,0.00282942121052258,0.0282942121052258,0,0,0,0,0,0,0,0,0.00282942121052258,0,0,0,0,0,0,0,0,0,0,0,0,0,0,0,0,0,0,0,0,0,0,0,0,0.00282942121052258,0,0,0,0.00565884242104517,0,0,0,0,0,0,0,0,0,0,0,0,0.00848826363156775,0,0.198059484736581,0,0,0,0,0,0,0,0,0,0,0,0,0,0,0.067906109052542,0,0,0,0,0,0,0,0,0,0,0,0,0,0,0,0,0,0,0,0,0,0,0,0,0.00565884242104517,0,0,0,0,0,0,0,0,0,0,0,0,0,0,0,0,0,0,0,0,0,0,0,0,0,0,0,0,0,0,0.0282942121052258,0.00282942121052258,0,0,0,0,0.00282942121052258,0.00848826363156775,0,0.00565884242104517,0,0.00848826363156775,0,0,0,0,0,0,0,0,0,0.00282942121052258,0,0,0,0,0,0,0,0,0.0933708999472453,0,0,0,0,0.0424413181578388,0,0,0,0,0,0,0,0,0,0,0,0,0,0,0,0,0,0,0,0,0,0,0,0,0,0,0,0,0,0,0,0,0,0,0,0.00565884242104517,0,0,0,0,0,0.891267681314614,0,0,0,0,0,0,0,0,0,0,0,0,0,0,0,0,0,0,0,0,0,0.00282942121052258,0,0.00282942121052258,0,0,0,0,0,0,0,0,0,0,0,0,0,0,0,0,0,0,0,0,0.00282942121052258,0.00282942121052258,0,0,0,0,0,0.00282942121052258,0,0,0,0.00282942121052258,0,0,0,0,0,0,0,0,0,0,0,0,0,0,0,0,0,0,0,0.00565884242104517,0,0.00282942121052258,0,0,0,0,0,0,0,0,0,0,0,0,0,0,0,0,0,0,0,0,0,0,0,0.00282942121052258,0.00565884242104517,0.189571221105013,0,0.00848826363156775,0,0,0,0,0,0,0,0,0,0,0,0,0,0,0,0,0,0,0,0,0,0,0,0,0,0,0,0,2.18338627897442,0,0,0.265395565698865,0.103975262627718,0,0.22968251775302,0,0,0,0,0,0,0.158462726488358,0,0,0,0,0,0,0,0,0,0,0,0,0,0,0.291919874553247,0,0,0,0,0,0,0,0,0,0,0,0,0,0,0,0,0,0,0,0,0,0,0,0,0,0,0,0,0,0,0,0,0,0,0.668936070456246,0,0,0,0,0,0,0,0,0,0,0,0,0,0,0,0,0,0,0,0,0,0,0,1.28616817433865,0,0,0,0,0,0,0,0,0,0,0,0,0,0,0,6.07551070484131,0,0,0,0.472492102905555,0,0,0,0,0,0,0,0,0,0,0,0,0,0,0,0.554303810926673,0,0,0,0,0,0,0,0,0,0,0,0,0,0,0,0,0,0,0,0,0,0,0,0,0,0,0,0,0,0,0,0,0,0,0.223531678154915,0,0,0,0,0,0,0,0,0,0,0.140245468033599,0,0,0,0,0,0,0,0,2.38862839199609,0,0,0,0,2.73542741868409,0,0,0,0,0,0,1.89542078066545,0,0,0,0,0,0,0,0,0,0,0,0,0,0,0.204354946929994,0,0,0.388396501508035,0,0,0,0,0,0,0,0,0,0,0,0,0,0,0,0,0,0,4.79019855350467,0,3.87713058265688,0,0,0,0,0,0,0,0,0,0,0,0,0,0,0,0,0,0,0,0,0,0,0,0,0,0,0,0.446146717727644,0,0.317952240025388,0,0,0,0,0,0,0,0,0,0,0,0,0,0,0,0,0,0,0,0,0,0,0,0,0,0,0.680256656034391,0,0,0,0,0,0,0,0,0,0,0,0,0,0,0,0,0,0,0,0.983048002361863,0,0,0,0,0.065892127034892,0.206859267643427,0,0,0,0,0,0,0,0,0.163292971612285,0,0,0,0,0,0,0,0,0,0,0,0,0,0,0,0,0,0,0,0,0,0,0,0,0.0281697810176619,0,0,0,0.0105523346618939,0,0,0,0,0,0,0,0,0,0,0,0,15.3763151900063,0,75.7965409249238,0,0,0,0,0,0,0,0,0,0,0,0,0,0,13.3521140648964,0,0,0,0,0,0,0,0,0,0,0,0,0,0,0,0,0,0,0,0,0,0,0,0,7.01212475907809,0,0,0,0,0,0,0,0,0,0,0,0,0,0,0,0,0,0,0,0,0,0,0,0,0,0,0,0,0,0,0.730638599904989,0.784359049983451,0,0,0,0,0.0448203933684347,1.19784862755184,0,1.94926412691749,0,0.548528476202468,0,0,0,0,0,0,0,0,0,0.0323698521090901,0,0,0,0,0,0,0,0,0.387158088409185,0,0,0,0,0.205357569045987,0,0,0,0,0,0,0,0,0,0,0,0,0,0,0,0,0,0,0,0,0,0,0,0,0,0,0,0,0,0,0,0,0,0,0,0.0118128335539318,0,0,0,0,0,2.39233142819332,0,0,0,0,0,0,0,0,0,0,0,0,0,0,0,0,0,0,0,0,0,0.223588252710959,0,0.157141990530277,0,0,0,0,0,0,0,0,0,0,0,0,0,0,0,0,0,0,0,0,2.11207944613024,0.962727543407572,0,0,0,0,0,0.883268828928798,0,0,0,1.40701064592449,0,0,0,0,0,0,0,0,0,0,0,0,0,0,0,0,0,0,0,0.0340640850315318,0,0.0418495527166521,0,0,0,0,0,0,0,0,0,0,0,0,0,0,0,0,0,0,0,0,0,0,0,0.049477837269103,1.20768751412978,3.08626107208141,0,0.83190497016609,0,0,0,0,0,0,0,0,0,0,0,0,0,0,0,0,0,0,0,0,0,0,0,0,0,0,"PAL-00272"
"443",5003,"nSPC",2012,"PRIAs","Pacific Remote Island Areas","Palmyra","Palmyra",2012,"ForereefDeep","Palmyra","2012-05-15","Forereef","Deep",5.87047878,-162.14945443,19.5,30,12.5,12.5,22.5,21,1.5,0,0,NA,0.4175,0.294817816639273,1.05,2,1,114.742412112452,140.527288623446,177.822394305532,304.441908322189,737.534003363618,22.0060715355274,0,0,0,0,0,0,0,0,0,0,0,0,0,0.00282942121052258,0,0.00282942121052258,0.0424413181578388,0,0,0,0,0,0,0,0,0,0,0,0,0,0,0,0,0,0,0,0,0,0,0,0,0,0,0,0,0,0,0,0,0,0,0,0,0,0,0,0.0198059484736581,0,0,0,0,0,0,0,0,0,0,0,0,0,0,0,0,0,0,0,0.00565884242104517,0,0,0,0,0,0,0,0,0,0.00282942121052258,0,0,0,0,0,0,0,0,0,0,0,0,0,0.00282942121052258,0,0,0,0,0,0,0,0,0,0,0,0,0,0,0,0.0113176848420903,0,0,0,0.00848826363156775,0,0,0,0,0.0169765272631355,0,0,0,0,0,0,0,0,0,0,0.0226353696841807,0,0.282942121052258,0,0,0,0,0,0,0.0113176848420903,0,0,0,0.00282942121052258,0,0,0,0,0,0,0,0,0,0,0,0,0,0,0,0,0,0,0,0,0.00565884242104517,0.00848826363156775,1.62691719605049,0,0,0,0,0,0,0,0.00848826363156775,0,0.00565884242104517,0,0,0,0,0.00282942121052258,0,0.00565884242104517,0,0.0198059484736581,0,0,0,0,0.00282942121052258,0,0,0,0.00282942121052258,0,0,0.990297423682904,0,0,0,0,0.169765272631355,0,0,0,0,0,0,0,0,0.0226353696841807,0,0,0,0.0622472666314969,0,0,0,0,0,0.00282942121052258,0,0,0,0,0,0,0,0,0,0.0452707393683613,0,0,0.0282942121052258,0,0,0,0,0,0,0,0,0,0,0,0,0,0,0,0,0,0,0,0,0,0,0,0,0,0,0,0,0,0,0,0.0169765272631355,0,0,0.00282942121052258,0,0,0,0,0,0,0,0,0,0,0,0,0,0,0,0,0,0,0,0,0,0,0,0.0141471060526129,0,0,0,0,0,0,0,0,0,0,0,0,0,0,0,0,0,0,0,0.00565884242104517,0,0,0,0,0,0.0311236333157484,0,0,0,0,0,0,0,0,0,0,0,0,0,0,0,0,0,0,0,0,0,0,0,0,0,0,0,0,0,0,0,0,0,0.0141471060526129,0,0,0,0.00282942121052258,0,0,0,0,0,0,0.00282942121052258,0,4.52707393683613,0.00282942121052258,0,0,0.0452707393683613,0,0.0622472666314968,0,0.00282942121052258,0,0,0,0,0,0,0,0,0,0,0,0,0.0141471060526129,0.0282942121052258,0,0,0,0,0,0,0.00565884242104517,0.00565884242104517,0,0,0,0,0,0,0,0,0,0,0.0113176848420903,0,0.00282942121052258,0,0.033953054526271,0,0,0,0,0,0,0,0.00282942121052258,0,0,0,0,0,0,0,0,0,0,0,0,0,0,0,0,0,0,0,0,0,0,0.0141471060526129,0.033953054526271,0,0,0,0,0,0.0141471060526129,0,0,0.00282942121052258,0,0.00848826363156775,0,0,0,0,0,0,0,0,0,0,0,0,0,0,0,0,0,0,0.033953054526271,0,0,0,0,0.155618166578742,0,0,0,0,0,0,0,0,0,0.00565884242104517,0,0,0,0.0141471060526129,0,0.00565884242104517,0,0,0,0,0,0,0,0,0,0,0,7.63943726841098,0,0,0,0,0,0,0,0.0141471060526129,0,0,0,0,0.0282942121052258,2.26353696841807,0,0,0,0,0,0,0,0,0,0,0,0,0,0,0,0,0,0,0,0,0,0,0,0,0.0198059484736581,0,0,0,0,0,0,0,0,0,0,0,0,0,0,0,0.00282942121052258,0.00565884242104517,0,0,0,0,0,0,0,0,0,0,0.00282942121052258,0,0,0,0,0.00282942121052258,0,0,0,0,0,0,0,0,0,0,0,0,0,0,0,0,0,0.0226353696841807,0,0,0,0,0,0,0,0,0,0,0,0,0,0,0,0,0,0,0,0,0,0,0,0,0,0,0,0.0481001605788839,0,0,0,0,0,0,0.00565884242104517,0,0,0,0,0,0,0,0,0,0,0,0,0,0,0,0,0,0,0,0,0,0,0,0.801172909214841,0,3.44285447413871,4.22017873236153,0,0,0,0,0,0,0,0,0,0,0,0,0,0,0,0,0,0,0,0,0,0,0,0,0,0,0,0,0,0,0,0,0,0,0,0,0,0,0,5.95732230867501,0,0,0,0,0,0,0,0,0,0,0,0,0,0,0,0,0,0,0,0.668936070456246,0,0,0,0,0,0,0,0,0,1.53135446598842,0,0,0,0,0,0,0,0,0,0,0,0,0,0.819923672365924,0,0,0,0,0,0,0,0,0,0,0,0,0,0,0,7.61424219759206,0,0,0,0.0401960088433489,0,0,0,0,0.0846569541172668,0,0,0,0,0,0,0,0,0,0,2.51410410273652,0,0.197097481525003,0,0,0,0,0,0,0.880332593445248,0,0,0,139.416477201683,0,0,0,0,0,0,0,0,0,0,0,0,0,0,0,0,0,0,0,0,0.217401603926528,0.581754262983126,2.88163817896278,0,0,0,0,0,0,0,0.670595034464746,0,0.134164658611633,0,0,0,0,0.140994330926856,0,0.358222584828211,0,9.77748237113434,0,0,0,0,0.43901399551134,0,0,0,213.706443295654,0,0,1.09498600847224,0,0,0,0,1.56418039135377,0,0,0,0,0,0,0,0,0.0241350739001998,0,0,0,0.184424170333964,0,0,0,0,0,1.07058249271299,0,0,0,0,0,0,0,0,0,1.46735525119802,0,0,3.07752268159011,0,0,0,0,0,0,0,0,0,0,0,0,0,0,0,0,0,0,0,0,0,0,0,0,0,0,0,0,0,0,0,5.75189048160435,0,0,1.11947001415835,0,0,0,0,0,0,0,0,0,0,0,0,0,0,0,0,0,0,0,0,0,0,0,0.285332640432489,0,0,0,0,0,0,0,0,0,0,0,0,0,0,0,0,0,0,0,0.329380730789689,0,0,0,0,0,0.0655913595602135,0,0,0,0,0,0,0,0,0,0,0,0,0,0,0,0,0,0,0,0,0,0,0,0,0,0,0,0,0,0,0,0,0,0.0396713303930049,0,0,0,0.0048155202490365,0,0,0,0,0,0,11.2126421946476,0,9.42640350465588,9.65918466776873,0,0,77.2654794359986,0,60.3890067124194,0,0.697642854997493,0,0,0,0,0,0,0,0,0,0,0,0,3.45108938069597,6.29650991335622,0,0,0,0,0,0,2.83602387618841,0.627919160451302,0,0,0,0,0,0,0,0,0,0,46.7429686086014,0,4.72584749549256,0,46.9325208245055,0,0,0,0,0,0,0,3.87089599264038,0,0,0,0,0,0,0,0,0,0,0,0,0,0,0,0,0,0,0,0,0,0,2.26514722032319,0.353816263791634,0,0,0,0,0,0.138698721597239,0,0,0.188446368267865,0,0.546091957457225,0,0,0,0,0,0,0,0,0,0,0,0,0,0,0,0,0,0,0.068067768653744,0,0,0,0,0.394438861914201,0,0,0,0,0,0,0,0,0,0.00553527875471248,0,0,0,0.0200579761443076,0,1.78166955973881,0,0,0,0,0,0,0,0,0,0,0,11.0815866185995,0,0,0,0,0,0,0,0.00637893011912316,0,0,0,0,0.24179206235412,1.63121865101816,0,0,0,0,0,0,0,0,0,0,0,0,0,0,0,0,0,0,0,0,0,0,0,0,2.72448804446611,0,0,0,0,0,0,0,0,0,0,0,0,0,0,0,5.00806718607393,2.14010802321006,0,0,0,0,0,0,0,0,0,0,2.65326719912866,0,0,0,0,2.42714675598044,0,0,0,0,0,0,0,0,0,0,0,0,0,0,0,0,0,0.227828947306739,0,0,0,0,0,0,0,0,0,0,0,0,0,0,0,0,0,0,0,0,0,0,0,0,0,0,0,0.362455647678848,0,0,0,0,0,0,5.95766306172558,0,0,0,0,0,0,0,0,0,0,63.3269011,70.59090125,81.9737014,73.55680123,57.96930102,62.69680113,65.06330112,68.87920119,72.60620135,76.85620138,48.41040083,"PAL-00301"
"444",5004,"nSPC",2012,"PRIAs","Pacific Remote Island Areas","Palmyra","Palmyra",2012,"ForereefMid","Palmyra","2012-05-15","Forereef","Mid",5.86155088,-162.12796038,16.45,22.5,25,10,12.5,12.5,17.5,0,0,NA,0.4075,0.298901681662984,1.05,2,1,32.3099126603567,32.3701312395978,23.7721225944053,24.1514259401623,112.603592434522,15.9132900336508,0,0,0,0,0,0,0,0,0,0,0,0,0,0,0,0,0.0254647908947033,0,0.00282942121052258,0.00282942121052258,0,0.00565884242104517,0,0,0,0,0,0,0,0,0,0,0,0,0,0,0,0,0,0,0,0,0,0,0,0,0,0.00565884242104517,0,0.0282942121052258,0,0,0,0,0,0,0,0,0,0,0,0,0,0,0,0,0,0,0,0,0,0,0,0,0,0,0.00282942121052258,0,0,0,0,0,0,0.00848826363156775,0,0,0,0,0,0,0,0,0,0,0,0,0,0,0,0,0,0,0,0,0,0.0169765272631355,0,0,0,0,0,0,0,0,0,0,0.00848826363156775,0,0,0,0.0452707393683613,0,0,0,0,0,0,0,0,0,0,0,0,0,0,0,0.0169765272631355,0,1.41471060526129,0,0,0,0,0,0.00565884242104517,0,0,0,0,0,0,0,0,0,0,0,0,0,0,0,0,0,0,0,0,0,0,0,0,0,0.0113176848420903,0,1.69765272631355,0,0,0,0,0,0,0,0.0113176848420903,0,0,0,0,0,0,0.0113176848420903,0,0,0,0.0226353696841807,0,0,0,0,0.00282942121052258,0,0,0,0,0,0,1.98059484736581,0,0,0,0,0.118835690841949,0.217865433210239,0,0,0,0,0,0,0,0.0169765272631355,0,0,0,0,0,0,0,0,0,0,0,0.0820532151051549,0,0,0,0,0,0,0,0.00282942121052258,0,0,0.0254647908947033,0,0,0,0,0,0,0,0,0,0,0,0,0,0,0,0,0,0,0,0,0,0,0,0,0,0,0,0,0,0,0,0.00282942121052258,0,0,0,0,0.00282942121052258,0,0,0,0,0,0,0,0,0,0,0,0,0,0,0,0,0,0,0,0,0,0.0169765272631355,0,0,0,0,0,0,0,0,0,0,0,0,0,0,0,0,0,0,0,0.00565884242104517,0,0,0,0,0,0.0509295817894065,0,0,0,0,0,0,0,0,0,0,0,0,0,0,0,0,0,0,0,0,0,0,0,0,0,0,0,0,0,0,0,0,0,0.0198059484736581,0,0,0,0,0,0,0,0,0,0,0,0,0,0,0.00565884242104517,0,0.00565884242104517,0,0.0141471060526129,0,0,0,0,0,0,0,0,0,0,0.00848826363156775,0,0,0,0.0198059484736581,0.00282942121052258,0,0,0,0,0,0,0,0,0,0,0,0,0,0,0,0,0,0,0,0,0,0,0,0,0,0,0,0,0,0,0,0,0,0,0,0,0,0,0,0,0,0,0,0,0,0,0,0,0,0,0,0,0,0.0169765272631355,0.0537590029999291,0,0,0,0,0,0.00282942121052258,0,0,0.00565884242104517,0,0.0198059484736581,0,0,0,0,0,0,0,0,0,0,0,0,0,0,0,0,0,0,0.0565884242104517,0,0,0,0,0.0763943726841098,0,0,0,0,0,0,0,0,0,0,0,0,0,0.198059484736581,0,0,0,0,0,0,0,0,0,0,0,0,0,1.69765272631355,0,0,0.00565884242104517,0,0,0.00282942121052258,0,0.0169765272631355,0.198059484736581,0,0,0.00282942121052258,0.0226353696841807,6.50766878420194,0,0,0,0,0,0,0,0,0,0,0,0,0,0,0,0,0,0,0,0,0,0,0,0,0,0,0,0,0,0,0,0,0,0,0,0.00565884242104517,0,0,0,0,0,0.00282942121052258,0,0,0,0,0,0,0.00282942121052258,0,0,0,0.00282942121052258,0,0,0,0,0,0,0,0,0,0,0,0,0,0,0,0,0,0,0,0,0,0,0.113176848420903,0,0,0,0,0,0,0,0,0.00565884242104517,0,0,0,0,0,0,0,0,0,0,0.113176848420903,0,0,0,0,0,0.0311236333157484,0,0.0763943726841098,0,0,0,0,0,0,0,0.00282942121052258,0,0,0,0,0,0,0,0,0,0,0,0,0,0,0,0,0,0,0,0,0,0,0,0,0,2.13010799076028,0,0.488704925189857,0.401327289393182,0,0.653770060628505,0,0,0,0,0,0,0,0,0,0,0,0,0,0,0,0,0,0,0,0,0,0,0,0,0,0.213532564295571,0,0.0704464110652918,0,0,0,0,0,0,0,0,0,0,0,0,0,0,0,0,0,0,0,0,0,0,0,0,0,0,0.312297147030625,0,0,0,0,0,0,0.225226848765681,0,0,0,0,0,0,0,0,0,0,0,0,0,0,0,0,0,0,0,0,0,0.0260309580789288,0,0,0,0,0,0,0,0,0,0,7.8693047519526,0,0,0,0.28420542620872,0,0,0,0,0,0,0,0,0,0,0,0,0,0,0,1.20224049685359,0,2.33597015140745,0,0,0,0,0,0.399942920496372,0,0,0,0,0,0,0,0,0,0,0,0,0,0,0,0,0,0,0,0,0,0,0,0,0,0.57562418875474,0,4.31424487338063,0,0,0,0,0,0,0,0.894126712619661,0,0,0,0,0,0,0.563977323707424,0,0,0,4.59291044147374,0,0,0,0,0.587649057545273,0,0,0,0,0,0,2.46006856570097,0,0,0,0,1.12603198542278,1.20566128934616,0,0,0,0,0,0,0,0.0181013054251498,0,0,0,0,0,0,0,0,0,0,0,0.459211502090442,0,0,0,0,0,0,0,0.0749813966992483,0,0,2.7376605566857,0,0,0,0,0,0,0,0,0,0,0,0,0,0,0,0,0,0,0,0,0,0,0,0,0,0,0,0,0,0,0,0.225701375147013,0,0,0,0,1.24522751080726,0,0,0,0,0,0,0,0,0,0,0,0,0,0,0,0,0,0,0,0,0,0.492671317238532,0,0,0,0,0,0,0,0,0,0,0,0,0,0,0,0,0,0,0,0.546336709070591,0,0,0,0,0,0.291717853878815,0,0,0,0,0,0,0,0,0,0,0,0,0,0,0,0,0,0,0,0,0,0,0,0,0,0,0,0,0,0,0,0,0,0.0627260498715253,0,0,0,0,0,0,0,0,0,0,0,0,0,0,6.40268671601152,0,14.3520927913452,0,8.35364229149619,0,0,0,0,0,0,0,0,0,0,0.0217511755558924,0,0,0,6.77944038436889,0.387383452121338,0,0,0,0,0,0,0,0,0,0,0,0,0,0,0,0,0,0,0,0,0,0,0,0,0,0,0,0,0,0,0,0,0,0,0,0,0,0,0,0,0,0,0,0,0,0,0,0,0,0,0,0,0,1.22573811797864,0.500262313968729,0,0,0,0,0,0.0126222754078381,0,0,1.54136814875721,0,0.935133627406191,0,0,0,0,0,0,0,0,0,0,0,0,0,0,0,0,0,0,0.246525141380643,0,0,0,0,0.262203789317231,0,0,0,0,0,0,0,0,0,0,0,0,0,0.545731906107018,0,0,0,0,0,0,0,0,0,0,0,0,0,2.77582348453165,0,0,0.0579824258660689,0,0,2.59515488610274,0,0.0076547161429478,1.7190798457701,0,0,0.496841550703334,0.178044789594148,10.2557555776815,0,0,0,0,0,0,0,0,0,0,0,0,0,0,0,0,0,0,0,0,0,0,0,0,0,0,0,0,0,0,0,0,0,0,0,5.07580221324704,0,0,0,0,0,2.21621147148738,0,0,0,0,0,0,1.37509870831398,0,0,0,2.65326719912866,0,0,0,0,0,0,0,0,0,0,0,0,0,0,0,0,0,0,0,0,0,0,0.700691463067636,0,0,0,0,0,0,0,0,0.739253065589593,0,0,0,0,0,0,0,0,0,0,0.442974184719416,0,0,0,0,0,0.37979296397606,0,0.269993274882302,0,0,0,0,0,0,0,0.00985052550261136,0,0,0,0,0,0,0,0,0,57.01810101,66.30540117,80.28530139,62.79980105,57.486801,57.49310103,61.65430106,64.2679011,65.39340121,79.04830143,45.31820078,"PAL-00254"
"445",5005,"nSPC",2012,"PRIAs","Pacific Remote Island Areas","Palmyra","Palmyra",2012,"ForereefDeep","Palmyra","2012-05-15","Forereef","Deep",5.86941068,-162.08743865,23.95,12.5,2.5,22.5,20,22.5,20,0,0,NA,0.37,0.26944387170615,1,2,1,26.3265673953257,42.2842743908358,31.5287634458226,7.84642768640052,107.986032918385,22.9952523345992,0,0,0,0,0,0,0,0,0,0,0,0,0,0,0,0.0113176848420903,0.00282942121052258,0,0.00282942121052258,0,0,0,0,0,0.00848826363156775,0,0,0.00282942121052258,0,0,0,0,0,0,0,0,0,0,0,0,0,0,0,0,0,0,0,0,0,0,0,0.00848826363156775,0,0,0,0,0.0169765272631355,0,0,0,0,0,0,0,0,0,0,0,0,0,0,0,0,0,0,0,0.00282942121052258,0,0,0,0,0,0,0,0,0,0,0,0,0,0,0,0,0,0,0,0,0,0,0,0,0,0,0,0,0,0,0,0,0,0,0,0,0,0,0,0.00565884242104517,0,0,0,0.0282942121052258,0,0,0,0,0.0311236333157484,0,0,0,0,0,0,0,0,0,0,0.0367824757367936,0,0,0,0,0,0,0,0,0,0,0,0,0,0,0,0,0,0,0,0,0,0,0,0,0,0,0,0,0,0,0,0,0,0.00565884242104517,0,1.55618166578742,0,0,0,0,0,0,0,0,0,0,0,0,0,0,0,0,0,0,0.0282942121052258,0,0,0,0,0,0,0,0,0,0.00565884242104517,0,2.82942121052258,0,0,0,0,0.166935851420832,0.00282942121052258,0,0,0,0,0,0,0,0.0226353696841807,0,0,0,0.0594178454209743,0,0,0,0,0,0,0,0,0,0,0,0.00848826363156775,0,0,0,0.0254647908947033,0,0,0.0198059484736581,0,0,0,0,0,0,0,0.0113176848420903,0,0,0,0,0,0,0,0,0,0,0,0,0,0,0,0,0,0,0,0,0,0,0,0,0,0,0,0,0,0,0,0,0,0,0,0,0,0,0,0,0,0,0,0,0,0,0,0,0,0,0.0113176848420903,0,0,0,0,0,0,0,0,0,0,0,0,0,0,0,0,0,0,0,0,0,0,0,0,0,0.0367824757367936,0,0,0,0,0,0,0,0,0,0,0,0,0,0,0,0,0,0,0,0,0,0,0,0,0,0,0,0,0,0,0,0,0,0.0141471060526129,0,0,0,0,0,0.00848826363156775,0,0,0,0,0,0,1.41471060526129,0,0,0,0.0113176848420903,0,0.00282942121052258,0,0,0,0.848826363156775,0,0,0,0,0,0,0,0,0,0,0,0,0,0,0,0,0,0,0,0,0,0,0,0,0,0,0,0,0,0,0,0,0,0,0.00848826363156775,0,0,0,0,0,0,0,0,0,0,0,0,0,0.00848826363156775,0,0,0,0,0.0113176848420903,0,0,0,0,0,0,0,0,0,0,0,0,0.0226353696841807,0,0,0,0,0,0.00565884242104517,0.00565884242104517,0,0,0,0.0367824757367936,0,0,0,0,0,0,0,0,0,0,0,0,0,0,0,0,0,0,0,0,0,0,0,0.0396118969473162,0,0,0,0,0,0,0,0,0,0,0,0,0,0.155618166578742,0,0,0,0,0,0,0,0,0,0,0,0,0,1.98059484736581,0,0,0.00848826363156775,0.282942121052258,0,0,0,0.00848826363156775,0,0,0,0.00565884242104517,0.0962003211577679,1.98059484736581,0,0,0,0,0,0,0,0,0,0,0,0,0,0,0,0,0,0,0,0,0,0,0,0,0.00282942121052258,0,0,0,0,0,0,0,0,0.00282942121052258,0,0,0,0,0,0,0,0,0,0,0.0141471060526129,0,0,0,0,0,0,0,0.00282942121052258,0,0,0,0,0,0,0,0,0,0,0,0,0,0,0,0,0,0,0,0,0,0,0,0,0,0,0,0,0,0,0,0.00282942121052258,0,0,0,0,0,0,0,0,0,0,0.0424413181578388,0,0,0,0,0,0.0141471060526129,0,0,0,0,0,0,0,0,0.00282942121052258,0,0,0,0,0,0,0,0,0,0,0,0,0,0,0,0,0,0,0,0,0,0,0,0,0,6.45640683519995,0.217164151184016,0,0.732672794478153,0,0,0,0,0,0.0177065339239291,0,0,4.28734658716762,0,0,0,0,0,0,0,0,0,0,0,0,0,0,0,0,0,0,0,0,0,0,0,0.0289431548836459,0,0,0,0,5.04392147994108,0,0,0,0,0,0,0,0,0,0,0,0,0,0,0,0,0,0,0,0.312297147030625,0,0,0,0,0,0,0,0,0,0,0,0,0,0,0,0,0,0,0,0,0,0,0,0,0,0,0,0,0,0,0,0,0,0,0,0,0,0,0,2.25101909204683,0,0,0,0.144723276115185,0,0,0,0,0.108633832961049,0,0,0,0,0,0,0,0,0,0,2.3070341274004,0,0,0,0,0,0,0,0,0,0,0,0,0,0,0,0,0,0,0,0,0,0,0,0,0,0,0,0,0,0,0,0,0,0.217401603926528,0,5.63187803690889,0,0,0,0,0,0,0,0,0,0,0,0,0,0,0,0,0,0,10.6929159808174,0,0,0,0,0,0,0,0,0,0.280319349375582,0,3.86165065654543,0,0,0,0,0.786528470698657,0.0050293940375081,0,0,0,0,0,0,0,0.0241350739001998,0,0,0,0.150543383751101,0,0,0,0,0,0,0,0,0,0,0,0.0855212366828925,0,0,0,0.994685661816335,0,0,1.88003488982602,0,0,0,0,0,0,0,0.401868129176236,0,0,0,0,0,0,0,0,0,0,0,0,0,0,0,0,0,0,0,0,0,0,0,0,0,0,0,0,0,0,0,0,0,0,0,0,0,0,0,0,0,0,0,0,0,0,0,0,0,0,0.668196863429729,0,0,0,0,0,0,0,0,0,0,0,0,0,0,0,0,0,0,0,0,0,0,0,0,0,0.0981800671787705,0,0,0,0,0,0,0,0,0,0,0,0,0,0,0,0,0,0,0,0,0,0,0,0,0,0,0,0,0,0,0,0,0,0.0388054414897261,0,0,0,0,0,0.0350322001930655,0,0,0,0,0,0,2.93048813616245,0,0,0,13.5257411373138,0,0.891937968403649,0,0,0,1.01753060283418,0,0,0,0,0,0,0,0,0,0,0,0,0,0,0,0,0,0,0,0,0,0,0,0,0,0,0,0,0,0,0,0,0,0,11.2669007530396,0,0,0,0,0,0,0,0,0,0,0,0,0,0.0088572201574199,0,0,0,0,1.03654382705826,0,0,0,0,0,0,0,0,0,0,0,0,0.169967041022861,0,0,0,0,0,0.282890721750612,1.59423165659727,0,0,0,1.17155069914031,0,0,0,0,0,0,0,0,0,0,0,0,0,0,0,0,0,0,0,0,0,0,0,0.198083983655991,0,0,0,0,0,0,0,0,0,0,0,0,0,0.146118379616559,0,0,0,0,0,0,0,0,0,0,0,0,0,2.90742410916488,0,0,0.0602199815181109,1.07575247388882,0,0,0,0.00907225616941961,0,0,0,0.714195342482928,0.381662266921764,5.64827899169108,0,0,0,0,0,0,0,0,0,0,0,0,0,0,0,0,0,0,0,0,0,0,0,0,0.284219801625427,0,0,0,0,0,0,0,0,0.704987642961681,0,0,0,0,0,0,0,0,0,0,9.64906915465313,0,0,0,0,0,0,0,2.65326719912866,0,0,0,0,0,0,0,0,0,0,0,0,0,0,0,0,0,0,0,0,0,0,0,0,0,0,0,0,0,0,0,0.167700926916158,0,0,0,0,0,0,0,0,0,0,0.0503990653124335,0,0,0,0,0,0.356616946834948,0,0,0,0,0,0,0,0,1.32172918027574,0,0,0,0,0,0,0,0,0,0,32.07920057,35.60100065,32.02250056,27.71220045,35.69150064,35.14600064,40.8802007,40.70840072,38.1774007,42.38740076,24.31680041,"PAL-00295"
"446",5006,"nSPC",2012,"PRIAs","Pacific Remote Island Areas","Palmyra","Palmyra",2012,"ForereefMid","Palmyra","2012-05-15","Forereef","Mid",5.87000571,-162.0809348,10.05,17.5,2.5,27.5,27.5,15,2.5,0,7.5,NA,0.43625,0.284270703003634,1.25,2,1,26.5487696924001,21.5088716091216,43.3783490332623,63.1349715850522,154.570961919836,26.0313854142463,0,0,0,0,0,0,0,0,0,0,0,0,0,0,0.0198059484736581,0.00848826363156775,0.033953054526271,0,0,0,0,0,0,0,0,0,0.0141471060526129,0,0,0,0,0,0,0,0,0,0,0,0,0,0,0,0,0,0,0,0,0,0,0,0,0,0,0,0,0,0.0198059484736581,0,0,0,0,0,0,0,0,0,0,0,0,0,0,0,0,0,0,0,0,0,0,0,0,0,0,0,0,0,0,0,0,0,0,0,0,0,0,0.00282942121052258,0,0,0,0,0.00565884242104517,0,0,0,0,0,0,0,0,0,0,0,0,0,0,0,0.00848826363156775,0,0,0,0.033953054526271,0,0,0,0,0,0,0,0,0,0,0,0,0,0,0,0.0141471060526129,0,0,0,0,0,0,0,0.00565884242104517,0,0,0,0,0,0,0,0,0,0,0,0,0,0,0,0,0,0,0,0,0,0,0,0,0,0.0113176848420903,0.033953054526271,0.424413181578388,0,0,0,0,0,0,0,0,0,0,0,0,0,0,0,0,0,0,0.0169765272631355,0,0,0,0,0.0254647908947033,0,0,0,0,0,0,2.54647908947033,0,0,0,0,0.0282942121052258,0.0565884242104517,0,0,0,0,0,0,0,0.0198059484736581,0,0,0,0.0594178454209743,0,0,0,0,0,0,0,0,0,0,0,0.00282942121052258,0,0,0,0.0198059484736581,0,0,0.0424413181578388,0.0282942121052258,0.033953054526271,0,0,0,0,0,0,0,0,0,0,0,0,0,0,0,0,0,0,0,0,0,0,0,0,0,0,0,0,0,0.00282942121052258,0,0,0.0113176848420903,0,0,0,0,0,0,0,0,0,0,0,0,0,0,0,0,0,0,0,0,0,0,0,0.0254647908947033,0,0,0,0,0,0,0,0,0,0,0,0,0,0,0,0,0,0,0,0.0141471060526129,0,0,0,0,0,0.0282942121052258,0,0,0,0,0,0,0,0,0.00848826363156775,0,0,0,0,0,0,0,0,0,0,0,0,0,0,0,0,0,0,0,0,0,0,0,0,0.00848826363156775,0,0,0,0.00848826363156775,0,0,0,0,0,0,0,0,0,0,0,0,0.00848826363156775,0.00282942121052258,0.198059484736581,0,0,0,0,0,0,0,0,0,0,0,0,0,0,0.0509295817894065,0.00565884242104517,0,0,0,0,0,0,0,0,0,0,0,0,0,0,0,0,0,0,0,0,0,0,0,0,0,0,0,0,0,0,0,0,0,0,0,0,0,0,0,0,0,0,0,0,0,0,0,0,0,0,0,0,0,0.0141471060526129,0.0226353696841807,0,0,0,0,0,0,0.00565884242104517,0,0.00282942121052258,0,0.0311236333157484,0,0,0,0,0,0,0,0,0,0,0,0,0,0,0,0,0,0,0.0537590029999291,0,0,0,0,0.135812218105084,0,0,0,0,0,0,0,0,0,0,0,0,0,0,0,0,0,0,0,0,0,0,0,0,0,0,0,0.565884242104517,0,0,0,0,0,0,0,0.0226353696841807,0,0,0,0,0.0226353696841807,0,0,0,0,0,0,0,0,0,0,0,0,0,0,0,0,0,0,0,0,0,0,0,0,0,0,0,0,0,0,0,0,0,0,0,0,0,0,0,0,0,0,0,0.00282942121052258,0,0,0.00848826363156775,0,0,0.0198059484736581,0,0,0.00565884242104517,0.00282942121052258,0,0,0,0,0,0,0,0,0,0,0,0,0,0,0,0,0,0,0,0,0,0,0.0763943726841098,0,0,0,0,0,0,0,0,0,0,0,0,0,0,0,0,0,0,0,0,0,0,0,0,0,0.0226353696841807,0,0.0735649514735872,0,0,0,0,0,0,0,0,0,0,0,0,0,0,0,0,0,0,0,0,0,0,0,0,0,0,0,0,0,0,0,5.40996888682925,4.34740847689358,2.36640120250108,0,0,0,0,0,0,0,0,0,0.389663138546271,0,0,0,0,0,0,0,0,0,0,0,0,0,0,0,0,0,0,0,0,0,0,0,0,0,0,0,0,0,2.90600798384901,0,0,0,0,0,0,0,0,0,0,0,0,0,0,0,0,0,0,0,0,0,0,0,0,0,0,0,0,0,0,0,0,0,0,0,0,0,0,0.0460854498427318,0,0,0,0,1.63984734473185,0,0,0,0,0,0,0,0,0,0,0,0,0,0,0,1.77031060649021,0,0,0,0.250424477824562,0,0,0,0,0,0,0,0,0,0,0,0,0,0,0,0.91940968712151,0,0,0,0,0,0,0,0.399942920496372,0,0,0,0,0,0,0,0,0,0,0,0,0,0,0,0,0,0,0,0,0,0,0,0,0,0.57562418875474,2.14933550896927,0.71685084021316,0,0,0,0,0,0,0,0,0,0,0,0,0,0,0,0,0,0,6.22220209248587,0,0,0,0,3.73517260090231,0,0,0,0,0,0,2.58416697999449,0,0,0,0,0.250328161400584,0.0140001256493212,0,0,0,0,0,0,0,0.0352593643470914,0,0,0,0.191515201708305,0,0,0,0,0,0,0,0,0,0,0,0.00666158929805437,0,0,0,1.26039815580462,0,0,2.85214692536838,0.0359544443652427,3.01196747861746,0,0,0,0,0,0,0,0,0,0,0,0,0,0,0,0,0,0,0,0,0,0,0,0,0,0,0,0,0,0.317952240025388,0,0,2.89159101827077,0,0,0,0,0,0,0,0,0,0,0,0,0,0,0,0,0,0,0,0,0,0,0,0.904898746506444,0,0,0,0,0,0,0,0,0,0,0,0,0,0,0,0,0,0,0,1.85409743631978,0,0,0,0,0,0.216154199262115,0,0,0,0,0,0,0,0,1.06902465415509,0,0,0,0,0,0,0,0,0,0,0,0,0,0,0,0,0,0,0,0,0,0,0,0,0.0113911968158894,0,0,0,0.00810365114739811,0,0,0,0,0,0,0,0,0,0,0,0,15.4139866985274,0.28577184477621,45.064638995179,0,0,0,0,0,0,0,0,0,0,0,0,0,0,12.4239217705055,1.2167784560836,0,0,0,0,0,0,0,0,0,0,0,0,0,0,0,0,0,0,0,0,0,0,0,0,0,0,0,0,0,0,0,0,0,0,0,0,0,0,0,0,0,0,0,0,0,0,0,0,0,0,0,0,0,1.96240438522651,0.243997536779496,0,0,0,0,0,0,0.685059312914714,0,0.37361170425437,0,2.67230448505145,0,0,0,0,0,0,0,0,0,0,0,0,0,0,0,0,0,0,0.131634310335425,0,0,0,0,0.329914579660725,0,0,0,0,0,0,0,0,0,0,0,0,0,0,0,0,0,0,0,0,0,0,0,0,0,0,0,1.17219525446498,0,0,0,0,0,0,0,0.0148369189437383,0,0,0,0,0.10487606735697,0,0,0,0,0,0,0,0,0,0,0,0,0,0,0,0,0,0,0,0,0,0,0,0,0,0,0,0,0,0,0,0,0,0,0,0,0,0,0,0,0,0,0,1.30989700097384,0,0,2.88818263022272,0,0,6.72530220487292,0,0,3.20053780502323,5.6852636806677,0,0,0,0,0,0,0,0,0,0,0,0,0,0,0,0,0,0,0,0,0,0,0.315659801524489,0,0,0,0,0,0,0,0,0,0,0,0,0,0,0,0,0,0,0,0,0,0,0,0,0,0.323451032497091,0,0.666468468485868,0,0,0,0,0,0,0,0,0,0,0,0,0,0,0,0,0,0,0,0,0,0,0,0,0,0,0,0,"PAL-00215"
"447",5007,"nSPC",2012,"PRIAs","Pacific Remote Island Areas","Palmyra","Palmyra",2012,"ForereefShallow","Palmyra","2012-05-15","Forereef","Shallow",5.86672143,-162.05752481,4.05,30,5,15,32.5,17.5,0,0,0,NA,0.43375,0.311507434617542,1.05,2,1,70.3504932842121,30.0152813398822,32.1540969554489,132.423753373203,264.943624952747,21.4623740583829,0,0,0,0,0.0141471060526129,0,0,0,0,0,0,0,0.00565884242104517,0,0,0,0.0509295817894065,0,0,0,0,0,0,0,0,0,0.033953054526271,0,0,0,0,0,0,0,0,0,0,0,0,0,0,0.00565884242104517,0,0,0,0,0,0,0,0,0,0,0,0,0,0,0,0,0,0,0,0,0,0,0,0,0,0,0,0,0,0,0,0,0,0,0.00282942121052258,0.00282942121052258,0,0,0,0,0,0,0,0,0,0,0,0,0,0,0,0,0,0.00848826363156775,0,0,0,0,0,0,0,0,0,0,0.00282942121052258,0,0,0,0,0,0,0,0,0,0.0198059484736581,0,0,0,0.0452707393683613,0,0,0,0,0,0,0,0,0,0,0,0,0,0,0,0,0,0,0,0,0,0,0,0.00565884242104517,0,0,0,0,0,0,0,0,0,0.00282942121052258,0,0,0,0,0,0,0,0,0,0,0,0,0,0,0,0,0.00282942121052258,0,0,0,0,0,0,0,0,0,0,0,0,0,0,0,0,0,0.00282942121052258,0,0.0565884242104517,0,0,0,0,0,0,0,0,0,0,0,0.282942121052258,0,0,0,0,0,0,0,0,0,0,0,0,0,0,0.00282942121052258,0,0,0.192400642315536,0,0,0,0,0,0,0,0,0,0,0,0,0,0,0,0.00565884242104517,0,0,0.0367824757367936,0,0.00565884242104517,0,0,0,0,0,0,0,0,0,0,0,0,0,0,0,0,0,0,0,0,0,0,0,0,0,0,0,0,0,0.00282942121052258,0,0,0,0,0,0,0,0,0,0,0,0,0,0,0,0,0,0,0,0,0,0,0,0,0,0,0.0254647908947033,0,0,0,0,0,0,0,0,0,0,0,0,0,0,0,0,0,0,0,0,0,0,0,0,0,0,0,0,0,0,0,0,0,0,0,0,0,0,0,0,0,0,0,0,0,0,0,0,0,0,0,0,0,0,0,0,0,0,0.00848826363156775,0.00848826363156775,0,0,0,0.00282942121052258,0,0,0,0,0,0,0,0,0,0,0.0141471060526129,0,0.0169765272631355,0.0622472666314969,0.1754241150524,0,0,0,0,0,0,0,0,0,0,0,0,0,0,0.0962003211577679,0.00282942121052258,0,0,0,0,0,0,0,0,0,0,0,0,0,0,0,0,0,0,0,0,0,0,0,0,0,0,0,0,0,0,0,0,0,0,0,0,0,0,0,0,0,0,0,0,0,0,0,0,0,0,0,0,0,0.00565884242104517,0,0,0,0,0,0,0,0.00848826363156775,0,0.0226353696841807,0,0.00282942121052258,0,0,0,0,0,0,0,0,0,0,0,0,0,0,0,0,0,0,0.16410643021031,0,0,0,0.00282942121052258,0.00282942121052258,0,0,0,0,0,0.0792237938946324,0,0,0,0,0,0,0,0,0,0,0,0,0,0,0,0,0,0,0,0,0,0,0,0,0,0,0,0,0,0.00282942121052258,0,0,0,0,0,0,0,0,0,0,0,0,0,0,0,0,0,0,0,0,0,0,0,0,0,0,0,0,0,0,0,0,0,0,0,0,0,0,0,0,0,0,0,0,0,0,0,0,0.00565884242104517,0,0,0,0,0,0.00565884242104517,0,0,0.0113176848420903,0,0,0,0,0,0,0,0,0,0,0,0,0,0,0,0,0,0,0,0,0,0,0,0.0650766878420194,0,0,0.00565884242104517,0,0,0.0226353696841807,0,0,0,0,0,0,0,0,0,0,0,0,0,0,0,0,0,0,0,0,0,0.166935851420832,0,0,0,0,0,0,0,0,0,0,0,0,0,0,0,0,0,0,0,0,0,0.446165877718202,0,0,0,0,0,0,0,0.0873838709922859,0,0,0,4.0006034239594,0,0,0,0,0,0,0,0,0,1.05235229509248,0,0,0,0,0,0,0,0,0,0,0,0,0,0,0.289008400127619,0,0,0,0,0,0,0,0,0,0,0,0,0,0,0,0,0,0,0,0,0,0,0,0,0,0,0,0,0,0,0,0,0,0,0.248286972602325,4.73052013213878,0,0,0,0,0,0,0,0,0,0,0,0,0,0,0,0,0,0.155607400311533,0,0,0,0,0,0,0,0,0,0,0.0989083487765892,0,0,0,0,0,0,0,0,0,4.62618516414824,0,0,0,0.207188562458755,0,0,0,0,0,0,0,0,0,0,0,0,0,0,0,0,0,0,0,0,0,0,0,0.405223730734312,0,0,0,0,0,0,0,0,0,0.205065823910012,0,0,0,0,0,0,0,0,0,0,0,0,0,0,0,0,0.223531678154915,0,0,0,0,0,0,0,0,0,0,0,0,0,0,0,0,0,0.223531678154915,0,10.7120344809836,0,0,0,0,0,0,0,0,0,0,0,0.399669893092368,0,0,0,0,0,0,0,0,0,0,0,0,0,0,0.248011218555631,0,0,0.286669340139394,0,0,0,0,0,0,0,0,0,0,0,0,0,0,0,0.261790264166041,0,0,3.31737170113351,0,0.31809483755596,0,0,0,0,0,0,0,0,0,0,0,0,0,0,0,0,0,0,0,0,0,0,0,0,0,0,0,0,0,0.432793331837841,0,0,0,0,0,0,0,0,0,0,0,0,0,0,0,0,0,0,0,0,0,0,0,0,0,0,0.602239256590426,0,0,0,0,0,0,0,0,0,0,0,0,0,0,0,0,0,0,0,0,0,0,0,0,0,0,0,0,0,0,0,0,0,0,0,0,0,0,0,0,0,0,0,0,0,0,0,0,0,0,0,0,0,0,0,0,0,0,0.0606482816623599,0.00655955138504161,0,0,0,0.00133124451352279,0,0,0,0,0,0,0,0,0,0,10.2021909478192,0,53.0870018212267,11.5708684053382,104.530070739537,0,0,0,0,0,0,0,0,0,0,0,0,0,0,29.1694455690717,0.149307035470157,0,0,0,0,0,0,0,0,0,0,0,0,0,0,0,0,0,0,0,0,0,0,0,0,0,0,0,0,0,0,0,0,0,0,0,0,0,0,0,0,0,0,0,0,0,0,0,0,0,0,0,0,0,0.489071850730764,0,0,0,0,0,0,0,1.94604350028719,0,5.97653541406374,0,0.168410588356291,0,0,0,0,0,0,0,0,0,0,0,0,0,0,0,0,0,0,0.646676113625501,0,0,0,0.00332952533180386,0.0194481175912582,0,0,0,0,0,0.25425323242885,0,0,0,0,0,0,0,0,0,0,0,0,0,0,0,0,0,0,0,0,0,0,0,0,0,0,0,0,0,0.00302408538980654,0,0,0,0,0,0,0,0,0,0,0,0,0,0,0,0,0,0,0,0,0,0,0,0,0,0,0,0,0,0,0,0,0,0,0,0,0,0,0,0,0,0,0,0,0,0,0,0,1.94741196131561,0,0,0,0,0,2.07914924697073,0,0,6.72377836911297,0,0,0,0,0,0,0,0,0,0,0,0,0,0,0,0,0,0,0,0,0,0,0,0.385379858117544,0,0,0.0308961674515053,0,0,0.0859165590120252,0,0,0,0,0,0,0,0,0,0,0,0,0,0,0,0,0,0,0,0,0,1.82863908360197,0,0,0,0,0,0,0,0,0,0,0,0,0,0,0,0,0,0,0,0,0,0,0,0,0,0,0,0,"PAL-00282"
"448",5019,"nSPC",2012,"PRIAs","Pacific Remote Island Areas","Palmyra","Palmyra",2012,"ForereefDeep","Palmyra","2012-05-17","Forereef","Deep",5.89784955,-162.14112608,26.2,35,12.5,7.5,7.5,25,12.5,0,0,NA,0.34875,0.221570194082622,0.9,2,1,43.1365865316827,110.392315998305,15.1550371620382,17.1428088559747,185.826748548001,10.8531490608346,0,0,0,0,0,0,0,0,0,0,0,0,0,0.00282942121052258,0,0,0.00848826363156775,0,0,0,0,0.00282942121052258,0,0,0,0.0113176848420903,0,0,0,0,0,0,0,0,0,0,0,0,0,0,0,0,0,0,0,0,0,0,0,0,0,0,0,0,0,0,0.0113176848420903,0,0,0,0,0,0,0,0,0,0,0,0,0,0,0,0,0,0,0,0.00565884242104517,0,0,0,0,0,0,0,0,0,0,0,0,0,0,0,0,0,0,0,0,0,0,0,0,0,0,0,0,0,0,0,0,0,0,0.254647908947033,0,0,0,0,0.00848826363156775,0,0,0,0.0396118969473162,0,0,0,0.00565884242104517,0.0282942121052258,0,0,0,0,0,0,0,0,0,0,0.0169765272631355,0,0.367824757367936,0,0,0,0,0,0.00282942121052258,0,0,0,0,0,0,0,0,0,0,0,0,0,0,0,0,0,0,0,0,0,0,0,0,0,0.00565884242104517,0,1.08932716605119,0,0,0,0,0,0,0,0.00848826363156775,0,0,0,0.00565884242104517,0,0,0,0,0,0,0.0396118969473162,0,0,0,0,0.00565884242104517,0,0,0,0,0,0,0,0,0,0,0,0.00565884242104517,0,0,0,0,0,0,0,0,0.00282942121052258,0,0,0,0.0113176848420903,0,0,0,0,0,0,0,0,0,0,0,0,0,0,0,0.0282942121052258,0,0,0.00282942121052258,0,0,0,0,0,0,0,0.172594693841878,0,0,0,0,0,0,0,0,0,0,0,0,0,0,0,0,0,0,0,0,0,0,0,0.00848826363156775,0,0,0,0,0.00282942121052258,0,0,0,0,0,0,0,0,0,0,0,0,0,0,0,0,0,0,0,0,0,0.0254647908947033,0,0,0,0,0,0,0,0,0,0,0,0,0,0,0,0,0,0,0,0,0,0,0.00848826363156775,0,0,0.0311236333157484,0,0,0,0,0,0,0,0,0.00565884242104517,0,0,0,0,0,0,0,0,0,0,0,0,0,0,0,0,0,0,0,0,0,0,0,0,0.00848826363156775,0,0,0,0,0,0.00282942121052258,0,0,0,0,0,0,0,0,0,0,0.0226353696841807,0.00282942121052258,0.00282942121052258,0,0.00282942121052258,0,0,0,0,0,0,0,0,0.00565884242104517,0,0,0,0,0.00282942121052258,0,0,0,0,0,0,0,0,0.00848826363156775,0,0,0,0,0,0,0,0,0,0,0,0,0,0.0198059484736581,0,0,0,0,0,0,0,0,0,0,0,0,0,0,0,0,0,0,0.00282942121052258,0,0,0,0,0,0,0,0,0,0,0,0.00282942121052258,0.0226353696841807,0,0,0,0,0,0.00848826363156775,0,0,0.00848826363156775,0,0.00565884242104517,0,0,0,0,0,0,0,0,0,0,0,0,0,0,0,0,0,0,0.0198059484736581,0,0,0,0,0.107518005999858,0,0,0,0,0,0,0,0,0,0,0,0,0,0.198059484736581,0,0,0,0,0,0,0,0,0,0,0,0,0,3.3953054526271,0,0,0,0,0,0,0,0.0141471060526129,0,0,0,0.00565884242104517,0.0565884242104517,0.282942121052258,0,0,0,0,0,0,0,0,0,0,0,0,0,0,0,0,0,0,0,0,0,0,0,0,0.00282942121052258,0,0,0,0,0,0,0,0,0.00565884242104517,0,0,0,0,0,0,0,0,0,0,0,0,0,0,0,0,0,0,0.00282942121052258,0,0,0,0,0.00565884242104517,0,0,0,0,0,0,0,0,0,0,0,0,0,0,0,0,0,0,0,0,0,0,0,0,0,0,0.00282942121052258,0,0,0,0,0,0,0,0,0,0,0,0,0,0,0,0,0.0169765272631355,0,0,0,0,0,0,0,0,0,0,0,0,0,0,0,0,0,0,0,0,0,0,0,0,0,0,0,0,0,0,0,0,0.461617396886538,0,0,0.798487103975885,0,0,0,0,0.646331202060811,0,0,0,0.475152626262447,0,0,0,0,0,0,0,0,0,0,0,0,0,0,0,0,0,0,0,0,0,0,0,0,0,0,0,0,0,0,3.57267620947234,0,0,0,0,0,0,0,0,0,0,0,0,0,0,0,0,0,0,0,1.20828858635245,0,0,0,0,0,0,0,0,0,0,0,0,0,0,0,0,0,0,0,0,0,0,0,0,0,0,0,0,0,0,0,0,0,0,77.9726351722876,0,0,0,0,4.10057612647208,0,0,0,0.258769648379945,0,0,0,0.12896247229653,0.1216668586248,0,0,0,0,0,0,0,0,0,0,2.2561653426981,0,0.364265345485098,0,0,0,0,0,0.199971460248186,0,0,0,0,0,0,0,0,0,0,0,0,0,0,0,0,0,0,0,0,0,0,0,0,0,0.281988661853712,0,5.73626670304991,0,0,0,0,0,0,0,0.581754262983126,0,0,0,0.119323859908858,0,0,0,0,0,0,6.81111839727024,0,0,0,0,1.44014445821489,0,0,0,0,0,0,0,0,0,0,0,0.0225467831879913,0,0,0,0,0,0,0,0,0.0058621881694282,0,0,0,0.0234721597040568,0,0,0,0,0,0,0,0,0,0,0,0,0,0,0,1.29173730198302,0,0,0.225166706934366,0,0,0,0,0,0,0,0.0893598140596742,0,0,0,0,0,0,0,0,0,0,0,0,0,0,0,0,0,0,0,0,0,0,0,1.02420823363474,0,0,0,0,0.81059698999809,0,0,0,0,0,0,0,0,0,0,0,0,0,0,0,0,0,0,0,0,0,0.390542312011743,0,0,0,0,0,0,0,0,0,0,0,0,0,0,0,0,0,0,0,0,0,0,0.0836163507868626,0,0,0.0739831399285024,0,0,0,0,0,0,0,0,1.90464922088569,0,0,0,0,0,0,0,0,0,0,0,0,0,0,0,0,0,0,0,0,0,0,0,0,0.0122742680313099,0,0,0,0,0,0.00318282719836775,0,0,0,0,0,0,0,0,0,0,28.6895748096222,1.30578245760523,2.32514485920105,0,3.16119247832484,0,0,0,0,0,0,0,0,0.0397901504835791,0,0,0,0,0.474639722654202,0,0,0,0,0,0,0,0,1.47858083349379,0,0,0,0,0,0,0,0,0,0,0,0,0,18.8375398983149,0,0,0,0,0,0,0,0,0,0,0,0,0,0,0,0,0,0,0.337496256473766,0,0,0,0,0,0,0,0,0,0,0,0.278705006201077,0.248141057112016,0,0,0,0,0,0.138137096597371,0,0,1.76787784734576,0,0.25516923410444,0,0,0,0,0,0,0,0,0,0,0,0,0,0,0,0,0,0,0.0969985782834908,0,0,0,0,0.330353216100567,0,0,0,0,0,0,0,0,0,0,0,0,0,0.215328897381592,0,0,0,0,0,0,0,0,0,0,0,0,0,4.97368958665349,0,0,0,0,0,0,0,0.0295320838848295,0,0,0,0.479605677444087,0.240488793173262,0.226950338128531,0,0,0,0,0,0,0,0,0,0,0,0,0,0,0,0,0,0,0,0,0,0,0,0,0.459462042568811,0,0,0,0,0,0,0,0,1.33522593873105,0,0,0,0,0,0,0,0,0,0,0,0,0,0,0,0,0,0,1.35466493281077,0,0,0,0,2.68736573075356,0,0,0,0,0,0,0,0,0,0,0,0,0,0,0,0,0,0,0,0,0,0,0,0,0,0,0.250329080411291,0,0,0,0,0,0,0,0,0,0,0,0,0,0,0,0,0.311621752843575,0,0,0,0,0,0,0,0,0,0,0,0,0,0,0,0,0,0,0,124.0443022,129.2197023,127.5971022,141.8777025,132.3892024,162.0056028,119.8126021,125.8134022,158.2911028,133.2804023,159.5154028,"PAL-00321"
"449",5020,"nSPC",2012,"PRIAs","Pacific Remote Island Areas","Palmyra","Palmyra",2012,"ForereefMid","Palmyra","2012-05-17","Forereef","Mid",5.89417384,-162.14343555,12.15,32.5,10,6.5,15,23.5,12.5,0,0,NA,0.3075,0.134195398029069,0.6,2,1,6.86863667260369,13.3605542476643,20.4082676179314,11.2154720352431,51.8529305734425,15.1048973694933,0,0,0,0,0,0,0,0,0.00282942121052258,0,0,0,0,0,0,0,0.00848826363156775,0.00848826363156775,0,0.0254647908947033,0,0.0113176848420903,0,0,0,0,0,0,0,0,0,0,0,0,0,0,0,0,0,0,0,0,0,0,0,0,0,0,0,0,0,0,0,0,0,0,0,0,0,0,0,0,0,0,0,0,0,0,0,0,0,0,0,0,0,0,0,0.00282942121052258,0,0,0,0,0,0,0,0,0,0,0,0,0,0,0,0,0,0,0,0,0,0,0,0,0,0,0,0,0,0,0,0,0,0,0,0,0,0,0.00565884242104517,0,0,0,0.0254647908947033,0,0,0,0,0,0,0,0,0,0,0,0,0,0,0,0.0113176848420903,0,0,0,0,0,0,0,0.00282942121052258,0,0,0,0,0,0,0,0,0,0,0,0,0,0,0,0,0,0,0,0,0,0.00565884242104517,0,0,0,0,0,0.0282942121052258,0,0,0,0,0,0,0,0.00282942121052258,0,0,0,0,0,0,0.0169765272631355,0,0,0,0.0367824757367936,0,0,0,0,0.00565884242104517,0,0,0,0,0,0.00565884242104517,1.69765272631355,0,0,0,0,0,0.594178454209743,0,0,0,0,0,0.763943726841098,0,0.00282942121052258,0,0,0,0.0311236333157484,0,0,0,0,0,0,0,0.0565884242104517,0,0,0,0.00282942121052258,0,0,0,0,0,0,0.00565884242104517,0,0,0,0,0,0,0,0,0,0,0,0,0,0,0,0,0,0,0,0,0,0,0,0,0,0,0,0,0.00282942121052258,0,0,0,0,0,0.00282942121052258,0,0,0,0,0,0,0,0,0,0,0,0,0,0,0,0,0,0,0,0,0,0,0,0.0141471060526129,0,0,0,0,0,0,0,0,0,0,0,0,0,0,0,0,0,0,0,0,0,0,0,0,0,0.0622472666314969,0,0,0,0,0,0,0,0,0,0,0,0,0,0,0,0,0,0,0,0,0,0,0,0,0,0,0,0,0,0,0,0,0,0.00282942121052258,0,0,0,0,0,0,0,0,0,0,0,0,0,0,0,0,0,0,0,0,0,0,0,0,0,0,0,0,0,0.0311236333157484,0,0,0,0.00565884242104517,0,0,0,0,0,0,0,0,0,0,0,0,0,0,0,0,0,0,0,0,0,0,0,0,0,0,0,0,0,0,0,0,0,0,0,0,0,0,0,0,0,0,0,0,0,0,0,0,0,0,0,0,0,0,0.00565884242104517,0.00848826363156775,0,0,0,0,0,0.00282942121052258,0,0,0.00282942121052258,0,0.0198059484736581,0,0,0,0,0,0,0,0,0,0,0,0,0,0,0,0,0,0,0.135812218105084,0,0,0,0.0113176848420903,0.0509295817894065,0,0,0,0,0,0,0,0,0,0,0,0,0,0.0707355302630646,0,0,0,0,0,0,0,0,0,0,0,0,0,0,0,0,0,0,0,0,0,0,0,0,0,0,0,0.565884242104517,0,0,0,0,0,0,0,0,0,0,0,0,0,0,0,0,0,0,0,0,0,0,0,0,0,0,0,0,0,0,0,0,0,0,0,0,0,0,0,0,0,0,0.00565884242104517,0,0,0,0,0,0.00565884242104517,0,0,0,0,0,0,0,0,0,0,0,0,0,0,0,0,0,0,0,0,0,0,0,0,0,0,0.0905414787367227,0,0,0,0,0,0,0,0,0,0.00565884242104517,0,0,0,0,0,0,0,0,0,0.311236333157484,0,0,0,0,0,0,0,0.033953054526271,0,0,0,0,0,0,0.00282942121052258,0,0,0,0,0,0,0,0,0,0,0,0,0,0,0,0,0,0,0.363931413402965,0,0,0,0,0,0,0,0.744476056932323,0.340446457662015,0,0.766237367780013,0,2.01401059553718,0,0,0,0,0,0,0,0,0,0,0,0,0,0,0,0,0,0,0,0,0,0,0,0,0,0,0,0,0,0,0,0,0,0,0,0,0,0,0,0,0,0,0,0,0,0,0,0,0,0,0,0,0,0,0,3.4419136963069,0,0,0,0,0,0,0,0,0,0,0,0,0,0,0,0,0,0,0,0,0,0,0,0,0,0,0,0,0,0,0,0,0,0,0,0,0,0,2.66517484774652,0,0,0,0.124336547269918,0,0,0,0,0,0,0,0,0,0,0,0,0,0,0,1.07281112581088,0,0,0,0,0,0,0,0.162145055343946,0,0,0,0,0,0,0,0,0,0,0,0,0,0,0,0,0,0,0,0,0,0.217401603926528,0,0,0,0,0,0.0467194030281489,0,0,0,0,0,0,0,0.223531678154915,0,0,0,0,0,0,0.66289085104008,0,0,0,9.18461051940236,0,0,0,0,0.693295360941909,0,0,0,0,0,0.43208404578354,3.24845849180098,0,0,0,0,0,2.46214025038024,0,0,0,0,0,2.48232091574313,0,0.0058621881694282,0,0,0,0.0608024888310364,0,0,0,0,0,0,0,0.420575538912318,0,0,0,0.328391679841125,0,0,0,0,0,0,0.548516822209005,0,0,0,0,0,0,0,0,0,0,0,0,0,0,0,0,0,0,0,0,0,0,0,0,0,0,0,0,0.472466187917968,0,0,0,0,0,0.437299321276682,0,0,0,0,0,0,0,0,0,0,0,0,0,0,0,0,0,0,0,0,0,0,0,0.159275567704948,0,0,0,0,0,0,0,0,0,0,0,0,0,0,0,0,0,0,0,0,0,0,0,0,0,0.253898395268365,0,0,0,0,0,0,0,0,0,0,0,0,0,0,0,0,0,0,0,0,0,0,0,0,0,0,0,0,0,0,0,0,0,0.0136985311808475,0,0,0,0,0,0,0,0,0,0,0,0,0,0,0,0,0,0,0,0,0,0,0,0,0,0,0,0,0,0.253125680335771,0,0,0,2.26848714881745,0,0,0,0,0,0,0,0,0,0,0,0,0,0,0,0,0,0,0,0,0,0,0,0,0,0,0,0,0,0,0,0,0,0,0,0,0,0,0,0,0,0,0,0,0,0,0,0,0,0,0,0,0,0,1.79576440638166,0.10685566398367,0,0,0,0,0,0.0622990679213183,0,0,0.500467612637146,0,1.74847027051364,0,0,0,0,0,0,0,0,0,0,0,0,0,0,0,0,0,0,0.689858358605872,0,0,0,0.0407691972121076,0.283295420283186,0,0,0,0,0,0,0,0,0,0,0,0,0,0.127038270824606,0,0,0,0,0,0,0,0,0,0,0,0,0,0,0,0,0,0,0,0,0,0,0,0,0,0,0,1.69864637297925,0,0,0,0,0,0,0,0,0,0,0,0,0,0,0,0,0,0,0,0,0,0,0,0,0,0,0,0,0,0,0,0,0,0,0,0,0,0,0,0,0,0,2.54345185912609,0,0,0,0,0,3.37683499096481,0,0,0,0,0,0,0,0,0,0,0,0,0,0,0,0,0,0,0,0,0,0,0,0,0,0,0.340612498813705,0,0,0,0,0,0,0,0,0,0.56916172650137,0,0,0,0,0,0,0,0,0,0.809341790163932,0,0,0,0,0,0,0,0.22590551652206,0,0,0,0,0,0,0.362821715548654,0,0,0,0,0,0,0,0,0,0,37.73090067,35.93380065,49.07850084,42.96700072,27.75500047,32.25770059,24.19640042,33.35090058,36.01470066,35.08640063,27.59780045,"PAL-00245"
"450",5021,"nSPC",2012,"PRIAs","Pacific Remote Island Areas","Palmyra","Palmyra",2012,"ForereefDeep","Palmyra","2012-05-17","Forereef","Deep",5.89773438,-162.09033016,21.4,12.5,15,15,12.5,32.5,12.5,0,0,NA,0.47625,0.244457288955662,0.9,2,1,44.3007236491559,1678.99211952724,11.6983373301998,28.8711053431837,1763.86228584978,7.16712216263709,0,0,0,0,0,0,0,0,0,0,0,0,0,0,0,0.00565884242104517,0.0169765272631355,0,0,0.0141471060526129,0,0.00282942121052258,0,0,0.00848826363156775,0,0,0,0,0,0,0,0,0,0,0,0,0,0,0,0,0,0,0,0,0,0,0.00282942121052258,0,0,0,0.00848826363156775,0,0,0,0,0.00565884242104517,0,0,0,0,0,0,0,0,0,0,0,0,0,0,0,0,0,0,0,0.00848826363156775,0,0,0,0,0,0,0,0,0,0,0,0,0,0,0,0,0,0,0,0,0.00565884242104517,0,0,0,0,0,0,0,0,0,0,0,0,0,0,0,0,0,0,0,0,0,0,0.0452707393683613,0,0,0,0,0.0141471060526129,0,0,0,0,0,0,0,0,0,0,0.0198059484736581,0,0.198059484736581,0,0,0,0,0,0,0,0,0,0,0,0,0,0,0,0,0,0,0,0,0,0,0,0,0,0,0,0,0,0,0,0,0,0.594178454209743,0,0,0,0,0,0,0,0,0,0.00282942121052258,0,0.00565884242104517,0,0,0,0,0,0,0.00282942121052258,0,0,0,0,0,0,0,0,0,0,0,0.0990297423682904,0,0,0,0,0.0820532151051549,0.0282942121052258,0,0,0,0,0,0,0,0.0198059484736581,0,0,0,0.0565884242104517,0,0,0,0,0,0,0,0.00565884242104517,0,0,0,0.00848826363156775,0,0,0,0.0141471060526129,0,0,0.0169765272631355,0,0,0,0,0,0,0,0,0,0,0,0,0,0,0,0,0,0,0,0,0,0,0,0,0,0,0,0,0,0,0,0.00282942121052258,0,0,0,0,0,0,0,0,0,0,0,0,0,0,0,0,0,0,0,0,0,0,0,0,0,0,0.00565884242104517,0,0,0,0,0,0,0,0,0,0,0,0,0,0,0,0,0,0,0,0.00282942121052258,0,0,0,0,0,0.0424413181578388,0,0,0,0,0,0,0,0,0,0,0,0,0,0,0,0,0,0,0,0,0,0,0,0,0,0,0,0,0,0,0,0,0,0.0254647908947033,0,0,0,0,0,0,0,0,0,0,0,0,1.13176848420903,0,0.00282942121052258,0,0.0226353696841807,0,0,0,0,0,0,0.00282942121052258,0,0,0,0,0,0.0141471060526129,0,0,0,0,0.00282942121052258,0.00565884242104517,0,0,0,0,0,0,0,0,0,0,0,0,0,0,0,0,0,0,0,0,0,0,0,0,0,0,0,0,0,0,0,0,0,0,0,0.00282942121052258,0,0,0,0,0,0,0,0,0,0,0,0,0,0,0,0,0.00848826363156775,0.0198059484736581,0,0,0,0,0,0.0169765272631355,0,0,0.00282942121052258,0,0.00565884242104517,0,0,0,0,0,0,0,0,0,0,0,0,0,0,0,0,0,0,0.0367824757367936,0,0,0,0,0.0452707393683613,0,0,0,0,0,0,0,0,0,0.00282942121052258,0,0,0,0.990297423682904,0,0,0,0,0,0,0,0,0,0,0,0,0,1.55618166578742,0,0,0,1.18835690841949,0,0.00848826363156775,0,0,0,0,0,0,0.0282942121052258,0.495148711841452,0,0,0,0,0,0,0,0,0,0,0,0,0,0,0,0,0,0,0,0,0,0,0,0,0,0,0,0,0,0,0,0,0.00282942121052258,0.00282942121052258,0,0,0,0,0,0,0,0,0,0,0,0,0,0,0.00282942121052258,0,0,0,0,0,0,0,0,0.00848826363156775,0,0,0,0,0,0,0,0,0,0,0,0,0,0,0,0,0,0.00848826363156775,0,0,0,0,0,0,0,0,0.00282942121052258,0,0,0,0,0,0,0,0,0,0,0.0565884242104517,0,0,0,0,0,0.0254647908947033,0,0,0,0,0,0,0,0,0.00565884242104517,0,0,0,0,0,0,0,0,0,0,0,0,0,0,0,0,0,0,0,0,0,0,0,0,0,0.855983683023269,0.788189056633186,0,0,0.380762515610313,0,0.393396000525706,0,0,0.0108598933639792,0,0,0,0,0,0,0,0,0,0,0,0,0,0,0,0,0,0,0,0,0,0,0.0517971581656111,0,0,0,0.0479174733150316,0,0,0,0,1.60428182636631,0,0,0,0,0,0,0,0,0,0,0,0,0,0,0,0,0,0,0,1.57473210008043,0,0,0,0,0,0,0,0,0,0,0,0,0,0,0,0,0,0,0,0,2.35375741591629,0,0,0,0,0,0,0,0,0,0,0,0,0,0,0,0,0,0,0,0,0,0,0.198092376143631,0,0,0,0,0.0402127509729693,0,0,0,0,0,0,0,0,0,0,1.61768940354966,0,0.110228591519539,0,0,0,0,0,0,0,0,0,0,0,0,0,0,0,0,0,0,0,0,0,0,0,0,0,0,0,0,0,0,0,0,0,0.676701353235844,0,0,0,0,0,0,0,0,0,0.0875317383401884,0,0.119323859908858,0,0,0,0,0,0,0.367092714888365,0,0,0,0,0,0,0,0,0,0,0,0.123003428285048,0,0,0,0,0.72058512341174,0.0870617632899131,0,0,0,0,0,0,0,0.0211181896626748,0,0,0,0.0704224763522974,0,0,0,0,0,0,0,0.0900187037023188,0,0,0,0.458570237373937,0,0,0,0.468514550608558,0,0,1.67404274337211,0,0,0,0,0,0,0,0,0,0,0,0,0,0,0,0,0,0,0,0,0,0,0,0,0,0,0,0,0,0,0,0.49949091960579,0,0,0,0,0,0,0,0,0,0,0,0,0,0,0,0,0,0,0,0,0,0,0,0,0,0,0.15862882693818,0,0,0,0,0,0,0,0,0,0,0,0,0,0,0,0,0,0,0,0.0682112336509005,0,0,0,0,0,0.237378253646487,0,0,0,0,0,0,0,0,0,0,0,0,0,0,0,0,0,0,0,0,0,0,0,0,0,0,0,0,0,0,0,0,0,0.0455074898602788,0,0,0,0,0,0,0,0,0,0,0,0,2.34439050892996,0,6.80549310040198,0,28.8998196034113,0,0,0,0,0,0,1667.56692469782,0,0,0,0,0,0.0811463856071825,0,0,0,0,0.474639722654202,6.34655739034362,0,0,0,0,0,0,0,0,0,0,0,0,0,0,0,0,0,0,0,0,0,0,0,0,0,0,0,0,0,0,0,0,0,0,0,0.00883147242440414,0,0,0,0,0,0,0,0,0,0,0,0,0,0,0,0,1.26019393235981,0.189945592093231,0,0,0,0,0,0.125410444960509,0,0,0.573570516766373,0,0.705571081640044,0,0,0,0,0,0,0,0,0,0,0,0,0,0,0,0,0,0,0.0801346317902268,0,0,0,0,0.131001723045262,0,0,0,0,0,0,0,0,0,0.00638956551448123,0,0,0,1.16475571181303,0,0,0,0,0,0,0,0,0,0,0,0,0,1.86275935692178,0,0,0,3.00494017282256,0,14.5809425692989,0,0,0,0,0,0,0.202996392216404,0.374115084973668,0,0,0,0,0,0,0,0,0,0,0,0,0,0,0,0,0,0,0,0,0,0,0,0,0,0,0,0,0,0,0,0,1.71981349420903,0.454123801941601,0,0,0,0,0,0,0,0,0,0,0,0,0,0,1.66886053607527,0,0,0,0,0,0,0,0,2.77741149575716,0,0,0,0,0,0,0,0,0,0,0,0,0,0,0,0,0,0.0320830813257475,0,0,0,0,0,0,0,0,0.105607580798513,0,0,0,0,0,0,0,0,0,0,0.0439211054509421,0,0,0,0,0,0.280995906983152,0,0,0,0,0,0,0,0,3.98783533810635,0,0,0,0,0,0,0,0,0,0,126.6116022,133.3830023,116.712102,140.1658024,125.6650023,156.1382027,119.9161021,124.6346022,152.5427027,124.2219022,157.4101027,"PAL-00323"
"451",5022,"nSPC",2012,"PRIAs","Pacific Remote Island Areas","Palmyra","Palmyra",2012,"ForereefMid","Palmyra","2012-05-17","Forereef","Mid",5.89842514,-162.07094374,10.8,20,35,5,15,21.5,3.5,0,0,NA,0.46375,0.238972393341343,1,2,1,23.1521709862084,16.1941085311454,22.4461011958113,22.6687022801736,84.4610829933386,11.3475057878829,0,0,0,0,0,0,0,0,0,0,0,0,0,0,0,0,0.0481001605788839,0,0,0.0226353696841807,0,0,0,0,0,0.00565884242104517,0,0,0,0,0,0,0,0,0,0,0,0,0,0,0,0,0,0,0,0,0,0,0,0,0,0,0,0,0,0,0.00282942121052258,0,0,0,0,0,0,0,0,0,0,0,0,0,0,0,0,0,0,0,0.00848826363156775,0,0,0,0,0,0,0,0,0,0,0,0,0,0,0,0,0,0,0,0,0,0,0,0,0,0,0,0,0,0,0,0,0,0,0,0,0,0,0,0.0198059484736581,0,0,0,0.0396118969473162,0,0,0,0,0,0,0,0,0,0,0,0,0,0,0,0.0198059484736581,0,0,0,0,0,0,0,0,0,0,0,0,0,0,0,0,0,0.00282942121052258,0,0,0,0,0,0,0,0,0,0,0,0,0,0,0,0,0,0.0962003211577679,0,0,0,0,0,0,0,0,0,0,0,0,0,0,0,0,0,0,0.033953054526271,0,0,0,0,0.0198059484736581,0,0,0,0,0,0,1.55618166578742,0,0,0,0,0.172594693841878,0,0,0,0,0,0,0,0,0,0,0,0,0.0452707393683613,0,0,0,0,0,0,0,0,0,0,0,0,0,0,0,0.0169765272631355,0,0,0.0141471060526129,0,0,0,0,0,0,0,0,0,0,0,0,0,0,0,0,0,0,0,0,0,0,0,0,0,0,0,0,0,0,0,0.00848826363156775,0,0,0,0,0,0,0,0,0,0,0,0,0,0,0,0,0,0,0,0,0,0,0,0,0,0,0.0141471060526129,0,0,0,0,0,0,0,0,0,0,0,0,0,0,0,0,0,0,0,0.00565884242104517,0,0,0,0,0,0.0198059484736581,0,0,0,0,0,0,0,0,0.00282942121052258,0,0,0,0,0,0,0,0,0,0,0,0,0,0,0,0,0,0,0,0,0,0,0,0.00282942121052258,0.0141471060526129,0,0,0,0.00282942121052258,0,0,0,0,0,0,0,0,0,0,0,0,0.0141471060526129,0,0.00848826363156775,0,0,0,0,0,0,0,0,0,0,0.00565884242104517,0,0,0,0.0311236333157484,0.0141471060526129,0.00282942121052258,0,0,0,0,0,0,0,0,0,0,0,0,0,0,0,0,0,0,0,0,0,0,0,0,0,0,0,0,0,0,0,0,0,0,0,0,0,0,0,0,0,0,0,0,0,0,0,0,0.00282942121052258,0,0,0,0.00565884242104517,0.0509295817894065,0.00282942121052258,0,0,0,0,0.00848826363156775,0.00282942121052258,0,0.00565884242104517,0,0.0169765272631355,0,0,0,0,0,0,0,0,0,0,0,0,0,0,0,0,0,0,0.0622472666314969,0,0,0,0,0.0594178454209743,0,0,0,0,0,0,0,0,0,0.00848826363156775,0,0,0,0,0,0,0,0,0,0,0,0,0,0,0,0,0,0,0,0,0,0,0.0113176848420903,0,0,0.0141471060526129,0,0,0,0,0.0169765272631355,1.47129902947174,0,0,0,0,0,0,0,0,0,0,0,0,0,0,0,0,0,0,0,0,0,0,0,0,0,0,0,0,0,0,0,0,0,0,0,0,0,0,0,0,0,0,0.00282942121052258,0,0,0,0,0,0.00848826363156775,0,0,0,0,0,0,0,0,0,0,0,0,0,0,0,0,0,0,0,0,0,0,0,0,0,0,0.0962003211577679,0,0.0141471060526129,0,0,0,0,0,0,0.00282942121052258,0,0,0,0,0,0,0,0,0,0,0.0707355302630646,0,0,0,0,0,0.00282942121052258,0,0.0933708999472453,0,0.00282942121052258,0,0,0,0,0,0,0,0,0,0,0,0,0,0,0,0,0,0,0,0,0,0,0,0,0,0,0,0,0,0,0,3.73186565469435,0,0,0.750926943380631,0,0,0,0,0,0.29220847551672,0,0,0,0,0,0,0,0,0,0,0,0,0,0,0,0,0,0,0,0,0,0,0,0,0,0,0,0,0,0,0.464201917351361,0,0,0,0,0,0,0,0,0,0,0,0,0,0,0,0,0,0,0,1.26157659233903,0,0,0,0,0,0,0,0,0,0,0,0,0,0,0,0,0,0,0,0,0,0,0,0,0,0,0,0,0,0,0,0,0,0,0,0,0,0,0,12.2594060300668,0,0,0,0.131422675077766,0,0,0,0,0,0,0,0,0,0,0,0,0,0,0,1.36670785814878,0,0,0,0,0,0,0,0,0,0,0,0,0,0,0,0,0,0.308604317414092,0,0,0,0,0,0,0,0,0,0,0,0,0,0,0,0,0,0.107527626031974,0,0,0,0,0,0,0,0,0,0,0,0,0,0,0,0,0,0,9.80958352496831,0,0,0,0,2.0173098414543,0,0,0,0,0,0,1.14608535553428,0,0,0,0,0.821301701189896,0,0,0,0,0,0,0,0,0,0,0,0,0.168330809304475,0,0,0,0,0,0,0,0,0,0,0,0,0,0,0,1.154180252646,0,0,1.76868476054256,0,0,0,0,0,0,0,0,0,0,0,0,0,0,0,0,0,0,0,0,0,0,0,0,0,0,0,0,0,0,0,1.04314453477819,0,0,0,0,0,0,0,0,0,0,0,0,0,0,0,0,0,0,0,0,0,0,0,0,0,0,0.932126051471893,0,0,0,0,0,0,0,0,0,0,0,0,0,0,0,0,0,0,0,1.31905886413146,0,0,0,0,0,0.157750418402992,0,0,0,0,0,0,0,0,0.331859701418862,0,0,0,0,0,0,0,0,0,0,0,0,0,0,0,0,0,0,0,0,0,0,0,0.0174192156537166,0.049963519449452,0,0,0,0.0119901315272546,0,0,0,0,0,0,0,0,0,0,0,0,7.31293569346344,0,3.86823781308099,0,0,0,0,0,0,0,0,0,0,0.0845685705613095,0,0,0,10.653406318294,2.85759049810241,1.07983864398743,0,0,0,0,0,0,0,0,0,0,0,0,0,0,0,0,0,0,0,0,0,0,0,0,0,0,0,0,0,0,0,0,0,0,0,0,0,0,0,0,0,0,0,0,0,0,0,0,0.0708939778508539,0,0,0,1.21035008437151,0.650493799423734,4.72884218575181,0,0,0,0,0.076578222638759,0.39109720231686,0,0.74722340850874,0,0.841144350747524,0,0,0,0,0,0,0,0,0,0,0,0,0,0,0,0,0,0,0.316914645600115,0,0,0,0,0.174238184057314,0,0,0,0,0,0,0,0,0,0.00488592002806462,0,0,0,0,0,0,0,0,0,0,0,0,0,0,0,0,0,0,0,0,0,0,0.0298720181900731,0,0,0.0223026297498232,0,0,0,0,0.148149198391905,3.04912676898637,0,0,0,0,0,0,0,0,0,0,0,0,0,0,0,0,0,0,0,0,0,0,0,0,0,0,0,0,0,0,0,0,0,0,0,0,0,0,0,0,0,0,0.122945692059514,0,0,0,0,0,1.41497657085508,0,0,0,0,0,0,0,0,0,0,0,0,0,0,0,0,0,0,0,0,0,0,0,0,0,0,0.535593814180213,0,0.106308622079681,0,0,0,0,0,0,0.300260442397625,0,0,0,0,0,0,0,0,0,0,0.0181436635124761,0,0,0,0,0,0.118701676609934,0,1.8981726757348,0,0.204052929311152,0,0,0,0,0,0,0,0,0,0,0,0,0,0,0,0,0,0,0,0,0,0,0,0,0,0,"PAL-00233"
"452",5023,"nSPC",2012,"PRIAs","Pacific Remote Island Areas","Palmyra","Palmyra",2012,"ForereefDeep","Palmyra","2012-05-17","Forereef","Deep",5.89106356,-162.04981396,24.9,17.5,12.5,15,15,25,15,0,0,NA,0.465,0.314526082247873,1.2,2,1,122.681904942753,65.2863576384089,33.6500764616715,30.3716691797911,251.990008222625,11.4127669683703,0,0,0,0,0,0,0,0,0,0,0,0,0,0,0,0.0254647908947033,0.00848826363156775,0,0.00848826363156775,0,0,0,0,0,0,0,0,0.0226353696841807,0,0,0,0,0,0,0,0,0,0,0,0,0,0,0,0,0,0,0,0,0,0,0,0,0,0,0,0,0,0,0,0,0,0,0,0,0,0,0,0,0,0,0,0,0,0,0,0,0.00565884242104517,0.00282942121052258,0,0,0,0,0,0,0,0,0,0,0,0,0,0,0,0,0,0,0,0,0,0,0,0,0,0,0,0,0,0,0,0,0,0,0,0,0,0,0.0141471060526129,0,0,0,0.0311236333157484,0,0,0,0,0.033953054526271,0,0,0,0,0,0,0,0,0,0,0.033953054526271,0,0,0,0,0,0,0,0,0,0,0,0,0,0,0,0,0,0,0,0,0,0,0,0,0,0,0,0,0,0,0,0,0,0.00565884242104517,0.00565884242104517,1.49959324157697,0,0,0,0,0,0,0,0,0,0,0,0.0141471060526129,0,0,0,0,0,0,0.0113176848420903,0,0,0,0,0,0.00282942121052258,0,0,0,0,0,0.495148711841452,0,0,0,0,0.158447587789265,0,0,0,0,0,0,0,0,0.0113176848420903,0,0,0,0.033953054526271,0,0,0,0,0,0,0,0,0,0,0,0,0,0,0,0.0198059484736581,0,0,0.0141471060526129,0,0.00848826363156775,0,0,0,0,0,0,0,0,0,0,0,0,0,0,0,0,0,0,0,0,0,0,0,0,0,0,0,0,0,0.00282942121052258,0,0,0,0,0.00282942121052258,0,0,0,0,0,0,0,0,0,0,0,0,0,0,0,0,0,0,0,0,0,0.0113176848420903,0,0,0,0,0,0,0,0,0,0,0,0,0,0,0,0,0,0,0,0.00282942121052258,0,0,0,0,0,0.0396118969473162,0,0,0,0,0,0,0,0,0,0,0,0,0,0,0,0,0,0,0,0,0,0,0,0,0,0,0,0,0,0,0,0,0.00282942121052258,0.0113176848420903,0,0,0,0,0,0,0,0,0,0,0.00565884242104517,0,0,0,0.00282942121052258,0,0.033953054526271,0,0.00565884242104517,0,0,0,0,0,0,0,0,0,0,0.0141471060526129,0,0,0,0,0.00565884242104517,0,0,0,0,0,0,0,0,0,0,0,0,0,0,0,0,0,0,0,0,0.0254647908947033,0,0.0622472666314969,0,0,0,0,0,0,0,0,0,0,0,0,0,0.00565884242104517,0,0,0,0,0.00282942121052258,0,0,0,0,0,0,0,0,0,0,0,0,0.0254647908947033,0,0,0,0,0,0.0169765272631355,0.00565884242104517,0,0.00565884242104517,0,0.0141471060526129,0,0,0,0,0,0,0,0,0,0,0,0,0,0,0,0,0,0,0.00848826363156775,0,0,0,0,0.0509295817894065,0,0,0,0,0,0,0,0,0,0.00282942121052258,0,0,0,0.254647908947033,0,0,0,0,0,0,0,0,0,0,0,0,0,0,0,0,0,0.33953054526271,0,0.00565884242104517,0,0.00565884242104517,0,0,0,0.00848826363156775,0.0311236333157484,0.962003211577679,0,0,0,0,0,0,0,0,0,0,0,0,0,0,0,0,0,0,0,0,0,0,0,0,0.00282942121052258,0,0,0,0,0,0,0,0,0,0,0,0,0,0,0,0,0,0,0,0,0,0,0,0.00848826363156775,0,0,0,0.00282942121052258,0,0,0,0,0,0,0,0,0,0,0,0,0,0,0,0,0,0,0,0,0,0,0.0509295817894065,0,0,0,0,0,0,0,0,0,0,0,0,0,0,0,0,0,0,0,0.0226353696841807,0,0,0,0,0,0.0141471060526129,0,0,0,0,0,0,0,0,0,0,0,0,0.00565884242104517,0,0,0,0,0,0,0,0,0,0,0,0,0,0,0,0,0,0,0,0,0,16.6667236888515,0.394094528316593,0,1.08404555743387,0,0,0,0,0,0,0,0,14.5337245958887,0,0,0,0,0,0,0,0,0,0,0,0,0,0,0,0,0,0,0,0,0,0,0,0,0,0,0,0,0,0,0,0,0,0,0,0,0,0,0,0,0,0,0,0,0,0,0,0,0.581679799923381,4.73052013213878,0,0,0,0,0,0,0,0,0,0,0,0,0,0,0,0,0,0,0,0,0,0,0,0,0,0,0,0,0,0,0,0,0,0,0,0,0,0,16.6140874862362,0,0,0,0.131317007499379,0,0,0,0,0.125165459804341,0,0,0,0,0,0,0,0,0,0,3.08832319056673,0,0,0,0,0,0,0,0,0,0,0,0,0,0,0,0,0,0,0,0,0,0,0,0,0,0,0,0,0,0,0,0,0,0.281988661853712,0.281988661853712,2.63088638302263,0,0,0,0,0,0,0,0,0,0,0,0.364574737798617,0,0,0,0,0,0,6.6498793951704,0,0,0,0,0,0.0679298284579949,0,0,0,0,0,0.54749300423612,0,0,0,0,0.892776935446949,0,0,0,0,0,0,0,0,0.0638473546665852,0,0,0,0.125045569721776,0,0,0,0,0,0,0,0,0,0,0,0,0,0,0,1.04423428392484,0,0,2.07752320216906,0,0.47714225633394,0,0,0,0,0,0,0,0,0,0,0,0,0,0,0,0,0,0,0,0,0,0,0,0,0,0,0,0,0,0.269163497623171,0,0,0,0,1.01241608582374,0,0,0,0,0,0,0,0,0,0,0,0,0,0,0,0,0,0,0,0,0,0.344125749753971,0,0,0,0,0,0,0,0,0,0,0,0,0,0,0,0,0,0,0,0.236265071445519,0,0,0,0,0,0.277907166008133,0,0,0,0,0,0,0,0,0,0,0,0,0,0,0,0,0,0,0,0,0,0,0,0,0,0,0,0,0,0,0,0,0.0243290750675526,0.0676500873408266,0,0,0,0,0,0,0,0,0,0,16.6597407122373,0,0,0,6.44526068278964,0,77.7608314393095,0,4.07484899436621,0,0,0,0,0,0,0,0,0,0,0.0445464075384676,0,0,0,0,1.83776966918396,0,0,0,0,0,0,0,0,0,0,0,0,0,0,0,0,0,0,0,0,10.0931916729749,0,26.9302356549465,0,0,0,0,0,0,0,0,0,0,0,0,0,0.00329570982601671,0,0,0,0,0.165380365349875,0,0,0,0,0,0,0,0,0,0,0,0,0.317816935910323,0,0,0,0,0,0.175055162055301,0.926190183735055,0,1.00093522527429,0,1.45146907509367,0,0,0,0,0,0,0,0,0,0,0,0,0,0,0,0,0,0,0.0432156334909248,0,0,0,0,0.209633853075203,0,0,0,0,0,0,0,0,0,0.00162864000935487,0,0,0,0.414540350803672,0,0,0,0,0,0,0,0,0,0,0,0,0,0,0,0,0,1.29090296866659,0,13.7029414803009,0,0.0118128335539318,0,0,0,0.741697350186652,0.234777323160444,2.86124107418831,0,0,0,0,0,0,0,0,0,0,0,0,0,0,0,0,0,0,0,0,0,0,0,0,0.196338603095246,0,0,0,0,0,0,0,0,0,0,0,0,0,0,0,0,0,0,0,0,0,0,0,2.33211647971871,0,0,0,2.43077109348117,0,0,0,0,0,0,0,0,0,0,0,0,0,0,0,0,0,0,0,0,0,0,0.40724736302482,0,0,0,0,0,0,0,0,0,0,0,0,0,0,0,0,0,0,0,0.0268795014999645,0,0,0,0,0,0.582656635453689,0,0,0,0,0,0,0,0,0,0,0,0,2.92819069394583,0,0,0,0,0,0,0,0,0,0,0,0,0,0,0,0,0,"PAL-00319"
"453",5024,"nSPC",2012,"PRIAs","Pacific Remote Island Areas","Palmyra","Palmyra",2012,"ForereefMid","Palmyra","2012-05-17","Forereef","Mid",5.8836061,-162.03624249,13.05,15,32.5,7.5,20,25,0,0,0,NA,0.4675,0.242715298558012,1.05,2,1,56.1385076307577,45.5137671268082,31.1519328773947,36.4446472147018,169.248854849662,23.2618083999388,0,0,0,0,0,0,0,0,0,0,0,0,0,0,0,0,0.0396118969473162,0,0,0,0,0,0,0,0,0.00848826363156775,0,0,0,0,0,0,0,0,0,0,0,0,0,0,0.00282942121052258,0,0,0,0,0,0,0,0,0,0.00282942121052258,0,0,0,0,0,0.0198059484736581,0,0,0,0,0,0,0,0,0.00282942121052258,0,0,0,0,0,0,0,0,0,0,0.00565884242104517,0.00282942121052258,0,0,0,0,0,0,0,0,0,0,0,0,0,0,0,0,0,0,0,0,0,0,0,0,0,0,0,0,0,0,0,0,0,0,0,0,0,0,0.00565884242104517,0,0,0,0.0141471060526129,0,0,0,0,0.00282942121052258,0,0,0,0,0,0,0,0,0,0,0.0113176848420903,0,0,0,0,0,0,0,0.00282942121052258,0,0,0,0,0,0,0,0,0,0,0,0,0.0141471060526129,0,0,0,0,0,0,0,0,0,0,0,0,0.0113176848420903,0,0.452707393683613,0,0,0,0,0,0,0,0,0,0,0,0,0,0,0,0,0.00565884242104517,0,0.0594178454209743,0,0,0,0,0.00282942121052258,0.00282942121052258,0,0,0,0,0.0113176848420903,2.05133037762887,0,0,0,0,0.226353696841807,0,0,0,0,0,0,0,0,0.0113176848420903,0,0,0,0.0113176848420903,0,0,0,0,0,0,0,0,0,0,0,0,0,0,0,0.0198059484736581,0,0,0.0169765272631355,0,0,0,0,0,0,0,0,0,0,0,0,0,0,0,0,0,0,0,0,0,0,0,0,0,0,0,0,0,0,0,0,0,0,0,0,0,0,0,0,0,0,0,0,0,0,0,0,0,0,0,0,0,0,0,0,0,0,0.0141471060526129,0,0,0,0,0,0,0,0,0,0,0,0,0,0,0,0,0,0,0,0.0141471060526129,0,0,0,0,0,0.00565884242104517,0,0,0,0,0,0,0,0,0.00282942121052258,0,0,0,0,0,0,0,0,0,0,0,0,0,0,0,0,0,0,0,0,0,0,0,0.00565884242104517,0.0113176848420903,0,0,0,0.00282942121052258,0,0,0,0,0,0,0,0,0,0,0,0,0.0424413181578388,0,0.00282942121052258,0,0,0,0,0,0,0,0,0,0,0,0,0,0,0.0226353696841807,0.00565884242104517,0.00282942121052258,0,0,0,0,0,0,0,0,0,0,0,0,0,0,0,0,0,0,0,0.00565884242104517,0,0.00565884242104517,0,0,0,0,0,0,0,0,0,0,0,0,0,0,0,0,0,0,0,0,0,0,0,0,0,0,0,0,0,0,0.00848826363156775,0.0396118969473162,0,0,0,0,0,0,0.00565884242104517,0,0.00282942121052258,0,0.0113176848420903,0,0,0,0,0,0,0,0,0,0,0,0,0,0,0,0,0,0,0.0141471060526129,0,0,0,0,0.067906109052542,0,0,0,0,0,0,0,0,0,0,0,0,0,0,0,0,0,0,0,0,0,0,0,0,0,0,0,0,0,0,0,0,0,0.00565884242104517,0,0.0198059484736581,0,0,0,0.00565884242104517,0.0282942121052258,0.113176848420903,0,0,0,0,0,0,0,0,0,0,0,0,0,0,0,0,0,0,0,0,0,0,0,0,0,0,0,0,0,0,0,0,0.00282942121052258,0,0,0,0,0,0,0,0,0,0,0,0,0,0,0,0.00282942121052258,0,0,0,0,0,0,0,0,0,0,0,0,0,0,0,0,0,0,0,0,0,0,0,0,0,0,0.0820532151051549,0,0,0,0,0,0,0,0,0,0,0,0,0,0,0,0,0,0,0,0.0792237938946324,0,0,0,0,0,0.0113176848420903,0,0.0367824757367936,0,0,0,0,0,0,0,0,0,0,0,0,0,0,0,0,0,0,0,0,0,0,0,0,0,0,0,0,0,0,0,0,0,2.82818708648815,0,0,0,0,0,0,0,0,0.531949295873993,0,0,0,0,0,0,0,0,0,0,0,0,0,0,0.153445882182303,0,0,0,0,0,0,0,0,0,0.114129797484607,0,0,0,0,0,4.18925519140579,0,0,0,0,0,0,0,0,0.360700343066254,0,0,0,0,0,0,0,0,0,0,0.786936869684827,12.369301141036,0,0,0,0,0,0,0,0,0,0,0,0,0,0,0,0,0,0,0,0,0,0,0,0,0,0,0,0,0,0,0,0,0,0,0,0,0,0,6.07833997030251,0,0,0,0.0562811092325366,0,0,0,0,0.0133986696144496,0,0,0,0,0,0,0,0,0,0,1.17872682202188,0,0,0,0,0,0,0,0.243078675390366,0,0,0,0,0,0,0,0,0,0,0,0,15.2514765918425,0,0,0,0,0,0,0,0,0,0,0,0,0.563977323707424,0,0.710280924162326,0,0,0,0,0,0,0,0,0,0,0,0,0,0,0,0,0.447063356309831,0,7.71331048710046,0,0,0,0,0.147421377868866,0.184470254125632,0,0,0,0,0.637547606174827,2.70644041760722,0,0,0,0,1.66976984808754,0,0,0,0,0,0,0,0,0.0234487526777128,0,0,0,0.103148186306243,0,0,0,0,0,0,0,0,0,0,0,0,0,0,0,1.30017100261224,0,0,1.89665844797885,0,0,0,0,0,0,0,0,0,0,0,0,0,0,0,0,0,0,0,0,0,0,0,0,0,0,0,0,0,0,0,0,0,0,0,0,0,0,0,0,0,0,0,0,0,0,0,0,0,0,0,0,0,0,0,0,0,0,0.555595359263979,0,0,0,0,0,0,0,0,0,0,0,0,0,0,0,0,0,0,0,0.768277248796864,0,0,0,0,0,0.0548664384617276,0,0,0,0,0,0,0,0,0.448075914104109,0,0,0,0,0,0,0,0,0,0,0,0,0,0,0,0,0,0,0,0,0,0,0,0.0762860743348738,0.0591904373068281,0,0,0,0.0027012170491327,0,0,0,0,0,0,0,0,0,0,0,0,42.7499606220862,0,1.10750287977166,0,0,0,0,0,0,0,0,0,0,0,0,0,0,4.7165902374509,1.26541392775515,2.3079083331299,0,0,0,0,0,0,0,0,0,0,0,0,0,0,0,0,0,0,0,19.4888387937548,0,15.4547751001204,0,0,0,0,0,0,0,0,0,0,0,0,0,0,0,0,0,0,0,0,0,0,0,0,0,0,0,0,0,0,0.935515981034341,0.807957016506454,0,0,0,0,0,0,1.00670904390694,0,0.319224740674853,0,0.703090620905818,0,0,0,0,0,0,0,0,0,0,0,0,0,0,0,0,0,0,0.0522219135727234,0,0,0,0,0.252999382175376,0,0,0,0,0,0,0,0,0,0,0,0,0,0,0,0,0,0,0,0,0,0,0,0,0,0,0,0,0,0,0,0,0,9.66611458643091,0,0.0585444030932859,0,0,0,0.876150997321403,0.161126609159848,0.158032099449116,0,0,0,0,0,0,0,0,0,0,0,0,0,0,0,0,0,0,0,0,0,0,0,0,0,0,0,0,0,0,0,0,1.40625826774346,0,0,0,0,0,0,0,0,0,0,0,0,0,0,0,0.297021320995819,0,0,0,0,0,0,0,0,0,0,0,0,0,0,0,0,0,0,0,0,0,0,0,0,0,0,0.426866047468339,0,0,0,0,0,0,0,0,0,0,0,0,0,0,0,0,0,0,0,0.0770904103018983,0,0,0,0,0,0.16462356447821,0,0.564409830711713,0,0,0,0,0,0,0,0,0,0,0,0,0,0,0,0,0,138.3276024,146.8425025,125.6866022,144.1428025,134.3826024,161.9974028,128.5108022,130.9522023,167.834903,130.8664023,161.8939028,"PAL-00223"
"454",5027,"nSPC",2012,"PRIAs","Pacific Remote Island Areas","Palmyra","Palmyra",2012,"ForereefShallow","Palmyra","2012-05-17","Forereef","Shallow",5.86723465,-162.10934878,5.85,17.5,0,15,22.5,37.5,5,2.5,0,NA,0.50125,0.318989803990173,1.15,2,1,6.27676999797397,10.8729239596802,64.3647312146571,15.5450657880256,97.0594909603369,48.8223347999401,0,0,0,0,0,0,0,0,0.00282942121052258,0,0,0,0,0.00282942121052258,0,0,0.0481001605788839,0,0,0.00282942121052258,0,0.00848826363156775,0,0,0,0,0,0,0,0,0,0,0,0,0,0,0,0,0,0,0,0.00282942121052258,0,0,0,0,0,0,0,0,0,0,0,0,0,0,0,0,0,0,0,0,0,0,0,0,0,0,0,0,0,0,0,0,0,0,0,0,0,0,0,0,0,0,0,0,0,0,0,0,0,0,0,0,0,0,0,0,0,0,0,0,0,0,0,0,0,0,0,0,0,0,0,0,0,0,0,0,0,0,0.0367824757367936,0,0,0,0,0,0,0,0,0,0,0,0,0,0,0,0.0141471060526129,0,0.848826363156775,0,0,0,0,0,0,0,0,0,0,0,0,0,0,0,0,0,0,0.0113176848420903,0,0,0,0,0,0,0,0,0,0,0,0,0,0,0,0,0,0,0,0,0,0,0,0,0,0,0,0,0,0.0113176848420903,0,0,0,0.0198059484736581,0,0,0,0,0.00848826363156775,0,0,0,0,0,0,1.78253536262923,0,0,0,0,0,0,0,0,0,0,0,0,0,0.0113176848420903,0,0,0,0.0848826363156775,0,0,0,0,0,0.00282942121052258,0,0,0,0,0,0.00282942121052258,0,0,0,0,0,0,0.0169765272631355,0.0141471060526129,0.0254647908947033,0,0,0,0,0,0,0,0,0,0,0,0,0,0,0,0,0,0,0,0,0,0,0,0,0,0,0,0,0,0.00565884242104517,0,0,0,0,0,0,0,0,0,0,0,0,0,0,0,0,0,0,0,0,0,0,0,0,0,0,0.0141471060526129,0,0,0,0,0,0,0,0,0,0,0,0,0,0,0,0,0,0,0,0.00565884242104517,0,0,0,0,0.00848826363156775,0.0311236333157484,0,0,0,0,0,0,0,0,0,0,0,0,0,0,0,0,0,0,0,0,0,0,0,0,0,0,0,0,0,0,0,0,0,0.00565884242104517,0,0,0,0.00565884242104517,0,0,0,0,0,0,0,0,0,0,0,0,0.0113176848420903,0,0.00848826363156775,0,0,0,0,0,0,0,0,0,0,0.0367824757367936,0,0,0,0.033953054526271,0.00282942121052258,0,0,0,0,0,0,0,0,0,0,0,0,0,0,0,0,0,0,0,0,0,0,0,0.00282942121052258,0,0,0,0,0,0,0,0,0,0,0,0,0,0,0,0,0,0,0,0,0,0,0,0,0,0.00282942121052258,0,0,0,0.00848826363156775,0.0141471060526129,0.00282942121052258,0,0,0,0.00848826363156775,0.0141471060526129,0.00282942121052258,0,0.0113176848420903,0,0.0113176848420903,0,0,0,0,0,0,0,0,0,0,0,0,0,0,0,0,0,0,0.113176848420903,0,0,0,0.0452707393683613,0.0169765272631355,0,0,0,0,0,0,0,0,0,0,0,0,0,0,0,0,0,0,0,0,0,0,0,0,0,0,0,0,0,0,0,0,0,0,0,0,0,0,0,0,0,0,0,0,0,0,0,0,0,0,0,0,0,0,0,0,0,0,0,0,0,0,0,0,0,0.00282942121052258,0,0,0,0,0,0,0,0,0,0,0,0,0,0,0,0,0,0,0.00848826363156775,0,0,0.00282942121052258,0,0,0.00282942121052258,0,0,0,0.00565884242104517,0,0,0,0,0.00282942121052258,0,0,0,0,0,0,0,0,0,0,0,0,0,0,0,0,0,0.0622472666314969,0,0.0198059484736581,0.0226353696841807,0,0,0.0113176848420903,0,0,0,0,0,0,0,0,0,0,0,0,0,0,0,0,0,0,0,0,0,0.141471060526129,0,0,0,0,0,0,0.00282942121052258,0,0,0,0,0,0,0,0,0,0,0,0,0,0,0,0,0,0,1.38932236739325,0,0,0,0,0.235085741145474,0,0,4.13447180773575,0,0,0.294314404676918,0,0.980655090942757,0,0,0,0,0,0,0,0,0,0,0,0,0,0,0,0,0,0,0,0.121687747422155,0,0,0,0,0,0,0,0,0,0,0,0,0,0,0,0,0,0,0,0,0,0,0,0,0,0,0,0,0,0,0,0,0,0,0,0,0,0,0,0,0,0,0,0,0,0,0,0,0,0,0,0,0,0,0,0,0,0,0,0,0,0,0,0,0,0,0,0,0,0,0,0,0,0,0,0,0,0,0.169339284537801,0,0,0,0,0,0,0,0,0,0,0,0,0,0,0,1.02257720175725,0,0.383245102965284,0,0,0,0,0,0,0,0,0,0,0,0,0,0,0,0,0,0,25.0677687355712,0,0,0,0,0,0,0,0,0,0,0,0,0,0,0,0,0,0,0,0,0,0,0,0,0,0,0,0,0,0.563977323707424,0,0,0,9.16278890964942,0,0,0,0,2.72373439885289,0,0,0,0,0,0,2.05200377987698,0,0,0,0,0,0,0,0,0,0,0,0,0,0.040349886318933,0,0,0,0.285281701710415,0,0,0,0,0,0.56674907181873,0,0,0,0,0,0.211536300904421,0,0,0,0,0,0,1.9804890371721,0.51607697984168,2.70502149536265,0,0,0,0,0,0,0,0,0,0,0,0,0,0,0,0,0,0,0,0,0,0,0,0,0,0,0,0,0,0.744776392725863,0,0,0,0,0,0,0,0,0,0,0,0,0,0,0,0,0,0,0,0,0,0,0,0,0,0,0.485956506029238,0,0,0,0,0,0,0,0,0,0,0,0,0,0,0,0,0,0,0,0.57208722018227,0,0,0,0,0.0112469493118273,0.201666147953634,0,0,0,0,0,0,0,0,0,0,0,0,0,0,0,0,0,0,0,0,0,0,0,0,0,0,0,0,0,0,0,0,0,0.0337406772027149,0,0,0,0.0168056517762911,0,0,0,0,0,0,0,0,0,0,0,0,3.54265003890499,0,3.32250863931499,0,0,0,0,0,0,0,0,0,0,0.386300877872648,0,0,0,8.28261451367032,0.387383452121338,0,0,0,0,0,0,0,0,0,0,0,0,0,0,0,0,0,0,0,0,0,0,0,2.06743158710572,0,0,0,0,0,0,0,0,0,0,0,0,0,0,0,0,0,0,0,0,0,0,0,0,0,0.0410266075525775,0,0,0,0.474830751305538,0.209382523434461,0.878683260759762,0,0,0,0.431122305152779,0.180523836500744,0.221217541251428,0,1.34450967507688,0,0.922839330081911,0,0,0,0,0,0,0,0,0,0,0,0,0,0,0,0,0,0,0.328038937703248,0,0,0,0.15713402791996,0.0561320985153951,0,0,0,0,0,0,0,0,0,0,0,0,0,0,0,0,0,0,0,0,0,0,0,0,0,0,0,0,0,0,0,0,0,0,0,0,0,0,0,0,0,0,0,0,0,0,0,0,0,0,0,0,0,0,0,0,0,0,0,0,0,0,0,0,0,0.129208921452001,0,0,0,0,0,0,0,0,0,0,0,0,0,0,0,0,0,0,6.18259959504955,0,0,0.606265741621095,0,0,0.5422981868936,0,0,0,5.24265967068967,0,0,0,0,2.01795396046562,0,0,0,0,0,0,0,0,0,0,0,0,0,0,0,0,0,0.301877097791327,0,0.155060563167596,0.0193403923053036,0,0,0.0763059748745292,0,0,0,0,0,0,0,0,0,0,0,0,0,0,0,0,0,0,0,0,0,1.516013221688,0,0,0,0,0,0,0.362821715548654,0,0,0,0,0,0,0,0,0,0,0,0,0,0,0,0,0,0,0,0,0,"PAL-00278"
"455",5035,"nSPC",2012,"PRIAs","Pacific Remote Island Areas","Palmyra","Palmyra",2012,"ForereefDeep","Palmyra","2012-05-18","Forereef","Deep",5.88733077,-162.0428051,25.6,20,12.5,10,15,30,12.5,0,0,NA,0.6375,0.444183695276651,2.5,2,1,45.2838112797217,62.1003615399679,14.4004603061302,20.7449283615472,142.529561487367,9.27990172005479,0,0,0,0,0,0,0,0,0,0,0,0,0,0,0,0.033953054526271,0.0141471060526129,0,0,0,0,0,0,0,0,0,0,0,0,0,0,0,0,0,0,0,0,0,0,0,0,0,0,0,0,0,0,0,0,0,0,0,0,0,0,0,0,0,0,0,0,0,0,0,0,0,0,0,0,0,0,0,0,0,0,0,0.00565884242104517,0,0,0,0,0,0,0.00282942121052258,0,0,0,0,0,0,0,0,0,0,0,0,0,0,0,0,0,0,0,0,0,0,0,0,0,0,0,0,0,0,0,0,0.0113176848420903,0,0,0,0.0198059484736581,0,0,0,0.00282942121052258,0.0509295817894065,0,0,0,0,0,0,0,0,0,0,0.0198059484736581,0,0.141471060526129,0,0,0,0,0,0,0,0,0,0,0,0,0,0,0,0,0,0,0,0,0,0,0,0,0,0,0,0,0,0.0509295817894065,0,0.00565884242104517,0,1.85327089289229,0,0,0,0,0,0,0,0,0,0,0,0.00565884242104517,0,0,0,0,0,0,0.00848826363156775,0,0,0,0,0.00282942121052258,0,0,0,0,0,0,0,0,0,0,0,0.0509295817894065,0,0,0,0,0,0,0,0,0,0,0,0,0.0141471060526129,0,0,0,0,0,0,0,0,0,0,0,0.00565884242104517,0,0,0,0.0282942121052258,0,0,0.0113176848420903,0,0,0,0,0,0,0,0,0,0,0,0,0,0,0,0,0,0,0,0,0,0,0,0,0,0,0,0,0,0,0,0,0,0,0,0,0,0,0,0,0,0,0,0,0,0,0,0,0,0,0,0,0,0,0,0,0,0,0.0113176848420903,0,0.00282942121052258,0,0,0,0,0,0,0,0,0,0,0,0,0,0,0,0,0,0.00282942121052258,0,0,0.0735649514735872,0,0,0.0198059484736581,0,0,0,0,0,0,0,0,0,0,0,0,0,0,0,0,0,0,0,0,0,0,0,0,0,0,0,0,0,0,0,0,0.00282942121052258,0.00848826363156775,0,0,0,0,0,0,0,0,0,0,0,0,0,0,0,0,0.0141471060526129,0,0.00565884242104517,0,0,0,0,0,0,0,0,0,0,0,0,0,0,0,0.00848826363156775,0.00282942121052258,0,0,0,0,0,0,0,0,0,0,0,0,0,0.00282942121052258,0,0,0,0,0,0,0,0.0198059484736581,0,0,0,0,0,0,0,0.0113176848420903,0,0,0,0,0,0.0198059484736581,0,0,0,0,0,0,0,0,0,0,0,0,0,0,0,0,0.00565884242104517,0.0169765272631355,0.00565884242104517,0,0,0,0,0.00848826363156775,0,0,0.00282942121052258,0,0.0113176848420903,0,0,0,0,0,0,0,0,0,0,0,0,0,0,0,0,0,0,0.00565884242104517,0,0,0,0,0.0254647908947033,0,0,0,0,0,0,0,0,0,0,0,0,0,0.198059484736581,0,0,0,0,0,0,0,0,0,0,0,0,0,0,0,0,0.0565884242104517,0.0113176848420903,0,0,0,0.00565884242104517,0,0,0,0.00282942121052258,0.0537590029999291,0,0,0,0,0,0,0,0,0,0,0,0,0,0,0,0,0,0,0,0,0,0,0,0,0,0,0,0,0,0,0,0,0,0,0.0141471060526129,0,0,0,0,0,0,0,0,0,0,0,0,0,0,0.00565884242104517,0,0,0.00282942121052258,0,0,0,0,0,0,0,0,0,0,0,0,0,0,0,0,0,0,0,0,0,0,0,0.00565884242104517,0,0,0,0,0,0,0,0,0.00282942121052258,0,0,0,0,0,0,0,0,0,0,0,0,0,0,0,0,0.0113176848420903,0,0,0,0,0,0,0,0,0,0,0,0,0,0,0,0,0,0,0,0,0,0,0,0,0,0,0,0,0,0,0,0,0,0,16.1802137231,0.624427721382259,0,0,0,0,0,0,0,0,0,0,0,0,0,0,0,0,0,0,0,0,0,0,0,0,0,0,0,0,0,0,0,0,0,0,0,0,0,0,0,0,0,0,0,0,0,0,0,0,0,0,0,0,0,0,0,0,0,0,0,0.786936869684827,0,0,0,0,0,0,0.0980785542552974,0,0,0,0,0,0,0,0,0,0,0,0,0,0,0,0,0,0,0,0,0,0,0,0,0,0,0,0,0,0,0,0,9.51661543816723,0,0,0,0.148643941129279,0,0,0,0.0561127985049628,0.178365485235285,0,0,0,0,0,0,0,0,0,0,2.75615211700994,0,0.152568050513799,0,0,0,0,0,0,0,0,0,0,0,0,0,0,0,0,0,0,0,0,0,0,0,0,0,0,0,0,0,0.200311743150981,0,0.163500585259839,0,7.39772547323845,0,0,0,0,0,0,0,0,0,0,0,0.119323859908858,0,0,0,0,0,0,3.53814761308428,0,0,0,0,0.587649057545273,0,0,0,0,0,0,0,0,0,0,0,0.235970484005545,0,0,0,0,0,0,0,0,0,0,0,0,0.0309303420980481,0,0,0,0,0,0,0,0,0,0,0,1.07942419181437,0,0,0,1.13269327449762,0,0,0.962777851881682,0,0,0,0,0,0,0,0,0,0,0,0,0,0,0,0,0,0,0,0,0,0,0,0,0,0,0,0,0,0,0,0,0,0,0,0,0,0,0,0,0,0,0,0,0,0,0,0,0,0,0,0,0,0,0,0,0,0,0.326624287947741,0,1.18634449916377,0,0,0,0,0,0,0,0,0,0,0,0,0,0,0,0,0,0.436945891658084,0,0,1.24656888803568,0,0,0.0514043586685322,0,0,0,0,0,0,0,0,0,0,0,0,0,0,0,0,0,0,0,0,0,0,0,0,0,0,0,0,0,0,0,0,0.0119901315272546,0.0197135084492618,0,0,0,0,0,0,0,0,0,0,0,0,0,0,0,0,30.2712790971743,0,4.6934868776822,0,0,0,0,0,0,0,0,0,0,0,0,0,0,0,1.98576273302451,3.17327869517181,0,0,0,0,0,0,0,0,0,0,0,0,0,0.349576799017654,0,0,0,0,0,0,0,20.1016557952367,0,0,0,0,0,0,0,16.8138688255891,0,0,0,0,0,0.0209329069418092,0,0,0,0,0,0,0,0,0,0,0,0,0,0,0,0,1.21933440212971,0.170930189405717,0.956796264326824,0,0,0,0,0.27797292757181,0,0,0.573570516766373,0,0.890862379953687,0,0,0,0,0,0,0,0,0,0,0,0,0,0,0,0,0,0,0.0288104223272832,0,0,0,0,0.152776159534837,0,0,0,0,0,0,0,0,0,0,0,0,0,0.280990777600194,0,0,0,0,0,0,0,0,0,0,0,0,0,0,0,0,0.264640612064545,0.101906349509108,0,0,0,0.0118128335539318,0,0,0,0.377840973827069,0.346482807857728,0,0,0,0,0,0,0,0,0,0,0,0,0,0,0,0,0,0,0,0,0,0,0,0,0,0,0,0,0,0,0,0,0,0,3.82777569404457,0,0,0,0,0,0,0,0,0,0,0,0,0,0,4.04503110404182,0,0,1.69672300292868,0,0,0,0,0,0,0,0,0,0,0,0,0,0,0,0,0,0,0,0,0,0,0,0.0569572368266848,0,0,0,0,0,0,0,0,0.206264806247096,0,0,0,0,0,0,0,0,0,0,0,0,0,0,0,0,0.406079556093016,0,0,0,0,0,0,0,0,0,0,0,0,0,0,0,0,0,0,0,137.3363024,145.9267025,125.3168022,142.8888025,133.5938024,162.2918028,128.0054022,130.5530023,168.462703,131.2712023,161.8606028,"PAL-00317"
"456",5036,"nSPC",2012,"PRIAs","Pacific Remote Island Areas","Palmyra","Palmyra",2012,"ForereefShallow","Palmyra","2012-05-18","Forereef","Shallow",5.87697048,-162.02065894,5.75,37.5,0,12.5,40,10,0,0,0,NA,0.1845,0.149192825805548,0.75,2,1,0.818685766561331,3.7724820506736,3.08968605626189,4.91578512854212,12.5966390020389,0.854519723825006,0,0,0,0,0,0,0,0,0,0,0,0,0,0,0,0,0,0,0,0.0113176848420903,0,0,0,0,0,0,0,0,0,0,0,0,0,0,0,0,0,0,0,0,0,0,0,0,0,0,0,0,0,0,0,0,0,0,0,0,0,0,0,0,0,0,0,0,0,0,0,0,0,0,0,0,0,0,0,0,0,0,0,0,0,0,0,0,0,0,0,0,0,0,0,0,0,0,0,0,0,0,0,0,0,0,0,0,0,0,0.00282942121052258,0,0,0,0,0,0,0,0,0,0.00565884242104517,0,0,0,0.00848826363156775,0,0,0,0,0,0,0,0,0,0,0,0,0,0,0,0,0,0,0,0,0,0,0,0.00282942121052258,0,0,0,0,0,0,0,0,0,0,0,0,0,0,0,0,0,0,0,0,0,0,0,0,0,0,0,0,0,0,0,0,0,0,0,0,0,0,0,0,0,0,0.00565884242104517,0,0,0,0.0113176848420903,0,0,0,0,0,0,0,0,0,0,0,0.947856105525066,0,0,0,0,0,0,0,0,0.0226353696841807,0,0,0,0,0.0198059484736581,0.00282942121052258,0,0,0.0707355302630646,0,0,0,0,0,0,0,0,0,0,0,0,0,0,0,0,0,0,0,0,0,0,0,0,0,0,0,0,0.0396118969473162,0,0,0,0,0,0,0,0,0,0,0,0,0,0,0,0,0,0,0,0,0,0,0,0,0,0,0,0,0,0,0,0,0,0.00282942121052258,0,0,0,0,0,0,0,0,0,0,0,0,0,0,0.00282942121052258,0,0,0,0,0,0,0,0,0,0,0,0,0,0,0,0,0,0,0,0,0,0,0,0,0,0,0,0,0,0,0,0,0,0,0,0,0,0,0,0,0,0,0,0,0,0,0,0,0,0,0,0,0,0,0,0,0,0,0,0,0,0,0,0,0,0,0,0,0,0,0,0,0,0,0,0,0,0,0,0,0,0,0,0,0,0,0,0,0,0.00565884242104517,0,0,0,0.00282942121052258,0.00565884242104517,0,0,0,0,0,0,0,0,0,0,0,0,0,0,0,0,0,0,0,0,0,0,0,0,0,0,0,0,0,0,0,0,0,0,0,0,0,0,0,0,0,0,0,0,0,0,0,0,0,0,0,0,0,0,0.0169765272631355,0,0,0,0,0,0,0,0,0,0,0,0,0,0,0,0,0,0,0,0,0,0,0,0,0,0,0,0,0,0.0367824757367936,0,0,0,0.0226353696841807,0.0367824757367936,0,0,0,0,0,0.192400642315536,0,0,0,0,0,0,0,0,0,0,0,0,0,0,0,0,0,0,0,0,0,0,0,0,0,0,0,0,0,0,0,0,0,0,0,0,0,0,0,0,0,0,0,0,0,0,0,0,0,0,0,0,0,0.00565884242104517,0,0,0,0,0,0,0,0,0,0,0,0,0,0,0,0,0,0,0,0,0,0,0,0,0,0,0,0,0,0,0,0,0,0,0,0,0,0,0,0,0,0,0,0,0,0,0,0,0,0,0,0,0,0,0,0,0,0.0198059484736581,0,0,0.00848826363156775,0,0,0.033953054526271,0,0,0,0,0,0.00848826363156775,0,0,0,0,0,0,0,0.226353696841807,0,0,0,0,0,0,0,0.220694854420762,0,0,0,0,0,0,0.00282942121052258,0,0.0565884242104517,0,0,0,0,0,0,0,0,0,0,0,0,0,0,0,0,0,0,0,0,0,0,0,0,0,0,0,0.0730336442486128,0,0,0,0,0,0,0,0,0,0,0,0,0,0,0,0,0,0,0,0,0,0,0,0,0,0,0,0,0,0,0,0,0,0,0,0,0,0,0,0,0,0,0,0,0,0,0,0,0,0,0,0,0,0,0,0,0,0,0,0,0,0,0,0,0,0,0,0,0,0,0,0,0,0,0,0,0,0,0,0,0,0,0,0,0,0,0.126459837036009,0,0,0,0,0,0,0,0,0,0.355415127051561,0,0,0,0.0166549502350164,0,0,0,0,0,0,0,0,0,0,0,0,0,0,0,0,0,0,0,0,0,0,0,0.243078675390366,0,0,0,0,0,0,0,0,0,0,0,0,0,0,0,0,0,0,0,0,0,0,0,0,0,0,0,0,0,0,0,0,0,0,0,0,0,0,0,0,0,0,0.281988661853712,0,0,0,0.854519723825006,0,0,0,0,0,0,0,0,0,0,0,1.21397448805956,0,0,0,0,0,0,0,0,0.0854388977548296,0,0,0,0,0.0324994053902877,0.0441406685368786,0,0,0.618512466627207,0,0,0,0,0,0,0,0,0,0,0,0,0,0,0,0,0,0,0,0,0,0,0,0,0,0,0,0,0.0517343896946594,0,0,0,0,0,0,0,0,0,0,0,0,0,0,0,0,0,0,0,0,0,0,0,0,0,0,0,0,0,0,0,0,0,0.227333270972449,0,0,0,0,0,0,0,0,0,0,0,0,0,0,0.0449898691751003,0,0,0,0,0,0,0,0,0,0,0,0,0,0,0,0,0,0,0,0,0,0,0,0,0,0,0,0,0,0,0,0,0,0,0,0,0,0,0,0,0,0,0,0,0,0,0,0,0,0,0,0,0,0,0,0,0,0,0,0,0,0,0,0,0,0,0,0,0,0,0,0,0,0,0,0,0,0,0,0,0,0,0,0,0,0,0,0,0,0.116006269631426,0,0,0,0.387383452121338,0.49657394520465,0,0,0,0,0,0,0,0,0,0,0,0,0,0,0,0,0,0,0,0,0,0,0,0,0,0,0,0,0,0,0,0,0,0,0,0,0,0,0,0,0,0,0,0,0,0,0,0,0,0,0,0,0,0,0.138349695947912,0,0,0,0,0,0,0,0,0,0,0,0,0,0,0,0,0,0,0,0,0,0,0,0,0,0,0,0,0,0.0588194681835464,0,0,0,0.0266362026544309,0.0620053032587529,0,0,0,0,0,0.532049829467487,0,0,0,0,0,0,0,0,0,0,0,0,0,0,0,0,0,0,0,0,0,0,0,0,0,0,0,0,0,0,0,0,0,0,0,0,0,0,0,0,0,0,0,0,0,0,0,0,0,0,0,0,0,0.0889841653024511,0,0,0,0,0,0,0,0,0,0,0,0,0,0,0,0,0,0,0,0,0,0,0,0,0,0,0,0,0,0,0,0,0,0,0,0,0,0,0,0,0,0,0,0,0,0,0,0,0,0,0,0,0,0,0,0,0,0.0948596932883854,0,0,0.026974187502021,0,0,0.228917924623588,0,0,0,0,0,0.021129854203904,0,0,0,0,0,0,0,2.08213994519025,0,0,0,0,0,0,0,3.72480598264063,0,0,0,0,0,0,0.23593736853732,0,0.00529163842958616,0,0,0,0,0,0,0,0,0,0,0,0,0,0,0,0,0,0,0,"PAL-00249"
"457",5037,"nSPC",2012,"PRIAs","Pacific Remote Island Areas","Palmyra","Palmyra",2012,"ForereefMid","Palmyra","2012-05-18","Forereef","Mid",5.8719317,-162.00319675,14,35,1,9,5,39.5,10.5,0,0,NA,0.31875,0.189042143468856,0.8,2,1,18.5129293732666,5.38435693951042,11.9566033720654,7.20543916041079,43.0593288452533,1.0847919556623,0,0,0,0,0,0,0,0,0,0,0,0,0,0,0,0,0,0,0,0.00565884242104517,0,0.0169765272631355,0,0,0,0,0,0,0,0,0,0,0,0,0,0,0,0,0,0,0,0,0,0,0,0,0,0,0,0,0,0,0,0,0,0,0.00282942121052258,0,0,0,0,0,0,0,0,0.00282942121052258,0,0,0,0,0,0,0,0,0,0,0.00282942121052258,0,0,0,0,0,0,0,0,0,0.00282942121052258,0,0,0,0,0,0,0,0,0,0,0,0,0,0,0,0,0,0,0,0.00565884242104517,0,0,0,0,0,0,0,0,0,0,0,0,0,0.0254647908947033,0,0,0,0,0,0,0,0,0,0,0,0,0,0,0,0.0113176848420903,0,0,0,0,0,0,0,0,0,0,0,0,0,0,0,0,0,0,0,0,0,0,0,0,0,0,0,0,0,0.00565884242104517,0,0,0,0,0,0.0367824757367936,0,0,0,0,0,0,0,0,0,0,0,0,0,0,0.0113176848420903,0,0,0,0,0,0,0,0,0.00848826363156775,0,0,0,0,0,0,0.735649514735872,0,0,0,0,0,0.0848826363156775,0,0,0,0,0,0.0424413181578388,0,0.0509295817894065,0,0,0,0.00848826363156775,0,0,0,0,0,0,0,0.0820532151051549,0,0,0,0,0,0,0,0,0,0,0,0,0,0,0,0,0,0,0,0,0,0,0,0,0,0,0,0,0,0,0,0,0,0,0,0,0,0,0,0.00848826363156775,0,0,0,0,0,0,0.00282942121052258,0,0,0,0,0,0,0,0,0,0,0,0,0,0,0,0,0,0,0,0,0,0,0,0,0,0,0,0,0,0,0,0,0,0,0,0,0,0,0,0,0,0,0,0,0,0,0,0,0.0226353696841807,0,0,0,0,0,0,0,0,0,0,0,0,0,0,0,0,0,0,0,0,0,0,0,0,0,0,0,0,0,0,0,0,0,0.00282942121052258,0,0,0,0,0,0,0,0,0,0,0.00282942121052258,0,0,0,0,0,0.00282942121052258,0,0,0,0,0,0,0,0,0,0,0,0,0.0735649514735872,0,0,0,0.00565884242104517,0.0169765272631355,0,0,0,0,0,0,0,0,0,0,0,0,0,0,0,0,0,0,0,0,0,0,0,0,0,0,0,0,0,0,0,0,0,0,0,0,0,0,0,0,0,0,0,0,0,0,0,0,0,0,0,0,0,0.00282942121052258,0.0169765272631355,0,0,0,0,0,0,0,0,0,0,0.00565884242104517,0,0,0,0,0,0,0,0,0,0,0,0,0,0,0,0,0,0,0.0537590029999291,0,0,0,0.0169765272631355,0.0565884242104517,0,0,0,0,0,0,0,0,0,0,0,0,0,0.00565884242104517,0,0,0,0,0,0,0,0,0,0,0,0,0,0,0,0,0.0565884242104517,0.0735649514735872,0,0,0,0,0,0,0,0,0,0,0,0,0,0,0,0,0,0,0,0,0,0,0,0,0,0,0,0.144300481736652,0,0,0,0,0,0,0,0,0,0,0,0,0,0,0,0,0,0,0,0,0,0,0,0,0,0,0,0,0,0,0,0,0,0,0.00282942121052258,0,0,0,0,0,0,0,0,0,0,0,0,0,0,0,0,0,0,0,0,0,0,0.0594178454209743,0,0,0.00848826363156775,0,0,0,0,0,0,0.00565884242104517,0,0,0,0,0,0,0,0,0,0.172594693841878,0,0,0,0,0,0,0,0.067906109052542,0,0,0,0,0,0,0,0,0,0,0,0,0,0,0,0,0,0,0,0,0,0,0,0,0,0,0,0,0,0,0,0,0,0,0,0,0.0305659449868923,0,5.0976528677088,0,0,0,0,0,0,0,0,0,0,0,0,0,0,0,0,0,0,0,0,0,0,0,0,0,0,0,0,0,0,0,0,0,0,0.973501979377242,0,0,0,0,0,0,0,0,0.250712791127551,0,0,0,0,0,0,0,0,0,0,0.312297147030625,0,0,0,0,0,0,0,0,0,1.24511661912084,0,0,0,0,0,0,0,0,0,0,0,0,0,0,0,0,0,0,0,0.397985325667175,0,0,0,0,0,0,0,0,0,0,0,0,0,0.192022337587557,0,0,0,0,0,0,0,0,0,0,0,0,0,0,0,0.673006361050932,0,0,0,0,0,0,0,0,0,0,0,0,0,0,0,0,0,0,0,0,0,0,0,0,0,0,0,0,0,0.163500585259839,0,0,0,0,0,0.0963587687455571,0,0,0,0,0,0,0,0,0,0,0,0,0,0,0.49939026578024,0,0,0,0,0,0,0,0,1.34470521418708,0,0,0,0,0,0,1.52495051446567,0,0,0,0,0,0.338279242061233,0,0,0,0,0,0.13059264493487,0,0.105348697099508,0,0,0,0.0176041197780426,0,0,0,0,0,0,0,0.510313427082634,0,0,0,0,0,0,0,0,0,0,0,0,0,0,0,0,0,0,0,0,0,0,0,0,0,0,0,0,0,0,0,0,0,0,0,0,0,0,0,2.1859359085772,0,0,0,0,0,0,0.879517489487071,0,0,0,0,0,0,0,0,0,0,0,0,0,0,0,0,0,0,0,0,0,0,0,0,0,0,0,0,0,0,0,0,0,0,0,0,0,0,0,0,0,0,0,0,0,0,0,0,0.108001837026858,0,0,0,0,0,0,0,0,0,0,0,0,0,0,0,0,0,0,0,0,0,0,0,0,0,0,0,0,0,0,0,0,0,0.0200421460218674,0,0,0,0,0,0,0,0,0,0,5.30757922906458,0,0,0,0,0,8.21468339950854,0,0,0,0,0,0,0,0,0,0,0,0,0.487284335586805,0,0,0,0.949279445308405,4.64395079089594,0,0,0,0,0,0,0,0,0,0,0,0,0,0,0,0,0,0,0,0,0,0,0,0,0,0,0,0,0,0,0,0,0,0,0,0,0,0,0,0,0,0,0,0,0,0,0,0,0,0,0,0,0,0.278705006201077,0.251890506956736,0,0,0,0,0,0,0,0,0,0,0.314290752394327,0,0,0,0,0,0,0,0,0,0,0,0,0,0,0,0,0,0,0.293457041647633,0,0,0,0.0730393176751021,0.263706411542651,0,0,0,0,0,0,0,0,0,0,0,0,0,0.0144284751560682,0,0,0,0,0,0,0,0,0,0,0,0,0,0,0,0,0.264640612064545,0.553162700958029,0,0,0,0,0,0,0,0,0,0,0,0,0,0,0,0,0,0,0,0,0,0,0,0,0,0,0,0.525871699113791,0,0,0,0,0,0,0,0,0,0,0,0,0,0,0,0,0,0,0,0,0,0,0,0,0,0,0,0,0,0,0,0,0,0,1.0847919556623,0,0,0,0,0,0,0,0,0,0,0,0,0,0,0,0,0,0,0,0,0,0,0.489802043556145,0,0,0.00222798622255742,0,0,0,0,0,0,0.59741881308466,0,0,0,0,0,0,0,0,0,0.823292251442414,0,0,0,0,0,0,0,0.528423837045682,0,0,0,0,0,0,0,0,0,0,0,0,0,0,0,0,0,170.438603,181.8948032,155.9629027,172.199403,168.630903,198.6162035,167.6905029,170.968403,204.0332037,167.4785029,185.6863032,"PAL-00303"
"458",5038,"nSPC",2012,"PRIAs","Pacific Remote Island Areas","Palmyra","Palmyra",2012,"ForereefDeep","Palmyra","2012-05-18","Forereef","Deep",5.86579673,-162.00966297,22.65,25,22.5,7.5,22.5,22.5,0,0,0,NA,0.51125,0.324372107221307,1.2,2,1,154.206840837739,163.993002553916,35.6829885645807,17.1348979058629,371.017729862099,22.740074377895,0,0,0,0,0,0,0,0,0.00848826363156775,0,0,0,0,0.00282942121052258,0,0.00565884242104517,0.0509295817894065,0,0,0,0,0,0,0,0,0.00848826363156775,0,0,0,0,0,0,0,0,0,0,0,0,0,0,0,0,0,0,0,0,0,0,0,0,0,0,0,0,0,0,0.0169765272631355,0,0,0,0,0,0,0,0,0,0,0,0,0,0,0,0,0,0,0,0.00282942121052258,0,0,0,0,0.0141471060526129,0,0.00565884242104517,0,0,0,0,0,0,0,0,0,0,0,0,0,0,0,0,0,0,0,0,0,0,0,0,0,0,0,0.107518005999858,0,0,0,0,0.0169765272631355,0,0,0,0.033953054526271,0,0,0,0,0.00282942121052258,0,0,0,0,0,0,0,0,0,0,0.00282942121052258,0,0,0,0,0,0,0,0,0.00565884242104517,0,0,0,0,0,0,0,0,0,0,0,0,0,0,0,0,0,0,0,0,0,0,0,0,0.00565884242104517,0.00848826363156775,1.58447587789265,0.00282942121052258,0,0,0,0,0,0,0,0,0,0,0.00565884242104517,0,0,0,0,0.00282942121052258,0,0.118835690841949,0,0,0,0,0,0,0,0,0,0,0.00565884242104517,0.169765272631355,0,0,0,0,0.124494533262994,0,0,0,0,0,0,0,0,0,0,0,0,0.0226353696841807,0,0,0,0,0,0,0,0,0,0,0,0,0,0,0,0.0141471060526129,0,0.00565884242104517,0.0254647908947033,0.0113176848420903,0.00565884242104517,0,0,0,0,0,0,0,0,0,0,0,0,0,0,0,0,0,0,0,0,0,0,0,0,0,0,0,0,0.00282942121052258,0.0113176848420903,0,0,0,0,0.00282942121052258,0.00282942121052258,0,0,0,0,0,0,0,0,0,0,0,0,0,0,0,0,0,0,0,0,0.00282942121052258,0,0,0,0,0,0,0,0,0,0,0,0,0,0,0,0,0,0,0,0,0,0,0,0,0,0.00848826363156775,0,0,0,0,0,0,0,0,0,0,0,0,0,0,0,0,0,0,0,0,0,0,0,0,0,0,0,0,0,0,0,0,0,0.0113176848420903,0,0,0,0.0113176848420903,0,0,0,0,0,0,0.0113176848420903,0,0,0,0.0198059484736581,0,0.0311236333157484,0.00282942121052258,0,0,0,0,0,0,0,0,0,0,0,0,0,0,0,0.127323954473516,0.0113176848420903,0.00565884242104517,0,0,0,0,0,0,0.0820532151051549,0.0226353696841807,0,0,0,0,0,0,0,0,0,0,0,0,0,0.0509295817894065,0,0,0,0,0,0,0,0.00282942121052258,0,0,0,0,0,0,0,0.00565884242104517,0,0,0,0,0,0,0,0,0,0,0,0,0,0,0,0.0226353696841807,0,0,0,0,0,0.0367824757367936,0.00848826363156775,0,0.00282942121052258,0,0.00848826363156775,0,0,0,0,0,0,0,0,0,0,0,0.0537590029999291,0,0,0,0,0,0,0.0141471060526129,0,0,0,0,0.0367824757367936,0,0,0,0,0,0,0,0,0,0,0,0,0,0,0,0.00565884242104517,0,0,0,0,0,0,0,0,0,0,0,0,0,0,0,0,0,0,0,0.0113176848420903,0,0,0,0,0.0311236333157484,0.628131508736014,0,0,0,0,0,0,0,0,0,0,0,0,0,0,0,0,0,0,0,0,0,0,0,0,0,0,0,0,0,0,0,0,0,0,0,0,0,0,0,0,0,0.00848826363156775,0,0,0,0,0,0,0.00848826363156775,0,0,0,0,0,0,0,0,0.00565884242104517,0,0,0,0,0,0,0,0,0,0,0,0,0,0,0,0,0,0,0,0,0,0,0,0,0,0,0,0,0,0,0,0,0,0,0,0,0,0,0,0,0,0,0,0,0,0,0,0,0,0,0,0,0.00565884242104517,0,0,0,0,0,0,0,0.00282942121052258,0,0,0,0,0,0,0,0,0,0,2.61183839890312,0,0,0,0,0.395292295750094,0,2.89827231792905,3.07007463634632,0,0,0,0,0,0,0,0,0.43831271327508,0,0,0,0,0,0,0,0,0,0,0,0,0,0,0,0,0,0,0,0,0,0,0,0,0,0,0,0,0,0,4.81284547909892,0,0,0,0,0,0,0,0,0,0,0,0,0,0,0,0,0,0,0,0.194296347802044,0,0,0,0,0.00223976448432205,0,0.307979719611496,0,0,0,0,0,0,0,0,0,0,0,0,0,0,0,0,0,0,0,0,0,0,0,0,0,0,0,26.4930975467325,0,0,0,0,21.4694407564141,0,0,0,0.177877791572586,0,0,0,0,0.00430620002021125,0,0,0,0,0,0,0,0,0,0,0.197316632695133,0,0,0,0,0,0,0,0,0.440166296722624,0,0,0,0,0,0,0,0,0,0,0,0,0,0,0,0,0,0,0,0,0,0,0,0,0.281988661853712,0.52881364893975,2.53744757696634,3.08710261587805,0,0,0,0,0,0,0,0,0,0,0.119323859908858,0,0,0,0,0.140994330926856,0,9.0733146819135,0,0,0,0,0,0,0,0,0,0,0.533035888590868,0.199287453541948,0,0,0,0,1.06924464226285,0,0,0,0,0,0,0,0,0,0,0,0,0.135467986546757,0,0,0,0,0,0,0,0,0,0,0,0,0,0,0,0.654475660415102,0,0.657450494537593,2.80823525325119,0.0284414124095955,0.31809483755596,0,0,0,0,0,0,0,0,0,0,0,0,0,0,0,0,0,0,0,0,0,0,0,0,0,0,0,0,4.75511726157082,2.67040974827704,0,0,0,0,0.268969142334369,12.3104781233218,0,0,0,0,0,0,0,0,0,0,0,0,0,0,0,0,0,0,0,0,0.292890637477108,0,0,0,0,0,0,0,0,0,0,0,0,0,0,0,0,0,0,0,0,0,0,0,0,0,0.00722521000319047,0,0,0,0,0,0,0,0,0,0,0,0,0,0,0,0,0,0,0,0,0,0,0,0,0,0,0,0,0,0,0,0,0,0.0290432935905455,0,0,0,0.0222976783598707,0,0,0,0,0,0,23.4693794126047,0,0,0,19.1832267937622,0,50.832187586753,1.06353139749295,0,0,0,0,0,0,0,0,0,0,0,0,0,0,0,25.2656616952369,1.86453819794536,6.34655739034362,0,0,0,0,0,0,16.8796028570545,7.70671788228857,0,0,0,0,0,0,0,0,0,0,0,0,0,68.0473379934894,0,0,0,0,0,0,0,7.99409020778355,0,0,0,0,0,0,0,0.310222268595633,0,0,0,0,0,0,0,0,0,0,0,0,0,0,0,0.299685373316626,0,0,0,0,0,1.2832026444131,0.490936869031305,0,0.500467612637146,0,1.6042609673776,0,0,0,0,0,0,0,0,0,0,0,3.28622871848237,0,0,0,0,0,0,0.0522219135727234,0,0,0,0,0.124293348359886,0,0,0,0,0,0,0,0,0,0,0,0,0,0,0,0.919299323131503,0,0,0,0,0,0,0,0,0,0,0,0,0,0,0,0,0,0,0,0.0408251527623883,0,0,0,0,0.305067836208907,1.17546118438881,0,0,0,0,0,0,0,0,0,0,0,0,0,0,0,0,0,0,0,0,0,0,0,0,0,0,0,0,0,0,0,0,0,0,0,0,0,0,0,0,0,2.52076050640437,0,0,0,0,0,0,3.97388247828202,0,0,0,0,0,0,0,0,4.08501409541709,0,0,0,0,0,0,0,0,0,0,0,0,0,0,0,0,0,0,0,0,0,0,0,0,0,0,0,0,0,0,0,0,0,0,0,0,0,0,0,0,0,0,0,0,0,0,0,0,0,0,0,0,15.1337401357396,0,0,0,0,0,0,0,0.216821021431739,0,0,121.1032021,128.4381023,111.2115019,125.5704022,143.6739026,166.8615029,136.4229023,134.0022024,163.5370029,143.3730025,158.8817028,"PAL-00302"
"459",5039,"nSPC",2012,"PRIAs","Pacific Remote Island Areas","Palmyra","Palmyra",2012,"ForereefMid","Palmyra","2012-05-18","Forereef","Mid",5.86730179,-162.01050359,9.55,37.5,2,10,15,34,1,0,0.5,NA,0.26125,0.181294282951727,0.95,2,1,20.0311894659296,11.2874533302309,13.4012818239343,5.68531208834961,50.4052367084443,8.49042469346637,0,0,0,0,0,0,0,0,0,0,0,0,0,0,0,0,0,0,0,0.0198059484736581,0,0,0,0,0,0,0,0,0,0,0,0,0,0,0,0,0,0,0,0,0,0,0,0,0,0,0,0,0,0,0,0,0,0,0,0,0,0,0,0,0,0,0,0,0,0,0,0,0,0,0,0,0,0,0,0,0.00282942121052258,0,0,0,0,0,0,0,0,0,0,0,0,0,0,0,0,0,0,0,0,0,0,0,0,0,0,0,0,0,0,0,0,0,0,0,0,0,0,0,0.00565884242104517,0,0,0,0.0226353696841807,0,0,0,0,0,0,0,0,0,0,0,0,0,0,0,0.00282942121052258,0,0,0,0,0,0,0,0,0,0,0,0,0,0,0,0,0,0,0,0,0,0,0,0,0,0,0,0,0,0,0,0,0,0,0,0.00565884242104517,0,0,0,0,0,0,0,0,0,0,0,0,0,0,0.0141471060526129,0,0,0,0.0226353696841807,0,0,0,0,0.00282942121052258,0,0,0,0,0,0,1.13176848420903,0,0,0,0,0,0,0,0,0.0198059484736581,0,0,0,0,0.0594178454209743,0,0,0,0.0537590029999291,0,0,0,0,0,0,0,0.0113176848420903,0,0,0,0,0,0,0,0,0,0,0,0,0,0,0,0,0,0,0,0,0.0226353696841807,0,0,0,0,0,0,0,0,0,0,0,0,0,0,0,0,0,0,0,0,0,0,0,0,0,0,0,0,0,0,0,0,0,0,0,0,0,0,0,0,0,0,0,0,0,0,0,0,0,0,0,0,0,0,0,0,0,0,0,0,0,0,0,0,0,0,0,0,0,0,0,0,0,0,0,0,0,0,0,0,0,0,0,0,0,0,0,0,0,0,0,0,0,0,0,0,0,0,0,0,0,0,0,0,0,0,0,0,0,0,0,0,0,0,0,0,0,0,0,0,0,0,0,0,0,0.00565884242104517,0,0,0,0,0,0,0,0,0,0,0,0,0.0113176848420903,0,0,0,0.0198059484736581,0.0113176848420903,0,0,0,0,0,0,0,0,0,0,0,0,0,0,0,0,0,0,0,0,0,0,0,0,0,0,0,0,0,0,0,0,0,0,0,0,0,0,0,0,0,0,0,0,0,0,0,0,0,0,0,0,0,0.00565884242104517,0.0254647908947033,0,0,0,0,0,0,0.00282942121052258,0,0,0,0.00282942121052258,0,0,0,0.00565884242104517,0,0,0,0,0,0,0,0,0,0,0,0,0,0,0.132982796894561,0,0,0,0.0452707393683613,0.107518005999858,0,0,0,0,0,0.0481001605788839,0,0,0,0,0,0,0,0,0,0,0,0,0,0,0,0,0,0,0,0,0,0,0,0,0,0.0848826363156775,0,0,0,0,0,0,0,0,0,0.132982796894561,0,0,0,0,0,0,0,0,0,0,0,0,0,0,0,0,0,0.116006269631426,0,0,0,0,0,0,0,0,0,0,0,0,0,0,0,0,0,0,0,0,0,0,0,0,0.00565884242104517,0,0,0,0,0,0,0,0,0,0,0,0,0,0,0,0,0,0,0,0,0,0,0,0,0,0,0,0,0,0,0,0,0.0367824757367936,0,0,0.0169765272631355,0,0,0,0,0,0,0.00565884242104517,0,0,0,0,0,0,0,0,0,0.209377169578671,0,0,0,0,0,0,0,0.138641639315607,0,0,0,0,0,0,0.00282942121052258,0,0,0,0,0,0,0,0,0,0,0,0,0,0,0,0,0,0,0,0,0,0,0,0,0,0,0,0,0,0.998551481136671,0,0,0,0,0,0,0,0,0,0,0,0,0,0,0,0,0,0,0,0,0,0,0,0,0,0,0,0,0,0,0,0,0,0,0,0,0,0,0,0,0,0,0,0,0,0,0,0,0,0,0,0,0,0,0,0,0.820905134231116,0,0,0,0,0,0,0,0,0,0,0,0,0,0,0,0,0,0,0,0,0,0,0,0,0,0,0,0,0,0,0,0,0,0,0,0,0,0,0,1.69913875310908,0,0,0,0.110937877655468,0,0,0,0,0,0,0,0,0,0,0,0,0,0,0,0.197316632695133,0,0,0,0,0,0,0,0,0,0,0,0,0,0,0,0,0,0,0,0,0,0,0,0,0,0,0,0,0,0,0,0,0,0,0,0.0315355970440005,0,0,0,0,0,0,0,0,0,0,0,0,0,0,0.364096425695479,0,0,0,4.40252222058023,0,0,0,0,0.318042161130463,0,0,0,0,0,0,2.42539400876601,0,0,0,0,0,0,0,0,0.110911627834257,0,0,0,0,0.125695220564597,0,0,0,0.131510601118579,0,0,0,0,0,0,0,0.0979518679014573,0,0,0,0,0,0,0,0,0,0,0,0,0,0,0,0,0,0,0,0,0.0302446695971451,0,0,0,0,0,0,0,0,0,0,0,0,0,0,0,0,0,0,0,0,0,0,0,0,0,0,0,0,0,0,0,0,0,0,0,0,0,0,0,0,0,0,0,0,0,0,0,0,0,0,0,0,0,0,0,0,0,0,0,0,0,0,0,0,0,0,0,0,0,0,0,0,0,0,0,0,0,0,0,0,0,0,0,0,0,0,0,0,0,0,0,0,0,0,0,0,0,0,0,0,0,0,0,0,0,0,0,0,0,0,0,0,0,0,0,0,0,0,0,0,0,0,0,0,0,16.856867016609,0,0,0,0,0,0,0,0,0,0,0,0,0.0893828307510137,0,0,0,7.0585816396868,3.17756092068163,0,0,0,0,0,0,0,0,0,0,0,0,0,0,0,0,0,0,0,0,0,0,0,0,0,0,0,0,0,0,0,0,0,0,0,0,0,0,0,0,0,0,0,0,0,0,0,0,0,0,0,0,0,0.836640696769933,0.268108067978154,0,0,0,0,0,0,0.27065604470659,0,0,0,0.619108447025382,0,0,0,0.144914983716842,0,0,0,0,0,0,0,0,0,0,0,0,0,0,0.525569248575358,0,0,0,0.147511214820479,0.554420798087999,0,0,0,0,0,0.158412185830281,0,0,0,0,0,0,0,0,0,0,0,0,0,0,0,0,0,0,0,0,0,0,0,0,0,0.340608533492871,0,0,0,0,0,0,0,0,0,0.613826617347937,0,0,0,0,0,0,0,0,0,0,0,0,0,0,0,0,0,0.228845851044035,0,0,0,0,0,0,0,0,0,0,0,0,0,0,0,0,0,0,0,0,0,0,0,0,3.9429874891693,0,0,0,0,0,0,0,0,0,0,0,0,0,0,0,0,0,0,0,0,0,0,0,0,0,0,0,0,0,0,0,0,0.267256631065947,0,0,0.0666274329793366,0,0,0,0,0,0,0.59741881308466,0,0,0,0,0,0,0,0,0,0.588661082849224,0,0,0,0,0,0,0,1.01594556107205,0,0,0,0,0,0,0.170570322039894,0,0,0,0,0,0,0,0,0,0,95.90230169,95.76330172,88.26370155,91.46960157,102.8688018,122.2531022,105.2348018,90.87120156,111.430902,119.5497021,112.3390019,"PAL-00247"
"460",5040,"nSPC",2012,"PRIAs","Pacific Remote Island Areas","Palmyra","Palmyra",2012,"ForereefDeep","Palmyra","2012-05-18","Forereef","Deep",5.86396152,-162.03315292,21.9,27.5,37.5,2.5,15,15,2.5,0,0,NA,0.7425,0.378950942329248,1.7,2,1,57.9742164106459,143.974467258674,10.9352907539449,21.2179305904497,234.101905013714,6.02836847355071,0,0,0,0,0,0,0,0,0,0,0,0,0,0,0,0,0.00848826363156775,0,0,0,0,0,0,0,0,0.0311236333157484,0,0,0,0,0,0,0,0,0,0,0,0,0,0,0,0,0,0,0,0,0,0,0,0,0,0,0,0,0,0,0.00565884242104517,0,0,0,0,0,0,0,0,0,0,0,0,0,0,0,0,0,0,0,0.0141471060526129,0,0,0,0,0.0141471060526129,0,0,0,0,0,0,0,0,0,0,0,0,0,0,0,0,0,0,0,0,0,0,0,0,0,0,0,0,0,0.141471060526129,0,0,0,0,0.0169765272631355,0,0,0,0.0254647908947033,0,0,0,0,0.00565884242104517,0,0,0,0,0,0,0,0,0,0,0,0,0.0226353696841807,0,0,0,0,0,0.00282942121052258,0,0,0,0,0,0,0,0,0,0,0,0,0,0,0,0,0,0,0,0,0,0,0,0,0,0.0141471060526129,0.00565884242104517,2.68795014999646,0,0,0,0,0,0,0,0,0,0.00565884242104517,0,0.00565884242104517,0,0,0,0,0.00565884242104517,0,0.00565884242104517,0,0,0,0,0.00282942121052258,0,0,0,0,0,0,0.282942121052258,0,0,0,0,0.49231929063093,0,0,0,0,0,0,0,0,0,0,0,0,0.00565884242104517,0,0,0,0,0,0,0,0,0,0,0,0,0,0,0,0.00848826363156775,0,0.0169765272631355,0,0,0.00565884242104517,0,0,0,0,0,0.0198059484736581,0,0,0,0,0,0,0,0,0,0,0,0,0,0,0,0,0,0,0,0,0,0,0,0.0113176848420903,0,0,0,0,0,0,0,0,0,0,0,0,0,0,0,0,0,0,0,0,0,0,0,0,0,0,0.00848826363156775,0,0.0141471060526129,0,0,0,0,0,0,0,0,0,0,0,0,0,0,0,0,0,0,0,0,0,0,0,0.0113176848420903,0,0,0,0,0,0,0,0,0.00282942121052258,0,0,0,0,0,0,0,0,0,0,0,0,0,0,0,0,0,0,0,0,0,0,0,0.00565884242104517,0.0254647908947033,0,0,0,0.0226353696841807,0,0,0,0,0,0,0,0,0,0.00282942121052258,0.00282942121052258,0,0.0169765272631355,0.00282942121052258,0,0,0,0,0,0,0,0,0,0,0,0,0,0,0,0.0141471060526129,0.00565884242104517,0.00565884242104517,0,0,0,0,0,0,0,0,0,0,0.0452707393683613,0,0,0,0,0,0,0.0141471060526129,0,0.0113176848420903,0,0,0,0,0,0,0,0,0,0,0,0,0,0,0,0,0,0,0,0,0,0,0,0,0,0,0,0,0,0,0,0,0.00565884242104517,0,0.00282942121052258,0,0,0,0,0.0226353696841807,0.00565884242104517,0,0.00565884242104517,0,0.00848826363156775,0,0,0,0,0,0,0,0,0,0,0,0.0594178454209743,0,0,0,0,0,0,0,0,0,0,0,0.0622472666314968,0,0,0,0,0,0,0,0,0,0,0,0,0,0,0,0.00565884242104517,0,0,0,0,0,0,0,0,0,0,0,0,0,0,0,0,0,0,0,0.00565884242104517,0,0,0,0.00282942121052258,0.0169765272631355,2.54647908947033,0,0,0,0,0,0,0,0,0,0,0,0.481001605788839,0,0,0.198059484736581,0,0,0,0,0,0,0,0,0,0,0,0,0,0,0,0,0,0,0,0,0,0,0,0,0,0,0,0,0,0,0,0,0,0,0,0,0,0,0,0,0,0,0.00565884242104517,0,0,0,0,0,0,0,0,0,0,0,0,0,0,0,0,0,0,0,0,0,0,0,0,0,0,0,0,0,0,0,0,0,0,0,0,0,0.0198059484736581,0,0,0,0,0,0,0,0,0,0,0,0,0,0,0,0,0,0,0,0,0,0,0.00282942121052258,0,0,0,0,0,0,0,0,0,0,0,0,0,0,0,0,0,0,0.617454998404659,0,0,0,0,0,0,0,0,1.60714661534196,0,0,0,0,0,0,0,0,0,0,0,0,0,0,0,0,0,0,0,0,0,0,0,0,0,0,0,0,0,0,1.23693099705113,0,0,0,0,0,0,0,0,0,0,0,0,0,0,0,0,0,0,0,1.82140566503311,0,0,0,0,0.00223976448432205,0,0,0,0,0,0,0,0,0,0,0,0,0,0,0,0,0,0,0,0,0,0,0,0,0,0,0,0,0,27.4164529358081,0,0,0,0,12.4737015296729,0,0,0,0.107771377326914,0,0,0,0,0.0267973392288993,0,0,0,0,0,0,0,0,0,0,0,0,0.0157677985220003,0,0,0,0,0,0.199971460248186,0,0,0,0,0,0,0,0,0,0,0,0,0,0,0,0,0,0,0,0,0,0,0,0,0,0.435701972482943,0.447063356309831,4.82888829736258,0,0,0,0,0,0,0,0,0,0.134164658611633,0,0.163500585259839,0,0,0,0,0.402642970569021,0,3.73319766156697,0,0,0,0,0.267016246208585,0,0,0,0,0,0,0.332145755903246,0,0,0,0,3.50879323333175,0,0,0,0,0,0,0,0,0,0,0,0,0.0208409282869626,0,0,0,0,0,0,0,0,0,0,0,0,0,0,0,0.392685396249061,0,2.0758144569331,0,0,0.392959739122399,0,0,0,0,0,0.485772803693692,0,0,0,0,0,0,0,0,0,0,0,0,0,0,0,0,0,0,0,0,0,0,0,1.98485688828661,0,0,0,0,0,0,0,0,0,0,0,0,0,0,0,0,0,0,0,0,0,0,0,0,0,0,0.0624756380087787,0,16.3588657311571,0,0,0,0,0,0,0,0,0,0,0,0,0,0,0,0,0,0,0,0,0,0,0,0.0111764967236853,0,0,0,0,0,0,0,0,0.755985979686503,0,0,0,0,0,0,0,0,0,0,0,0,0,0,0,0,0,0,0,0,0,0,0,0.0363192065948072,0.0555735288663453,0,0,0,0.0497407467073962,0,0,0,0,0,0,0,0,0,5.54571937369226,4.54600099126333,0,21.10869947966,0.201314453420873,0,0,0,0,0,0,0,0,0,0,0,0,0,0,0,4.00763659538012,0.949279445308405,2.66038575461976,0,0,0,0,0,0,0,0,0,0,7.92071136166893,0,0,0,0,0,0,19.7133594683428,0,5.77675570914047,0,0,0,0,0,0,0,0,0,0,0,0,0,0,0,0,0,0,0,0,0,0,0,0,0,0,0,0,0,0,0,0,0.836640696769933,0,1.46771070937733,0,0,0,0,0.815603602608632,0.597773382462807,0,1.94926412691749,0,0.200601812896038,0,0,0,0,0,0,0,0,0,0,0,4.3959381861078,0,0,0,0,0,0,0,0,0,0,0,0.188064249535224,0,0,0,0,0,0,0,0,0,0,0,0,0,0,0,1.84492410032125,0,0,0,0,0,0,0,0,0,0,0,0,0,0,0,0,0,0,0,0.0118128335539318,0,0,0,0.166673115073471,0.153864661444757,5.11237205157314,0,0,0,0,0,0,0,0,0,0,0,44.5344203271033,0,0,14.3109861291264,0,0,0,0,0,0,0,0,0,0,0,0,0,0,0,0,0,0,0,0,0,0,0,0,0,0,0,0,0,0,0,0,0,0,0,0,0,0,0,0,0,0,2.29517081198375,0,0,0,0,0,0,0,0,0,0,0,0,0,0,0,0,0,0,0,0,0,0,0,0,0,0,0,0,0,0,0,0,0,0,0,0,0,0.0050802257834933,0,0,0,0,0,0,0,0,0,0,0,0,0,0,0,0,0,0,0,0,0,0,0.323318599533783,0,0,36.13440066,38.9154007,35.74340063,30.4807005,39.3081007,37.69390068,42.45350073,43.87130077,43.06200078,47.78720085,27.38190048,"PAL-00306"
"461",5041,"nSPC",2012,"PRIAs","Pacific Remote Island Areas","Palmyra","Palmyra",2012,"ForereefShallow","Palmyra","2012-05-18","Forereef","Shallow",5.87502446,-162.11521586,4.25,17.5,0,6.5,4,56,1,0,15,NA,0.96875,0.49276805982522,1.9,2,1,18.2766915331973,6.69633801381857,61.5238598638729,238.458668391225,324.955557802114,4.7891872866625,0,0,0,0,0,0,0,0,0,0,0,0,0.00848826363156775,0,0.00282942121052258,0.00848826363156775,0.0481001605788839,0.00282942121052258,0,0,0,0,0,0,0,0,0.135812218105084,0,0,0,0,0,0,0,0,0,0,0,0,0,0,0,0,0,0,0,0,0,0,0,0,0,0,0,0,0,0,0,0,0,0,0,0,0,0,0,0,0,0,0,0,0,0,0,0,0,0,0.00282942121052258,0,0,0,0,0,0,0,0,0,0,0,0,0,0,0,0,0,0,0,0.00282942121052258,0,0,0,0,0,0,0,0,0,0,0,0,0,0,0,0,0,0,0.00565884242104517,0,0,0,0.0367824757367936,0,0,0,0,0,0,0,0,0,0,0,0,0,0,0,0,0,0,0,0,0,0,0,0.00565884242104517,0,0,0,0,0,0,0,0,0,0.00565884242104517,0,0,0,0,0,0,0,0,0,0,0,0,0,0,0,0.0113176848420903,0.00565884242104517,0,0,0,0,0,0,0.00565884242104517,0,0,0,0,0,0,0,0,0,0,0,0,0.0537590029999291,0,0,0,0,0.0113176848420903,0.00282942121052258,0,0.00282942121052258,0.00282942121052258,0,0,0,0,0,0,0,0,0,0,0,0,0,0,0,0,0,0,0,0,0,0,0,0,0,0,0,0,0,0,0,0,0,0,0,0,0.00565884242104517,0,0,0.00282942121052258,0,0.311236333157484,0,0,0,0,0,0.00282942121052258,0,0.0226353696841807,0,0,0,0,0,0,0,0,0,0,0,0,0,0,0,0,0,0,0,0,0,0.00848826363156775,0,0,0,0.00282942121052258,0,0.00282942121052258,0,0,0,0,0,0,0,0,0,0,0,0,0,0,0,0,0.00282942121052258,0,0,0,0.0169765272631355,0,0,0,0,0,0,0,0,0,0.00282942121052258,0,0,0,0,0,0,0,0,0,0.00282942121052258,0,0,0,0,0,0,0,0,0,0,0,0,0,0,0,0,0,0,0,0,0,0,0,0,0,0,0,0,0,0,0,0,0,0,0,0,0,0,0,0.00565884242104517,0,0,0,0,0.00282942121052258,0,0,0,0,0,0,0,0,0,0,0,0.00565884242104517,0,0.033953054526271,0,0,0,0,0,0,0,0,0,0,0,0,0,0,0,0,0.00282942121052258,0,0,0,0,0,0.00282942121052258,0.00282942121052258,0,0,0,0,0,0,0,0,0,0,0,0,0,0,0,0.00848826363156775,0,0,0,0,0,0.00565884242104517,0,0,0,0,0,0,0,0,0,0.00282942121052258,0,0,0,0,0,0,0,0,0,0,0,0,0,0,0,0,0,0,0,0,0,0,0,0,0,0.00848826363156775,0,0,0,0.0594178454209743,0,0,0,0,0,0,0,0,0,0,0,0,0,0,0.0113176848420903,0,0,0,0,0.0113176848420903,0,0,0,0,0,0,0,0,0,0,0,0,0,0.198059484736581,0,0,0,0,0,0,0,0,0,0,0,0,0,0,0,0,0,0,0,0,0,0.0396118969473162,0,0,0,0,0.00282942121052258,0,0,0,0,0,0,0,0,0,0,0.0113176848420903,0,0,0,0,0,0,0,0,0,0,0,0,0,0,0,0,0,0,0,0,0,0,0,0,0,0,0,0,0,0,0,0,0.00848826363156775,0,0,0,0,0,0.0113176848420903,0,0,0,0,0,0,0,0,0,0,0,0,0,0,0,0,0,0,0,0,0,0,0,0,0,0,0.00565884242104517,0,0,0.0452707393683613,0.288600963473304,0,0,0,0,0,0,0,0,0,0,0,0,0,0,0,0.00848826363156775,0,0,0,0.00282942121052258,0.0169765272631355,0,0,0.067906109052542,0,0,0,0,0,0,0,0,0,0,0,0,0,0,0,0.00565884242104517,0.0113176848420903,0,0,0,0,0,0,0,0,0,0,0,0,1.785054841299,0,0.512234066195322,4.26428908960365,3.27687472755423,0.05986044153658,0,0,0,0,0,0,0,0,2.99662242572491,0,0,0,0,0,0,0,0,0,0,0,0,0,0,0,0,0,0,0,0,0,0,0,0,0,0,0,0,0,0,0,0,0,0,0,0,0,0,0,0,0,0,0,0,0,0,0,0,0,0,4.05202856669691,0,0,0,0,0,0,0,0,0,0,0,0,0,0,0,0,0,0,0,0.615899803736182,0,0,0,0,0,0,0,0,0,0,0,0,0,0,0,0,0,0,1.54311237868854,0,0,0,0.373003010884226,0,0,0,0,0,0,0,0,0,0,0,0,0,0,0,0,0,0,0,0,0,0,0,0.486157350780733,0,0,0,0,0,0,0,0,0,0.506568654095534,0,0,0,0,0,0,0,0,0,0,0,0,0,0,0,0.336725463835386,0.447063356309831,0,0,0,0,0,0,0.0648574024261311,0,0,0,0,0,0,0,0,0,0,0,0,2.70367987508903,0,0,0,0,1.35357948961461,0.148036035653076,0,1.39386399524466,213.706443295654,0,0,0,0,0,0,0,0,0,0,0,0,0,0,0,0,0,0,0,0,0,0,0,0,0,0,0,0,0,0,0,0,0,0,0,0,0.261790264166041,0,0,0.0652182721381771,0,23.8796128257672,0,0,0,0,0,0.0664271098817323,0,0.0702653917390969,0,0,0,0,0,0,0,0,0,0,0,0,0,0,0,0,0,0,0,0,0,0.67710412544104,0,0,0,0.112533322655747,0,4.03660871839593,0,0,0,0,0,0,0,0,0,0,0,0,0,0,0,0,0.399208409347548,0,0,0,0.2445572709043,0,0,0,0,0,0,0,0,0,5.71041418196132,0,0,0,0,0,0,0,0,0,0.0871699903121249,0,0,0,0,0,0,0,0,0,0,0,0,0,0,0,0,0,0,0,0,0,0,0,0,0,0,0,0,0,0,0,0,0,0,0,0,0,0,0,0.00445942238971117,0,0,0,0,0.0932435759927717,0,0,0,0,0,0,0,0,0,0,0,6.87402293149578,0,13.8227177388654,0,0,0,0,0,0,0,0,0,0,0,0,0,0,0,0,1.07983864398743,0,0,0,0,0,1.11159725267816,0.378291794874505,0,0,0,0,0,0,0,0,0,0,0,0,0,0,0,5.8325676611699,0,0,0,0,0,6.52008608813409,0,0,0,0,0,0,0,0,0,0.259414465933892,0,0,0,0,0,0,0,0,0,0,0,0,0,0,0,0,0,0,0,0,0,0,0,0,0,0.0736158105595128,0,0,0,0.226775260235006,0,0,0,0,0,0,0,0,0,0,0,0,0,0,0.107612451648157,0,0,0,0,0.0777924703650329,0,0,0,0,0,0,0,0,0,0,0,0,0,0.371612903106826,0,0,0,0,0,0,0,0,0,0,0,0,0,0,0,0,0,0,0,0,0,0.0866589469516436,0,0,0,0,0.0276693920656364,0,0,0,0,0,0,0,0,0,0,0.0552031395857798,0,0,0,0,0,0,0,0,0,0,0,0,0,0,0,0,0,0,0,0,0,0,0,0,0,0,0,0,0,0,0,0,0.43575126498556,0,0,0,0,0,0.807081082616725,0,0,0,0,0,0,0,0,0,0,0,0,0,0,0,0,0,0,0,0,0,0,0,0,0,0,0.0162798270601052,0,0,0.231011504196062,6.67336342194132,0,0,0,0,0,0,0,0,0,0,0,0,0,0,0,0.0100798130624867,0,0,0,0.105140574381294,0.33369633664414,0,0,0.310738072082311,0,0,0,0,0,0,0,0,0,0,0,0,0,0,0,0.278986134499086,2.51338566727334,0,0,0,0,0,0,0,0,0,0,0,"PAL-00275"
"462",5042,"nSPC",2012,"PRIAs","Pacific Remote Island Areas","Palmyra","Palmyra",2012,"ForereefMid","Palmyra","2012-05-18","Forereef","Mid",5.86680935,-162.11319012,7.45,20,2.5,22.5,40,14,1,0,0,NA,0.665,0.400842727564447,1.7,2,1,41.3793138538295,30.1745293964042,42.2702852746793,30.8351425867556,144.659271111669,27.2051419544351,0,0,0,0,0,0,0,0,0,0,0,0,0,0,0,0,0.0424413181578388,0,0,0.00282942121052258,0,0,0,0,0,0,0,0,0,0,0,0,0,0,0,0,0,0,0,0,0,0,0,0,0,0,0,0,0,0,0.00282942121052258,0,0,0,0,0,0,0,0,0,0,0,0,0,0,0,0,0,0,0,0,0,0,0,0,0,0.00282942121052258,0,0,0,0,0,0,0,0,0,0,0,0,0,0,0,0,0,0,0,0,0,0,0,0,0,0,0,0,0,0.00282942121052258,0,0,0,0,0,0,0,0,0,0.00282942121052258,0,0,0,0.0537590029999291,0,0,0,0,0,0,0,0,0,0,0,0,0,0,0,0.0113176848420903,0,0,0,0,0,0,0,0,0,0,0,0,0,0,0,0,0.00282942121052258,0,0,0,0,0,0,0,0,0,0,0,0,0,0,0,0,0,0,0.113176848420903,0.00282942121052258,0,0,0,0,0,0,0.00565884242104517,0,0,0,0,0,0,0,0,0,0,0.033953054526271,0,0,0,0,0.00282942121052258,0,0,0,0.00282942121052258,0,0,3.96118969473162,0,0,0,0,0.0537590029999291,0,0,0,0,0,0,0,0,0,0,0,0,0.215036011999716,0,0,0,0,0,0,0,0,0,0,0,0.00282942121052258,0,0,0,0.0226353696841807,0,0,0.0198059484736581,0,0.0169765272631355,0,0,0,0,0,0,0,0,0,0,0,0,0,0,0,0,0,0,0,0,0,0,0,0,0,0,0,0,0.00565884242104517,0.0113176848420903,0,0,0,0,0.00282942121052258,0,0,0,0,0,0,0,0,0,0,0,0,0,0,0,0,0,0,0,0,0,0.0311236333157484,0,0,0,0,0,0,0,0,0,0,0,0,0,0,0,0,0,0,0,0.00282942121052258,0,0,0,0,0,0.0367824757367936,0,0,0,0,0,0,0,0,0,0,0,0,0,0,0,0,0,0,0,0,0,0,0,0,0,0,0,0,0,0,0,0,0,0.0169765272631355,0,0,0,0.0141471060526129,0,0,0,0,0,0,0,0,0.33953054526271,0,0.00282942121052258,0,0.0226353696841807,0,0.0113176848420903,0,0.0113176848420903,0,0,0,0,0,0,0,0,0,0,0,0,0.101859163578813,0.0169765272631355,0.00282942121052258,0,0,0,0,0,0,0.00848826363156775,0,0,0,0,0,0,0,0,0,0,0,0,0,0,0,0.00282942121052258,0,0,0,0,0,0,0,0,0,0,0,0,0,0,0,0,0,0,0,0,0,0,0,0,0,0.00282942121052258,0,0,0,0.0254647908947033,0.0792237938946324,0.00282942121052258,0,0,0,0,0,0.0169765272631355,0,0.00282942121052258,0,0.00848826363156775,0,0,0,0,0,0,0,0,0,0,0,0.00282942121052258,0,0,0,0,0,0,0.0877120575262001,0,0,0,0,0.0877120575262001,0,0,0,0,0,0,0,0,0,0.00282942121052258,0,0,0,0,0,0,0,0,0,0,0,0,0,0,0,0,0,0,0,0,0,0,0,0,0,0.0141471060526129,0,0,0,0,0.0198059484736581,1.27323954473516,0,0,0,0,0,0,0,0,0,0,0,0,0,0,0,0,0,0,0,0,0,0,0,0,0,0,0,0,0,0,0,0,0,0.00282942121052258,0,0,0,0,0,0,0,0,0,0,0,0,0,0,0,0,0,0.0113176848420903,0.00282942121052258,0,0,0,0,0,0,0,0,0,0,0,0,0,0,0,0,0,0,0,0,0,0,0.107518005999858,0,0,0,0,0,0,0,0,0,0,0,0,0,0,0,0,0,0,0,0,0,0,0,0,0,0.0282942121052258,0,0.101859163578813,0,0,0,0,0,0,0.00565884242104517,0,0,0,0,0,0.00565884242104517,0,0,0,0,0,0,0,0,0,0,0,0,0,0,0,0,0,0,0,0,2.01256224856061,0,0,0.401327289393182,0,0,0,0,0,0,0,0,0,0,0,0,0,0,0,0,0,0,0,0,0,0,0,0,0,0,0,0,0,0,0.114129797484607,0,0,0,0,0,0,0,0,0,0,0,0,0,0,0,0,0,0,0,0,0,0,0,0,0,0.312297147030625,0,0,0,0,0,0,0,0,0,0,0,0,0,0,0,0,0,0,0,0,0,0,0,0,0,0,0,0,0,0.0284860863413975,0,0,0,0,0,0,0,0,0,2.55714450400049,0,0,0,0.337480008821436,0,0,0,0,0,0,0,0,0,0,0,0,0,0,0,0.789266530780532,0,0,0,0,0,0,0,0,0,0,0,0,0,0,0,0,0.248319961029986,0,0,0,0,0,0,0,0,0,0,0,0,0,0,0,0,0,0,0.10584864748565,10.1274114548938,0,0,0,0,0,0,0.447063356309831,0,0,0,0,0,0,0,0,0,0,7.47155445618698,0,0,0,0,1.36829243963738,0,0,0,9.18936869451317,0,0,4.10254757840933,0,0,0,0,0.318848533309976,0,0,0,0,0,0,0,0,0,0,0,0,0.638914321334557,0,0,0,0,0,0,0,0,0,0,0,0.607037324785205,0,0,0,0.834928241608614,0,0,2.98879575269705,0,2.11442699258096,0,0,0,0,0,0,0,0,0,0,0,0,0,0,0,0,0,0,0,0,0,0,0,0,0,0,0,0,0.688499285505241,1.64183408391462,0,0,0,0,0.491080834632434,0,0,0,0,0,0,0,0,0,0,0,0,0,0,0,0,0,0,0,0,0,0.9082792450154,0,0,0,0,0,0,0,0,0,0,0,0,0,0,0,0,0,0,0,0.198307920911827,0,0,0,0,0,0.398364964030075,0,0,0,0,0,0,0,0,0,0,0,0,0,0,0,0,0,0,0,0,0,0,0,0,0,0,0,0,0,0,0,0,0,0.062108517040465,0,0,0,0.0227949997237854,0,0,0,0,0,0,0,0,0.407012241133674,0,3.75452665751262,0,19.1902907597485,0,5.57118369968001,0,6.30179265881361,0,0,0,0,0,0,0,0,0,0,0,0,21.4637287250591,3.92572910335017,0.766673903571517,0,0,0,0,0,0,1.60018339356401,0,0,0,0,0,0,0,0,0,0,0,0,0,0,0,1.2328724847637,0,0,0,0,0,0,0,0,0,0,0,0,0,0,0,0,0,0,0,0,0,0,0,0,0,0.436851317219845,0,0,0,1.62525352467291,1.27388257518304,1.92590502474498,0,0,0,0,0,3.9001050255644,0,0.573570516766373,0,1.95698063565794,0,0,0,0,0,0,0,0,0,0,0,0.457860052650096,0,0,0,0,0,0,0.335544420166733,0,0,0,0,0.146852558971721,0,0,0,0,0,0,0,0,0,0.00638956551448123,0,0,0,0,0,0,0,0,0,0,0,0,0,0,0,0,0,0,0,0,0,0,0,0,0,0.0510314409529853,0,0,0,0,0.160666512603307,1.71850022479232,0,0,0,0,0,0,0,0,0,0,0,0,0,0,0,0,0,0,0,0,0,0,0,0,0,0,0,0,0,0,0,0,0,0.32528214593076,0,0,0,0,0,0,0,0,0,0,0,0,0,0,0,0,0,2.2384366361446,7.3677394072097,0,0,0,0,0,0,0,0,0,0,0,0,0,0,0,0,0,0,0,0,0,0,0.549620790792515,0,0,0,0,0,0,0,0,0,0,0,0,0,0,0,0,0,0,0,0,0,0,0,0,0,0.172863748530841,0,1.22202928436167,0,0,0,0,0,0,1.644502755379,0,0,0,0,0,0.82808810269223,0,0,0,0,35.00760064,37.34910067,34.58540061,29.32100048,37.92150068,36.99460067,42.04120072,42.81560075,40.86560075,45.49260081,26.34210045,"PAL-00253"
"463",5048,"nSPC",2012,"PRIAs","Pacific Remote Island Areas","Palmyra","Palmyra",2012,"ForereefDeep","Palmyra","2012-05-19","Forereef","Deep",5.89743532,-162.10930846,23.65,17.5,20,17.5,7.5,27.5,10,0,0,NA,0.39875,0.28175485532005,1.05,2,1,25.6004649880847,38.6428121695278,16.3471030848147,14.9336742394325,95.5240544818597,10.3524414957921,0,0,0,0,0,0,0,0,0,0,0,0,0,0.00282942121052258,0,0,0.0113176848420903,0.00848826363156775,0,0,0,0.00282942121052258,0,0,0,0.0282942121052258,0,0,0,0,0,0,0,0,0,0,0,0,0,0,0,0,0,0,0,0,0,0,0,0,0,0,0,0,0,0,0,0,0,0,0,0,0,0,0,0,0,0,0,0,0,0,0,0,0,0,0.00565884242104517,0,0,0,0,0,0,0,0,0,0.00282942121052258,0,0,0,0,0,0,0,0,0,0,0,0,0,0,0,0,0,0,0,0,0,0,0,0,0,0,0,0,0,0.00848826363156775,0,0,0,0.033953054526271,0,0,0,0,0.0565884242104517,0,0,0,0,0,0,0,0,0,0,0.0169765272631355,0,0.254647908947033,0,0,0,0,0,0.00282942121052258,0,0,0,0,0,0,0,0,0,0,0,0,0,0,0,0,0,0,0,0,0,0,0,0,0,0.00565884242104517,0,2.15036011999716,0,0,0,0,0,0,0,0,0,0,0,0.0113176848420903,0,0,0,0,0,0,0.00848826363156775,0,0,0,0,0,0,0,0,0,0,0,0,0,0,0,0,0.127323954473516,0,0,0,0,0,0,0,0,0,0,0,0,0,0,0,0,0,0,0,0,0,0,0,0,0.00282942121052258,0,0,0,0.0311236333157484,0,0,0.00565884242104517,0,0,0,0,0,0,0,0,0,0,0,0,0,0,0,0,0,0,0,0,0,0,0,0,0,0,0,0,0,0,0,0.00565884242104517,0,0,0,0,0,0,0,0,0,0,0,0,0,0,0,0,0.00282942121052258,0,0,0,0,0,0,0,0,0,0.00848826363156775,0,0,0,0,0,0,0,0,0,0,0,0,0,0,0,0,0,0,0,0.00565884242104517,0,0,0.0198059484736581,0,0,0.0141471060526129,0,0,0,0,0,0,0,0,0,0,0,0,0,0,0,0,0,0,0,0,0,0,0,0,0,0,0,0,0,0,0,0,0,0.00565884242104517,0,0,0,0,0,0,0,0,0,0,0,0,0,0,0,0,0.0282942121052258,0,0.0113176848420903,0,0.00282942121052258,0,0,0,0,0,0,0,0,0.00565884242104517,0,0,0,0,0.00848826363156775,0.00848826363156775,0,0,0,0,0,0,0,0,0,0,0,0,0,0,0,0,0,0,0,0,0,0.0113176848420903,0,0,0,0,0,0,0,0,0,0,0,0,0,0.00565884242104517,0,0,0,0,0,0.183912378683968,0,0,0,0,0,0,0,0,0,0,0.0226353696841807,0.00282942121052258,0,0,0,0,0.00282942121052258,0.0141471060526129,0,0,0,0,0.0141471060526129,0,0,0,0,0,0,0,0,0,0,0,0,0,0,0,0,0,0,0.00565884242104517,0,0,0,0,0.0311236333157484,0,0,0,0,0,0,0,0,0,0,0,0,0,0.0509295817894065,0,0,0,0,0,0,0,0,0,0,0,0,0,0,0,0,0.0226353696841807,0.0565884242104517,0,0,0,0.00282942121052258,0.0113176848420903,0,0,0.00565884242104517,0.0452707393683613,0.0848826363156775,0,0,0,0,0,0,0,0,0,0,0,0,0,0,0,0,0,0,0,0,0,0,0,0,0.00282942121052258,0,0,0,0,0,0,0,0,0.00282942121052258,0,0,0,0,0,0,0,0,0.00565884242104517,0,0,0,0,0,0,0,0,0,0.00282942121052258,0,0,0,0,0,0,0,0,0,0,0,0,0,0,0,0,0,0,0,0,0,0,0,0,0,0,0,0,0,0,0,0,0,0,0,0,0,0,0,0,0,0,0,0,0,0,0,0,0.00282942121052258,0,0,0,0,0,0,0,0,0,0,0,0,0,0,0,0,0,0,0,0,0,0,0,0,0,0,0,0,0,0,0,0,0.335669217512441,0,0,0.795407815162766,0.239669923131,0,0,0,1.61668267782379,0,0,0,1.53905121801043,0,0,0,0,0,0,0,0,0,0,0,0,0,0,0,0,0,0,0,0,0,0,0,0,0,0,0,0,0,0,0,0,0,0,0,0,0,0,0,0,0,0,0,0,0,0,0,0,0,0,0.506593494832668,0,0,0,0,0,0,0,0,0,0.453881859319369,0,0,0,0,0,0,0,0,0,0,0,0,0,0,0,0,0,0,0,0,0,0,0,0,0,0,0,0,0,1.85143399982038,0,0,0,0.215637289201527,0,0,0,0,0.157740799596095,0,0,0,0,0,0,0,0,0,0,1.06015273173605,0,0.0802989739546309,0,0,0,0,0,0.162145055343946,0,0,0,0,0,0,0,0,0,0,0,0,0,0,0,0,0,0,0,0,0,0,0,0,0,0.281988661853712,0,5.04569552704008,0,0,0,0,0,0,0,0,0,0,0,0.336725463835386,0,0,0,0,0,0,4.54906563588864,0,0,0,0,0,0,0,0,0,0,0,0,0,0,0,0,0.884982217054701,0,0,0,0,0,0,0,0,0,0,0,0,0,0,0,0,0,0,0,0,0,0,0,0,0.000832698662256796,0,0,0,1.02901752180832,0,0,0.548516822209005,0,0,0,0,0,0,0,0,0,0,0,0,0,0,0,0,0,0,0,0,0,0,0,0,0,0,0,0,0,0,0,1.31923605103302,0,0,0,0,0,0,0,0,0,0,0,0,0,0,0,0,0.0611154981472878,0,0,0,0,0,0,0,0,0,0.685053474754523,0,0,0,0,0,0,0,0,0,0,0,0,0,0,0,0,0,0,0,0.400955436840363,0,0,0.201803209632767,0,0,0.114474420988049,0,0,0,0,0,0,0,0,0,0,0,0,0,0,0,0,0,0,0,0,0,0,0,0,0,0,0,0,0,0,0,0,0,0.027397062361695,0,0,0,0,0,0,0,0,0,0,0,0,0,0,0,0,16.4177376448914,0,3.9622538677275,0,2.74243714497463,0,0,0,0,0,0,0,0,0.0397901504835791,0,0,0,0,1.05631952257758,3.48987016528473,0,0,0,0,0,0,0,0,0,0,0,0,0,0,0,0,0,0,0,0,0,12.4559479461983,0,0,0,0,0,0,0,0,0,0,0,0,0,0.00234304370443375,0,0,0,0,0,18.2774838180489,0,0,0,0,0,0,0,0,0,0,2.85318993316685,0.0622990679213183,0,0,0,0,0.143707435050926,0.531806098444487,0,0,0,0,0.684176011089438,0,0,0,0,0,0,0,0,0,0,0,0,0,0,0,0,0,0,0.0156076608302934,0,0,0,0,0.0521928959109259,0,0,0,0,0,0,0,0,0,0,0,0,0,0.0240091036034849,0,0,0,0,0,0,0,0,0,0,0,0,0,0,0,0,0.105856244825818,0.215150494777764,0,0,0,0.00302408538980654,0.365283056167723,0,0,0.326804892783447,0.344130734772178,0.0119935823092888,0,0,0,0,0,0,0,0,0,0,0,0,0,0,0,0,0,0,0,0,0,0,0,0,0.336525479189918,0,0,0,0,0,0,0,0,0.529667650609828,0,0,0,0,0,0,0,0,1.51869423446248,0,0,0,0,0,0,0,0,0,4.28468162544102,0,0,0,0,0,0,0,0,0,0,0,0,0,0,0,0,0,0,0,0,0,0,0,0,0,0,0,0,0,0,0,0,0,0,0,0,0,0,0,0,0,0,0,0,0,0,0,0,0.169846133666718,0,0,0,0,0,0,0,0,0,0,0,0,0,0,0,0,0,0,0,122.8019021,129.6684023,117.295702,138.6184024,127.2175023,156.2816027,119.9603021,124.5807022,152.7553027,127.8197022,157.0032027,"PAL-00322"
"464",5049,"nSPC",2012,"PRIAs","Pacific Remote Island Areas","Palmyra","Palmyra",2012,"ForereefMid","Palmyra","2012-05-19","Forereef","Mid",5.89622179,-162.11681462,8.95,20,15,12,32.5,19,1.5,0,0,NA,0.5775,0.358599386322687,1.45,2,1,23.3845150050342,5.69984790950327,29.9873759676816,10.4149529429221,69.4866918251412,13.7082768315902,0,0,0,0,0,0,0,0,0,0,0,0,0,0,0,0,0.0763943726841098,0,0,0,0,0,0,0,0,0,0,0,0,0,0,0,0,0,0,0,0,0,0,0,0,0,0,0,0,0,0,0,0,0,0,0,0,0,0,0,0,0,0,0,0,0,0,0,0,0,0,0,0,0,0,0,0,0,0,0,0.00565884242104517,0,0,0,0,0,0,0,0,0,0,0,0,0,0,0,0,0,0,0,0,0.00565884242104517,0,0,0,0,0,0,0,0,0,0,0,0,0,0,0,0,0,0,0.00282942121052258,0,0,0,0.0452707393683613,0,0,0,0,0,0,0,0,0,0,0,0,0,0,0,0.0113176848420903,0,0,0,0,0,0,0,0,0,0,0,0,0,0,0,0,0,0,0,0,0,0,0,0,0,0,0,0,0,0,0,0,0,0.0113176848420903,0.00565884242104517,0.113176848420903,0,0,0,0,0,0,0,0,0,0,0,0,0,0,0,0,0,0,0.0226353696841807,0,0,0,0,0.00848826363156775,0,0,0,0,0,0,1.62691719605049,0,0,0,0,0.067906109052542,0,0,0,0,0,0,0,0,0,0,0,0,0.0650766878420194,0,0,0,0,0,0,0,0,0,0,0,0,0,0,0,0.0367824757367936,0,0,0.0226353696841807,0,0.0311236333157484,0,0,0,0,0,0,0,0,0,0,0,0,0,0,0,0,0,0,0,0,0,0,0,0,0,0,0,0,0,0.0169765272631355,0,0,0.00282942121052258,0,0,0,0,0,0,0,0,0,0,0,0,0,0,0,0,0,0,0,0,0,0,0,0.0198059484736581,0,0,0,0,0,0,0,0,0,0,0,0,0,0,0,0,0,0,0,0.00282942121052258,0,0,0,0,0,0.0311236333157484,0,0,0,0,0,0,0,0,0.00282942121052258,0,0,0,0,0,0,0,0,0,0,0,0,0,0,0,0,0,0,0,0,0,0,0,0,0.0141471060526129,0,0,0,0.00565884242104517,0,0,0,0,0,0,0,0,0,0,0,0,0.0141471060526129,0,0,0,0,0,0,0,0,0,0,0,0,0,0,0,0,0.00848826363156775,0.00282942121052258,0,0,0,0,0,0,0,0,0,0,0,0,0,0,0,0,0,0,0,0,0,0,0,0,0,0,0,0,0,0,0,0,0,0,0,0,0,0,0,0,0,0,0,0,0,0,0,0,0,0,0,0,0,0.0113176848420903,0.0367824757367936,0,0,0,0,0,0.00565884242104517,0.00282942121052258,0,0,0,0.00282942121052258,0,0,0,0,0,0,0,0,0,0,0,0,0,0,0,0,0,0,0.0481001605788839,0,0,0,0,0.067906109052542,0,0,0,0,0,0,0,0,0,0,0,0,0,0,0,0,0,0,0,0,0,0,0,0,0,0,0,0,0,0,0,0,0.00565884242104517,0,0,0.0141471060526129,0,0,0,0,0.0396118969473162,0.198059484736581,0,0,0,0,0,0,0,0,0,0,0,0,0,0,0,0,0,0,0,0,0,0,0,0,0,0,0,0,0,0,0,0,0,0.00282942121052258,0,0,0,0,0,0,0,0,0,0,0,0,0,0,0,0,0,0,0,0,0,0,0,0,0,0,0,0,0,0,0,0,0,0,0,0,0,0,0,0,0,0.0509295817894065,0,0,0,0,0,0,0,0,0,0,0,0,0,0,0,0,0,0,0,0,0,0,0,0,0,0.00282942121052258,0,0.067906109052542,0,0,0,0,0,0,0.00282942121052258,0,0,0,0,0,0,0,0,0,0,0,0,0,0,0,0,0,0,0,0,0,0,0,0,0,0,6.56553260687824,0,0,0,0,0,0,0,0,0,0,0,0,0,0,0,0,0,0,0,0,0,0,0,0,0,0,0,0,0,0,0,0,0,0,0,0,0,0,0,0,0,0,0,0,0,0,0,0,0,0,0,0,0,0,0,0,0,0,0,1.1648575987934,0,0,0,0,0,0,0,0,0,0,0,0,0,0,0,0,0,0,0,0,4.57475098625937,0,0,0,0,0,0,0,0,0,0,0,0,0,0,0,0,0,0,2.142852658729,0,0,0,0.298666185788303,0,0,0,0,0,0,0,0,0,0,0,0,0,0,0,1.16255839258051,0,0,0,0,0,0,0,0,0,0,0,0,0,0,0,0,0,0,0,0,0,0,0,0,0,0,0,0,0,0,0,0,0,0.380902189186368,0.54947018315172,0.224107136400652,0,0,0,0,0,0,0,0,0,0,0,0,0,0,0,0,0,0,9.13352584533082,0,0,0,0,1.0232059718586,0,0,0,0,0,0,3.30685774558617,0,0,0,0,0.376743839615626,0,0,0,0,0,0,0,0,0,0,0,0,0.157727039385662,0,0,0,0,0,0,0,0,0,0,0,0,0,0,0,2.07952375994474,0,0,2.48095674030544,0,3.29422910845412,0,0,0,0,0,0,0,0,0,0,0,0,0,0,0,0,0,0,0,0,0,0,0,0,0,0,0,0,0,2.09627982511056,0,0,0.569253029480696,0,0,0,0,0,0,0,0,0,0,0,0,0,0,0,0,0,0,0,0,0,0,0,0.940981370973109,0,0,0,0,0,0,0,0,0,0,0,0,0,0,0,0,0,0,0,0.135141328524186,0,0,0,0,0,0.0881701408201837,0,0,0,0,0,0,0,0,0.331859701418862,0,0,0,0,0,0,0,0,0,0,0,0,0,0,0,0,0,0,0,0,0,0,0,0,0.0353289875098303,0,0,0,0.0075167372981692,0,0,0,0,0,0,0,0,0,0,0,0,16.8823147742698,0,0,0,0,0,0,0,0,0,0,0,0,0,0,0,0,1.42391916796261,0.96849148348127,0,0,0,0,0,0,0,0,0,0,0,0,0,0,0,0,0,0,0,0,0,0,0,0,0,0,0,0,0,0,0,0,0,0,0,0,0,0,0,0,0,0,0,0,0,0,0,0,0,0,0,0,0,1.64393899405299,0.440582928237884,0,0,0,0,0,0.0620352706152356,0.327117337756217,0,0,0,1.01559562322526,0,0,0,0,0,0,0,0,0,0,0,0,0,0,0,0,0,0,0.218661107337721,0,0,0,0,0.252493623548185,0,0,0,0,0,0,0,0,0,0,0,0,0,0,0,0,0,0,0,0,0,0,0,0,0,0,0,0,0,0,0,0,0.0149360090950365,0,0,0.0295320838848295,0,0,0,0,0.278547766647928,0.368220019938219,0,0,0,0,0,0,0,0,0,0,0,0,0,0,0,0,0,0,0,0,0,0,0,0,0,0,0,0,0,0,0,0,0,0.805558288121222,0,0,0,0,0,0,0,0,0,0,0,0,0,0,0,0,0,0,0,0,0,0,0,0,0,0,0,0,0,0,0,0,0,0,0,0,0,0,0,0,0,0.433972211853666,0,0,0,0,0,0,0,0,0,0,0,0,0,0,0,0,0,0,0,0,0,0,0,0,0,0.0379719758553684,0,0.567359502323683,0,0,0,0,0,0,0.594444547549743,0,0,0,0,0,0,0,0,0,0,0,0,0,0,0,0,0,0,0,0,0,"PAL-00239"
"465",5050,"nSPC",2012,"PRIAs","Pacific Remote Island Areas","Palmyra","Palmyra",2012,"ForereefMid","Palmyra","2012-05-19","Forereef","Mid",5.89695403,-162.13170407,14.15,30,10,10,27.5,21.5,1,0,0,NA,0.46,0.233283493097609,1.05,2,1,86.9944219637421,21.9318081676451,77.5736802042243,66.770298880571,253.270209216183,62.9463976514251,0,0,0,0,0,0,0,0,0,0,0,0,0,0,0,0,0.0707355302630646,0,0,0,0,0,0,0,0,0,0,0,0,0,0,0,0,0,0,0,0,0,0,0,0,0,0,0,0,0,0,0,0,0,0,0,0,0,0,0,0.00565884242104517,0,0,0,0,0,0,0,0,0.00282942121052258,0,0,0,0,0,0,0,0,0,0,0.00848826363156775,0.00282942121052258,0,0,0,0,0,0.00565884242104517,0,0,0,0,0,0,0,0,0,0,0,0,0,0,0,0,0.00565884242104517,0,0,0,0,0,0,0,0,0,0,0,0,0,0,0,0.0141471060526129,0,0,0,0.0282942121052258,0,0,0,0,0,0,0,0,0,0,0,0,0,0,0,0,0,0,0,0,0,0,0,0.00848826363156775,0,0,0,0,0,0,0,0,0,0,0,0,0,0,0,0,0,0,0,0,0,0,0,0,0,0.0113176848420903,0.0169765272631355,0.254647908947033,0.0113176848420903,0,0,0,0,0,0,0.00565884242104517,0,0,0,0,0,0,0,0,0,0,0.00565884242104517,0,0,0,0,0,0,0,0,0,0,0,1.01859163578813,0,0,0,0,0.104688584789336,0,0,0,0,0,0,0,0,0,0,0,0,0.0565884242104517,0,0,0,0,0,0.00282942121052258,0,0,0,0,0,0,0,0,0,0.0509295817894065,0,0.0113176848420903,0.0198059484736581,0,0.00565884242104517,0,0,0,0,0,0.0169765272631355,0,0,0,0,0,0,0,0,0,0,0,0,0,0,0,0,0,0,0,0,0,0,0,0.0141471060526129,0,0,0.00282942121052258,0,0,0,0,0,0,0,0,0,0,0,0,0,0,0,0,0,0,0,0,0,0,0,0.0311236333157484,0,0,0,0,0,0,0,0,0,0,0,0,0,0,0,0,0,0,0,0.00282942121052258,0,0,0,0,0,0.0113176848420903,0,0,0,0,0,0,0,0,0.00565884242104517,0,0,0,0,0,0,0,0.00848826363156775,0,0,0,0,0,0,0,0,0,0,0,0,0,0,0,0,0.00565884242104517,0,0,0,0.00565884242104517,0,0,0,0,0,0,0.00282942121052258,0,0,0,0,0,0.0367824757367936,0,0,0,0,0,0,0,0,0,0,0,0,0,0,0,0,0.0481001605788839,0.00565884242104517,0.0282942121052258,0,0,0,0,0,0.00565884242104517,0,0,0,0,0,0,0,0,0,0,0,0,0,0,0,0,0,0,0,0,0,0,0,0,0,0,0,0,0,0,0,0,0,0,0,0,0,0,0,0,0,0,0,0,0,0,0.00565884242104517,0.0282942121052258,0,0,0,0,0,0.00848826363156775,0.00565884242104517,0,0,0,0,0,0,0,0,0,0,0,0,0,0,0,0,0,0,0,0,0,0,0.0509295817894065,0,0,0,0,0.0848826363156775,0,0,0,0,0,0,0,0,0,0,0,0,0,0,0,0,0,0,0,0,0,0,0,0,0,0,0,0,0,0,0,0,0,0,0,0.0226353696841807,0,0,0,0,0.0396118969473162,0.594178454209743,0,0,0,0,0,0,0,0,0,0,0,0,0,0,0,0,0,0,0,0,0,0,0,0,0,0,0,0,0,0,0,0,0,0,0,0,0,0,0,0,0,0.00282942121052258,0,0,0,0,0,0,0,0,0,0,0,0,0.00565884242104517,0,0,0.00282942121052258,0,0,0,0,0,0,0,0,0,0,0,0,0,0,0,0,0,0.0594178454209743,0,0,0,0,0,0,0,0,0,0,0,0.00565884242104517,0,0,0,0,0,0,0,0,0,0,0,0,0,0,0,0.0594178454209743,0,0,0,0,0,0,0.00565884242104517,0,0,0,0,0,0,0,0,0,0,0,0,0,0,0,0,0,0,0,0,0,0,0,0,0,0,6.56625935710147,0,0,0,0,0,0,0,0,0,0,0,0,0,0,0,0,0,0,0,0,0,0,0,0,0,0,0,0,0,0,0,0,0,0,0,0,0,0,0,1.30434054268123,0,0,0,0,0,0,0,0,0.497148377664675,0,0,0,0,0,0,0,0,0,0,3.21411679617226,8.2016279857277,0,0,0,0,0,0.347251389317533,0,0,0,0,0,0,0,0,0,0,0,0,0,0,0,0,2.05049739381128,0,0,0,0,0,0,0,0,0,0,0,0,0,0,0,12.4325062419459,0,0,0,0.148447455724079,0,0,0,0,0,0,0,0,0,0,0,0,0,0,0,0,0,0,0,0,0,0,0,0.562087975840318,0,0,0,0,0,0,0,0,0,0,0,0,0,0,0,0,0,0,0,0,0,0,0,0,0,0.49939026578024,1.34119006892949,0.663926516470335,33.2270417040469,0,0,0,0,0,0,0.54947018315172,0,0,0,0,0,0,0,0,0,0,3.00010972560998,0,0,0,0,0,0,0,0,0,0,0,1.76803740834651,0,0,0,0,0.74225402016887,0,0,0,0,0,0,0,0,0,0,0,0,0.190199585999758,0,0,0,0,0,4.07266740771433,0,0,0,0,0,0,0,0,0,2.76254010955494,0,0.415723113183058,2.39746041754455,0,0.686937821763455,0,0,0,0,0,0.440128728333525,0,0,0,0,0,0,0,0,0,0,0,0,0,0,0,0,0,0,0,0,0,0,0,2.05115728103292,0,0,0.725536993815722,0,0,0,0,0,0,0,0,0,0,0,0,0,0,0,0,0,0,0,0,0,0,0,0.359955590926414,0,0,0,0,0,0,0,0,0,0,0,0,0,0,0,0,0,0,0,0.164690365394844,0,0,0,0,0,0.0711231609689062,0,0,0,0,0,0,0,0,1.17735442110025,0,0,0,0,0,0,0,20.8594885543544,0,0,0,0,0,0,0,0,0,0,0,0,0,0,0,0,0.0108152281644914,0,0,0,0.00540243409826541,0,0,0,0,0,0,8.92511278801896,0,0,0,0,0,53.7404315240908,0,0,0,0,0,0,0,0,0,0,0,0,0,0,0,0,15.0729871824712,1.00251502316982,39.7335429677422,0,0,0,0,0,1.70623864279096,0,0,0,0,0,0,0,0,0,0,0,0,0,0,0,0,0,0,0,0,0,0,0,0,0,0,0,0,0,0,0,0,0,0,0,0,0,0,0,0,0,0,0,0,0,0,0.721278233640749,0.434389725466427,0,0,0,0,0,0.128152808715801,0.532542563192167,0,0,0,0,0,0,0,0,0,0,0,0,0,0,0,0,0,0,0,0,0,0,0.182829243323751,0,0,0,0,0.327649520099496,0,0,0,0,0,0,0,0,0,0,0,0,0,0,0,0,0,0,0,0,0,0,0,0,0,0,0,0,0,0,0,0,0,0,0,0.0357220086670897,0,0,0,0,0.294532294203745,1.53823566906373,0,0,0,0,0,0,0,0,0,0,0,0,0,0,0,0,0,0,0,0,0,0,0,0,0,0,0,0,0,0,0,0,0,0,0,0,0,0,0,0,0,2.01795396046562,0,0,0,0,0,0,0,0,0,0,0,0,2.18393636751157,0,0,1.65786733943665,0,0,0,0,0,0,0,0,0,0,0,0,0,0,0,0,0,0.443113099288797,0,0,0,0,0,0,0,0,0,0,0,0.0140865694692693,0,0,0,0,0,0,0,0,0,0,0,0,0,0,0,0.585686795272722,0,0,0,0,0,0,8.48452026764074,0,0,0,0,0,0,0,0,0,0,121.7565022,129.4723023,123.6255021,140.1350025,130.3205023,159.4411028,120.4721021,123.7624022,155.4410028,131.3773023,158.6177028,"PAL-00203"
"466",5051,"nSPC",2012,"PRIAs","Pacific Remote Island Areas","Palmyra","Palmyra",2012,"ForereefDeep","Palmyra","2012-05-19","Forereef","Deep",5.88106068,-162.14718033,22.25,17.5,27.5,12.5,12.5,10,20,0,0,NA,0.3225,0.245943143684448,0.95,2,1,59.8565572520446,28.028680256844,39.45787592304,25.1202505791096,152.463364011038,32.1859437037427,0,0,0,0,0,0,0,0,0,0,0,0,0,0,0,0.00282942121052258,0.0396118969473162,0,0,0,0,0,0,0,0,0.00282942121052258,0,0,0,0,0,0,0,0,0,0,0,0,0,0,0,0,0,0,0,0,0.00282942121052258,0,0,0,0,0,0,0,0,0,0.0169765272631355,0,0,0,0,0,0,0,0,0,0,0,0,0,0,0,0,0,0,0,0.00565884242104517,0,0,0,0,0,0,0,0,0,0,0,0,0,0,0,0,0,0,0,0,0,0,0,0,0,0,0,0,0,0,0,0,0,0,0,0,0,0,0,0.0198059484736581,0,0,0,0.0763943726841098,0,0,0,0,0.00848826363156775,0,0,0,0,0,0,0,0,0,0,0.0141471060526129,0,0,0,0,0,0,0,0,0,0,0,0,0,0,0,0,0,0,0,0,0,0,0,0,0,0,0,0,0,0,0,0,0,0.0113176848420903,0,0.622472666314968,0.00565884242104517,0,0,0,0,0,0,0.00282942121052258,0,0.00282942121052258,0,0.00565884242104517,0,0,0,0,0,0,0.00565884242104517,0,0,0,0,0.00565884242104517,0,0,0,0,0,0,2.82942121052258,0,0,0,0,0.0169765272631355,0.299918648315394,0,0,0,0,0,0,0,0.0113176848420903,0,0,0,0.0424413181578388,0,0,0,0,0,0.00282942121052258,0,0,0,0,0,0.00282942121052258,0,0,0.00848826363156775,0.0650766878420194,0,0.00282942121052258,0.0198059484736581,0,0,0,0,0,0,0,0,0,0,0,0,0,0,0,0,0,0,0,0,0,0,0,0,0,0,0,0,0,0,0.00282942121052258,0.00848826363156775,0,0,0,0,0,0,0,0,0,0,0,0,0,0,0,0,0,0,0,0,0,0,0,0,0,0,0.00848826363156775,0,0,0,0,0,0,0,0,0,0,0,0,0,0,0,0,0,0,0,0.00282942121052258,0,0,0,0,0,0.0367824757367936,0,0,0,0,0,0,0,0,0.00282942121052258,0,0,0,0,0,0,0,0,0,0,0,0,0,0,0,0,0,0,0,0,0,0,0,0,0.00565884242104517,0,0,0,0,0,0,0,0,0,0,0,0,0,0,0,0,0.0141471060526129,0,0.00848826363156775,0,0,0,0,0,0,0,0,0,0,0.00848826363156775,0,0,0,0,0,0.00565884242104517,0,0,0,0,0,0,0,0,0,0,0,0,0,0,0,0,0,0,0,0,0,0.00565884242104517,0,0,0,0,0,0,0,0.00282942121052258,0,0,0,0,0,0,0,0,0,0,0,0,0,0,0,0,0,0,0,0,0,0,0.00282942121052258,0.00565884242104517,0,0,0,0,0.107518005999858,0.00282942121052258,0,0,0,0,0.0311236333157484,0,0,0,0,0,0,0,0,0,0,0,0,0,0,0,0,0,0,0.0565884242104517,0,0,0,0,0.0707355302630646,0,0,0,0,0,0,0,0,0,0.00282942121052258,0,0,0,0.353677651315323,0,0,0,0,0,0,0,0,0,0,0,0,0,0,0,0,0,0,0,0,0,0.00565884242104517,0,0,0,0.00282942121052258,0.067906109052542,1.86741799894491,0,0,0,0,0,0,0,0,0,0,0,0,0,0,0,0,0,0,0,0,0,0,0,0,0,0,0,0,0,0,0,0,0,0,0,0,0,0,0,0,0,0,0,0,0,0,0,0,0,0,0,0,0.00282942121052258,0,0,0,0,0.00282942121052258,0,0,0,0,0,0,0,0,0,0,0,0,0,0,0,0,0,0.0933708999472453,0,0,0,0,0,0,0,0,0,0,0,0,0,0,0,0,0,0,0,0,0,0,0,0,0,0.00565884242104517,0,0,0,0,0,0,0,0,0.00565884242104517,0,0,0,0,0,0.00565884242104517,0,0,0,0,0,0,0,0,0,0,0,0,0,0,0,0,0,0,0,1.17755531055302,1.99080312843214,0,0,0,0,0,0,0,0,0.118788156565612,0,0,0,0,0,0,0,0,0,0,0,0,0,0,0,0,0,0,0,0,0.0216578046559451,0,0,0,0,0,0,0,0,0,6.22773292318587,0,0,0,0,0,0,0,0,0,0,0,0,0,0,0,0,0,0,0,0.424637490375977,0,0,0,0,0,0,0,0,0,0,0,0,0,0,0,0,0,0,0,0,0,0,0,0,0,0,0,0,0,0,0,0,0,0,0,0,0,0,0,9.25822336361476,0,0,0,0.397579815078596,0,0,0,0,0.0129186000606337,0,0,0,0,0,0,0,0,0,0,0.826282297930585,0,0,0,0,0,0,0,0,0,0,0,0,0,0,0,0,0,0,0,0,0,0,0,0,0,0,0,0,0,0,0,0,0,0.445489247113551,0,1.15995517830826,18.7402178356411,0,0,0,0,0,0,0.223531678154915,0,0.111806763079088,0,0.163500585259839,0,0,0,0,0,0,2.33679229779258,0,0,0,0,0.636084322260926,0,0,0,0,0,0,2.09507322954355,0,0,0,0,0.117997628940627,0.870881074613832,0,0,0,0,0,0,0,0.040349886318933,0,0,0,0.352525601068534,0,0,0,0,0,1.65672584425016,0,0,0,0,0,0.481885799917128,0,0,0.126855161981928,1.84302735193982,0,0.276993760608636,1.78358423104095,0,0,0,0,0,0,0,0,0,0,0,0,0,0,0,0,0,0,0,0,0,0,0,0,0,0,0,0,0,0,4.75511726157082,2.45133667095625,0,0,0,0,0,0,0,0,0,0,0,0,0,0,0,0,0,0,0,0,0,0,0,0,0,0,0.407151037253111,0,0,0,0,0,0,0,0,0,0,0,0,0,0,0,0,0,0,0,0.109390817412507,0,0,0,0,0,0.264472791158451,0,0,0,0,0,0,0,0,0.668848011723918,0,0,0,0,0,0,0,0,0,0,0,0,0,0,0,0,0,0,0,0,0,0,0,0,0.0337406772027149,0,0,0,0,0,0,0,0,0,0,0,0,0,0,0,0,24.745474773645,0,9.4144252307617,0,0,0,0,0,0,0,0,0,0,0.0890928150769351,0,0,0,0,0,3.79742796687805,0,0,0,0,0,0,0,0,0,0,0,0,0,0,0,0,0,0,0,0,0,15.4547751001204,0,0,0,0,0,0,0,3.27652299008064,0,0,0,0,0,0,0,0,0,0,0,0,0,0,0,0,0,0,0,0,0,0,0.508856465368495,0.0514522500142089,0,0,0,0,0.569952949805248,0.110140412162358,0,0,0,0,0.857853389797537,0,0,0,0,0,0,0,0,0,0,0,0,0,0,0,0,0,0,0.120047661838068,0,0,0,0,0.214640571644313,0,0,0,0,0,0,0,0,0,0.00433323446028615,0,0,0,0.249805728460317,0,0,0,0,0,0,0,0,0,0,0,0,0,0,0,0,0,0,0,0,0,0.016112704967563,0,0,0,1.10539496194185,0.547878171309404,3.50732585965776,0,0,0,0,0,0,0,0,0,0,0,0,0,0,0,0,0,0,0,0,0,0,0,0,0,0,0,0,0,0,0,0,0,0,0,0,0,0,0,0,0,0,0,0,0,0,0,0,0,0,0,0,6.48956400646798,0,0,0,0,4.61936956384105,0,0,0,0,0,0,0,0,0,0,0,0,0,0,0,0,0,0.4876445690861,0,0,0,0,0,0,0,0,0,0,0,0,0,0,0,0,0,0,0,0,0,0,0,0,0,0.232963979518974,0,0,0,0,0,0,0,0,12.8547768047615,0,0,0,0,0,0.528018213807278,0,0,0,0,59.55500105,64.63650116,75.87810129,67.97520113,52.54970092,53.39460099,55.53500097,62.29770107,59.73190111,67.43070122,42.24630073,"PAL-00313"
"467",5052,"nSPC",2012,"PRIAs","Pacific Remote Island Areas","Palmyra","Palmyra",2012,"ForereefDeep","Palmyra","2012-05-19","Forereef","Deep",5.87938246,-162.15566525,20.1,7.5,2.5,5,12.5,35,25,12.5,0,NA,0.30375,0.316735834026511,1.5,2,1,33.9799570583053,19.4845227068302,18.0421217808771,23.5592865094193,95.0658880554318,12.1670773470841,0,0,0,0,0,0.00282942121052258,0,0,0,0,0,0,0,0,0,0,0.00565884242104517,0,0.00565884242104517,0,0,0.00282942121052258,0,0,0,0,0,0,0,0,0,0,0,0,0,0,0,0,0,0,0,0,0,0,0,0,0,0,0,0,0,0,0,0,0,0,0.00848826363156775,0,0,0,0,0,0,0,0,0,0,0,0,0,0,0,0,0,0,0,0.00565884242104517,0,0,0,0,0,0,0.00282942121052258,0,0,0.00565884242104517,0,0,0,0,0,0,0,0,0,0,0,0,0,0,0,0,0,0,0,0,0,0,0,0,0,0,0,0,0,0.00848826363156775,0,0,0,0.0311236333157484,0,0,0,0,0,0,0,0,0,0,0,0,0,0,0,0.00565884242104517,0,0,0,0,0,0,0,0,0,0,0,0,0,0,0,0,0,0,0,0,0,0,0,0,0,0,0,0,0,0,0,0,0,0.0113176848420903,0.00565884242104517,0.67906109052542,0,0,0,0,0,0,0,0.00282942121052258,0,0,0,0,0,0,0.00282942121052258,0,0,0,0.0396118969473162,0,0,0,0,0.00848826363156775,0,0,0,0,0,0.00282942121052258,1.34397507499823,0,0,0,0,0.127323954473516,0.135812218105084,0,0,0,0,0,0,0,0,0,0,0,0.0141471060526129,0,0,0,0,0,0,0,0.0735649514735872,0,0,0,0,0,0,0,0.00848826363156775,0,0,0.0113176848420903,0,0,0,0,0,0,0,0,0,0,0,0,0,0,0,0,0,0,0,0,0,0,0,0,0,0,0,0,0,0,0,0.00848826363156775,0,0,0.00282942121052258,0,0,0,0,0,0,0,0,0,0,0,0,0,0,0,0,0,0,0,0,0,0,0,0.00848826363156775,0,0,0,0,0,0,0,0,0,0,0,0,0,0,0,0,0,0,0,0.0113176848420903,0,0,0,0,0,0.0481001605788839,0,0,0,0,0,0,0,0,0,0,0,0,0,0,0,0,0,0,0,0,0,0,0,0,0,0,0,0,0,0,0,0,0.00282942121052258,0.00565884242104517,0,0,0,0.00282942121052258,0,0,0,0,0,0,0,0,0,0.00282942121052258,0,0,0.0226353696841807,0,0.00282942121052258,0,0,0,0,0,0,0,0,0.00282942121052258,0,0.0282942121052258,0,0,0,0,0,0,0,0,0,0,0,0,0,0,0,0,0,0,0,0,0,0,0,0,0,0,0,0,0,0,0,0,0,0,0,0,0,0,0,0,0,0,0,0,0,0,0,0,0,0,0,0,0,0,0,0,0,0,0.00565884242104517,0.0141471060526129,0.00565884242104517,0,0,0,0.00282942121052258,0.00282942121052258,0,0,0.0141471060526129,0,0.0113176848420903,0,0,0,0,0,0,0,0,0,0,0,0,0,0,0,0,0,0,0.0282942121052258,0,0,0,0.0113176848420903,0.0367824757367936,0,0,0,0,0,0,0,0,0,0,0,0,0,0.565884242104517,0,0,0,0,0,0,0,0,0,0,0,0,0,0,0,0,0.033953054526271,0,0,0,0,0,0,0,0,0,0.0424413181578388,3.11236333157484,0,0,0,0,0,0,0,0,0,0,0,0,0,0,0,0,0,0,0,0,0,0,0,0,0,0,0,0,0,0,0,0,0,0,0,0,0,0,0,0,0,0,0,0,0,0,0,0,0.00565884242104517,0,0,0,0.00282942121052258,0,0,0,0,0,0,0,0,0,0,0,0,0,0,0,0,0,0,0,0,0,0,0.0226353696841807,0,0,0,0,0,0,0,0,0.00282942121052258,0,0,0,0,0,0,0,0,0,0,0,0,0,0,0,0,0,0,0.0169765272631355,0,0,0,0,0,0,0,0.00848826363156775,0,0,0,0,0,0,0,0,0,0,0,0,0,0,0.655081745766241,0,0,0,0,0,0,0,0,0,0,0.305629339750305,0,1.13250392255198,0,0,1.80665934281499,0,0,0,0,0,0,0,0,0,0,0,0,0,0,0,0,0,0,0,0,0,0,0,0,0,0,0,0,0,0,0,0,0,0,2.57778380574355,0,0,0,0,0,0,0,0,0,0,0,0,0,0,0,0,0,0,0,1.16278783128331,0,0,0,0,0,0,0.278776439657234,0,0,1.3402116286612,0,0,0,0,0,0,0,0,0,0,0,0,0,0,0,0,0,0,0,0,0,0,0,0,0,0,0,0,0,3.50382695396771,0,0,0,0.164229935752477,0,0,0,0,0,0,0,0,0,0,0,0,0,0,0,0.645004181731569,0,0,0,0,0,0,0,0,0,0,0,0,0,0,0,0,0,0,0,0,0,0,0,0,0,0,0,0,0,0,0,0,0,0.49939026578024,0.447063356309831,2.75498479731616,0,0,0,0,0,0,0,0.223531678154915,0,0,0,0,0,0,0.179111292414106,0,0,0,6.21520279793557,0,0,0,0,0.888097582476438,0,0,0,0,0,0.266517944295434,2.68454069743778,0,0,0,0,0.431532318958603,0.0976496619305728,0,0,0,0,0,0,0,0,0,0,0,0.029340199630071,0,0,0,0,0,0,0,0.325225421930542,0,0,0,0,0,0,0,0.408826284825215,0,0,1.3203260247814,0,0,0,0,0,0,0,0,0,0,0,0,0,0,0,0,0,0,0,0,0,0,0,0,0,0,0,0,0,0,0,2.66991707226442,0,0,0.32758889003573,0,0,0,0,0,0,0,0,0,0,0,0,0,0,0,0,0,0,0,0,0,0,0,0.0160240993812259,0,0,0,0,0,0,0,0,0,0,0,0,0,0,0,0,0,0,0,1.04810722777927,0,0,0,0,0,0.157976206215592,0,0,0,0,0,0,0,0,0,0,0,0,0,0,0,0,0,0,0,0,0,0,0,0,0,0,0,0,0,0,0,0,0.0243290750675526,0.0177965605695409,0,0,0,0.0027012170491327,0,0,0,0,0,0,0,0,0,2.60348671644508,0,0,25.8270974297162,0,2.73113173745861,0,0,0,0,0,0,0,0,0.847403957357937,0,0.228242335499831,0,0,0,0,0,0,0,0,0,0,0,0,0,0,0,0,0,0,0,0,0,0,0,0,0,0,0,0,0,0,0,0,0,0,0,0,0,0,0,0,0,0,0,0,0,0,0,0,0,0,0,0,0,0,0,0,0,0,1.02540694754055,0.113965009729998,4.00941070633828,0,0,0,0.0606265741621095,0.0126222754078381,0,0,0.437191561335228,0,2.09270757812134,0,0,0,0,0,0,0,0,0,0,0,0,0,0,0,0,0,0,0.0982561097299334,0,0,0,0.0526547190690483,0.20089276485122,0,0,0,0,0,0,0,0,0,0,0,0,0,0.416223099507369,0,0,0,0,0,0,0,0,0,0,0,0,0,0,0,0,0.0981446910552828,0,0,0,0,0,0,0,0,0,0.320341110395116,13.0014474406244,0,0,0,0,0,0,0,0,0,0,0,0,0,0,0,0,0,0,0,0,0,0,0,0,0,0,0,0,0,0,0,0,0,0,0,0,0,0,0,0,0,0,0,0,0,0,0,0,2.27023703784458,0,0,0,3.6816375113039,0,0,0,0,0,0,0,0,0,0,0,0,0,0,0,0,0,0,0,0,0,0,0.0524476379203151,0,0,0,0,0,0,0,0,0.250329080411291,0,0,0,0,0,0,0,0,0,0,0,0,0,0,0,0,0,0,0.0151023186532853,0,0,0,0,0,0,0,0.0106059047331263,0,0,0,0,0,0,0,0,0,62.78070109,71.46990127,80.65110137,72.63550121,58.48230103,60.28720108,61.40330107,65.79440113,65.78780122,71.39380128,48.18700083,"PAL-00311"
"468",5053,"nSPC",2012,"PRIAs","Pacific Remote Island Areas","Palmyra","Palmyra",2012,"ForereefShallow","Palmyra","2012-05-19","Forereef","Shallow",5.88572295,-162.1183838,4.3,27.5,0,5,7.5,40,20,0,0,NA,1.185,0.931305533999107,3.25,2,1,3.63246940995124,1.8518806627771,43.0111044182514,11.2057772263028,59.7012317172826,23.7101258782568,0,0,0,0,0,0,0,0,0,0,0,0,0,0.00282942121052258,0,0,0.00282942121052258,0,0,0,0,0,0,0,0,0,0.0141471060526129,0,0,0,0,0,0,0,0,0,0,0,0,0,0,0,0,0,0,0,0,0,0,0,0,0,0,0,0,0,0,0,0,0,0,0,0,0,0,0,0,0,0,0,0,0,0,0,0,0,0,0,0,0,0,0,0,0,0,0,0,0,0,0,0,0,0,0,0,0,0,0,0,0,0,0,0,0,0,0,0,0,0,0,0.00565884242104517,0,0,0,0,0,0.00282942121052258,0,0,0,0,0,0,0,0,0,0,0,0,0,0,0,0,0,0,0,0,0,0,0,0,0,0,0,0.0113176848420903,0,0,0,0,0,0,0,0,0,0.00565884242104517,0,0,0,0,0,0,0,0,0,0,0,0,0,0,0,0.0113176848420903,0,0,0,0,0,0,0,0,0,0,0,0.00282942121052258,0,0,0,0,0,0,0,0,0.0537590029999291,0,0,0,0,0,0.0254647908947033,0,0,0.00565884242104517,0,0,0,0,0,0.130153375684039,0,0,0,0,0,0,0,0,0,0,0,0,0,0,0,0,0,0,0,0,0,0,0,0,0,0,0,0,0,0,0,0.00282942121052258,0,0,0,0.144300481736652,0,0,0,0,0.277283278631213,0.00848826363156775,0,0,0,0,0,0,0,0,0,0,0,0,0,0,0,0,0,0,0,0,0,0,0,0.00282942121052258,0,0,0,0.00565884242104517,0,0,0,0,0,0,0,0,0,0,0,0,0,0,0,0,0,0,0,0,0,0,0.0226353696841807,0,0,0,0,0,0,0,0,0,0,0,0,0,0,0,0,0,0,0,0,0,0,0,0,0,0,0,0,0,0,0,0,0,0,0.00282942121052258,0,0,0,0,0,0,0,0,0,0,0,0,0,0,0,0,0,0,0,0,0,0,0,0,0,0,0,0,0,0,0,0,0,0,0,0,0,0,0,0,0,0,0.00282942121052258,0,0,0,0,0,0,0,0,0,0,0,0,0,0,0,0,0,0.00565884242104517,0,0.00282942121052258,0,0,0,0,0,0,0,0,0,0,0,0,0,0,0,0,0,0,0,0,0,0,0,0,0,0,0,0,0,0,0,0,0,0,0,0,0,0,0,0,0,0,0,0,0,0,0.00282942121052258,0,0,0,0,0,0.00282942121052258,0,0,0,0,0,0,0,0,0,0.0311236333157484,0,0,0,0.00565884242104517,0,0,0,0,0,0,0,0,0,0,0,0,0,0,0,0,0,0,0,0,0,0,0,0,0,0,0,0,0,0,0,0,0,0.0226353696841807,0,0,0,0,0,0,0,0,0,0,0,0,0,0,0,0,0,0,0,0,0,0.00282942121052258,0,0,0,0,0,0,0,0,0,0,0,0,0,0,0,0,0,0,0,0,0,0,0,0,0,0,0,0.00282942121052258,0,0,0,0,0,0,0,0,0,0,0,0,0,0,0,0,0,0,0,0,0.0141471060526129,0,0,0,0,0,0.0792237938946324,0,0,0,0.00282942121052258,0,0,0,0,0,0,0,0,0,0,0,0,0,0,0,0,0,0,0,0,0,0.234841960473374,0,0,0.00282942121052258,0.0735649514735872,0.257477330157555,0,0,0,0,0,0,0,0,0,0,0,0,0,0,0,0.0169765272631355,0,0,0,0,0.0622472666314969,0,0,0.0650766878420194,0,0,0,0,0,0,0,0,0,0,0,0,0.00282942121052258,0,0,0,0,0,0,0,0,0,0,0,0,0,0,0,0,0,0.704421230818454,0,0,0.143915361610718,0,0,0,0,0,0,0,0,0,0.288229161694832,0,0,0,0,0,0,0,0,0,0,0,0,0,0,0,0,0,0,0,0,0,0,0,0,0,0,0,0,0,0,0,0,0,0,0,0,0,0,0,0,0,0,0,0,0,0,0,0,0,0,0,0,0,0,0,0,0,0,0,0,0,0,0,0,0,0,0,0,0,0,0,0,0,0,0,0,0,0,0,0,0,0,0,0.10028187020259,0,0,0,0,0,1.61140260315431,0,0,0,0,0,0,0,0,0,0,0,0,0,0,0,0,0,0,0,0,0,0,0,0,0,0,0,0.983498422547829,0,0,0,0,0,0,0,0,0,0.410131647820024,0,0,0,0,0,0,0,0,0,0,0,0,0,0,0,0.445489247113551,0,0,0,0,0,0,0,0,0,0,0,0.0670823293058165,0,0,0,0,0,0,0,0,5.03275330462817,0,0,0,0,0,0.931791214645936,0,0,1.10785287052676,0,0,0,0,0,0.419932621589306,0,0,0,0,0,0,0,0,0,0,0,0,0,0,0,0,0,0,0,0,0,0,0,0,0,0,0,0,0,0,0,0.0090164579608467,0,0,0,8.28096382560294,0,0,0,0,0.462519857085571,0.290054456078068,0,0,0,0,0,0,0,0,0,0,0,0,0,0,0,0,0,0,0,0,0,0,0,0.269163497623171,0,0,0,1.4539149839901,0,0,0,0,0,0,0,0,0,0,0,0,0,0,0,0,0,0,0,0,0,0,0.906924509816085,0,0,0,0,0,0,0,0,0,0,0,0,0,0,0,0,0,0,0,0,0,0,0,0,0,0,0,0,0,0,0,0,0,0,0.237706183564786,0,0,0,0,0,0,0,0,0,0,0,0,0,0,0,0,0,0,0,0,0,0,0,0,0,0,0,0,0,0,0,0,0,0,0,0,0,0,0,0,0,0,0.390946487283056,0,0,0,0,0,0,0,0,0,0,0,0,0,0,0,0,0,1.93488408747994,0,0.0645620123011174,0,0,0,0,0,0,0,0,0,0,0,0,0,0,0,0,0,0,0,0,0,0,0,0,0,0,0,0,0,0,0,0,0,0,0,0,0,0,0,0,0,0,0,0,0,0,0.567151822806831,0,0,0,0,0,1.46771070937733,0,0,0,0,0,0,0,0,0,0.851442886464118,0,0,0,0.0800676872021241,0,0,0,0,0,0,0,0,0,0,0,0,0,0,0,0,0,0,0,0,0,0,0,0,0,0,0,0,0,0,0,0,0,0.0257053882905358,0,0,0,0,0,0,0,0,0,0,0,0,0,0,0,0,0,0,0,0,0,0.00590641677696589,0,0,0,0,0,0,0,0,0,0,0,0,0,0,0,0,0,0,0,0,0,0,0,0,0,0,0,0.223588252710959,0,0,0,0,0,0,0,0,0,0,0,0,0,0,0,0,0,0,0,0,9.80417082841062,0,0,0,0,0,5.111496546712,0,0,0,3.6816375113039,0,0,0,0,0,0,0,0,0,0,0,0,0,0,0,0,0,0,0,0,0,0.969835049488405,0,0,0.0327232402026283,0.412832280021982,8.39148330259385,0,0,0,0,0,0,0,0,0,0,0,0,0,0,0,0.0246753823769675,0,0,0,0,0.59626971715402,0,0,0.701431909326417,0,0,0,0,0,0,0,0,0,0,0,0,0.205664541618939,0,0,0,0,0,0,0,0,0,0,0,0,0,0,0,"PAL-00263"
"469",5054,"nSPC",2012,"PRIAs","Pacific Remote Island Areas","Palmyra","Palmyra",2012,"ForereefShallow","Palmyra","2012-05-19","Forereef","Shallow",5.87662012,-162.11461924,3.4,67.5,0,5,5,22.5,0,0,0,NA,0.85375,0.608111738729409,2.5,2,1,52.0957316668404,4.19639532431589,42.3801324306861,8.29747352262689,106.969732944469,7.1687546666439,0,0,0,0,0,0,0,0,0.00282942121052258,0,0,0,0.00282942121052258,0,0,0.00848826363156775,0.0226353696841807,0,0,0,0,0,0,0,0,0,0.067906109052542,0.00282942121052258,0,0,0,0,0,0,0,0,0,0,0,0,0,0,0,0,0,0,0,0,0,0,0,0,0,0,0,0,0,0,0,0,0,0,0,0,0,0,0,0,0,0,0,0,0,0,0,0,0.00282942121052258,0,0,0,0,0,0,0,0,0,0,0,0,0,0,0,0,0,0,0,0,0,0,0,0,0,0,0,0,0,0,0,0,0,0,0,0,0,0,0,0.00848826363156775,0,0,0,0.0113176848420903,0,0,0,0,0,0,0,0,0,0,0,0,0,0,0,0,0,0,0,0,0,0,0,0.0113176848420903,0,0,0,0,0,0,0,0,0,0.00565884242104517,0,0,0,0,0,0,0,0,0,0,0,0,0,0,0,0.0226353696841807,0.00848826363156775,0,0,0,0,0,0,0,0,0,0,0,0,0,0,0,0,0,0,0,0.0198059484736581,0,0,0,0,0,0,0,0,0,0,0,0,0,0,0.0113176848420903,0,0,0,0,0,0,0,0,0,0,0,0,0,0,0,0,0,0,0,0,0,0,0,0,0,0,0,0,0,0,0,0,0,0,0,0.0905414787367227,0,0,0,0,0.00565884242104517,0,0,0,0,0,0,0,0,0,0,0,0,0,0,0,0,0,0,0,0,0,0,0,0,0.0141471060526129,0,0,0,0.00282942121052258,0,0,0,0,0,0,0,0,0,0,0,0,0,0,0,0,0,0,0,0,0,0,0.0424413181578388,0,0,0,0,0,0,0,0,0,0,0,0,0,0,0,0,0,0,0,0,0,0,0,0,0,0,0,0,0,0,0,0,0,0,0,0,0,0,0,0,0,0,0,0,0,0,0,0,0,0,0,0,0,0,0,0,0,0,0.00848826363156775,0.00282942121052258,0,0,0,0,0,0,0,0,0,0,0.00282942121052258,0,0,0,0,0,0.00565884242104517,0,0,0,0,0,0,0,0,0,0,0,0,0,0,0,0,0,0,0.00282942121052258,0,0,0,0,0,0,0,0,0,0,0,0,0,0,0,0,0,0,0,0,0,0,0,0,0,0,0,0,0.00282942121052258,0,0,0,0,0,0,0,0,0,0,0,0,0,0,0,0,0,0,0,0,0,0,0,0.00282942121052258,0,0,0,0,0,0.00282942121052258,0,0,0,0.00282942121052258,0,0.00282942121052258,0,0,0,0.0452707393683613,0,0,0,0,0,0,0,0,0,0,0,0,0,0,0.00282942121052258,0,0,0,0,0,0,0,0,0,0,0,0,0,0,0,0,0,0,0.00282942121052258,0,0,0,0,0,0,0,0,0,0,0,0,0,0,0,0,0,0,0,0,0,0,0,0,0,0,0,0,0,0,0,0,0,0,0,0,0,0.033953054526271,0,0,0,0,0,0,0,0,0,0,0,0,0,0,0,0,0,0,0,0,0,0,0.00282942121052258,0,0,0,0,0,0,0,0,0,0.0113176848420903,0,0,0,0,0,0.033953054526271,0,0,0,0,0,0,0,0,0,0,0,0,0,0,0,0,0,0,0,0,0,0,0,0,0,0,0,0,0,0,1.25909243868255,0,0,0,0,0,0,0,0,0,0,0,0,0,0,0,0.0254647908947033,0,0,0,0.0141471060526129,0.00848826363156775,0,0,0.00848826363156775,0,0,0,0,0,0,0,0,0,0,0,0,0,0,0.00565884242104517,0,0.0113176848420903,0,0,0,0,0,0,0,0,0.870612799634373,0,0,0,0.315019016626091,0,0,3.21001713851964,2.08531355736336,0,0,0,0,0,0,0,0,0,1.91467145496118,1.04044960778661,0,0,0,0,0,0,0,0,0,0,0,0,0,0,0,0,0,0,0,0,0,0,0,0,0,0,0,0,0,0,0,0,0,0,0,0,0,0,0,0,0,0,0,0,0,0,0,0,0.387383452121338,0,0,0,0,0,0,0,0,0,0,0,0,0,0,0,0,0,0,0,0,0,0,0,0,0,0,0,0,0,0,0,0,0,0,0,0,0,0,0,0.818981180402904,0,0,0,0.117407193541274,0,0,0,0,0,0,0,0,0,0,0,0,0,0,0,0,0,0,0,0,0,0,0,0.724233031184264,0,0,0,0,0,0,0,0,0,0.332996448416862,0,0,0,0,0,0,0,0,0,0,0,0,0,0,0,0.584134717233075,0.845512844247784,0,0,0,0,0,0,0,0,0,0,0,0,0,0,0,0,0,0,0,1.93825274966058,0,0,0,0,0,0,0,0,0,0,0,0,0,0,0.0565709571870058,0,0,0,0,0,0,0,0,0,0,0,0,0,0,0,0,0,0,0,0,0,0,0,0,0,0,0,0,0,0,0,0,0,0,0,3.67999961063265,0,0,0,0,0.0255286966913315,0,0,0,0,0,0,0,0,0,0,0,0,0,0,0,0,0,0,0,0,0,0,0,0,1.74781730569241,0,0,0,0.490713228547488,0,0,0,0,0,0,0,0,0,0,0,0,0,0,0,0,0,0,0,0,0,0,0.93260735159813,0,0,0,0,0,0,0,0,0,0,0,0,0,0,0,0,0,0,0,0,0,0,0,0,0,0,0,0,0,0,0,0,0,0,0,0,0,0,0,0,0,0,0,0,0,0,0,0,0,0,0,0,0,0,0,0,0,0,0.0483093381220618,0.0136985311808475,0,0,0,0,0,0,0,0,0,0,13.8501637939539,0,0,0,0,0,36.5608957033942,0,0,0,0,0,0,0,0,0,0,0,0,0,0,0,0,0,0,1.33019287730988,0,0,0,0,0,0,0,0,0,0,0,0,0,0,0,0,0,0,0,0,0,0,0,0,0,0,0,0,1.65599047834733,0,0,0,0,0,0,0,0,0,0,0,0,0,0,0,0,0,0,0,0,0,0,0,0.278705006201077,0,0,0,0,0,0.0962727543407572,0,0,0,0.500467612637146,0,0.204600587358282,0,0,0,0.11267934671967,0,0,0,0,0,0,0,0,0,0,0,0,0,0,0.0144052111636416,0,0,0,0,0,0,0,0,0,0,0,0,0,0,0,0,0,0,0.00188247071540938,0,0,0,0,0,0,0,0,0,0,0,0,0,0,0,0,0,0,0,0,0,0,0,0,0,0,0,0,0,0,0,0,0,0,0,0,0,0.210770942466975,0,0,0,0,0,0,0,0,0,0,0,0,0,0,0,0,0,0,0,0,0,0,0.534522301307865,0,0,0,0,0,0,0,0,0,3.21132460555901,0,0,0,0,0,1.90649796470464,0,0,0,0,0,0,0,0,0,0,0,0,0,0,0,0,0,0,0,0,0,0,0,0,0,0,0,0,0,0,21.7665190568406,0,0,0,0,0,0,0,0,0,0,0,0,0,0,0,0.109533968612356,0,0,0,0.461407426268124,0.120683723855043,0,0,0.0965919130533042,0,0,0,0,0,0,0,0,0,0,0,0,0,0,0.347396272023991,0,1.4179987162847,0,0,0,0,0,0,0,0,0,0,0,"PAL-00274"
"470",6496,"nSPC",2014,"PRIAs","Pacific Remote Island Areas","Wake","Wake",2014,"ForereefMid","Wake","2014-03-16","Forereef","Mid",19.27107356,166.64896608,17.35,22.5,1.5,1,10,25,40,0,0,NA,0.5025,0.505193845059372,2,2,1,5.50951366209577,0.911653661136429,23.0043152818961,6.45548210830209,35.8809647134304,18.4898633193727,0,0,0,0,0,0,0,0,0,0,0,0,0,0,0,0,0,0.0169765272631355,0,0,0,0,0,0,0,0,0,0,0,0,0,0,0,0,0,0,0,0,0,0,0,0.00282942121052258,0,0,0,0,0,0,0,0,0,0,0,0,0,0,0.00282942121052258,0,0,0,0,0,0,0,0,0,0,0,0,0,0,0,0,0,0,0,0,0,0,0,0,0,0,0,0,0,0,0,0,0,0,0,0,0,0,0,0,0,0,0,0,0,0,0,0,0,0,0,0,0,0,0,0,0,0,0,0.00848826363156775,0,0,0,0.0198059484736581,0,0,0,0,0.0226353696841807,0,0,0,0,0,0,0,0,0,0,0,0,0.707355302630646,0.0452707393683613,0,0,0,0,0.00565884242104517,0,0,0,0,0,0,0,0,0,0,0,0,0.0169765272631355,0,0,0,0,0,0,0,0,0,0,0,0,0,0,0,0,0,0,0,0,0,0,0,0,0,0,0.0113176848420903,0,0,0,0,0,0,0.0169765272631355,0,0,0,0,0,0,0,0.00282942121052258,0,0.00565884242104517,0,0,0,0,0,0,0,0,0,0,0,0,0,0,0,0,0,0,0,0,0,0,0,0,0,0.00282942121052258,0,0,0,0,0,0,0,0,0,0.00565884242104517,0,0,0,0,0.0367824757367936,0,0,0,0,0,0,0,0,0,0,0,0,0,0,0,0,0,0,0,0,0,0,0,0,0,0,0.00565884242104517,0,0,0.00565884242104517,0,0,0,0,0,0,0,0,0,0,0,0,0,0,0,0,0.00848826363156775,0,0,0,0,0,0,0,0,0,0.00282942121052258,0,0,0,0,0,0,0,0,0,0,0,0,0,0,0,0,0,0,0,0,0,0,0,0,0,0.00282942121052258,0,0,0,0,0,0,0,0,0,0,0,0,0,0,0,0,0,0,0,0,0,0,0,0,0,0,0,0,0,0,0,0,0,0,0,0,0,0.0141471060526129,0,0,0,0,0,0,0,0,0,0,0,0,0,0,0,0,0,0,0,0,0,0,0,0,0,0,0,0,0,0,0.00282942121052258,0,0,0,0,0,0.00565884242104517,0,0,0,0,0,0,0,0,0,0,0,0,0,0,0,0,0,0,0,0,0,0,0,0,0,0,0.00565884242104517,0,0,0,0,0,0,0,0,0,0,0,0,0,0,0,0,0,0,0,0,0.00848826363156775,0.0169765272631355,0,0,0,0,0,0.00565884242104517,0,0,0,0,0.00565884242104517,0,0,0,0.00282942121052258,0,0,0,0,0,0,0,0,0,0,0,0,0,0,0,0,0,0,0,0.0169765272631355,0,0,0,0,0,0,0,0,0,0,0,0,0,0,0,0,0,0,0,0,0,0,0,0,0,0,0,0,0,0,0,0,0,0,0,0,0,0,0,0,0.0113176848420903,0,0,0,0,0.00282942121052258,0,0,0,0,0,0,0,0,0,0,0,0,0,0,0,0,0,0,0,0,0,0,0,0,0,0,0,0,0.00282942121052258,0.00282942121052258,0,0,0,0,0,0,0,0.00848826363156775,0,0,0,0,0,0,0,0,0,0,0,0,0,0,0,0,0,0,0,0,0,0,0,0,0,0,0,0,0,0,0,0,0,0,0,0,0,0,0,0,0,0,0.00565884242104517,0,0,0,0,0,0,0,0,0,0,0,0,0,0,0,0,0.0282942121052258,0,0,0,0,0,0,0,0,0,0,0,0,0,0,0,0.0113176848420903,0,0,0,0,0,0,0,0,0,0,0,0,0,0,0,0,0,0,0,0,0.326457803086106,0,0,0,0,0,0,0,0,0,0,0,0,0,0,0,0,0,0,0,0,0,0,0,0.0652705031949402,0,0,0,0,0,0,0,0,0,0,0,0,0,0,1.27377006121214,0,0,0,0,0,0,0,0,0,0,0,0,0,0,0,0,0,0,0,0,0,0,0,0,0,0,0,0,0,0,0,0,0,0,0,0,0,0,0,0,0,0,0,0,0,0,0,0,0,0,0,0,0,0,0,0,0,0,0,2.52346657122381,0,0,0,0.273269305201145,0,0,0,0,0.133726663656586,0,0,0,0,0,0,0,0,0,0,0,0,0.897888526947237,0.0137651341891924,0,0,0,0,1.097191075117,0,0,0,0,0,0,0,0,0,0,0,0,12.163799244612,0,0,0,0,0,0,0,0,0,0,0,0,0,0,0,0,0,0,0,0,0,0,0,0,0,0,0.203232528046707,0,0,0,0,0,0,2.6335709436031,0,0,0,0,0,0,0,0.388534009772967,0,0.222711483932331,0,0,0,0,0,0,0,0,0,0,0,0,0,0,0,0,0,0,0,0,0,0,0,0,0,0.0323258922620931,0,0,0,0,0,0,0,0,0,0.149962793398497,0,0,0,0,2.27529763244432,0,0,0,0,0,0,0,0,0,0,0,0,0,0,0,0,0,0,0,0,0,0,0,0,0,0,0.533004824425186,0,0,0.494864872770184,0,0,0,0,0,0,0,0,0,0,0,0,0,0,0,0,0.210119892646433,0,0,0,0,0,0,0,0,0,0.0087428844168392,0,0,0,0,0,0,0,0,0,0,0,0,0,0,0,0,0,0,0,0,0,0,0,0,0,0.00812836125358928,0,0,0,0,0,0,0,0,0,0,0,0,0,0,0,0,0,0,0,0,0,0,0,0,0,0,0,0,0,0,0,0,0,0,0,0,0,0.0723780796639992,0,0,0,0,0,0,0,0,0,0,0,0,0,0,0,0,0,0,0,0,0,0,0,0,0,0,0,0,0,0,0.248286972602325,0,0,0,0,0,0.918653896111769,0,0,0,0,0,0,0,0,0,0,0,0,0,0,0,0,0,0,0,0,0,0,0,0,0,0,0.0197618527665584,0,0,0,0,0,0,0,0,0,0,0,0,0,0,0,0,0,0,0,0,0.895755596061896,0.0913583310445346,0,0,0,0,0,0.283516609172747,0,0,0,0,0.305301371096951,0,0,0,0.0937138252446612,0,0,0,0,0,0,0,0,0,0,0,0,0,0,0,0,0,0,0,0.0543783236599652,0,0,0,0,0,0,0,0,0,0,0,0,0,0,0,0,0,0,0,0,0,0,0,0,0,0,0,0,0,0,0,0,0,0,0,0,0,0,0,0,0.148226677131239,0,0,0,0,0.00125174108652593,0,0,0,0,0,0,0,0,0,0,0,0,0,0,0,0,0,0,0,0,0,0,0,0,0,0,0,0,0.796368047866512,1.03450713009732,0,0,0,0,0,0,0,3.59877930591289,0,0,0,0,0,0,0,0,0,0,0,0,0,0,0,0,0,0,0,0,0,0,0,0,0,0,0,0,0,0,0,0,0,0,0,0,0,0,0,0,0,0,0.340535555676688,0,0,0,0,0,0,0,0,0,0,0,0,0,0,0,0,0.33017360845991,0,0,0,0,0,0,0,0,0,0,0,0,0,0,0,0.718916782361409,0,0,0,12.77060021,5.421600079,12.24510022,3.140000053,10.15800018,4.454100076,3.875300063,7.066200126,2.683900052,12.32040023,9.294400149,"WAK-00168"
"471",6497,"nSPC",2014,"PRIAs","Pacific Remote Island Areas","Wake","Wake",2014,"ForereefDeep","Wake","2014-03-16","Forereef","Deep",19.27484533,166.6411715,23,40,0.5,4.5,2.5,35,17.5,0,0,NA,0.39375,0.371697709061255,1.65,2,1,5.3799201973052,3.42850121256637,8.49647990269939,7.95533700869666,25.2602383212676,5.88971318006051,0,0,0,0,0,0.00282942121052258,0,0,0,0,0,0,0,0,0,0,0,0.00565884242104517,0,0.0113176848420903,0,0,0,0,0,0.0141471060526129,0,0,0,0,0,0,0,0,0,0,0,0,0,0,0,0,0,0,0,0,0,0,0,0,0,0,0,0,0,0,0.00565884242104517,0,0,0,0,0,0,0,0,0,0,0,0,0,0,0,0,0,0,0,0,0,0,0,0,0,0,0,0,0,0,0,0,0,0,0,0,0,0,0,0,0,0,0,0,0,0,0,0,0,0,0,0,0,0,0,0,0,0,0,0.0113176848420903,0,0,0,0.00848826363156775,0,0,0,0,0.0282942121052258,0,0,0,0,0,0,0,0,0,0,0,0,0.67906109052542,0.124494533262994,0,0,0,0,0,0,0,0,0,0,0,0,0,0,0,0,0,0,0,0,0,0,0,0,0,0,0,0,0,0,0,0,0,0,0,0,0,0,0,0,0.00848826363156775,0,0,0,0.0113176848420903,0,0,0,0,0,0,0.0198059484736581,0,0,0,0,0,0,0,0,0,0.00282942121052258,0,0,0,0,0,0,0,0,0,0,0,0,0,0,0,0,0,0,0,0,0,0,0,0,0,0.00565884242104517,0,0,0,0,0,0,0,0,0,0.0169765272631355,0,0,0,0,0.00565884242104517,0,0,0,0,0,0,0,0,0,0,0,0,0,0,0,0,0,0,0,0,0,0,0,0,0,0,0.00565884242104517,0,0,0.00848826363156775,0,0,0,0,0,0,0,0,0,0,0,0,0,0,0,0,0.00282942121052258,0,0,0,0,0,0,0,0,0,0.00282942121052258,0,0,0,0,0,0,0,0,0,0,0,0,0,0,0,0,0,0,0,0,0,0,0,0,0,0,0,0,0,0,0,0,0,0,0.00565884242104517,0,0,0,0,0.00282942121052258,0,0,0,0,0,0,0,0,0,0,0,0,0,0,0,0,0,0,0,0,0,0,0,0,0,0,0,0,0,0,0,0,0,0,0,0,0,0.0141471060526129,0,0,0,0,0,0,0,0,0,0,0,0,0,0,0,0,0,0,0,0,0,0,0,0,0,0,0,0,0,0,0,0,0,0,0,0,0,0,0,0,0,0,0,0,0,0,0,0,0,0,0,0,0,0,0,0,0,0,0,0,0,0,0,0,0,0,0,0,0,0,0.00848826363156775,0.00282942121052258,0,0,0,0,0,0.00282942121052258,0.00282942121052258,0,0,0,0,0,0,0,0,0,0,0,0,0,0,0,0,0,0,0,0,0,0,0,0,0,0,0,0.0169765272631355,0,0,0,0,0,0,0,0,0,0,0,0,0,0,0,0,0,0,0,0,0,0,0,0,0,0,0,0,0,0,0,0,0,0,0,0,0,0,0,0,0.00565884242104517,0,0,0.268795014999646,0,0,0,0,0,0,0,0,0,0,0,0,0,0,0,0,0,0,0,0,0,0,0,0,0,0,0,0,0,0,0,0.00565884242104517,0,0,0,0,0,0,0,0.00282942121052258,0,0,0,0,0,0,0,0,0,0,0,0,0,0,0,0,0,0,0,0,0,0,0,0,0,0,0,0,0,0,0,0,0,0,0,0,0,0,0,0,0,0,0,0,0,0,0,0,0,0,0,0,0,0,0,0,0,0,0,0.00565884242104517,0,0,0,0,0,0,0,0,0,0,0,0,0,0,0,0.0198059484736581,0,0,0.00282942121052258,0,0,0,0,0,0.194098295041849,0,0,0,0,0,0,0,0,0,0,0,0.0609102715233463,0,0.451719822104569,0,0,0,0,0,0.461992422328064,0,0,0,0,0,0,0,0,0,0,0,0,0,0,0,0,0,0,0,0,0,0,0,0,0,0,0,0,0,0,0.96851088036188,0,0,0,0,0,0,0,0,0,0,0,0,0,0,0,0,0,0,0,0,0,0,0,0,0,0,0,0,0,0,0,0,0,0,0,0,0,0,0,0,0,0,0,0,0,0,0,0,0,0,0,0,0,0,0,0,0,0,0,2.59261075021653,0,0,0,0.0712378256523105,0,0,0,0,0.0542710507252603,0,0,0,0,0,0,0,0,0,0,0,0,0.918693261108209,0.0426025951668385,0,0,0,0,0,0,0,0,0,0,0,0,0,0,0,0,0,0,0,0,0,0,0,0,0,0,0,0,0,0,0,0,0,0,0,0,0,0,0,0,0.728581475565825,0,0,0,0.105605954221969,0,0,0,0,0,0,4.81750695121396,0,0,0,0,0,0,0,0,0,0.140159674687791,0,0,0,0,0,0,0,0,0,0,0,0,0,0,0,0,0,0,0,0,0,0,0,0,0,0.467493929837414,0,0,0,0,0,0,0,0,0,0.326042684937847,0,0,0,0,0.19836595582357,0,0,0,0,0,0,0,0,0,0,0,0,0,0,0,0,0,0,0,0,0,0,0,0,0,0,0.404110286254628,0,0,1.01393989034903,0,0,0,0,0,0,0,0,0,0,0,0,0,0,0,0,0.0777029799939765,0,0,0,0,0,0,0,0,0,0.0569174580230593,0,0,0,0,0,0,0,0,0,0,0,0,0,0,0,0,0,0,0,0,0,0,0,0,0,0,0,0,0,0,0,0,0,0,0.624771005164276,0,0,0,0,0.21259535326352,0,0,0,0,0,0,0,0,0,0,0,0,0,0,0,0,0,0,0,0,0,0,0,0,0,0,0,0,0,0,0,0,0,0,0,0,0,2.21099593489211,0,0,0,0,0,0,0,0,0,0,0,0,0,0,0,0,0,0,0,0,0,0,0,0,0,0,0,0,0,0,0,0,0,0,0,0,0,0,0,0,0,0,0,0,0,0,0,0,0,0,0,0,0,0,0,0,0,0,0,0,0,0,0,0,0,0,0,0,0,0,1.05202537834542,0.0310176353076178,0,0,0,0,0,0.141445360875306,0.221217541251428,0,0,0,0,0,0,0,0,0,0,0,0,0,0,0,0,0,0,0,0,0,0,0,0,0,0,0,0.103922136132327,0,0,0,0,0,0,0,0,0,0,0,0,0,0,0,0,0,0,0,0,0,0,0,0,0,0,0,0,0,0,0,0,0,0,0,0,0,0,0,0,0.0363069385884642,0,0,1.79261758069974,0,0,0,0,0,0,0,0,0,0,0,0,0,0,0,0,0,0,0,0,0,0,0,0,0,0,0,0,0,0,0,2.25896632139459,0,0,0,0,0,0,0,1.07220622884655,0,0,0,0,0,0,0,0,0,0,0,0,0,0,0,0,0,0,0,0,0,0,0,0,0,0,0,0,0,0,0,0,0,0,0,0,0,0,0,0,0,0,0,0,0,0,0,0,0,0,0,0,0,0,0,0,0,0,0,0.0989556745382059,0,0,0,0,0,0,0,0,0,0,0,0,0,0,0,1.02270939589712,0,0,0.227411420933014,10.43110017,5.025500071,10.8267002,2.751800047,9.649100175,2.900200047,3.221200053,6.173700111,1.471000024,10.02520019,8.646600139,"WAK-00301"
"472",6498,"nSPC",2014,"PRIAs","Pacific Remote Island Areas","Wake","Wake",2014,"ForereefShallow","Wake","2014-03-16","Forereef","Shallow",19.28550803,166.61540905,3.45,20,1.5,25,7.5,44.5,1.5,0,0,NA,0.26125,0.202165052990043,0.95,2,1,2.55207606446721,0.29637621295982,11.2779040662852,6.31814046891331,20.4444968126256,3.4465410666606,0,0,0,0,0,0.00282942121052258,0,0,0,0,0,0,0,0,0,0,0,0.00848826363156775,0,0.0113176848420903,0,0,0,0,0,0,0.00848826363156775,0,0,0,0,0,0,0,0,0,0,0,0,0,0,0.00282942121052258,0,0,0,0,0,0,0,0,0,0,0,0,0,0,0,0,0,0,0,0,0,0,0,0,0,0,0,0,0,0,0,0,0,0,0,0,0,0,0,0,0,0,0,0,0,0,0,0,0,0,0,0,0,0,0,0,0,0,0,0,0,0,0,0,0,0,0,0,0,0,0,0,0,0,0,0,0,0,0.0198059484736581,0,0,0,0,0,0,0,0,0,0,0,0,0,0,0,0,0,0.212206590789194,0,0,0,0,0,0.00848826363156775,0,0,0,0,0,0,0,0,0,0,0,0,0,0,0,0,0,0,0,0,0,0,0,0,0,0,0,0,0,0,0,0,0,0,0,0.00282942121052258,0,0,0,0,0,0,0,0,0,0,0.00565884242104517,0,0,0,0,0,0,0,0.00848826363156775,0,0,0,0,0,0,0,0,0,0,0,0,0,0,0,0,0,0,0,0,0,0,0,0,0,0,0,0.00848826363156775,0,0,0,0,0,0,0,0,0,0,0,0,0,0,0.0282942121052258,0,0,0,0,0,0,0,0,0,0,0,0,0,0,0,0,0,0,0,0,0,0,0,0,0,0,0,0,0,0,0,0,0,0,0,0,0,0,0,0,0,0,0,0,0.00282942121052258,0,0,0,0,0,0,0,0,0,0,0,0.0141471060526129,0,0,0,0,0,0,0,0,0,0.00282942121052258,0,0,0,0,0,0,0,0,0,0,0,0,0,0,0,0.00848826363156775,0,0,0,0,0,0,0,0,0,0,0,0,0,0,0,0,0,0,0,0,0,0,0,0,0,0,0,0,0,0,0,0,0,0,0,0,0,0.00282942121052258,0,0,0,0,0,0,0,0,0,0,0,0,0,0,0,0,0,0,0,0,0,0,0,0,0,0,0,0,0,0,0.0141471060526129,0,0,0,0,0,0,0,0,0,0,0,0,0,0,0,0,0,0,0,0,0,0,0,0,0,0,0,0,0,0,0,0,0.00565884242104517,0,0,0,0,0,0,0,0,0,0,0,0,0,0,0,0,0,0,0,0,0.00565884242104517,0.0198059484736581,0,0,0,0,0,0,0.00565884242104517,0,0,0,0,0,0,0,0,0,0,0,0,0,0,0,0,0,0,0,0,0,0,0.0763943726841098,0,0,0,0,0.00848826363156775,0,0,0,0,0,0.00282942121052258,0,0,0,0,0,0,0,0,0,0,0,0,0,0,0,0,0,0,0,0,0,0,0,0,0,0,0,0,0,0,0,0,0,0,0,0,0,0,0,0,0,0,0,0,0,0,0,0,0,0,0,0,0,0,0,0,0,0,0,0.00565884242104517,0,0,0,0,0,0,0,0,0,0,0,0,0,0,0,0,0,0.00282942121052258,0,0,0,0,0,0,0,0,0,0.00282942121052258,0,0,0,0,0,0,0,0,0,0,0,0,0,0,0,0,0,0,0,0,0,0,0,0,0,0,0.0169765272631355,0,0,0,0,0,0,0,0,0,0,0,0,0,0,0,0,0,0,0,0,0,0,0.0169765272631355,0.00282942121052258,0.121665112052471,0,0.00565884242104517,0,0,0,0,0,0,0,0,0,0,0,0,0,0,0,0,0,0,0,0,0.289732731957513,0,0,0,0,0,0,0,0,0,0,0,0.17958132460974,0,0.479247314334023,0,0,0,0,0,0,0.490674077481628,0,0,0,0,0,0,0,0,0,0,0,0,0,0,0.237671381683897,0,0,0,0,0,0,0,0,0,0,0,0,0,0,0,0,0,0,0,0,0,0,0,0,0,0,0,0,0,0,0,0,0,0,0,0,0,0,0,0,0,0,0,0,0,0,0,0,0,0,0,0,0,0,0,0,0,0,0,0,0,0,0,0,0,0,0,0,0,0,0,0,0,0,0,0,0,0,0.271395044831209,0,0,0,0,0,0,0,0,0,0,0,0,0,0,0,0,0,0.29637621295982,0,0,0,0,0,0.643021595886738,0,0,0,0,0,0,0,0,0,0,0,0,0,0,0,0,0,0,0,0,0,0,0,0,0,0,0,0,0,0,0,0,0,0,0,0.223531678154915,0,0,0,0,0,0,0,0,0,0,1.3407358606365,0,0,0,0,0,0,0,2.30189001965224,0,0,0,0,0,0,0,0,0,0,0,0,0,0,0,0,0,0,0,0,0,0,0,0,0,0,0,1.56725140060495,0,0,0,0,0,0,0,0,0,0,0,0,0,0,2.07278505503812,0,0,0,0,0,0,0,0,0,0,0,0,0,0,0,0,0,0,0,0,0,0,0,0,0,0,0,0,0,0,0,0,0,0,0,0,0,0,0,0,0,0,0,0,0.0719427456495751,0,0,0,0,0,0,0,0,0,0,0,0.142014678088765,0,0,0,0,0,0,0,0,0,1.75803062144486,0,0,0,0,0,0,0,0,0,0,0,0,0,0,0,0.138182141311018,0,0,0,0,0,0,0,0,0,0,0,0,0,0,0,0,0,0,0,0,0,0,0,0,0,0,0,0,0,0,0,0,0,0,0,0,0,0.0027012170491327,0,0,0,0,0,0,0,0,0,0,0,0,0,0,0,0,0,0,0,0,0,0,0,0,0,0,0,0,0,0,1.58363799647795,0,0,0,0,0,0,0,0,0,0,0,0,0,0,0,0,0,0,0,0,0,0,0,0,0,0,0,0,0,0,0,0,0.0408692294131822,0,0,0,0,0,0,0,0,0,0,0,0,0,0,0,0,0,0,0,0,0.322575238658653,0.291171630144462,0,0,0,0,0,0,0.399527458714115,0,0,0,0,0,0,0,0,0,0,0,0,0,0,0,0,0,0,0,0,0,0,0.5254459777909,0,0,0,0,0.0435064202494498,0,0,0,0,0,0.0131636797672621,0,0,0,0,0,0,0,0,0,0,0,0,0,0,0,0,0,0,0,0,0,0,0,0,0,0,0,0,0,0,0,0,0,0,0,0,0,0,0,0,0,0,0,0,0,0,0,0,0,0,0,0,0,0,0,0,0,0,0,0.288208424445018,0,0,0,0,0,0,0,0,0,0,0,0,0,0,0,0,0,1.34368286537678,0,0,0,0,0,0,0,0,0,0.762122340647314,0,0,0,0,0,0,0,0,0,0,0,0,0,0,0,0,0,0,0,0,0,0,0,0,0,0,0.149255755474935,0,0,0,0,0,0,0,0,0,0,0,0,0,0,0,0,0,0,0,0,0,0,0.573748216535381,0.360034511949004,0.926472188842299,0,0.314309776764202,0,0,0,0,0,0,0,0,0,0,0,0,0,0,0,0,0,0,0,0,0,0,0,0,0,0,"WAK-00153"
"473",6499,"nSPC",2014,"PRIAs","Pacific Remote Island Areas","Wake","Wake",2014,"ForereefMid","Wake","2014-03-16","Forereef","Mid",19.28961491,166.6108011,13.1,22.5,0.5,1,5.5,38,32.5,0,0,NA,0.71,0.556471132338156,2.1,2,1,3.69051666450204,0.903257919578445,14.8900581094297,8.2966443504079,27.780477043918,7.60421807810349,0,0,0,0,0,0,0,0,0,0,0,0,0,0,0,0,0,0.0282942121052258,0,0.00282942121052258,0,0,0,0,0,0,0,0,0,0,0,0,0,0,0,0,0,0,0,0,0,0.00565884242104517,0,0,0,0,0,0,0,0,0,0,0,0,0,0,0.00282942121052258,0,0,0,0,0,0,0,0,0,0,0,0,0,0,0,0,0,0,0,0,0,0,0,0,0,0,0,0,0,0,0,0,0,0,0,0,0,0,0,0,0,0,0,0,0,0,0,0,0,0,0,0,0,0,0,0,0,0,0,0.00282942121052258,0,0,0,0.0169765272631355,0,0,0,0,0.0198059484736581,0,0,0,0,0,0,0,0,0,0,0,0,0.438560287631001,0.067906109052542,0,0,0,0,0.0113176848420903,0,0,0,0,0,0,0,0,0,0,0,0,0,0,0,0,0,0,0,0,0,0,0,0,0,0,0,0,0,0,0,0,0,0,0,0.00565884242104517,0,0,0,0.0113176848420903,0,0,0,0,0,0,0.00848826363156775,0,0,0,0,0,0,0,0,0,0,0,0,0,0,0,0,0,0,0,0,0,0,0,0,0,0,0,0,0,0,0,0,0,0,0,0.00565884242104517,0,0,0,0,0,0,0,0,0,0.0198059484736581,0,0,0,0,0.0226353696841807,0,0,0,0,0,0,0,0,0,0,0,0,0,0,0,0,0,0,0,0,0,0,0,0,0,0,0.00282942121052258,0,0,0.00282942121052258,0,0,0,0,0,0,0,0,0,0,0,0,0,0,0,0,0,0,0,0,0,0,0,0,0,0,0.00565884242104517,0,0,0,0,0,0,0,0,0,0,0,0,0,0,0,0,0,0,0,0,0,0,0,0,0,0.00565884242104517,0,0,0,0,0,0,0,0,0.00565884242104517,0,0,0,0,0.00848826363156775,0,0,0,0,0,0,0,0,0,0,0,0,0,0,0,0,0,0,0,0,0,0,0,0.00282942121052258,0,0,0,0,0,0.00282942121052258,0,0,0,0,0,0,0,0.00565884242104517,0,0,0.00282942121052258,0,0,0,0,0,0,0,0,0,0,0,0,0,0.00282942121052258,0,0,0,0,0,0,0,0,0,0,0,0,0,0,0,0,0,0,0,0,0,0,0,0.0169765272631355,0,0,0,0,0,0,0,0,0.00282942121052258,0,0,0,0,0,0,0,0,0,0,0,0,0,0,0,0,0,0,0,0,0.00565884242104517,0.00282942121052258,0,0,0,0,0,0.00565884242104517,0.00282942121052258,0,0,0,0.00848826363156775,0,0,0,0,0,0,0,0,0,0,0,0,0,0,0,0,0,0,0.00282942121052258,0,0,0,0,0.033953054526271,0,0,0,0,0,0,0,0,0,0,0,0,0,0,0,0,0,0,0,0,0,0,0,0,0,0,0,0,0,0,0,0,0,0,0,0,0,0,0,0,0.00282942121052258,0,0,0,0,0,0,0,0,0,0,0,0,0,0,0,0,0,0,0,0,0,0,0,0,0,0,0,0,0,0,0,0,0,0.00282942121052258,0.00282942121052258,0,0,0,0,0,0,0,0.00848826363156775,0,0,0,0,0,0,0,0,0,0,0,0,0,0,0,0,0,0,0,0,0,0,0,0,0,0,0,0,0,0,0,0,0,0,0,0,0.0169765272631355,0,0,0,0,0,0,0,0,0,0,0,0,0,0,0,0,0,0,0,0,0,0,0.0141471060526129,0,0,0,0,0,0,0,0,0,0,0,0,0,0,0,0.00282942121052258,0,0,0,0,0,0,0,0,0,0,0,0,0,0,0,0,0,0,0,0,0.304551357616731,0,0.0521695270510032,0,0,0,0,0,0,0,0,0,0,0,0,0,0,0,0,0,0,0,0,0,0.622431639707416,0,0,0,0,0,0,0,0,0,0,0,0,0,0,0.145959937276623,0,0,0,0,0,0,0,0,0,0,0,0,0,0,0,0,0,0,0,0,0,0,0,0,0,0,0,0,0,0,0,0,0,0,0,0,0,0,0,0,0,0,0,0,0,0,0,0,0,0,0,0,0,0,0,0,0,0,0,0.734847163315798,0,0,0,0.300589869651827,0,0,0,0,0.0413524506646266,0,0,0,0,0,0,0,0,0,0,0,0,0.723420756263993,0.0312042718202483,0,0,0,0,0.688299403138897,0,0,0,0,0,0,0,0,0,0,0,0,0,0,0,0,0,0,0,0,0,0,0,0,0,0,0,0,0,0,0,0,0,0,0,0.217401603926528,0,0,0,0.140199789756601,0,0,0,0,0,0,4.10624195148654,0,0,0,0,0,0,0,0,0,0,0,0,0,0,0,0,0,0,0,0,0,0,0,0,0,0,0,0,0,0,0,0,0,0,0,2.39802230771925,0,0,0,0,0,0,0,0,0,0.409454239436524,0,0,0,0,1.58287944244283,0,0,0,0,0,0,0,0,0,0,0,0,0,0,0,0,0,0,0,0,0,0,0,0,0,0,0.215723074992245,0,0,0.187246719765972,0,0,0,0,0,0,0,0,0,0,0,0,0,0,0,0,0,0,0,0,0,0,0,0,0,0,0.052312420766204,0,0,0,0,0,0,0,0,0,0,0,0,0,0,0,0,0,0,0,0,0,0,0,0,0,0.0273955879287639,0,0,0,0,0,0,0,0,0.281783190124428,0,0,0,0,0.148632891494204,0,0,0,0,0,0,0,0,0,0,0,0,0,0,0,0,0,0,0,0,0,0,0,0.0048155202490365,0,0,0,0,0,1.06985241225841,0,0,0,0,0,0,0,0.685231273122282,0,0,0.782065435559203,0,0,0,0,0,0,0,0,0,0,0,0,0,0.387383452121338,0,0,0,0,0,0,0,0,0,0,0,0,0,0,0,0,0,0,0,0,0,0,0,3.67409527153099,0,0,0,0,0,0,0,0,0.0126222754078381,0,0,0,0,0,0,0,0,0,0,0,0,0,0,0,0,0,0,0,0,1.04294548273873,0.0839162577047264,0,0,0,0,0,0.225361618580032,0.543613952039408,0,0,0,0.473711959453242,0,0,0,0,0,0,0,0,0,0,0,0,0,0,0,0,0,0,0.0237700727986309,0,0,0,0,0.178168407216004,0,0,0,0,0,0,0,0,0,0,0,0,0,0,0,0,0,0,0,0,0,0,0,0,0,0,0,0,0,0,0,0,0,0,0,0,0,0,0,0,0.0111597761375627,0,0,0,0,0,0,0,0,0,0,0,0,0,0,0,0,0,0,0,0,0,0,0,0,0,0,0,0,0,0,0,0,0,0.397072590429004,0.613156514037202,0,0,0,0,0,0,0,3.49797612661695,0,0,0,0,0,0,0,0,0,0,0,0,0,0,0,0,0,0,0,0,0,0,0,0,0,0,0,0,0,0,0,0,0,0,0,0,0.35808783180071,0,0,0,0,0,0,0,0,0,0,0,0,0,0,0,0,0,0,0,0,0,0,0.128074628759897,0,0,0,0,0,0,0,0,0,0,0,0,0,0,0,0.17527658900958,0,0,0,8.609800149,6.128600088,9.049000164,1.854100034,8.610400147,3.358200055,0.774400019,4.601800082,0.845700014,6.76780013,9.284500153,"WAK-00174"
"474",6500,"nSPC",2014,"PRIAs","Pacific Remote Island Areas","Wake","Wake",2014,"ForereefMid","Wake","2014-03-16","Forereef","Mid",19.28440581,166.61695551,13.2,35,0,5,7.5,25,27.5,0,0,NA,0.67625,0.56890121727874,2.2,2,1,4.36352646716393,3.18131007894084,25.5052689190309,6.16803245354073,39.2181379186764,10.6267189221733,0,0,0,0,0,0,0,0,0,0,0.00282942121052258,0,0,0,0,0,0,0.0452707393683613,0,0,0,0,0,0,0,0,0,0,0,0,0,0,0,0,0,0,0,0,0,0,0,0,0,0,0,0,0,0,0,0,0,0,0,0,0,0,0,0,0,0,0,0,0,0,0,0,0,0,0,0,0,0,0,0,0,0,0,0,0,0,0,0,0,0,0,0,0,0,0,0,0,0,0,0,0,0,0,0,0,0,0,0,0,0,0,0,0,0,0,0,0,0,0,0,0,0,0.00848826363156775,0,0,0,0.0254647908947033,0,0,0,0,0.00565884242104517,0,0,0,0,0,0,0,0,0,0,0,0,0.565884242104517,0.0113176848420903,0,0,0,0,0.00565884242104517,0,0,0,0,0,0,0,0,0,0,0.00282942121052258,0,0,0,0,0,0,0,0,0,0,0,0,0,0,0,0,0,0,0,0,0,0,0,0,0,0,0,0,0.0113176848420903,0,0,0,0,0,0,0.0198059484736581,0,0,0,0,0,0,0,0.0141471060526129,0,0,0,0,0,0,0,0,0,0,0,0,0,0,0,0,0,0,0,0,0,0,0,0,0,0,0,0.00282942121052258,0,0,0,0,0,0,0,0,0,0,0,0,0,0,0.0396118969473162,0,0,0,0,0,0,0,0,0,0,0,0,0,0,0,0,0,0,0,0,0,0,0,0,0,0,0,0,0,0.00282942121052258,0,0,0,0,0,0,0,0,0,0,0,0,0,0,0,0,0.00565884242104517,0,0,0,0,0,0,0,0,0,0.00282942121052258,0,0,0,0,0,0,0,0,0,0,0,0,0,0,0,0,0,0,0,0,0,0,0,0,0.00565884242104517,0,0,0,0,0,0,0,0,0,0,0,0,0,0,0,0,0,0,0,0,0,0,0,0,0,0,0,0,0,0,0,0,0,0,0.00565884242104517,0,0,0,0.00565884242104517,0,0,0,0,0,0,0,0.00282942121052258,0,0,0,0,0,0.00282942121052258,0,0,0,0,0,0,0,0,0,0,0,0,0,0,0,0.00848826363156775,0.0113176848420903,0,0,0,0,0,0,0,0,0,0,0,0,0,0,0,0,0,0,0,0,0,0,0,0.0141471060526129,0,0,0,0,0,0,0,0,0,0,0,0,0,0,0,0,0,0,0,0,0,0,0,0,0,0,0,0,0,0.00565884242104517,0.00565884242104517,0,0,0,0,0,0.00282942121052258,0,0,0.00282942121052258,0,0.00848826363156775,0,0,0,0,0,0,0,0,0,0,0,0,0,0,0,0,0,0,0,0,0,0,0,0.00282942121052258,0,0,0,0,0,0,0,0,0,0,0,0,0,0,0,0,0,0,0,0,0,0,0,0,0,0,0,0,0,0,0,0,0,0,0,0,0,0,0,0,0,0,0,0,0,0,0,0,0,0,0,0,0,0,0,0,0,0,0,0,0,0,0,0,0,0,0,0,0,0,0,0,0,0,0,0,0,0,0,0,0,0,0,0.00565884242104517,0,0,0,0,0,0,0,0,0,0,0,0,0,0,0,0,0,0,0,0,0,0,0,0,0,0,0,0,0,0,0,0,0,0,0,0,0,0,0.00565884242104517,0,0,0,0.00282942121052258,0,0,0,0,0,0,0,0,0,0,0,0,0,0,0,0,0.0254647908947033,0,0.00282942121052258,0,0,0,0,0,0,0,0,0,0,0,0,0,0.0113176848420903,0,0,0,0,0,0,0,0,0,0,0,0,0,0.0276929600979898,0,0,0,0,0,0,1.31460676711711,0,0,0,0,0,0,0,0,0,0,0,0,0,0,0,0,0,0,0,0,0,0,0,0,0,0,0,0,0,0,0,0,0,0,0,0,0,0,0,0,0,0,0,0,0,0,0,0,0,0,0,0,0,0,0,0,0,0,0,0,0,0,0,0,0,0,0,0,0,0,0,0,0,0,0,0,0,0,0,0,0,0,0,0,0,0,0,0,0,0,0,0,0,0,0,0,0,0,3.69597604259942,0,0,0,0.225442659891663,0,0,0,0,0.0433783964582779,0,0,0,0,0,0,0,0,0,0,0,0,1.30595331277122,0.0202812912370259,0,0,0,0,0.486157350780733,0,0,0,0,0,0,0,0,0,0,0.448902388039703,0,0,0,0,0,0,0,0,0,0,0,0,0,0,0,0,0,0,0,0,0,0,0,0,0,0,0,0,0.247409253397689,0,0,0,0,0,0,5.30149958590644,0,0,0,0,0,0,0,3.38043750659095,0,0,0,0,0,0,0,0,0,0,0,0,0,0,0,0,0,0,0,0,0,0,0,0,0,0,0,0.56674907181873,0,0,0,0,0,0,0,0,0,0,0,0,0,0,4.34556505150373,0,0,0,0,0,0,0,0,0,0,0,0,0,0,0,0,0,0,0,0,0,0,0,0,0,0,0,0,0,0.059026653297798,0,0,0,0,0,0,0,0,0,0,0,0,0,0,0,0,0.0964832632788201,0,0,0,0,0,0,0,0,0,0.0347730779455959,0,0,0,0,0,0,0,0,0,0,0,0,0,0,0,0,0,0,0,0,0,0,0,0,0.0256430444309662,0,0,0,0,0,0,0,0,0,0,0,0,0,0,0,0,0,0,0,0,0,0,0,0,0,0,0,0,0,0,0,0,0,0,0.0108152281644914,0,0,0,0.0126666378617977,0,0,0,0,0,0,0,1.41551198447755,0,0,0,0,0,1.06353139749295,0,0,0,0,0,0,0,0,0,0,0,0,0,0,0,1.85507547493259,1.02723890617525,0,0,0,0,0,0,0,0,0,0,0,0,0,0,0,0,0,0,0,0,0,0,0,2.58464740766519,0,0,0,0,0,0,0,0,0,0,0,0,0,0,0,0,0,0,0,0,0,0,0,0,0,0,0,0,0,0.557410012402153,0.0896407867368694,0,0,0,0,0,0.110140412162358,0,0,0.154604052675333,0,0.478504964427154,0,0,0,0,0,0,0,0,0,0,0,0,0,0,0,0,0,0,0,0,0,0,0,0.0194481175912582,0,0,0,0,0,0,0,0,0,0,0,0,0,0,0,0,0,0,0,0,0,0,0,0,0,0,0,0,0,0,0,0,0,0,0,0,0,0,0,0,0,0,0,0,0,0,0,0,0,0,0,0,0,0,0,0,0,0,0,0,0,0,0,0,0,0,0,0,0,0,0,0,0,0,0,0,0,0,0,0,0,0,0,5.32521933626685,0,0,0,0,0,0,0,0,0,0,0,0,0,0,0,0,0,0,0,0,0,0,0,0,0,0,0,0,0,0,0,0,0,0,0,0,0,0,0.0312969889537063,0,0,0,0.105607580798513,0,0,0,0,0,0,0,0,0,0,0,0,0,0,0,0,0.823886792256435,0,0.0286708080683464,0,0,0,0,0,0,0,0,0,0,0,0,0,1.89824335240376,0,0,0,8.990500149,6.152000085,9.750300182,1.964000041,8.978200156,2.85680005,2.368300041,5.597700101,0.651600008,8.277400156,9.272700154,"WAK-00285"
"475",6501,"nSPC",2014,"PRIAs","Pacific Remote Island Areas","Wake","Wake",2014,"ForereefDeep","Wake","2014-03-16","Forereef","Deep",19.27958496,166.62945637,21.8,72.5,0,10,5,5,7.5,0,0,NA,0.525,0.333059765155907,1.3,2,1,10.1136099084628,13.0957174889327,6.0319033627349,9.44662086992726,38.6878516300576,2.68039869670987,0,0,0,0,0,0.00282942121052258,0,0,0,0,0,0,0,0,0,0,0.00565884242104517,0,0,0.00565884242104517,0.00848826363156775,0,0,0,0,0,0,0,0,0,0,0,0,0,0,0,0,0,0,0,0,0,0,0,0,0,0,0,0,0,0,0,0,0,0,0,0.00848826363156775,0,0,0,0,0,0,0,0,0,0,0,0,0,0,0,0,0,0,0,0,0,0,0,0,0,0,0,0,0,0,0,0,0,0,0,0,0,0,0,0,0,0,0,0,0,0,0,0,0,0,0,0,0,0,0,0,0,0,0,0.00565884242104517,0,0,0,0.00565884242104517,0,0,0,0,0.0141471060526129,0,0,0,0,0,0,0,0.00565884242104517,0,0,0,0,0.67906109052542,0.0905414787367227,0,0,0,0,0,0,0,0.00565884242104517,0,0,0,0,0,0,0,0,0,0,0,0,0,0,0,0,0,0,0,0,0,0,0,0,0,0,0,0,0,0,0,0,0.00565884242104517,0,0,0,0.033953054526271,0,0,0,0,0,0,0.00565884242104517,0,0,0,0,0,0,0,0,0.00282942121052258,0,0,0,0,0,0,0,0,0,0,0,0,0,0,0,0,0,0,0,0,0,0,0,0,0,0,0,0,0,0,0,0,0,0,0,0,0,0,0,0,0,0.0452707393683613,0,0,0,0,0,0,0,0,0,0,0,0,0,0,0,0,0,0,0,0,0,0,0,0,0,0,0,0,0,0.00282942121052258,0,0,0,0,0,0,0,0,0.00282942121052258,0,0,0,0,0,0,0,0,0,0,0,0,0,0,0,0,0,0.00282942121052258,0,0,0,0,0,0,0,0,0,0,0,0,0,0,0,0,0,0,0,0,0,0,0,0,0,0.00282942121052258,0,0,0,0,0,0,0,0,0.00848826363156775,0,0,0,0,0.0141471060526129,0,0,0,0,0,0,0,0,0,0,0,0,0,0,0,0,0,0,0.00848826363156775,0,0,0.00565884242104517,0,0.00282942121052258,0,0,0,0,0,0,0,0,0,0,0,0,0,0,0,0,0,0,0,0,0,0.00282942121052258,0,0,0,0,0,0,0,0,0,0.00282942121052258,0,0,0,0,0,0,0,0,0,0,0,0,0,0,0,0,0,0,0,0.00282942121052258,0,0,0.00848826363156775,0,0,0,0,0,0,0,0,0,0,0,0,0,0,0,0,0,0,0,0,0,0,0,0,0,0,0,0,0,0.00565884242104517,0.0113176848420903,0,0,0,0,0,0.00565884242104517,0.00282942121052258,0,0,0,0,0,0,0,0,0,0,0,0,0,0,0,0,0,0,0,0,0,0,0,0,0,0,0,0.00282942121052258,0,0,0,0,0,0,0,0,0,0,0,0,0,0,0,0,0,0,0,0,0,0,0,0,0,0.00282942121052258,0,0,0,0,0,0,0,0,0,0.00282942121052258,0,0,0,0,0,0,0,0.271624436210168,0,0,0,0,0,0,0,0,0,0,0,0,0,0,0,0,0,0,0,0,0,0,0,0,0,0,0,0,0,0.00282942121052258,0,0,0,0,0,0,0,0,0,0.00565884242104517,0,0,0,0,0,0,0,0,0,0,0,0,0,0,0,0,0,0,0,0,0,0,0,0,0,0,0,0,0,0,0,0,0,0,0,0,0,0,0.00282942121052258,0,0,0,0,0,0,0,0,0,0,0,0,0,0,0,0,0,0,0,0,0.0113176848420903,0,0,0,0,0,0,0,0,0,0,0,0,0,0,0,0.0169765272631355,0,0,0,0,0,0,0,0,0.412529612494193,0,0,0,0,0,0,0,0,0,0,0.115546159696704,0,0,0.0765173149302076,1.61246291908643,0,0,0,0,0,0,0,0,0,0,0,0,0,0,0,0,0,0,0,0,0,0,0,0,0,0,0,0,0,0,0,0,0,0,0,2.50051089777357,0,0,0,0,0,0,0,0,0,0,0,0,0,0,0,0,0,0,0,0,0,0,0,0,0,0,0,0,0,0,0,0,0,0,0,0,0,0,0,0,0,0,0,0,0,0,0,0,0,0,0,0,0,0,0,0,0,0,0,5.62052411583971,0,0,0,0.0340277190186907,0,0,0,0,0.0327400506242041,0,0,0,0,0,0,0,0.307928987754346,0,0,0,0,1.56601248978338,0.0666470166138595,0,0,0,0,0,0,0,0.0260448395547644,0,0,0,0,0,0,0,0,0,0,0,0,0,0,0,0,0,0,0,0,0,0,0,0,0,0,0,0,0,0,0,0,0.666401551833678,0,0,0,0.306569136299887,0,0,0,0,0,0,2.08611346208893,0,0,0,0,0,0,0,0,3.12648990210476,0,0,0,0,0,0,0,0,0,0,0,0,0,0,0,0,0,0,0,0,0,0,0,0,0,0,0,0,0,0,0,0,0,0,0,0,0,0,0,0,0,1.39598979284201,0,0,0,0,0,0,0,0,0,0,0,0,0,0,0,0,0,0,0,0,0,0,0,0,0,0,0,0,0,0.124090881565124,0,0,0,0,0,0,0,0,0.806626033292623,0,0,0,0,0,0,0,0,0,0,0,0,0,0,0,0,0,0.226377830237467,0,0,0,0,0,0,0,0,0,0,0,0,0,0,0,0,0,0,0,0,0,0,0,0,0,0.0192672266751746,0,0,0,0,0,0,0,0,2.23196091065076,0,0,0,0,0.72003733438045,0,0,0,0,0,0,0,0,0,0,0,0,0,0,0,0,0,0,0.0216211720253276,0,0,0.009631040498073,0,0.00785111761276115,0,0,0,0,0,0,0,0,0,0,0,0,0,0,0,0,0,0,0,0,0,0.0708939778508539,0,0,0,0,0,0,0,0,0,1.77424190684808,0,0,0,0,0,0,0,0,0,0,0,0,0,0,0,0,0,0,0,7.43568490909435,0,0,0.25000132445136,0,0,0,0,0,0,0,0,0,0,0,0,0,0,0,0,0,0,0,0,0,0,0,0,0,0,0,0,0,0.513444202096085,0.44056164864943,0,0,0,0,0,0.319755278337993,0.0448203933684347,0,0,0,0,0,0,0,0,0,0,0,0,0,0,0,0,0,0,0,0,0,0,0,0,0,0,0,0.00668154817603593,0,0,0,0,0,0,0,0,0,0,0,0,0,0,0,0,0,0,0,0,0,0,0,0,0,0.0146825995367817,0,0,0,0,0,0,0,0,0,0.0102062881905971,0,0,0,0,0,0,0,1.62397884212336,0,0,0,0,0,0,0,0,0,0,0,0,0,0,0,0,0,0,0,0,0,0,0,0,0,0,0,0,0,0.0964660555171168,0,0,0,0,0,0,0,0,0,0.594285234620941,0,0,0,0,0,0,0,0,0,0,0,0,0,0,0,0,0,0,0,0,0,0,0,0,0,0,0,0,0,0,0,0,0,0,0,0,0,0,0.0198377318262759,0,0,0,0,0,0,0,0,0,0,0,0,0,0,0,0,0,0,0,0,0.363520053506218,0,0,0,0,0,0,0,0,0,0,0,0,0,0,0,0.988270120586614,0,0,0,10.70720018,4.952600069,11.2762002,2.880600049,9.580500177,3.092800049,3.471700058,6.288800112,1.570000027,10.5724002,8.73370014,"WAK-00280"
"476",6502,"nSPC",2014,"PRIAs","Pacific Remote Island Areas","Wake","Wake",2014,"ForereefMid","Wake","2014-03-16","Forereef","Mid",19.27269663,166.64711913,13.15,25,0,6.5,8.5,32.5,27.5,0,0,NA,0.599,0.490915687973819,2.85,2,1,4.9414167322168,0.46197516285868,23.0608889743682,12.6362070234445,41.1004878928881,10.6804206481153,0,0,0,0,0,0,0,0,0,0,0,0,0,0,0,0,0,0.0169765272631355,0.00282942121052258,0,0,0,0,0,0,0,0.0113176848420903,0,0,0,0,0,0,0,0,0,0,0,0,0,0,0.00282942121052258,0,0,0,0,0,0,0,0,0,0,0,0,0,0,0,0,0,0,0,0,0,0,0,0,0,0,0,0,0,0,0,0,0,0,0,0,0,0,0,0,0,0,0,0,0,0.00282942121052258,0,0,0,0,0,0,0,0,0,0,0,0,0,0,0,0,0,0,0,0,0,0,0,0,0,0,0,0,0,0,0,0,0.0141471060526129,0,0,0,0,0.00848826363156775,0,0,0,0,0,0,0,0,0,0,0,0,0.367824757367936,0.0396118969473162,0,0,0,0,0,0,0,0,0,0,0,0,0,0,0,0,0,0.00282942121052258,0,0,0,0,0,0,0,0,0,0,0,0,0,0.00282942121052258,0,0,0,0,0,0,0,0,0.00848826363156775,0,0,0,0.00282942121052258,0,0,0.0113176848420903,0,0,0,0.00565884242104517,0,0,0,0,0.00282942121052258,0,0,0.00565884242104517,0,0,0,0.0282942121052258,0,0,0,0,0,0,0,0,0,0,0,0,0,0,0,0,0,0,0,0,0,0,0,0.00565884242104517,0,0,0,0,0,0,0,0,0,0.0226353696841807,0,0.0113176848420903,0,0,0.0113176848420903,0,0,0,0,0,0,0,0,0,0,0,0,0,0,0,0,0,0,0,0,0,0,0,0,0,0,0.00282942121052258,0,0,0.00565884242104517,0,0,0,0,0,0,0,0,0,0,0.00282942121052258,0,0,0,0,0,0,0,0,0,0,0,0,0,0,0,0,0,0,0,0,0,0,0,0,0,0,0,0,0,0,0,0,0,0.00848826363156775,0,0,0,0,0,0,0.00565884242104517,0,0,0,0,0,0,0,0,0,0,0,0,0,0,0,0,0,0,0,0,0,0,0,0,0,0,0,0,0,0,0,0,0,0,0,0,0,0,0.0113176848420903,0,0,0,0,0,0.00282942121052258,0,0,0,0,0,0,0,0.00565884242104517,0,0,0,0,0,0,0,0,0,0,0,0,0,0,0,0,0.00848826363156775,0,0,0,0,0,0,0,0,0,0,0,0,0,0,0,0,0,0,0,0,0,0,0,0.00565884242104517,0,0,0,0,0,0,0,0,0.00282942121052258,0,0,0,0,0,0,0,0,0,0,0,0,0,0,0,0,0.00282942121052258,0,0,0,0,0.00282942121052258,0,0,0,0,0.0141471060526129,0.0113176848420903,0.00848826363156775,0,0,0,0.00848826363156775,0,0,0,0,0,0,0,0,0,0,0,0,0,0,0,0,0,0,0.0169765272631355,0,0,0,0.0141471060526129,0.0113176848420903,0,0,0,0,0,0,0,0,0,0,0,0,0,0,0,0,0,0,0,0,0,0,0,0,0,0.00282942121052258,0,0,0,0,0,0,0,0,0,0,0,0,0,0,0.00282942121052258,0,0,0,0,0,0,0,0,0,0,0,0,0,0,0,0,0,0,0,0,0,0,0,0,0,0,0,0,0,0,0,0,0,0.00282942121052258,0,0,0,0,0,0,0,0,0.0169765272631355,0,0,0,0,0,0,0.00282942121052258,0,0,0.00282942121052258,0,0,0,0,0,0,0,0,0,0,0,0,0,0,0,0,0,0,0,0,0,0,0,0,0,0,0.00282942121052258,0,0.00565884242104517,0,0,0,0.00282942121052258,0,0,0,0,0,0,0,0,0,0,0,0,0,0,0,0,0.00565884242104517,0,0,0,0,0,0,0,0,0,0,0,0,0,0,0,0.0141471060526129,0,0,0,0,0,0,0,0,0,0,0,0,0,0,0,0,0,0,0,0,0.766454924660615,0.732672794478153,0,0,0,0,0,0,0,0.478863030431448,0,0,0,0,0,0,0,0,0,0,0,0,0,0,0.0513370184437218,0,0,0,0,0,0,0,0,0,0,0,0,0,0,0,0,0,0,0,0,0,0,0,0,0,0,0,0,0,0,0,0,0,0,0,0,0,0,0,0,0,0,0,0,0,0.279531420198572,0,0,0,0,0,0,0,0,0,0,0,0,0,0,0,0,0,0,0,0,0,0,0,0,0,0,0,0,0,0,0,0,0.0616372286523924,0,0,0,0,0.0294837700036374,0,0,0,0,0,0,0,0,0,0,0,0,0.430694496665748,0.0254407408144138,0,0,0,0,0,0,0,0,0,0,0,0,0,0,0,0,0,1.2665303958428,0,0,0,0,0,0,0,0,0,0,0,0,0,0.140994330926856,0,0,0,0,0,0,0,0,0.505520340008627,0,0,0,0.028145560809376,0,0,0.247409253397689,0,0,0,0.734185429776731,0,0,0,0,0.673258100020243,0,0,1.56957746118178,0,0,0,0.00583992537851861,0,0,0,0,0,0,0,0,0,0,0,0,0,0,0,0,0,0,0,0,0,0,0,3.78302028120305,0,0,0,0,0,0,0,0,0,2.79742662975776,0,1.22727626767717,0,0,0.820611167215668,0,0,0,0,0,0,0,0,0,0,0,0,0,0,0,0,0,0,0,0,0,0,0,0,0,0,0.983638059908924,0,0,1.29405878846428,0,0,0,0,0,0,0,0,0,0,0.906094476643551,0,0,0,0,0,0,0,0,0,0,0,0,0,0,0,0,0,0,0,0,0,0,0,0,0,0,0,0,0,0,0,0,0,0.125626301747203,0,0,0,0,0,0,0.0307116695874963,0,0,0,0,0,0,0,0,0,0,0,0,0,0,0,0,0,0,0,0,0,0,0,0,0,0,0,0,0,0,0,0,0,0,0,0,0,0,0.019262080996146,0,0,0,0,0,0.85494561616716,0,0,0,0,0,0,0,1.21120903898846,0,0,0,0,0,0,0,0,0,0,0,0,0,0,0,0,0.47296765929303,0,0,0,0,0,0,0,0,0,0,0,0,0,0,0,0,0,0,0,0,0,0,0,1.64388222158071,0,0,0,0,0,0,0,0,0.00713957735872033,0,0,0,0,0,0,0,0,0,0,0,0,0,0,0,0,0.168044984535357,0,0,0,0,0.0126222754078381,0,0,0,0,1.17520123155904,0.213308709496858,1.49512927007307,0,0,0,1.46601265649845,0,0,0,0,0,0,0,0,0,0,0,0,0,0,0,0,0,0,0.0534243632393752,0,0,0,0.0166476266590193,0.0125234366871642,0,0,0,0,0,0,0,0,0,0,0,0,0,0,0,0,0,0,0,0,0,0,0,0,0,0.00899592976925488,0,0,0,0,0,0,0,0,0,0,0,0,0,0,0.0276693920656364,0,0,0,0,0,0,0,0,0,0,0,0,0,0,0,0,0,0,0,0,0,0,0,0,0,0,0,0,0,0,0,0,0,1.55768024725195,0,0,0,0,0,0,0,0,6.64887305916045,0,0,0,0,0,0,0.704050538656756,0,0,1.32678122467858,0,0,0,0,0,0,0,0,0,0,0,0,0,0,0,0,0,0,0,0,0,0,0,0,0,0,0.018182077582592,0,0.0173133192291793,0,0,0,0.0813447280340401,0,0,0,0,0,0,0,0,0,0,0,0,0,0,0,0,0.147116989514145,0,0,0,0,0,0,0,0,0,0,0,0,0,0,0,1.74411977450875,0,0,0,9.708400161,4.99250007,10.26100019,2.469400046,9.459500171,2.38640004,2.872800047,5.996700107,1.22740002,9.29730017,8.341500134,"WAK-00246"
"477",6503,"nSPC",2014,"PRIAs","Pacific Remote Island Areas","Wake","Wake",2014,"ForereefShallow","Wake","2014-03-16","Forereef","Shallow",19.28353401,166.61867749,4.55,25,10,37.5,22.5,5,0,0,0,NA,0.31,0.206138014835985,0.75,2,1,0.883135791112596,1.62862190888074,14.0205949455938,5.54370246975576,22.0760551153429,4.61500898455176,0,0,0,0,0,0.00282942121052258,0,0,0,0,0,0,0,0,0,0,0,0,0,0.0198059484736581,0,0,0,0,0,0,0,0,0,0,0,0,0,0,0,0,0,0,0,0,0,0.00565884242104517,0,0,0,0,0,0,0,0,0,0,0,0,0,0,0,0,0,0,0,0,0,0,0,0,0,0,0,0,0,0,0,0,0,0,0,0,0,0,0,0,0,0,0,0,0,0,0,0,0,0,0,0,0,0,0,0,0,0,0,0,0,0,0,0,0,0,0,0,0,0,0,0,0,0,0.00282942121052258,0,0,0,0.0198059484736581,0,0,0,0,0,0,0,0,0,0,0,0,0,0,0,0,0,0.297089227104871,0.0282942121052258,0,0,0,0,0,0,0,0,0,0,0,0,0,0,0,0,0,0,0,0,0,0,0,0,0,0,0,0,0,0,0,0,0,0,0,0,0,0,0,0,0.00848826363156775,0,0,0,0,0,0,0,0,0,0,0.00848826363156775,0,0,0,0,0,0,0,0,0,0,0,0,0,0,0,0,0,0,0,0,0,0,0,0,0,0,0,0,0,0,0,0,0,0.00565884242104517,0,0.00282942121052258,0,0,0,0,0,0,0,0,0,0,0,0.00282942121052258,0,0,0.0282942121052258,0,0,0,0,0,0,0,0,0,0,0,0,0,0,0,0,0,0,0,0,0,0,0,0,0,0,0,0.00282942121052258,0,0,0,0,0,0,0,0,0,0,0,0,0,0,0,0,0,0,0,0,0,0,0,0,0,0,0,0,0.00848826363156775,0,0,0,0,0,0,0,0,0,0,0,0,0,0,0,0,0,0.00848826363156775,0,0,0,0,0,0,0,0,0,0.0452707393683613,0,0,0,0,0,0,0,0,0,0,0,0,0,0,0,0,0,0,0,0,0,0,0,0,0,0,0,0,0,0,0,0,0,0,0,0.00848826363156775,0,0,0,0,0,0,0,0,0,0,0,0,0,0,0,0,0,0,0,0,0,0,0,0,0,0,0,0,0,0.00565884242104517,0.0113176848420903,0,0,0,0,0,0,0,0,0,0,0,0,0,0,0,0,0,0,0,0,0,0,0,0.00282942121052258,0,0,0,0,0,0,0,0,0.00848826363156775,0,0,0,0,0,0,0,0,0,0,0,0,0,0,0,0,0,0,0,0,0.00282942121052258,0.00848826363156775,0,0,0,0,0,0.00282942121052258,0.00282942121052258,0,0,0,0.00282942121052258,0,0,0,0,0,0,0,0,0,0,0,0,0,0,0,0,0,0,0.0594178454209743,0,0,0,0,0.0169765272631355,0,0,0,0,0,0.00565884242104517,0,0,0,0,0,0,0,0,0,0,0,0,0,0,0,0,0,0,0,0,0,0,0,0,0,0,0,0,0,0,0,0,0,0,0,0,0,0,0,0,0,0,0,0,0,0,0,0,0,0,0,0,0,0,0,0,0,0,0,0,0,0,0,0,0,0,0,0,0,0,0,0,0,0,0,0,0,0.00848826363156775,0,0,0,0,0,0,0,0,0,0,0,0,0,0,0,0,0,0,0,0,0,0,0,0,0,0,0,0,0,0,0,0,0,0,0,0,0.0311236333157484,0,0.00282942121052258,0,0,0,0,0,0,0,0,0,0,0,0,0,0,0,0,0,0,0,0,0.00848826363156775,0,0.0622472666314969,0,0,0,0,0,0,0,0,0,0,0,0,0,0.0169765272631355,0,0,0,0,0,0,0,0,0.347523660182436,0,0,0,0,0,0,0,0,0,0,0,0,0,0.499497991556805,0,0,0,0,0,0,0,0,0,0,0,0,0,0,0,0,0,0,0,0,0,0.267380304394384,0,0,0,0,0,0,0,0,0,0,0,0,0,0,0,0,0,0,0,0,0,0,0,0,0,0,0,0,0,0,0,0,0,0,0,0,0,0,0,0,0,0,0,0,0,0,0,0,0,0,0,0,0,0,0,0,0,0,0,0,0,0,0,0,0,0,0,0,0,0,0,0,0,0,0.258469192925441,0,0,0,0.0758602392371332,0,0,0,0,0,0,0,0,0,0,0,0,0,0,0,0,0,1.22674932482507,0.0132798884515877,0,0,0,0,0,0,0,0,0,0,0,0,0,0,0,0,0,0,0,0,0,0,0,0,0,0,0,0,0,0,0,0,0,0,0,0,0,0,0,0,0.632957676404071,0,0,0,0,0,0,0,0,0,0,1.40692934365504,0,0,0,0,0,0,0,0,0,0,0,0,0,0,0,0,0,0,0,0,0,0,0,0,0,0,0,0,0,0,0,0,0,0.01091374358993,0,2.22515736471276,0,0,0,0,0,0,0,0,0,0,0,0.103930778295765,0,0,2.97046901960261,0,0,0,0,0,0,0,0,0,0,0,0,0,0,0,0,0,0,0,0,0,0,0,0,0,0,0,0.0707881914128248,0,0,0,0,0,0,0,0,0,0,0,0,0,0,0,0,0,0,0,0,0,0,0,0,0,0,0,0,0.381342813385937,0,0,0,0,0,0,0,0,0,0,0,0,0,0,0,0,0,0.0915815739737108,0,0,0,0,0,0,0,0,0,0.111505817147237,0,0,0,0,0,0,0,0,0,0,0,0,0,0,0,0,0,0,0,0,0,0,0,0,0,0,0,0,0,0,0,0,0,0,0,0.0287957833035456,0,0,0,0,0,0,0,0,0,0,0,0,0,0,0,0,0,0,0,0,0,0,0,0,0,0,0,0,0,0.388592695604087,1.08827329475605,0,0,0,0,0,0,0,0,0,0,0,0,0,0,0,0,0,0,0,0,0,0,0,2.48947514390356,0,0,0,0,0,0,0,0,0.0178338275906047,0,0,0,0,0,0,0,0,0,0,0,0,0,0,0,0,0,0,0,0,0.195743433710495,0.0953559580357475,0,0,0,0,0,0.0310176353076178,0.327117337756217,0,0,0,0.292418272683837,0,0,0,0,0,0,0,0,0,0,0,0,0,0,0,0,0,0,0.272266011580494,0,0,0,0,0.0418862032050305,0,0,0,0,0,0.0203845986060538,0,0,0,0,0,0,0,0,0,0,0,0,0,0,0,0,0,0,0,0,0,0,0,0,0,0,0,0,0,0,0,0,0,0,0,0,0,0,0,0,0,0,0,0,0,0,0,0,0,0,0,0,0,0,0,0,0,0,0,0,0,0,0,0,0,0,0,0,0,0,0,0,0,0,0,0,0,3.20807964089672,0,0,0,0,0,0,0,0,0,0,0,0,0,0,0,0,0,0,0,0,0,0,0,0,0,0,0,0,0,0,0,0,0,0,0,0,0.170051984845807,0,0.0315501807612505,0,0,0,0,0,0,0,0,0,0,0,0,0,0,0,0,0,0,0,0,0.609851786353351,0,0.475369076985052,0,0,0,0,0,0,0,0,0,0,0,0,0,1.5976553257046,0,0,0,0,0,0,0,0,0,0,0,0,0,0,"WAK-00236"
"478",6506,"nSPC",2014,"PRIAs","Pacific Remote Island Areas","Wake","Wake",2014,"ForereefDeep","Wake","2014-03-17","Forereef","Deep",19.30706411,166.59370663,20.9,37.5,4,4.5,3.5,49,1.5,0,0,NA,0.41625,0.315020954627801,1.45,2,1,2.41361720894109,52.9454950794153,28.0250701030062,6.02821277904671,89.4123951704093,19.5042563129425,0,0,0,0,0,0.00565884242104517,0,0,0,0,0,0,0,0,0,0,0,0.0282942121052258,0,0,0,0,0,0,0,0.00282942121052258,0,0,0,0,0,0,0,0,0,0,0,0,0,0,0,0.00282942121052258,0,0,0,0,0,0,0,0,0,0,0,0,0,0,0,0,0,0,0,0,0,0,0,0,0,0,0,0,0,0,0,0,0,0,0,0,0,0,0,0,0,0,0,0,0,0,0,0,0,0,0,0,0,0,0,0,0,0,0,0,0,0,0,0,0,0,0,0,0,0,0,0,0,0,0.00848826363156775,0,0,0,0.0254647908947033,0,0,0,0,0.0198059484736581,0,0,0,0,0,0,0,0.00282942121052258,0,0,0,0,0.820532151051549,0.452707393683613,0,0,0,0,0,0,0,0,0,0,0,0,0,0,0,0,0,0.00565884242104517,0,0,0,0,0,0,0,0,0,0,0,0,0,0,0,0.00565884242104517,0,0,0,0,0,0,0.00565884242104517,0,0,0,0.00848826363156775,0,0,0,0,0,0,0.00848826363156775,0,0,0,0,0,0,0,0.0141471060526129,0,0.00565884242104517,0,0,0,0,0,0,0,0,0,0,0,0,0,0,0,0,0,0,0,0,0,0,0,0,0,0,0,0,0,0,0,0,0,0,0,0.0141471060526129,0,0,0,0,0,0,0,0,0,0,0,0,0,0,0,0,0,0,0,0,0,0,0,0,0,0,0,0,0,0,0,0,0.00282942121052258,0,0,0,0,0,0,0,0,0,0,0,0,0,0,0,0,0,0,0.00282942121052258,0,0,0,0,0,0,0,0,0,0.0141471060526129,0,0,0,0,0,0,0,0,0,0,0,0,0,0,0,0,0,0,0,0,0,0,0,0,0,0.00282942121052258,0,0,0,0,0,0,0,0,0,0,0,0,0,0.348018808894278,0,0,0,0,0,0,0,0,0,0,0,0,0,0,0,0,0,0,0.00282942121052258,0,0,0,0,0.00848826363156775,0,0,0,0,0,0,0,0,0,0,0,0,0,0,0,0,0,0,0,0,0,0,0,0,0,0,0,0,0,0.00282942121052258,0.00848826363156775,0.00848826363156775,0,0,0,0,0,0,0,0,0,0,0,0,0,0,0,0,0,0,0,0,0,0.00282942121052258,0.0113176848420903,0,0,0,0,0,0,0,0,0,0,0,0,0,0,0,0,0,0,0,0,0,0,0,0,0,0,0,0,0,0,0.00282942121052258,0,0,0,0,0,0,0,0,0.00282942121052258,0,0,0,0,0,0,0,0,0,0,0,0,0,0,0,0,0,0,0,0,0,0,0,0,0,0.0169765272631355,0,0,0,0,0,0,0,0,0,0,0,0,0,0,0,0,0,0,0,0,0,0,0,0,0,0,0,0,0,0,0,0,0,0,0,0,0,0,0,0,0.00848826363156775,0,0,2.60306751368078,0,0,0,0,0,0,0,0,0,0,0,0,0,0,0,0,0,0,0,0,0,0,0,0,0,0,0,0,0,0,0,0.00282942121052258,0,0,0,0,0,0,0,0.00282942121052258,0,0,0.0141471060526129,0,0,0,0,0,0,0,0,0,0,0,0,0,0,0,0,0,0,0,0,0,0,0,0,0,0,0,0,0,0,0,0,0,0,0,0,0,0,0,0,0,0,0,0,0,0,0,0,0,0,0,0,0,0,0,0,0.0198059484736581,0,0,0,0,0,0,0,0,0,0,0,0,0,0,0,0.0113176848420903,0,0,0,0,0,0,0,0,0.97035000414872,0,0,0,0,0,0,0,0,0,0,0,0.539793803815986,0,0,0,0,0,0,0,0.0148485195707015,0,0,0,0,0,0,0,0,0,0,0,0,0,0,0,0.522164025559522,0,0,0,0,0,0,0,0,0,0,0,0,0,0,0,0,0,0,0,0,0,0,0,0,0,0,0,0,0,0,0,0,0,0,0,0,0,0,0,0,0,0,0,0,0,0,0,0,0,0,0,0,0,0,0,0,0,0,0,0,0,0,0,0,0,0,0,0,0,0,0,0,0,0,1.2661068927155,0,0,0,0.0956816898007035,0,0,0,0,0.0488251510133918,0,0,0,0,0,0,0,0.406492604571746,0,0,0,0,1.08476613905983,0.171123394812406,0,0,0,0,0,0,0,0,0,0,0,0,0,0,0,0,0,5.72469877000672,0,0,0,0,0,0,0,0,0,0,0,0,0,0,0,6.04576022808469,0,0,0,0,0,0,0.358222584828211,0,0,0,0.077460393412593,0,0,0,0,0,0,2.28032054003784,0,0,0,0,0,0,0,3.82137384244838,0,0.173433805297937,0,0,0,0,0,0,0,0,0,0,0,0,0,0,0,0,0,0,0,0,0,0,0,0,0,0,0,0,0,0,0,0,0,0,0,0.30071800310641,0,0,0,0,0,0,0,0,0,0,0,0,0,0,0,0,0,0,0,0,0,0,0,0,0,0,0,0,0,0,0,0,0.741017711653847,0,0,0,0,0,0,0,0,0,0,0,0,0,0,0,0,0,0,0.0611154981472878,0,0,0,0,0,0,0,0,0,0.17386538972798,0,0,0,0,0,0,0,0,0,0,0,0,0,0,0,0,0,0,0,0,0,0,0,0,0,0.00812836125358928,0,0,0,0,0,0,0,0,0,0,0,0,0,39.9339614754463,0,0,0,0,0,0,0,0,0,0,0,0,0,0,0,0,0,0,0.00785111761276115,0,0,0,0,0.0359703945817637,0,0,0,0,0,0,0,0,0,0,0,0,0,0,0,0,0,0,0,0,0,0,0,0,0,0,0,0,0,0.112340343345353,0.176297783891833,3.05098044215011,0,0,0,0,0,0,0,0,0,0,0,0,0,0,0,0,0,0,0,0,0,2.689923708897,1.86666715579995,0,0,0,0,0,0,0,0,0,0,0,0,0,0,0,0,0,0,0,0,0,0,0,0,0,0,0,0,0,0,0.141445360875306,0,0,0,0,0,0,0,0,0.500467612637146,0,0,0,0,0,0,0,0,0,0,0,0,0,0,0,0,0,0,0,0,0,0,0,0,0,0.0870128404988996,0,0,0,0,0,0,0,0,0,0,0,0,0,0,0,0,0,0,0,0,0,0,0,0,0,0,0,0,0,0,0,0,0,0,0,0,0,0,0,0,0.130073207837007,0,0,8.93853149828365,0,0,0,0,0,0,0,0,0,0,0,0,0,0,0,0,0,0,0,0,0,0,0,0,0,0,0,0,0,0,0,0.32528214593076,0,0,0,0,0,0,0,1.65786733943665,0,0,3.79560943537663,0,0,0,0,0,0,0,0,0,0,0,0,0,0,0,0,0,0,0,0,0,0,0,0,0,0,0,0,0,0,0,0,0,0,0,0,0,0,0,0,0,0,0,0,0,0,0,0,0,0,0,0,0,0,0,0,0.374739598695831,0,0,0,0,0,0,0,0,0,0,0,0,0,0,0,0.701106356038322,0,0,0,68.32160112,94.00630162,106.786102,95.53230161,60.88430102,67.73050121,63.03530111,72.42490127,65.10030114,74.60010127,77.86990136,"WAK-00154"
"479",6507,"nSPC",2014,"PRIAs","Pacific Remote Island Areas","Wake","Wake",2014,"ForereefShallow","Wake","2014-03-17","Forereef","Shallow",19.32132281,166.60385133,3.95,17.5,0,0,15,67.5,0,0,0,NA,0.18125,0.115363831306107,0.4,2,1,1.07444470010781,2.63523370021389,9.40903929982553,1.40106513405247,14.5197828341997,0.722191207956383,0,0,0,0,0,0,0,0,0,0,0,0,0,0,0,0,0,0,0,0.0990297423682904,0,0,0,0,0,0,0,0,0,0,0,0,0,0,0,0,0,0,0,0,0,0,0,0,0,0,0,0,0,0,0,0,0,0,0,0,0,0,0,0,0,0,0,0,0,0,0,0,0,0,0,0,0,0,0,0,0,0,0,0,0,0,0,0,0,0,0,0,0,0,0,0,0,0,0,0,0,0,0,0,0,0,0,0,0,0,0,0,0,0,0,0,0,0,0,0,0.00282942121052258,0,0,0,0.00848826363156775,0,0,0,0,0.0113176848420903,0,0,0,0,0,0,0,0,0,0,0,0,0,0,0,0,0,0,0,0,0,0,0,0,0,0,0,0,0,0,0,0,0,0,0,0,0,0,0,0,0,0,0,0,0,0,0,0,0,0,0,0,0,0,0,0,0,0,0,0,0,0.00565884242104517,0,0,0,0.00848826363156775,0,0,0,0,0,0,0,0.00848826363156775,0,0,0,0,0,0,0,0,0,0,0,0,0,0,0,0,0,0,0,0,0,0,0,0,0,0.0169765272631355,0,0,0,0,0,0,0,0,0,0,0,0,0,0,0,0,0,0,0,0,0,0,0,0,0,0,0,0,0,0,0,0,0,0,0,0,0,0,0,0,0,0,0,0,0,0,0,0,0,0,0,0,0,0,0,0,0,0,0,0,0,0,0,0,0,0,0,0,0,0,0,0,0,0.0113176848420903,0,0,0,0,0,0,0,0,0,0,0,0,0,0,0,0,0,0,0,0,0,0,0,0,0,0,0,0,0,0,0,0,0,0,0,0,0,0,0,0,0,0,0,0,0,0,0,0,0,0,0,0,0,0,0,0,0,0,0,0,0,0,0,0,0,0,0,0,0,0,0,0,0,0,0,0,0,0,0,0,0,0,0,0,0,0,0,0,0,0,0,0,0,0.00848826363156775,0.0481001605788839,0,0,0,0,0,0,0,0,0,0,0,0,0,0,0,0,0,0,0,0,0,0,0,0,0,0,0,0,0,0,0,0,0.00565884242104517,0,0,0,0,0,0,0,0,0,0,0,0,0,0,0,0,0,0,0,0,0.00282942121052258,0.00848826363156775,0,0,0,0,0,0,0.00282942121052258,0,0,0,0,0,0,0,0,0,0,0,0,0,0,0,0,0,0,0,0,0,0,0.00282942121052258,0,0,0,0.00848826363156775,0,0,0,0,0,0,0.0254647908947033,0,0,0,0,0,0,0,0,0,0,0,0,0,0,0,0,0,0,0,0,0,0,0,0,0,0,0,0,0,0,0,0,0,0,0,0,0,0,0,0,0,0,0,0,0,0,0,0,0,0,0,0,0,0,0,0,0,0,0,0.00282942121052258,0,0,0,0,0,0,0,0,0,0,0,0,0,0,0,0,0,0,0,0,0,0,0,0,0,0,0,0,0,0,0,0,0,0,0,0,0,0,0,0,0,0,0,0,0,0,0,0,0,0,0,0,0,0.00282942121052258,0,0,0,0,0,0,0,0,0,0,0,0,0,0,0,0,0,0,0,0,0,0,0,0.00848826363156775,0,0.130153375684039,0,0,0,0,0,0,0,0,0,0,0,0,0,0,0,0,0,0,0,0,0,0,0,0,0,0,0,0,0,0,0,0,0,0,0,0,1.1076915752213,0,0,0,0,0,0,0,0,0,0,0,0,0,0,0,0,0,0,0,0,0,0,0,0,0,0,0,0,0,0,0,0,0,0,0,0,0,0,0,0,0,0,0,0,0,0,0,0,0,0,0,0,0,0,0,0,0,0,0,0,0,0,0,0,0,0,0,0,0,0,0,0,0,0,0,0,0,0,0,0,0,0,0,0,0,0,0,0,0,0,0,0,0,0,0,0,0.734847163315798,0,0,0,0.0546567684229318,0,0,0,0,0.0246975004296102,0,0,0,0,0,0,0,0,0,0,0,0,0,0,0,0,0,0,0,0,0,0,0,0,0,0,0,0,0,0,0,0,0,0,0,0,0,0,0,0,0,0,0,0,0,0,0,0,0,0,0,0,0,0,0,0,0,0,0,0,0,0.0995033223017539,0,0,0,0.722191207956383,0,0,0,0,0,0,0,2.32851028004782,0,0,0,0,0,0,0,0,0,0,0,0,0,0,0,0,0,0,0,0,0,0,0,0,0,0.0490397496908942,0,0,0,0,0,0,0,0,0,0,0,0,0,0,0,0,0,0,0,0,0,0,0,0,0,0,0,0,0,0,0,0,0,0,0,0,0,0,0,0,0,0,0,0,0,0,0,0,0,0,0,0,0,0,0,0,0,0,0,0,0,0,0,0,0,0,0,0,0,0,0,0,0,0.220702552932237,0,0,0,0,0,0,0,0,0,0,0,0,0,0,0,0,0,0,0,0,0,0,0,0,0,0,0,0,0,0,0,0,0,0,0,0,0,0,0,0,0,0,0,0,0,0,0,0,0,0,0,0,0,0,0,0,0,0,0,0,0,0,0,0,0,0,0,0,0,0,0,0,0,0,0,0,0,0,0,0,0,0,0,0,0,0,0,0,0,0,0,0,0,2.6103017519435,4.99420177732063,0,0,0,0,0,0,0,0,0,0,0,0,0,0,0,0,0,0,0,0,0,0,0,0,0,0,0,0,0,0,0,0,0.0142791547174407,0,0,0,0,0,0,0,0,0,0,0,0,0,0,0,0,0,0,0,0,0.161287619329327,0.113751317935527,0,0,0,0,0,0,0.178309917462687,0,0,0,0,0,0,0,0,0,0,0,0,0,0,0,0,0,0,0,0,0,0,0.0144052111636416,0,0,0,0.0116686474081256,0,0,0,0,0,0,0.128050440735962,0,0,0,0,0,0,0,0,0,0,0,0,0,0,0,0,0,0,0,0,0,0,0,0,0,0,0,0,0,0,0,0,0,0,0,0,0,0,0,0,0,0,0,0,0,0,0,0,0,0,0,0,0,0,0,0,0,0,0,0.157141990530277,0,0,0,0,0,0,0,0,0,0,0,0,0,0,0,0,0,0,0,0,0,0,0,0,0,0,0,0,0,0,0,0,0,0,0,0,0,0,0,0,0,0,0,0,0,0,0,0,0,0,0,0,0,0.0249319482703874,0,0,0,0,0,0,0,0,0,0,0,0,0,0,0,0,0,0,0,0,0,0,0,0.189353537556768,0,0.580259399506698,0,0,0,0,0,0,0,0,0,0,0,0,0,0,0,0,0,0,0,0,0,0,0,0,0,0,0,0,"WAK-00302"
"480",6508,"nSPC",2014,"PRIAs","Pacific Remote Island Areas","Wake","Wake",2014,"ForereefShallow","Wake","2014-03-17","Forereef","Shallow",19.30821033,166.59384266,2.6,15,0,0,22.5,62.5,0,0,0,NA,0.2875,0.205265962468087,0.8,2,1,0.883533502627912,1.36427914251938,44.7890418671661,10.1252373618727,57.1620918741861,12.4517416158984,0,0,0,0,0,0.00565884242104517,0,0,0,0,0,0,0,0,0,0,0,0.00282942121052258,0,0.0707355302630646,0,0,0,0,0,0,0.033953054526271,0,0,0,0,0,0,0,0,0,0,0,0,0,0,0,0,0,0,0,0,0,0,0,0,0,0,0,0,0,0.00282942121052258,0,0,0,0,0,0,0,0,0,0,0,0,0,0,0,0,0,0,0,0,0,0,0,0,0,0,0,0,0,0,0,0,0,0,0,0,0,0,0,0,0,0,0,0,0,0,0,0,0,0,0,0,0,0,0,0,0,0,0,0.00282942121052258,0,0,0,0.0141471060526129,0,0,0,0,0,0,0,0,0,0,0,0,0,0,0,0,0,0.113176848420903,0,0,0,0,0,0,0,0,0,0,0,0,0,0,0,0,0,0,0.0113176848420903,0,0,0,0,0,0,0,0,0,0,0,0,0,0.00282942121052258,0,0,0,0,0,0,0,0,0,0,0,0,0,0,0,0.00565884242104517,0,0.00848826363156775,0,0.00282942121052258,0,0,0,0,0,0,0,0.0763943726841098,0,0,0,0.0707355302630646,0,0,0,0,0,0,0,0,0,0,0,0,0,0,0,0,0,0,0,0,0,0,0,0.0141471060526129,0,0,0,0,0,0,0,0,0,0,0,0.00565884242104517,0,0,0.00565884242104517,0,0,0,0,0,0,0,0,0,0,0,0,0,0,0,0,0,0,0,0,0,0,0,0,0,0,0,0,0,0,0,0,0,0,0,0,0,0,0,0,0,0,0,0,0,0,0,0,0,0,0,0,0,0,0,0,0.0141471060526129,0,0,0,0,0,0,0,0,0,0,0,0,0,0,0,0,0,0,0,0,0,0,0,0,0,0,0,0,0,0,0,0,0,0,0,0,0,0,0,0,0,0,0,0,0,0,0,0,0,0,0,0,0,0,0,0,0,0,0,0,0,0,0,0,0,0,0,0,0,0,0,0,0,0,0,0,0,0,0,0,0,0,0,0,0,0,0,0,0,0,0,0,0,0.00565884242104517,0.0141471060526129,0,0,0,0,0,0,0,0,0,0,0,0,0,0,0,0,0,0,0,0,0,0,0,0.0113176848420903,0,0,0,0,0,0,0,0,0.00282942121052258,0,0,0,0,0,0,0,0,0,0,0,0,0,0,0,0,0,0,0,0,0,0.0141471060526129,0,0,0,0,0,0,0,0,0,0,0,0,0,0,0,0,0,0,0,0,0,0,0,0,0,0,0,0,0,0.0367824757367936,0,0,0,0.00565884242104517,0.0226353696841807,0,0,0,0,0,0.00848826363156775,0,0,0,0,0,0,0,0,0,0,0,0,0,0,0,0,0,0,0,0,0,0,0,0,0,0,0,0,0,0,0,0,0,0,0,0,0,0,0,0,0,0,0,0,0,0,0,0,0,0,0,0,0,0,0,0,0,0,0,0,0,0,0,0,0,0,0,0,0,0,0,0,0,0,0,0,0,0.00282942121052258,0,0,0,0,0,0,0,0,0,0,0,0,0,0,0,0,0,0,0,0,0,0,0,0,0,0,0,0,0,0,0,0,0,0,0,0,0.0254647908947033,0,0,0,0,0,0,0,0,0,0,0,0,0,0,0,0,0,0,0,0,0,0,0.00565884242104517,0,0.0763943726841098,0,0,0,0,0,0,0,0,0,0,0,0,0,0.0169765272631355,0,0,0,0,0,0,0,0,0.702262344451705,0,0,0,0,0,0,0,0,0,0,0,0.043508018469893,0,2.88784765428685,0,0,0,0,0,0,1.94298872036213,0,0,0,0,0,0,0,0,0,0,0,0,0,0,0,0,0,0,0,0,0,0,0,0,0,0,0,0,0,0.522164025559522,0,0,0,0,0,0,0,0,0,0,0,0,0,0,0,0,0,0,0,0,0,0,0,0,0,0,0,0,0,0,0,0,0,0,0,0,0,0,0,0,0,0,0,0,0,0,0,0,0,0,0,0,0,0,0,0,0,0,0,0.36136947706839,0,0,0,0.0581553696024723,0,0,0,0,0,0,0,0,0,0,0,0,0,0,0,0,0,0.186877612112596,0,0,0,0,0,0,0,0,0,0,0,0,0,0,0,0,0,0,9.52266395128174,0,0,0,0,0,0,0,0,0,0,0,0,0,0.27473509157586,0,0,0,0,0,0,0,0,0,0,0,0,0,0,0,0.358222584828211,0,0.555764158273095,0,0.501930908636207,0,0,0,0,0,0,0,20.6682015140989,0,0,0,0.228122085098383,0,0,0,0,0,0,0,0,0,0,0,0,0,0,0,0,0,0,0,0,0,0,0,7.25699335126097,0,0,0,0,0,0,0,0,0,0,0,0.553987521217273,0,0,0.253489403196761,0,0,0,0,0,0,0,0,0,0,0,0,0,0,0,0,0,0,0,0,0,0,0,0,0,0,0,0,0,0,0,0,0,0,0,0,0,0,0,0,0,0,0,0,0,0,0,0,0,0,0,0,0,0,0,0,0.437647692202597,0,0,0,0,0,0,0,0,0,0,0,0,0,0,0,0,0,0,0,0,0,0,0,0,0,0,0,0,0,0,0,0,0,0,0,0,0,0,0,0,0,0,0,0,0,0,0,0,0,0,0,0,0,0,0,0,0,0,0,0,0,0,0,0,0,0,0,0,0,0,0,0,0,0,0,0,0,0,0,0,0,0,0,0,0,0,0,0,0,0,0,0,0,0.949279445308405,1.51962782204965,0,0,0,0,0,0,0,0,0,0,0,0,0,0,0,0,0,0,0,0,0,0,0,2.80329271943733,0,0,0,0,0,0,0,0,0.0204346147065911,0,0,0,0,0,0,0,0,0,0,0,0,0,0,0,0,0,0,0,0,0,0.238349453778164,0,0,0,0,0,0,0,0,0,0,0,0,0,0,0,0,0,0,0,0,0,0,0,0,0,0,0,0,0,0.180666364378846,0,0,0,0.0144418376775834,0.0855380043266465,0,0,0,0,0,0.0216627565163752,0,0,0,0,0,0,0,0,0,0,0,0,0,0,0,0,0,0,0,0,0,0,0,0,0,0,0,0,0,0,0,0,0,0,0,0,0,0,0,0,0,0,0,0,0,0,0,0,0,0,0,0,0,0,0,0,0,0,0,0,0,0,0,0,0,0,0,0,0,0,0,0,0,0,0,0,0,2.42714675598044,0,0,0,0,0,0,0,0,0,0,0,0,0,0,0,0,0,0,0,0,0,0,0,0,0,0,0,0,0,0,0,0,0,0,0,0,0.184231779904829,0,0,0,0,0,0,0,0,0,0,0,0,0,0,0,0,0,0,0,0,0,0,0.126235691704512,0,0.576208517159593,0,0,0,0,0,0,0,0,0,0,0,0,0,0.698044627673578,0,0,0,67.71760111,93.78200162,106.2483019,95.50720161,58.55020099,67.69130121,62.8773011,71.88850126,65.10030114,74.55460126,77.84170136,"WAK-00263"
"481",6509,"nSPC",2014,"PRIAs","Pacific Remote Island Areas","Wake","Wake",2014,"ForereefMid","Wake","2014-03-17","Forereef","Mid",19.30259873,166.59512585,13.4,30,3.5,5,3.5,53,5,0,0,NA,0.78,0.715809937408901,3.2,2,1,1.99042198184835,5.33912274961086,19.9363435473058,17.1905794863353,44.4564677651002,5.06126297566564,0,0,0,0,0,0.00565884242104517,0,0,0,0,0,0,0,0,0,0,0,0.033953054526271,0,0.0509295817894065,0,0,0,0,0,0,0,0,0,0,0.0113176848420903,0,0,0,0,0,0,0,0,0,0,0,0,0,0,0,0,0,0,0,0,0,0,0,0,0,0,0,0,0,0,0,0,0,0,0,0,0,0,0.00565884242104517,0,0,0,0.00282942121052258,0,0,0,0,0,0,0,0,0,0,0,0,0,0,0,0,0,0,0,0,0,0,0,0,0,0,0,0,0,0,0,0,0,0,0,0,0,0,0,0,0,0,0.00565884242104517,0,0,0,0.0226353696841807,0,0,0,0,0.0396118969473162,0,0,0,0,0,0,0,0,0,0,0,0,1.13176848420903,0.282942121052258,0,0,0,0,0,0,0,0,0,0,0,0,0,0,0.00282942121052258,0.00282942121052258,0,0.00282942121052258,0,0,0,0,0,0,0,0,0,0,0,0,0,0,0,0,0,0,0,0,0,0,0.0113176848420903,0,0,0,0.00565884242104517,0,0,0.0113176848420903,0,0.00565884242104517,0,0.00848826363156775,0,0,0,0,0.00565884242104517,0,0,0.0198059484736581,0,0,0,0,0,0,0,0,0,0,0,0,0,0,0,0,0,0,0,0,0,0,0,0,0,0,0,0.0113176848420903,0,0,0,0,0,0,0,0,0,0.0226353696841807,0,0,0,0,0.033953054526271,0,0,0,0,0,0,0,0,0,0,0,0,0,0,0,0,0,0,0,0,0,0,0,0,0,0,0,0.00282942121052258,0,0.00282942121052258,0,0,0,0,0,0,0,0,0,0,0,0.00282942121052258,0,0,0,0,0,0,0,0,0,0,0,0,0,0,0.00282942121052258,0,0,0,0,0,0,0,0,0,0,0,0,0,0,0,0,0,0,0,0,0,0,0,0,0,0,0,0,0,0,0,0,0,0,0.00848826363156775,0,0,0,0,0,0,0,0,0,0,0,0,0,0,0,0,0,0,0,0,0,0,0,0,0,0,0,0,0.00282942121052258,0,0,0,0,0,0,0,0,0,0,0,0,0,0,0,0,0,0,0,0,0,0,0,0,0,0,0,0,0,0,0.0226353696841807,0,0,0,0,0,0,0,0,0,0,0,0,0,0,0,0,0,0,0,0,0.00282942121052258,0,0,0.00565884242104517,0,0,0,0,0,0,0,0,0,0,0,0,0,0,0,0,0,0,0,0,0,0,0.00282942121052258,0,0,0,0,0,0,0.00565884242104517,0.0113176848420903,0,0,0,0,0,0.00848826363156775,0,0,0.00565884242104517,0,0.00282942121052258,0,0,0,0,0,0,0,0,0,0,0,0,0,0,0,0,0,0,0,0,0,0,0,0.0367824757367936,0,0,0,0,0,0,0,0,0,0,0,0,0,0,0,0,0,0,0,0,0,0,0,0,0,0,0,0,0,0,0,0,0,0,0,0,0,0,0,0,0.00282942121052258,0,0,0.396118969473162,0,0.00282942121052258,0,0,0,0,0,0,0,0,0,0,0,0,0,0,0,0,0,0,0,0.00282942121052258,0,0,0,0,0,0,0,0,0.00282942121052258,0.00848826363156775,0,0,0,0,0,0,0,0.00848826363156775,0,0,0,0,0,0,0,0,0,0,0,0,0,0,0,0,0,0,0,0,0,0,0,0,0,0,0,0,0,0,0,0,0,0,0,0,0.00282942121052258,0,0,0,0,0,0,0,0,0,0,0,0,0,0,0,0,0,0,0,0,0,0,0.0141471060526129,0,0,0,0,0,0,0,0,0,0,0,0,0,0,0,0.0169765272631355,0,0,0,0,0,0,0,0,1.13176848420903,0,0,0,0,0,0,0,0,0,0,0,0.563200983601385,0,1.81645573247515,0,0,0,0,0,0,0,0,0,0,0.896360639493555,0,0,0,0,0,0,0,0,0,0,0,0,0,0,0,0,0,0,0,0,0,0,0,0,0,0,0,0,0,0,0,0,0,0,0,0,0,0,1.50708009009766,0,0,0,0.0486271934013841,0,0,0,0,0,0,0,0,0,0,0,0,0,0,0,0,0,0,0,0,0,0,0,0,0,0,0,0,0,0,0,0,0,0,0,0,0,0,0,0,0,0,0.539077040594171,0,0,0,0.0727669848700522,0,0,0,0,0.0752322009804879,0,0,0,0,0,0,0,0,0,0,0,0,1.86877612112596,0.0935831065380345,0,0,0,0,0,0,0,0,0,0,0,0,0,0,0.205065823910012,0.337267008294292,0,0.762263490599786,0,0,0,0,0,0,0,0,0,0,0,0,0,0,0,0,0,0,0,0,0,0,1.39473190091611,0,0,0,0.0839086681378492,0,0,0.203232528046707,0,0.281988661853712,0,1.90429907031109,0,0,0,0,0.878027991022679,0,0,3.00944011210968,0,0,0,0,0,0,0,0,0,0,0,0,0,0,0,0,0,0,0,0,0,0,0,0,0,0,0,1.27213286130508,0,0,0,0,0,0,0,0,0,0.463794686926165,0,0,0,0,2.17972538036541,0,0,0,0,0,0,0,0,0,0,0,0,0,0,0,0,0,0,0,0,0,0,0,0,0,0,0,0.334010284138542,0,0.372388196362932,0,0,0,0,0,0,0,0,0,0,0,0.600524608620016,0,0,0,0,0,0,0,0,0,0,0,0,0,0,0.0132614543853153,0,0,0,0,0,0,0,0,0,0,0,0,0,0,0,0,0,0,0,0,0,0,0,0,0,0,0,0,0,0,0,0,0,0,0.846510764838084,0,0,0,0,0,0,0,0,0,0,0,0,0,0,0,0,0,0,0,0,0,0,0,0,0,0,0,0,0.0048155202490365,0,0,0,0,0,0,0,0,0,0,0,0,0,0,0,0,0,0,0,0,0,0,0,0,0,0,0,0,0,0,3.57389112600916,0,0,0,0,0,0,0,0,0,0,0,0,0,0,0,0,0,0,0,0,0.354697631529342,0,0,1.21561089543877,0,0,0,0,0,0,0,0,0,0,0,0,0,0,0,0,0,0,0,0,0,0,0.272803799051074,0,0,0,0,0,0,0.365919792949527,0.124070541230471,0,0,0,0,0,0.102263062144708,0,0,1.02715937747616,0,1.13672028465975,0,0,0,0,0,0,0,0,0,0,0,0,0,0,0,0,0,0,0,0,0,0,0,0.252825528686357,0,0,0,0,0,0,0,0,0,0,0,0,0,0,0,0,0,0,0,0,0,0,0,0,0,0,0,0,0,0,0,0,0,0,0,0,0,0,0,0,0.0111597761375627,0,0,3.02206589041753,0,0.0111597761375627,0,0,0,0,0,0,0,0,0,0,0,0,0,0,0,0,0,0,0,0.223588252710959,0,0,0,0,0,0,0,0,1.71981349420903,3.90954313760746,0,0,0,0,0,0,0,2.39470041475476,0,0,0,0,0,0,0,0,0,0,0,0,0,0,0,0,0,0,0,0,0,0,0,0,0,0,0,0,0,0,0,0,0,0,0,0,0.0284786184133424,0,0,0,0,0,0,0,0,0,0,0,0,0,0,0,0,0,0,0,0,0,0,0.204963409515854,0,0,0,0,0,0,0,0,0,0,0,0,0,0,0,0.744715366241488,0,0,0,55.25900093,71.40590122,76.76540143,74.46920127,47.9896008,47.30020083,40.77310073,46.48530081,45.67820081,57.25490098,60.01640103,"WAK-00267"
"482",6512,"nSPC",2014,"PRIAs","Pacific Remote Island Areas","Wake","Wake",2014,"ForereefDeep","Wake","2014-03-17","Forereef","Deep",19.32573345,166.61041562,22,27.5,30,5,10,27.5,0,0,0,NA,0.34375,0.21661678238642,1.1,2,1,8.32608584929457,1.17891838812894,49.60863664241,16.447053326315,75.5606942061485,5.44647101465801,0,0,0,0,0,0,0,0,0,0,0,0,0,0,0,0,0,0.0169765272631355,0,0,0,0,0,0,0,0.0226353696841807,0,0,0,0,0,0,0,0,0,0,0,0,0,0,0,0,0,0,0,0,0,0,0,0,0,0,0,0,0,0,0.00565884242104517,0,0,0,0,0,0,0,0,0,0,0,0,0,0,0,0,0,0,0,0,0,0,0,0,0,0,0,0,0,0,0,0,0,0,0,0,0,0,0,0,0,0,0,0,0,0,0,0,0,0,0,0,0,0,0,0,0,0,0,0.00848826363156775,0,0,0,0,0,0,0,0,0.00848826363156775,0,0,0,0,0,0,0,0,0,0,0,0,0.268795014999645,0.0509295817894065,0,0,0,0,0,0,0,0,0,0,0,0,0,0,0,0,0,0,0,0,0,0,0,0,0,0,0,0,0,0,0,0.00565884242104517,0,0,0,0,0,0,0,0,0.00565884242104517,0,0,0,0.00565884242104517,0,0,0,0,0,0,0.00848826363156775,0,0,0,0,0.00282942121052258,0,0,0.121665112052471,0,0.00565884242104517,0.00565884242104517,0,0,0,0,0,0,0,0,0,0,0,0,0,0,0,0,0,0,0,0,0,0,0,0,0.00565884242104517,0,0,0,0,0,0,0,0,0,0.0169765272631355,0,0.00565884242104517,0,0,0,0,0,0,0,0,0,0,0,0,0,0,0,0,0,0,0,0,0,0,0,0,0,0,0,0,0,0,0.00565884242104517,0,0.00282942121052258,0,0,0,0,0,0,0,0,0,0,0,0.00282942121052258,0,0,0,0,0.00282942121052258,0,0,0,0,0,0,0,0,0,0,0,0,0,0,0,0,0,0,0,0,0,0,0,0,0,0,0,0,0,0,0,0,0,0,0,0,0,0.00848826363156775,0,0,0,0,0,0,0,0,0,0,0,0,0,0,0,0,0,0,0,0,0,0,0,0,0,0,0,0,0,0,0,0.00282942121052258,0,0,0,0.0113176848420903,0,0,0,0,0,0.00848826363156775,0,0,0,0,0,0,0,0.00282942121052258,0,0,0,0,0,0,0,0,0,0,0,0,0,0,0,0,0.00848826363156775,0.0113176848420903,0,0,0,0,0,0,0,0.00282942121052258,0,0,0,0,0,0,0,0,0,0,0,0,0,0,0.0141471060526129,0,0,0,0,0,0,0,0,0,0,0,0,0,0,0,0,0,0,0,0,0,0,0,0,0,0,0,0,0,0.00282942121052258,0.00565884242104517,0,0,0,0,0,0.00282942121052258,0.00565884242104517,0,0.00565884242104517,0,0.0141471060526129,0,0,0,0,0,0,0,0,0,0,0,0,0,0,0,0,0,0,0,0,0,0,0,0.0113176848420903,0,0,0,0,0,0,0,0,0,0,0,0,0,0,0,0,0,0,0,0,0,0,0,0,0,0,0,0,0,0,0,0,0,0,0,0,0,0,0,0,0.00565884242104517,0,0,0.198059484736581,0,0,0,0,0,0,0,0,0,0,0,0,0,0,0,0,0,0,0,0,0,0,0,0,0,0,0,0,0,0,0,0,0,0,0,0,0,0,0,0.0169765272631355,0,0,0,0,0,0,0,0,0,0,0,0,0,0,0,0,0,0,0,0,0,0,0,0,0,0,0,0,0,0,0,0,0,0,0,0,0.033953054526271,0,0.00565884242104517,0,0,0,0,0,0,0,0,0,0,0,0,0,0,0,0,0,0,0,0,0.0282942121052258,0,0,0,0,0,0,0,0,0,0,0,0,0,0,0,0,0,0,0,0,0,0,0,0,0,0,0,0,0,0,0,0,0,0,0,0,0.137991339169751,0,0,0,0,0,0,0,0.177316431957998,0,0,0,0,0,0,0,0,0,0,0,0,0,0,0,0,0,0,0,0,0,0,0,0,0,0,0,0,0,0,1.11848152220442,0,0,0,0,0,0,0,0,0,0,0,0,0,0,0,0,0,0,0,0,0,0,0,0,0,0,0,0,0,0,0,0,0,0,0,0,0,0,0,0,0,0,0,0,0,0,0,0,0,0,0,0,0,0,0,0,0,0,0,5.09478989940833,0,0,0,0,0,0,0,0,0.00577363679780403,0,0,0,0,0,0,0,0,0,0,0,0,0.308786054389172,0.0303922279328283,0,0,0,0,0,0,0,0,0,0,0,0,0,0,0,0,0,0,0,0,0,0,0,0,0,0,0,0,0,0,0,0.54947018315172,0,0,0,0,0,0,0,0,0.447063356309831,0,0,0,0.056291121618752,0,0,0,0,0,0,2.10084270731578,0,0,0,0,0.43901399551134,0,0,33.591480899035,0,0.173433805297937,0.648112879549061,0,0,0,0,0,0,0,0,0,0,0,0,0,0,0,0,0,0,0,0,0,0,0,0,3.85534435451904,0,0,0,0,0,0,0,0,0,0.227487463078491,0,1.15924538465959,0,0,0,0,0,0,0,0,0,0,0,0,0,0,0,0,0,0,0,0,0,0,0,0,0,0,0,0,0,0,0.668020568277085,0,0.653062744829416,0,0,0,0,0,0,0,0,0,0,0,0.358611867682807,0,0,0,0,0.025783100780887,0,0,0,0,0,0,0,0,0,0,0,0,0,0,0,0,0,0,0,0,0,0,0,0,0,0,0,0,0,0,0,0,0,0,0,0,0,0.0398901773640871,0,0,0,0,0,0,0,0,0,0,0,0,0,0,0,0,0,0,0,0,0,0,0,0,0,0,0,0,0,0,0,0.00145903986681848,0,0,0,0.0222976783598707,0,0,0,0,0,3.56909964385979,0,0,0,0,0,0,0,0.28577184477621,0,0,0,0,0,0,0,0,0,0,0,0,0,0,0,0,0.799876738306663,1.10865274728735,0,0,0,0,0,0,0,0.252155334786203,0,0,0,0,0,0,0,0,0,0,0,0,0,0,7.98244977206105,0,0,0,0,0,0,0,0,0,0,0,0,0,0,0,0,0,0,0,0,0,0,0,0,0,0,0,0,0,0.581447841297754,0.141158047469975,0,0,0,0,0,0.0622990679213183,0.442435082502857,0,0.309208105350667,0,3.76725682897059,0,0,0,0,0,0,0,0,0,0,0,0,0,0,0,0,0,0,0,0,0,0,0,0.0125234366871642,0,0,0,0,0,0,0,0,0,0,0,0,0,0,0,0,0,0,0,0,0,0,0,0,0,0,0,0,0,0,0,0,0,0,0,0,0,0,0,0,0.0677978364096594,0,0,0.410268339062743,0,0,0,0,0,0,0,0,0,0,0,0,0,0,0,0,0,0,0,0,0,0,0,0,0,0,0,0,0,0,0,0,0,0,0,0,0,0,0,3.34562830734222,0,0,0,0,0,0,0,0,0,0,0,0,0,0,0,0,0,0,0,0,0,0,0,0,0,0,0,0,0,0,0,0,0,0,0,0,0.218184930991104,0,0.0396754636525518,0,0,0,0,0,0,0,0,0,0,0,0,0,0,0,0,0,0,0,0,0.274362398344806,0,0,0,0,0,0,0,0,0,0,0,0,0,0,0,0,0,0,0,190.2578032,215.9882038,220.586104,191.4692033,203.2137035,183.1160031,199.1632034,182.9687032,204.2711037,178.624503,196.8356034,"WAK-00172"
"483",6513,"nSPC",2014,"PRIAs","Pacific Remote Island Areas","Wake","Wake",2014,"ForereefMid","Wake","2014-03-17","Forereef","Mid",19.32359657,166.60566936,12.5,32.5,7.5,5,20,35,0,0,0,NA,0.485,0.285320478230361,1.75,2,1,56.8698880668192,0.801530154320649,35.6881677338283,12.9104449786661,106.270030933634,18.2326836045428,0,0,0,0,0,0.00282942121052258,0,0,0,0,0,0,0,0,0,0,0.00565884242104517,0.113176848420903,0.00282942121052258,0,0,0,0,0,0.0113176848420903,0,0,0,0,0,0,0,0,0,0,0,0,0,0,0,0,0.00282942121052258,0,0,0,0,0,0,0,0,0,0,0,0,0,0,0.00565884242104517,0,0,0,0,0,0,0,0,0,0,0,0,0.00565884242104517,0,0,0,0,0,0,0,0,0,0,0,0,0,0,0,0,0,0,0,0,0,0,0,0,0,0.00282942121052258,0,0,0,0,0,0,0,0,0,0,0,0,0,0,0,0,0,0,0,0,0.00848826363156775,0,0,0,0.0141471060526129,0,0,0,0,0.00848826363156775,0,0,0,0,0,0,0,0.00282942121052258,0,0,0,0,0.424413181578388,0.294259805894349,0,0,0,0,0.00565884242104517,0,0,0,0,0,0,0,0,0,0,0,0,0.00848826363156775,0,0,0,0,0,0,0,0,0,0,0,0,0,0,0,0,0,0,0,0,0,0,0.00565884242104517,0,0,0,0.00565884242104517,0,0,0,0,0,0,0.0141471060526129,0,0,0,0,0.00565884242104517,0,0,0.033953054526271,0,0,0,0,0,0,0,0,0,0,0,0,0,0,0,0,0,0,0,0,0,0,0,0,0,0,0,0,0,0,0,0,0,0,0,0,0,0,0,0.0113176848420903,0,0,0.0141471060526129,0,0,0,0,0,0,0,0,0,0,0,0,0,0,0,0,0,0,0,0,0,0,0,0,0,0,0,0,0,0,0,0,0,0,0,0,0,0,0,0,0,0,0,0,0,0,0,0,0,0,0,0,0,0,0,0,0.00848826363156775,0,0,0,0,0,0,0,0,0,0.00282942121052258,0,0,0,0,0,0,0,0.0169765272631355,0,0,0,0,0,0,0,0,0,0.00565884242104517,0,0,0,0,0,0,0,0,0,0,0,0,0,0,0,0,0,0,0,0,0,0,0,0,0,0,0,0,0,0,0.00848826363156775,0.00282942121052258,0,0,0,0.00848826363156775,0,0,0,0,0,0,0,0,0,0,0,0,0,0.00282942121052258,0,0,0,0,0,0,0,0,0,0,0,0,0,0,0,0,0.0113176848420903,0,0,0,0,0,0,0,0,0,0,0,0,0,0,0,0,0,0,0,0,0,0,0,0.00848826363156775,0,0,0,0,0,0,0,0,0,0,0,0,0,0,0,0,0,0,0,0,0,0,0,0,0,0,0,0,0,0,0.0141471060526129,0,0,0,0,0,0.00848826363156775,0.00565884242104517,0,0,0,0.00282942121052258,0,0,0,0,0,0,0,0,0,0,0,0,0,0,0,0,0,0,0.0141471060526129,0,0,0,0,0.033953054526271,0,0,0,0,0,0,0,0,0,0,0,0,0,0,0,0,0,0,0,0,0,0,0,0,0,0,0,0,0,0,0,0,0,0,0,0,0,0,0,0,0.00565884242104517,0,0,0.0537590029999291,0,0,0,0,0,0,0,0,0,0,0,0,0,0,0,0,0,0,0,0,0,0,0,0,0,0,0,0,0.00282942121052258,0,0,0.00282942121052258,0,0,0,0,0,0,0,0.0141471060526129,0,0,0,0,0,0,0,0,0,0,0,0,0,0,0,0,0,0,0,0,0,0,0,0,0,0,0,0,0,0,0,0,0,0,0,0,0,0,0.0169765272631355,0,0,0,0,0,0,0,0,0,0,0,0,0,0,0,0,0,0,0,0,0.033953054526271,0,0,0,0,0,0,0,0,0,0,0,0,0,0,0,0.00565884242104517,0,0,0,0,0,0,0,0,0.015278874536822,0,0,0,0,0,0,0,0,0,0,0.266656783413592,1.8520820631669,0.0543836031404091,0,0,0,0,0,0.014479857818639,0,0,0,0,0,0,0,0,0,0,0,0,0,0,0,0,0.0216578046559451,0,0,0,0,0,0,0,0,0,0,0,0,0,0,1.06286641889039,0,0,0,0,0,0,0,0,0,0,0,0,5.86613767071371,0,0,0,0,0,0,0,0,0,0,0,0,0,0,0,0,0,0,0,0,0,0,0,0,0,0.0240346918877175,0,0,0,0,0,0,0,0,0,0,0,0,0,0,0,0,0,0,0,0,7.55420217832216,0,0,0,0.0402127509729693,0,0,0,0,0.0311035392491105,0,0,0,0,0,0,0,0.206721780227643,0,0,0,0,0.484713806417045,0.126985838638859,0,0,0,0,0.202142052358164,0,0,0,0,0,0,0,0,0,0,0,0,9.09625910513143,0,0,0,0,0,0,0,0,0,0,0,0,0,0,0,0,0,0,0,0,0,0,0.281988661853712,0,0,0,0.0839086681378492,0,0,0,0,0,0,1.41416374438849,0,0,0,0,1.56732994071109,0,0,10.8373046577029,0,0,0,0,0,0,0,0,0,0,0,0,0,0,0,0,0,0,0,0,0,0,0,0,0,0,0,0,0,0,0,0,0,0,0,0,0,0,0,0.257634578569641,0,0,0.408596175124237,0,0,0,0,0,0,0,0,0,0,0,0,0,0,0,0,0,0,0,0,0,0,0,0,0,0,0,0,0,0,0,0,0,0,0,0,0,0,0,0,0,0,0,0,0,0,0,0,0,0,0,0,0,0,0,0,0.250871371978152,0,0,0,0,0,0,0,0,0,47.5763097638645,0,0,0,0,0,0,0,0.20585963312975,0,0,0,0,0,0,0,0,0,0.0191330206776777,0,0,0,0,0,0,0,0,0,0,0,0,0,0,0,0,0,0,0,0,0,0,0,0,0,0,0,0,0,0,0.0495994083340304,0.00300038252289269,0,0,0,0.0270502561517896,0,0,0,0,0,0,0,0,0,0,0,0,0,0.519078236521473,0,0,0,0,0,0,0,0,0,0,0,0,0,0,0,0,2.01610617700205,0,0,0,0,0,0,0,0,0,0,0,0,0,0,0,0,0,0,0,0,0,0,0,1.26635527103213,0,0,0,0,0,0,0,0,0,0,0,0,0,0,0,0,0,0,0,0,0,0,0,0,0,0,0,0,0,0,0.18590197996241,0,0,0,0,0,0.266043496717943,0.203744428796624,0,0,0,2.27595706967829,0,0,0,0,0,0,0,0,0,0,0,0,0,0,0,0,0,0,0.0390191520757336,0,0,0,0,0.101568990724671,0,0,0,0,0,0,0,0,0,0,0,0,0,0,0,0,0,0,0,0,0,0,0,0,0,0,0,0,0,0,0,0,0,0,0,0,0,0,0,0,0.0244302320805252,0,0,0.189830509264745,0,0,0,0,0,0,0,0,0,0,0,0,0,0,0,0,0,0,0,0,0,0,0,0,0,0,0,0,0.392061631901289,0,0,0.529667650609828,0,0,0,0,0,0,0,7.72226075502288,0,0,0,0,0,0,0,0,0,0,0,0,0,0,0,0,0,0,0,0,0,0,0,0,0,0,0,0,0,0,0,0,0,0,0,0,0,0,0.0938909668611191,0,0,0,0,0,0,0,0,0,0,0,0,0,0,0,0,0,0,0,0,0.264081163887082,0,0,0,0,0,0,0,0,0,0,0,0,0,0,0,0.277364138807292,0,0,0,107.0050018,144.2495025,148.0140027,130.4510022,115.913202,107.9779019,130.1482022,114.308502,113.6182021,118.469902,148.4626026,"WAK-00252"
"484",6514,"nSPC",2014,"PRIAs","Pacific Remote Island Areas","Wake","Wake",2014,"ForereefShallow","Wake","2014-03-17","Forereef","Shallow",19.31640465,166.59893677,4.6,20,0,20,17.5,42.5,0,0,0,NA,0.24875,0.224586597939613,1.1,2,1,6.06784227015922,7.77491606874447,10.6311943757604,5.08301649097843,29.5569692056425,3.93009859057357,0,0,0,0,0,0,0,0,0,0,0,0,0,0,0,0,0,0.067906109052542,0,0.0141471060526129,0,0,0,0,0,0,0,0,0,0,0,0,0,0,0,0,0,0,0,0,0,0,0,0,0,0,0,0,0,0,0,0,0,0,0,0,0.00565884242104517,0,0,0,0,0,0,0,0,0,0,0,0,0,0,0,0,0,0,0,0,0,0,0,0,0,0,0,0,0,0,0,0,0,0,0,0,0,0,0,0,0,0,0,0,0,0,0,0,0,0,0,0,0,0,0,0,0,0,0,0.0113176848420903,0,0,0,0.0367824757367936,0,0,0,0,0.0169765272631355,0,0,0,0,0,0,0,0,0,0,0,0,0.311236333157484,0,0,0,0,0,0,0,0,0,0,0,0,0,0,0,0,0,0,0,0,0,0,0,0,0,0,0,0,0,0,0,0,0.00565884242104517,0,0,0,0,0,0,0,0,0.00565884242104517,0,0,0,0,0,0,0,0,0,0,0.0282942121052258,0,0,0,0,0.00565884242104517,0,0,0.0141471060526129,0,0,0,0,0,0,0,0,0,0,0,0,0,0,0,0,0,0,0,0,0,0,0,0,0,0.0113176848420903,0,0.00282942121052258,0,0,0,0,0,0,0,0,0,0,0,0,0,0,0.00565884242104517,0,0,0,0,0,0,0,0,0,0,0,0,0,0,0,0,0,0,0,0,0,0,0,0,0,0,0,0,0,0,0,0,0,0,0,0,0,0,0,0,0,0,0,0,0,0,0,0,0,0,0,0,0,0,0,0,0.0113176848420903,0,0,0,0,0,0,0,0,0,0,0,0,0,0,0,0,0,0.00282942121052258,0,0,0,0,0,0,0.0141471060526129,0.0113176848420903,0,0,0,0,0,0,0,0,0,0,0,0,0,0,0,0,0,0,0,0,0,0,0,0,0,0,0,0,0,0,0,0,0,0,0,0,0,0.00282942121052258,0,0,0,0,0,0,0,0,0,0,0,0,0,0,0,0,0,0,0,0,0,0,0,0,0,0,0,0,0,0.033953054526271,0.0452707393683613,0.00282942121052258,0,0,0,0,0,0,0,0,0,0,0,0,0,0,0,0,0,0,0,0,0,0,0,0,0,0,0,0,0,0,0,0.00565884242104517,0,0,0,0,0,0,0,0,0,0,0,0,0,0,0,0,0.00282942121052258,0,0,0,0.00565884242104517,0.0113176848420903,0,0,0,0,0,0.00282942121052258,0.00565884242104517,0,0.00282942121052258,0,0,0,0,0,0,0,0,0,0,0,0,0,0,0,0,0,0,0,0,0.0113176848420903,0,0,0,0.0169765272631355,0.0113176848420903,0,0,0,0,0,0,0,0,0,0,0,0,0,0,0,0,0,0,0,0,0,0,0,0,0,0,0,0,0,0,0,0,0,0,0,0,0,0,0,0,0,0,0,0,0,0,0,0,0,0,0,0,0,0,0,0,0,0,0,0,0,0,0,0,0,0,0,0,0,0,0,0,0,0,0,0,0,0,0,0,0,0,0,0.0113176848420903,0,0,0,0,0,0,0,0,0,0,0,0,0,0,0,0,0,0,0,0,0,0,0,0,0,0,0,0,0,0,0,0,0.00848826363156775,0,0,0,0.0396118969473162,0,0.0254647908947033,0,0,0,0.00282942121052258,0,0,0,0,0,0,0,0,0,0,0,0,0,0,0,0,0.0226353696841807,0.00282942121052258,0.0169765272631355,0.0509295817894065,0,0,0,0,0,0,0,0,0,0,0,0,0.00282942121052258,0,0,0,0,0,0,0,0,0,0,0,0,0,0,0,0,0,0,0,0,0.483770880098707,0,0.104346242116524,0,0,0,0,0,0,0,0,0,0,0,0,0,0,0,0,0,0,0,0,0,0,0,0,0,0,0,0,0,0,0,0,0,0,0,0,2.85324493711518,0,0,0,0,0,0,0,0,0,0,0,0,0,0,0,0,0,0,0,0,0,0,0,0,0,0,0,0,0,0,0,0,0,0,0,0,0,0,0,0,0,0,0,0,0,0,0,0,0,0,0,0,0,0,0,0,0,0,0,2.61649773696056,0,0,0,0.0783987013090419,0,0,0,0,0.0299012873815856,0,0,0,0,0,0,0,0,0,0,0,0,0.297836194304449,0,0,0,0,0,0,0,0,0,0,0,0,0,0,0,0,0,0,0,0,0,0,0,0,0,0,0,0,0,0,0,0,0.281988661853712,0,0,0,0,0,0,0,0,0.217401603926528,0,0,0,0,0,0,0,0,0,0,1.67767674105142,0,0,0,0,1.54704449280662,0,0,0.784816834734212,0,0,0,0,0,0,0,0,0,0,0,0,0,0,0,0,0,0,0,0,0,0,0,0,0,0.0292932939123638,0,0.74129646346909,0,0,0,0,0,0,0,0,0,0,0,0,0,0,0.576595335314057,0,0,0,0,0,0,0,0,0,0,0,0,0,0,0,0,0,0,0,0,0,0,0,0,0,0,0,0,0,0,0,0,0,0,0,0,0,0,0,0,0,0,0,0,0,0,0,0,0,0,0,0,0,0,0,0,0.102373268889472,0,0,0,0,0,0,0,0,0,0,0,0,0,0,0,0,0,0.0143632738330968,0,0,0,0,0,0,0.0323912140180625,0.0433512600191428,0,0,0,0,0,0,0,0,0,0,0,0,0,0,0,0,0,0,0,0,0,0,0,0,0,0,0,0,0,0,0,0,0,0,0,0,0,0.00133124451352279,0,0,0,0,0,0,0,0,0,0,0,0,0,0,0,0,0,0,0,0,0,0,0,0,0,0,0,0,0,7.47707987444002,4.0982621970605,0.390594687530355,0,0,0,0,0,0,0,0,0,0,0,0,0,0,0,0,0,0,0,0,0,0,0,0,0,0,0,0,0,0,0,0.0161769482810021,0,0,0,0,0,0,0,0,0,0,0,0,0,0,0,0,0.0708939778508539,0,0,0,0.259254914033066,0.133280697452325,0,0,0,0,0,0.0448203933684347,0.223130310831122,0,0.937922975227514,0,0,0,0,0,0,0,0,0,0,0,0,0,0,0,0,0,0,0,0,0.0576208446545664,0,0,0,0.0676508613687772,0.0125234366871642,0,0,0,0,0,0,0,0,0,0,0,0,0,0,0,0,0,0,0,0,0,0,0,0,0,0,0,0,0,0,0,0,0,0,0,0,0,0,0,0,0,0,0,0,0,0,0,0,0,0,0,0,0,0,0,0,0,0,0,0,0,0,0,0,0,0,0,0,0,0,0,0,0,0,0,0,0,0,0,0,0,0,0,2.25242184952215,0,0,0,0,0,0,0,0,0,0,0,0,0,0,0,0,0,0,0,0,0,0,0,0,0,0,0,0,0,0,0,0,0.128641332989136,0,0,0,0.202135066171555,0,0.103133314146874,0,0,0,0.0813447280340401,0,0,0,0,0,0,0,0,0,0,0,0,0,0,0,0,0.0830838020744723,0.053422584817998,0.176665665079577,0.0911877764413899,0,0,0,0,0,0,0,0,0,0,0,0,0.0818012999522354,0,0,0,84.20530141,111.2627019,126.0024023,112.4947019,86.1957015,88.41510155,98.74430175,93.95430165,94.51460175,94.76730161,118.8919021,"WAK-00176"
"485",6515,"nSPC",2014,"PRIAs","Pacific Remote Island Areas","Wake","Wake",2014,"ForereefShallow","Wake","2014-03-17","Forereef","Shallow",19.31375052,166.59548367,4.75,12.5,0,5,22.5,60,0,0,0,NA,0.23,0.186292622373318,0.75,2,1,3.78406618833467,0.0059129244457501,5.71438777514291,2.62801482692634,12.1323817148497,0,0,0,0,0,0,0,0,0,0,0,0,0,0,0,0,0,0,0.00565884242104517,0,0.0735649514735872,0,0,0,0,0,0,0,0,0,0,0,0,0,0,0,0,0,0,0,0,0,0,0,0,0,0,0,0,0,0,0,0,0,0,0,0,0,0,0,0,0,0,0,0,0,0,0,0,0,0,0,0,0,0,0,0,0,0,0,0,0,0,0,0,0,0,0,0,0,0,0,0,0,0,0,0.00282942121052258,0,0,0,0,0,0,0,0,0,0,0,0,0,0,0,0,0,0,0,0,0.0113176848420903,0,0,0,0.0113176848420903,0,0,0,0,0,0,0,0,0,0,0,0,0,0,0,0,0,0.00848826363156775,0,0,0,0,0,0,0,0,0,0,0,0,0,0,0,0,0,0,0,0,0,0,0,0,0,0,0,0,0,0,0,0,0,0,0,0,0,0,0,0,0,0.0113176848420903,0,0,0,0,0,0,0,0,0,0,0,0,0,0,0,0.00282942121052258,0,0,0.00848826363156775,0,0,0,0,0,0,0,0,0,0,0,0,0,0,0,0,0,0,0,0,0,0,0,0,0,0.0113176848420903,0,0,0,0,0,0,0,0,0,0,0,0,0,0.00565884242104517,0,0,0,0,0,0,0,0,0,0,0,0,0,0,0,0,0,0,0,0,0,0,0,0,0,0,0,0,0,0,0,0,0,0,0,0,0,0,0,0,0,0,0,0,0,0,0,0,0,0,0,0,0,0,0,0,0,0,0,0.0113176848420903,0,0,0,0,0,0,0,0,0,0,0,0,0,0,0,0,0,0,0,0,0,0,0,0,0,0,0,0.033953054526271,0,0,0,0,0,0,0,0,0,0,0,0,0,0,0,0,0,0,0,0,0,0,0,0,0,0,0,0,0,0,0,0,0,0,0,0,0,0,0,0,0,0,0,0,0,0,0,0,0,0,0,0,0,0,0,0,0,0,0,0,0,0,0,0,0,0,0.0396118969473162,0,0,0,0,0,0,0,0,0,0,0,0,0,0,0,0,0,0,0,0,0,0,0,0,0,0,0,0,0,0,0,0,0.00282942121052258,0,0,0,0,0,0,0,0,0,0,0,0,0,0,0,0,0,0,0,0,0,0.0141471060526129,0,0,0,0,0,0.00282942121052258,0.0141471060526129,0,0,0,0,0,0,0,0,0,0,0,0,0,0,0,0,0,0,0,0,0,0,0,0,0,0,0.0226353696841807,0,0,0,0,0,0,0.0254647908947033,0,0,0,0,0,0,0,0,0,0,0,0,0,0,0,0,0,0,0,0,0,0,0,0,0,0,0,0,0,0,0,0,0,0,0,0,0,0,0,0,0,0,0,0,0,0,0,0,0,0,0,0,0,0,0,0,0,0,0,0.00282942121052258,0,0,0,0,0,0,0,0,0,0,0,0,0,0,0,0,0,0,0,0,0,0,0,0,0,0,0,0,0,0,0,0,0,0,0,0,0,0,0,0,0,0,0,0,0,0,0,0,0,0,0,0,0,0,0,0,0,0,0,0,0,0,0,0,0,0,0,0,0,0,0,0,0,0,0,0,0,0.00282942121052258,0,0.0282942121052258,0.0848826363156775,0.00282942121052258,0,0,0,0,0,0,0,0,0,0,0,0,0,0,0,0,0,0,0,0,0,0,0,0,0,0,0,0,0,0,0,0,0.11972088307316,0,0.685700083567515,0,0,0,0,0,0,0,0,0,0,0,0,0,0,0,0,0,0,0,0,0,0,0,0,0,0,0,0,0,0,0,0,0,0,0,0,0,0,0,0,0,0,0,0,0,0,0,0,0,0,0,0,0,0,0,0,0,0,0,0,0,0,0,0,0,0,0,0,0,0,0,0,0,0,0,0.0338899499970972,0,0,0,0,0,0,0,0,0,0,0,0,0,0,0,0,0,0,0,0,2.74095599653888,0,0,0,0.022315846008667,0,0,0,0,0,0,0,0,0,0,0,0,0,0,0,0,0,0.0059129244457501,0,0,0,0,0,0,0,0,0,0,0,0,0,0,0,0,0,0,0,0,0,0,0,0,0,0,0,0,0,0,0,0,0,0,0,0,0,0,0,0,0,0.664464960236359,0,0,0,0,0,0,0,0,0,0,0,0,0,0,0,0.766886358194644,0,0,1.57384397128989,0,0,0,0,0,0,0,0,0,0,0,0,0,0,0,0,0,0,0,0,0,0,0,0,0,0.0235101114815749,0,0,0,0,0,0,0,0,0,0,0,0,0,0.0686605576302738,0,0,0,0,0,0,0,0,0,0,0,0,0,0,0,0,0,0,0,0,0,0,0,0,0,0,0,0,0,0,0,0,0,0,0,0,0,0,0,0,0,0,0,0,0,0,0,0,0,0,0,0,0,0,0,0,0,0,0,0.11369487477081,0,0,0,0,0,0,0,0,0,0,0,0,0,0,0,0,0,0,0,0,0,0,0,0,0,0,0,0.0471328204181436,0,0,0,0,0,0,0,0,0,0,0,0,0,0,0,0,0,0,0,0,0,0,0,0,0,0,0,0,0,0,0,0,0,0,0,0,0,0,0,0,0,0,0,0,0,0,0,0,0,0,0,0,0,0,0,0,0,0,0,0,0,0,0,0,0,0,3.1057698458457,0,0,0,0,0,0,0,0,0,0,0,0,0,0,0,0,0,0,0,0,0,0,0,0,0,0,0,0,0,0,0,0,0.00355467287316401,0,0,0,0,0,0,0,0,0,0,0,0,0,0,0,0,0,0,0,0,0,0.155088176538089,0,0,0,0,0,0.0126222754078381,1.03048791638795,0,0,0,0,0,0,0,0,0,0,0,0,0,0,0,0,0,0,0,0,0,0,0,0,0,0,0.0590561574866879,0,0,0,0,0,0,0.0809765262490312,0,0,0,0,0,0,0,0,0,0,0,0,0,0,0,0,0,0,0,0,0,0,0,0,0,0,0,0,0,0,0,0,0,0,0,0,0,0,0,0,0,0,0,0,0,0,0,0,0,0,0,0,0,0,0,0,0,0,0,0.188549386233282,0,0,0,0,0,0,0,0,0,0,0,0,0,0,0,0,0,0,0,0,0,0,0,0,0,0,0,0,0,0,0,0,0,0,0,0,0,0,0,0,0,0,0,0,0,0,0,0,0,0,0,0,0,0,0,0,0,0,0,0,0,0,0,0,0,0,0,0,0,0,0,0,0,0,0,0,0,0.079077598061538,0,0.174659888383438,0.2054385928768,0.170411340853387,0,0,0,0,0,0,0,0,0,0,0,0,0,0,0,0,0,0,0,0,0,0,0,0,0,0,"WAK-00266"
"486",6516,"nSPC",2014,"PRIAs","Pacific Remote Island Areas","Wake","Wake",2014,"ForereefMid","Wake","2014-03-17","Forereef","Mid",19.30581529,166.59415162,12.2,70,0,5,12.5,11.5,1,0,0,NA,0.3675,0.211467040063849,0.9,2,1,14.9179861142704,2.35267878907037,28.6879475968676,51.0427121708563,97.0013246710646,11.5052392770068,0,0,0,0,0,0.0198059484736581,0,0,0,0,0,0,0,0,0,0,0,0.0424413181578388,0,0,0,0,0,0,0,0,0,0,0,0,0,0,0,0,0,0,0,0,0,0,0,0.00282942121052258,0,0,0,0,0,0,0,0,0,0,0,0,0,0,0,0,0,0,0,0,0,0,0,0,0,0,0,0,0,0,0,0,0,0,0,0,0,0,0,0,0,0,0,0,0,0,0,0,0,0,0,0,0,0,0,0,0,0,0,0,0,0,0,0,0,0,0,0,0,0,0,0,0,0,0.0113176848420903,0,0,0,0.0254647908947033,0,0,0,0,0.00848826363156775,0,0,0,0,0,0,0,0,0,0,0,0,1.07518005999858,0.198059484736581,0,0,0,0,0.00565884242104517,0,0,0,0,0,0,0,0,0,0,0,0,0.00282942121052258,0,0,0,0,0,0,0,0,0,0,0,0,0,0.00565884242104517,0,0.00282942121052258,0,0,0,0,0,0,0.00565884242104517,0,0,0,0.00565884242104517,0,0,0,0,0.0113176848420903,0,0.0198059484736581,0,0,0,0,0.00565884242104517,0,0,0.0141471060526129,0,0,0,0,0,0,0,0,0,0,0,0,0,0,0,0,0,0,0,0,0,0,0,0,0,0,0,0.0141471060526129,0,0,0,0,0,0,0,0,0,0.0282942121052258,0,0,0,0,0.0198059484736581,0,0,0,0,0,0,0,0,0,0,0,0,0,0,0,0,0,0,0,0,0,0,0,0,0,0,0,0,0,0.00282942121052258,0,0,0,0.00282942121052258,0,0,0,0,0,0,0.00282942121052258,0,0,0,0,0,0,0,0,0,0,0,0,0,0,0,0.0113176848420903,0,0,0,0,0,0,0,0,0,0,0,0,0,0,0,0,0,0,0,0,0,0,0,0,0,0.00282942121052258,0,0,0,0,0,0,0,0,0,0,0,0,0,0,0,0,0,0,0,0,0,0,0,0,0,0,0,0,0,0,0,0,0,0,0,0,0,0.0113176848420903,0,0,0,0,0,0,0,0,0,0,0,0,0,0,0,0,0,0,0,0,0,0,0,0,0,0,0,0,0,0,0.0198059484736581,0.0113176848420903,0,0,0,0,0,0,0,0,0,0,0,0,0,0,0,0,0,0,0,0,0,0,0.0226353696841807,0,0,0,0,0,0,0,0,0.00282942121052258,0,0,0,0,0,0,0,0,0,0,0,0,0,0,0,0,0,0,0,0,0,0.0113176848420903,0.0735649514735872,0,0,0,0.0396118969473162,0.00565884242104517,0.00282942121052258,0,0.0282942121052258,0,0.00282942121052258,0,0,0,0,0,0,0,0,0,0,0,0,0,0,0,0,0,0,0.00565884242104517,0,0,0,0,0,0,0,0,0,0,0,0,0,0,0,0,0,0,0,0,0,0,0,0,0,0,0,0,0,0,0,0,0,0,0,0,0,0,0,0,0,0,0,0,0,0.00282942121052258,0,0,0.291430384683826,0,0,0,0,0,0,0,0,0,0,0,0,0,0,0,0,0,0,0,0,0,0,0,0,0,0,0,0,0,0,0,0,0,0,0,0,0,0,0,0.00282942121052258,0,0,0,0,0,0,0.00282942121052258,0,0,0.00848826363156775,0,0,0,0,0,0,0,0,0,0,0,0,0,0,0,0,0,0,0,0,0,0,0,0,0,0,0.0113176848420903,0,0.0452707393683613,0,0,0,0,0,0,0,0,0,0,0,0,0,0,0,0,0,0,0,0,0.0311236333157484,0.00282942121052258,0.00565884242104517,0,0,0,0,0,0,0,0,0,0,0,0,0,0.00282942121052258,0,0,0.0169765272631355,0,0,0,0,0,2.26127343144965,0,0,0,0,0,0,0,0,0,0,0,0.641434614359225,0,0,0,0,0,0,0,0,0,0,0,0,0,0,0,0,0,0,0,0,0,0,0,0.237671381683897,0,0,0,0,0,0,0,0,0,0,0,0,0,0,0,0,0,0,0,0,0,0,0,0,0,0,0,0,0,0,0,0,0,0,0,0,0,0,0,0,0,0,0,0,0,0,0,0,0,0,0,0,0,0,0,0,0,0,0,0,0,0,0,0,0,0,0,0,0,0,0,0,0,0,2.12310568193165,0,0,0,0.13181296433957,0,0,0,0,0.0166549502350164,0,0,0,0,0,0,0,0,0,0,0,0,2.15785242736263,0.103981229486705,0,0,0,0,0.202142052358164,0,0,0,0,0,0,0,0,0,0,0,0,1.95662665135832,0,0,0,0,0,0,0,0,0,0,0,0,0,0.54947018315172,0,2.45666728629526,0,0,0,0,0,0,0.163500585259839,0,0,0,0.119323859908858,0,0,0,0,0.445489247113551,0,2.52556721644908,0,0,0,0,2.10548310269218,0,0,1.47952876321259,0,0,0,0,0,0,0,0,0,0,0,0,0,0,0,0,0,0,0,0,0,0,0,0,0,0,0,6.97109206935874,0,0,0,0,0,0,0,0,0,0.527413049875484,0,0,0,0,0.857786182057249,0,0,0,0,0,0,0,0,0,0,0,0,0,0,0,0,0,0,0,0,0,0,0,0,0,0,0,0,0,0.0987593485969018,0,0,0,0.628414368132465,0,0,0,0,0,0,0.197529653105455,0,0,0,0,0,0,0,0,0,0,0,0,0,0,0,0.309417764732228,0,0,0,0,0,0,0,0,0,0,0,0,0,0,0,0,0,0,0,0,0,0,0,0,0,0.0192672266751746,0,0,0,0,0,0,0,0,0,0,0,0,0,0,0,0,0,0,0,0,0,0,0,0,0,0,0,0,0,0,0,0,0,0,0,0,0,0.019262080996146,0,0,0,0,0,0,0,0,0,0,0,0,0,0,0,0,0,0,0,0,0,0,0,0,0,0,0,0,0,0,1.1221709594438,2.84584921282193,0,0,0,0,0,0,0,0,0,0,0,0,0,0,0,0,0,0,0,0,0,0,7.95786226065203,0,0,0,0,0,0,0,0,0.00713957735872033,0,0,0,0,0,0,0,0,0,0,0,0,0,0,0,0,0,0,0,0,0,0.105675181330692,27.9939354659397,0,0,0,11.4098300367692,0.380796456868947,0.178309917462687,0,6.60561338388422,0,1.72120182870373,0,0,0,0,0,0,0,0,0,0,0,0,0,0,0,0,0,0,0.0600723060508955,0,0,0,0,0,0,0,0,0,0,0,0,0,0,0,0,0,0,0,0,0,0,0,0,0,0,0,0,0,0,0,0,0,0,0,0,0,0,0,0,0,0,0,0,0,0.0181534692942321,0,0,0.090845132221036,0,0,0,0,0,0,0,0,0,0,0,0,0,0,0,0,0,0,0,0,0,0,0,0,0,0,0,0,0,0,0,0,0,0,0,0,0,0,0,1.65786733943665,0,0,0,0,0,0,1.24212157026184,0,0,1.66638921320566,0,0,0,0,0,0,0,0,0,0,0,0,0,0,0,0,0,0,0,0,0,0,0,0,0,0,0.0427774417676633,0,0.183348114038887,0,0,0,0,0,0,0,0,0,0,0,0,0,0,0,0,0,0,0,0,0.254849390247224,0.053422584817998,0.135920867879568,0,0,0,0,0,0,0,0,0,0,0,0,0,0.0818012999522354,0,0,1.8788442884774,59.529601,82.61430141,86.0996016,83.80950141,51.34260085,55.35610098,49.8408009,57.31160103,52.56440091,65.18340112,66.29490116,"WAK-00192"
"487",6521,"nSPC",2014,"PRIAs","Pacific Remote Island Areas","Wake","Wake",2014,"ForereefDeep","Wake","2014-03-18","Forereef","Deep",19.31935508,166.62319601,20.7,10,10,4,1,69,6,0,0,NA,0.4525,0.317409257665128,1.35,2,1,12.3059350467597,2.59987168242349,9.37017633338057,3.55433645904837,27.8303195216122,2.70258941389982,0,0,0,0,0,0,0,0,0,0,0,0,0,0,0,0,0,0.00282942121052258,0,0.0141471060526129,0,0,0,0,0,0.00282942121052258,0,0,0,0,0,0,0,0,0,0,0,0,0,0,0,0,0,0,0,0,0,0,0,0,0,0,0,0,0,0,0.00565884242104517,0,0,0,0,0,0,0,0,0,0,0,0,0.00282942121052258,0,0,0,0,0,0,0,0,0,0,0,0,0,0,0,0,0,0,0,0,0,0,0,0,0,0,0,0,0,0,0,0,0,0,0,0,0,0,0,0,0,0,0,0,0,0,0.00848826363156775,0,0,0,0,0,0,0,0,0.00565884242104517,0,0,0,0,0,0,0,0.00282942121052258,0,0,0,0,0.594178454209743,0.226353696841807,0,0,0,0,0,0,0,0,0,0,0,0,0,0,0,0,0,0,0,0,0,0,0,0,0,0,0,0,0,0,0,0,0,0,0,0,0,0,0,0,0.00565884242104517,0,0,0,0,0,0,0,0,0,0,0.00282942121052258,0,0,0,0,0.00282942121052258,0,0,0.0141471060526129,0,0,0,0,0,0,0,0,0,0,0,0,0,0,0,0,0,0,0,0,0,0,0,0,0,0,0,0,0,0,0,0,0,0,0,0,0,0.0254647908947033,0,0,0,0,0,0,0,0,0,0,0,0,0,0,0,0,0,0,0,0,0,0,0,0,0,0,0,0,0,0,0,0,0.00282942121052258,0.00282942121052258,0,0,0,0,0,0,0.00282942121052258,0,0,0,0,0,0,0,0,0,0,0,0,0,0,0,0,0,0,0,0,0.00282942121052258,0,0,0,0,0,0,0,0,0,0.00282942121052258,0,0,0,0,0,0,0,0,0,0,0,0,0,0,0,0.00282942121052258,0,0,0,0,0,0,0,0,0,0,0,0,0,0,0,0,0,0,0,0,0,0,0,0,0,0,0,0,0,0,0,0,0,0,0,0,0,0.00565884242104517,0,0,0,0,0,0,0,0,0,0,0,0,0,0,0,0,0,0,0,0,0,0,0,0,0,0,0,0,0,0,0.00565884242104517,0,0,0,0,0,0,0,0,0,0,0,0,0,0,0,0,0,0,0,0,0,0,0,0,0,0,0,0,0,0,0,0,0,0,0,0,0,0,0,0,0,0,0,0,0,0,0,0,0,0,0,0,0,0,0.00282942121052258,0,0,0,0,0,0.00565884242104517,0,0,0.00282942121052258,0,0.00282942121052258,0,0,0,0,0,0,0,0,0,0,0,0,0,0,0,0,0,0,0,0,0,0,0,0.00565884242104517,0,0,0,0,0,0,0,0,0,0,0,0,0,0,0,0,0,0,0,0,0,0,0,0,0,0,0,0,0,0,0,0,0,0,0,0,0,0,0,0,0.00848826363156775,0,0,0.481001605788839,0,0,0,0,0,0,0,0,0,0,0,0,0,0,0,0,0,0,0,0,0,0,0,0,0,0,0,0,0,0,0,0,0,0,0,0,0,0,0,0.00282942121052258,0,0,0,0,0,0,0,0,0,0,0,0,0,0,0,0,0,0,0,0,0,0,0,0,0,0,0,0,0,0,0,0,0,0,0,0,0.0113176848420903,0,0,0,0,0,0.00282942121052258,0,0,0,0,0,0,0,0,0,0,0,0,0,0,0,0,0.0113176848420903,0,0,0,0,0,0,0,0,0,0,0,0,0,0,0,0,0,0,0,0,0,0,0,0,0,0,0,0,0,0,0,0,0,0,0,0,0.204366356416305,0,0.610893988776935,0,0,0,0,0,0.0951084475126272,0,0,0,0,0,0,0,0,0,0,0,0,0,0,0,0,0,0,0,0,0,0,0,0,0,0,0,0,0,0,1.30434054268123,0,0,0,0,0,0,0,0,0,0,0,0,1.18355711561132,0,0,0,0,0,0,0,0,0,0,0,0,0,0,0,0,0,0,0,0,0,0,0,0,0,0,0,0,0,0,0,0,0,0,0,0,0,0,0,0,0,0,0,0,0,0,1.53732571316008,0,0,0,0,0,0,0,0,0.0123487502148051,0,0,0,0,0,0,0,0.24841099784805,0,0,0,0,0.602972295332047,0.0903151250398809,0,0,0,0,0,0,0,0,0,0,0,0,0,0,0,0,0,0,0,0,0,0,0,0,0,0,0,0,0,0,0,0,0,0,0,0,0,0,0,0,0.54947018315172,0,0,0,0,0,0,0,0,0,0,2.2203487301264,0,0,0,0,0.267016246208585,0,0,4.35288290852326,0,0,0,0,0,0,0,0,0,0,0,0,0,0,0,0,0,0,0,0,0,0,0,0,0,0,0,0,0,0,0,0,0,0,0,0,0,0.249509006425679,0,0,0,0,0,0,0,0,0,0,0,0,0,0,0,0,0,0,0,0,0,0,0,0,0,0,0,0,0,0,0,0,0.242541013807686,0.94433183072879,0,0,0,0,0,0,5.63474007401179,0,0,0,0,0,0,0,0,0,0,0,0,0,0,0,0,0,0,0,0,0.0190250326598301,0,0,0,0,0,0,0,0,0,2.20797912027838,0,0,0,0,0,0,0,0,0,0,0,0,0,0,0,0.012907536620283,0,0,0,0,0,0,0,0,0,0,0,0,0,0,0,0,0,0,0,0,0,0,0,0,0,0,0,0,0,0,0,0,0,0,0,0,0,0.009631040498073,0,0,0,0,0,0,0,0,0,0,0,0,0,0,0,0,0,0,0,0,0,0,0,0,0,0,0,0,0,0,1.1648575987934,0,0,0,0,0,0,0,0,0,0,0,0,0,0,0,0,0,0,0,0,0,0,0,0,0,0,0,0,0,0,0,0,0,0,0,0,0,0,0,0,0,0,0,0,0,0,0,0,0,0,0,0,0,0,0.0448203933684347,0,0,0,0,0,0.186265754243741,0,0,0.740718469869592,0,0.13689078274066,0,0,0,0,0,0,0,0,0,0,0,0,0,0,0,0,0,0,0,0,0,0,0,0.0240583026581916,0,0,0,0,0,0,0,0,0,0,0,0,0,0,0,0,0,0,0,0,0,0,0,0,0,0,0,0,0,0,0,0,0,0,0,0,0,0,0,0,0.0694416897758179,0,0,1.81147581453894,0,0,0,0,0,0,0,0,0,0,0,0,0,0,0,0,0,0,0,0,0,0,0,0,0,0,0,0,0,0,0,0,0,0,0,0,0,0,0,0.482240683773416,0,0,0,0,0,0,0,0,0,0,0,0,0,0,0,0,0,0,0,0,0,0,0,0,0,0,0,0,0,0,0,0,0,0,0,0,0.0727283103303679,0,0,0,0,0,0.250329080411291,0,0,0,0,0,0,0,0,0,0,0,0,0,0,0,0,0.24647058547457,0,0,0,0,0,0,0,0,0,0,0,0,0,0,0,0,0,0,0,177.281503,199.7693035,214.3917038,175.260903,197.4307034,174.087303,195.1182033,176.945803,199.8419036,164.8464028,186.3660032,"WAK-00205"
"488",6522,"nSPC",2014,"PRIAs","Pacific Remote Island Areas","Wake","Wake",2014,"ForereefMid","Wake","2014-03-18","Forereef","Mid",19.3129959,166.6501807,16,15,2,2,1.5,78.5,1,0,0,NA,0.355,0.214593659254585,0.95,2,1,13.2912274557777,3.50392239286372,155.406227894852,5.08354260857672,177.28492035207,3.97458061182394,0,0,0,0,0,0,0,0,0,0,0,0,0,0,0,0,0,0.00848826363156775,0,0.00565884242104517,0,0.00282942121052258,0,0,0,0,0.0848826363156775,0,0,0,0,0,0,0,0,0,0,0,0,0,0,0,0,0,0,0,0,0,0,0,0,0,0,0,0,0,0,0,0,0,0,0,0,0,0,0,0,0,0,0,0,0,0,0,0,0,0,0,0,0,0,0,0,0,0,0,0,0,0,0,0,0,0,0,0,0,0,0,0,0,0,0,0,0,0,0,0,0,0,0,0,0,0,0,0,0,0.00848826363156775,0,0,0,0.00848826363156775,0,0,0,0,0.00565884242104517,0,0,0,0,0,0,0,0,0,0,0,0,1.30153375684039,0.00282942121052258,0,0,0,0,0.00565884242104517,0,0,0,0,0,0,0,0,0,0.00565884242104517,0,0,0.00282942121052258,0,0,0,0,0,0,0,0,0,0,0,0,0,0,0,0,0,0,0,0,0,0,0.00282942121052258,0,0,0,0.00565884242104517,0,0,0.0113176848420903,0,0,0,0,0,0,0,0,0,0,0,0.33953054526271,0,0,0,0,0,0,0,0,0,0,0,0,0,0,0,0,0,0,0,0,0,0,0,0,0,0,0,0.00282942121052258,0,0,0,0,0,0,0,0,0,0.00848826363156775,0,0.00282942121052258,0,0,0,0,0,0,0,0,0,0,0,0,0,0,0,0,0,0,0,0,0,0,0,0,0,0,0,0,0,0,0,0,0.00282942121052258,0,0,0,0,0,0,0,0,0,0,0,0,0,0,0,0,0,0,0,0,0,0,0,0,0,0,0.00282942121052258,0,0,0,0,0,0,0,0,0,0.00282942121052258,0,0,0,0,0,0,0,0,0,0,0,0,0,0,0,0.0198059484736581,0,0,0,0,0,0,0,0,0,0,0,0,0,0,0,0,0,0,0,0,0,0,0,0,0,0,0,0,0,0,0,0,0,0,0,0,0,0,0,0,0,0,0,0,0,0,0,0,0,0,0,0,0,0,0,0,0,0,0,0,0,0,0,0,0,0,0,0.00848826363156775,0.0198059484736581,0,0,0,0,0,0,0,0,0,0,0,0,0,0,0,0,0,0,0,0,0,0,0,0.0311236333157484,0,0,0,0,0,0,0,0,0.00282942121052258,0,0,0,0.00565884242104517,0,0,0,0,0,0,0,0,0,0,0,0,0,0,0,0,0.00282942121052258,0.0113176848420903,0,0,0,0,0,0,0.00282942121052258,0,0.00282942121052258,0,0,0,0,0,0,0,0,0,0,0,0,0,0,0,0,0,0,0,0,0,0,0,0,0,0.0141471060526129,0,0,0,0,0,0,0,0,0,0,0,0,0,0,0,0,0,0,0,0,0,0,0,0,0,0,0,0,0,0,0,0,0,0,0,0,0,0,0,0,0.00282942121052258,0,0,0,0,0,0,0,0,0,0,0,0,0,0,0,0,0,0,0,0,0,0,0,0,0,0,0,0,0,0,0,0,0,0,0,0,0,0,0,0,0,0,0.00282942121052258,0,0,0,0,0,0,0,0,0,0,0,0,0,0,0,0,0,0,0,0,0,0,0,0,0,0,0,0,0,0,0,0,0,0,0,0,0.0565884242104517,0,0,0,0,0,0.00848826363156775,0,0,0,0,0,0,0,0,0,0,0,0,0,0,0,0,0.0282942121052258,0,0,0,0,0,0,0,0,0,0,0,0,0,0,0,0.00848826363156775,0,0,0,0,0,0,0,0,0,0,0,0,0,0,0,0,0,0,0,0,0.17958132460974,0,1.21113562969325,0,0.864788240585189,0,0,0,0,5.76162391960688,0,0,0,0,0,0,0,0,0,0,0,0,0,0,0,0,0,0,0,0,0,0,0,0,0,0,0,0,0,0,0,0,0,0,0,0,0,0,0,0,0,0,0,0,0,0,0,0,0,0,0,0,0,0,0,0,0,0,0,0,0,0,0,0,0,0,0,0,0,0,0,0,0,0,0,0,0,0,0,0,0,0,0,0,0,0,0,0,0,2.06050823017747,0,0,0,0.0220110696548721,0,0,0,0,0.0123487502148051,0,0,0,0,0,0,0,0,0,0,0,0,1.76657742700188,0.000633790351157059,0,0,0,0,0.202142052358164,0,0,0,0,0,0,0,0,0,0.506568654095534,0,0,1.95662665135832,0,0,0,0,0,0,0,0,0,0,0,0,0,0,0,0,0,0,0,0,0,0,0.649259761600981,0,0,0,0.0839086681378492,0,0,0.49939026578024,0,0,0,0,0,0,0,0,0,0,0,129.130354032808,0,0,0,0,0,0,0,0,0,0,0,0,0,0,0,0,0,0,0,0,0,0,0,0,0,0,0,0.649849537253506,0,0,0,0,0,0,0,0,0,0.113743731539245,0,0.380456733928957,0,0,0,0,0,0,0,0,0,0,0,0,0,0,0,0,0,0,0,0,0,0,0,0,0,0,0,0,0,0,0,0,0.372388196362932,0,0,0,0,0,0,0,0,0,0,0,0,0,0,0,0,0,0,0,0,0,0,0,0,0,0,0.104031106789106,0,0,0,0,0,0,0,0,0,10.4280538430511,0,0,0,0,0,0,0,0,0,0,0,0,0,0,0,0.0342444849109548,0,0,0,0,0,0,0,0,0,0,0,0,0,0,0,0,0,0,0,0,0,0,0,0,0,0,0,0,0,0,0,0,0,0,0,0,0,0,0,0,0,0,0,0,0,0,0,0,0,0,0,0,0,0,0,0,0,0,0,0,0,0,0,0,0,0,0,1.72558815484787,4.23802625038079,0,0,0,0,0,0,0,0,0,0,0,0,0,0,0,0,0,0,0,0,0,0,0,8.32073404530557,0,0,0,0,0,0,0,0,0.00355467287316401,0,0,0,0.0111230206628064,0,0,0,0,0,0,0,0,0,0,0,0,0,0,0,0,0.581447841297754,0.0814319563560279,0,0,0,0,0,0,0.221217541251428,0,0.653547673221794,0,0,0,0,0,0,0,0,0,0,0,0,0,0,0,0,0,0,0,0,0,0,0,0,0,0.0681567601216016,0,0,0,0,0,0,0,0,0,0,0,0,0,0,0,0,0,0,0,0,0,0,0,0,0,0,0,0,0,0,0,0,0,0,0,0,0,0,0,0,0.0111597761375627,0,0,0,0,0,0,0,0,0,0,0,0,0,0,0,0,0,0,0,0,0,0,0,0,0,0,0,0,0,0,0,0,0,0,0,0,0,0,0,0,0,0,2.01795396046562,0,0,0,0,0,0,0,0,0,0,0,0,0,0,0,0,0,0,0,0,0,0,0,0,0,0,0,0,0,0,0,0,0,0,0,0,0.245944406711441,0,0,0,0,0,1.04464720983159,0,0,0,0,0,0,0,0,0,0,0,0,0,0,0,0,0.119261832745708,0,0,0,0,0,0,0,0,0,0,0,0,0,0,0,0.95089914798903,0,0,0,201.8040034,216.6568039,223.408204,197.0941033,209.2476036,191.2000033,205.9771035,190.5230033,211.3611038,185.0166032,195.9963034,"WAK-00189"
"489",6523,"nSPC",2014,"PRIAs","Pacific Remote Island Areas","Wake","Wake",2014,"ForereefShallow","Wake","2014-03-18","Forereef","Shallow",19.31317577,166.64787593,5.5,12.5,0,2.5,10,75,0,0,0,NA,0.13625,0.0924373429638328,0.5,2,1,2.36612920381843,0.054749300423612,24.6702649714744,1.55121398121182,28.6423574569282,0,0,0,0,0,0,0,0,0,0,0,0,0,0,0,0,0,0,0,0,0.0848826363156775,0,0,0,0,0,0,0,0,0,0,0,0,0,0,0,0,0,0,0,0,0,0,0,0,0,0,0,0,0,0,0,0,0,0,0,0,0,0,0,0,0,0,0,0,0,0,0,0,0,0,0,0,0,0,0,0,0,0,0,0,0,0,0,0,0,0,0,0,0,0,0,0,0,0,0,0,0,0,0,0,0,0,0,0,0,0,0,0,0,0,0,0,0,0,0,0,0.00565884242104517,0,0,0,0.00848826363156775,0,0,0,0,0,0,0,0,0,0,0,0,0,0,0,0,0,0,0,0,0,0,0,0,0,0,0,0,0,0,0,0,0,0,0,0,0,0,0,0,0,0,0,0,0,0,0,0,0,0,0,0,0,0,0,0,0,0,0,0.00848826363156775,0,0,0,0,0,0,0,0,0,0,0,0,0,0,0,0,0,0,0.0565884242104517,0,0,0,0.0169765272631355,0,0,0,0,0,0,0,0,0,0,0,0,0,0,0,0,0,0,0,0,0,0,0,0,0,0,0,0,0,0,0,0,0,0,0,0,0,0,0,0,0,0,0,0,0,0,0,0,0,0,0,0,0,0,0,0,0,0,0,0,0,0,0,0,0,0,0,0,0,0,0,0,0,0,0,0,0,0,0,0,0,0,0,0,0,0,0,0,0,0,0,0,0,0,0,0.00565884242104517,0,0,0,0,0,0,0,0,0,0,0,0,0,0,0,0,0,0,0,0,0,0,0,0,0,0,0,0,0,0,0,0,0,0,0,0,0,0,0,0,0,0,0,0,0,0,0,0,0,0,0,0,0,0,0,0,0,0,0,0,0,0,0,0,0,0,0,0,0,0,0,0,0,0,0,0,0,0,0,0,0,0,0,0,0,0,0,0,0,0,0,0,0,0,0.00848826363156775,0,0,0,0,0,0,0,0,0,0,0,0,0,0,0,0,0,0,0,0,0,0,0,0,0,0,0,0,0,0,0,0,0,0,0,0,0,0,0,0,0,0,0,0,0,0,0,0,0,0,0,0,0,0,0.00848826363156775,0,0,0,0,0,0,0,0,0,0,0,0,0,0,0,0,0,0,0,0,0,0,0,0,0,0,0,0,0,0.00282942121052258,0,0,0,0.0254647908947033,0,0,0,0,0,0,0.00282942121052258,0,0,0,0,0,0,0,0,0,0,0,0,0,0,0,0,0,0,0,0,0,0,0,0,0,0,0,0,0,0,0,0,0,0,0,0,0,0,0,0,0,0,0,0,0,0,0,0,0,0,0,0,0,0,0,0,0,0,0,0.00282942121052258,0,0,0,0,0,0,0,0,0,0,0,0,0,0,0,0,0,0,0,0,0,0,0,0,0,0,0,0,0,0,0,0,0,0,0,0,0,0,0,0,0,0,0,0,0,0,0,0,0,0,0,0,0,0,0,0,0,0,0,0,0,0,0,0,0,0,0,0,0,0,0,0,0,0,0,0,0,0.00282942121052258,0,0.0933708999472453,0,0,0,0,0,0,0,0,0,0,0,0,0,0,0,0,0,0,0,0,0,0,0,0,0,0,0,0,0,0,0,0,0,0,0,0,1.35916921381895,0,0,0,0,0,0,0,0,0,0,0,0,0,0,0,0,0,0,0,0,0,0,0,0,0,0,0,0,0,0,0,0,0,0,0,0,0,0,0,0,0,0,0,0,0,0,0,0,0,0,0,0,0,0,0,0,0,0,0,0,0,0,0,0,0,0,0,0,0,0,0,0,0,0,0,0,0,0,0,0,0,0,0,0,0,0,0,0,0,0,0,0,0,0,0,0,2.36612920381843,0,0,0,0.064007445862519,0,0,0,0,0,0,0,0,0,0,0,0,0,0,0,0,0,0,0,0,0,0,0,0,0,0,0,0,0,0,0,0,0,0,0,0,0,0,0,0,0,0,0,0,0,0,0,0,0,0,0,0,0,0,0,0,0,0,0,0.728581475565825,0,0,0,0,0,0,0,0,0,0,0,0,0,0,0,0,0,0,22.4309963007188,0,0,0,0.054749300423612,0,0,0,0,0,0,0,0,0,0,0,0,0,0,0,0,0,0,0,0,0,0,0,0,0,0,0,0,0,0,0,0,0,0,0,0,0,0,0,0,0,0,0,0,0,0,0,0,0,0,0,0,0,0,0,0,0,0,0,0,0,0,0,0,0,0,0,0,0,0,0,0,0,0,0,0,0,0,0,0,0,0,0,0,0,0,0,0,0,0,0,0,0,0,0,0.0695461558911918,0,0,0,0,0,0,0,0,0,0,0,0,0,0,0,0,0,0,0,0,0,0,0,0,0,0,0,0,0,0,0,0,0,0,0,0,0,0,0,0,0,0,0,0,0,0,0,0,0,0,0,0,0,0,0,0,0,0,0,0,0,0,0,0,0,0,0,0,0,0,0,0,0,0,0,0,0,0,0,0,0,0,0,0,0,0,0,0,0,0,0,0,0,0,0.808871092235275,0,0,0,0,0,0,0,0,0,0,0,0,0,0,0,0,0,0,0,0,0,0,0,0,0,0,0,0,0,0,0,0,0,0,0,0,0,0,0,0,0,0,0,0,0,0,0,0,0,0,0,0,0,0,0.0613038441197733,0,0,0,0,0,0,0,0,0,0,0,0,0,0,0,0,0,0,0,0,0,0,0,0,0,0,0,0,0,0.0144052111636416,0,0,0,0.0394285864129245,0,0,0,0,0,0,0.00722091883879172,0,0,0,0,0,0,0,0,0,0,0,0,0,0,0,0,0,0,0,0,0,0,0,0,0,0,0,0,0,0,0,0,0,0,0,0,0,0,0,0,0,0,0,0,0,0,0,0,0,0,0,0,0,0,0,0,0,0,0,0.104588944139853,0,0,0,0,0,0,0,0,0,0,0,0,0,0,0,0,0,0,0,0,0,0,0,0,0,0,0,0,0,0,0,0,0,0,0,0,0,0,0,0,0,0,0,0,0,0,0,0,0,0,0,0,0,0,0,0,0,0,0,0,0,0,0,0,0,0,0,0,0,0,0,0,0,0,0,0,0,0.0284153129042111,0,0.504944451014402,0,0,0,0,0,0,0,0,0,0,0,0,0,0,0,0,0,195.0585033,216.1646039,218.3794039,194.6384033,206.9982035,187.4684032,202.0302035,185.7887032,208.4365037,178.146803,194.8483034,"WAK-00278"
"490",6524,"nSPC",2014,"PRIAs","Pacific Remote Island Areas","Wake","Wake",2014,"ForereefMid","Wake","2014-03-18","Forereef","Mid",19.31613777,166.64010214,16,32.5,6.5,0.5,0,57.5,3,0,0,NA,0.4725,0.369410392050653,1.4,2,1,6.9914686491601,3.992912978814,11.2935788063372,8.95098197449785,31.2289424088091,5.74288143485374,0,0,0,0,0,0,0,0,0,0,0,0,0,0,0,0,0,0.0226353696841807,0,0.0282942121052258,0,0,0,0,0,0,0,0,0,0,0,0,0,0,0,0,0,0,0,0,0,0.00282942121052258,0,0,0,0,0,0,0,0,0,0,0,0,0,0,0.00848826363156775,0,0,0,0,0,0,0,0,0,0,0,0,0,0,0,0,0,0,0,0,0,0,0,0,0,0,0,0,0,0,0,0,0,0,0,0,0,0,0,0,0,0,0,0,0,0,0,0,0,0,0,0,0,0,0,0,0,0,0,0.00565884242104517,0,0,0,0.0141471060526129,0,0,0,0,0.0424413181578388,0,0,0,0,0,0,0,0,0,0,0,0,0.311236333157484,0.116006269631426,0,0,0,0,0,0,0,0,0,0,0,0,0,0,0,0,0,0,0,0,0,0,0,0,0,0,0,0,0,0,0,0.00848826363156775,0,0,0,0,0,0,0,0,0.00565884242104517,0,0,0,0.0113176848420903,0,0,0.00282942121052258,0,0,0,0,0,0,0,0,0.00282942121052258,0,0,0.0113176848420903,0,0,0,0.226353696841807,0,0,0,0,0,0,0,0,0,0,0,0,0,0,0,0,0,0,0,0,0,0.00282942121052258,0,0.00282942121052258,0,0,0,0,0,0,0,0,0,0.0311236333157484,0,0,0,0,0.0198059484736581,0,0,0,0,0,0,0,0,0,0,0,0,0,0,0,0,0,0,0,0,0,0,0,0,0,0,0,0,0.00282942121052258,0,0,0,0,0,0,0,0,0,0,0,0,0.00282942121052258,0,0,0,0,0,0,0,0,0,0,0,0,0,0,0.00282942121052258,0,0,0,0,0,0,0,0,0,0,0,0,0,0,0,0,0,0,0,0,0,0,0,0,0,0.0113176848420903,0,0,0,0,0,0,0,0,0.00282942121052258,0,0,0,0,0,0,0,0,0,0,0,0,0,0,0,0,0,0,0,0,0,0,0,0,0,0,0,0,0.00848826363156775,0,0,0,0,0,0,0,0,0,0,0,0,0,0.00282942121052258,0,0,0.00282942121052258,0,0,0,0,0,0,0,0,0,0,0,0,0.0113176848420903,0.00282942121052258,0,0,0,0,0,0,0,0,0,0,0,0,0,0,0,0,0,0,0,0,0,0,0,0.00848826363156775,0,0,0,0,0,0,0,0,0,0,0,0,0,0,0,0,0,0,0,0,0,0,0,0,0,0,0,0,0,0.00282942121052258,0.0113176848420903,0,0,0,0,0.00282942121052258,0.00282942121052258,0.00282942121052258,0,0.0113176848420903,0,0.00282942121052258,0,0,0,0,0,0,0,0,0,0,0,0,0,0,0,0,0,0,0,0,0,0,0,0.0226353696841807,0,0,0,0,0,0,0,0,0,0,0,0,0,0,0,0,0,0,0,0,0,0,0,0,0,0,0,0,0,0,0,0,0,0,0,0,0,0,0,0,0.00282942121052258,0,0,0.0848826363156775,0,0,0,0,0,0,0,0,0,0,0,0,0,0,0,0,0,0,0,0,0,0,0,0,0,0,0,0,0,0,0.00282942121052258,0.00282942121052258,0,0,0,0,0,0,0,0.00848826363156775,0,0,0,0,0,0,0,0,0,0,0,0,0,0,0,0,0,0,0,0,0,0,0,0,0,0,0,0,0,0,0,0,0,0,0,0,0.0452707393683613,0,0,0,0,0,0,0,0,0,0,0,0,0,0,0,0,0,0,0,0,0,0,0.0198059484736581,0,0,0,0,0,0,0,0,0,0,0,0,0,0,0,0.00565884242104517,0,0,0,0,0,0,0,0,0,0,0,0,0,0,0,0,0,0,0,0,0.172795845276658,0,0.299503099825562,0,0,0,0,0,0,0,0,0,0,0,0,0,0,0,0,0,0,0,0,0,0.145959937276623,0,0,0,0,0,0,0,0,0,0,0,0,0,0,1.28559421245091,0,0,0,0,0,0,0,0,0,0,0,0,0,0,0,0,0,0,0,0,0,0,0,0,0,0,0,0,0,0,0,0,0,0,0,0,0,0,0,0,0,0,0,0,0,0,0,0,0,0,0,0,0,0,0,0,0,0,0,1.4151417216606,0,0,0,0.0455688703928251,0,0,0,0,0.0720657006519339,0,0,0,0,0,0,0,0,0,0,0,0,0.405874813807044,0.0356309013041109,0,0,0,0,0,0,0,0,0,0,0,0,0,0,0,0,0,0,0,0,0,0,0,0,0,0,0,0,0,0,0,0.824205274727579,0,0,0,0,0,0,0,0,0.383435893539124,0,0,0,0.0768779829655815,0,0,0.0817502926299197,0,0,0,0,0,0,0,0,0.43901399551134,0,0,1.95039075990979,0,0,0,0.373755224225191,0,0,0,0,0,0,0,0,0,0,0,0,0,0,0,0,0,0,0,0,0,0.00587752787039371,0,0.649849537253506,0,0,0,0,0,0,0,0,0,0.272141514179909,0,0,0,0,0.87387416798108,0,0,0,0,0,0,0,0,0,0,0,0,0,0,0,0,0,0,0,0,0,0,0,0,0,0,0,0,0.67222606699131,0,0,0,0,0,0,0,0,0,0,0,0,1.24609366782384,0,0,0,0,0,0,0,0,0,0,0,0,0,0,0.0132614543853153,0,0,0,0,0,0,0,0,0,0,0,0,0,0,0,0,0,0,0,0,0,0,0,0,0,0.0420717957477445,0,0,0,0,0,0,0,0,0.163292971612285,0,0,0,0,0,0,0,0,0,0,0,0,0,0,0,0,0,0,0,0,0,0,0,0,0,0,0,0,0.0396539515564697,0,0,0,0,0,0,0,0,0,0,0,0,0,0.28577184477621,0,0,0.697642854997493,0,0,0,0,0,0,0,0,0,0,0,0,2.76087150455677,0.248286972602325,0,0,0,0,0,0,0,0,0,0,0,0,0,0,0,0,0,0,0,0,0,0,0,1.04629426847063,0,0,0,0,0,0,0,0,0,0,0,0,0,0,0,0,0,0,0,0,0,0,0,0,0,0,0,0,0,0.161287619329327,0.176050385856846,0,0,0,0,0.770182034726058,0.110140412162358,0.633160059018199,0,3.34161275709402,0,0.468203291434068,0,0,0,0,0,0,0,0,0,0,0,0,0,0,0,0,0,0,0,0,0,0,0,0.0748427980205268,0,0,0,0,0,0,0,0,0,0,0,0,0,0,0,0,0,0,0,0,0,0,0,0,0,0,0,0,0,0,0,0,0,0,0,0,0,0,0,0,0.0181534692942321,0,0,0.416780534920882,0,0,0,0,0,0,0,0,0,0,0,0,0,0,0,0,0,0,0,0,0,0,0,0,0,0,0,0,0,0,1.01240940190879,0.529667650609828,0,0,0,0,0,0,0,5.74288143485374,0,0,0,0,0,0,0,0,0,0,0,0,0,0,0,0,0,0,0,0,0,0,0,0,0,0,0,0,0,0,0,0,0,0,0,0,0.326313518436181,0,0,0,0,0,0,0,0,0,0,0,0,0,0,0,0,0,0,0,0,0,0,0.18489728829784,0,0,0,0,0,0,0,0,0,0,0,0,0,0,0,0.237585125886171,0,0,0,195.6729033,216.1792039,218.7703039,194.8240033,207.1477035,188.5683032,202.4419035,186.2506032,209.1536037,179.0488031,194.9673034,"WAK-00180"
"491",6525,"nSPC",2014,"PRIAs","Pacific Remote Island Areas","Wake","Wake",2014,"ForereefDeep","Wake","2014-03-18","Forereef","Deep",19.31455996,166.64688,25,22.5,15,4,11,45,2.5,0,0,NA,0.77,0.51853758955817,2.1,2,1,5.52496352034255,13.7731368983338,46.6690216373454,7.08293125718462,73.0500533132064,5.42366610590103,0,0,0,0,0,0,0,0,0,0,0,0,0,0,0,0,0,0,0,0.00282942121052258,0,0,0,0,0,0,0,0,0,0,0,0,0,0,0,0,0,0,0,0,0,0,0,0,0,0,0,0,0,0,0,0,0,0,0,0,0,0,0,0,0,0,0,0,0,0,0,0,0,0.00282942121052258,0,0,0,0,0,0,0,0,0,0,0,0,0,0,0,0,0,0,0,0,0,0,0,0,0,0,0,0,0,0,0.00282942121052258,0,0,0,0,0,0,0,0,0,0,0,0,0,0,0,0.00848826363156775,0,0,0,0.0113176848420903,0,0,0,0,0.0141471060526129,0,0,0,0,0,0,0,0,0,0,0.00565884242104517,0,2.03718327157626,0.141471060526129,0,0,0,0,0.00565884242104517,0,0,0,0,0,0,0,0,0,0,0,0,0,0,0,0,0,0,0,0,0,0,0,0,0,0,0.00565884242104517,0,0,0,0,0,0,0,0,0,0,0,0,0.00565884242104517,0,0,0.00282942121052258,0,0,0,0,0,0,0,0,0,0,0,0.16410643021031,0,0,0,0,0,0,0,0,0,0,0,0,0,0,0,0,0,0,0,0,0,0,0,0,0,0,0,0,0,0,0,0,0,0,0,0,0,0,0,0,0,0.00848826363156775,0,0,0,0,0,0,0,0,0,0,0,0,0,0,0,0,0,0,0,0,0,0,0,0,0,0,0,0,0.00282942121052258,0,0,0,0,0,0,0,0,0,0,0,0,0,0,0,0,0,0,0,0,0,0,0,0,0,0,0,0,0,0,0,0,0,0,0,0,0,0,0,0,0,0,0,0,0,0,0.00282942121052258,0,0,0,0,0,0,0,0,0,0.033953054526271,0,0,0,0,0,0,0,0,0,0,0,0,0,0,0,0,0,0,0,0,0,0,0,0,0,0,0,0,0,0,0,0,0,0,0,0.0113176848420903,0,0,0,0,0,0,0,0,0,0,0,0,0,0,0,0,0.00565884242104517,0,0,0,0,0,0,0,0,0,0,0,0,0.0848826363156775,0.00282942121052258,0.00282942121052258,0,0,0,0,0,0,0,0,0,0,0,0,0,0,0,0,0,0,0,0,0,0.00565884242104517,0.00565884242104517,0,0,0,0,0,0,0,0,0,0,0,0,0,0,0,0,0,0,0,0,0,0,0,0,0,0,0,0,0,0.00282942121052258,0,0,0,0,0,0,0.00282942121052258,0.00848826363156775,0,0,0,0,0,0,0,0,0,0,0,0,0,0,0,0,0,0,0,0,0,0,0,0,0,0,0,0.0169765272631355,0,0,0,0,0,0,0,0,0,0,0,0,0,0,0,0,0,0,0,0,0,0,0,0,0,0.00282942121052258,0,0,0,0,0,0,0,0,0,0,0,0,0,0,0.0141471060526129,0,0,0.0254647908947033,0,0.00565884242104517,0,0,0,0,0,0,0,0,0,0,0,0,0,0,0,0,0,0,0,0,0,0,0,0,0,0,0,0,0.00282942121052258,0.00282942121052258,0,0,0,0,0,0,0,0.00565884242104517,0,0,0,0,0,0,0,0,0,0,0,0,0,0,0,0,0,0,0,0,0,0,0,0,0,0,0,0,0,0,0,0,0,0,0,0,0,0,0.0198059484736581,0,0,0,0,0,0,0,0,0,0,0,0,0,0,0,0,0,0,0,0,0.0226353696841807,0,0,0,0,0,0,0,0,0,0,0,0,0,0.0198059484736581,0,0,0,0,0,0,0,0,0,0,0,0,0,0,0,0,0,0,0,0,0,0,0,0,0.140457447755596,0,0,0,0,0,0,0,0,0,0,0,0,0,0,0,0,0,0,0,0,0,0,0,0,0,0,0,0,0,0,0,0,0,0,0,0,0,0,0,0,0,0,0,0,0,0,0,0,0,2.85206818205931,0,0,0,0,0,0,0,0,0,0,0,0,0,0,0,0,0,0,0,0,0,0,0,0,0,0,0,0,0,0,0.313066809210036,0,0,0,0,0,0,0,0,0,0,0,0,0,0,0,3.02654432481491,0,0,0,0.0209611502552276,0,0,0,0,0.0228856958544956,0,0,0,0,0,0,0,0,0,0,0.567342329014124,0,1.51254067303632,0.0304021309070652,0,0,0,0,0.258569180286672,0,0,0,0,0,0,0,0,0,0,0,0,0,0,0,0,0,0,0,0,0,0,0,0,0,0,0.447063356309831,0,0,0,0,0,0,0,0,0,0,0,0,0.0205868613468296,0,0,0.140994330926856,0,0,0,0,0,0,0,0,0,0,0,37.7498273926094,0,0,0,0,0,0,0,0,0,0,0,0,0,0,0,0,0,0,0,0,0,0,0,0,0,0,0,0,0,0,0,0,0,0,0,0,0,0,0,0,0,0.0394033577165279,0,0,0,0,0,0,0,0,0,0,0,0,0,0,0,0,0,0,0,0,0,0,0,0,0,0,0,0,0.334010284138542,0,0,0,0,0,0,0,0,0,0,0,0,0,0,0,0,0,0,0,0,0,0,0,0,0,0,0,0,0,0,0,0,0,0,0,0,0,0,0,0,0,0,0,0,0,0,0.0090450937257986,0,0,0,0,0,0,0,0,0,0.0588138340995244,0,0,0,0,0,0,0,0,0,0,0,0,0,0,0,0,0,0,0,0,0,0,0,0,0,0,0,0,0,0,0,0,0,0,0,0.0115491988608247,0,0,0,0,0,0,0,0,0,0,0,0,0,0,0,0,1.09444632997676,0,0,0,0,0,0,0,0,0,0,0,0,5.0093303894944,0.474639722654202,2.11954779428196,0,0,0,0,0,0,0,0,0,0,0,0,0,0,0,0,0,0,0,0,0,4.48405346024899,2.75295264191503,0,0,0,0,0,0,0,0,0,0,0,0,0,0,0,0,0,0,0,0,0,0,0,0,0,0,0,0,0,0.278705006201077,0,0,0,0,0,0,0.0204346147065911,0.203480631490542,0,0,0,0,0,0,0,0,0,0,0,0,0,0,0,0,0,0,0,0,0,0,0,0,0,0,0,0.025886533039236,0,0,0,0,0,0,0,0,0,0,0,0,0,0,0,0,0,0,0,0,0,0,0,0,0,0.0617486313522985,0,0,0,0,0,0,0,0,0,0,0,0,0,0,0.0670139334552824,0,0,0.031312808417884,0,0.00620709850463286,0,0,0,0,0,0,0,0,0,0,0,0,0,0,0,0,0,0,0,0,0,0,0,0,0,0,0,0,0.397072590429004,0.223453540101021,0,0,0,0,0,0,0,5.42366610590103,0,0,0,0,0,0,0,0,0,0,0,0,0,0,0,0,0,0,0,0,0,0,0,0,0,0,0,0,0,0,0,0,0,0,0,0,0,0,0.0442281226838748,0,0,0,0,0,0,0,0,0,0,0,0,0,0,0,0,0,0,0,0,0.0702442891955077,0,0,0,0,0,0,0,0,0,0,0,0,0,2.70549743622916,0,0,0,0,0,200.1174034,216.6381039,222.699704,196.5622033,208.4754036,191.1125033,204.4009035,188.3803033,211.3611038,184.1108031,196.0894034,"WAK-00166"
"492",6526,"nSPC",2014,"PRIAs","Pacific Remote Island Areas","Wake","Wake",2014,"ForereefShallow","Wake","2014-03-18","Forereef","Shallow",19.31512146,166.64190257,6,9,0,20,15,56,0,0,0,NA,0.255,0.181253070655507,0.75,2,1,0.721564284792968,7.9374077327328,9.64888983787671,3.71428848253496,22.0221503379374,1.53622035520081,0,0,0,0,0,0,0,0,0,0,0,0,0,0,0,0,0,0.121665112052471,0,0.033953054526271,0,0,0,0,0,0,0.00282942121052258,0,0,0,0,0,0,0,0,0,0,0,0,0,0,0,0,0,0,0,0,0,0,0,0,0,0,0,0,0,0,0,0,0,0,0,0,0,0,0,0,0,0,0,0,0,0,0,0,0,0,0,0,0,0,0,0,0,0,0,0,0,0,0,0,0,0,0,0,0,0,0,0,0,0,0,0,0,0,0,0,0,0,0,0,0,0,0,0,0,0.00282942121052258,0,0,0,0.0169765272631355,0,0,0,0,0.00282942121052258,0,0,0,0,0,0,0,0,0,0,0,0,0.141471060526129,0,0,0,0,0,0,0,0,0,0,0,0,0,0,0,0,0.00282942121052258,0,0,0,0,0,0,0,0,0,0,0,0,0,0,0,0,0,0,0,0,0,0,0,0,0,0,0,0,0,0,0,0.0113176848420903,0,0.00565884242104517,0,0.00565884242104517,0,0,0,0,0,0,0,0,0,0,0,0,0,0,0,0,0,0,0,0,0,0,0,0,0,0,0,0,0,0,0,0,0,0,0,0,0,0,0,0,0,0,0,0,0,0.00848826363156775,0,0,0,0,0.0169765272631355,0,0,0,0,0,0,0,0,0,0,0,0,0,0,0,0,0,0,0,0,0,0,0,0,0,0,0,0,0,0,0,0,0,0,0,0,0,0,0,0,0,0,0,0,0,0,0.00282942121052258,0,0,0,0,0,0,0,0,0,0.00282942121052258,0,0,0,0,0,0,0,0,0,0,0,0,0,0,0,0,0,0.00565884242104517,0,0,0,0,0,0,0.0565884242104517,0.0169765272631355,0,0,0,0,0,0,0,0,0,0,0,0,0,0,0,0,0,0,0,0,0,0,0,0,0,0,0,0,0,0,0,0,0,0,0,0,0,0.00282942121052258,0,0,0,0,0,0.00282942121052258,0,0,0,0,0,0,0,0,0,0,0,0,0,0,0,0,0,0,0,0,0,0,0,0.067906109052542,0.0424413181578388,0,0,0,0,0,0,0,0,0,0,0,0,0,0,0,0,0,0,0,0,0,0,0,0,0,0,0,0,0,0,0,0,0,0,0,0,0,0,0,0,0,0,0,0,0,0,0,0,0,0,0,0,0,0,0.00282942121052258,0,0,0,0,0,0,0.00282942121052258,0,0,0,0,0,0,0,0,0,0,0,0,0,0,0,0,0,0,0,0,0,0,0,0,0,0,0.0141471060526129,0,0.00565884242104517,0,0,0,0,0.00848826363156775,0,0,0,0,0,0,0,0,0,0,0,0,0,0,0,0,0,0,0,0.00282942121052258,0,0,0,0,0,0,0,0,0,0,0,0,0,0,0,0,0,0,0,0,0,0,0,0,0,0,0,0,0,0,0,0,0,0,0,0,0,0,0,0.00565884242104517,0,0,0,0,0,0,0,0,0,0,0,0,0,0,0,0,0,0.00282942121052258,0,0,0,0,0,0,0,0,0,0,0,0,0,0,0,0,0,0,0,0,0,0,0,0,0,0,0,0,0,0,0,0,0,0,0,0,0.00848826363156775,0,0,0,0,0,0,0,0,0,0,0,0,0,0,0,0,0,0,0,0,0,0,0.0169765272631355,0,0.0198059484736581,0,0,0,0,0,0,0,0,0,0,0,0,0,0,0,0,0,0,0,0,0,0,0,0,0,0,0,0,0,0,0,0,0,0,2.13805777029252,0,0.124601323916024,0,0,0,0,0,0,0.0610033050155329,0,0,0,0,0,0,0,0,0,0,0,0,0,0,0,0,0,0,0,0,0,0,0,0,0,0,0,0,0,0,0,0,0,0,0,0,0,0,0,0,0,0,0,0,0,0,0,0,0,0,0,0,0,0,0,0,0,0,0,0,0,0,0,0,0,0,0,0,0,0,0,0,0,0,0,0,0,0,0,0,0,0,0,0,0,0,0,0,0,0.258469192925441,0,0,0,0.0643236594271305,0,0,0,0,0.00430620002021125,0,0,0,0,0,0,0,0,0,0,0,0,0.0708090952145382,0,0,0,0,0,0,0,0,0,0,0,0,0,0,0,0,0.245867649046539,0,0,0,0,0,0,0,0,0,0,0,0,0,0,0,0,0,0,0,0,0,0,0,0,0,0,0,0,0,0,0,0.445489247113551,0,0.281988661853712,0,0.798113703357766,0,0,0,0,0,0,0,0,0,0,0,0,0,0,0,0,0,0,0,0,0,0,0,0,0,0,0,0,0,0,0,0,0,0,0,0,0,0,0,0,0,0,0,0,0,0.101040070416181,0,0,0,0,0.133117474842461,0,0,0,0,0,0,0,0,0,0,0,0,0,0,0,0,0,0,0,0,0,0,0,0,0,0,0,0,0,0,0,0,0,0,0,0,0,0,0,0,0,0,0,0,0,0,0.0470744953900695,0,0,0,0,0,0,0,0,0,0.0190250326598301,0,0,0,0,0,0,0,0,0,0,0,0,0,0,0,0,0,0.0104688584789336,0,0,0,0,0,0,0.101132568211951,0.0487701675215357,0,0,0,0,0,0,0,0,0,0,0,0,0,0,0,0,0,0,0,0,0,0,0,0,0,0,0,0,0,0,0,0,0,0,0,0,0,0.00133124451352279,0,0,0,0,0,1.75887395884108,0,0,0,0,0,0,0,0,0,0,0,0,0,0,0,0,0,0,0,0,0,0,0,7.84254033486007,5.42997223958948,0,0,0,0,0,0,0,0,0,0,0,0,0,0,0,0,0,0,0,0,0,0,0,0,0,0,0,0,0,0,0,0,0,0,0,0,0,0,0,0,0,0,0,0,0,0,0,0,0,0,0,0,0,0,0.0126222754078381,0,0,0,0,0,0,0.463095091867528,0,0,0,0,0,0,0,0,0,0,0,0,0,0,0,0,0,0,0,0,0,0,0,0,0,0,0.0539328769793697,0,0.0240583026581916,0,0,0,0,0.0394910393017862,0,0,0,0,0,0,0,0,0,0,0,0,0,0,0,0,0,0,0,0.00899592976925488,0,0,0,0,0,0,0,0,0,0,0,0,0,0,0,0,0,0,0,0,0,0,0,0,0,0,0,0,0,0,0,0,0,0,0,0,0,0,0,0.462312662399023,0,0,0,0,0,0,0,0,0,0,0,0,0,0,0,0,0,0.738106651843045,0,0,0,0,0,0,0,0,0,0,0,0,0,0,0,0,0,0,0,0,0,0,0,0,0,0,0,0,0,0,0,0,0,0,0,0,0.0167563998545681,0,0,0,0,0,0,0,0,0,0,0,0,0,0,0,0,0,0,0,0,0,0,0.10144431939158,0,0.114958534957169,0,0,0,0,0,0,0,0,0,0,0,0,0,0,0,0,0,0,0,0,0,0,0,0,0,0,0,0,"WAK-00287"
"493",6527,"nSPC",2014,"PRIAs","Pacific Remote Island Areas","Wake","Wake",2014,"ForereefMid","Wake","2014-03-18","Forereef","Mid",19.31524996,166.63225994,13.2,37.5,22.5,5,3.5,31.5,0,0,0,NA,0.56,0.425917456214154,1.85,2,1,4.73763316557476,1.23245240015749,10.2119108669256,8.31628432889025,24.4982807615481,2.53273672668508,0,0,0,0,0,0.00565884242104517,0,0,0,0,0,0,0,0,0,0,0.00282942121052258,0.0169765272631355,0,0.0820532151051549,0,0,0,0,0,0,0,0,0,0,0,0,0,0,0,0,0,0,0,0,0,0,0,0,0,0,0,0,0,0,0,0,0,0,0,0,0.00282942121052258,0,0,0,0,0,0,0,0,0,0,0,0,0,0,0,0,0.00282942121052258,0,0,0,0,0,0,0,0,0,0,0,0,0,0,0,0,0,0,0,0,0,0,0,0,0,0,0,0,0,0,0,0,0,0,0,0,0.00282942121052258,0,0,0,0,0,0.0113176848420903,0,0,0,0.00848826363156775,0,0,0,0,0.0226353696841807,0,0,0,0,0,0,0,0,0,0,0,0,0.155618166578742,0.0367824757367936,0,0,0,0,0,0,0,0,0,0,0,0,0,0,0,0,0,0,0,0,0,0,0,0,0,0,0,0,0,0,0,0.00565884242104517,0,0,0,0,0,0,0,0,0,0,0,0,0.00565884242104517,0,0,0,0,0,0,0.00282942121052258,0,0,0,0,0.00848826363156775,0,0,0.0141471060526129,0,0,0,0,0,0,0,0,0,0,0,0,0,0,0,0,0,0,0,0,0,0,0,0,0,0,0,0.00282942121052258,0,0,0,0,0,0,0,0,0,0.0254647908947033,0,0.00565884242104517,0,0,0.0169765272631355,0,0,0,0,0,0,0,0,0,0,0,0,0,0,0,0,0,0,0,0,0,0,0,0,0,0,0,0,0,0,0,0,0,0,0,0,0,0,0.00282942121052258,0,0,0,0,0,0,0,0,0,0,0,0,0,0,0,0,0,0.0113176848420903,0,0,0,0,0,0,0,0,0,0,0,0,0,0,0,0,0,0,0,0,0,0,0,0,0,0.00848826363156775,0,0.0282942121052258,0,0,0,0,0,0,0,0,0,0,0,0,0,0,0,0,0,0,0,0,0,0,0,0,0,0,0,0,0,0,0,0,0,0,0,0,0,0,0,0,0,0,0,0,0,0,0,0,0,0.00282942121052258,0,0,0.00282942121052258,0,0,0,0,0,0,0,0,0,0,0,0,0.00565884242104517,0.0113176848420903,0,0,0,0,0,0,0,0,0,0,0,0,0,0,0,0,0,0,0,0,0.00282942121052258,0,0,0.0169765272631355,0,0,0,0,0,0,0,0,0,0,0,0,0,0,0,0,0,0,0,0,0.00282942121052258,0,0,0,0,0,0,0,0,0,0.00565884242104517,0,0,0,0,0,0.00565884242104517,0.00282942121052258,0,0,0,0,0,0,0,0,0,0,0,0,0,0,0,0,0,0,0,0,0,0,0.00565884242104517,0,0,0,0,0.00848826363156775,0.00282942121052258,0,0,0,0,0,0,0,0,0,0,0,0,0,0,0,0,0,0,0,0,0,0,0,0,0,0,0,0,0,0,0,0,0,0,0,0,0,0,0,0.00282942121052258,0,0,0.0424413181578388,0,0,0,0,0,0,0,0,0,0,0,0,0,0,0,0,0,0,0,0,0,0,0,0,0,0,0,0,0,0,0,0.00565884242104517,0,0,0,0,0,0,0,0.00848826363156775,0,0,0,0,0,0,0,0,0,0,0,0,0,0,0,0,0,0,0,0,0,0,0,0,0,0,0,0,0,0,0,0,0,0,0,0,0.00565884242104517,0,0.0198059484736581,0,0,0,0,0,0,0,0,0,0,0,0,0,0,0,0,0,0,0,0,0.0254647908947033,0,0,0,0,0,0,0,0,0,0,0,0,0,0,0,0.00565884242104517,0,0,0,0,0,0,0,0,0.226141490251018,0,0,0,0,0,0,0,0,0,0,0.0226286213233085,0.0656490045214025,0,0.812625231580826,0,0,0,0,0,0,0,0,0,0,0,0,0,0,0,0,0,0,0,0,0,0,0,0,0,0,0,0,0,0,0,0,0,0,0,0,0.464201917351361,0,0,0,0,0,0,0,0,0,0,0,0,0,0,0,0,0.301101489044769,0,0,0,0,0,0,0,0,0,0,0,0,0,0,0,0,0,0,0,0,0,0,0,0,0,0,0,0,0,0,0,0,0,0,0,0,0.0175868575560592,0,0,0,0,0,2.93436200484048,0,0,0,0.0220110696548721,0,0,0,0,0.0153963647941441,0,0,0,0,0,0,0,0,0,0,0,0,0.1354132697144,0.0142800888495075,0,0,0,0,0,0,0,0,0,0,0,0,0,0,0,0,0,0,0,0,0,0,0,0,0,0,0,0,0,0,0,0.447063356309831,0,0,0,0,0,0,0,0,0,0,0,0,0.0205868613468296,0,0,0,0,0,0,0.258754594169904,0,0,0,0,2.88390240004777,0,0,0.784816834734212,0,0,0,0,0,0,0,0,0,0,0,0,0,0,0,0,0,0,0,0,0,0,0,0,0,0,0,1.20032514981231,0,0,0,0,0,0,0,0,0,0.348403844590813,0,0.319876484736731,0,0,0.133960352010707,0,0,0,0,0,0,0,0,0,0,0,0,0,0,0,0,0,0,0,0,0,0,0,0,0,0,0,0,0,0,0,0,0,0,0,0,0,0,0.359938043465154,0,0,0,0,0,0,0,0,0,0,0,0,0,0,0,0,0,0.0712838794391044,0,0,0,0,0,0,0,0,0,0,0,0,0,0,0,0,0,0,0,0,0,0,0,0,0,0.150261789285102,0,0.0392896495934284,0,0,0,0,0,0,0,0,0,0,0,0,0,0,0,0,0,0,0,0,0,0,0,0,0,0,0,0,0,0,0,0,0,0,0,0,0,0,0,0,0,0,0,0,0,0,0,0,0,0.390946487283056,0,0,0.619437883500067,0,0,0,0,0,0,0,0,0,0,0,0,0.823483024218283,0.542169346303866,0,0,0,0,0,0,0,0,0,0,0,0,0,0,0,0,0,0,0,0,0.196370335904497,0,0,4.04296792709636,0,0,0,0,0,0,0,0,0,0,0,0,0,0,0,0,0,0,0,0,2.25751369654511,0,0,0,0,0,0,0,0,0,0.0252445508156762,0,0,0,0,0,0.0381572126663381,0.0204346147065911,0,0,0,0,0,0,0,0,0,0,0,0,0,0,0,0,0,0,0,0,0,0,0.0156076608302934,0,0,0,0,0.00939257751537313,0.0120291513290958,0,0,0,0,0,0,0,0,0,0,0,0,0,0,0,0,0,0,0,0,0,0,0,0,0,0,0,0,0,0,0,0,0,0,0,0,0,0,0,0.00627676278629307,0,0,0.0508765301417092,0,0,0,0,0,0,0,0,0,0,0,0,0,0,0,0,0,0,0,0,0,0,0,0,0,0,0,0,0,0,0,0.657317554406796,0,0,0,0,0,0,0,2.27398213251517,0,0,0,0,0,0,0,0,0,0,0,0,0,0,0,0,0,0,0,0,0,0,0,0,0,0,0,0,0,0,0,0,0,0,0,0,0.0111709332363787,0,0.0308040118831831,0,0,0,0,0,0,0,0,0,0,0,0,0,0,0,0,0,0,0,0,0.141271952873276,0,0,0,0,0,0,0,0,0,0,0,0,0,0,0,0.282965765966646,0,0,0,151.4530026,178.9305032,180.5467032,159.8171027,153.6140026,143.8767025,170.4565029,151.1638026,149.7970027,142.5916024,166.4317029,"WAK-00183"
"494",6528,"nSPC",2014,"PRIAs","Pacific Remote Island Areas","Wake","Wake",2014,"ForereefShallow","Wake","2014-03-18","Forereef","Shallow",19.31482407,166.63014561,5.25,32.5,0,0,15,52.5,0,0,0,NA,0.21625,0.146640878887732,0.55,2,1,1.03646371083373,5.06374474350907,6.49504638152647,3.85043890063747,16.4456937365067,2.12763018033751,0,0,0,0,0,0,0,0,0,0,0,0,0,0,0,0,0,0.0565884242104517,0,0.0594178454209743,0,0,0,0,0,0,0.00848826363156775,0,0,0,0,0,0,0,0,0,0,0,0,0,0,0,0,0,0,0,0,0,0,0,0,0,0,0,0,0,0,0,0,0,0,0,0,0,0,0,0,0,0,0,0,0,0,0,0,0,0,0,0,0,0,0,0,0,0,0,0,0,0,0,0,0,0,0,0,0.00282942121052258,0,0,0,0,0,0,0,0,0,0,0,0,0,0,0,0,0,0,0,0,0.00282942121052258,0,0,0,0.0311236333157484,0,0,0,0,0.00282942121052258,0,0,0,0,0,0,0,0,0,0,0,0,0.113176848420903,0,0,0,0,0,0,0,0,0,0,0,0,0,0,0,0,0,0,0,0,0,0,0,0,0,0,0,0,0,0,0,0,0.00848826363156775,0,0,0,0,0,0,0,0,0,0,0,0,0,0,0,0,0,0,0,0.0198059484736581,0,0,0,0,0.00848826363156775,0,0,0.00282942121052258,0,0,0,0.367824757367936,0,0,0,0,0,0,0,0,0,0,0,0,0,0,0,0,0,0,0,0,0,0.00282942121052258,0,0.00282942121052258,0,0,0,0,0,0,0,0,0,0.0254647908947033,0,0,0,0,0,0,0,0,0,0,0,0,0,0,0,0,0,0,0,0,0,0,0,0,0,0,0,0,0,0,0,0,0,0,0,0,0,0,0,0,0,0,0,0,0,0,0,0,0,0,0,0,0,0,0,0,0,0,0,0,0,0.0141471060526129,0,0,0,0,0,0,0,0,0,0,0,0,0,0,0,0,0,0,0,0,0,0,0,0,0.0169765272631355,0,0,0.00565884242104517,0,0,0,0,0,0,0,0,0,0,0,0,0,0,0,0,0,0,0,0,0,0,0,0,0,0,0,0,0,0,0,0,0,0,0,0,0,0,0,0,0,0,0,0,0,0,0,0,0,0,0,0,0,0,0,0,0,0,0,0,0,0,0,0,0,0.0311236333157484,0.0198059484736581,0,0,0,0,0,0,0,0,0,0,0,0,0,0,0,0,0,0,0,0,0,0,0,0,0,0,0,0,0,0,0,0,0,0,0,0,0,0,0,0,0,0,0,0,0,0,0,0,0,0,0,0,0,0,0,0,0,0,0,0,0,0.00282942121052258,0,0,0,0,0,0,0,0,0,0,0,0,0,0,0,0,0,0,0,0,0,0,0,0,0,0,0.0113176848420903,0,0,0,0,0,0,0.00282942121052258,0,0,0,0,0,0,0,0,0,0,0,0,0,0,0,0,0,0,0,0,0,0,0,0,0,0,0,0,0,0,0,0,0,0,0,0,0,0,0,0,0,0,0,0,0,0,0,0,0,0,0,0,0,0,0,0,0,0,0,0.00282942121052258,0,0,0,0,0,0,0,0,0,0,0,0,0,0,0,0,0,0,0,0,0,0,0,0,0,0,0,0,0,0,0,0,0,0,0,0,0,0,0,0,0,0,0,0,0,0,0,0,0,0,0,0,0,0.00282942121052258,0.00565884242104517,0,0.0113176848420903,0,0,0,0.00282942121052258,0,0,0,0,0,0,0,0,0,0,0,0,0,0,0,0,0.00565884242104517,0,0.0481001605788839,0,0.00282942121052258,0,0,0,0,0,0,0,0,0,0,0,0,0,0,0,0,0,0,0,0,0,0,0,0,0,0,0,0,0,0,0,0,1.1852016511798,0,0.357522154441398,0,0,0,0,0,0,0.434487123458109,0,0,0,0,0,0,0,0,0,0,0,0,0,0,0,0,0,0,0,0,0,0,0,0,0,0,0,0,0,0,0,0,0,0,0,0,0,0,0,0,0,0,0,0,0,0,0,0,0,0,0,0,0,0,0,0,0,0,0,0,0,0,0,0,0,0,0,0,0.00610012763045208,0,0,0,0,0,0,0,0,0,0,0,0,0,0,0,0,0,0,0,0,0.645366508516866,0,0,0,0.0476959373082592,0,0,0,0,0.00192454559926801,0,0,0,0,0,0,0,0,0,0,0,0,0.132858302361298,0,0,0,0,0,0,0,0,0,0,0,0,0,0,0,0,0,0,0,0,0,0,0,0,0,0,0,0,0,0,0,0,0.72179844788569,0,0,0,0,0,0,0,0,0,0,0,0,0,0,0,0,0,0,0,2.12763018033751,0,0,0,0,1.66455836117095,0,0,0.784788730590889,0,0,0,0.607352239365936,0,0,0,0,0,0,0,0,0,0,0,0,0,0,0,0,0,0,0,0,0,0.0037034120164853,0,0.0106431915256889,0,0,0,0,0,0,0,0,0,0.201718415938302,0,0,0,0,0,0,0,0,0,0,0,0,0,0,0,0,0,0,0,0,0,0,0,0,0,0,0,0,0,0,0,0,0,0,0,0,0,0,0,0,0,0,0,0,0,0,0,0,0,0,0,0,0,0,0,0,0,0,0,0,0,0.34043550539223,0,0,0,0,0,0,0,0,0,0,0,0,0,0,0,0,0,0,0,0,0,0,0,0,0.0170053873594828,0,0,0.0067551739706877,0,0,0,0,0,0,0,0,0,0,0,0,0,0,0,0,0,0,0,0,0,0,0,0,0,0,0,0,0,0,0,0,0,0,0,0,0,0,0,0,0,0,0,0,0,0,0,0,0,0,0,0,0,0,0,0,0,0,0,0,0,0,0,0,0,4.31050090329438,1.30414367530149,0,0,0,0,0,0,0,0,0,0,0,0,0,0,0,0,0,0,0,0,0,0,0,0,0,0,0,0,0,0,0,0,0,0,0,0,0,0,0,0,0,0,0,0,0,0,0,0,0,0,0,0,0,0,0,0,0,0,0,0,0,0.39109720231686,0,0,0,0,0,0,0,0,0,0,0,0,0,0,0,0,0,0,0,0,0,0,0,0,0,0,0.0211008883411912,0,0,0,0,0,0,0.00332952533180386,0,0,0,0,0,0,0,0,0,0,0,0,0,0,0,0,0,0,0,0,0,0,0,0,0,0,0,0,0,0,0,0,0,0,0,0,0,0,0,0,0,0,0,0,0,0,0,0,0,0,0,0,0,0,0,0,0,0,0,0.188549386233282,0,0,0,0,0,0,0,0,0,0,0,0,0,0,0,0,0,0,0,0,0,0,0,0,0,0,0,0,0,0,0,0,0,0,0,0,0,0,0,0,0,0,0,0,0,0,0,0,0,0,0,0,0,0.0130332984874623,0.0111709332363787,0,0.0256299691563241,0,0,0,0.0132009475998142,0,0,0,0,0,0,0,0,0,0,0,0,0,0,0,0,0.342948239703212,0,0.319390442144089,0,0.204052929311152,0,0,0,0,0,0,0,0,0,0,0,0,0,0,0,143.9304025,172.6315031,175.1078032,153.7910026,147.4102025,136.2852024,168.0571029,147.3490026,143.6392026,137.0588023,164.5466028,"WAK-00272"
"495",6529,"nSPC",2014,"PRIAs","Pacific Remote Island Areas","Wake","Wake",2014,"ForereefMid","Wake","2014-03-18","Forereef","Mid",19.31579235,166.62755669,13.8,42.5,10,12.5,2.5,32.5,0,0,0,NA,0.44,0.280468000938572,1.1,2,1,2.98717002700394,1.50195116343574,17.0873063611913,5.8705021230635,27.4469296746945,6.74325980894017,0,0,0,0,0,0,0,0,0,0,0,0,0,0,0,0,0,0.0113176848420903,0,0,0.00282942121052258,0,0,0,0,0,0,0,0,0,0,0,0,0,0,0,0,0,0,0,0,0,0,0,0,0,0,0,0,0,0,0,0,0,0,0,0.00282942121052258,0,0,0,0,0,0,0,0,0,0,0,0,0,0,0,0,0,0,0,0,0,0,0,0,0,0,0,0,0,0,0,0,0,0,0,0,0,0,0,0,0,0,0,0,0,0,0,0,0,0,0,0,0,0,0,0,0,0,0,0.00848826363156775,0,0,0,0.00848826363156775,0,0,0,0,0.0141471060526129,0,0,0,0,0,0,0,0,0,0,0,0,0.254647908947033,0.0820532151051549,0,0,0,0,0,0,0,0,0,0,0,0,0,0,0,0,0,0.0141471060526129,0,0,0,0,0,0,0,0,0,0,0,0,0,0.00565884242104517,0,0,0,0,0,0,0,0,0,0,0,0,0,0,0,0,0,0,0,0.00848826363156775,0,0,0,0,0,0,0,0.0226353696841807,0,0,0,0.226353696841807,0,0,0,0,0,0,0,0,0,0,0,0,0,0,0,0,0,0,0,0,0,0,0,0.00565884242104517,0,0,0,0,0,0,0,0,0,0.0311236333157484,0,0,0,0,0.0169765272631355,0,0,0,0,0,0,0,0,0,0,0,0,0,0,0,0,0,0,0,0,0,0,0,0,0,0,0,0,0,0,0,0,0,0,0,0,0,0,0,0,0,0,0,0,0,0,0,0,0,0,0,0,0,0,0,0,0,0,0,0,0,0,0,0,0,0,0,0,0,0,0,0,0,0,0.0169765272631355,0,0,0,0,0,0,0,0.00565884242104517,0,0,0,0,0,0,0,0,0,0,0,0,0,0,0,0,0,0,0,0,0,0,0,0,0,0,0,0,0,0,0,0,0.00565884242104517,0,0,0,0,0.0141471060526129,0,0,0,0,0,0,0,0,0,0,0,0,0,0,0,0,0,0,0,0,0,0,0,0,0,0,0,0,0,0,0.0198059484736581,0.0226353696841807,0,0,0,0,0,0,0,0,0,0,0,0,0,0,0,0,0,0,0,0.00282942121052258,0,0,0.00565884242104517,0,0,0,0,0,0,0,0,0,0,0,0,0,0,0,0,0,0,0,0,0,0,0,0,0,0,0,0,0,0.00282942121052258,0.0113176848420903,0,0,0,0,0,0.00282942121052258,0.00282942121052258,0,0.00282942121052258,0,0,0,0,0,0,0,0,0,0,0,0,0,0,0,0,0,0,0,0,0,0,0,0,0,0.00848826363156775,0,0,0,0,0,0,0,0,0,0,0,0,0,0,0,0,0,0,0,0,0,0,0,0,0,0,0,0,0,0,0,0,0,0,0,0.00282942121052258,0,0,0,0,0.00565884242104517,0,0,0.0424413181578388,0,0.00282942121052258,0,0,0,0,0,0,0,0,0,0,0,0,0,0,0,0,0,0,0,0,0,0,0,0,0,0,0,0,0,0,0,0,0,0,0,0,0,0.00565884242104517,0,0,0,0,0,0,0,0,0,0,0,0,0,0,0,0,0,0,0,0,0,0,0,0,0,0,0,0,0,0,0,0,0,0,0,0,0.033953054526271,0,0.0113176848420903,0,0,0,0.00565884242104517,0,0,0,0,0,0,0,0,0,0,0,0,0,0,0,0,0.033953054526271,0,0,0,0,0,0,0,0,0,0,0,0,0,0,0,0,0,0,0,0,0,0,0,0,0,0,0,0,0,0,0,0,0,0,0,0,0.0817394951423668,0,0,0.0382586574651038,0,0,0,0,0,0,0,0,0,0,0,0,0,0,0,0,0,0,0,0,0,0,0,0,0,0,0,0,0,0,0,0,0,0,0,0.724570915986071,0,0,0,0,0,0,0,0,0,0,0,0,0,0,0,0,0,0,0,0,0,0,0,0,0,0,0,0,0,0,0,0,0,0,0,0,0,0,0,0,0,0,0,0,0,0,0,0,0,0,0,0,0,0,0,0,0,0,0,1.48265649033757,0,0,0,0.0166549502350164,0,0,0,0,0.0167676912591698,0,0,0,0,0,0,0,0,0,0,0,0,0.162057929253892,0.0189245837665803,0,0,0,0,0,0,0,0,0,0,0,0,0,0,0,0,0,3.75870158419355,0,0,0,0,0,0,0,0,0,0,0,0,0,0.447063356309831,0,0,0,0,0,0,0,0,0,0,0,0,0,0,0,0,0,0,0,0.722191207956383,0,0,0,0,0,0,0,4.39430980565554,0,0,0,0.551872948270009,0,0,0,0,0,0,0,0,0,0,0,0,0,0,0,0,0,0,0,0,0,0,0,0.397741988876506,0,0,0,0,0,0,0,0,0,0.403561261567386,0,0,0,0,0.460754759117305,0,0,0,0,0,0,0,0,0,0,0,0,0,0,0,0,0,0,0,0,0,0,0,0,0,0,0,0,0,0,0,0,0,0,0,0,0,0,0,0,0,0,0,0,0,0,0,0,0,0,0,0,0,0,0,0,0,0,0,0,0,0,0,0,0,0,0,0,0,0,0,0,0,0,0.016080166623642,0,0,0,0,0,0,0,0.0258150732405659,0,0,0,0,0,0,0,0,0,0,0,0,0,0,0,0,0,0,0,0,0,0,0,0,0,0,0,0,0,0,0,0,0.00918236212628394,0,0,0,0,0.0198489948453749,0,0,0,0,0,0,0,0,0,0,0,0,0,0,0,0,0,0,0,0,0,0,0,0,0,0,0,0,0,0,2.58585148555224,3.3109320138035,0,0,0,0,0,0,0,0,0,0,0,0,0,0,0,0,0,0,0,0.679960514538443,0,0,2.2102377499094,0,0,0,0,0,0,0,0,0,0,0,0,0,0,0,0,0,0,0,0,0,0,0,0,0,0,0,0,0,0.278705006201077,0.211472426124909,0,0,0,0,0,0.110140412162358,0.39109720231686,0,0.937922975227514,0,0,0,0,0,0,0,0,0,0,0,0,0,0,0,0,0,0,0,0,0,0,0,0,0,0.0200446445281078,0,0,0,0,0,0,0,0,0,0,0,0,0,0,0,0,0,0,0,0,0,0,0,0,0,0,0,0,0,0,0,0,0,0,0,0.0102062881905971,0,0,0,0,0.0293132454317948,0,0,0.0508765301417092,0,0.00627676278629307,0,0,0,0,0,0,0,0,0,0,0,0,0,0,0,0,0,0,0,0,0,0,0,0,0,0,0,0,0,0,0,0,0,0,0,0,0,2.26236701679024,0,0,0,0,0,0,0,0,0,0,0,0,0,0,0,0,0,0,0,0,0,0,0,0,0,0,0,0,0,0,0,0,0,0,0,0,0.12833232530299,0,0.0458370285097217,0,0,0,0.178823947578964,0,0,0,0,0,0,0,0,0,0,0,0,0,0,0,0,0.249777877369619,0,0,0,0,0,0,0,0,0,0,0,0,0,0,0,0,0,0,0,159.6971027,190.9053034,203.1092036,164.1036028,178.2391031,157.6610027,182.6856031,164.0171028,170.3447031,152.4279026,173.427503,"WAK-00258"
"496",6530,"nSPC",2014,"PRIAs","Pacific Remote Island Areas","Wake","Wake",2014,"ForereefDeep","Wake","2014-03-18","Forereef","Deep",19.3223506,166.62141544,20.5,45,25,5,5,20,0,0,0,NA,0.5225,0.341082225534077,1.15,2,1,6.22427071055026,1.34556681052538,24.5795567302657,8.69146276698249,40.8408570183238,2.32405693397596,0,0,0,0,0,0,0,0,0,0,0,0,0,0,0,0,0.00282942121052258,0.0113176848420903,0,0.0198059484736581,0,0,0,0,0,0,0,0,0,0,0,0,0,0,0,0,0,0,0,0,0,0,0,0,0,0,0,0,0,0,0,0,0,0,0,0,0,0,0,0,0,0,0,0,0,0,0,0,0,0.00565884242104517,0,0,0,0,0,0,0,0,0,0,0,0,0,0,0,0,0,0,0,0,0,0,0,0,0,0.00282942121052258,0,0,0,0,0.00282942121052258,0,0,0,0,0,0,0,0,0,0,0,0,0,0,0,0.0169765272631355,0,0,0,0.0169765272631355,0,0,0,0,0.00848826363156775,0,0,0,0,0,0,0,0,0,0,0.00282942121052258,0,0.311236333157484,0.0735649514735872,0,0,0,0,0,0,0,0,0,0,0,0,0,0,0,0,0,0,0,0,0,0,0,0,0,0,0,0,0,0,0,0,0,0,0,0,0,0,0,0,0,0,0,0,0.0169765272631355,0,0,0,0,0,0,0.00565884242104517,0,0,0,0,0.00565884242104517,0,0,0.0990297423682904,0,0,0,0,0,0,0,0,0,0,0,0,0,0,0,0,0,0,0,0,0,0,0,0,0,0,0,0.00565884242104517,0,0,0,0,0,0,0,0,0,0.0169765272631355,0,0,0,0,0.0169765272631355,0,0,0,0,0,0,0,0,0,0,0,0,0,0,0,0,0,0,0,0,0,0,0,0,0,0,0,0,0,0,0,0,0,0,0,0,0,0,0.00282942121052258,0,0,0,0,0,0,0,0,0,0,0,0,0,0,0,0,0,0.00565884242104517,0,0,0,0,0,0,0,0,0,0,0,0,0,0,0,0,0,0,0,0,0,0,0,0,0.0141471060526129,0.00848826363156775,0,0.00848826363156775,0,0,0,0,0,0,0.00848826363156775,0,0,0,0,0,0,0,0,0,0,0,0,0,0,0,0,0,0,0,0,0,0,0,0.00282942121052258,0,0,0,0,0.00565884242104517,0,0,0,0,0,0,0,0,0,0,0,0,0,0,0,0,0,0,0,0,0,0,0,0,0,0,0,0,0,0,0.0141471060526129,0.00282942121052258,0,0,0,0,0,0,0,0,0,0,0,0,0,0,0,0,0,0,0,0.00565884242104517,0,0,0.00565884242104517,0,0,0,0,0,0.00565884242104517,0,0,0,0,0,0,0,0,0,0,0,0,0,0,0,0,0,0,0,0.00282942121052258,0,0,0,0.00282942121052258,0.00565884242104517,0,0,0,0,0,0,0.00565884242104517,0,0.00565884242104517,0,0,0,0,0,0,0,0,0,0,0,0,0,0,0,0,0,0,0,0,0,0,0,0,0.00282942121052258,0.0113176848420903,0.00282942121052258,0,0,0,0,0,0,0,0,0,0,0,0,0,0,0,0,0,0,0,0,0,0,0,0,0,0,0,0,0,0,0,0,0,0,0,0,0,0,0,0.00282942121052258,0,0,0.0933708999472453,0,0,0,0,0,0,0,0,0,0,0,0,0,0,0,0,0,0,0,0,0,0,0,0,0,0,0,0,0,0,0,0,0,0,0,0,0,0,0,0.00282942121052258,0,0,0,0,0,0,0,0,0,0,0,0,0,0,0,0,0,0,0,0,0,0,0,0,0,0,0,0,0,0,0,0,0,0,0,0,0.00565884242104517,0,0.00565884242104517,0,0,0,0,0,0,0,0,0,0,0,0,0,0,0,0,0,0,0,0,0.0198059484736581,0,0,0,0,0,0,0,0,0,0,0,0,0,0.00282942121052258,0,0.00282942121052258,0,0,0,0,0,0,0,0,0,0,0,0,0,0,0,0,0,0,0,0.0487662749393883,0.029347404582875,0,0.0959276526284734,0,0,0,0,0,0,0,0,0,0,0,0,0,0,0,0,0,0,0,0,0,0,0,0,0,0,0,0,0,0,0,0,0,0,0,0,0,0,0,0,0,0,0,0,0,0,0,0,0,1.5357347676069,0,0,0,0,0,0,0,0,0,0,0,0,0,0,0,0,0,0,0,0,0,0,0,0,0,0.00137441339629063,0,0,0,0,0.367235344118342,0,0,0,0,0,0,0,0,0,0,0,0,0,0,0,3.63891441129159,0,0,0,0.0248102414537636,0,0,0,0,0.00577363679780403,0,0,0,0,0,0,0,0,0,0,0.32023041145109,0,0.256956716654819,0.0207071191292095,0,0,0,0,0,0,0,0,0,0,0,0,0,0,0,0,0,0,0,0,0,0,0,0,0,0,0,0,0,0,0,0,0,0,0,0,0,0,0,0,0,0,0,0,0.0989445435967935,0,0,0,0,0,0,1.12125161934276,0,0,0,0,0.586435373380206,0,0,17.0672477896043,0,0,0,0,0,0,0,0,0,0,0,0,0,0,0,0,0,0,0,0,0,0,0,0,0,0,0,1.46037580929667,0,0,0,0,0,0,0,0,0,0.160963862438108,0,0,0,0,0.284230558787637,0,0,0,0,0,0,0,0,0,0,0,0,0,0,0,0,0,0,0,0,0,0,0,0,0,0,0,0,0,0,0,0,0,0,0,0,0,0,1.39774872382195,0,0,0,0,0,0,0,0,0,0,0,0,0,0,0,0,0,0.0759424906828894,0,0,0,0,0,0,0,0,0,0,0,0,0,0,0,0,0,0,0,0,0,0,0,0,0.00737799874855869,0.0209606352696724,0,0.00854705012228284,0,0,0,0,0,0,0.308248747301293,0,0,0,0,0,0,0,0,0,0,0,0,0,0,0,0,0,0,0,0,0,0,0,0.0027012170491327,0,0,0,0,0.00540243409826541,0,0,0,0,0,0,0,0,0,0,0,0,0,0,0,0,0,0,0,0,0,0,0,0,0,0,0,0,0,0,1.37598882107082,3.17327869517181,0,0,0,0,0,0,0,0,0,0,0,0,0,0,0,0,0,0,0,0.392740671808994,0,0,0.650475978109167,0,0,0,0,0,2.21699187889198,0,0,0,0,0,0,0,0,0,0,0,0,0,0,0,0,0,0,0,0.49917073409221,0,0,0,0.195743433710495,0.0142791547174407,0,0,0,0,0,0,0.172462996182924,0,0.867841007892642,0,0,0,0,0,0,0,0,0,0,0,0,0,0,0,0,0,0,0,0,0,0,0,0,0.00722091883879172,0.0160741256914091,0.0120291513290958,0,0,0,0,0,0,0,0,0,0,0,0,0,0,0,0,0,0,0,0,0,0,0,0,0,0,0,0,0,0,0,0,0,0,0,0,0,0,0,0.0181534692942321,0,0,0.0728551911629276,0,0,0,0,0,0,0,0,0,0,0,0,0,0,0,0,0,0,0,0,0,0,0,0,0,0,0,0,0,0,0,0,0,0,0,0,0,0,0,1.2028053146332,0,0,0,0,0,0,0,0,0,0,0,0,0,0,0,0,0,0,0,0,0,0,0,0,0,0,0,0,0,0,0,0,0,0,0,0,0.0213887208838317,0,0.00492517565079177,0,0,0,0,0,0,0,0,0,0,0,0,0,0,0,0,0,0,0,0,0.116708984105155,0,0,0,0,0,0,0,0,0,0,0,0,0,0.590277960440335,0,0.267287387054523,0,0,0,194.7681033,215.1774038,217.9262039,194.5764033,206.7699035,187.1630032,202.0213035,185.7351032,208.4365037,178.012903,193.9757034,"WAK-00241"
"497",6538,"nSPC",2014,"PRIAs","Pacific Remote Island Areas","Wake","Wake",2014,"ForereefDeep","Wake","2014-03-18","Forereef","Deep",19.31573041,166.63363307,22.25,30,15,12.5,12.5,27.5,2.5,0,0,NA,0.52875,0.402885400505356,1.5,2,1,40.671731195914,2.78831571870666,13.8313364307984,5.65321815140128,62.9446014968204,3.01675041778041,0,0,0,0,0,0,0,0,0,0,0,0,0,0,0,0,0,0.0169765272631355,0,0,0,0,0,0,0,0.0113176848420903,0,0,0,0,0,0,0,0,0,0,0,0,0,0,0,0,0,0,0,0,0,0,0,0,0,0,0,0,0,0,0.00848826363156775,0,0,0,0,0,0,0,0,0,0,0,0,0.00282942121052258,0,0,0,0,0,0,0,0,0,0,0,0,0,0,0,0,0,0,0,0,0,0,0,0,0,0,0,0,0,0,0,0,0,0,0,0,0,0,0,0,0,0,0,0,0,0,0.00848826363156775,0,0,0,0.00565884242104517,0,0,0,0,0.0198059484736581,0,0,0,0,0,0,0,0,0,0,0,0,0.650766878420194,0.113176848420903,0,0,0,0,0,0,0,0,0,0,0,0,0,0,0,0,0,0,0,0,0,0,0,0,0,0,0,0,0,0,0,0.00565884242104517,0,0,0,0,0,0,0,0,0.00848826363156775,0,0,0,0.00565884242104517,0,0,0.00282942121052258,0,0,0,0.00282942121052258,0,0,0,0,0,0.00282942121052258,0,0.0226353696841807,0,0,0,0,0,0,0,0,0,0,0,0,0,0,0,0,0,0,0,0,0,0,0,0,0,0,0,0,0,0,0,0,0,0,0,0,0,0.0396118969473162,0,0,0,0,0,0,0,0,0,0,0,0,0,0,0,0,0,0,0,0,0,0,0,0,0,0,0,0,0,0,0,0,0,0,0,0,0,0,0,0,0,0,0,0,0,0,0,0,0,0,0,0.00565884242104517,0,0,0,0,0,0,0,0,0,0.00848826363156775,0,0,0,0,0,0,0,0,0,0.00282942121052258,0,0,0,0,0,0,0,0.033953054526271,0,0,0,0,0,0,0,0,0,0,0,0,0,0,0,0,0,0,0,0,0,0.0169765272631355,0,0,0,0,0,0,0,0,0,0,0,0,0,0,0,0,0,0,0,0,0,0,0,0,0,0,0,0,0,0,0,0,0,0,0,0,0,0,0,0,0.00282942121052258,0,0,0,0,0,0,0,0,0,0,0,0,0,0.00282942121052258,0.00282942121052258,0,0,0,0,0,0,0,0,0,0,0,0,0,0,0,0,0,0,0,0,0,0,0.00848826363156775,0,0,0,0,0,0,0,0,0,0,0,0,0,0,0,0,0,0,0,0,0,0,0,0,0,0.00282942121052258,0,0,0,0.00282942121052258,0,0,0,0,0,0,0.00565884242104517,0.00282942121052258,0,0.00282942121052258,0,0,0,0,0,0,0,0,0,0,0,0,0,0,0,0,0,0,0,0,0,0,0,0,0,0.0282942121052258,0,0,0,0,0,0,0,0,0,0,0,0,0,0,0,0,0,0,0,0,0,0,0,0,0,0,0.00282942121052258,0,0,0,0,0,0,0,0,0.00565884242104517,0,0,0,0,0.0198059484736581,0,0,0.130153375684039,0,0,0,0,0,0,0,0,0,0,0,0,0,0,0,0,0,0,0,0,0,0,0,0,0,0,0,0,0,0,0,0,0,0,0,0,0,0,0,0.00282942121052258,0,0,0,0,0,0,0,0,0,0,0,0,0,0,0,0,0,0,0,0,0,0,0,0,0,0,0,0,0.00282942121052258,0,0,0,0,0,0,0,0.0254647908947033,0,0,0,0,0,0,0,0,0,0,0,0,0,0,0,0,0,0,0,0,0,0,0.0367824757367936,0,0,0,0,0,0,0,0,0,0,0,0,0,0,0,0.00565884242104517,0,0,0,0,0,0,0,0,0,0,0,0,0,0,0,0,0,0,0,0,0.368929716426788,0,0,0,0,0,0,0,0.359005168512616,0,0,0,0,0,0,0,0,0,0,0,0,0,0,0,0,0,0,0,0,0,0,0,0,0,0,0,0,0,0,1.12751303470841,0,0,0,0,0,0,0,0,0,0,0,0,1.74243479957323,0,0,0,0,0,0,0,0,0,0,0,0,0,0,0,0,0,0,0,0,0,0,0,0,0,0,0,0,0,0,0,0,0,0,0,0,0,0,0,0,0,0,0,0,0,0,2.76223436094148,0,0,0,0.0160851003891877,0,0,0,0,0.037616100490244,0,0,0,0,0,0,0,0,0,0,0,0,0.77744006601529,0.0495148711841452,0,0,0,0,0,0,0,0,0,0,0,0,0,0,0,0,0,0,0,0,0,0,0,0,0,0,0,0,0,0,0,0.54947018315172,0,0,0,0,0,0,0,0,0.537333877242317,0,0,0,0.056291121618752,0,0,0.0817502926299197,0,0,0,1.67306755240363,0,0,0,0,0,0.226406845256924,0,7.19387998405524,0,0,0,0,0,0,0,0,0,0,0,0,0,0,0,0,0,0,0,0,0,0,0,0,0,0,0,0,0,0,0,0,0,0,0,0,0,0.614625700102074,0,0,0,0,0,0,0,0,0,0,0,0,0,0,0,0,0,0,0,0,0,0,0,0,0,0,0,0,0,0,0,0,0,0,0,0,0,0,0,0,0,0,0,0,0,0,0,0,0,0,0,0.094148990780139,0,0,0,0,0,0,0,0,0,0.138930201589047,0,0,0,0,0,0,0,0,0,21.7919973718168,0,0,0,0,0,0,0,0.112435540063746,0,0,0,0,0,0,0,0,0,0,0,0,0,0,0,0,0,0,0,0,0,1.45642815747348,0,0,0,0,0,0,0,0,0,0,0,0,0,0,0,0,0,0,0,0,0,0,0,0,0,0,0,0,0,0,0,0,0,0,0,0,0,0,0,0,1.18645183794633,0,0,0,0,0,0,0,0,0,0,0,0,0,0.387383452121338,0.239008910403911,0,0,0,0,0,0,0,0,0,0,0,0,0,0,0,0,0,0,0,0,0,0,1.8429367842805,0,0,0,0,0,0,0,0,0,0,0,0,0,0,0,0,0,0,0,0,0,0,0,0,0,0.239267175246632,0,0,0,0.195743433710495,0,0,0,0,0,0,0.220280824324715,0.221217541251428,0,1.04859980178363,0,0,0,0,0,0,0,0,0,0,0,0,0,0,0,0,0,0,0,0,0,0,0,0,0,0.129781842662223,0,0,0,0,0,0,0,0,0,0,0,0,0,0,0,0,0,0,0,0,0,0,0,0,0,0,0.013327955229469,0,0,0,0,0,0,0,0,0.0324144152719888,0,0,0,0,0.0645175389859529,0,0,0.145927455521126,0,0,0,0,0,0,0,0,0,0,0,0,0,0,0,0,0,0,0,0,0,0,0,0,0,0,0,0,0,0,0,0,0,0,0,0,0,0,0,1.34368286537678,0,0,0,0,0,0,0,0,0,0,0,0,0,0,0,0,0,0,0,0,0,0,0,0,0,0,0,0,12.9270256159677,0,0,0,0,0,0,0,0.163638698243328,0,0,0,0,0,0,0,0,0,0,0,0,0,0,0,0,0,0,0,0,0,0,0.586365835158316,0,0,0,0,0,0,0,0,0,0,0,0,0,0,0,0.189490476909301,0,0,0,166.5646028,196.2262035,204.4114037,173.7360029,180.1102031,162.5737028,183.6235031,165.0982029,171.6307031,157.5369027,174.681603,"WAK-00199"
"498",6539,"nSPC",2014,"PRIAs","Pacific Remote Island Areas","Wake","Wake",2014,"ForereefDeep","Wake","2014-03-18","Forereef","Deep",19.31610516,166.64150669,24.2,27.5,12.5,10.5,15,32.5,2,0,0,NA,0.42625,0.30096805174853,1.2,2,1,6.04536563725445,5.45047172775355,89.7030512868689,3.86606702538757,105.064955677264,7.95932451921282,0,0,0,0,0,0,0,0,0,0,0,0,0,0,0,0,0,0.0169765272631355,0,0,0,0,0,0,0.0113176848420903,0.0113176848420903,0,0,0,0,0,0,0,0,0,0,0,0,0,0,0,0,0,0,0,0,0,0,0,0,0,0,0,0,0,0,0,0,0,0,0,0,0,0,0,0,0,0,0,0,0,0,0,0,0,0,0,0,0,0,0,0,0,0,0,0,0,0,0,0,0,0,0,0,0,0.00282942121052258,0,0,0,0,0,0,0,0,0,0,0,0,0,0,0,0,0,0,0,0,0.0113176848420903,0,0,0,0.0198059484736581,0,0,0,0,0.0396118969473162,0,0,0,0,0,0,0,0,0,0,0,0,0.424413181578388,0.130153375684039,0,0,0,0,0,0,0,0,0,0,0,0,0,0,0.00565884242104517,0,0,0,0,0,0,0,0,0,0,0,0,0,0,0,0,0.00565884242104517,0,0,0,0,0,0,0,0,0,0,0,0,0.0141471060526129,0,0,0,0,0,0,0.00565884242104517,0,0,0,0,0,0,0,0.285771542262781,0,0,0,0,0,0,0,0,0,0,0,0,0,0,0,0,0,0,0,0,0,0,0,0,0,0,0,0,0,0,0,0,0,0,0,0,0,0.0452707393683613,0,0,0,0,0,0,0,0,0,0,0,0,0,0,0,0,0,0,0,0,0,0,0,0,0,0,0,0,0,0,0,0,0,0,0.00282942121052258,0,0,0,0,0,0,0,0,0,0,0,0,0,0,0,0,0,0,0,0,0,0,0,0,0,0,0,0,0,0,0,0,0,0,0,0,0,0,0,0,0,0,0,0,0.0198059484736581,0,0,0,0,0,0,0,0,0,0,0,0,0,0,0,0,0.00282942121052258,0,0,0,0,0,0,0,0,0,0,0,0,0,0,0,0,0,0,0,0,0,0,0,0,0,0,0,0,0.0141471060526129,0,0,0,0,0,0,0,0,0,0,0,0,0,0.00282942121052258,0,0,0,0,0,0,0,0,0,0,0,0,0,0,0,0,0.00565884242104517,0,0,0,0,0,0,0,0,0,0,0,0,0,0,0,0,0,0,0,0,0.00282942121052258,0,0,0.00282942121052258,0,0,0,0,0,0,0,0,0,0,0,0,0,0,0,0,0,0,0,0,0,0,0,0,0,0,0,0,0,0.00565884242104517,0.00282942121052258,0,0,0,0,0,0,0.00282942121052258,0,0.00282942121052258,0,0,0,0,0,0,0,0,0,0,0,0,0,0,0,0,0,0,0,0,0,0,0,0,0,0.0452707393683613,0,0,0,0,0,0,0,0,0,0,0,0,0,0,0,0,0,0,0,0,0,0,0,0,0,0,0,0,0,0,0,0,0,0,0,0,0,0,0,0,0.0226353696841807,0,0,0.285771542262781,0,0,0,0,0,0,0,0,0,0,0,0,0,0,0,0,0,0,0,0,0,0,0,0,0,0,0,0,0,0,0,0,0,0,0,0,0,0,0,0.00282942121052258,0,0,0,0,0,0,0.00282942121052258,0,0,0,0,0,0,0,0,0,0,0,0,0,0,0,0,0,0,0,0,0,0,0,0,0,0,0,0,0,0.0509295817894065,0,0.00565884242104517,0,0,0,0.00282942121052258,0,0,0,0,0,0,0,0,0,0,0,0,0,0,0,0,0.0113176848420903,0,0.00282942121052258,0,0,0,0,0,0,0,0,0.00282942121052258,0,0,0.00282942121052258,0,0.0254647908947033,0,0,0,0,0,0,0,0,0,0,0,0,0,0,0,0,0,0,0,0,0.15234165869643,0,0,0,0,0,0,0.014479857818639,0.126234061423223,0,0,0,0,0,0,0,0,0,0,0,0,0,0,0,0,0,0,0,0,0,0,0,0,0,0,0,0,0,0,0,0,0,0,0,0,0,0,0,0,0,0,0,0,0,0,0,0,0,0,0,0,0,0,0,0,0,0,0,0,0,0,0,0,0,0,0,0,0,0.00610012763045208,0,0,0,0,0,0,0,0,0,0,0,0,0,0,0,0,0,0,0,0,5.39047607428306,0,0,0,0.050444920258865,0,0,0,0,0.0827049013292532,0,0,0,0,0,0,0,0,0,0,0,0,0.525228288730518,0.0460686361497287,0,0,0,0,0,0,0,0,0,0,0,0,0,0,0.326895198707298,0,0,0,0,0,0,0,0,0,0,0,0,0,0,0,0,0.281988661853712,0,0,0,0,0,0,0,0,0,0,0,0,0.119942741771796,0,0,0,0,0,0,4.1570790549184,0,0,0,0,0,0,0,79.4927947639855,0,0,0,0,0,0,0,0,0,0,0,0,0,0,0,0,0,0,0,0,0,0,0,0,0,0,0,0,0,0,0,0,0,0,0,0,0,0.28295869633627,0,0,0,0,0,0,0,0,0,0,0,0,0,0,0,0,0,0,0,0,0,0,0,0,0,0,0,0,0,0,0,0,0,0,0.317952240025388,0,0,0,0,0,0,0,0,0,0,0,0,0,0,0,0,0,0,0,0,0,0,0,0,0,0,0,0,0,0,0,0,0,0,0,0,0,0,0,0,0,0,0,0,0.0893203005422611,0,0,0,0,0,0,0,0,0,0,0,0,0,0,0,0,0.0247721485823673,0,0,0,0,0,0,0,0,0,0,0,0,0,0,0,0,0,0,0,0,0,0,0,0,0,0,0,0,0.018479022309765,0,0,0,0,0,0,0,0,0,0,0,0,0,0.759206074486025,0,0,0,0,0,0,0,0,0,0,0,0,0,0,0,0,0.56058411963295,0,0,0,0,0,0,0,0,0,0,0,0,0,0,0,0,0,0,0,0,4.35333412585037,0,0,0.761078923321089,0,0,0,0,0,0,0,0,0,0,0,0,0,0,0,0,0,0,0,0,0,0,0,0,0,0,0,0,0,0.513444202096085,0.0204346147065911,0,0,0,0,0,0,0.141445360875306,0,1.2957164536957,0,0,0,0,0,0,0,0,0,0,0,0,0,0,0,0,0,0,0,0,0,0,0,0,0,0.149685596041054,0,0,0,0,0,0,0,0,0,0,0,0,0,0,0,0,0,0,0,0,0,0,0,0,0,0,0,0,0,0,0,0,0,0,0,0,0,0,0,0,0.155316672812796,0,0,0.179519532489359,0,0,0,0,0,0,0,0,0,0,0,0,0,0,0,0,0,0,0,0,0,0,0,0,0,0,0,0,0,0,0,0,0,0,0,0,0,0,0,2.42714675598044,0,0,0,0,0,0,1.37509870831398,0,0,0,0,0,0,0,0,0,0,0,0,0,0,0,0,0,0,0,0,0,0,0,0,0,0,0,0,0,0.252400225079894,0,0.0229185142548609,0,0,0,0.134270749429591,0,0,0,0,0,0,0,0,0,0,0,0,0,0,0,0,0.0980778339480748,0,0.0523468388737573,0,0,0,0,0,0,0,0,0.0216618776013874,0,0,0.220087083110354,0,0.0649200593118532,0,0,0,198.0025033,216.3538039,220.3058039,195.1996033,207.7047035,190.0766033,203.0960035,187.1327032,210.3665038,181.3137031,195.4685034,"WAK-00265"
"499",6543,"nSPC",2014,"PRIAs","Pacific Remote Island Areas","Wake","Wake",2014,"ForereefDeep","Wake","2014-03-19","Forereef","Deep",19.2969925,166.65327681,21.8,22.5,12.5,5,0.5,54.5,5,0,0,NA,0.49625,0.332421019426039,1.25,2,1,7.73962439785084,5.02457927360383,22.1129453352879,10.7522111666047,45.6293601733473,3.24665875859071,0,0,0,0,0,0.00282942121052258,0,0,0,0,0,0,0,0,0,0,0,0.00565884242104517,0,0.00282942121052258,0,0,0,0,0,0.00565884242104517,0,0,0,0,0.00282942121052258,0,0,0,0,0,0,0,0,0,0,0,0,0,0,0,0,0,0,0,0,0,0,0,0,0,0.00565884242104517,0,0,0,0,0,0,0,0,0,0,0,0,0,0,0,0,0,0,0,0,0,0,0,0,0,0,0,0,0,0,0,0,0,0,0,0,0,0,0,0,0,0,0,0,0,0,0,0,0,0,0,0,0,0,0,0,0,0,0,0.0113176848420903,0,0,0,0.00848826363156775,0,0,0,0,0.00282942121052258,0,0,0,0,0,0,0,0,0,0,0,0,1.35812218105084,0.183912378683968,0,0,0,0,0,0,0,0,0,0,0,0,0,0,0.00282942121052258,0,0,0,0,0,0,0,0,0,0,0,0,0,0,0,0,0.00565884242104517,0,0,0,0,0,0,0,0,0.00565884242104517,0,0,0,0.00848826363156775,0,0,0,0,0,0,0,0,0,0,0,0,0,0,0.0452707393683613,0,0,0,0,0,0,0,0,0,0,0,0,0,0,0,0,0,0,0,0,0,0,0,0,0,0,0,0.00848826363156775,0,0,0,0,0,0,0,0,0,0.0198059484736581,0,0.00282942121052258,0,0,0,0,0,0,0,0,0,0,0,0,0,0,0,0,0,0,0,0,0,0,0,0,0,0,0,0,0,0,0,0,0,0,0,0,0,0,0.00282942121052258,0,0,0,0,0.00282942121052258,0,0,0,0,0,0.00565884242104517,0,0,0,0,0,0,0,0,0,0,0,0,0,0,0,0,0,0,0,0.00282942121052258,0,0,0,0,0,0,0,0,0,0,0,0,0,0,0,0.00565884242104517,0,0,0,0,0,0,0,0,0,0,0,0,0,0.0141471060526129,0,0,0,0,0,0,0,0,0,0,0,0,0,0,0,0,0,0,0,0,0,0,0,0.00565884242104517,0,0,0,0,0,0,0,0,0,0,0,0,0,0.00565884242104517,0,0,0,0,0,0,0,0,0,0,0,0,0,0,0,0,0.00282942121052258,0.00282942121052258,0,0,0,0,0,0,0,0,0,0,0,0,0,0,0,0,0,0,0,0,0,0,0.0113176848420903,0,0,0,0,0,0,0,0,0,0,0,0,0,0,0,0,0,0,0,0,0,0,0,0,0,0,0,0,0,0,0.00282942121052258,0,0,0,0,0,0,0.00565884242104517,0,0.00848826363156775,0,0,0,0,0,0,0,0,0,0,0,0,0,0,0,0,0,0,0,0,0,0,0,0,0,0.0226353696841807,0,0,0,0,0,0,0,0,0,0,0,0,0,0,0,0,0,0,0,0,0,0,0,0,0,0,0,0,0,0,0,0,0,0,0,0,0,0,0,0,0.0113176848420903,0,0,0.311236333157484,0,0,0,0,0,0,0,0,0,0,0,0,0,0,0,0,0,0,0,0,0,0,0,0,0,0,0,0,0,0,0.00282942121052258,0.00565884242104517,0,0,0,0,0,0,0,0.00848826363156775,0,0,0,0,0,0,0,0,0,0,0,0,0,0,0,0,0,0,0,0,0,0,0,0,0,0,0,0,0,0,0,0,0,0,0,0,0.0282942121052258,0,0,0,0,0,0.00282942121052258,0,0,0,0,0,0,0,0,0,0,0,0,0,0,0,0,0.0141471060526129,0,0,0,0,0,0,0,0,0,0,0,0,0,0,0,0,0,0,0,0,0,0,0,0,0.412529612494193,0,0,0,0,0,0,0,0,0,0,0,0.159779948754,0,0.112929955526142,0,0,0,0,0,0.504936245692892,0,0,0,0,0.290420847195912,0,0,0,0,0,0,0,0,0,0,0,0,0,0,0,0,0,0,0,0,0,0,0,0,0,0.475342763367794,0,0,0,0,0,0,0,0,0,0,0,0,0,0,0,0,0,0,0,0,0,0,0,0,0,0,0,0,0,0,0,0,0,0,0,0,0,0,0,0,0,0,0,0,0,0,0,0,0,0,0,0,0,0,0,0,0,0,0,1.53790425861781,0,0,0,0.0420702692132846,0,0,0,0,0.00430620002021125,0,0,0,0,0,0,0,0,0,0,0,0,1.80745690465151,0.0435730866420478,0,0,0,0,0,0,0,0,0,0,0,0,0,0,0.163447599353649,0,0,0,0,0,0,0,0,0,0,0,0,0,0,0,0,0.54947018315172,0,0,0,0,0,0,0,0,0.666401551833678,0,0,0,0.0803933255517154,0,0,0,0,0,0,0,0,0,0,0,0,0,0,12.7719629237353,0,0,0,0,0,0,0,0,0,0,0,0,0,0,0,0,0,0,0,0,0,0,0,0,0,0,0,1.97507025463546,0,0,0,0,0,0,0,0,0,0.369217312059991,0,0.047153357260388,0,0,0,0,0,0,0,0,0,0,0,0,0,0,0,0,0,0,0,0,0,0,0,0,0,0,0,0,0,0,0,0,0,0,0,0,0,0,1.11828883676186,0,0,0,0,0.324409048007724,0,0,0,0,0,0.238732414637843,0,0,0,0,0,0,0,0,0,0,0,0,0,0,0,0,0,0,0,4.03209371805798,0,0,0,0,0,0,0,0,0,0,0,0,0,0,0,0.0210358978738723,0,0,0,0,0,0,0,0,0,0,0,0,0,1.5189391261618,0,0,0,0,0,0,0,0,0,0,0,0,0,0,0,0,0,0,0,0,0,0,0,0.00540243409826541,0,0,0,0,0,0,0,0,0,0,0,0,0,0.72657586382518,0,0,0,0,0,0,0,0,0,0,0,0,0,0,0,0,0.474639722654202,0.595894210805327,0,0,0,0,0,0,0,0,0,0,0,0,0,0,0,0,0,0,0,0,0,0,4.33753287250445,0,0,0,0,0,0,0,0,0,0,0,0,0,0,0,0,0,0,0,0,0,0,0,0,0,0,0,0,0,0,0.0204346147065911,0,0,0,0,0,0,0.251585773037664,0,2.04441808280138,0,0,0,0,0,0,0,0,0,0,0,0,0,0,0,0,0,0,0,0,0,0,0,0,0,0.0748427980205268,0,0,0,0,0,0,0,0,0,0,0,0,0,0,0,0,0,0,0,0,0,0,0,0,0,0,0,0,0,0,0,0,0,0,0,0,0,0,0,0,0.065620184020259,0,0,1.14967391045558,0,0,0,0,0,0,0,0,0,0,0,0,0,0,0,0,0,0,0,0,0,0,0,0,0,0,0,0,0,0,2.27436103220834,0.650564291861521,0,0,0,0,0,0,0,3.24665875859071,0,0,0,0,0,0,0,0,0,0,0,0,0,0,0,0,0,0,0,0,0,0,0,0,0,0,0,0,0,0,0,0,0,0,0,0,0.134164402475086,0,0,0,0,0,0.167700926916158,0,0,0,0,0,0,0,0,0,0,0,0,0,0,0,0,0.141424653107302,0,0,0,0,0,0,0,0,0,0,0,0,0,0,0,0,0,0,0,147.7140025,136.3911025,142.5088025,113.3088019,163.5097028,135.3757023,154.3126026,132.3630022,158.1354029,123.8184021,136.6506024,"WAK-00259"
"500",6544,"nSPC",2014,"PRIAs","Pacific Remote Island Areas","Wake","Wake",2014,"ForereefMid","Wake","2014-03-19","Forereef","Mid",19.29930548,166.65158032,14.2,35,10,3,0.5,50,1.5,0,0,NA,0.4725,0.340532777656798,1.3,2,1,6.66718679651074,2.6840486955469,34.9105190873425,10.67681835558,54.9385729349801,1.34368286537678,0,0,0,0,0,0.00565884242104517,0,0,0,0,0,0,0,0,0,0,0,0.0198059484736581,0,0,0,0,0,0,0,0,0,0,0,0,0,0,0,0,0,0,0,0,0,0,0,0,0,0,0,0,0,0,0,0,0,0,0,0,0,0,0.0113176848420903,0,0,0,0,0,0,0,0,0,0,0,0,0,0,0,0,0,0,0,0,0,0,0,0,0,0,0,0,0,0,0,0,0,0,0,0,0,0,0,0,0,0,0,0,0,0,0,0,0,0,0,0,0,0,0,0,0,0,0,0.00848826363156775,0,0,0,0.0113176848420903,0,0,0,0,0.0141471060526129,0,0,0,0,0,0,0,0,0,0,0,0,0.155618166578742,0.15278874536822,0,0,0,0,0,0,0,0,0,0,0,0,0,0,0,0,0,0,0,0,0,0,0,0,0,0,0,0,0,0,0,0,0,0,0,0,0,0,0,0,0.00565884242104517,0,0,0,0.0169765272631355,0,0,0,0,0,0,0,0,0,0,0,0.00565884242104517,0,0,0.0933708999472453,0,0,0,0.24050080289442,0,0,0,0,0,0,0,0,0,0,0,0,0,0,0,0,0,0,0,0,0,0,0,0.00282942121052258,0,0,0,0,0,0,0,0,0,0.0396118969473162,0,0,0,0,0,0,0,0,0,0,0,0,0,0,0,0,0,0,0,0,0,0,0,0,0,0,0,0,0,0,0,0,0,0,0,0,0,0,0,0,0,0,0,0,0,0,0,0,0,0,0,0,0,0,0,0,0,0,0,0,0,0,0,0,0,0,0,0,0,0,0,0,0,0,0,0,0,0,0,0,0,0,0,0,0,0,0,0.0113176848420903,0,0,0,0,0,0,0,0,0.00282942121052258,0,0,0,0,0,0,0,0,0,0,0,0,0,0,0,0,0,0,0,0,0,0,0,0,0,0,0,0,0.00848826363156775,0,0,0,0,0,0,0,0,0,0,0,0,0,0,0,0,0,0,0,0,0,0,0,0,0,0,0,0,0,0.0113176848420903,0.0169765272631355,0.0141471060526129,0,0,0,0,0,0,0,0,0,0,0,0,0,0,0,0,0,0,0,0,0,0,0,0,0,0,0,0,0,0,0,0,0,0,0,0,0,0,0,0,0,0,0,0,0,0,0,0,0,0,0,0,0.00282942121052258,0,0,0,0,0,0,0.00282942121052258,0.00282942121052258,0,0.00848826363156775,0,0,0,0,0,0,0,0,0,0,0,0,0,0,0,0,0,0,0,0,0,0,0,0,0,0.0141471060526129,0,0,0,0,0,0,0,0,0,0,0,0,0,0,0,0,0,0,0,0,0,0,0,0,0,0,0,0,0,0,0,0,0,0,0,0,0,0,0,0,0.00565884242104517,0,0,0,0,0,0,0,0,0,0,0,0,0,0,0,0,0,0,0,0,0,0,0,0,0,0,0,0,0,0,0,0,0,0,0,0,0,0,0,0,0,0,0.00282942121052258,0,0,0,0,0,0,0,0,0,0,0,0,0,0,0,0,0,0,0,0,0,0,0,0,0,0,0,0,0,0,0,0,0,0,0,0,0.033953054526271,0,0,0,0,0,0.00282942121052258,0,0,0,0,0,0,0,0,0,0,0,0,0,0,0,0,0.0198059484736581,0,0,0,0,0,0,0,0,0,0,0,0,0,0,0,0,0,0,0,0,0,0,0,0,0.305011606494335,0,0,0,0,0,0,0,0,0,0,0,0.477847427163429,0,0,0,0,0,0,0,0,0,0,0,0,0,0,0,0,0,0,0,0,0,0,0,0,0,0,0,0,0,0,0,0,0,0,0,0,0,0,2.89828366394428,0,0,0,0,0,0,0,0,0,0,0,0,0,0,0,0,0,0,0,0,0,0,0,0,0,0,0,0,0,0,0,0,0,0,0,0,0,0,0,0,0,0,0,0,0,0,0,0,0,0,0,0,0,0,0,0,0,0,0,2.78205128585781,0,0,0,0.0482385590379428,0,0,0,0,0.0282418152743514,0,0,0,0,0,0,0,0,0,0,0,0,0.148918097152225,0.0661914797989653,0,0,0,0,0,0,0,0,0,0,0,0,0,0,0,0,0,0,0,0,0,0,0,0,0,0,0,0,0,0,0,0,0,0,0,0,0,0,0,0,0.447063356309831,0,0,0,0.154920786825186,0,0,0,0,0,0,0,0,0,0,0,0.660826021200608,0,0,27.0517078683244,0,0,0,0.463909072256072,0,0,0,0,0,0,0,0,0,0,0,0,0,0,0,0,0,0,0,0,0,0,0,0.56674907181873,0,0,0,0,0,0,0,0,0,0.446736189415715,0,0,0,0,0,0,0,0,0,0,0,0,0,0,0,0,0,0,0,0,0,0,0,0,0,0,0,0,0,0,0,0,0,0,0,0,0,0,0,0,0,0,0,0,0,0,0,0,0,0,0,0,0,0,0,0,0,0,0,0,0,0,0,0,0,0,0,0,0,0,0,0,0,0,0,0,0,0,0,0,0,0,0,0,0,0,0,0.0532106611693298,0,0,0,0,0,0,0,0,0.38706482159949,0,0,0,0,0,0,0,0,0,0,0,0,0,0,0,0,0,0,0,0,0,0,0,0,0,0,0,0,0.0375396483565659,0,0,0,0,0,0,0,0,0,0,0,0,0,0,0,0,0,0,0,0,0,0,0,0,0,0,0,0,0,2.00503004633964,4.97035886301704,5.49940814898393,0,0,0,0,0,0,0,0,0,0,0,0,0,0,0,0,0,0,0,0,0,0,0,0,0,0,0,0,0,0,0,0,0,0,0,0,0,0,0,0,0,0,0,0,0,0,0,0,0,0,0,0,0.382311393965811,0,0,0,0,0,0,0.141445360875306,0.463095091867528,0,2.22215540960878,0,0,0,0,0,0,0,0,0,0,0,0,0,0,0,0,0,0,0,0,0,0,0,0,0,0.0494505503393592,0,0,0,0,0,0,0,0,0,0,0,0,0,0,0,0,0,0,0,0,0,0,0,0,0,0,0,0,0,0,0,0,0,0,0,0,0,0,0,0,0.0363069385884642,0,0,0,0,0,0,0,0,0,0,0,0,0,0,0,0,0,0,0,0,0,0,0,0,0,0,0,0,0,0,0,0,0,0,0,0,0,0,0,0,0,0,1.34368286537678,0,0,0,0,0,0,0,0,0,0,0,0,0,0,0,0,0,0,0,0,0,0,0,0,0,0,0,0,0,0,0,0,0,0,0,0,0.238693893238532,0,0,0,0,0,0.134270749429591,0,0,0,0,0,0,0,0,0,0,0,0,0,0,0,0,0.427852191350098,0,0,0,0,0,0,0,0,0,0,0,0,0,0,0,0,0,0,0,141.8181024,129.6409023,128.6525023,106.5272018,156.9258027,128.2361021,146.8558025,123.3489021,149.7121027,119.149002,129.3604022,"WAK-00198"
"501",6545,"nSPC",2014,"PRIAs","Pacific Remote Island Areas","Wake","Wake",2014,"ForereefShallow","Wake","2014-03-19","Forereef","Shallow",19.29794175,166.65207208,6.2,15,0,0.5,12.5,72,0,0,0,NA,0.25625,0.264980490411817,0.95,2,1,0.747060739600203,12.3489461600757,33.5421455696783,1.29968230259652,47.9378347719508,1.2028053146332,0,0,0,0,0.0113176848420903,0,0,0,0,0,0,0,0,0,0,0,0,0.0226353696841807,0,0.0565884242104517,0,0,0,0,0,0,0,0,0,0,0,0,0,0,0,0,0,0,0,0,0,0,0,0,0,0,0,0,0,0,0,0,0,0,0,0,0,0,0,0,0,0,0,0,0,0,0,0,0,0,0,0,0,0,0,0,0,0,0,0,0,0,0,0,0,0,0,0,0,0,0,0,0,0,0,0,0,0,0,0,0,0,0,0,0,0,0,0,0,0,0,0,0,0,0,0,0.00282942121052258,0,0,0,0.0141471060526129,0,0,0,0,0,0,0,0,0,0,0,0,0,0,0,0,0,0,0,0,0,0,0,0,0,0,0,0,0,0,0,0,0,0,0,0,0,0,0,0,0,0,0,0,0,0,0,0,0,0,0,0,0,0,0,0,0,0,0,0,0,0,0,0,0,0,0.00565884242104517,0,0,0,0,0,0,0,0,0,0,0,0.0452707393683613,0,0,0,0,0,0,0,0,0,0,0,0,0,0,0,0,0,0,0,0,0,0,0,0,0,0.00282942121052258,0,0,0,0,0,0,0,0,0,0,0,0,0,0.00282942121052258,0,0,0,0,0,0,0,0,0,0,0,0,0,0,0,0,0,0,0,0,0,0,0,0,0,0,0,0,0,0,0,0,0,0,0,0,0,0,0,0,0,0,0,0,0,0,0,0.00565884242104517,0,0,0,0,0,0,0,0,0,0,0,0.00565884242104517,0,0,0,0,0,0,0,0,0,0,0,0,0,0,0,0,0,0,0,0,0,0,0,0,0,0,0,0,0,0,0,0,0,0,0,0,0,0,0,0,0,0,0,0,0,0,0,0,0,0,0,0,0,0,0,0,0,0,0,0,0,0,0,0,0,0,0,0,0,0,0,0,0,0,0,0,0,0,0,0,0,0,0,0,0,0,0,0,0,0,0,0,0,0.0594178454209743,0.0282942121052258,0,0,0,0,0,0,0,0,0,0,0,0,0,0,0,0,0,0,0,0,0,0,0,0,0,0,0,0,0,0,0,0,0.00282942121052258,0,0,0,0,0,0,0,0,0,0,0,0,0,0,0,0,0,0,0,0,0,0.00565884242104517,0,0,0,0,0,0,0.00282942121052258,0,0,0,0,0,0,0,0,0,0,0,0,0,0,0,0,0,0,0,0,0,0,0,0,0,0,0.0141471060526129,0.0141471060526129,0,0,0,0,0,0,0,0,0,0,0,0,0,0,0,0,0,0,0,0,0,0,0,0,0,0,0,0,0,0,0,0,0,0,0,0,0,0,0,0,0,0,0,0,0,0,0,0,0,0,0,0,0,0,0,0,0,0,0,0,0,0,0,0,0,0,0,0,0,0,0,0,0,0,0,0,0,0,0,0,0,0,0,0.00282942121052258,0,0,0,0,0,0,0,0,0,0,0,0,0,0,0,0,0,0,0,0,0,0,0,0,0,0,0,0,0,0,0,0,0,0,0,0,0.0141471060526129,0,0,0,0,0,0,0,0,0,0,0,0,0,0,0,0,0,0,0,0,0,0,0.0169765272631355,0,0.113176848420903,0,0,0,0,0,0,0,0,0,0,0,0,0,0,0,0,0,0,0,0,0,0.798757230212139,0,0,0,0,0,0,0,0,0,0,0,0,0.47888353229264,0,0.93751077524865,0,0,0,0,0,0,0,0,0,0,0,0,0,0,0,0,0,0,0,0,0,0,0,0,0,0,0,0,0,0,0,0,0,0,0,0,0,0,0,0,0,0,0,0,0,0,0,0,0,0,0,0,0,0,0,0,0,0,0,0,0,0,0,0,0,0,0,0,0,0,0,0,0,0,0,0,0,0,0,0,0,0,0,0,0,0,0,0,0,0,0,0,0,0,0,0,0.489340134096332,0,0,0,0.0581553696024723,0,0,0,0,0,0,0,0,0,0,0,0,0,0,0,0,0,0,0,0,0,0,0,0,0,0,0,0,0,0,0,0,0,0,0,0,0,0,0,0,0,0,0,0,0,0,0,0,0,0,0,0,0,0,0,0,0,0,0,0,0,0,0,0,0,0,0.200656260881285,0,0,0,0,0,0,0,0,0,0,0,25.2194153677186,0,0,0,0,0,0,0,0,0,0,0,0,0,0,0,0,0,0,0,0,0,0,0,0,0,0.00876911908578817,0,0,0,0,0,0,0,0,0,0,0,0,0,0.506981907218936,0,0,0,0,0,0,0,0,0,0,0,0,0,0,0,0,0,0,0,0,0,0,0,0,0,0,0,0,0,0,0,0,0,0,0,0,0,0,0,0,0,0,0,0,0,0,0,0.226702970196253,0,0,0,0,0,0,0,0,0,0,0,0.142880781652415,0,0,0,0,0,0,0,0,0,0,0,0,0,0,0,0,0,0,0,0,0,0,0,0,0,0,0,0,0,0,0,0,0,0,0,0,0,0,0,0,0,0,0,0,0,0,0,0,0,0,0,0,0,0,0,0,0,0,0,0,0,0,0,0,0,0,0,0,0,0,0,0,0,0,0,0,0,0,0,0,0,0,0,0,0,0,0,0,0,0,0,0,0,11.5501889298636,5.04620151310579,0,0,0,0,0,0,0,0,0,0,0,0,0,0,0,0,0,0,0,0,0,0,0,0,0,0,0,0,0,0,0,0,0.00713957735872033,0,0,0,0,0,0,0,0,0,0,0,0,0,0,0,0,0,0,0,0,0,0.0436399107154559,0,0,0,0,0,0,0.0310176353076178,0,0,0,0,0,0,0,0,0,0,0,0,0,0,0,0,0,0,0,0,0,0,0,0,0,0,0.05987563790784,0.0601457566454789,0,0,0,0,0,0,0,0,0,0,0,0,0,0,0,0,0,0,0,0,0,0,0,0,0,0,0,0,0,0,0,0,0,0,0,0,0,0,0,0,0,0,0,0,0,0,0,0,0,0,0,0,0,0,0,0,0,0,0,0,0,0,0,0,0,0,0,0,0,0,0,0,0,0,0,0,0,0,0,0,0,0,0,1.2028053146332,0,0,0,0,0,0,0,0,0,0,0,0,0,0,0,0,0,0,0,0,0,0,0,0,0,0,0,0,0,0,0,0,0,0,0,0,0.0834226707722837,0,0,0,0,0,0,0,0,0,0,0,0,0,0,0,0,0,0,0,0,0,0,0.290979415269192,0,0.494364962166137,0,0,0,0,0,0,0,0,0,0,0,0,0,0,0,0,0,142.6893024,130.9275024,131.5252023,109.3239019,157.6555027,130.2328022,148.7140025,124.8577021,151.1081027,120.0110021,131.8065023,"WAK-00212"
"502",6546,"nSPC",2014,"PRIAs","Pacific Remote Island Areas","Wake","Wake",2014,"ForereefMid","Wake","2014-03-19","Forereef","Mid",19.27702772,166.65680224,12.85,20,1.5,12.5,2.5,60,3.5,0,0,NA,0.45,0.280769906384524,1.1,2,1,1.13793800547612,4.54640948913549,15.0077361141094,4.28514761925104,24.9772312279721,7.81318662728832,0,0,0,0,0,0,0,0,0,0,0,0,0,0,0,0,0,0.033953054526271,0,0.0198059484736581,0,0,0,0,0,0,0,0,0,0,0,0,0,0,0,0,0,0,0,0,0,0,0,0,0,0,0,0,0,0,0,0,0,0,0,0,0,0,0,0,0,0,0,0,0,0,0,0,0,0,0,0,0,0,0,0,0,0,0,0,0,0,0,0,0,0,0,0,0,0,0,0,0,0,0,0,0,0,0,0,0,0,0,0,0,0,0,0,0,0,0,0,0,0,0,0,0.00282942121052258,0,0,0,0.0141471060526129,0,0,0,0,0.0113176848420903,0,0,0,0,0,0,0,0,0,0,0,0,0.594178454209743,0.0141471060526129,0,0,0,0,0,0,0,0,0,0,0,0,0,0,0,0,0,0.00282942121052258,0,0,0,0,0,0,0,0,0,0,0,0,0,0,0,0,0,0,0,0,0,0,0.00565884242104517,0,0,0,0.00565884242104517,0,0,0.00565884242104517,0,0,0,0.00565884242104517,0,0,0,0,0,0,0,0,0,0,0.00565884242104517,0.367824757367936,0,0,0,0,0,0,0,0,0,0,0,0,0,0,0,0,0,0,0,0,0,0,0,0.00565884242104517,0,0,0,0,0,0,0,0,0,0.00565884242104517,0,0.00565884242104517,0,0,0.0254647908947033,0,0,0,0,0,0,0,0,0,0,0,0,0,0,0,0,0,0,0,0,0,0,0,0,0,0,0,0,0,0,0,0,0,0,0,0,0,0,0,0,0,0,0,0,0,0,0,0,0,0,0,0,0,0,0,0,0.00565884242104517,0,0,0,0,0,0,0,0,0,0,0,0,0,0,0,0,0,0,0,0,0,0,0,0,0,0.0282942121052258,0,0,0,0,0,0,0,0,0,0,0,0,0,0,0,0,0,0,0,0,0,0,0,0,0,0,0,0,0,0,0,0,0,0,0,0,0,0.00848826363156775,0,0,0,0,0,0,0,0,0,0,0,0,0,0,0,0,0,0,0,0,0,0,0,0,0,0,0,0,0,0.0169765272631355,0.00848826363156775,0,0,0,0,0,0,0,0,0,0,0,0,0,0,0,0,0,0,0,0,0,0,0,0.00565884242104517,0,0,0,0,0,0,0,0,0.00282942121052258,0,0,0,0,0,0,0,0,0,0,0,0,0,0,0,0,0,0,0,0,0.00565884242104517,0.0141471060526129,0,0,0,0,0,0.00282942121052258,0.00282942121052258,0,0.00282942121052258,0,0.00282942121052258,0,0,0,0,0,0,0,0,0,0,0,0,0,0,0,0,0,0,0.00282942121052258,0,0,0,0,0.0198059484736581,0,0,0,0,0,0,0,0,0,0,0,0,0,0,0,0,0,0,0,0,0,0,0,0,0,0,0,0,0,0,0,0,0,0,0,0,0,0,0,0,0.00282942121052258,0,0,0,0,0.00282942121052258,0,0,0,0,0,0,0,0,0,0,0,0,0,0,0,0,0,0,0,0,0,0,0,0,0,0,0,0,0,0,0,0,0,0,0,0,0,0.00848826363156775,0,0,0,0,0,0,0,0,0,0,0,0,0,0,0,0,0,0,0,0,0,0,0,0,0,0,0,0,0,0,0,0,0,0,0,0,0.0367824757367936,0,0,0,0,0,0.00565884242104517,0,0,0,0,0,0,0,0,0,0,0,0,0,0,0,0,0.0169765272631355,0,0.00848826363156775,0,0,0,0,0,0,0,0,0,0,0,0,0,0.00565884242104517,0,0,0,0,0,0,0,0,0,0,0,0,0,0,0,0,0,0,0,0,0.612635822216712,0,0.309543211013425,0,0,0,0,0,0,0,0,0,0,0,0,0,0,0,0,0,0,0,0,0,0,0,0,0,0,0,0,0,0,0,0,0,0,0,0,0,0,0,0,0,0,0,0,0,0,0,0,0,0,0,0,0,0,0,0,0,0,0,0,0,0,0,0,0,0,0,0,0,0,0,0,0,0,0,0,0,0,0,0,0,0,0,0,0,0,0,0,0,0,0,0,0,0,0,0,0.645366508516866,0,0,0,0.0635114890223281,0,0,0,0,0.0148431456599017,0,0,0,0,0,0,0,0,0,0,0,0,0.521943330705101,0.00618935889801815,0,0,0,0,0,0,0,0,0,0,0,0,0,0,0,0,0,1.95662665135832,0,0,0,0,0,0,0,0,0,0,0,0,0,0,0,0,0,0,0,0,0,0,0.358222584828211,0,0,0,0.0205868613468296,0,0,0.281988661853712,0,0,0,2.17499846103984,0,0,0,0,0,0,0,0,0,0,0.344411346236754,0.829999394421958,0,0,0,0,0,0,0,0,0,0,0,0,0,0,0,0,0,0,0,0,0,0,0,0.826952763243399,0,0,0,0,0,0,0,0,0,0.0588996475885093,0,0.760913467857913,0,0,1.37802274012838,0,0,0,0,0,0,0,0,0,0,0,0,0,0,0,0,0,0,0,0,0,0,0,0,0,0,0,0,0,0,0,0,0,0,0,0,0,0,0,0,0,0,0,0,0,0,0,0,0,0,0,0,0,0,0,0,0.208062213578212,0,0,0,0,0,0,0,0,0,0,0,0,0,0,0,0,0,0,0,0,0,0,0,0,0,0.0691287019576088,0,0,0,0,0,0,0,0,0,0,0,0,0,0,0,0,0,0,0,0,0,0,0,0,0,0,0,0,0,0,0,0,0,0,0,0,0,0.0205177554745588,0,0,0,0,0,0,0,0,0,0,0,0,0,0,0,0,0,0,0,0,0,0,0,0,0,0,0,0,0,3.18827740511042,1.76781920439972,0,0,0,0,0,0,0,0,0,0,0,0,0,0,0,0,0,0,0,0,0,0,0,1.44496289784964,0,0,0,0,0,0,0,0,0.0126222754078381,0,0,0,0,0,0,0,0,0,0,0,0,0,0,0,0,0,0,0,0,0.40983781433135,0.15970573092098,0,0,0,0,0,0.0204346147065911,0.0622990679213183,0,1.16775644450284,0,0.13689078274066,0,0,0,0,0,0,0,0,0,0,0,0,0,0,0,0,0,0,0.0144052111636416,0,0,0,0,0.0842040593036704,0,0,0,0,0,0,0,0,0,0,0,0,0,0,0,0,0,0,0,0,0,0,0,0,0,0,0,0,0,0,0,0,0,0,0,0,0,0,0,0,0.0181534692942321,0,0,0,0,0.00310354925231643,0,0,0,0,0,0,0,0,0,0,0,0,0,0,0,0,0,0,0,0,0,0,0,0,0,0,0,0,0,0,0,0,0,0,0,0,0,3.68156151489016,0,0,0,0,0,0,0,0,0,0,0,0,0,0,0,0,0,0,0,0,0,0,0,0,0,0,0,0,0,0,0,0,0,0,0,0,0.135945368048302,0,0,0,0,0,0.412529612494193,0,0,0,0,0,0,0,0,0,0,0,0,0,0,0,0,0.115936932073777,0,0.0299686635776131,0,0,0,0,0,0,0,0,0,0,0,0,0,0.647452493036233,0,0,0,142.4479024,129.6633023,129.5388023,106.7148018,157.3556027,128.2584021,146.8917025,123.9210021,149.7121027,119.162202,129.3884022,"WAK-00147"
"503",6552,"nSPC",2014,"PRIAs","Pacific Remote Island Areas","Wake","Wake",2014,"ForereefDeep","Wake","2014-03-19","Forereef","Deep",19.26737797,166.65654852,19.1,55,10,17.5,2.5,12.5,2.5,0,0,NA,0.355,0.218983433584838,0.75,2,1,28.319181141973,3.26685878128633,29.3370419658377,8.41889148015374,69.3419733692508,10.6625893231724,0,0,0,0,0,0,0,0,0,0,0,0,0,0,0,0,0,0.0282942121052258,0,0,0,0,0,0,0,0,0,0,0,0,0,0,0,0,0,0,0,0,0,0,0,0,0,0,0,0,0,0,0,0,0,0,0,0,0,0,0.0792237938946324,0,0,0,0,0,0,0,0,0,0,0,0,0,0,0,0,0,0,0,0,0,0,0,0,0,0,0,0,0,0,0,0,0,0,0,0,0,0,0,0,0,0,0,0,0,0,0,0,0,0,0,0,0,0,0,0,0,0,0,0.0141471060526129,0,0,0,0.00848826363156775,0,0,0,0,0.0537590029999291,0,0,0,0,0,0,0,0,0,0,0.00282942121052258,0,1.61277008999787,0.0707355302630646,0,0,0,0,0,0,0,0,0,0,0,0,0,0,0,0,0,0.00848826363156775,0,0,0,0,0,0,0,0,0,0,0,0,0,0.00565884242104517,0,0.00282942121052258,0,0,0,0,0,0,0.00282942121052258,0,0,0,0.0198059484736581,0,0,0,0,0,0,0.00565884242104517,0,0,0,0,0,0,0,0.0311236333157484,0,0.00565884242104517,0,0,0,0,0,0,0,0,0,0,0,0,0,0,0,0,0,0,0,0,0,0,0,0,0,0.00565884242104517,0,0,0,0,0,0,0,0,0,0.0113176848420903,0,0.0254647908947033,0,0,0.00282942121052258,0,0,0,0,0,0,0,0,0,0,0,0,0,0,0,0,0,0,0,0,0,0,0,0,0,0,0,0,0,0.00565884242104517,0,0,0,0,0,0,0,0,0,0,0,0,0,0,0,0,0,0,0,0,0,0,0,0,0,0,0.00282942121052258,0,0,0,0,0,0,0,0,0,0,0,0,0,0.00282942121052258,0,0,0,0.0113176848420903,0,0,0,0,0,0,0.00565884242104517,0,0,0.0169765272631355,0,0,0,0,0,0,0,0,0,0,0,0,0,0,0,0,0,0,0,0,0,0,0,0,0,0,0,0,0,0,0.00565884242104517,0,0,0,0,0.00848826363156775,0,0,0,0,0,0.00565884242104517,0.00282942121052258,0,0,0,0,0,0,0,0,0,0,0,0,0,0,0,0,0,0,0,0,0,0,0.0141471060526129,0.0141471060526129,0,0,0,0,0,0,0,0,0,0,0,0,0,0,0,0,0,0,0,0,0,0,0,0.0141471060526129,0,0,0,0,0,0,0,0,0,0,0,0,0,0,0,0,0,0,0,0,0,0,0,0,0,0.00282942121052258,0,0,0,0.00565884242104517,0.00848826363156775,0,0,0,0,0,0.0113176848420903,0,0,0.00282942121052258,0,0,0,0,0,0,0,0,0,0,0,0,0,0,0,0,0,0,0,0,0,0,0,0,0,0.0198059484736581,0,0,0,0,0,0,0,0,0,0,0,0,0,0,0,0,0,0,0,0,0,0,0,0,0,0,0,0,0,0,0,0,0,0,0,0,0,0,0,0,0.0282942121052258,0,0,0.311236333157484,0,0,0,0,0,0,0,0,0,0,0,0,0,0,0,0,0,0,0,0,0,0,0,0,0,0,0,0,0,0,0,0,0,0,0,0,0,0,0,0.00565884242104517,0,0,0,0,0,0,0,0,0,0,0,0,0,0,0,0,0,0,0,0,0,0,0,0,0,0,0,0,0,0,0,0,0,0,0,0,0.0141471060526129,0,0.00848826363156775,0,0,0,0.00565884242104517,0,0,0,0,0,0,0,0,0,0,0,0,0,0,0,0,0.0198059484736581,0,0.00565884242104517,0,0,0,0,0,0,0,0,0,0,0,0,0,0.00565884242104517,0,0,0,0,0,0,0,0,0,0,0,0,0,0,0,0,0,0,0,0,0.494512279268101,0,0,0,0,0,0,0,0,0,0,0,0,0,0,0,0,0,0,0,0,0,0,0,0,0,0,0,0,0,0,0,0,0,0,0,0,0,0,20.7030787157209,0,0,0,0,0,0,0,0,0,0,0,0,0,0,0,0,0,0,0,0,0,0,0,0,0,0,0,0,0,0,0,0,0,0,0,0,0,0,0,0,0,0,0,0,0,0,0,0,0,0,0,0,0,0,0,0,0,0,0,3.36295904491763,0,0,0,0.020391300409399,0,0,0,0,0.074672837121184,0,0,0,0,0,0,0,0,0,0,0.32023041145109,0,1.98776460071327,0.0260943371140445,0,0,0,0,0,0,0,0,0,0,0,0,0,0,0,0,0,6.48502433563616,0,0,0,0,0,0,0,0,0,0,0,0,0,0.281988661853712,0,1.32886409576468,0,0,0,0,0,0,0.0817502926299197,0,0,0,0.135375821504923,0,0,0,0,0,0,0.432811797548188,0,0,0,0,0,0,0,8.73589724465215,0,0.173433805297937,0,0,0,0,0,0,0,0,0,0,0,0,0,0,0,0,0,0,0,0,0,0,0,0,0,1.81187895618208,0,0,0,0,0,0,0,0,0,0.375358303313929,0,2.94825403782527,0,0,0.0567371833240222,0,0,0,0,0,0,0,0,0,0,0,0,0,0,0,0,0,0,0,0,0,0,0,0,0,0,0,0,0,0.449562989152313,0,0,0,0,0,0,0,0,0,0,0,0,0,0,0,0,0,0,0,0,0,0,0,0,0,0,0.104031106789106,0,0,0,0,0,0,0,0,0,0,0,0,0,0.185342009980396,0,0,0,0.0170851770376196,0,0,0,0,0,0,0.00749796620788485,0,0,0.00723771980083203,0,0,0,0,0,0,0,0,0,0,0,0,0,0,0,0,0,0,0,0,0,0,0,0,0,0,0,0,0,0,0.00540243409826541,0,0,0,0,0.0102179543473019,0,0,0,0,0,3.77076557339337,2.42738656854939,0,0,0,0,0,0,0,0,0,0,0,0,0,0,0,0,0,0,0,0,0,0,0.672871729096483,2.04851346202386,0,0,0,0,0,0,0,0,0,0,0,0,0,0,0,0,0,0,0,0,0,0,0,3.54062721185353,0,0,0,0,0,0,0,0,0,0,0,0,0,0,0,0,0,0,0,0,0,0,0,0,0,0.201563722905813,0,0,0,0.939339094973999,0.056262186123294,0,0,0,0,0,0.179281573473739,0,0,0.500467612637146,0,0,0,0,0,0,0,0,0,0,0,0,0,0,0,0,0,0,0,0,0,0,0,0,0,0.0681612498444909,0,0,0,0,0,0,0,0,0,0,0,0,0,0,0,0,0,0,0,0,0,0,0,0,0,0,0,0,0,0,0,0,0,0,0,0,0,0,0,0,0.28915297293475,0,0,0.58012811436253,0,0,0,0,0,0,0,0,0,0,0,0,0,0,0,0,0,0,0,0,0,0,0,0,0,0,0,0,0,0,0,0,0,0,0,0,0,0,0,2.41588909422333,0,0,0,0,0,0,0,0,0,0,0,0,0,0,0,0,0,0,0,0,0,0,0,0,0,0,0,0,0,0,0,0,0,0,0,0,0.0834226707722837,0,0.0175621863052466,0,0,0,0.31187238704561,0,0,0,0,0,0,0,0,0,0,0,0,0,0,0,0,0.268746850378584,0,0.0679997628946103,0,0,0,0,0,0,0,0,0,0,0,0,0,0.278503925796427,0,0,0,38.56690064,22.74030039,23.55320042,22.14040039,35.27270057,26.11070042,20.72920035,26.52650046,36.97150066,32.47030059,26.76060048,"WAK-00226"
"504",6553,"nSPC",2014,"PRIAs","Pacific Remote Island Areas","Wake","Wake",2014,"ForereefDeep","Wake","2014-03-19","Forereef","Deep",19.30990264,166.65259059,24.65,30,7.5,0,5,53.5,4,0,0,NA,0.81,0.452612474698884,1.75,2,1,11.8588055965022,3.69805156576073,185.228517496525,9.78743927827895,210.572813937067,3.36260356270606,0,0,0,0,0,0,0,0,0,0,0,0,0,0,0,0,0,0,0,0.0141471060526129,0,0,0,0,0,0,0,0,0,0,0.00565884242104517,0,0,0,0,0,0,0,0,0,0,0,0,0,0,0,0,0,0,0,0,0,0,0,0,0,0,0,0,0,0,0,0,0,0,0,0,0,0,0,0,0,0,0,0,0,0,0,0,0,0,0,0,0,0,0,0,0,0,0,0,0,0,0,0,0,0,0,0,0,0,0,0,0,0,0,0,0,0,0,0,0,0,0,0,0,0.00848826363156775,0,0,0,0,0,0,0,0,0.0113176848420903,0,0,0,0,0,0,0,0,0,0,0,0,0.523442923946678,0.0735649514735872,0,0,0,0,0,0,0,0,0,0,0,0,0,0,0,0,0,0,0,0,0,0,0,0,0,0,0,0,0,0,0,0.00565884242104517,0,0,0,0,0,0,0,0,0,0,0,0,0.0113176848420903,0,0,0.0113176848420903,0,0,0,0.00282942121052258,0,0,0,0,0,0,0,0.605496139051833,0,0,0,0,0,0,0,0,0,0,0,0,0,0,0,0,0,0,0,0,0,0,0,0,0,0,0,0.00565884242104517,0,0,0,0,0,0,0,0,0,0.00565884242104517,0,0,0,0,0.00565884242104517,0,0,0,0,0,0,0,0,0,0,0,0,0,0,0,0,0,0,0,0,0,0,0,0,0,0,0,0,0,0.00282942121052258,0,0,0,0,0,0.00282942121052258,0,0,0,0,0,0.00282942121052258,0,0,0,0,0,0,0,0,0,0,0,0,0,0,0,0,0,0,0,0,0,0,0,0,0,0,0,0,0,0,0,0,0,0,0,0,0,0,0,0,0,0,0.0198059484736581,0,0,0,0,0,0,0,0,0,0,0,0.00282942121052258,0,0,0,0,0,0,0,0,0,0,0,0,0,0,0,0,0,0,0.00282942121052258,0,0,0,0,0,0,0,0,0,0,0.00282942121052258,0,0,0,0,0,0,0,0.00565884242104517,0,0,0.00282942121052258,0,0,0,0,0,0,0,0,0,0,0,0,0,0.00565884242104517,0,0,0,0,0,0,0,0,0.00282942121052258,0,0,0,0,0,0,0,0,0,0,0,0,0,0.00282942121052258,0.00565884242104517,0,0,0,0,0,0,0,0,0,0,0,0,0,0,0,0,0,0,0,0,0,0,0,0,0,0,0,0,0,0,0,0,0,0,0,0,0,0,0,0,0,0,0,0,0,0,0,0,0,0,0,0,0,0,0,0,0,0,0,0,0,0,0,0,0,0.0226353696841807,0,0,0,0,0,0,0,0,0,0,0,0,0,0,0,0,0,0,0,0,0,0,0,0,0,0.00282942121052258,0,0,0,0,0,0,0,0,0,0.00282942121052258,0,0,0,0,0.0113176848420903,0,0,0.0367824757367936,0,0,0,0,0,0,0,0,0,0,0,0,0,0,0,0,0,0,0,0,0,0,0,0,0,0,0,0,0,0,0,0,0,0,0,0,0,0,0,0.00565884242104517,0,0,0,0,0,0,0,0,0,0,0,0,0,0,0,0,0,0,0,0,0,0,0,0,0,0,0,0,0,0,0,0,0,0,0,0,0.0198059484736581,0,0,0,0,0,0,0,0,0,0,0,0,0,0,0,0,0,0,0,0,0,0,0.0141471060526129,0,0,0,0,0,0,0,0,0,0,0,0,0,0,0,0,0,0,0.00565884242104517,0,0,0,0,0,0,0,0,0,0,0,0,0,0,0,0,0,0,0,0.179705756256135,0,0,0,0,0,0,0,0,0,0,0.882529296848036,0,0,0,0,0,0,0,0,0,0,0,0,0,0,0,0,0,0,0,0,0,0,0,0,0,0,0,0,0,0,0,0,0,0,0,0,0,0,0,0,0,0,0,0,0,0,0,0,0,0,0,0,0,0,0,0,0,0,0,0,0,0,0,0,0,0,0,0,0,0,0,0,0,0,0,0,0,0,0,0,0,0,0,0,0,4.18609049399121,0,0,0,0,0,0,0,0,0.017224800080845,0,0,0,0,0,0,0,0,0,0,0,0,0.621222062139917,0.0217865433210239,0,0,0,0,0,0,0,0,0,0,0,0,0,0,0,0,0,0,0,0,0,0,0,0,0,0,0,0,0,0,0,0.281988661853712,0,0,0,0,0,0,0,0,0,0,0,0,0.0460712577128717,0,0,0.247409253397689,0,0,0,0.501930908636207,0,0,0,0,0,0,0,178.441288054399,0,0,0,0,0,0,0,0,0,0,0,0,0,0,0,0,0,0,0,0,0,0,0,0,0,0,0,5.74571842958134,0,0,0,0,0,0,0,0,0,0.0922550246693897,0,0,0,0,0.478865126642068,0,0,0,0,0,0,0,0,0,0,0,0,0,0,0,0,0,0,0,0,0,0,0,0,0,0,0,0,0,0.372388196362932,0,0,0,0,0,5.63474007401179,0,0,0,0,0,1.4907518635108,0,0,0,0,0,0,0,0,0,0,0,0,0,0,0,0,0,0,0,0,0,0,0,0,0,0,0,0,0,0,0,0,0,0,0,0,0,0,0,0,0,0,0.0665583297597427,0,0,0,0,0,0,0,0,0,0,0,0.12879581938723,0,0,0,0,0,0,0,0,0,0,0,0,0,0,0,0,0,0,0.0119901315272546,0,0,0,0,0,0,0,0,0,0,1.31821876759266,0,0,0,0,0,0,0,0.671258753084248,0,0,0.54722316498838,0,0,0,0,0,0,0,0,0,0,0,0,0,0.699680599151962,0,0,0,0,0,0,0,0,0.492860277831265,0,0,0,0,0,0,0,0,0,0,0,0,0,2.30528654372182,1.33303391287002,0,0,0,0,0,0,0,0,0,0,0,0,0,0,0,0,0,0,0,0,0,0,0,0,0,0,0,0,0,0,0,0,0,0,0,0,0,0,0,0,0,0,0,0,0,0,0,0,0,0,0,0,0,0,0,0,0,0,0,0,0,0,0,0,0,0.0392496293913079,0,0,0,0,0,0,0,0,0,0,0,0,0,0,0,0,0,0,0,0,0,0,0,0,0,0.0224440569078167,0,0,0,0,0,0,0,0,0,0.00302408538980654,0,0,0,0,0.0251070511451723,0,0,0.128100319359472,0,0,0,0,0,0,0,0,0,0,0,0,0,0,0,0,0,0,0,0,0,0,0,0,0,0,0,0,0,0,0,0,0,0,0,0,0,0,0,2.86067265406985,0,0,0,0,0,0,0,0,0,0,0,0,0,0,0,0,0,0,0,0,0,0,0,0,0,0,0,0,0,0,0,0,0,0,0,0,0.089484710184936,0,0,0,0,0,0,0,0,0,0,0,0,0,0,0,0,0,0,0,0,0,0,0.0534833777243616,0,0,0,0,0,0,0,0,0,0,0,0,0,0,0,0,0,0,0.53437594956454,192.6313032,206.0363037,222.527204,183.4585031,207.8544035,184.2205031,203.9764035,188.4901033,208.5143037,178.9754031,192.3223033,"WAK-00160"
"505",6554,"nSPC",2014,"PRIAs","Pacific Remote Island Areas","Wake","Wake",2014,"ForereefShallow","Wake","2014-03-19","Forereef","Shallow",19.29434725,166.65448749,6,17.5,0,7.5,14,61,0,0,0,NA,0.2075,0.134195398029069,0.5,2,1,0.125426881274452,0.695229386751483,1.60675955540934,0.6292847926233,3.05670061605857,0,0,0,0,0,0,0,0,0,0,0,0,0,0,0,0,0,0,0.0141471060526129,0,0.0254647908947033,0,0,0,0,0,0,0.00848826363156775,0,0,0,0,0,0,0,0,0,0,0,0,0,0,0,0,0,0,0,0,0,0,0,0,0,0,0,0,0,0,0,0,0,0,0,0,0,0,0,0,0,0,0,0,0,0,0,0,0,0,0,0,0,0,0,0,0,0,0,0,0,0,0,0,0,0,0,0,0,0,0,0,0,0,0,0,0,0,0,0,0,0,0,0,0,0,0,0,0,0,0,0,0,0.0113176848420903,0,0,0,0,0,0,0,0,0,0,0,0,0,0,0,0,0,0,0,0,0,0,0,0,0,0,0,0,0,0,0,0,0,0,0,0,0,0,0,0,0,0,0,0,0,0,0,0,0,0,0,0,0,0,0,0,0,0,0,0,0,0,0,0,0,0,0,0,0,0,0,0,0,0,0,0,0,0,0,0,0,0,0,0,0,0,0,0,0,0,0,0,0,0,0,0,0,0,0,0,0,0,0,0,0,0,0,0,0,0,0,0,0,0,0,0,0.00848826363156775,0,0,0,0,0.00848826363156775,0,0,0,0,0,0,0,0,0,0,0,0,0,0,0,0,0,0,0,0,0,0,0,0,0,0,0,0,0,0,0,0,0,0,0,0,0,0,0,0,0,0,0,0,0,0,0,0,0,0,0,0,0,0,0,0,0,0,0,0,0,0,0,0,0,0,0,0,0,0,0,0,0,0,0,0,0,0,0,0,0,0,0.00565884242104517,0,0.067906109052542,0,0,0,0,0,0,0,0,0,0,0,0,0,0,0,0,0,0,0,0,0,0,0,0,0,0,0,0,0,0,0,0,0,0,0,0,0,0,0,0,0,0,0,0,0,0,0,0,0,0,0,0,0,0,0,0,0,0,0,0,0,0,0,0,0,0.0113176848420903,0.00848826363156775,0,0,0,0,0,0,0,0,0,0,0,0,0,0,0,0,0,0,0,0,0,0,0,0,0,0,0,0,0,0,0,0,0,0,0,0,0,0,0,0,0,0,0,0,0,0,0,0,0,0,0,0,0,0.00282942121052258,0.00282942121052258,0,0,0,0,0,0,0.00282942121052258,0,0,0,0,0,0,0,0,0,0,0,0,0,0,0,0,0,0,0,0,0,0,0,0,0,0,0.0141471060526129,0.00848826363156775,0,0,0,0,0,0.0169765272631355,0,0,0,0,0,0,0,0,0,0,0,0,0,0,0,0,0,0,0,0,0,0,0,0,0,0,0,0,0,0,0,0,0,0,0,0,0,0,0,0,0,0,0,0,0,0,0,0,0,0,0,0,0,0,0,0,0,0,0,0.00565884242104517,0,0,0,0,0,0,0,0,0,0,0,0,0,0,0,0,0,0,0,0,0,0,0,0,0,0,0,0,0,0,0,0,0,0,0,0,0,0,0,0,0,0,0,0,0,0,0,0,0,0,0,0,0,0,0.00565884242104517,0,0,0,0,0,0,0,0,0,0,0,0,0,0,0,0,0,0,0,0,0,0,0.00282942121052258,0,0.0311236333157484,0.0113176848420903,0,0,0,0,0,0,0,0,0,0,0,0,0,0,0,0,0,0,0,0,0,0,0,0,0,0,0,0,0,0,0,0,0,0.0366842557285937,0,0.626206656682421,0,0,0,0,0,0,0.292378264418476,0,0,0,0,0,0,0,0,0,0,0,0,0,0,0,0,0,0,0,0,0,0,0,0,0,0,0,0,0,0,0,0,0,0,0,0,0,0,0,0,0,0,0,0,0,0,0,0,0,0,0,0,0,0,0,0,0,0,0,0,0,0,0,0,0,0,0,0,0,0,0,0,0,0,0,0,0,0,0,0,0,0,0,0,0,0,0,0,0,0,0,0,0,0.0284338506039928,0,0,0,0,0,0,0,0,0,0,0,0,0,0,0,0,0,0,0,0,0,0,0,0,0,0,0,0,0,0,0,0,0,0,0,0,0,0,0,0,0,0,0,0,0,0,0,0,0,0,0,0,0,0,0,0,0,0,0,0,0,0,0,0,0,0,0,0,0,0,0,0,0,0,0,0,0,0,0,0,0,0,0,0,0,0,0,0,0,0,0,0,0,0,0,0,0,0,0,0,0,0,0,0,0,0,0,0,0,0,0,0,0,0,0,0,0.130169601849138,0,0,0,0,0.123257208263602,0,0,0,0,0,0,0,0,0,0,0,0,0,0,0,0,0,0,0,0,0,0,0,0,0,0,0,0,0,0,0,0,0,0,0,0,0,0,0,0,0,0,0,0,0,0,0,0,0,0,0,0,0,0,0,0,0,0,0,0,0,0,0,0,0,0,0,0,0,0,0,0,0,0,0,0,0,0,0,0,0,0,0.0162567225071786,0,0.0639197617941052,0,0,0,0,0,0,0,0,0,0,0,0,0,0,0,0,0,0,0,0,0,0,0,0,0,0,0,0,0,0,0,0,0,0,0,0,0,0,0,0,0,0,0,0,0,0,0,0,0,0,0,0,0,0,0,0,0,0,0,0,0,0,0,0,0,0.695229386751483,0.307139143244033,0,0,0,0,0,0,0,0,0,0,0,0,0,0,0,0,0,0,0,0,0,0,0,0,0,0,0,0,0,0,0,0,0,0,0,0,0,0,0,0,0,0,0,0,0,0,0,0,0,0,0,0,0,0.104992266567861,0.00355467287316401,0,0,0,0,0,0,0.0204346147065911,0,0,0,0,0,0,0,0,0,0,0,0,0,0,0,0,0,0,0,0,0,0,0,0,0,0,0.0122249824704717,0.00733734873765728,0,0,0,0,0,0.0513196413827032,0,0,0,0,0,0,0,0,0,0,0,0,0,0,0,0,0,0,0,0,0,0,0,0,0,0,0,0,0,0,0,0,0,0,0,0,0,0,0,0,0,0,0,0,0,0,0,0,0,0,0,0,0,0,0,0,0,0,0,0.286350911982279,0,0,0,0,0,0,0,0,0,0,0,0,0,0,0,0,0,0,0,0,0,0,0,0,0,0,0,0,0,0,0,0,0,0,0,0,0,0,0,0,0,0,0,0,0,0,0,0,0,0,0,0,0,0,0.0111709332363787,0,0,0,0,0,0,0,0,0,0,0,0,0,0,0,0,0,0,0,0,0,0,0.118701676609934,0,0.104339717154078,0.0165989984944326,0,0,0,0,0,0,0,0,0,0,0,0,0,0,0,0,137.2654023,140.0468025,139.9866024,109.7144019,157.4055027,131.0016022,153.2346026,129.4574022,153.9629028,116.293702,134.2949023,"WAK-00242"
"506",6555,"nSPC",2014,"PRIAs","Pacific Remote Island Areas","Wake","Wake",2014,"ForereefMid","Wake","2014-03-19","Forereef","Mid",19.2892094,166.65695035,14.1,47.5,5,6.5,8.5,32.5,0,0,0,NA,0.4375,0.244424555703771,0.9,2,1,7.54351151417672,4.41519698157004,4.68503547784192,4.09289238800124,20.7366363615899,1.74458408164435,0,0,0,0,0,0.00282942121052258,0,0,0,0,0,0,0,0,0,0,0,0.00848826363156775,0,0,0,0,0,0,0,0,0,0,0,0,0,0,0,0,0,0,0,0,0,0,0,0,0,0,0,0,0,0,0,0,0,0,0,0,0,0,0.0141471060526129,0,0,0,0,0,0,0,0,0,0,0,0,0,0,0,0,0,0,0,0,0,0,0,0,0,0,0,0,0,0,0,0,0,0,0,0,0,0,0,0,0,0,0,0,0,0,0,0,0,0,0,0,0,0,0,0,0,0,0,0.00848826363156775,0,0,0,0.0311236333157484,0,0,0,0,0.0198059484736581,0,0,0,0,0,0,0,0,0,0,0,0,0.311236333157484,0.104688584789336,0,0,0,0,0,0,0,0,0,0,0,0,0,0,0,0,0,0.00282942121052258,0,0,0,0,0,0,0,0,0,0,0,0,0,0,0,0,0,0,0,0,0,0,0,0,0,0,0.00565884242104517,0,0,0.00848826363156775,0,0,0,0.00848826363156775,0,0,0,0,0.00282942121052258,0,0,0.0282942121052258,0,0,0,0.192400642315536,0,0,0,0,0,0,0,0,0,0,0,0,0,0,0,0,0,0,0,0,0,0,0,0.00565884242104517,0,0,0,0,0,0,0,0,0,0.0141471060526129,0,0,0,0,0.0254647908947033,0,0,0,0,0,0,0,0,0,0,0,0,0,0,0,0,0,0,0,0,0,0,0,0,0,0,0,0,0,0,0,0,0,0,0,0,0,0,0,0,0,0,0,0,0,0,0.00282942121052258,0,0,0,0,0,0,0,0,0,0.00282942121052258,0,0,0,0,0,0,0,0,0,0,0,0,0,0,0,0,0,0,0,0,0,0,0,0,0.00565884242104517,0.00282942121052258,0,0.0848826363156775,0,0,0,0,0,0,0,0,0,0,0,0,0,0,0,0,0,0,0,0,0,0,0,0,0,0,0,0,0,0,0,0,0,0,0,0.0169765272631355,0,0,0,0,0,0,0,0,0,0,0,0,0,0,0,0,0,0,0,0,0,0,0,0,0,0,0,0,0,0.0198059484736581,0.00848826363156775,0,0,0,0,0,0,0,0,0,0,0,0,0,0,0,0,0,0,0,0,0,0,0,0.00565884242104517,0,0,0,0,0,0,0,0,0,0,0,0,0,0,0,0,0,0,0,0,0,0,0,0,0,0.00282942121052258,0,0,0,0.00848826363156775,0.00565884242104517,0,0,0,0,0,0.00565884242104517,0.00565884242104517,0,0,0,0,0,0,0,0,0,0,0,0,0,0,0,0,0,0,0,0,0,0,0,0,0,0,0,0.0198059484736581,0,0,0,0,0,0,0,0,0,0,0,0,0,0,0,0,0,0,0,0,0,0,0,0,0,0,0,0,0,0,0,0,0,0,0,0.00282942121052258,0,0,0,0,0.0141471060526129,0,0,0,0,0,0,0,0,0,0,0,0,0,0,0,0,0,0,0,0,0,0,0,0,0,0,0,0,0,0,0,0,0,0,0,0,0,0,0,0,0,0,0.00282942121052258,0,0,0,0,0,0,0,0,0,0,0,0,0,0,0,0,0,0,0,0,0,0,0,0,0,0,0,0,0,0,0,0,0,0,0,0.00282942121052258,0.0141471060526129,0,0,0,0,0,0.00282942121052258,0,0,0,0,0,0,0,0,0,0,0,0,0,0,0,0,0.0141471060526129,0,0.00565884242104517,0,0,0,0,0,0,0,0,0,0,0,0,0,0.00565884242104517,0,0,0,0,0,0,0,0,0.289732731957513,0,0,0,0,0,0,0,0,0,0,0,0.0382314766724738,0,0,0,0,0,0,0,0,0,0,0,0,0,0,0,0,0,0,0,0,0,0,0,0,0,0,0,0,0,0,0,0,0,0,0,0,0,0,1.83149566725611,0,0,0,0,0,0,0,0,0,0,0,0,0,0,0,0,0,0,0,0,0,0,0,0,0,0,0,0,0,0,0,0,0,0,0,0,0,0,0,0,0,0,0,0,0,0,0,0,0,0,0,0,0,0,0,0,0,0,0,3.60564602365088,0,0,0,0.117122909609747,0,0,0,0,0.022998436878649,0,0,0,0,0,0,0,0,0,0,0,0,0.216807229677504,0.0258665687065975,0,0,0,0,0,0,0,0,0,0,0,0,0,0,0,0,0,0.872531687319825,0,0,0,0,0,0,0,0,0,0,0,0,0,0,0,0,0,0,0,0,0,0,0,0,0,0,0.056291121618752,0,0,0.323942995922637,0,0,0,0.627639337999896,0,0,0,0,0.43901399551134,0,0,0.777095847202144,0,0,0,0.620492071467603,0,0,0,0,0,0,0,0,0,0,0,0,0,0,0,0,0,0,0,0,0,0,0,2.44602160809489,0,0,0,0,0,0,0,0,0,0.285512367509435,0,0,0,0,0.0712368226571407,0,0,0,0,0,0,0,0,0,0,0,0,0,0,0,0,0,0,0,0,0,0,0,0,0,0,0,0,0,0,0,0,0,0,0,0,0,0,0,0,0,0,0,0,0,0,0.0970491475209246,0,0,0,0,0,0,0,0,0,0.0190250326598301,0,0,0,0,0,0,0,0,0,0,0,0,0,0,0,0,0,0,0,0,0,0,0,0,0.020574419274436,0.0274332192308638,0,0.112469207520709,0,0,0,0,0,0,0,0,0,0,0,0,0,0,0,0,0,0,0,0,0,0,0,0,0,0,0,0,0,0,0,0,0,0,0,0.0204359086946038,0,0,0,0,0,0,0,0,0,0,0,0,0,0,0,0,0,0,0,0,0,0,0,0,0,0,0,0,0,3.53363476624908,0.592171578582091,0,0,0,0,0,0,0,0,0,0,0,0,0,0,0,0,0,0,0,0,0,0,0,0.546978612981727,0,0,0,0,0,0,0,0,0,0,0,0,0,0,0,0,0,0,0,0,0,0,0,0,0,0.641040743009023,0,0,0,1.10660032983404,0.0252445508156762,0,0,0,0,0,0.186265754243741,0.172462996182924,0,0,0,0,0,0,0,0,0,0,0,0,0,0,0,0,0,0,0,0,0,0,0,0,0,0,0,0.0681612498444909,0,0,0,0,0,0,0,0,0,0,0,0,0,0,0,0,0,0,0,0,0,0,0,0,0,0,0,0,0,0,0,0,0,0,0,0.0102062881905971,0,0,0,0,0.0557988806878136,0,0,0,0,0,0,0,0,0,0,0,0,0,0,0,0,0,0,0,0,0,0,0,0,0,0,0,0,0,0,0,0,0,0,0,0,0,0,0,0,0,0,0.244413056324627,0,0,0,0,0,0,0,0,0,0,0,0,0,0,0,0,0,0,0,0,0,0,0,0,0,0,0,0,0,0,0,0,0,0,0,0.0183963454692631,0.0783137769485573,0,0,0,0,0,0.105607580798513,0,0,0,0,0,0,0,0,0,0,0,0,0,0,0,0,0.184599534673058,0,0.0810176469421037,0,0,0,0,0,0,0,0,0,0,0,0,0,0.12105683519809,0,0,0,153.0054026,148.1764027,152.9766027,121.5689021,169.9323029,144.4637024,164.3437028,145.9797025,165.334903,132.3308023,142.8323025,"WAK-00171"
"507",6556,"nSPC",2014,"PRIAs","Pacific Remote Island Areas","Wake","Wake",2014,"ForereefShallow","Wake","2014-03-19","Forereef","Shallow",19.29025294,166.65651742,5.35,12.5,0,3.5,19,65,0,0,0,NA,0.1375,0.0875,0.3,2,1,0,0.117012283648167,2.26778489098855,0.732356795680503,3.11715397031722,0,0,0,0,0,0,0,0,0,0,0,0,0,0,0,0,0,0,0.0169765272631355,0,0.0254647908947033,0,0,0,0,0,0,0,0,0,0,0,0,0,0,0,0,0,0,0,0,0,0,0,0,0,0,0,0,0,0,0,0,0,0,0,0,0,0,0,0,0,0,0,0,0,0,0,0,0,0,0,0,0,0,0,0,0,0,0,0,0,0,0,0,0,0,0,0,0,0,0,0,0,0,0,0,0,0,0,0,0,0,0,0,0,0,0,0,0,0,0,0,0,0,0,0,0,0,0,0,0.00848826363156775,0,0,0,0,0,0,0,0,0,0,0,0,0,0,0,0,0,0,0,0,0,0,0,0,0,0,0,0,0,0,0,0,0,0,0,0,0,0,0,0,0,0,0,0,0,0,0,0,0,0,0,0,0,0,0,0,0,0,0,0,0,0,0,0,0,0,0,0,0,0,0,0,0,0,0,0,0,0,0,0,0,0,0.00282942121052258,0,0,0,0,0,0,0,0,0,0,0,0,0,0,0,0,0,0,0,0,0,0,0,0,0,0,0,0,0,0,0,0,0,0,0,0,0,0,0,0,0,0,0,0,0,0,0,0,0,0,0,0,0,0,0,0,0,0,0,0,0,0,0,0,0,0,0,0,0,0,0,0,0,0,0,0,0,0,0,0,0,0,0,0,0,0,0,0,0,0,0,0,0,0,0,0.00282942121052258,0,0,0,0,0,0,0,0,0,0,0,0,0,0,0,0,0,0,0,0,0,0,0,0,0.124494533262994,0,0,0.0226353696841807,0,0,0,0,0,0,0,0,0,0,0,0,0,0,0,0,0,0,0,0,0,0,0,0,0,0,0,0,0,0,0,0,0,0,0,0,0,0,0,0,0,0,0,0,0,0,0,0,0,0,0,0,0,0,0,0,0,0,0,0,0,0,0,0,0,0.00282942121052258,0.0226353696841807,0,0,0,0,0,0,0,0,0,0,0,0,0,0,0,0,0,0,0,0,0,0,0,0,0,0,0,0,0,0,0,0,0,0,0,0,0,0,0,0,0,0,0,0,0,0,0,0,0,0,0,0,0,0,0.00282942121052258,0,0,0,0,0,0,0,0,0,0,0,0,0,0,0,0,0,0,0,0,0,0,0,0,0,0,0,0,0,0.0113176848420903,0,0,0,0.0141471060526129,0,0,0,0,0,0,0.00282942121052258,0,0,0,0,0,0,0,0,0,0,0,0,0,0,0,0,0,0,0,0,0,0,0,0,0,0,0,0,0,0,0,0,0,0,0,0,0,0,0,0,0,0,0,0,0,0,0,0,0,0,0,0,0,0,0,0,0,0,0,0.00282942121052258,0,0,0,0,0,0,0,0,0,0,0,0,0,0,0,0,0,0,0,0,0,0,0,0,0,0,0,0,0,0,0,0,0,0,0,0,0,0,0,0,0,0,0,0,0,0,0,0,0,0,0,0,0,0,0,0,0,0,0,0,0,0,0,0,0,0,0,0,0,0,0,0,0,0,0,0,0,0,0,0.0141471060526129,0.0113176848420903,0.00282942121052258,0,0,0,0,0,0,0,0,0,0,0,0,0,0,0,0,0,0,0,0,0,0,0,0,0,0,0,0,0,0,0,0,0.33103533041602,0,0.254582282329026,0,0,0,0,0,0,0,0,0,0,0,0,0,0,0,0,0,0,0,0,0,0,0,0,0,0,0,0,0,0,0,0,0,0,0,0,0,0,0,0,0,0,0,0,0,0,0,0,0,0,0,0,0,0,0,0,0,0,0,0,0,0,0,0,0,0,0,0,0,0,0,0,0,0,0,0,0,0,0,0,0,0,0,0,0,0,0,0,0,0,0,0,0,0,0,0,0,0,0,0,0.0180096459884557,0,0,0,0,0,0,0,0,0,0,0,0,0,0,0,0,0,0,0,0,0,0,0,0,0,0,0,0,0,0,0,0,0,0,0,0,0,0,0,0,0,0,0,0,0,0,0,0,0,0,0,0,0,0,0,0,0,0,0,0,0,0,0,0,0,0,0,0,0,0,0,0,0,0,0,0,0,0,0,0,0,0,0.00467194030281489,0,0,0,0,0,0,0,0,0,0,0,0,0,0,0,0,0,0,0,0,0,0,0,0,0,0,0,0,0,0,0,0,0,0,0,0,0,0,0,0,0,0,0,0,0,0,0,0,0,0,0,0,0,0,0,0,0,0,0,0,0,0,0,0,0,0,0,0,0,0,0,0,0,0,0,0,0,0,0,0,0,0,0,0,0,0,0,0,0,0,0,0,0,0,0,0.0190250326598301,0,0,0,0,0,0,0,0,0,0,0,0,0,0,0,0,0,0,0,0,0,0,0,0,0.174852571967875,0,0,0.0389913574381494,0,0,0,0,0,0,0,0,0,0,0,0,0,0,0,0,0,0,0,0,0,0,0,0,0,0,0,0,0,0,0,0,0,0,0,0,0,0,0,0,0,0,0,0,0,0,0,0,0,0,0,0,0,0,0,0,0,0,0,0,0,0,0,0,0,0.112340343345353,1.66082810692325,0,0,0,0,0,0,0,0,0,0,0,0,0,0,0,0,0,0,0,0,0,0,0,0,0,0,0,0,0,0,0,0,0,0,0,0,0,0,0,0,0,0,0,0,0,0,0,0,0,0,0,0,0,0,0.0126222754078381,0,0,0,0,0,0,0,0,0,0,0,0,0,0,0,0,0,0,0,0,0,0,0,0,0,0,0,0,0,0.0312153216605868,0,0,0,0.0283218071799829,0,0,0,0,0,0,0.00332952533180386,0,0,0,0,0,0,0,0,0,0,0,0,0,0,0,0,0,0,0,0,0,0,0,0,0,0,0,0,0,0,0,0,0,0,0,0,0,0,0,0,0,0,0,0,0,0,0,0,0,0,0,0,0,0,0,0,0,0,0,0.157141990530277,0,0,0,0,0,0,0,0,0,0,0,0,0,0,0,0,0,0,0,0,0,0,0,0,0,0,0,0,0,0,0,0,0,0,0,0,0,0,0,0,0,0,0,0,0,0,0,0,0,0,0,0,0,0,0,0,0,0,0,0,0,0,0,0,0,0,0,0,0,0,0,0,0,0,0,0,0,0,0,0.122155733690376,0.00736030175996314,0.140670403385625,0,0,0,0,0,0,0,0,0,0,0,0,0,0,0,152.9533026,148.1512027,152.9328027,121.5602021,169.5520029,144.4637024,164.3296028,145.9403025,165.334903,132.3146023,142.8323025,"WAK-00206"
"508",6557,"nSPC",2014,"PRIAs","Pacific Remote Island Areas","Wake","Wake",2014,"ForereefMid","Wake","2014-03-19","Forereef","Mid",19.28371355,166.65622925,11,35,1,17.5,9,37.5,0,0,0,NA,0.4075,0.200031245118713,0.8,2,1,0.548064299201112,0.119739536201435,11.1209715603079,5.99023357327456,17.779008968985,4.64004583924722,0,0,0,0,0,0,0,0,0,0,0,0,0,0,0,0,0,0.0113176848420903,0,0.0169765272631355,0,0,0,0,0,0,0,0,0,0,0,0,0,0,0,0,0,0,0,0,0,0.00848826363156775,0,0,0,0,0,0,0,0,0,0,0,0,0,0,0,0,0,0,0,0,0,0,0,0,0,0,0,0,0,0,0,0,0,0,0,0,0,0,0,0,0,0,0,0,0,0,0,0,0,0,0,0,0,0,0,0,0,0,0,0,0,0.00282942121052258,0,0,0,0,0,0,0,0,0,0,0,0,0,0,0,0,0.0198059484736581,0,0,0,0,0.00282942121052258,0,0,0,0,0,0,0,0,0,0,0,0,0.132982796894561,0.00848826363156775,0,0,0,0,0,0,0,0,0,0,0,0,0,0,0.00282942121052258,0,0,0.00282942121052258,0,0,0,0,0,0,0,0,0,0,0,0,0,0,0,0,0,0,0,0,0,0,0.0113176848420903,0,0,0,0,0,0,0.0113176848420903,0,0,0,0.00282942121052258,0,0,0,0,0.00565884242104517,0,0,0.0198059484736581,0,0,0,0,0,0,0,0,0,0,0,0,0,0,0,0,0,0,0,0,0,0,0,0,0,0,0,0.0113176848420903,0,0,0,0,0,0,0,0,0,0.00282942121052258,0,0.00565884242104517,0,0,0.00565884242104517,0,0,0,0,0,0,0,0,0,0,0,0,0,0,0,0,0,0,0,0,0,0,0,0,0,0,0,0,0,0,0,0,0,0,0,0,0,0,0,0,0,0,0,0,0,0,0,0,0,0,0,0,0,0,0,0,0,0,0,0,0,0,0,0,0,0,0,0,0,0,0,0,0,0,0.00565884242104517,0,0,0,0,0,0,0,0,0,0.0848826363156775,0,0,0,0,0,0,0,0,0,0,0,0,0,0,0,0,0,0,0,0,0,0,0,0,0,0,0,0,0,0,0,0,0,0,0,0,0,0,0,0,0,0.00565884242104517,0,0,0,0,0,0,0,0,0,0,0,0,0,0,0,0,0,0,0,0,0,0,0,0.00282942121052258,0.0169765272631355,0,0,0,0,0,0,0,0,0,0,0,0,0,0,0,0,0,0,0,0,0,0,0,0,0,0,0,0,0,0,0,0,0,0,0,0,0,0,0,0,0,0,0,0,0,0,0,0,0,0,0,0,0,0.00565884242104517,0.0169765272631355,0,0,0,0,0,0.00282942121052258,0.00282942121052258,0,0.00282942121052258,0,0.00282942121052258,0,0,0,0,0,0,0,0,0,0,0,0,0,0,0,0,0,0,0.0141471060526129,0,0,0,0.00565884242104517,0.0254647908947033,0,0,0,0,0,0,0,0,0,0,0,0,0,0,0,0,0,0,0,0,0,0,0,0,0,0,0,0,0,0,0,0,0,0,0,0.00282942121052258,0,0,0,0,0,0,0,0,0,0,0,0,0,0,0,0,0,0,0,0,0,0,0,0,0,0,0,0,0,0,0,0,0,0,0,0,0,0,0,0,0,0,0,0,0,0,0,0.0141471060526129,0,0,0,0,0,0,0,0,0,0,0,0,0,0,0,0,0,0,0,0,0,0,0,0,0,0,0,0,0,0,0,0,0,0,0,0,0.0396118969473162,0,0,0,0,0,0.00282942121052258,0,0,0,0,0,0,0,0,0,0,0,0,0,0,0,0,0.0141471060526129,0,0.0141471060526129,0,0,0,0,0,0,0,0,0,0,0,0,0,0.00565884242104517,0,0,0,0,0,0,0,0,0,0,0,0,0,0,0,0,0,0,0,0,0.0257433157083718,0,0.21253781011987,0,0,0,0,0,0,0,0,0,0,0,0,0,0,0,0,0,0,0,0,0,0.172400878488957,0,0,0,0,0,0,0,0,0,0,0,0,0,0,0,0,0,0,0,0,0,0,0,0,0,0,0,0,0,0,0,0,0,0,0,0,0,0,0,0,0,0,0,0,0,0,0,0,0,0,0,0,0,0,0,0,0,0,0,0,0,0.00599897092383779,0,0,0,0,0,0,0,0,0,0,0,0,0,0,0,0,0.022998436878649,0,0,0,0,0.00192454559926801,0,0,0,0,0,0,0,0,0,0,0,0,0.0912488340393533,0.00190137105347118,0,0,0,0,0,0,0,0,0,0,0,0,0,0,0.073216179013881,0,0,0.872531687319825,0,0,0,0,0,0,0,0,0,0,0,0,0,0,0,0,0,0,0,0,0,0,0.521723170088051,0,0,0,0,0,0,0.203232528046707,0,0,0,0.110130149660088,0,0,0,0,0.274472664692068,0,0,3.67230259967642,0,0,0,0,0,0,0,0,0,0,0,0,0,0,0,0,0,0,0,0,0,0,0,0,0,0,0,2.05181888630519,0,0,0,0,0,0,0,0,0,0.0157400436329544,0,0.166765515767152,0,0,0.0237285269541941,0,0,0,0,0,0,0,0,0,0,0,0,0,0,0,0,0,0,0,0,0,0,0,0,0,0,0,0,0,0,0,0,0,0,0,0,0,0,0,0,0,0,0,0,0,0,0,0,0,0,0,0,0,0,0,0,0,0,0,0,0,0,0,0,0,0,0,0,0,0,0,0,0,0,0.0180901874515972,0,0,0,0,0,0,0,0,0,0.115397858935557,0,0,0,0,0,0,0,0,0,0,0,0,0,0,0,0,0,0,0,0,0,0,0,0,0,0,0,0,0,0,0,0,0,0,0,0,0,0,0,0,0,1.17993101796008,0,0,0,0,0,0,0,0,0,0,0,0,0,0,0,0,0,0,0,0,0,0,0,0.0265893311086106,1.87378288218375,0,0,0,0,0,0,0,0,0,0,0,0,0,0,0,0,0,0,0,0,0,0,0,0,0,0,0,0,0,0,0,0,0,0,0,0,0,0,0,0,0,0,0,0,0,0,0,0,0,0,0,0,0,0.513491991020331,0.114795348940794,0,0,0,0,0,0.00355467287316401,0.0310176353076178,0,0.433920503946321,0,0.468203291434068,0,0,0,0,0,0,0,0,0,0,0,0,0,0,0,0,0,0,0.0347561193543975,0,0,0,0.00665905066360771,0.0423804885630989,0,0,0,0,0,0,0,0,0,0,0,0,0,0,0,0,0,0,0,0,0,0,0,0,0,0,0,0,0,0,0,0,0,0,0,0.00302408538980654,0,0,0,0,0,0,0,0,0,0,0,0,0,0,0,0,0,0,0,0,0,0,0,0,0,0,0,0,0,0,0,0,0,0,0,0,0,0,0,0,0,0,0,0,0,0,0,3.65738400226731,0,0,0,0,0,0,0,0,0,0,0,0,0,0,0,0,0,0,0,0,0,0,0,0,0,0,0,0,0,0,0,0,0,0,0,0,0.10884989559701,0,0,0,0,0,0.105607580798513,0,0,0,0,0,0,0,0,0,0,0,0,0,0,0,0,0.130802830917694,0,0.0398009022841791,0,0,0,0,0,0,0,0,0,0,0,0,0,0.350553178019161,0,0,0,134.8146023,119.0641022,116.2241021,97.41620167,147.3009025,115.5650019,132.5673022,109.7376019,135.5403024,108.4153019,113.636602,"WAK-00204"
"509",6558,"nSPC",2014,"PRIAs","Pacific Remote Island Areas","Wake","Wake",2014,"ForereefShallow","Wake","2014-03-19","Forereef","Shallow",19.276817,166.65656587,5.15,16.5,0,34.5,1,42.5,5.5,0,0,NA,0.185,0.141237243569579,0.6,2,1,0.0622990679213183,0.711750113581791,44.9754019863196,1.99777369067112,47.7472248584939,39.7031220599951,0,0,0,0,0,0,0,0,0,0,0,0,0,0,0,0,0,0.0565884242104517,0.0169765272631355,0.0282942121052258,0,0,0,0,0,0,0.0254647908947033,0,0,0,0,0,0,0,0,0,0,0,0,0,0,0.00565884242104517,0,0,0,0,0,0,0,0,0,0,0,0,0,0,0,0,0,0,0,0,0,0,0,0,0,0,0,0,0,0,0,0,0,0,0,0,0,0,0,0,0,0,0,0,0,0,0,0,0,0,0,0,0,0,0,0,0,0,0,0,0,0,0,0,0,0,0,0,0,0,0,0,0,0,0,0,0,0,0.00565884242104517,0,0,0,0,0,0,0,0,0,0,0,0,0,0,0,0,0,0,0,0,0,0,0,0,0,0,0,0,0,0,0,0,0,0,0,0,0,0,0,0,0,0,0,0,0,0,0,0,0,0,0,0,0,0,0,0,0,0,0,0,0,0,0,0,0,0,0.00565884242104517,0,0,0,0.00565884242104517,0,0,0,0,0,0,0,0,0,0,0,0.0113176848420903,0,0,0,0,0,0,0,0,0,0,0,0,0,0,0,0,0,0,0,0,0,0,0,0,0,0,0,0,0,0,0,0,0,0,0,0,0,0,0,0,0,0,0,0,0,0,0,0,0,0,0,0,0,0,0,0,0,0,0,0,0,0,0,0,0,0,0,0,0,0,0,0,0,0,0,0,0,0,0,0,0,0,0,0,0,0,0,0,0,0,0,0,0,0,0,0.00565884242104517,0,0,0,0,0,0,0,0,0,0,0,0,0,0,0,0,0,0,0,0,0,0,0,0,0.0367824757367936,0,0,0,0,0,0,0,0,0,0,0,0,0,0,0,0,0,0,0,0,0,0,0,0,0,0,0,0,0,0,0,0,0,0,0,0,0,0,0,0,0,0,0,0,0,0,0,0,0,0,0,0,0,0,0,0,0,0,0,0,0,0,0,0,0,0,0,0,0.0396118969473162,0.0254647908947033,0,0,0,0,0,0,0,0,0,0,0,0,0,0,0,0,0,0,0,0,0,0,0,0,0,0,0,0,0,0,0,0,0,0,0,0,0,0,0,0,0,0,0,0,0,0,0,0,0,0,0,0,0,0,0.0226353696841807,0,0,0,0,0,0,0.00282942121052258,0,0,0,0,0,0,0,0,0,0,0,0,0,0,0,0,0,0,0,0,0,0,0,0,0,0,0.0226353696841807,0.00282942121052258,0,0,0,0,0,0,0,0,0,0,0,0,0,0,0,0,0,0,0,0,0,0,0,0,0,0,0,0,0,0,0,0,0,0,0,0,0,0,0,0,0,0,0,0,0,0,0,0,0,0,0,0,0,0,0,0,0,0,0,0,0,0,0,0.00282942121052258,0,0.00848826363156775,0,0,0,0,0,0,0,0,0,0,0,0,0,0,0,0,0,0.067906109052542,0,0,0,0,0,0,0,0,0,0.0169765272631355,0,0,0,0,0,0,0,0,0,0,0,0,0,0,0,0,0,0,0,0,0,0,0,0,0,0,0,0,0,0,0,0,0,0,0,0,0,0,0,0,0,0,0,0,0,0,0,0,0,0.00282942121052258,0,0.0367824757367936,0,0.00565884242104517,0,0,0,0,0,0,0,0,0,0,0,0,0,0,0,0,0,0,0,0,0,0,0,0,0,0,0,0,0,0,0,0,1.36872566698723,0.378078718083902,1.04761084904091,0,0,0,0,0,0,1.20124351615701,0,0,0,0,0,0,0,0,0,0,0,0,0,0,0.163042567835153,0,0,0,0,0,0,0,0,0,0,0,0,0,0,0,0,0,0,0,0,0,0,0,0,0,0,0,0,0,0,0,0,0,0,0,0,0,0,0,0,0,0,0,0,0,0,0,0,0,0,0,0,0,0,0,0,0,0,0,0,0,0,0,0,0,0,0,0,0,0,0,0,0,0,0,0,0,0,0.0160851003891877,0,0,0,0,0,0,0,0,0,0,0,0,0,0,0,0,0,0,0,0,0,0,0,0,0,0,0,0,0,0,0,0,0,0,0,0,0,0,0,0,0,0,0,0,0,0,0,0,0,0,0,0,0,0,0,0,0,0,0,0,0,0,0,0,0,0,0.119323859908858,0,0,0,4.44069746025281,0,0,0,0,0,0,0,0,0,0,0,0.0186877612112596,0,0,0,0,0,0,0,0,0,0,0,0,0,0,0,0,0,0,0,0,0,0,0,0,0,0,0,0,0,0,0,0,0,0,0,0,0,0,0,0,0,0,0,0,0,0,0,0,0,0,0,0,0,0,0,0,0,0,0,0,0,0,0,0,0,0,0,0,0,0,0,0,0,0,0,0,0,0,0,0,0,0,0,0,0,0,0,0,0,0,0,0,0,0,0,0.0451812430429322,0,0,0,0,0,0,0,0,0,0,0,0,0,0,0,0,0,0,0,0,0,0,0,0,0.0760293773479523,0,0,0,0,0,0,0,0,0,0,0,0,0,0,0,0,0,0,0,0,0,0,0,0,0,0,0,0,0,0,0,0,0,0,0,0,0,0,0,0,0,0,0,0,0,0,0,0,0,0,0,0,0,0,0,0,0,0,0,0,0,0,0,0,0,0,0,0,0.693062352370532,1.26053607566628,0,0,0,0,0,0,0,0,0,0,0,0,0,0,0,0,0,0,0,0,0,0,0,0,0,0,0,0,0,0,0,0,0,0,0,0,0,0,0,0,0,0,0,0,0,0,0,0,0,0,0,0,0,0,0.0704116562176334,0,0,0,0,0,0,0.0622990679213183,0,0,0,0,0,0,0,0,0,0,0,0,0,0,0,0,0,0,0,0,0,0,0,0,0,0,0.0559273246248284,0.00668154817603593,0,0,0,0,0,0,0,0,0,0,0,0,0,0,0,0,0,0,0,0,0,0,0,0,0,0,0,0,0,0,0,0,0,0,0,0,0,0,0,0,0,0,0,0,0,0,0,0,0,0,0,0,0,0,0,0,0,0,0,0,0,0,0,0.305170671868745,0,0.576695991902263,0,0,0,0,0,0,0,0,0,0,0,0,0,0,0,0,0,31.8133609445164,0,0,0,0,0,0,0,0,0,3.44906365522592,0,0,0,0,0,0,0,0,0,0,0,0,0,0,0,0,0,0,0,0,0,0,0,0,0,0,0,0,0,0,0,0,0,0,0,0,0,0,0,0,0,0,0,0,0,0,0,0,0,0.0206236040698263,0,0.113346047809293,0,0.445339797867597,0,0,0,0,0,0,0,0,0,0,0,0,0,0,0,141.1536024,128.5400023,126.7240022,104.0960018,156.3414027,126.6660021,145.1315025,122.0248021,148.1831027,117.963402,127.8943022,"WAK-00281"
"510",6559,"nSPC",2014,"PRIAs","Pacific Remote Island Areas","Wake","Wake",2014,"ForereefDeep","Wake","2014-03-19","Forereef","Deep",19.28935616,166.65727347,27.25,30,7.5,10,12.5,25,15,0,0,NA,0.6225,0.389705467273322,1.65,2,1,6.25677800174537,7.02879338309174,16.9428872553624,8.96237326056929,39.1908319007688,2.27463662270727,0,0,0,0,0,0.00282942121052258,0,0,0,0,0,0,0,0,0,0,0,0.0254647908947033,0,0.0169765272631355,0,0,0,0,0,0.033953054526271,0,0,0,0,0,0,0,0,0,0,0,0,0,0,0,0.00282942121052258,0,0,0,0,0,0,0,0,0,0,0,0,0,0,0,0,0,0,0,0,0,0,0,0,0,0,0,0,0,0,0,0,0,0,0,0,0,0,0,0,0,0,0,0,0,0,0,0,0,0,0,0,0,0,0,0,0,0,0,0,0,0,0,0,0,0,0,0,0,0,0,0,0,0,0.00848826363156775,0,0,0,0.0113176848420903,0,0,0,0,0.0282942121052258,0,0,0,0,0,0,0,0,0,0,0.00282942121052258,0,0.707355302630646,0.147129902947174,0,0,0,0,0,0,0,0,0,0,0,0,0,0,0,0,0,0,0,0,0,0,0,0,0,0,0,0,0,0,0,0,0,0,0,0,0,0,0,0,0.00282942121052258,0,0,0,0.0198059484736581,0,0,0,0,0,0,0.0169765272631355,0,0,0,0,0,0,0,0.0565884242104517,0,0.0113176848420903,0,0,0,0,0,0,0,0,0,0,0,0,0,0,0,0,0,0,0,0,0,0,0,0,0,0.00848826363156775,0,0,0,0,0,0,0,0,0,0.0141471060526129,0,0.00282942121052258,0,0,0,0,0,0,0,0,0,0,0,0,0,0,0,0,0,0,0,0,0,0,0,0,0,0,0,0,0,0,0,0,0,0,0,0,0,0,0.00282942121052258,0,0,0.00282942121052258,0,0,0,0,0,0,0,0,0,0,0,0,0,0,0,0,0,0,0,0,0,0,0,0,0,0,0,0,0,0,0,0,0,0,0,0.00565884242104517,0,0,0,0,0,0,0,0,0,0,0,0,0,0,0,0,0,0,0,0,0,0,0,0,0,0,0,0,0,0,0,0,0,0,0,0,0,0,0,0,0,0,0,0,0,0.00848826363156775,0,0,0,0,0,0,0,0,0,0,0,0,0,0,0,0,0,0,0,0,0,0,0,0,0,0,0,0,0,0,0.00565884242104517,0.00282942121052258,0,0,0,0,0,0,0,0,0,0,0,0,0,0,0,0,0,0,0,0.0113176848420903,0,0,0.0141471060526129,0,0,0,0,0,0,0,0,0,0,0,0,0,0,0,0,0,0,0,0,0,0,0,0,0,0,0,0,0,0.00282942121052258,0,0,0,0,0,0,0.00848826363156775,0.00282942121052258,0,0.0113176848420903,0,0,0,0,0,0,0,0,0,0,0,0,0,0,0,0,0,0,0,0,0,0,0,0,0,0.0254647908947033,0,0,0,0,0,0,0,0,0,0,0,0,0,0,0,0,0,0,0,0,0,0,0,0,0,0,0,0,0,0,0,0,0,0,0,0.00848826363156775,0,0,0,0,0.0169765272631355,0,0,0.16410643021031,0,0,0,0,0.00282942121052258,0,0,0,0,0,0,0,0,0,0,0,0,0,0,0,0,0,0,0,0,0,0,0,0,0,0,0,0,0,0,0,0,0,0,0,0,0,0,0,0,0,0,0,0,0,0,0,0,0,0,0,0,0,0,0,0,0,0,0,0,0,0,0,0,0,0,0,0,0,0,0,0,0,0,0,0,0,0.00848826363156775,0,0,0,0,0,0,0,0,0,0,0,0,0,0,0,0,0.0311236333157484,0,0,0,0,0,0,0,0,0,0,0,0,0,0.0141471060526129,0,0,0,0,0,0,0,0,0,0,0.122230996294576,0,0,0,0,0,0,0,0,0,0,0,0.229731783493563,0,0.187417972073333,0,0,0,0,0,1.01948290346944,0,0,0,0,0,0,0,0,0,0,0,0,0,0,0,0.0652705031949402,0,0,0,0,0,0,0,0,0,0,0,0,0,0,0,0,0,0,0,0,0,0,0,0,0,0,0,0,0,0,0,0,0,0,0,0,0,0,0,0,0,0,0,0,0,0,0,0,0,0,0,0,0,0,0,0,0,0,0,0,0,0,0,0,0,0,0,0,0,0,0,0,0,0,2.76828539737528,0,0,0,0.042882439618087,0,0,0,0,0.0617437510740256,0,0,0,0,0,0,0,0,0,0,0.109917918403555,0,1.16798507570372,0.0522877039704574,0,0,0,0,0,0,0,0,0,0,0,0,0,0,0,0,0,0,0,0,0,0,0,0,0,0,0,0,0,0,0,0,0,0,0,0,0,0,0,0,0.0596619299544288,0,0,0,0.138451703768935,0,0,0,0,0,0,2.27463662270727,0,0,0,0,0,0,0,11.2596618336034,0,0.354587618420599,0,0,0,0,0,0,0,0,0,0,0,0,0,0,0,0,0,0,0,0,0,0,0,0,0,4.29228289415531,0,0,0,0,0,0,0,0,0,0.0450822898042335,0,0.0816639320244326,0,0,0,0,0,0,0,0,0,0,0,0,0,0,0,0,0,0,0,0,0,0,0,0,0,0,0,0,0,0,0,0,0,0,0,0,0,0,2.56608652790438,0,0,0.099926991975466,0,0,0,0,0,0,0,0,0,0,0,0,0,0,0,0,0,0,0,0,0,0,0,0,0,0,0,0,0,0,0,0,0,0,0,0.0304853158906545,0,0,0,0,0,0,0,0,0,0,0,0,0,0,0,0,0,0,0,0,0,0,0,0,0,0,0,0,0,0,0,0,0,0,0,0,0,0,0,0,0,0,0,0,0,0.0105136066398067,0,0,0,0,0,0,0,0,0,0,0,0,0,0,0,0,0,0,0,0,0,0,0,0,0,0,0,0,0,0,0.624594294061249,0.284077391500203,0,0,0,0,0,0,0,0,0,0,0,0,0,0,0,0,0,0,0,3.60654084038583,0,0,2.0132413406082,0,0,0,0,0,0,0,0,0,0,0,0,0,0,0,0,0,0,0,0,0,0,0,0,0,0,0,0,0,0.382311393965811,0,0,0,0,0,0,0.267950704199556,0.0622990679213183,0,2.63132782075919,0,0,0,0,0,0,0,0,0,0,0,0,0,0,0,0,0,0,0,0,0,0,0,0,0,0.115681328224024,0,0,0,0,0,0,0,0,0,0,0,0,0,0,0,0,0,0,0,0,0,0,0,0,0,0,0,0,0,0,0,0,0,0,0,0.0486216229079832,0,0,0,0,0.0717586443760978,0,0,0.25104515033125,0,0,0,0,0.120848939272653,0,0,0,0,0,0,0,0,0,0,0,0,0,0,0,0,0,0,0,0,0,0,0,0,0,0,0,0,0,0,0,0,0,0,0,0,0,0,0,0,0,0,0,0,0,0,0,0,0,0,0,0,0,0,0,0,0,0,0,0,0,0,0,0,0,0,0,0,0,0,0,0,0,0,0,0,0,0.518137193292706,0,0,0,0,0,0,0,0,0,0,0,0,0,0,0,0,0.220666748211755,0,0,0,0,0,0,0,0,0,0,0,0,0,0.931451709231038,0,0,0,0,0,153.8006026,150.1160027,154.8824027,123.5400021,170.9486029,145.6279025,165.6766028,147.5292026,166.159303,134.0978023,144.0428025,"WAK-00208"
"511",6560,"nSPC",2014,"PRIAs","Pacific Remote Island Areas","Wake","Wake",2014,"ForereefDeep","Wake","2014-03-19","Forereef","Deep",19.2817495,166.65652857,22.9,20,25,12.5,7.5,32.5,2.5,0,0,NA,0.65375,0.499667139802532,2.3,2,1,8.02542653166649,6.2600380690758,39.1068031865822,8.9544021394219,62.3466699267464,8.74698483402424,0,0,0,0,0,0,0,0,0,0,0,0,0,0,0,0,0,0.0141471060526129,0,0.0141471060526129,0,0,0,0,0,0.0481001605788839,0,0,0,0,0,0,0,0,0,0,0,0,0,0,0,0,0,0,0,0,0,0,0,0,0,0,0,0,0,0,0.00565884242104517,0,0,0,0,0,0,0,0,0,0,0,0,0,0,0,0,0,0,0,0,0,0,0,0,0,0,0,0,0,0,0,0,0,0,0,0,0,0,0,0,0,0,0,0,0,0,0,0,0,0,0,0,0,0,0,0,0,0,0,0.0113176848420903,0,0,0,0.0226353696841807,0,0,0,0,0.0226353696841807,0,0,0,0,0,0,0,0,0,0,0,0,1.04688584789336,0.147129902947174,0,0,0,0,0,0,0,0,0,0,0,0,0,0,0,0,0,0,0,0,0,0,0,0,0,0,0,0,0,0,0,0,0,0,0,0,0,0,0,0,0.00282942121052258,0,0,0,0.0141471060526129,0,0,0,0,0,0,0.00282942121052258,0,0,0,0,0,0,0,0.113176848420903,0,0,0,0,0,0,0,0,0,0,0,0,0,0,0,0,0,0,0,0,0,0,0,0,0,0,0,0.00565884242104517,0,0,0,0,0,0,0,0,0,0.033953054526271,0,0,0,0,0.0141471060526129,0,0,0,0,0,0,0,0,0,0,0,0,0,0,0,0,0,0,0,0,0,0,0,0,0,0,0,0,0,0.00565884242104517,0,0,0,0,0,0.00282942121052258,0,0,0.00565884242104517,0,0,0,0,0,0,0,0.00565884242104517,0,0,0,0,0,0,0,0,0,0.0113176848420903,0,0,0,0,0,0,0,0,0,0,0,0,0,0,0,0,0,0.0141471060526129,0,0,0,0,0,0,0,0,0,0,0,0,0,0,0,0,0,0,0,0,0,0,0,0,0,0,0,0,0,0,0,0,0,0,0,0,0,0,0,0,0.00282942121052258,0.00282942121052258,0,0,0,0.00565884242104517,0,0,0,0,0,0,0,0,0,0,0,0,0,0,0,0,0,0,0,0,0,0,0,0,0,0,0,0,0,0,0.0113176848420903,0,0,0,0,0,0,0,0,0.00282942121052258,0,0,0,0,0,0,0,0,0,0,0,0.00565884242104517,0,0,0.0141471060526129,0,0,0,0,0,0,0,0,0,0,0,0,0,0,0,0,0,0,0,0,0,0,0,0,0,0.00282942121052258,0,0,0,0.00565884242104517,0.00848826363156775,0,0,0,0,0,0.00282942121052258,0.00282942121052258,0,0.00565884242104517,0,0.00848826363156775,0,0,0,0,0,0,0,0,0,0,0,0,0,0,0,0,0,0,0,0,0,0,0,0.0311236333157484,0,0,0,0,0,0,0,0,0,0,0,0,0,0,0,0,0,0,0,0,0,0,0,0,0,0,0,0,0,0,0,0,0,0,0,0.00282942121052258,0,0,0,0,0.0198059484736581,0,0.00282942121052258,0.707355302630646,0,0,0,0,0,0,0,0,0,0,0,0,0,0,0,0,0,0,0,0,0,0,0,0,0,0,0,0,0,0,0,0.00565884242104517,0,0,0,0,0,0,0,0.0113176848420903,0,0,0,0.00282942121052258,0,0,0,0,0,0,0,0,0,0,0,0,0,0,0,0,0,0,0,0,0,0,0,0,0,0,0,0,0,0,0,0,0,0,0,0,0,0,0.00565884242104517,0,0,0,0,0,0,0,0,0,0,0,0,0,0,0,0,0.0282942121052258,0,0,0,0,0,0,0,0,0,0,0,0,0,0,0,0,0,0,0,0,0,0,0,0,0,0,0,0,0,0,0,0,0,0,0,0,0.12480968701844,0,0.233025896083217,0,0,0,0,0,1.09415840276816,0,0,0,0,0,0,0,0,0,0,0,0,0,0,0,0,0,0,0,0,0,0,0,0,0,0,0,0,0,0,0.677809071639764,0,0,0,0,0,0,0,0,0,0,0,0,0,0,0,0,0,0,0,0,0,0,0,0,0,0,0,0,0,0,0,0,0,0,0,0,0,0,0,0,0,0,0,0,0,0,0,0,0,0,0,0,0,0,0,0,0,0,0,4.22703706438792,0,0,0,0.0911209986560298,0,0,0,0,0.0456586506848378,0,0,0,0,0,0,0,0,0,0,0,0,1.45852136328502,0.0261933668564128,0,0,0,0,0,0,0,0,0,0,0,0,0,0,0,0,0,0,0,0,0,0,0,0,0,0,0,0,0,0,0,0,0,0,0,0,0,0,0,0,0.108700801963264,0,0,0,0.0887651483591711,0,0,0,0,0,0,1.51284893144056,0,0,0,0,0,0,0,24.0676203509068,0,0,0,0,0,0,0,0,0,0,0,0,0,0,0,0,0,0,0,0,0,0,0,0,0,0,0,4.26154963015071,0,0,0,0,0,0,0,0,0,0.708372337002999,0,0,0,0,0.237873547231377,0,0,0,0,0,0,0,0,0,0,0,0,0,0,0,0,0,0,0,0,0,0,0,0,0,0,0,0,0,0.212508551017767,0,0,0,0,0,1.99169489906061,0,0,0.171374031357205,0,0,0,0,0,0,0,0.122230996294576,0,0,0,0,0,0,0,0,0,0.0406071596478784,0,0,0,0,0,0,0,0,0,0,0,0,0,0,0,0,0,0.0642787910606521,0,0,0,0,0,0,0,0,0,0,0,0,0,0,0,0,0,0,0,0,0,0,0,0,0,0,0,0,0,0,0,0,0,0,0,0,0,0,0,0,0.00785111761276115,0.0054076140822457,0,0,0,0.0075167372981692,0,0,0,0,0,0,0,0,0,0,0,0,0,0,0,0,0,0,0,0,0,0,0,0,0,0,0,0,0,0,0.585308002638383,0,0,0,0,0,0,0,0,0.302512581902028,0,0,0,0,0,0,0,0,0,0,0,2.34551961551987,0,0,4.26602888233581,0,0,0,0,0,0,0,0,0,0,0,0,0,0,0,0,0,0,0,0,0,0,0,0,0,0.112577011124273,0,0,0,0.490362151685399,0.010664018619492,0,0,0,0,0,0.0839162577047264,0.27065604470659,0,1.14714103353275,0,1.33287308431046,0,0,0,0,0,0,0,0,0,0,0,0,0,0,0,0,0,0,0,0,0,0,0,0.105582648854754,0,0,0,0,0,0,0,0,0,0,0,0,0,0,0,0,0,0,0,0,0,0,0,0,0,0,0,0,0,0,0,0,0,0,0,0.0162072076359944,0,0,0,0,0.0378372985367076,0,0.00899592976925488,1.03313273874431,0,0,0,0,0,0,0,0,0,0,0,0,0,0,0,0,0,0,0,0,0,0,0,0,0,0,0,0,0,0,0,1.05933530121966,0,0,0,0,0,0,0,6.46332234104343,0,0,0,0.770813561540246,0,0,0,0,0,0,0,0,0,0,0,0,0,0,0,0,0,0,0,0,0,0,0,0,0,0,0,0,0,0,0,0,0,0,0,0,0,0,0.211215161597027,0,0,0,0,0,0,0,0,0,0,0,0,0,0,0,0,0.105133907858615,0,0,0,0,0,0,0,0,0,0,0,0,0,0,0,0,0,0,0,139.1827024,124.6762023,122.4170022,101.6840017,154.9535027,123.7389021,141.2281024,117.784602,144.1136026,114.541502,122.1987021,"WAK-00289"
"512",6561,"nSPC",2014,"PRIAs","Pacific Remote Island Areas","Wake","Wake",2014,"ForereefShallow","Wake","2014-03-19","Forereef","Shallow",19.27082252,166.65169573,3,30,2.5,17.5,0,50,0,0,0,NA,0.30625,0.195630255882154,0.75,2,1,2.90705724222934,0.0874528825433162,22.5771672955903,5.93419430620934,31.5058717265723,7.97811772807775,0,0,0,0,0,0,0,0,0,0,0.0113176848420903,0,0,0,0,0,0,0.0848826363156775,0,0.226353696841807,0,0,0,0,0,0,0.0594178454209743,0,0,0,0,0,0,0,0,0,0,0,0,0,0,0,0,0,0,0,0,0,0,0,0,0,0,0,0,0,0,0,0,0,0,0,0,0,0,0,0,0,0,0,0,0,0,0,0,0,0,0,0,0,0,0,0,0,0,0,0,0,0,0,0,0,0,0,0,0.00282942121052258,0,0,0,0,0,0,0,0,0,0,0,0,0,0,0,0,0,0,0,0,0.00848826363156775,0,0,0,0.0367824757367936,0,0,0,0,0,0,0,0,0,0,0,0,0,0,0,0,0,0,0,0,0,0,0,0,0,0,0,0,0,0,0,0,0,0,0,0,0,0,0,0,0,0,0,0,0,0,0,0,0,0,0.00282942121052258,0,0,0,0,0,0,0,0,0.0113176848420903,0,0,0,0,0,0,0.00282942121052258,0,0.00565884242104517,0,0.00565884242104517,0,0,0,0,0.00282942121052258,0,0,0,0,0,0,0.0367824757367936,0,0,0,0,0,0,0,0,0,0,0,0,0,0,0,0,0,0,0,0,0,0,0,0,0,0,0,0,0,0,0,0,0,0,0,0.00565884242104517,0,0,0.0141471060526129,0,0,0,0,0,0,0,0,0,0,0,0,0,0,0,0,0,0,0,0,0,0,0,0,0,0,0,0,0,0,0,0,0,0,0,0,0,0,0,0,0,0,0,0,0,0,0,0,0,0,0,0,0,0,0,0,0.0113176848420903,0,0,0,0,0,0,0,0,0,0,0,0,0,0,0,0,0,0,0,0,0,0,0,0,0,0,0,0.0226353696841807,0,0,0,0,0,0,0,0,0,0,0,0,0,0,0,0,0,0,0,0,0,0,0,0,0,0,0,0,0,0,0,0,0,0,0,0,0,0,0,0,0,0,0,0.00282942121052258,0,0,0,0,0,0,0,0,0,0,0,0,0,0,0,0,0,0,0,0,0,0,0.0198059484736581,0,0,0,0,0,0,0,0,0,0,0,0,0,0,0,0,0,0,0,0,0,0,0,0.0113176848420903,0,0,0,0,0,0,0,0,0.0169765272631355,0,0,0,0,0,0,0,0,0,0,0,0,0,0,0,0,0,0,0,0,0,0.0226353696841807,0,0,0,0,0,0.00282942121052258,0.00565884242104517,0,0,0,0,0,0,0,0,0,0,0,0,0,0,0,0,0,0,0,0,0,0,0.0763943726841098,0,0,0,0,0.00282942121052258,0,0,0,0,0,0.0113176848420903,0,0,0,0,0,0,0,0,0,0,0,0,0,0,0,0,0,0,0,0,0,0,0,0,0,0,0,0,0,0,0,0,0,0,0,0,0,0,0,0,0,0,0,0,0,0,0,0,0,0,0,0,0,0,0,0,0,0.00282942121052258,0,0,0,0,0,0,0,0,0,0,0,0,0,0,0,0,0,0,0,0.00848826363156775,0,0,0,0.00282942121052258,0,0,0,0,0,0,0,0,0,0,0,0,0,0,0,0,0,0,0,0,0,0,0,0,0,0,0,0,0,0,0,0,0.0537590029999291,0,0,0,0,0,0.00282942121052258,0,0,0,0,0,0,0,0,0,0,0,0,0,0,0,0,0.00282942121052258,0.00565884242104517,0.0481001605788839,0,0.00565884242104517,0,0,0,0,0,0,0,0,0,0,0,0,0,0,0.0113176848420903,0,0,0,0,0,0,0,0,0,0,0.090061608899418,0,0,0,0,0,0,1.3547336594738,0,4.91242882005982,0,0,0,0,0,0,1.67563876942148,0,0,0,0,0,0,0,0,0,0,0,0,0,0,0,0,0,0,0,0,0,0,0,0,0,0,0,0,0,0,0,0,0,0,0,0,0,0,0,0,0,0,0,0,0,0,0,0,0,0,0,0,0,0,0,0,0,0,0,0,0,0,0,0,0,0,0,0,0.0338899499970972,0,0,0,0,0,0,0,0,0,0,0,0,0,0,0,0,0,0,0,0,2.46652114959924,0,0,0,0.154632487678358,0,0,0,0,0,0,0,0,0,0,0,0,0,0,0,0,0,0,0,0,0,0,0,0,0,0,0,0,0,0,0,0,0,0,0,0,0,0,0,0,0,0,0,0,0,0,0,0,0,0,0.333200775916839,0,0,0,0,0,0,0,0,0.542850246897737,0,0,0,0,0,0,0.0817502926299197,0,0.217401603926528,0,2.3391862957864,0,0,0,0,0.979680883165817,0,0,0,0,0,0,0.0874528825433162,0,0,0,0,0,0,0,0,0,0,0,0,0,0,0,0,0,0,0,0,0,0,0,0,0,0,0,0,0,0,0,0,0,0,0,0.259850823167127,0,0,0.870101995456339,0,0,0,0,0,0,0,0,0,0,0,0,0,0,0,0,0,0,0,0,0,0,0,0,0,0,0,0,0,0,0,0,0,0,0,0,0,0,0,0,0,0,0,0,0,0,0,0,0,0,0,0,0,0,0,0,1.19364025869917,0,0,0,0,0,0,0,0,0,0,0,0,0,0,0,0,0,0,0,0,0,0,0,0,0,0,0,0.0604615907042181,0,0,0,0,0,0,0,0,0,0,0,0,0,0,0,0,0,0,0,0,0,0,0,0,0,0,0,0,0,0,0,0,0,0,0,0,0,0,0,0,0,0,0,1.05259714499027,0,0,0,0,0,0,0,0,0,0,0,0,0,0,0,0,0,0,0,0,0,0,1.10657356023325,0,0,0,0,0,0,0,0,0,0,0,0,0,0,0,0,0,0,0,0,0,0,0,2.36808028013132,0,0,0,0,0,0,0,0,0.0213280372389841,0,0,0,0,0,0,0,0,0,0,0,0,0,0,0,0,0,0,0,0,0,0.118675492828374,0,0,0,0,0,0.0839162577047264,0.356619834925374,0,0,0,0,0,0,0,0,0,0,0,0,0,0,0,0,0,0,0,0,0,0,0.396156725102301,0,0,0,0,0.00668154817603593,0,0,0,0,0,0.0633861414128203,0,0,0,0,0,0,0,0,0,0,0,0,0,0,0,0,0,0,0,0,0,0,0,0,0,0,0,0,0,0,0,0,0,0,0,0,0,0,0,0,0,0,0,0,0,0,0,0,0,0,0,0,0,0,0,0,0,0.157141990530277,0,0,0,0,0,0,0,0,0,0,0,0,0,0,0,0,0,0,0,4.95368098286791,0,0,0,0.685250449423438,0,0,0,0,0,0,0,0,0,0,0,0,0,0,0,0,0,0,0,0,0,0,0,0,0,0,0,0,0,0,0,0,0.34358940430872,0,0,0,0,0,0.250329080411291,0,0,0,0,0,0,0,0,0,0,0,0,0,0,0,0,0.049477837269103,0.0785583140259174,0.0831807394575482,0,0.311081744239012,0,0,0,0,0,0,0,0,0,0,0,0,0,0,1.36608206727303,8.333800145,4.784400066,8.812100166,1.581000033,8.942600155,1.872300032,1.963700035,5.08510009,0.476400007,7.465800144,8.135100131,"WAK-00275"
"513",6567,"nSPC",2014,"PRIAs","Pacific Remote Island Areas","Wake","Wake",2014,"ForereefShallow","Wake","2014-03-20","Forereef","Shallow",19.2919139,166.60785939,4.45,20,0,7.5,10,45,17.5,0,0,NA,1.0475,0.779424957883792,3,2,1,2.80383276539802,4.11580286553907,55.6822548320774,15.006948816386,77.6088392794005,33.225195324941,0,0.00282942121052258,0,0,0,0.0141471060526129,0,0,0,0,0.0141471060526129,0,0,0,0,0,0,0.0226353696841807,0.00282942121052258,0,0,0,0,0,0,0,0.033953054526271,0,0,0,0,0,0,0,0,0,0,0,0,0,0,0,0,0,0,0,0,0,0,0,0,0,0,0,0,0,0.00565884242104517,0,0,0,0,0,0,0,0,0,0,0,0,0.00565884242104517,0,0,0,0,0,0,0,0,0,0,0,0,0,0,0,0,0,0,0,0,0,0,0,0,0,0,0,0,0,0,0,0,0,0,0,0,0,0,0,0,0,0,0,0,0,0,0.00565884242104517,0,0,0,0.00848826363156775,0,0,0,0,0,0,0,0,0,0,0,0,0,0,0,0,0,0,0.107518005999858,0,0,0,0,0,0,0,0,0,0,0,0,0,0,0.00282942121052258,0,0,0.00565884242104517,0,0,0,0,0,0,0,0,0,0,0,0,0,0,0,0.00282942121052258,0,0,0,0,0,0,0.00565884242104517,0,0,0,0.00282942121052258,0,0,0.00282942121052258,0,0.00565884242104517,0,0.0113176848420903,0,0,0,0,0,0,0,0.00282942121052258,0,0,0,1.13176848420903,0,0,0,0,0,0,0,0,0,0,0,0,0,0,0,0,0,0,0,0,0,0,0,0.00282942121052258,0,0,0,0,0,0,0,0,0,0,0,0,0,0,0.0537590029999291,0,0,0,0,0,0,0,0,0,0,0,0,0,0,0.00282942121052258,0,0,0,0,0,0,0,0,0,0,0,0,0,0,0,0,0,0,0,0,0,0,0,0,0,0,0,0,0,0,0,0,0,0,0,0,0,0,0,0,0,0.00282942121052258,0,0,0,0,0,0,0,0,0,0,0,0,0,0,0,0,0,0,0,0,0,0,0,0,0,0,0,0.135812218105084,0,0,0,0,0,0,0.00282942121052258,0,0,0,0,0.00565884242104517,0,0,0,0,0,0,0,0,0,0,0,0,0,0,0,0,0,0,0,0,0,0,0,0.00282942121052258,0,0,0,0,0,0,0,0,0,0,0,0,0,0.00282942121052258,0,0,0,0,0,0,0,0,0,0,0,0,0,0,0,0,0.00565884242104517,0,0,0,0,0,0,0,0,0,0,0,0,0,0,0,0,0,0,0,0,0,0,0,0.00282942121052258,0,0,0,0,0,0,0,0,0,0,0,0,0,0,0,0,0,0,0,0,0,0,0,0,0,0,0,0,0,0.00282942121052258,0.0141471060526129,0,0,0,0,0,0,0,0,0,0,0.00282942121052258,0,0,0,0,0,0,0,0,0,0,0,0,0,0,0,0,0,0,0.0226353696841807,0,0,0,0,0.0169765272631355,0,0,0,0,0,0,0,0,0,0,0,0,0,0,0,0,0,0,0,0,0,0,0,0,0,0,0,0,0,0,0,0,0,0,0,0,0,0,0,0,0,0,0,0,0,0,0,0,0,0,0,0,0,0,0,0,0,0,0,0,0,0,0,0,0,0,0,0,0,0,0,0,0,0,0,0,0,0,0,0,0,0,0,0.00848826363156775,0,0,0.00282942121052258,0,0,0,0,0,0,0.0141471060526129,0,0,0,0,0,0,0,0,0,0,0,0,0,0,0,0,0,0,0,0,0,0,0,0,0,0.00282942121052258,0.0452707393683613,0,0,0,0,0,0,0,0,0,0,0,0,0,0,0,0,0,0,0,0,0,0,0.0169765272631355,0,0.0198059484736581,0,0,0,0,0,0,0,0,0,0,0,0,0,0.00848826363156775,0,0,0,0,0.234912696003638,0,0,0,3.41893111973496,0,0,0,0,0.407509087498241,0,0,0,0,0,0,0.614526459703222,0.732672794478153,0,0,0,0,0,0,0,4.34595644982579,0,0,0,0,0,0,0,0,0,0,0,0,0,0,0,0,0,0,0,0,0,0,0,0,0,0,0,0,0,0.632681218042534,0,0,0,0,0,0,0,0,0,0,0,0,3.60560822710814,0,0,0,0,0,0,0,0,0,0,0,0,0,0,0,0,0,0,0,0,0,0,0,0,0,0,0,0,0,0,0,0,0,0,0,0,0,0,0,0,0,0,0,0,0,0,2.10754448918442,0,0,0,0.0401960088433489,0,0,0,0,0,0,0,0,0,0,0,0,0,0,0,0,0,0,0.061457858113761,0,0,0,0,0,0,0,0,0,0,0,0,0,0,0.442563687062594,0,0,7.81677718243314,0,0,0,0,0,0,0,0,0,0,0,0,0,0,0,2.65632511985617,0,0,0,0,0,0,1.11391794815132,0,0,0,0.0102934306734148,0,0,0.0596619299544288,0,0.447063356309831,0,4.62173508649839,0,0,0,0,0,0,0,0.888009938743259,0,0,0,3.38277677550691,0,0,0,0,0,0,0,0,0,0,0,0,0,0,0,0,0,0,0,0,0,0,0,0.362839644803475,0,0,0,0,0,0,0,0,0,0,0,0,0,0,8.19725470714683,0,0,0,0,0,0,0,0,0,0,0,0,0,0,6.67752612927819,0,0,0,0,0,0,0,0,0,0,0,0,0,0,0,0,0,0,0,0,0,0,0,0,0,0,0,0,0,0,0,0,0,0,0,0,0,0,0,0,0,0.104031106789106,0,0,0,0,0,0,0,0,0,0,0,0,0,0,0,0,0,0,0,0,0,0,0,0,0,0,0,0.39634148326802,0,0,0,0,0,0,0.163292971612285,0,0,0,0,0.653171886449138,0,0,0,0,0,0,0,0,0,0,0,0,0,0,0,0,0,0,0,0,0,0,0,0.0048155202490365,0,0,0,0,0,0,0,0,0,0,0,0,0,0.759206074486025,0,0,0,0,0,0,0,0,0,0,0,0,0,0,0,0,1.63175751930878,0,0,0,0,0,0,0,0,0,0,0,0,0,0,0,0,0,0,0,0,0,0,0,0.761078923321089,0,0,0,0,0,0,0,0,0,0,0,0,0,0,0,0,0,0,0,0,0,0,0,0,0,0,0,0,0,0.0636070581710619,0.11105951881303,0,0,0,0,0,0,0,0,0,0,0.292418272683837,0,0,0,0,0,0,0,0,0,0,0,0,0,0,0,0,0,0,0.15270113584909,0,0,0,0,0.101850773023224,0,0,0,0,0,0,0,0,0,0,0,0,0,0,0,0,0,0,0,0,0,0,0,0,0,0,0,0,0,0,0,0,0,0,0,0,0,0,0,0,0,0,0,0,0,0,0,0,0,0,0,0,0,0,0,0,0,0,0,0,0,0,0,0,0,0,0,0,0,0,0,0,0,0,0,0,0,0,0,0,0,0,0,4.65941754425008,0,0,5.5191967717061,0,0,0,0,0,0,7.9517436201971,0,0,0,0,0,0,0,0,0,0,0,0,0,0,0,0,0,0,0,0,0,0,0,0,0,0.0183963454692631,0.318825801295504,0,0,0,0,0,0,0,0,0,0,0,0,0,0,0,0,0,0,0,0,0,0,0.0528581832987111,0,0.148899422972235,0,0,0,0,0,0,0,0,0,0,0,0,0,0.865428001233614,0,0,0,0,0,0,0,0,0,0,0,0,0,0,"WAK-00167"
"514",6568,"nSPC",2014,"PRIAs","Pacific Remote Island Areas","Wake","Wake",2014,"ForereefDeep","Wake","2014-03-20","Forereef","Deep",19.2868607,166.61294762,23.5,47.5,0,15,2.5,34,1,0,0,NA,0.485,0.297106220709987,0.95,2,1,1.31824223251639,7.47984605550623,7.88215276520011,4.07043912875298,20.7506801819757,2.94356530642516,0,0,0,0,0,0,0,0,0,0,0,0,0,0,0,0,0,0.0141471060526129,0,0,0,0,0,0,0,0.0198059484736581,0,0,0,0,0,0,0,0,0,0,0,0,0,0,0,0,0,0,0,0,0,0,0,0,0,0,0,0,0,0,0,0,0,0,0,0,0,0,0,0,0,0,0,0,0,0,0,0,0,0,0,0,0,0,0,0,0,0,0,0,0,0,0,0,0,0,0,0,0,0,0,0,0,0,0,0,0,0,0,0,0,0,0,0,0,0,0,0,0,0,0.00282942121052258,0,0,0,0.00282942121052258,0,0,0,0,0.00848826363156775,0,0,0,0,0,0,0,0,0,0,0.00282942121052258,0,0.565884242104517,0.226353696841807,0,0,0,0,0,0,0,0,0,0,0,0,0,0,0,0,0,0,0,0,0,0,0,0,0,0,0,0,0,0,0,0.00565884242104517,0,0,0,0,0,0,0,0,0.00565884242104517,0,0,0,0.0198059484736581,0,0,0,0,0,0,0.00848826363156775,0,0,0,0,0,0,0,0.00848826363156775,0,0,0,0,0,0,0,0,0,0,0,0,0,0,0,0,0,0,0,0,0,0,0,0,0,0,0,0,0,0,0,0,0,0,0,0,0,0.00565884242104517,0,0,0,0,0,0,0,0,0,0,0,0,0,0,0,0,0,0,0,0,0,0,0,0,0,0,0,0,0,0,0,0,0,0,0,0,0,0,0,0,0,0,0,0,0,0,0,0,0,0,0,0,0,0,0,0,0,0,0,0,0,0.00565884242104517,0,0,0,0,0,0,0,0,0,0,0,0,0,0,0,0,0,0,0,0,0,0,0,0,0,0,0,0,0,0,0,0,0,0,0,0,0,0,0,0.0113176848420903,0,0,0,0,0,0,0,0,0,0,0,0,0,0,0,0,0,0,0.00848826363156775,0,0,0,0,0.00565884242104517,0,0,0,0,0,0,0,0,0,0,0,0,0,0.00282942121052258,0,0,0,0,0,0,0,0,0,0,0,0,0,0,0,0,0,0.00282942121052258,0,0,0,0,0,0,0,0.0311236333157484,0,0,0,0,0,0.0113176848420903,0,0,0,0,0,0,0,0,0,0,0,0,0,0,0,0,0,0.00282942121052258,0,0,0,0,0,0,0,0,0,0,0,0,0,0,0,0,0,0,0,0,0,0,0,0,0,0,0,0.0113176848420903,0,0,0.00565884242104517,0,0,0,0,0,0,0,0,0,0,0,0,0,0,0,0,0,0,0,0,0,0,0,0,0,0.0169765272631355,0,0,0,0,0,0,0,0,0,0,0,0,0,0,0,0,0,0,0,0,0,0,0,0,0,0,0,0,0,0,0,0,0,0,0,0,0,0,0,0,0.00565884242104517,0,0,0.424413181578388,0,0,0,0,0,0,0,0,0,0,0,0,0,0,0,0,0,0,0,0,0,0,0,0,0,0,0,0,0.00565884242104517,0,0.00282942121052258,0,0,0,0,0,0,0,0,0.00282942121052258,0,0,0,0,0,0,0,0,0,0,0,0,0,0,0,0,0,0,0,0,0,0,0,0,0,0,0,0,0,0,0,0,0,0,0,0,0,0,0,0,0,0,0,0,0,0,0,0,0,0,0,0,0,0,0,0,0,0,0,0.00282942121052258,0,0,0,0,0,0,0,0,0,0,0,0,0,0,0,0.00848826363156775,0,0,0,0,0,0,0,0,0,0,0,0,0,0,0,0,0,0,0,0,0.12480968701844,0,0,0,0,0,0,0,0.53311812977606,0,0,0,0,0,0,0,0,0,0,0,0,0,0,0,0,0,0,0,0,0,0,0,0,0,0,0,0,0,0,0,0,0,0,0,0,0,0,0,0,0,0,0,0,0,0,0,0,0,0,0,0,0,0,0,0,0,0,0,0,0,0,0,0,0,0,0,0,0,0,0,0,0,0,0,0,0,0,0,0,0,0,0,0,0,0,0,0,0,0,0.489340134096332,0,0,0,0.0133986696144496,0,0,0,0,0.0166549502350164,0,0,0,0,0,0,0,0,0,0,0.484023138252705,0,0.502233582552601,0.0614974700107084,0,0,0,0,0,0,0,0,0,0,0,0,0,0,0,0,0,0,0,0,0,0,0,0,0,0,0,0,0,0,0,0.447063356309831,0,0,0,0,0,0,0,0,0.281988661853712,0,0,0,0.139419178381336,0,0,0,0,0,0,1.28569796698851,0,0,0,0,0,0,0,4.30432103824562,0,0,0,0,0,0,0,0,0,0,0,0,0,0,0,0,0,0,0,0,0,0,0,0,0,0,0,0,0,0,0,0,0,0,0,0,0,0.0633569054504879,0,0,0,0,0,0,0,0,0,0,0,0,0,0,0,0,0,0,0,0,0,0,0,0,0,0,0,0,0,0,0,0,0,0,0,0,0,0,0,0,0,0,0,0,0,0,0,0,0,0,0,0,0,0,0,0,0,0,0,0,0,0.202824122516943,0,0,0,0,0,0,0,0,0,0,0,0,0,0,0,0,0,0,0,0,0,0,0,0,0,0,0,0,0,0,0,0,0,0,0,0,0,0,0,1.13129370732991,0,0,0,0,0,0,0,0,0,0,0,0,0,0,0,0,0,0,0.018403452274655,0,0,0,0,0.00540243409826541,0,0,0,0,0,0,0,0,0,0,0,0,0,0.519078236521473,0,0,0,0,0,0,0,0,0,0,0,0,0,0,0,0,0,0.284077391500203,0,0,0,0,0,0,0,2.91702342523504,0,0,0,0,0,0.652905160237578,0,0,0,0,0,0,0,0,0,0,0,0,0,0,0,0,0,0.0126222754078381,0,0,0,0,0,0,0,0,0,0,0,0,0,0,0,0,0,0,0,0,0,0,0,0,0,0,0,0.344878960167352,0,0,0.841994041489659,0,0,0,0,0,0,0,0,0,0,0,0,0,0,0,0,0,0,0,0,0,0,0,0,0,0.0472338063580904,0,0,0,0,0,0,0,0,0,0,0,0,0,0,0,0,0,0,0,0,0,0,0,0,0,0,0,0,0,0,0,0,0,0,0,0,0,0,0,0,0.0293132454317948,0,0,1.68177458036434,0,0,0,0,0,0,0,0,0,0,0,0,0,0,0,0,0,0,0,0,0,0,0,0,0,0,0,0,0.381533032890415,0,0.796368047866512,0,0,0,0,0,0,0,0,1.65786733943665,0,0,0,0,0,0,0,0,0,0,0,0,0,0,0,0,0,0,0,0,0,0,0,0,0,0,0,0,0,0,0,0,0,0,0,0,0,0,0,0,0,0,0,0,0,0,0,0,0,0,0,0,0,0,0,0,0,0,0,0.063117845852256,0,0,0,0,0,0,0,0,0,0,0,0,0,0,0,0.416046208210938,0,0,0,10.09550018,6.33120009,10.32300019,3.631900076,9.005800157,3.933300064,2.571800046,5.866700105,0.886600016,9.202900166,9.477500156,"WAK-00182"
"515",7851,"nSPC",2015,"PRIAs","Pacific Remote Island Areas","Johnston","Johnston",2015,"ForereefDeep","Johnston","2015-01-26","Forereef","Deep",16.74149129,-169.54639597,18.25,7.5,0,4,5.5,79,4,0,0,NA,0.39,0.319481865088275,1.15,2,1,15.0338947050532,6.50280095929432,32.532441325912,27.889340607968,81.9584775982274,24.0892617449746,0,0,0,0,0,0,0,0,0.00282942121052258,0,0,0,0,0,0,0,0,0.00565884242104517,0,0.135812218105084,0,0,0,0,0,0,0,0,0,0,0,0,0,0,0,0,0,0,0,0,0,0,0,0,0,0,0,0,0,0,0,0,0,0,0,0,0.0254647908947033,0,0,0,0,0,0,0,0,0,0,0,0,0,0,0,0,0.00565884242104517,0,0,0,0,0,0,0,0,0,0,0.00848826363156775,0,0,0,0,0,0,0,0,0,0,0,0,0,0,0,0,0,0,0,0,0,0,0,0,0,0,0,0,0,0,0,0,0,0,0,0,0,0,0,0,0.0226353696841807,0,0,0,0,0.00282942121052258,0,0,0,0,0,0,0,0.424413181578388,0.33953054526271,0,0,0,0,0.00565884242104517,0,0,0,0,0,0,0,0,0,0,0,0,0,0,0,0,0,0,0,0,0,0,0,0,0,0,0,0,0,0,0,0,0,0,0.00282942121052258,0,0,0,0,0,0,0,0,0,0,0,0.0424413181578388,0,0,0,0,0,0,0,0,0,0,0,0,0.00565884242104517,0,0,0,0,0,0,0,0,0,0,0,0,0,0,0,0,0,0,0,0,0,0,0,0,0,0,0,0,0,0,0,0,0,0,0,0,0,0,0.033953054526271,0,0,0.0282942121052258,0,0,0,0,0,0,0,0,0,0,0,0,0,0,0,0,0,0,0,0,0,0,0,0,0,0,0,0,0,0,0,0,0,0,0,0,0,0,0,0,0,0,0.0113176848420903,0,0,0,0,0,0,0,0,0,0,0,0,0,0,0,0,0,0,0,0,0.00282942121052258,0,0,0,0,0,0,0,0,0,0,0,0,0,0,0.00848826363156775,0,0,0,0,0,0,0,0,0,0,0,0,0,0,0,0,0,0,0,0,0,0,0,0,0,0,0,0,0,0,0,0,0,0,0,0,0,0,0,0,0,0,0,0,0,0,0,0,0,0,0,0,0,0,0,0,0,0,0,0,0,0,0,0,0,0,0,0.0226353696841807,0.00565884242104517,0,0,0,0,0,0,0,0,0,0,0,0,0,0,0,0,0,0,0,0,0,0,0,0.00848826363156775,0,0,0,0,0,0,0,0,0,0,0,0,0.0141471060526129,0,0,0,0,0,0,0,0,0,0,0,0,0,0,0,0,0.00565884242104517,0,0,0,0,0,0,0,0,0,0.00282942121052258,0,0.00282942121052258,0.00282942121052258,0,0,0,0,0,0,0,0,0,0,0,0,0,0,0,0,0,0,0,0,0,0,0,0,0,0,0,0,0,0,0,0,0,0,0,0,0,0,0,0,0,0,0,0,0,0,0,0,0,0,0,0,0,0,0,0,0,0,0,0,0,0,0,0.00565884242104517,0,0,0,0,0,0,0,0,0,0,0,0,0,0,0,0,0,0,0,0,0,0,0,0,0,0,0,0,0,0,0,0,0,0,0,0,0,0,0,0,0,0,0,0,0,0,0,0,0,0,0,0,0,0.00565884242104517,0,0,0,0,0,0,0,0,0,0,0,0,0,0,0,0,0,0,0,0,0,0,0,0.00282942121052258,0,0,0,0,0,0,0,0.00848826363156775,0,0,0,0,0,0,0,0,0,0,0,0,0,0.0113176848420903,0,0,0.0113176848420903,0,0,0,0,0,0,0,0,0,0,0,0.0198059484736581,0,0,0,0.00565884242104517,0,0,0,0,0,0,0,0,0,0,0,0.363931413402965,0,0,0,0,0,0,0,0,0.207950525255435,0,4.23456292659923,0,0,0,0,0,0,0,0,0,0,0,0,0,0,0,0,0,0,0,0,0,0,0,0,0,0,0,0,0,0,0,0,0,0,0,0,7.60215681454113,0,0,0,0,0,0,0,0,0,0,0,0,0,0,0,0,0.542370366919009,0,0,0,0,0,0,0,0,0,0,25.8442870145646,0,0,0,0,0,0,0,0,0,0,0,0,0,0,0,0,0,0,0,0,0,0,0,0,0,0,0,0,0,0,0,0,0,0,0,0,0,0,0,0,0.0964771180758855,0,0,0,0,0.0795891520303352,0,0,0,0,0,0,0,1.41107196958456,0.127352248685622,0,0,0,0,0.583555502051457,0,0,0,0,0,0,0,0,0,0,0,0,0,0,0,0,0,0,0,0,0,0,0,0,0,0,0,0,0,0,0,0,0,0,0.0616805929725043,0,0,0,0,0,0,0,0,0,0,0,6.81265269894856,0,0,0,0,0,0,0,0,0,0,0,0,0.117911318877855,0,0,0,0,0,0,0,0,0,0,0,0,0,0,0,0,0,0,0,0,0,0,0,0,0,0,0,0,0,0,0,0,0,0,0,0,0,0,1.24096150756552,0,0,0.556204543960094,0,0,0,0,0,0,0,0,0,0,0,0,0,0,0,0,0,0,0,0,0,0,0,0,0,0,0,0,0,0,0,0,0,0,0,0,0,0,0,0,0,0,0.216379987074715,0,0,0,0,0,0,0,0,0,0,0,0,0,0,0,0,0,0,0,0,4.33156093118902,0,0,0,0,0,0,0,0,0,0,0,0,0,0,0.0761657554502995,0,0,0,0,0,0,0,0,0,0,0,0,0,0,0,0,0,0,0,0,0,0,0,0,0,0,0,0,0,0,0,0,0,0,0,0,0,0,0,0,0,0,0,0,0,0,0,0,0,0,0,0,0,0,0,0,0,0,0,0,0,0,0,0,0,0,0,3.12619828560553,0.949279445308405,0,0,0,0,0,0,0,0,0,0,0,0,0,0,0,0,0,0,0,0,0,0,0,1.21062026456042,0,0,0,0,0,0,0,0,0,0,0,0,0.0572114627610088,0,0,0,0,0,0,0,0,0,0,0,0,0,0,0,0,2.55780659240402,0,0,0,0,0,0,0,0,0,0.0322692278860624,0,0.13689078274066,0.113636629367613,0,0,0,0,0,0,0,0,0,0,0,0,0,0,0,0,0,0,0,0,0,0,0,0,0,0,0,0,0,0,0,0,0,0,0,0,0,0,0,0,0,0,0,0,0,0,0,0,0,0,0,0,0,0,0,0,0,0,0,0,0,0,0,0.0458228613598685,0,0,0,0,0,0,0,0,0,0,0,0,0,0,0,0,0,0,0,0,0,0,0,0,0,0,0,0,0,0,0,0,0,0,0,0,0,0,0,0,0,0,0,0,0,0,0,0,0,0,0,0,0,17.2766090460261,0,0,0,0,0,0,0,0,0,0,0,0,0,0,0,0,0,0,0,0,0,0,0,0.0145573721281387,0,0,0,0,0,0,0,0.541666660079412,0,0,0,0,0,0,0,0,0,0,0,0,0,0.184020163468892,0,0,0.0384080588237398,0,0,0,0,0,0,0,0,0,0,0,1.10685112981965,0,0,0,0.0598072281391568,0,0,0,130.1974023,151.1154025,164.2508028,159.9449027,100.1008018,114.5838019,104.4198017,130.3116023,125.9859021,105.5632018,119.7501022,"JOH-00499"
"516",7852,"nSPC",2015,"PRIAs","Pacific Remote Island Areas","Johnston","Johnston",2015,"ForereefMid","Johnston","2015-01-26","Forereef","Mid",16.74895403,-169.53866073,11.5,10,0,3,7.5,42,37.5,0,0,NA,0.43625,0.370770640091842,1.55,2,1,12.3598974069149,19.2234659681603,14.8791346207013,7.10189139917921,53.5643893949557,7.12279350848534,0,0,0,0,0,0,0,0,0,0,0,0,0,0,0,0,0,0,0,0.124494533262994,0,0,0,0,0,0,0,0,0,0,0,0,0,0,0,0,0,0,0,0,0,0,0,0,0,0,0,0,0,0,0,0,0,0,0,0,0.00848826363156775,0,0,0,0,0,0,0,0.00282942121052258,0,0,0,0,0,0,0,0,0.00282942121052258,0,0,0,0,0,0,0,0,0,0,0,0,0,0,0,0,0,0,0,0,0,0,0,0.00282942121052258,0,0,0,0,0,0,0,0,0,0,0,0,0,0,0,0,0,0,0,0,0,0,0,0,0,0,0,0.0622472666314968,0,0,0,0,0,0,0,0,0,0,0,0,0.0848826363156775,0.0962003211577679,0,0,0,0,0.0113176848420903,0,0,0,0,0,0,0,0,0,0,0,0,0,0,0,0,0,0,0,0,0,0,0,0,0,0,0,0,0,0,0,0,0,0,0.00565884242104517,0,0,0,0,0,0,0,0.00282942121052258,0,0,0,0.0169765272631355,0,0,0,0,0,0,0,0,0,0,0,0.00848826363156775,0.0848826363156775,0,0,0,0,0,0,0,0,0,0,0,0,0,0,0,0,0,0,0,0,0,0,0,0,0,0,0,0,0.00282942121052258,0,0,0,0,0,0.00282942121052258,0,0,0,0.0763943726841098,0,0,0.0254647908947033,0,0,0,0,0,0,0,0,0,0,0,0,0,0,0,0,0,0,0,0,0,0,0,0,0,0,0,0,0,0,0,0,0,0,0,0,0,0,0,0,0,0,0.0141471060526129,0,0,0,0,0,0,0,0,0,0.00282942121052258,0,0,0,0,0,0,0,0,0,0,0,0,0,0,0,0,0,0,0,0,0,0,0,0,0,0.0141471060526129,0,0,0,0,0,0,0,0,0,0,0,0,0,0,0,0,0,0,0,0,0,0,0,0,0,0,0,0,0,0,0,0,0,0,0,0,0.00565884242104517,0,0,0,0,0,0,0,0,0,0,0,0,0,0,0,0,0,0,0,0,0,0,0,0,0,0,0,0,0,0,0.169765272631355,0.00565884242104517,0,0,0,0,0,0,0,0,0,0,0,0,0,0,0,0,0,0,0,0,0,0,0,0.0198059484736581,0,0,0,0,0,0,0,0,0,0,0,0,0,0,0,0,0,0,0,0,0,0,0,0,0,0,0,0,0,0.00282942121052258,0.00848826363156775,0,0,0,0,0.0113176848420903,0.00282942121052258,0,0,0,0,0.00565884242104517,0,0,0,0,0,0,0.00282942121052258,0,0,0,0,0,0,0,0,0,0,0,0,0,0,0,0,0.00282942121052258,0,0,0,0,0,0,0,0,0,0,0,0,0,0,0,0,0,0,0,0,0,0,0,0,0,0,0,0,0,0,0,0,0,0,0,0,0,0,0,0,0.00565884242104517,0,0,0,0,0,0,0,0,0,0,0,0,0,0,0,0,0,0,0,0,0,0,0,0,0,0,0,0,0,0,0,0,0,0.00282942121052258,0,0,0,0,0,0,0,0,0,0,0,0,0,0,0,0,0,0,0,0,0,0,0,0,0,0,0,0,0,0,0,0,0,0,0,0,0,0,0,0,0,0,0,0.00282942121052258,0,0,0,0,0,0,0,0.00565884242104517,0,0,0,0,0,0,0,0,0,0,0,0,0,0.0141471060526129,0,0,0.00282942121052258,0,0.00565884242104517,0,0,0,0,0,0,0,0,0,0,0,0,0.00848826363156775,0.00282942121052258,0,0,0,0,0,0,0,0,0,0,0,0,0,0,0,0,0,0,0,0,0,0,2.17897347593814,0,0,0,0,0,0,0,0,0,0,0,0,0,0,0,0,0,0,0,0,0,0,0,0,0,0,0,0,0,0,0,0,0,0,0,0,1.45502419866882,0,0,0,0,0,0,0,4.06722969736922,0,0,0,0,0,0,0,0,0.192864406302208,0,0,0,0,0,0,0,0,0,0,0,0,0,0,0,0,0,0,0,0,0,0,0,1.47731087516172,0,0,0,0,0,0,0,0,0,0,0,0,0,0,0,0,0,0,0,0,0,0,0,0,0,0,0,0.327974094796832,0,0,0,0,0,0,0,0,0,0,0,0,0.157677985220003,0.0507824518864593,0,0,0,0,0.602084972854536,0,0,0,0,0,0,0,0,0,0,0,0,0,0,0,0,0,0,0,0,0,0,0,0,0,0,0,0,0,0,0,0,0,0,0.123361185945009,0,0,0,0,0,0,0,0.0817502926299197,0,0,0,5.64548263332361,0,0,0,0,0,0,0,0,0,0,0,0.0059129244457501,1.76866978316783,0,0,0,0,0,0,0,0,0,0,0,0,0,0,0,0,0,0,0,0,0,0,0,0,0,0,0,0,0.179862911047468,0,0,0,0,0,0.325988358852441,0,0,0,1.7591077550061,0,0,0.479258996011328,0,0,0,0,0,0,0,0,0,0,0,0,0,0,0,0,0,0,0,0,0,0,0,0,0,0,0,0,0,0,0,0,0,0,0,0,0,0,0,0,0,0,0.16573334740636,0,0,0,0,0,0,0,0,0,0.104031106789106,0,0,0,0,0,0,0,0,0,0,0,0,0,0,0,0,0,0,0,0,0,0,0,0,0,0.100136894887968,0,0,0,0,0,0,0,0,0,0,0,0,0,0,0,0,0,0,0,0,0,0,0,0,0,0,0,0,0,0,0,0,0,0,0,0,0.0104472095692141,0,0,0,0,0,0,0,0,0,0,0,0,0,0,0,0,0,0,0,0,0,0,0,0,0,0,0,0,0,0,16.7611638274289,0.635670424723663,0,0,0,0,0,0,0,0,0,0,0,0,0,0,0,0,0,0,0,0,0,0,0,2.4852394006573,0,0,0,0,0,0,0,0,0,0,0,0,0,0,0,0,0,0,0,0,0,0,0,0,0,0,0,0,0,0.746701941339476,0.103168297334501,0,0,0,0,5.86705952792753,0.0310176353076178,0,0,0,0,0.136239754168134,0,0,0,0,0,0,0.0827142743427798,0,0,0,0,0,0,0,0,0,0,0,0,0,0,0,0,0.00668154817603593,0,0,0,0,0,0,0,0,0,0,0,0,0,0,0,0,0,0,0,0,0,0,0,0,0,0,0,0,0,0,0,0,0,0,0,0,0,0,0,0,0.0388291682031991,0,0,0,0,0,0,0,0,0,0,0,0,0,0,0,0,0,0,0,0,0,0,0,0,0,0,0,0,0,0,0,0,0,4.01615686860484,0,0,0,0,0,0,0,0,0,0,0,0,0,0,0,0,0,0,0,0,0,0,0,0,0,0,0,0,0,0,0,0,0,0,0,0,0,0,0,0,0,0,0,0.0217299548968134,0,0,0,0,0,0,0,0.335401853832316,0,0,0,0,0,0,0,0,0,0,0,0,0,0.185918884957449,0,0,0.063117845852256,0,0.059465379697311,0,0,0,0,0,0,0,0,0,0,0,0,0.685059647983997,0.0433876022414948,0,0,0,0,0,0,0,0,0,0,0,0,0,0,"JOH-00517"
"517",7853,"nSPC",2015,"PRIAs","Pacific Remote Island Areas","Johnston","Johnston",2015,"ForereefMid","Johnston","2015-01-26","Forereef","Mid",16.70061543,-169.56079775,10.25,4,0,1,35,60,0,0,0,NA,0.62,0.478838915636155,1.65,2,1,16.2197314487378,111.491720539977,54.7732425546636,5.96487647115531,188.449571014534,16.5592292122249,0,0,0,0,0,0.0113176848420903,0,0,0,0,0,0,0,0,0,0,0,0,0,0.297089227104871,0,0,0,0,0,0,0.00565884242104517,0,0,0,0.00282942121052258,0,0,0,0,0,0,0,0,0,0,0,0,0,0,0,0,0,0,0,0,0,0,0,0,0,0.0198059484736581,0,0,0,0,0,0,0,0,0,0,0,0,0,0,0,0,0.00282942121052258,0,0,0,0,0,0,0,0,0,0,0,0,0,0,0,0,0,0,0,0,0,0,0,0,0,0,0,0,0,0,0,0,0,0,0,0.00282942121052258,0,0,0,0,0,0,0,0,0,0,0,0,0,0,0,0.0367824757367936,0,0,0,0,0,0,0,0,0,0,0,0,0.537590029999291,0.0565884242104517,0,0,0,0,0,0,0,0,0,0,0,0,0,0,0,0,0,0,0,0,0,0,0,0,0,0,0,0,0,0,0,0,0,0,0,0,0,0,0,0.00848826363156775,0,0,0,0.00565884242104517,0,0,0,0.00848826363156775,0,0,0,0.118835690841949,0,0,0,0,0,0,0,0,0,0,0,0,0,0,0,0,0,0,0,0,0,0,0,0,0,0,0,0,0,0,0,0,0,0,0,0,0,0,0,0,0,0.00282942121052258,0,0,0,0,0,0.0367824757367936,0,0,0,0.0848826363156775,0,0,0,0,0,0,0,0,0,0,0,0,0,0,0,0,0,0,0,0,0,0,0,0,0,0,0,0,0,0,0,0,0,0,0,0,0,0,0,0,0,0,0,0,0,0.00565884242104517,0,0,0,0,0,0,0,0,0,0.00282942121052258,0,0,0,0,0,0,0,0,0.00282942121052258,0,0,0,0,0,0,0,0,0,0,0,0,0,0,0,0,0.00282942121052258,0,0,0,0,0,0,0,0,0,0,0,0,0,0.0396118969473162,0,0,0,0,0,0,0,0,0,0,0,0,0,0,0,0,0,0,0,0,0,0,0.00282942121052258,0,0,0,0,0,0,0,0,0,0,0,0,0,0,0,0,0,0,0,0,0,0,0,0,0,0,0,0,0,0,0.356507072525846,0,0,0,0,0,0,0,0,0,0.0565884242104517,0,0,0,0,0,0,0,0,0,0,0,0,0,0.00848826363156775,0.0198059484736581,0,0,0,0,0,0,0,0,0,0,0,0,0.033953054526271,0,0,0,0,0,0,0,0,0,0,0.00282942121052258,0,0,0,0,0,0.00565884242104517,0,0,0,0,0,0.00565884242104517,0,0,0,0.00565884242104517,0,0,0,0,0,0,0,0,0,0,0,0,0,0,0,0,0,0,0,0,0,0,0,0,0,0,0,0,0,0,0,0,0,0,0,0,0,0,0,0,0,0,0,0,0,0,0,0,0,0,0,0,0,0,0,0,0,0,0,0,0,0,0,0,0,0,0.0311236333157484,0,0,0,0,0,0,0,0,0,0,0,0,0,0,0,0,0,0,0,0,0,0,0.00565884242104517,0,0,0,0,0,0,0,0,0,0,0.00282942121052258,0,0,0,0,0,0,0,0,0,0,0,0,0,0,0,0,0,0,0,0,0,0,0,0,0,0,0,0,0,0,0,0,0,0,0,0,0,0,0,0,0,0,0,0.00565884242104517,0,0,0,0,0,0,0,0.00565884242104517,0,0,0,0,0,0,0,0,0,0,0,0,0,0,0,0,0.0226353696841807,0,0.00565884242104517,0,0,0,0,0,0,0,0,0,0,0,0,0.00565884242104517,0.0282942121052258,0,0,0,0,0,0,0,0,0.63265858267285,0,0,0,0,0,0,0,0,0,0,0,0,0,14.3411075419641,0,0,0,0,0,0,0.122006610031066,0,0,0,0.567228217179515,0,0,0,0,0,0,0,0,0,0,0,0,0,0,0,0,0,0,0,0,0,0,0,0,0,8.29936581271084,0,0,0,0,0,0,0,0,0,0,0,0,0,0,0,0,0.0922903197853025,0,0,0,0,0,0,0,0,0,0,0,0,0,0,0,0,0,0,0,0,0,0,0,0,0,0,0,0,0,0,0,0,0,0,0,0.0656273502215214,0,0,0,0,0,0,0,0,0,0,0,0,0,0,0,0.205245146206898,0,0,0,0,0,0,0,0,0,0,0,0,1.43808162446021,0.0247574355920726,0,0,0,0,0,0,0,0,0,0,0,0,0,0,0,0,0,0,0,0,0,0,0,0,0,0,0,0,0,0,0,0,0,0,0,0,0,0,0,0.171527441052618,0,0,0,7.38818466491657,0,0,0,0.165658960767769,0,0,0,9.17104454730833,0,0,0,0,0,0,0,0,0,0,0,0,0,0,0,0,0,0,0,0,0,0,0,0,0,0,0,0,0,0,0,0,0,0,0,0,0,0,0,0,0,0.00666158929805437,0,0,0,0,0,14.775313169332,0,0,0,2.87040820617821,0,0,0,0,0,0,0,0,0,0,0,0,0,0,0,0,0,0,0,0,0,0,0,0,0,0,0,0,0,0,0,0,0,0,0,0,0,0,0,0,0,0,0,0,0,0.0707355302630646,0,0,0,0,0,0,0,0,0,0.0347730779455959,0,0,0,0,0,0,0,0,3.29087205147182,0,0,0,0,0,0,0,0,0,0,0,0,0,0,0,0,0.0376313020999504,0,0,0,0,0,0,0,0,0,0,0,0,0,5.96254004432934,0,0,0,0,0,0,0,0,0,0,0,0,0,0,0,0,0,0,0,0,0,0,0.0284151279852125,0,0,0,0,0,0,0,0,0,0,0,0,0,0,0,0,0,0,0,0,0,0,0,0,0,0,0,0,0,0,94.1595081172678,0,0,0,0,0,0,0,0,0,5.66892514147127,0,0,0,0,0,0,0,0,0,0,0,0,0,4.1101994210983,4.04304835548339,0,0,0,0,0,0,0,0,0,0,0,0,0.127708755758147,0,0,0,0,0,0,0,0,0,0,0.0686273367099279,0,0,0,0,0,3.4408025456923,0,0,0,0,0,1.0964007190775,0,0,0,0.451592591668765,0,0,0,0,0,0,0,0,0,0,0,0,0,0,0,0,0,0,0,0,0,0,0,0,0,0,0,0,0,0,0,0,0,0,0,0,0,0,0,0,0,0,0,0,0,0,0,0,0,0,0,0,0,0,0,0,0,0,0,0,0,0,0,0,0,0,0.139267153441264,0,0,0,0,0,0,0,0,0,0,0,0,0,0,0,0,0,0,0,0,0,0,0.950242256417764,0,0,0,0,0,0,0,0,0,0,2.27436103220834,0,0,0,0,0,0,0,0,0,0,0,0,0,0,0,0,0,0,0,0,0,0,0,0,0,0,0,0,0,0,0,0,0,0,0,0,0,0,0,0,0,0,0,0.0434599097936269,0,0,0,0,0,0,0,0.412529612494193,0,0,0,0,0,0,0,0,0,0,0,0,0,0,0,0,0.171314760189057,0,0.136589460111615,0,0,0,0,0,0,0,0,0,0,0,0,0.234261111528973,1.15859838034863,0,0,0,115.601002,139.6887023,155.9373027,153.2710026,93.93720165,103.8165018,105.9664017,116.0472021,120.0614021,107.5054018,111.887402,"JOH-00520"
"518",7854,"nSPC",2015,"PRIAs","Pacific Remote Island Areas","Johnston","Johnston",2015,"ForereefMid","Johnston","2015-01-26","Forereef","Mid",16.68813117,-169.547322,12.2,15,0,0,35,50,0,0,0,NA,0.54125,0.461155000728864,1.75,2,1,8.63783525612125,975.314693501515,89.5371342296153,7.01932705134507,1080.5089900386,44.9585250376191,0,0,0,0,0,0.0396118969473162,0,0,0.0424413181578388,0,0,0,0,0,0,0,0,0.00565884242104517,0,0.0820532151051549,0,0.00282942121052258,0,0,0,0,0.00282942121052258,0,0,0,0,0,0,0,0,0,0,0,0,0,0,0,0,0,0,0,0,0,0,0,0,0,0,0,0,0,0.00282942121052258,0,0,0,0,0,0,0,0.00282942121052258,0,0,0,0,0,0,0,0,0.00282942121052258,0,0,0,0,0,0,0,0,0,0,0,0,0,0,0,0,0,0,0,0,0,0,0,0,0,0,0,0,0,0,0,0,0,0,0,0,0,0,0,0,0,0,0,0,0,0,0,0,0,0,0,0.0735649514735872,0,0,0,0,0.00282942121052258,0,0,0,0,0,0,0,0.0282942121052258,0,0,0,0,0,0.00565884242104517,0,0,0,0,0,0,0,0,0,0,0,0,0,0,0,0,0,0,0,0,0,0,0,0,0,0,0,0,0,0,0,0,0,0,0,0.00565884242104517,0,0,0.0962003211577678,0,0,0,0.00848826363156775,0,0,0,0.00848826363156775,0,0,0,0,0,0.0169765272631355,0,0,0,0,0.00565884242104517,0.0141471060526129,0,0,0,0,0,0,0,0,0,0,0,0,0,0,0,0,0,0,0,0,0,0,0,0,0,0,0,0,0,0,0,0,0,0,0,0.00282942121052258,0,0,0,0.127323954473516,0,0,0,0,0,0,0,0,0,0,0,0,0,0,0,0,0,0,0,0,0,0,0,0,0,0,0,0,0.00282942121052258,0,0,0,0,0,0,0,0,0,0,0,0,0,0,0.00282942121052258,0,0.00282942121052258,0,0,0,0,0,0,0,0,0,0.00565884242104517,0,0,0,0,0,0,0,0,0,0,0,0,0,0,0,0,0,0,0,0,0,0,0,0,0,0,0,0,0,0,0,0,0,0,0,0,0,0,0,0.0452707393683613,0,0,0,0,0,0,0,0,0,0,0,0,0,0,0,0,0,0,0,0,0,0,0.00282942121052258,0,0,0,0,0,0,0,0,0,0,0,0,0,0,0,0,0,0,0,0,0.00282942121052258,0,0,0,0,0,0,0,0,0,0.0707355302630646,0.00565884242104517,0,0,0,0,0,0,0,0,0,0,0,0,0,0,0,0,0,0,0,0,0,0,0,0.0226353696841807,0,0,0,0,0,0,0,0,0,0,0,0,0,0,0,0,0,0,0,0,0,0,0,0,0,0,0,0,0,0,0,0,0,0,0,0,0.00282942121052258,0,0,0,0,0.00848826363156775,0,0,0,0,0,0,0.00282942121052258,0,0,0,0,0,0,0,0,0,0,0,0,0,0,0,0,0,0,0,0,0,0,0,0,0,0,0,0,0,0,0,0,0,0,0,0,0,0,0,0,0,0,0,0,0,0,0,0,0,0,0,0,0,0,0,0,0,0,0,0,0,0,0,0,0,0,0,0,0,0,0,0,0,0,0,0,0,0,0,0,0,0,0,0,0,0,0,0,0,0,0,0,0,0,0,0,0,0,0,0,0,0,0,0,0,0,0,0,0,0,0,0.00565884242104517,0,0,0,0,0,0,0,0,0,0,0,0,0,0,0,0,0,0,0,0,0,0,0,0,0,0,0,0,0,0,0,0.0113176848420903,0,0,0,0,0,0,0,0,0,0,0,0,0,0.0113176848420903,0,0,0,0,0,0,0,0,0,0,0,0,0,0,0,0,0,0.0141471060526129,0.0452707393683613,0,0,0.00848826363156775,0,0,0,0,0,6.68861027061486,0,0,22.9330051456325,0,0,0,0,0,0,0,0,0.110345110138673,0,1.09216232406947,0,0.750219642726459,0,0,0,0,0.119715757607862,0,0,0,0,0,0,0,0,0,0,0,0,0,0,0,0,0,0,0,0,0,0,0,0,0,0,0,0,0,1.06764955544678,0,0,0,0,0,0,0,6.50151752021917,0,0,0,0,0,0,0,0,0.681967603139005,0,0,0,0,0,0,0,0,0,0,0,0,0,0,0,0,0,0,0,0,0,0,0,0,0,0,0,0,0,0,0,0,0,0,0,0,0,0,0,0,0,0,0,0,0,0,0,0,0,0,0,0.400644881641005,0,0,0,0,0.0317447218954876,0,0,0,0,0,0,0,0.0689841185337511,0,0,0,0,0,0.258569180286672,0,0,0,0,0,0,0,0,0,0,0,0,0,0,0,0,0,0,0,0,0,0,0,0,0,0,0,0,0,0,0,0,0,0,0,0.281988661853712,0,0,39.4321268412844,0,0,0,0.181253614931674,0,0,0,0.630111585145906,0,0,0,0,0,1.13014949242006,0,0,0,0,0.074791834258441,0.00985487407625016,0,0,0,0,0,0,0,0,0,0,0,0,0,0,0,0,0,0,0,0,0,0,0,0,0,0,0,0,0,0,0,0,0,0,0,0.440690614093734,0,0,0,2.64146275950757,0,0,0,0,0,0,0,0,0,0,0,0,0,0,0,0,0,0,0,0,0,0,0,0,0,0,0,0,0.225701375147013,0,0,0,0,0,0,0,0,0,0,0,0,0,0,0.165483036064875,0,0.0121311434401156,0,0,0,0,0,0,0,0,0,0.131323879475763,0,0,0,0,0,0,0,0,0,0,0,0,0,0,0,0,0,0,0,0,0,0,0,0,0,0,0,0,0,0,0,0,0,0,0,0,0,0,0,1.58028890038532,0,0,0,0,0,0,0,0,0,0,0,0,0,0,0,0,0,0,0,0,0,0,0.00147165309620886,0,0,0,0,0,0,0,0,0,0,0,0,0,0,0,0,0,0,0,0,965.027155496424,0,0,0,0,0,0,0,0,0,8.62841011209482,0.581679799923381,0,0,0,0,0,0,0,0,0,0,0,0,0,0,0,0,0,0,0,0,0,0,0,5.15380125191953,0,0,0,0,0,0,0,0,0,0,0,0,0,0,0,0,0,0,0,0,0,0,0,0,0,0,0,0,0,0,0,0,0,0,0,0,0.221217541251428,0,0,0,0,3.32348761737198,0,0,0,0,0,0,0.0457968962889391,0,0,0,0,0,0,0,0,0,0,0,0,0,0,0,0,0,0,0,0,0,0,0,0,0,0,0,0,0,0,0,0,0,0,0,0,0,0,0,0,0,0,0,0,0,0,0,0,0,0,0,0,0,0,0,0,0,0,0,0,0,0,0,0,0,0,0,0,0,0,0,0,0,0,0,0,0,0,0,0,0,0,0,0,0,0,0,0,0,0,0,0,0,0,0,0,0,0,0,0,0,0,0,0,0,0,0,0,0,0,0,4.89628661118876,0,0,0,0,0,0,0,0,0,0,0,0,0,0,0,0,0,0,0,0,0,0,0,0,0,0,0,0,0,0,0,0.333446157891602,0,0,0,0,0,0,0,0,0,0,0,0,0,0.164249168940933,0,0,0,0,0,0,0,0,0,0,0,0,0,0,0,0,0,0.854966375941951,1.84512164060773,0,0,1.78940527161799,85.45990155,84.75030149,67.27640123,82.72020143,102.0346017,118.7684021,87.32540151,92.28490171,107.1819019,112.0533019,113.5251019,"JOH-00495"
"519",7855,"nSPC",2015,"PRIAs","Pacific Remote Island Areas","Johnston","Johnston",2015,"ForereefDeep","Johnston","2015-01-26","Forereef","Deep",16.7647545,-169.52630002,22,0.5,0,7,22.5,66,4,0,0,NA,0.49875,0.301789602266779,1.5,2,1,17.7661287865978,20.2405161766977,82.6098915156298,7.62724214323309,128.243778622158,18.4072483574574,0,0,0,0,0,0.00848826363156775,0,0,0,0,0,0,0,0,0,0,0,0,0,0.888438260104091,0,0,0,0,0,0.0905414787367227,0,0,0,0,0,0,0,0,0,0,0,0,0,0,0,0,0,0,0,0,0,0,0,0,0,0,0,0,0,0,0.033953054526271,0,0,0,0,0,0,0,0.00282942121052258,0,0,0,0,0,0,0,0,0,0,0,0,0,0,0,0,0,0,0,0.00848826363156775,0,0,0,0,0,0,0,0,0,0,0,0,0,0,0,0,0,0.00282942121052258,0,0,0,0,0,0,0,0,0,0,0,0,0,0,0,0,0,0,0,0,0,0,0.0452707393683613,0,0,0,0,0,0,0,0,0,0,0,0,0.282942121052258,0.299918648315394,0,0,0,0,0.00282942121052258,0,0,0,0,0,0,0,0,0,0,0,0,0,0,0,0,0,0,0,0,0,0,0,0,0,0,0,0,0,0,0,0,0,0,0.00565884242104517,0,0,0,0.0198059484736581,0,0,0,0.00565884242104517,0,0,0,0.00848826363156775,0,0,0,0,0,0,0,0,0,0,0,0,0,0,0,0,0,0,0,0,0,0,0,0,0,0,0,0,0,0,0,0,0,0,0,0,0,0,0,0,0,0.00282942121052258,0,0,0,0,0,0,0,0,0,0.1754241150524,0,0,0,0,0,0,0,0,0,0,0,0,0,0,0,0,0,0,0,0,0,0,0,0,0,0,0,0,0.00565884242104517,0,0,0,0,0,0,0,0,0,0,0,0,0,0,0,0,0.00282942121052258,0,0,0,0,0,0,0,0,0,0.00282942121052258,0,0,0,0,0,0,0,0,0,0,0,0,0,0,0,0,0,0,0,0,0,0,0,0,0,0.0141471060526129,0,0,0,0,0,0,0,0,0,0,0,0,0,0.0622472666314969,0,0,0,0,0,0,0,0,0,0,0,0,0,0,0,0,0,0,0,0,0,0,0.00565884242104517,0,0,0,0,0,0,0,0,0,0,0,0,0,0,0,0,0,0,0,0,0,0,0,0,0,0,0,0,0,0,0,0.00565884242104517,0,0,0,0,0,0,0,0,0,0,0,0.00282942121052258,0,0,0,0,0,0,0,0,0.00282942121052258,0,0.0113176848420903,0.0141471060526129,0,0,0,0,0,0,0,0,0,0,0,0,0,0,0,0,0,0,0,0,0,0,0,0,0,0,0,0,0,0.00282942121052258,0,0,0,0,0,0,0,0,0,0.00282942121052258,0,0.00565884242104517,0,0,0,0,0,0,0.0113176848420903,0,0,0,0,0,0,0,0,0,0,0,0,0,0,0,0,0,0,0,0,0,0,0,0,0,0,0,0,0,0,0,0,0,0,0,0,0,0,0,0,0,0,0,0,0,0,0.00848826363156775,0,0,0,0,0,0,0,0,0,0,0.00565884242104517,0,0,0,0,0,0,0,0,0,0,0,0,0,0,0,0,0,0,0,0,0,0,0,0,0,0,0,0,0,0,0,0,0,0,0,0,0,0,0,0,0.00282942121052258,0,0,0,0,0,0,0,0,0,0,0,0.00848826363156775,0,0,0,0,0,0,0,0,0,0,0,0,0,0,0,0,0,0,0,0,0,0,0,0,0.00565884242104517,0,0,0,0,0,0,0,0.00282942121052258,0,0,0,0,0,0,0,0,0,0,0,0,0,0.0113176848420903,0,0,0.00282942121052258,0,0,0,0,0,0,0,0,0,0,0,0,0,0,0.00848826363156775,0.0396118969473162,0,0,0,0,0,0,0,0,0.534194724546664,0,0,0,0,0,0,0,0,0,0,0,0,0,53.3158915601791,0,0,0,0,0,3.57048453980267,0,0,0,0,0,0,0,0,0,0,0,0,0,0,0,0,0,0,0,0,0,0,0,0,0,0,0,0,0,0,10.5179093250392,0,0,0,0,0,0,0,6.50151752021917,0,0,0,0,0,0,0,0,0,0,0,0,0,0,0,0,0,0,0,3.61408988184652,0,0,0,0,0,0,0,0,0,0,0,0,0,0,0,0,0,0.0112604776697079,0,0,0,0,0,0,0,0,0,0,0,0,0,0,0,0,0,0,0,0,0,0,0.249568146018205,0,0,0,0,0,0,0,0,0,0,0,0,0.305136101027598,0.142790985520838,0,0,0,0,0.162145055343946,0,0,0,0,0,0,0,0,0,0,0,0,0,0,0,0,0,0,0,0,0,0,0,0,0,0,0,0,0,0,0,0,0,0,0.144648496951558,0,0,0,14.2445931945372,0,0,0,0.163500585259839,0,0,0,1.23611633841294,0,0,0,0,0,0,0,0,0,0,0,0,0,0,0,0,0,0,0,0,0,0,0,0,0,0,0,0,0,0,0,0,0,0,0,0,0,0,0,0,0,0.481885799917128,0,0,0,0,0,0,0,0,0,5.36521640550198,0,0,0,0,0,0,0,0,0,0,0,0,0,0,0,0,0,0,0,0,0,0,0,0,0,0,0,0,0.175934141386283,0,0,0,0,0,0,0,0,0,0,0,0,0,0,0,0,0.0353677651315323,0,0,0,0,0,0,0,0,0,0.145906664493883,0,0,0,0,0,0,0,0,0,0,0,0,0,0,0,0,0,0,0,0,0,0,0,0,0,0.129376416619629,0,0,0,0,0,0,0,0,0,0,0,0,0,5.25169549946187,0,0,0,0,0,0,0,0,0,0,0,0,0,0,0,0,0,0,0,0,0,0,0.00848088483723428,0,0,0,0,0,0,0,0,0,0,0,0,0,0,0,0,0,0,0,0,0,0,0,0,0,0,0,0,0,0,0,1.35587493560261,0,0,0,0,0,0,0,0,0,0,0,0.16967875945975,0,0,0,0,0,0,0,0,2.29194102193612,0,8.50878926948883,2.40825720857325,0,0,0,0,0,0,0,0,0,0,0,0,0,0,0,0,0,0,0,0,0,0,0,0,0,0,0,0,0,0.746701941339476,0,0,0,0,0,0,0,0,0,0.37361170425437,0,0.636613879790359,0,0,0,0,0,0,0.127991734069136,0,0,0,0,0,0,0,0,0,0,0,0,0,0,0,0,0,0,0,0,0,0,0,0,0,0,0,0,0,0,0,0,0,0,0,0,0,0,0,0,0,0,0,0,0,0,0.100689826730722,0,0,0,0,0,0,0,0,0,0,0.0363069385884642,0,0,0,0,0,0,0,0,0,0,0,0,0,0,0,0,0,0,0,0,0,0,0,0,0,0,0,0,0,0,0,0,0,0,0,0,0,0,0,0,0.816637215551763,0,0,0,0,0,0,0,0,0,0,0,2.10990160895544,0,0,0,0,0,0,0,0,0,0,0,0,0,0,0,0,0,0,0,0,0,0,0,0,0.0362873270249521,0,0,0,0,0,0,0,0.134270749429591,0,0,0,0,0,0,0,0,0,0,0,0,0,0.158260837180307,0,0,0.169846133666718,0,0,0,0,0,0,0,0,0,0,0,0,0,0,0.792027320710917,0.962379700080872,0,0,0,134.3759023,161.8355027,177.1268031,161.9157028,108.6350019,118.346602,109.6310018,137.0065024,129.4234022,108.6324018,126.0047023,"JOH-00498"
"520",7856,"nSPC",2015,"PRIAs","Pacific Remote Island Areas","Johnston","Johnston",2015,"ForereefMid","Johnston","2015-01-26","Forereef","Mid",16.77717724,-169.49976954,11.6,6.5,0,5.5,17.5,70.5,0,0,0,NA,0.625,0.413145786478111,1.95,2,1,10.7252542965956,85.0533256667718,30.1347772430557,19.6409873538922,145.554344560315,18.8238665392276,0,0,0,0,0,0.00282942121052258,0,0,0,0,0,0,0,0,0,0,0,0,0,0.0622472666314969,0,0,0,0,0,0.0226353696841807,0,0,0,0,0,0,0,0,0,0,0,0,0,0,0,0,0,0,0,0,0,0,0,0,0,0,0,0,0,0,0.0198059484736581,0,0,0,0,0,0,0,0,0,0,0,0,0,0,0,0,0,0,0,0,0,0,0,0,0,0,0,0,0,0,0,0,0,0,0,0,0,0,0,0,0,0,0,0,0,0,0,0,0,0,0,0,0.00282942121052258,0,0,0,0,0,0,0,0,0,0,0,0,0,0,0,0.033953054526271,0,0,0,0,0.00565884242104517,0,0,0,0,0,0,0,2.03718327157626,0.356507072525846,0,0,0,0,0,0,0,0,0,0,0,0,0,0,0,0,0,0,0,0,0,0,0,0,0,0,0,0,0,0,0,0,0,0,0,0,0,0,0,0.00565884242104517,0,0,0,0.0169765272631355,0,0,0,0.0113176848420903,0,0,0,0.0509295817894065,0,0,0,0,0,0.00282942121052258,0,0,0,0,0,0,0.033953054526271,0,0,0,0,0,0,0,0,0,0,0,0,0,0.00282942121052258,0,0,0,0,0,0,0,0,0,0,0,0,0,0,0,0,0,0,0,0,0.00282942121052258,0,0,0,0.135812218105084,0,0,0.0226353696841807,0,0,0,0,0,0,0,0,0,0,0,0,0,0,0,0,0,0,0,0,0,0,0,0,0,0.00848826363156775,0,0,0,0,0,0,0,0,0,0,0,0,0,0,0,0,0.0141471060526129,0,0,0,0,0,0,0,0,0,0.00282942121052258,0,0,0,0,0,0,0,0,0.00282942121052258,0,0,0,0,0,0,0,0,0,0,0,0,0,0,0,0,0.0282942121052258,0,0,0,0,0,0,0,0,0,0,0,0,0,0.141471060526129,0,0,0,0,0,0,0,0,0,0,0,0,0,0,0,0,0,0,0,0,0,0,0.00282942121052258,0,0,0,0,0,0,0,0,0,0,0,0,0,0,0,0,0,0,0,0,0,0,0,0,0,0,0,0,0,0,0.0905414787367227,0.00848826363156775,0,0,0,0,0,0.0905414787367227,0,0.0282942121052258,0.282942121052258,0,0,0,0,0,0,0,0,0,0,0,0,0,0,0.0169765272631355,0,0,0,0,0,0,0,0,0,0,0,0,0.0141471060526129,0,0,0,0,0,0,0,0,0,0,0,0,0,0,0,0,0,0.00565884242104517,0,0,0,0,0.00282942121052258,0.00848826363156775,0,0,0.00565884242104517,0,0.00282942121052258,0,0,0,0,0,0,0,0,0,0,0,0,0,0,0,0,0,0,0,0,0,0,0.00565884242104517,0.00282942121052258,0,0,0,0,0,0,0,0,0,0,0,0,0,0,0,0,0,0,0,0,0,0,0,0,0,0,0,0,0,0,0,0,0,0,0,0,0,0,0,0,0.00848826363156775,0,0,0,0,0,0,0,0,0,0,0,0,0,0,0,0,0,0,0,0,0,0,0,0,0,0,0,0,0,0,0,0,0,0.0141471060526129,0.00565884242104517,0,0,0,0,0,0,0,0,0,0,0,0,0,0,0,0,0,0,0,0,0,0,0,0,0,0,0,0,0,0,0,0,0,0,0,0,0,0,0,0,0,0,0.00282942121052258,0,0,0,0,0,0,0,0.00282942121052258,0,0,0,0,0,0,0,0,0,0,0,0,0,0.0169765272631355,0,0,0,0,0.00848826363156775,0,0,0,0,0,0,0,0,0,0,0,0,0,0.0198059484736581,0,0,0,0,0,0,0,0,0.238732414637843,0,0,0,0,0,0,0,0,0,0,0,0,0,1.11200719720621,0,0,0,0,0,1.71913821921777,0,0,0,0,0,0,0,0,0,0,0,0,0,0,0,0,0,0,0,0,0,0,0,0,0,0,0,0,0,0,6.77981383391485,0,0,0,0,0,0,0,0,0,0,0,0,0,0,0,0,0,0,0,0,0,0,0,0,0,0,0,0,0,0,0,0,0,0,0,0,0,0,0,0,0,0,0,0,0,0,0,0,0,0,0,0,0.0656273502215214,0,0,0,0,0,0,0,0,0,0,0,0,0,0,0,0.217393797028951,0,0,0,0,0.076528092148538,0,0,0,0,0,0,0,1.14170541150039,0.203407090824469,0,0,0,0,0,0,0,0,0,0,0,0,0,0,0,0,0,0,0,0,0,0,0,0,0,0,0,0,0,0,0,0,0,0,0,0,0,0,0,0.165935807958107,0,0,0,13.4446490439819,0,0,0,0.566387216218688,0,0,0,5.37921749524569,0,0,0,0,0,0.116722873863301,0,0,0,0,0,0,0.847995458369817,0,0,0,0,0,0,0,0,0,0,0,0,0,0.248011218555631,0,0,0,0,0,0,0,0,0,0,0,0,0,0,0,0,0,0,0,0,0.233181399909626,0,0,0,4.47744588880357,0,0,0.637708540895113,0,0,0,0,0,0,0,0,0,0,0,0,0,0,0,0,0,0,0,0,0,0,0,0,0,0.341596305344735,0,0,0,0,0,0,0,0,0,0,0,0,0,0,0,0,0.268335234052936,0,0,0,0,0,0,0,0,0,0.123855748992585,0,0,0,0,0,0,0,0,2.68601882813709,0,0,0,0,0,0,0,0,0,0,0,0,0,0,0,0,0.328220216915767,0,0,0,0,0,0,0,0,0,0,0,0,0,10.9920603361931,0,0,0,0,0,0,0,0,0,0,0,0,0,0,0,0,0,0,0,0,0,0,0.00897555647300519,0,0,0,0,0,0,0,0,0,0,0,0,0,0,0,0,0,0,0,0,0,0,0,0,0,0,0,0,0,0,14.7494072918465,1.85507547493259,0,0,0,0,0,4.64330532546399,0,4.55843129697921,50.1756644692884,0,0,0,0,0,0,0,0,0,0,0,0,0,0,2.55687537173564,0,0,0,0,0,0,0,0,0,0,0,0,0.027807551657016,0,0,0,0,0,0,0,0,0,0,0,0,0,0,0,0,0,0.0620352706152356,0,0,0,0,0.426877041568511,0.83254459297512,0,0,0.74722340850874,0,0.468203291434068,0,0,0,0,0,0,0,0,0,0,0,0,0,0,0,0,0,0,0,0,0,0,0.0144418376775834,0.0566080297377734,0,0,0,0,0,0,0,0,0,0,0,0,0,0,0,0,0,0,0,0,0,0,0,0,0,0,0,0,0,0,0,0,0,0,0,0,0,0,0,0,0.0639763306541005,0,0,0,0,0,0,0,0,0,0,0,0,0,0,0,0,0,0,0,0,0,0,0,0,0,0,0,0,0,0,0,0,0,9.56862079592277,1.05933530121966,0,0,0,0,0,0,0,0,0,0,0,0,0,0,0,0,0,0,0,0,0,0,0,0,0,0,0,0,0,0,0,0,0,0,0,0,0,0,0,0,0,0,0.0424413181578388,0,0,0,0,0,0,0,0.488923985178303,0,0,0,0,0,0,0,0,0,0,0,0,0,0.121282149790619,0,0,0,0,0.136550131156788,0,0,0,0,0,0,0,0,0,0,0,0,0,0.478043717203613,0,0,0,139.9616024,162.1682027,179.8498031,162.8650028,113.435302,120.674502,114.7491019,137.9424025,130.7048022,108.6939019,126.1716023,"JOH-00516"
"521",7857,"nSPC",2015,"PRIAs","Pacific Remote Island Areas","Johnston","Johnston",2015,"ForereefMid","Johnston","2015-01-26","Forereef","Mid",16.76916791,-169.52085036,15.25,1.5,0,4,19.5,74,1,0,0,NA,0.785,0.496519522511767,2.05,2,1,2.98213319950573,23.992163216674,26.9696516616496,3.46740744344946,57.4113555212788,7.35124634796317,0,0,0,0,0,0.0282942121052258,0,0,0,0,0,0,0,0,0,0,0.00282942121052258,0,0,0.104688584789336,0,0,0,0,0,0,0,0,0,0,0,0,0,0,0,0,0,0,0,0,0,0,0,0,0,0,0,0,0,0,0,0,0,0,0,0,0.0169765272631355,0,0,0,0,0,0,0,0,0,0,0,0,0,0,0,0,0,0,0,0,0,0,0,0,0,0,0,0,0,0,0,0,0,0,0,0,0,0,0,0,0,0,0,0,0,0.00565884242104517,0,0,0,0,0,0,0,0,0,0,0,0,0,0,0,0,0,0,0,0,0,0,0.0622472666314969,0,0,0,0,0.00282942121052258,0,0,0,0,0,0,0,0.198059484736581,0.183912378683968,0,0,0,0,0.00282942121052258,0,0,0,0,0,0,0,0,0,0,0,0,0,0,0,0,0,0,0,0,0,0,0,0,0,0,0,0,0,0,0,0,0,0,0.00565884242104517,0,0,0,0.00565884242104517,0,0,0,0.00565884242104517,0,0,0,0.0169765272631355,0,0,0,0,0,0,0,0,0,0,0.00282942121052258,0,0.00848826363156775,0,0,0,0,0,0.00282942121052258,0,0,0,0,0,0,0,0,0,0,0,0,0,0,0,0,0,0,0,0,0,0,0.00282942121052258,0,0,0,0,0,0.00282942121052258,0,0,0,0.113176848420903,0,0,0.00565884242104517,0,0,0,0,0,0,0,0,0,0,0,0,0,0,0,0,0,0,0,0,0,0,0,0,0,0.0113176848420903,0,0,0,0,0,0,0,0,0,0,0,0,0,0,0,0,0.00565884242104517,0,0,0,0,0,0,0,0,0,0.00282942121052258,0,0,0,0,0,0,0,0,0,0,0,0,0,0,0,0,0,0,0,0,0,0,0,0,0,0.0565884242104517,0,0,0,0,0,0,0,0,0,0,0,0,0,0.0565884242104517,0,0,0,0,0,0,0,0,0,0,0,0,0,0,0,0,0,0,0,0,0,0,0.00848826363156775,0,0,0,0,0,0,0,0,0,0,0,0,0,0,0,0,0,0,0,0,0,0,0,0,0,0,0,0,0,0,0.00848826363156775,0.00565884242104517,0,0,0,0,0,0,0,0,0.0565884242104517,0,0,0.0509295817894065,0,0,0,0,0,0,0,0,0,0,0.0113176848420903,0.0367824757367936,0,0,0,0,0,0,0,0,0,0,0,0,0.00282942121052258,0,0,0,0,0,0,0,0,0,0.00282942121052258,0,0,0,0,0,0,0,0.00282942121052258,0,0,0,0,0,0.00565884242104517,0,0,0.00565884242104517,0,0.00565884242104517,0,0,0,0,0,0,0.00282942121052258,0,0,0,0,0,0,0,0,0,0,0,0,0,0,0,0,0,0,0,0,0,0,0,0,0,0,0,0,0,0,0,0,0,0,0,0,0,0,0,0,0,0,0,0,0,0,0,0,0,0,0,0,0,0,0,0,0,0.0198059484736581,0,0,0,0,0,0,0,0,0,0,0,0,0,0,0,0,0,0,0,0,0,0,0,0,0,0,0,0,0,0,0,0,0,0,0,0,0,0,0,0,0,0,0,0,0,0,0,0,0,0,0,0,0.00565884242104517,0,0,0,0,0,0,0,0,0,0,0,0,0,0,0,0,0,0,0,0,0,0,0,0,0.00565884242104517,0,0,0,0,0,0,0,0.00565884242104517,0,0,0,0,0,0,0,0,0,0,0,0,0,0.0254647908947033,0,0,0.00565884242104517,0,0,0,0,0,0,0,0,0,0,0,0,0,0,0.00282942121052258,0.0113176848420903,0,0,0,0,0,0,0,0,2.91295987176326,0,0,0,0,0,0,0,0,0,0,0.143915361610718,0,0,4.23236147608522,0,0,0,0,0,0,0,0,0,0,0,0,0,0,0,0,0,0,0,0,0,0,0,0,0,0,0,0,0,0,0,0,0,0,0,0,2.84097515203575,0,0,0,0,0,0,0,0,0,0,0,0,0,0,0,0,0,0,0,0,0,0,0,0,0,0,0,0,0,0,0,0,0,0,0,0,0,0,0,0,0,0,0,0,0,0.0300972413818497,0,0,0,0,0,0,0,0,0,0,0,0,0,0,0,0,0,0,0,0,0,0,0.368862380325987,0,0,0,0,0.0317447218954876,0,0,0,0,0,0,0,0.110228591519539,0.095464671643032,0,0,0,0,0.199971460248186,0,0,0,0,0,0,0,0,0,0,0,0,0,0,0,0,0,0,0,0,0,0,0,0,0,0,0,0,0,0,0,0,0,0,0.165935807958107,0,0,0,3.15844894425183,0,0,0,0.217401603926528,0,0,0,2.78397252758769,0,0,0,0,0,0,0,0,0,0,0.0545923277178163,0,0.334486342634365,0,0,0,0,0,0.0481001605788839,0,0,0,0,0,0,0,0,0,0,0,0,0,0,0,0,0,0,0,0,0,0,0.179862911047468,0,0,0,0,0,0.194259936821447,0,0,0,2.84812368472414,0,0,0.075413651654717,0,0,0,0,0,0,0,0,0,0,0,0,0,0,0,0,0,0,0,0,0,0,0,0,0,0.351868282772566,0,0,0,0,0,0,0,0,0,0,0,0,0,0,0,0,0.0611508659124193,0,0,0,0,0,0,0,0,0,0.0347730779455959,0,0,0,0,0,0,0,0,0,0,0,0,0,0,0,0,0,0,0,0,0,0,0,0,0,0.376839859228903,0,0,0,0,0,0,0,0,0,0,0,0,0,3.79807356194499,0,0,0,0,0,0,0,0,0,0,0,0,0,0,0,0,0,0,0,0,0,0,0.0330897646927519,0,0,0,0,0,0,0,0,0,0,0,0,0,0,0,0,0,0,0,0,0,0,0,0,0,0,0,0,0,0,1.27719794213875,0.949279445308405,0,0,0,0,0,0,0,0,5.68518250999653,0,0,3.0542176702755,0,0,0,0,0,0,0,0,0,0,9.55633676453514,7.56526098921595,0,0,0,0,0,0,0,0,0,0,0,0,0.00556151033140319,0,0,0,0,0,0,0,0,0,0.272803799051074,0,0,0,0,0,0,0,0.0310176353076178,0,0,0,0,0,0.141158047469975,0,0,0.203099140353069,0,0.219380330072089,0,0,0,0,0,0,0.0218422030161247,0,0,0,0,0,0,0,0,0,0,0,0,0,0,0,0,0,0,0,0,0,0,0,0,0,0,0,0,0,0,0,0,0,0,0,0,0,0,0,0,0,0,0,0,0,0,0,0,0,0,0,0,0,0,0,0,0,0.184228235158662,0,0,0,0,0,0,0,0,0,0,0,0,0,0,0,0,0,0,0,0,0,0,0,0,0,0,0,0,0,0,0,0,0,0,0,0,0,0,0,0,0,0,0,0,0,0,0,0,0,0,0,0,1.40882487612365,0,0,0,0,0,0,0,0,0,0,0,0,0,0,0,0,0,0,0,0,0,0,0,0,0.0362873270249521,0,0,0,0,0,0,0,0.340535555676688,0,0,0,0,0,0,0,0,0,0,0,0,0,0.149030226252597,0,0,0.128555435330641,0,0,0,0,0,0,0,0,0,0,0,0,0,0,0.157041434176719,0.341540204553972,0,0,0,152.4996027,165.8013028,191.7416033,165.4888028,119.7020021,124.6228021,120.977302,145.6779026,139.1070024,114.397402,129.6752023,"JOH-00519"
"522",7858,"nSPC",2015,"PRIAs","Pacific Remote Island Areas","Johnston","Johnston",2015,"ForereefDeep","Johnston","2015-01-27","Forereef","Deep",16.67202668,-169.55216322,21.05,4,0,3,5,88,0,0,0,NA,0.1125,0.0544862367942584,0.4,2,1,0.770182034726058,0,46.3581558395467,2.33545668149673,49.4637945557695,3.13894506482762,0,0,0,0,0,0,0,0,0,0,0,0,0,0,0,0,0,0.00565884242104517,0,0,0,0.130153375684039,0,0,0,0,0,0,0,0,0,0,0,0,0,0,0,0,0,0,0,0,0,0,0,0,0,0,0,0,0,0,0,0,0,0,0,0,0,0,0,0,0,0,0,0,0,0,0,0,0,0,0,0,0,0,0,0,0,0,0,0,0,0,0.00282942121052258,0,0,0,0,0,0,0,0,0,0,0,0,0,0,0,0,0,0,0,0,0,0,0,0,0,0,0,0,0,0,0,0,0,0,0,0,0,0,0,0,0,0,0,0,0,0,0,0,0,0,0,0,0,0,0,0,0,0,0,0,0,0,0,0,0,0,0,0,0,0,0,0,0,0,0,0,0,0,0,0,0,0,0,0,0,0,0,0,0,0,0,0,0,0,0,0.00565884242104517,0,0,0,0,0,0,0,0,0,0,0,0,0,0,0,0,0,0,0,0,0,0,0,0,0,0,0,0,0,0,0,0,0,0,0,0,0,0,0,0,0,0,0,0,0,0,0,0,0,0,0,0,0,0,0,0,0,0,0,0,0,0,0,0,0,0,0,0,0,0,0,0,0,0,0,0,0,0,0,0,0,0,0,0,0,0,0,0,0,0,0,0,0,0,0,0,0,0,0,0,0,0,0,0,0,0,0,0,0,0,0,0,0,0,0,0,0,0,0,0,0,0,0,0,0,0,0,0,0,0,0,0,0,0,0,0,0,0,0,0,0,0,0,0,0,0,0.0113176848420903,0,0,0,0,0,0,0,0,0,0,0,0,0,0,0,0,0,0,0,0,0,0,0,0,0,0,0,0,0,0,0,0,0,0,0,0,0,0,0,0,0,0,0,0,0,0,0,0,0,0,0,0,0,0,0,0,0,0,0,0,0,0,0,0,0,0,0,0,0,0,0,0,0,0,0,0,0,0,0,0,0,0,0,0,0,0,0,0,0,0,0.00565884242104517,0,0,0,0,0,0,0,0,0,0,0,0,0,0,0,0,0,0,0,0,0,0,0,0,0,0,0,0,0,0,0.00282942121052258,0,0,0,0,0.00282942121052258,0,0,0,0,0,0,0,0,0,0,0,0,0,0,0,0,0,0,0,0,0,0,0,0,0,0,0,0,0,0,0,0,0,0,0,0,0,0,0,0,0,0,0,0,0,0,0,0,0,0,0,0,0,0,0,0,0,0,0,0,0,0,0,0,0,0,0,0,0,0,0,0,0,0,0,0,0,0,0,0,0,0,0,0,0,0,0,0,0,0,0,0,0,0,0,0,0,0,0,0,0,0,0,0,0,0,0,0,0,0,0,0,0,0,0,0,0,0,0,0,0,0,0,0,0.00282942121052258,0,0,0,0,0,0,0,0,0,0,0,0,0,0,0,0,0,0,0,0,0,0,0,0,0,0,0,0,0,0,0,0.00565884242104517,0,0,0,0,0,0,0,0,0,0,0,0,0,0,0,0,0.0113176848420903,0,0,0,0,0,0,0,0,0,0,0,0,0,0,0.00565884242104517,0,0,0,0,0,0,0,0,0,0,0,0,0,0,0,0,0,0,0,0,0,0.976787559073008,0,0,0,41.7190755345532,0,0,0,0,0,0,0,0,0,0,0,0,0,0,0,0,0,0,0,0,0,0,0,0,0,0,0,0,0,0,0,0,0,0,0,0,0,0,0,0,0,0,0,0,0,0,0,0,0,0,0,0,0,0,0,0,0,0,0,0,0,0,0.645461713650464,0,0,0,0,0,0,0,0,0,0,0,0,0,0,0,0,0,0,0,0,0,0,0,0,0,0,0,0,0,0,0,0,0,0,0,0,0,0,0,0,0,0,0,0,0,0,0,0,0,0,0,0,0,0,0,0,0,0,0,0,0,0,0,0,0,0,0,0,0,0,0,0,0,0,0,0,0,0,0,0,0,0,0,0,0,0,0,0,0,0,0,0,0,0,0,0.54947018315172,0,0,0,0,0,0,0,0,0,0,0,0,0,0,0,0,0,0,0,0,0,0,0,0,0,0,0,0,0,0,0,0,0,0,0,0,0,0,0,0,0,0,0,0,0,0,0,0,0,0,0,0,0,0,0,0,0,0,0,0,0,0,0,0,0,0,0,0,0,0,0,0,0,0,0,0,0,0,0,0,0,0,0,0,0,0,0,0,0,0,0,0,0,0,0,0,0,0,0,0,0,0,0,0,0,0,0,0,0,0,0,0,0,0,0,0,0,0,0,0,0,0,0,0,0,0,0,0,0,0,0,0,0,0,0,0,0,0,0,0,0,0,0,0,0,0,0.0382660413553553,0,0,0,0,0,0,0,0,0,0,0,0,0,0,0,0,0,0,0,0,0,0,0,0,0,0,0,0,0,0,0,0,0,0,0,0,0,0,0,0,0,0,0,0,0,0,0,0,0,0,0,0,0,0,0,0,0,0,0,0,0,0,0,0,0,0,0,0,0,0,0,0,0,0,0,0,0,0,0,0,0,0,0,0,0,0,0,0,0,0,0.523347681092932,0,0,0,0,0,0,0,0,0,0,0,0,0,0,0,0,0,0,0,0,0,0,0,0,0,0,0,0,0,0,0.0204346147065911,0,0,0,0,0.770182034726058,0,0,0,0,0,0,0,0,0,0,0,0,0,0,0,0,0,0,0,0,0,0,0,0,0,0,0,0,0,0,0,0,0,0,0,0,0,0,0,0,0,0,0,0,0,0,0,0,0,0,0,0,0,0,0,0,0,0,0,0,0,0,0,0,0,0,0,0,0,0,0,0,0,0,0,0,0,0,0,0,0,0,0,0,0,0,0,0,0,0,0,0,0,0,0,0,0,0,0,0,0,0,0,0,0,0,0,0,0,0,0,0,0,0,0,0,0,0,0,0,0,0,0,0,3.13894506482762,0,0,0,0,0,0,0,0,0,0,0,0,0,0,0,0,0,0,0,0,0,0,0,0,0,0,0,0,0,0,0,0.250818004396469,0,0,0,0,0,0,0,0,0,0,0,0,0,0,0,0,0.0029180215439029,0,0,0,0,0,0,0,0,0,0,0,0,0,0,0.82808810269223,0,0,0,0,184.8801032,200.3537034,200.0877035,203.2604035,175.224603,203.7812036,159.3218027,182.1924033,192.1456034,197.4501034,192.5833034,"JOH-00581"
"523",7859,"nSPC",2015,"PRIAs","Pacific Remote Island Areas","Johnston","Johnston",2015,"ForereefMid","Johnston","2015-01-27","Forereef","Mid",16.70574783,-169.51260265,14.15,9,0,0,50,35,6,0,0,NA,1.06625,0.926714944110438,4,2,1,1.24208193007068,7.91114964246246,26.7689370588416,0.985234968536172,36.9074035999109,2.99623002243274,0,0,0,0,0,0.0198059484736581,0,0,0,0,0,0,0,0,0,0,0,0,0,0.033953054526271,0,0.00282942121052258,0,0,0,0,0,0,0,0,0,0,0,0,0,0,0,0,0,0,0,0,0,0,0,0,0,0,0,0,0,0,0,0,0,0,0,0,0,0,0,0,0,0,0,0,0,0,0,0,0,0,0,0,0,0,0,0,0,0,0,0,0,0,0,0,0,0,0,0,0,0,0,0,0,0,0,0,0,0,0,0,0,0,0,0,0,0,0,0,0,0,0,0,0,0,0,0,0,0,0,0,0,0,0,0,0,0,0,0,0,0,0,0,0,0,0,0,0,0,0,0,0,0,0,0,0,0,0,0,0,0,0,0,0,0,0,0,0,0,0,0,0,0,0,0,0,0,0,0,0,0,0,0,0,0,0,0,0,0.00565884242104517,0,0,0,0.00565884242104517,0,0,0,0,0,0,0,0.00848826363156775,0,0,0,0,0,0,0,0,0,0,0.00282942121052258,0,0,0,0,0,0,0,0,0,0,0,0,0,0,0,0,0,0,0,0,0,0,0,0,0,0,0,0,0,0,0,0,0,0,0,0,0,0,0,0,0.130153375684039,0,0,0.00565884242104517,0,0,0,0,0,0,0,0,0,0,0,0,0,0,0,0,0,0,0,0,0,0,0,0,0,0.00282942121052258,0,0,0,0,0,0,0,0,0,0,0,0,0,0,0,0,0,0,0,0,0,0,0,0,0,0,0,0,0,0,0,0,0,0,0,0,0,0,0,0,0,0,0,0,0,0,0,0,0,0,0,0,0,0,0,0,0,0,0,0,0,0,0,0,0,0,0,0,0,0,0,0,0,0,0,0,0,0,0,0,0,0,0,0,0,0,0,0,0,0,0,0,0,0,0,0,0,0,0,0,0,0,0,0,0,0,0,0,0,0,0,0,0,0,0,0,0,0,0,0,0.0311236333157484,0,0,0,0,0,0,0,0,0,0,0,0,0,0,0,0,0,0,0,0,0,0,0,0,0.033953054526271,0,0,0,0,0,0,0,0,0,0,0,0,0,0,0,0,0,0,0,0,0,0,0,0,0,0,0,0,0,0.00565884242104517,0,0,0,0,0,0,0,0,0,0,0,0.00282942121052258,0,0,0,0,0,0,0,0,0,0,0,0,0,0,0,0,0,0,0,0,0,0,0,0,0,0,0,0,0,0,0,0,0,0,0,0,0,0,0,0,0,0,0,0,0,0,0,0,0,0,0,0,0,0,0,0,0,0,0,0,0,0,0,0,0,0,0,0,0,0,0,0,0,0,0,0,0,0,0,0,0,0,0,0,0,0,0,0,0,0,0,0,0,0,0,0,0,0,0,0,0,0,0,0,0,0,0,0,0,0,0,0,0,0,0,0,0,0.00282942121052258,0,0,0,0,0,0,0,0,0,0,0,0,0,0,0,0,0,0,0,0,0,0,0,0,0,0,0,0,0,0,0,0,0,0,0,0,0,0,0,0,0,0,0,0,0,0,0.00565884242104517,0,0,0,0,0,0,0,0,0,0,0,0,0,0,0,0,0,0,0.0424413181578388,0,0,0,0,0,0,0,0,4.15691490696952,0,0,0,0,0,0,0,0,0,0,0,0,0,0.811312039344141,0,0.750219642726459,0,0,0,0,0,0,0,0,0,0,0,0,0,0,0,0,0,0,0,0,0,0,0,0,0,0,0,0,0,0,0,0,0,0,0,0,0,0,0,0,0,0,0,0,0,0,0,0,0,0,0,0,0,0,0,0,0,0,0,0,0,0,0,0,0,0,0,0,0,0,0,0,0,0,0,0,0,0,0,0,0,0,0,0,0,0,0,0,0,0,0,0,0,0,0,0,0,0,0,0,0,0,0,0,0,0,0,0,0,0,0,0,0,0,0,0,0,0,0,0,0,0,0,0,0,0,0,0,0,0,0,0,0,0,0,0,0,0,0,0,0,0,0,0,0,0,0,0,0,0,0,0,0,0,0,0,0,0.165935807958107,0,0,0,0.802022077492311,0,0,0,0,0,0,0,1.63874591821571,0,0,0,0,0,0,0,0,0,0,0.134580420486705,0,0,0,0,0,0,0,0,0,0,0,0,0,0,0,0,0,0,0,0,0,0,0,0,0,0,0,0,0,0,0,0,0,0,0,0,0,0,0,0,5.35276695217568,0,0,0.156736274985684,0,0,0,0,0,0,0,0,0,0,0,0,0,0,0,0,0,0,0,0,0,0,0,0,0,0.432793331837841,0,0,0,0,0,0,0,0,0,0,0,0,0,0,0,0,0,0,0,0,0,0,0,0,0,0,0,0,0,0,0,0,0,0,0,0,0,0,0,0,0,0,0,0,0,0,0,0,0,0,0,0,0,0,0,0,0,0,0,0,0,0,0,0,0,0,0,0,0,0,0,0,0,0,0,0,0,0,0,0,0,0,0,0,0,0,0,0,0,0,0,0,0,0,0,0,0,0,0,0,0,0,0,0,0,0,0,0,0,0,0,0,0,0,0,0,0,0,0,0,7.75441336747678,0,0,0,0,0,0,0,0,0,0,0,0,0,0,0,0,0,0,0,0,0,0,0,0,12.0491168414368,0,0,0,0,0,0,0,0,0,0,0,0,0,0,0,0,0,0,0,0,0,0,0,0,0,0,0,0,0,1.24208193007068,0,0,0,0,0,0,0,0,0,0,0,0.0668672709653461,0,0,0,0,0,0,0,0,0,0,0,0,0,0,0,0,0,0,0,0,0,0,0,0,0,0,0,0,0,0,0,0,0,0,0,0,0,0,0,0,0,0,0,0,0,0,0,0,0,0,0,0,0,0,0,0,0,0,0,0,0,0,0,0,0,0,0,0,0,0,0,0,0,0,0,0,0,0,0,0,0,0,0,0,0,0,0,0,0,0,0,0,0,0,0,0,0,0,0,0,0,0,0,0,0,0,0,0,0,0,0,0,0,0,0,0,0,0.555462026724714,0,0,0,0,0,0,0,0,0,0,0,0,0,0,0,0,0,0,0,0,0,0,0,0,0,0,0,0,0,0,0,0,0,0,0,0,0,0,0,0,0,0,0,0,0,0,0.185058137288174,0,0,0,0,0,0,0,0,0,0,0,0,0,0,0,0,0,0,0.652376653756253,0,0,0,69.10200126,72.90690128,57.70770105,69.73850119,89.98150154,102.0688018,70.89980122,73.24510138,89.42300156,96.68150164,95.2672016,"JOH-00496"
"524",7860,"nSPC",2015,"PRIAs","Pacific Remote Island Areas","Johnston","Johnston",2015,"ForereefMid","Johnston","2015-01-27","Forereef","Mid",16.71014842,-169.48866452,14.5,11.5,0,12.5,12.5,41,22.5,0,0,NA,2.105,1.55508320475797,6.25,2,1,1.3340721007614,8.25745080741291,47.793671590639,5.10567060508291,62.4908651038963,6.83095816585231,0,0,0,0,0,0.0282942121052258,0,0,0.00565884242104517,0,0,0,0,0,0,0,0,0,0,0.0622472666314968,0,0,0,0,0,0,0.00848826363156775,0,0,0,0,0,0,0,0,0,0,0,0,0,0,0,0,0,0,0,0,0,0,0,0,0,0,0,0,0,0.00282942121052258,0,0,0,0,0,0,0,0,0,0,0,0,0,0,0,0,0,0,0,0,0,0,0,0,0,0,0,0,0,0,0,0,0,0,0,0,0,0,0,0,0,0,0,0,0,0,0,0,0,0,0,0,0.00282942121052258,0,0,0,0,0,0,0,0,0,0,0,0,0,0,0,0.0198059484736581,0,0,0,0,0,0,0,0,0,0,0,0,0,0,0,0,0,0,0.0198059484736581,0,0,0,0,0,0,0,0,0,0,0,0,0,0,0,0,0,0,0,0,0,0,0,0,0,0.0113176848420903,0,0,0,0,0,0,0,0,0,0,0,0,0.00565884242104517,0,0,0,0,0,0,0,0.0311236333157484,0,0,0,0,0,0,0,0.0141471060526129,0,0,0,0,0,0,0,0,0,0,0,0,0,0,0,0,0,0,0,0,0,0,0,0,0,0,0,0,0,0,0,0,0,0,0,0,0,0,0,0,0,0,0,0.223524275631284,0,0,0,0,0,0,0,0,0,0,0,0,0,0,0,0,0,0,0,0,0,0,0,0,0,0,0,0,0,0,0,0,0,0,0,0,0,0,0,0,0,0,0,0,0,0,0,0,0,0,0,0,0,0,0,0.00282942121052258,0,0,0,0,0,0,0,0,0,0,0,0,0,0,0,0,0,0,0,0,0,0,0,0,0,0,0,0,0,0,0,0,0,0,0,0,0,0,0,0,0,0,0,0,0,0,0,0,0,0,0,0,0,0,0,0,0,0,0,0,0,0,0,0,0,0,0,0,0,0,0,0,0,0,0,0,0,0,0,0,0,0,0,0,0,0,0,0,0,0,0,0,0,0.067906109052542,0,0,0,0,0,0,0.00282942121052258,0,0,0,0,0,0,0,0,0,0,0,0,0,0,0,0,0,0.130153375684039,0,0,0,0,0,0,0,0,0,0,0,0,0,0,0,0,0,0,0,0,0,0,0,0,0,0,0,0,0,0,0,0,0,0,0,0.00565884242104517,0,0,0,0.00282942121052258,0,0.00565884242104517,0.00282942121052258,0,0,0,0,0,0.00565884242104517,0,0,0,0,0,0,0,0,0,0,0,0,0,0,0,0,0.0113176848420903,0,0,0,0,0,0,0,0,0,0,0,0,0,0,0,0,0,0,0,0,0,0,0,0,0,0,0,0,0,0,0,0,0,0,0,0,0,0,0,0,0,0,0,0,0,0,0,0,0,0,0,0,0,0,0,0,0,0,0,0,0,0,0,0,0,0,0,0,0,0,0,0,0,0,0,0,0,0,0,0,0,0,0,0,0,0,0,0,0,0,0,0,0,0,0,0,0,0,0,0,0,0,0,0,0,0,0,0,0,0,0,0,0,0,0,0,0,0,0,0,0,0,0,0,0,0,0,0,0,0,0,0,0,0,0,0,0,0,0,0,0.00565884242104517,0,0,0,0,0.00565884242104517,0,0,0,0,0,0,0,0,0,0,0,0,0,0.00848826363156775,0,0,0.00848826363156775,0,0,0,0,0,3.91061379059353,0,0,1.29134478015825,0,0,0,0,0,0,0,0,0,0,1.59239611047912,0,0,0,0,0,0,0.434487123458109,0,0,0,0,0,0,0,0,0,0,0,0,0,0,0,0,0,0,0,0,0,0,0,0,0,0,0,0,0,0.237671381683897,0,0,0,0,0,0,0,0,0,0,0,0,0,0,0,0,0,0,0,0,0,0,0,0,0,0,0,0,0,0,0,0,0,0,0,0,0,0,0,0,0,0,0,0,0,0,0,0,0,0,0,0,0.0362072586856064,0,0,0,0,0,0,0,0,0,0,0,0,0,0,0,0.221568098324261,0,0,0,0,0,0,0,0,0,0,0,0,0,0,0,0,0,0,1.88624256387758,0,0,0,0,0,0,0,0,0,0,0,0,0,0,0,0,0,0,0,0,0,0,0,0,0,1.09894036630344,0,0,0,0,0,0,0,0,0,0,0,0,4.03319846453942,0,0,0,0,0,0,0,2.79775970131289,0,0,0,0,0,0,0,3.49232262363118,0,0,0,0,0,0,0,0,0,0,0,0,0,0,0,0,0,0,0,0,0,0,0,0,0,0,0,0,0,0,0,0,0,0,0,0,0,0,0,0,0,0,0,10.5624274383655,0,0,0,0,0,0,0,0,0,0,0,0,0,0,0,0,0,0,0,0,0,0,0,0,0,0,0,0,0,0,0,0,0,0,0,0,0,0,0,0,0,0,0,0,0,0,0,0,0,0,0,0,0,0,0,0.104031106789106,0,0,0,0,0,0,0,0,0,0,0,0,0,0,0,0,0,0,0,0,0,0,0,0,0,0,0,0,0,0,0,0,0,0,0,0,0,0,0,0,0,0,0,0,0,0,0,0,0,0,0,0,0,0,0,0,0,0,0,0,0,0,0,0,0,0,0,0,0,0,0,0,0,0,0,0,0,0,0,0,0,0,0,0,0,0,0,0,0,0,0,0,0,8.25745080741291,0,0,0,0,0,0,0.406134322363786,0,0,0,0,0,0,0,0,0,0,0,0,0,0,0,0,0,17.2026760335393,0,0,0,0,0,0,0,0,0,0,0,0,0,0,0,0,0,0,0,0,0,0,0,0,0,0,0,0,0,0,0,0,0,0,0,1.0964007190775,0,0,0,0.740718469869592,0,0.414227034271192,0.0448149196113462,0,0,0,0,0,0.128511170631719,0,0,0,0,0,0,0,0,0,0,0,0,0,0,0,0,0.116772977418099,0,0,0,0,0,0,0,0,0,0,0,0,0,0,0,0,0,0,0,0,0,0,0,0,0,0,0,0,0,0,0,0,0,0,0,0,0,0,0,0,0,0,0,0,0,0,0,0,0,0,0,0,0,0,0,0,0,0,0,0,0,0,0,0,0,0,0,0,0,0,0,0,0,0,0,0,0,0,0,0,0,0,0,0,0,0,0,0,0,0,0,0,0,0,0,0,0,0,0,0,0,0,0,0,0,0,0,0,0,0,0,0,0,0,0,0,0,0,0,0,0,0,0,0,0,0,0,0,0,0,0,0,0,0,0,0,0,0,0,0,0.0866197642945228,0,0,0,0,0.0786579096525278,0,0,0,0,0,0,0,0,0,0,0,0,0,0.642263951066112,0,0,1.57640621648567,79.61190145,81.56710144,61.93600113,79.60740137,98.64970167,115.1733021,81.00440139,88.31620164,101.3352018,108.3402019,106.6750018,"JOH-00494"
"525",7861,"nSPC",2015,"PRIAs","Pacific Remote Island Areas","Johnston","Johnston",2015,"LagoonMid","Johnston","2015-01-27","Lagoon","Mid",16.72221056,-169.48199127,8.15,8,0,9.5,35,20,27.5,0,0,NA,0.95,1.11227567949066,4.95,2,1,0.426877041568511,0.111240908792019,9.48635666007071,4.51525671589117,14.5397313263224,3.91177586646896,0,0,0,0,0,0,0,0,0.00282942121052258,0,0,0,0,0,0,0,0,0,0,0.0254647908947033,0,0.00282942121052258,0,0,0,0,0.00282942121052258,0,0,0,0,0,0,0,0,0,0,0,0,0,0,0,0,0,0,0,0,0,0,0,0,0,0,0,0,0,0,0,0,0,0,0,0,0,0,0,0,0,0,0,0,0,0,0,0,0,0,0,0,0,0,0,0,0,0,0,0,0,0,0,0,0,0,0,0,0,0,0,0,0,0,0,0,0,0,0,0,0,0,0,0,0,0,0,0,0,0,0,0,0,0,0,0,0,0,0,0,0,0,0,0,0,0,0,0,0,0,0,0,0,0,0,0,0,0.0113176848420903,0,0,0,0,0,0,0,0,0,0,0,0,0,0,0,0,0,0,0,0,0,0,0,0,0,0.00565884242104517,0,0,0,0,0,0,0,0,0,0,0,0,0.00282942121052258,0,0,0,0,0,0,0,0.0707355302630646,0,0,0,0,0,0.00565884242104517,0,0,0,0,0,0,0,0,0,0,0,0,0,0,0,0,0,0,0,0,0,0,0,0,0,0,0,0,0,0,0,0,0,0,0,0,0,0,0,0,0,0,0,0,0,0.0311236333157484,0,0,0.00565884242104517,0,0,0,0,0,0,0,0,0,0,0,0,0,0,0,0,0,0,0,0,0,0,0,0,0,0.00565884242104517,0,0,0,0,0,0,0,0,0,0,0,0,0,0,0,0,0,0,0,0,0,0,0,0,0,0,0.00848826363156775,0,0,0,0,0,0,0,0,0,0,0,0,0,0,0,0,0,0,0,0,0,0,0,0,0,0,0,0,0,0,0,0,0,0,0,0,0,0,0,0,0,0,0,0,0,0,0,0,0,0,0,0,0,0,0,0,0,0,0,0,0,0,0,0,0,0,0,0,0,0,0,0,0,0,0,0,0,0,0,0,0,0,0,0,0,0,0,0,0,0,0,0,0,0,0,0,0,0.00848826363156775,0,0,0,0,0,0,0,0,0,0,0,0,0,0,0,0,0,0,0,0,0.00565884242104517,0,0,0,0,0,0,0,0,0,0,0,0,0,0,0,0,0,0,0,0,0,0,0,0,0,0,0,0,0,0,0,0,0,0,0,0.00282942121052258,0,0,0,0,0,0.00565884242104517,0,0,0,0,0,0,0.00282942121052258,0,0,0,0,0,0,0,0,0,0,0,0,0,0,0,0,0,0,0,0,0,0,0,0,0,0,0,0,0,0,0,0,0,0,0,0,0,0,0,0,0,0,0,0,0,0,0,0,0,0,0,0,0,0,0,0,0,0,0,0,0,0,0,0,0,0,0,0,0,0,0,0,0,0,0,0,0,0,0,0,0.00282942121052258,0,0,0,0,0,0,0,0,0,0,0,0,0,0,0,0,0,0,0,0,0,0,0,0,0,0,0,0,0,0,0,0,0,0,0,0,0,0,0,0,0,0,0,0,0,0,0,0,0,0,0,0,0,0,0,0,0,0,0,0,0,0,0,0,0,0,0,0,0,0,0,0,0,0,0,0,0.0141471060526129,0,0,0,0,0.00282942121052258,0,0,0,0,0,0,0,0,0,0,0,0,0,0,0,0,0,0,0,0,0,0,0,0,0,0.870612799634373,0,0,0,0,0,0,0,0,0,0,0.795912347027048,0,0.864788240585189,0,0,0,0,0.119715757607862,0,0,0,0,0,0,0,0,0,0,0,0,0,0,0,0,0,0,0,0,0,0,0,0,0,0,0,0,0,0,0,0,0,0,0,0,0,0,0,0,0,0,0,0,0,0,0,0,0,0,0,0,0,0,0,0,0,0,0,0,0,0,0,0,0,0,0,0,0,0,0,0,0,0,0,0,0,0,0,0,0,0,0,0,0,0,0,0,0,0,0,0,0,0,0,0,0,0,0,0,0,0,0,0,0,0,0,0,0,0,0,0,0,0,0,0,0,0.886100271277105,0,0,0,0,0,0,0,0,0,0,0,0,0,0,0,0,0,0,0,0,0,0,0,0,0,0.217401603926528,0,0,0,0,0,0,0,0,0,0,0,0,0.283579306708868,0,0,0,0,0,0,0,3.62819655976009,0,0,0,0,0,0.390949156182836,0,0,0,0,0,0,0,0,0,0,0,0,0,0,0,0,0,0,0,0,0,0,0,0,0,0,0,0,0,0,0,0,0,0,0,0,0,0,0,0,0,0,0,0,0,1.57765697277529,0,0,0.111240908792019,0,0,0,0,0,0,0,0,0,0,0,0,0,0,0,0,0,0,0,0,0,0,0,0,0,0.587115737648558,0,0,0,0,0,0,0,0,0,0,0,0,0,0,0,0,0,0,0,0,0,0,0,0,0,0,0.229585478624385,0,0,0,0,0,0,0,0,0,0,0,0,0,0,0,0,0,0,0,0,0,0,0,0,0,0,0,0,0,0,0,0,0,0,0,0,0,0,0,0,0,0,0,0,0,0,0,0,0,0,0,0,0,0,0,0,0,0,0,0,0,0,0,0,0,0,0,0,0,0,0,0,0,0,0,0,0,0,0,0,0,0,0,0,0,0,0,0,0,0,0,0,0,0,0,0,0,0.722984133967131,0,0,0,0,0,0,0,0,0,0,0,0,0,0,0,0,0,0,0,0,1.34589467597199,0,0,0,0,0,0,0,0,0,0,0,0,0,0,0,0,0,0,0,0,0,0,0,0,0,0,0,0,0,0,0,0,0,0,0,0.426877041568511,0,0,0,0,0,0.637188695180298,0,0,0,0,0,0,0.0624651250207613,0,0,0,0,0,0,0,0,0,0,0,0,0,0,0,0,0,0,0,0,0,0,0,0,0,0,0,0,0,0,0,0,0,0,0,0,0,0,0,0,0,0,0,0,0,0,0,0,0,0,0,0,0,0,0,0,0,0,0,0,0,0,0,0,0,0,0,0,0,0,0,0,0,0,0,0,0,0,0,0,0.458510478552997,0,0,0,0,0,0,0,0,0,0,0,0,0,0,0,0,0,0,0,0,0,0,0,0,0,0,0,0,0,0,0,0,0,0,0,0,0,0,0,0,0,0,0,0,0,0,0,0,0,0,0,0,0,0,0,0,0,0,0,0,0,0,0,0,0,0,0,0,0,0,0,0,0,0,0,0,0.283627080684305,0,0,0,0,0.0393289548262639,0,0,0,0,0,0,0,0,0,0,0,0,0,0,0,0,0,0,0,0,0,0,0,0,0,0,0,0,"JOH-00536"
"526",7862,"nSPC",2015,"PRIAs","Pacific Remote Island Areas","Johnston","Johnston",2015,"ForereefDeep","Johnston","2015-01-27","Forereef","Deep",16.69251398,-169.52887251,20.5,1.5,0,0.5,26,47,25,0,0,NA,0.38375,0.461463226893053,1.85,2,1,0.803980792350521,3.54883074033737,25.4023559984766,10.4283481861233,40.1835157172878,5.36373213504262,0,0,0,0,0,0,0,0,0,0,0,0,0,0,0,0,0,0,0,0.0622472666314969,0,0.0622472666314969,0,0,0,0,0.0141471060526129,0,0,0,0,0,0,0,0,0,0,0,0,0,0,0,0,0,0,0,0,0,0,0,0,0,0,0,0,0,0,0,0,0,0,0,0,0,0,0,0,0,0,0,0,0,0,0.00565884242104517,0,0,0,0,0,0,0,0,0,0,0.00282942121052258,0,0,0,0,0,0,0,0,0,0,0,0,0,0,0,0,0,0,0,0,0,0,0,0,0,0,0,0,0,0,0,0,0,0,0,0,0,0,0,0,0.0481001605788839,0,0,0,0,0.00282942121052258,0,0,0,0,0,0,0,0.0905414787367227,0,0,0,0,0,0,0,0,0,0,0,0,0,0,0,0,0,0,0,0,0,0,0,0,0,0,0,0,0,0,0,0,0,0,0,0,0,0,0,0,0.00565884242104517,0,0,0,0,0,0,0,0.0113176848420903,0,0,0,0.0141471060526129,0,0,0,0,0,0.00282942121052258,0,0,0,0,0,0,0.0141471060526129,0,0,0,0,0,0,0,0,0,0,0,0,0,0,0,0,0,0,0,0,0,0,0,0,0,0,0,0,0.00565884242104517,0,0,0,0,0,0.00565884242104517,0,0,0,0.0707355302630646,0,0,0,0,0,0,0,0,0,0,0,0,0,0,0,0,0,0,0,0,0,0,0,0,0,0,0,0,0.00565884242104517,0,0,0,0,0,0,0,0,0,0,0,0,0,0,0,0,0.00565884242104517,0,0,0,0,0,0,0,0,0,0,0,0,0,0,0,0,0,0,0,0,0,0,0,0,0,0,0,0,0,0,0,0,0,0,0,0.0226353696841807,0,0,0,0,0,0,0,0,0,0,0,0,0,0,0,0,0,0,0,0,0,0,0,0,0,0,0,0,0,0,0,0,0,0,0,0,0.00282942121052258,0,0,0,0,0,0,0,0,0,0,0,0,0,0,0,0,0,0,0,0,0,0,0,0,0,0,0,0,0,0,0.0113176848420903,0.00282942121052258,0,0,0,0,0,0.0848826363156775,0,0,0,0,0,0,0,0,0,0,0,0,0,0,0,0,0,0.00848826363156775,0,0,0,0,0,0,0,0,0,0,0,0,0,0,0,0,0,0,0,0,0,0,0.00282942121052258,0,0,0,0,0,0,0.00282942121052258,0,0,0,0,0,0,0,0,0,0.00282942121052258,0,0.00565884242104517,0.0113176848420903,0,0,0,0,0,0.00282942121052258,0,0,0,0,0,0,0,0,0,0,0,0,0,0,0,0,0,0,0,0,0,0,0,0,0,0,0,0,0,0,0,0,0,0,0,0,0,0,0,0,0,0,0,0,0,0,0,0,0,0,0,0,0,0,0,0,0,0.00282942121052258,0,0,0,0,0,0,0,0,0,0,0,0,0,0,0,0,0,0,0,0,0,0,0,0,0,0,0,0,0,0,0,0,0,0,0,0,0,0,0,0,0,0,0,0,0,0,0,0,0,0,0,0,0.0537590029999291,0,0,0,0,0,0,0,0,0,0,0,0,0,0,0,0,0,0,0,0,0,0,0,0,0.00282942121052258,0,0,0,0,0,0,0,0.00282942121052258,0,0,0,0,0,0,0,0,0,0,0,0,0,0.00848826363156775,0,0,0,0,0,0,0,0,0,0,0,0,0,0,0,0,0,0,0.0169765272631355,0,0,0,0,0,0,0,0,0,0,0,0,0,0,0,0,0,0,0,0,0,0,2.47167941086223,0,9.15217806475665,0,0,0,0,0.682735973017474,0,0,0,0,0,0,0,0,0,0,0,0,0,0,0,0,0,0,0,0,0,0,0,0,0,0,0,0,0,0,0,0,0,0,0,0,0,0,0,0,0,0,0,0,0,0,0.608237358640026,0,0,0,0,0,0,0,0,0,0,0.645461713650464,0,0,0,0,0,0,0,0,0,0,0,0,0,0,0,0,0,0,0,0,0,0,0,0,0,0,0,0,0,0,0,0,0,0,0,0,0,0,0,0,0.208347506161667,0,0,0,0,0.0317447218954876,0,0,0,0,0,0,0,0.054749300423612,0,0,0,0,0,0,0,0,0,0,0,0,0,0,0,0,0,0,0,0,0,0,0,0,0,0,0,0,0,0,0,0,0,0,0,0,0,0,0,0,0.165935807958107,0,0,0,0,0,0,0,0.380902189186368,0,0,0,2.10513996193751,0,0,0,0,0,0.184470254125632,0,0,0,0,0,0,0.733209935356983,0,0,0,0,0,0,0,0,0,0,0,0,0,0,0,0,0,0,0,0,0,0,0,0,0,0,0,0,0.856877764153438,0,0,0,0,0,0.935898972516262,0,0,0,3.70993709123721,0,0,0,0,0,0,0,0,0,0,0,0,0,0,0,0,0,0,0,0,0,0,0,0,0,0,0,0,0.496479077928055,0,0,0,0,0,0,0,0,0,0,0,0,0,0,0,0,0.094148990780139,0,0,0,0,0,0,0,0,0,0,0,0,0,0,0,0,0,0,0,0,0,0,0,0,0,0,0,0,0,0,0,0,0,0,0,0.296835710964409,0,0,0,0,0,0,0,0,0,0,0,0,0,0,0,0,0,0,0,0,0,0,0,0,0,0,0,0,0,0,0,0,0,0,0,0,0.00545451708590967,0,0,0,0,0,0,0,0,0,0,0,0,0,0,0,0,0,0,0,0,0,0,0,0,0,0,0,0,0,0,2.76087150455677,0.690217876139193,0,0,0,0,0,5.21577547796345,0,0,0,0,0,0,0,0,0,0,0,0,0,0,0,0,0,1.23939953689541,0,0,0,0,0,0,0,0,0,0,0,0,0,0,0,0,0,0,0,0,0,0,0.225766961511564,0,0,0,0,0,0,0.195743433710495,0,0,0,0,0,0,0,0,0,0.270444201148021,0,0.590586868411363,0.266936651148574,0,0,0,0,0,0.106882244274993,0,0,0,0,0,0,0,0,0,0,0,0,0,0,0,0,0,0,0,0,0,0,0,0,0,0,0,0,0,0,0,0,0,0,0,0,0,0,0,0,0,0,0,0,0,0,0,0,0,0,0,0,0,0,0,0,0,0.0111597761375627,0,0,0,0,0,0,0,0,0,0,0,0,0,0,0,0,0,0,0,0,0,0,0,0,0,0,0,0,0,0,0,0,0,0,0,0,0,0,0,0,0,0,0,0,0,0,0,0,0,0,0,0,3.2585921731051,0,0,0,0,0,0,0,0,0,0,0,0,0,0,0,0,0,0,0,0,0,0,0,0,0.143239448782706,0,0,0,0,0,0,0,0.250329080411291,0,0,0,0,0,0,0,0,0,0,0,0,0,0.220661450501205,0,0,0,0,0,0,0,0,0,0,0,0,0,0,0,0,0,0,0.916484709952452,0,0,0,86.71030158,85.3648015,67.03620122,84.64490146,103.6451018,119.8532021,89.19630154,93.83180174,107.5812019,112.8482019,113.9628019,"JOH-00579"
"527",7863,"nSPC",2015,"PRIAs","Pacific Remote Island Areas","Johnston","Johnston",2015,"LagoonShallow","Johnston","2015-01-27","Lagoon","Shallow",16.73080637,-169.49935782,5.25,5,0,1.5,20,46,27.5,0,0,NA,1.0975,1.15706199884477,4.5,2,1,0.617098378785065,0.036715429711656,32.1452345945929,3.65720231506122,36.4562507181508,19.8477257264504,0,0,0,0,0,0.00282942121052258,0,0,0,0,0,0,0,0,0,0,0,0,0,0.0537590029999291,0,0.0254647908947033,0,0,0,0,0.0113176848420903,0,0,0,0,0,0,0,0,0,0,0,0,0,0,0,0,0,0,0,0,0,0,0,0,0,0,0,0,0,0,0,0,0,0,0,0,0,0,0,0,0,0,0,0,0,0,0,0,0,0,0,0,0,0,0,0,0,0,0,0,0,0,0,0,0,0,0,0,0,0,0,0,0,0,0,0.00848826363156775,0,0,0,0,0,0,0,0,0,0,0,0,0,0,0,0,0,0,0,0,0,0,0,0,0,0,0,0,0,0,0,0,0,0,0,0,0,0,0,0,0,0.0113176848420903,0,0,0,0,0,0,0,0,0,0,0,0,0,0,0,0,0,0,0,0,0,0,0,0,0,0.0113176848420903,0,0,0,0,0,0,0,0,0,0.00282942121052258,0,0,0.00565884242104517,0,0,0,0,0,0,0,0.141471060526129,0,0,0,0,0,0.00848826363156775,0,0,0,0,0,0,0,0,0,0,0,0,0,0,0,0,0,0,0,0,0,0,0,0,0,0,0,0,0,0,0,0,0,0,0,0,0,0,0,0,0,0,0,0,0,0.0452707393683613,0,0,0.0311236333157484,0,0,0,0,0,0,0,0,0,0,0,0,0,0,0,0,0,0,0,0,0,0,0,0,0,0.0113176848420903,0,0,0,0,0,0,0,0,0,0,0,0,0,0,0,0,0,0,0,0,0,0,0,0,0,0,0.00282942121052258,0,0,0,0,0,0,0,0,0,0,0,0,0,0,0,0,0,0,0,0,0,0,0,0,0,0,0,0,0,0,0,0,0,0,0,0,0,0,0,0,0,0,0,0,0,0,0,0,0,0,0,0,0,0,0,0,0,0,0,0,0,0,0,0,0,0,0,0,0,0,0,0,0,0,0,0,0,0,0,0,0,0,0,0,0,0,0,0,0,0,0,0,0,0,0,0,0,0,0,0,0,0,0,0,0,0,0,0,0,0,0,0,0,0,0,0,0,0,0.0311236333157484,0,0,0,0,0,0,0,0,0,0,0,0,0,0,0,0,0,0,0,0,0,0,0.00282942121052258,0,0,0,0,0,0,0.00565884242104517,0,0,0,0,0,0,0,0,0,0.00282942121052258,0,0.00565884242104517,0,0,0,0,0,0,0,0,0,0,0,0,0,0,0,0,0,0,0,0,0,0,0,0,0,0,0,0,0,0,0,0,0,0,0,0,0,0,0,0,0,0,0,0,0,0,0,0,0,0,0,0,0,0,0,0,0,0,0,0,0,0,0,0,0,0,0,0,0,0,0,0,0,0,0,0,0,0,0,0,0,0,0,0,0,0,0,0,0,0,0,0,0,0,0,0,0,0,0,0,0,0,0,0,0,0.00282942121052258,0,0,0,0,0,0,0,0,0,0,0,0.0735649514735872,0,0,0,0.0113176848420903,0,0,0,0,0,0,0,0,0,0,0,0,0,0,0,0,0,0,0,0,0.00565884242104517,0,0,0,0,0,0,0,0,0,0,0,0,0,0,0,0,0,0,0,0,0,0.0113176848420903,0,0,0.00565884242104517,0,0,0,0,0,0,0,0,0,0,0,0,0,0,0,0.00282942121052258,0,0,0,0,0,0,0,0,0.155405959987953,0,0,0,0,0,0,0,0,0,0,0,0,0,1.5535218213193,0,2.28113528759868,0,0,0,0,0.506833261386093,0,0,0,0,0,0,0,0,0,0,0,0,0,0,0,0,0,0,0,0,0,0,0,0,0,0,0,0,0,0,0,0,0,0,0,0,0,0,0,0,0,0,0,0,0,0,0,0,0,0,0,0,0,0,0,0,0,0,0,0,0,0,0,0,0,0,0,0,0,0,0,0,0,0,0,0.0565102911364254,0,0,0,0,0,0,0,0,0,0,0,0,0,0,0,0,0,0,0,0,0,0,0,0,0,0,0,0,0,0,0,0,0,0,0,0,0,0,0,0,0,0.724233031184264,0,0,0,0,0,0,0,0,0,0,0,0,0,0,0,0,0,0,0,0,0,0,0,0,0,0.477546444737069,0,0,0,0,0,0,0,0,0,0.473834272303141,0,0,2.5729353095572,0,0,0,0,0,0,0,13.2217696179891,0,0,0,0,0,0.230214185493116,0,0,0,0,0,0,0,0,0,0,0,0,0,0,0,0,0,0,0,0,0,0,0,0,0,0,0,0,0,0,0,0,0,0,0,0,0,0,0,0,0,0,0,0,0,1.44637748744946,0,0,0.036715429711656,0,0,0,0,0,0,0,0,0,0,0,0,0,0,0,0,0,0,0,0,0,0,0,0,0,0.66457642306664,0,0,0,0,0,0,0,0,0,0,0,0,0,0,0,0,0,0,0,0,0,0,0,0,0,0,0.226377830237467,0,0,0,0,0,0,0,0,0,0,0,0,0,0,0,0,0,0,0,0,0,0,0,0,0,0,0,0,0,0,0,0,0,0,0,0,0,0,0,0,0,0,0,0,0,0,0,0,0,0,0,0,0,0,0,0,0,0,0,0,0,0,0,0,0,0,0,0,0,0,0,0,0,0,0,0,0,0,0,0,0,0,0,0,0,0,0,0,0,0,0,0,0,0,0,0,0,0,0,0,0,0,0,0,0,0,0,0,0,0,0,0,0,0,0,0,0,0,6.1900355823075,0,0,0,0,0,0,0,0,0,0,0,0,0,0,0,0,0,0,0,0,0,0,0.0882739063416006,0,0,0,0,0,0,0.617098378785065,0,0,0,0,0,0,0,0,0,0.270444201148021,0,0.278100753392335,0,0,0,0,0,0,0,0,0,0,0,0,0,0,0,0,0,0,0,0,0,0,0,0,0,0,0,0,0,0,0,0,0,0,0,0,0,0,0,0,0,0,0,0,0,0,0,0,0,0,0,0,0,0,0,0,0,0,0,0,0,0,0,0,0,0,0,0,0,0,0,0,0,0,0,0,0,0,0,0,0,0,0,0,0,0,0,0,0,0,0,0,0,0,0,0,0,0,0,0,0,0,0,0,0,0.637445122817736,0,0,0,0,0,0,0,0,0,0,0,3.30252923538613,0,0,0,0.113046440700221,0,0,0,0,0,0,0,0,0,0,0,0,0,0,0,0,0,0,0,0,0.0641712730546522,0,0,0,0,0,0,0,0,0,0,0,0,0,0,0,0,0,0,0,0,0,0.12500682394555,0,0,0.0344231701573622,0,0,0,0,0,0,0,0,0,0,0,0,0,0,0,0.107689176957065,0,0,0,0,0,0,0,0,0,0,0,0,0,0,"JOH-00552"
"528",7864,"nSPC",2015,"PRIAs","Pacific Remote Island Areas","Johnston","Johnston",2015,"LagoonDeep","Johnston","2015-01-27","Lagoon","Deep",16.7064064,-169.52319092,19.25,13.5,0,0.5,27.5,48.5,10,0,0,NA,0.53125,0.295032605592017,1.05,2,1,0,0,9.95871227347595,3.64349000217295,13.6022022756489,5.58341665638842,0,0,0,0,0,0.00282942121052258,0,0,0,0,0,0,0,0,0,0,0,0,0,0.0367824757367936,0,0,0,0,0,0,0,0,0,0,0,0,0,0,0,0,0,0,0,0,0,0,0,0,0,0,0,0,0,0,0,0,0,0,0,0,0,0,0,0,0,0,0,0,0,0,0,0,0,0,0,0,0,0,0,0,0,0,0,0,0,0,0,0,0,0,0,0,0,0,0,0,0,0,0,0,0,0,0,0,0,0,0,0,0,0,0,0,0,0.00282942121052258,0,0,0,0,0,0,0,0,0,0,0,0,0,0,0,0.0169765272631355,0,0,0,0,0,0,0,0,0,0,0,0,0,0,0,0,0,0,0.00565884242104517,0,0,0,0,0,0,0,0,0,0,0,0,0,0,0,0,0,0,0,0,0,0,0,0,0,0.00565884242104517,0,0,0,0,0,0,0,0,0.00282942121052258,0,0,0,0,0,0,0,0,0,0,0,0.033953054526271,0,0,0,0,0,0.033953054526271,0,0,0,0,0,0,0,0,0,0,0,0,0,0,0,0,0,0,0,0,0,0,0,0,0,0,0,0,0,0,0,0,0,0,0,0,0,0,0,0,0,0,0,0,0,0.0877120575262001,0,0,0,0,0,0,0,0,0,0,0,0,0,0,0,0,0,0,0,0,0,0,0,0,0,0,0,0,0.0141471060526129,0,0,0,0,0,0,0,0,0,0,0,0,0,0,0,0,0.00282942121052258,0,0,0,0,0,0,0,0,0,0,0,0,0,0,0,0,0,0,0,0,0,0,0,0,0,0,0,0,0,0,0,0,0,0,0,0,0,0,0,0,0,0,0,0,0,0,0,0,0,0,0,0,0,0,0,0,0,0,0,0,0,0,0,0,0,0,0,0,0,0,0,0,0,0,0,0,0,0,0,0,0,0,0,0,0,0,0,0,0,0,0,0,0,0,0,0,0,0,0,0,0,0,0,0,0,0,0,0,0,0,0,0,0,0,0,0,0,0,0,0,0,0,0,0,0,0,0,0,0.00848826363156775,0,0,0,0,0,0,0,0,0,0,0,0,0,0,0,0,0,0,0,0,0,0,0.00282942121052258,0,0,0,0,0,0,0,0,0,0,0,0,0,0,0,0,0.00282942121052258,0,0,0,0,0,0,0,0,0.00282942121052258,0,0,0,0,0,0,0,0,0,0,0,0,0,0,0,0,0,0,0,0,0,0,0,0,0,0,0,0,0,0,0,0,0,0,0,0,0,0,0,0,0,0,0,0,0,0,0,0,0,0,0,0,0,0,0,0,0,0,0,0,0,0,0,0,0,0,0,0,0,0,0,0,0,0,0,0,0,0,0,0,0,0,0,0,0,0,0,0,0,0,0,0,0,0,0,0,0,0,0,0,0,0,0,0,0,0,0,0,0,0,0.0396118969473162,0,0,0,0,0,0,0,0,0,0,0,0,0,0,0,0,0,0,0,0,0,0,0,0,0,0,0,0,0,0,0,0,0,0,0,0,0,0,0,0,0,0,0,0,0,0,0.00282942121052258,0,0,0,0,0,0,0,0,0,0,0,0,0,0,0,0,0,0.00565884242104517,0.0169765272631355,0,0,0,0,0,0,0,0,0.0242622868802312,0,0,0,0,0,0,0,0,0,0,0,0,0,0.612520667130361,0,0,0,0,0,0,0,0,0,0,0,0,0,0,0,0,0,0,0,0,0,0,0,0,0,0,0,0,0,0,0,0,0,0,0,0,0,0,0,0,0,0,0,0,0,0,0,0,0,0,0,0,0,0,0,0,0,0,0,0,0,0,0,0,0,0,0,0,0,0,0,0,0,0,0,0,0,0,0,0,0,0,0,0,0,0,0,0,0,0.0852077034306729,0,0,0,0,0,0,0,0,0,0,0,0,0,0,0,0.0589675400072747,0,0,0,0,0,0,0,0,0,0,0,0,0,0,0,0,0,0,0.399942920496372,0,0,0,0,0,0,0,0,0,0,0,0,0,0,0,0,0,0,0,0,0,0,0,0,0,0.358222584828211,0,0,0,0,0,0,0,0,0.138588165177443,0,0,0,0,0,0,0,0,0,0,0,2.63376742423727,0,0,0,0,0,1.0146148521466,0,0,0,0,0,0,0,0,0,0,0,0,0,0,0,0,0,0,0,0,0,0,0,0,0,0,0,0,0,0,0,0,0,0,0,0,0,0,0,0,0,0,0,0,0,2.41625214883481,0,0,0,0,0,0,0,0,0,0,0,0,0,0,0,0,0,0,0,0,0,0,0,0,0,0,0,0,0.620718407210875,0,0,0,0,0,0,0,0,0,0,0,0,0,0,0,0,0.025783100780887,0,0,0,0,0,0,0,0,0,0,0,0,0,0,0,0,0,0,0,0,0,0,0,0,0,0,0,0,0,0,0,0,0,0,0,0,0,0,0,0,0,0,0,0,0,0,0,0,0,0,0,0,0,0,0,0,0,0,0,0,0,0,0,0,0,0,0,0,0,0,0,0,0,0,0,0,0,0,0,0,0,0,0,0,0,0,0,0,0,0,0,0,0,0,0,0,0,0,0,0,0,0,0,0,0,0,0,0,0,0,0,0,0,0,0,0,0,0,0,0,0,0,0,0,0,0,0,0,0.555745124027749,0,0,0,0,0,0,0,0,0,0,0,0,0,0,0,0,0,0,0,0,0,0,0.184029903042103,0,0,0,0,0,0,0,0,0,0,0,0,0,0,0,0,0.270444201148021,0,0,0,0,0,0,0,0,0.0323698521090901,0,0,0,0,0,0,0,0,0,0,0,0,0,0,0,0,0,0,0,0,0,0,0,0,0,0,0,0,0,0,0,0,0,0,0,0,0,0,0,0,0,0,0,0,0,0,0,0,0,0,0,0,0,0,0,0,0,0,0,0,0,0,0,0,0,0,0,0,0,0,0,0,0,0,0,0,0,0,0,0,0,0,0,0,0,0,0,0,0,0,0,0,0,0,0,0,0,0,0,0,0,0,0,0,0,0,0,0,0,0,2.94964923215115,0,0,0,0,0,0,0,0,0,0,0,0,0,0,0,0,0,0,0,0,0,0,0,0,0,0,0,0,0,0,0,0,0,0,0,0,0,0,0,0,0,0,0,0,0,0,0.0707578014260676,0,0,0,0,0,0,0,0,0,0,0,0,0,0,0,0,0,0.528018213807278,0.622340146776419,0,0,0,58.57910108,64.50160112,47.33730086,64.06280111,80.00650136,83.54340149,62.60400108,60.09530114,80.57680141,86.71730149,84.10310141,"JOH-00525"
"529",7865,"nSPC",2015,"PRIAs","Pacific Remote Island Areas","Johnston","Johnston",2015,"LagoonMid","Johnston","2015-01-27","Lagoon","Mid",16.71223341,-169.52231912,16.7,21.5,0,0.5,17.5,58,2.5,0,0,NA,0.88775,0.452027049031353,2.5,2,1,1.38419812692702,0.387383452121338,35.3233888598575,3.25171804941161,40.3466884883175,7.46233647087057,0,0,0,0,0,0,0,0,0,0,0,0,0,0,0,0,0,0,0,0.565884242104517,0,0,0,0,0,0,0.00282942121052258,0,0,0,0,0,0,0,0,0,0,0,0,0,0,0,0,0,0,0,0,0,0,0,0,0,0,0,0,0,0.00565884242104517,0,0,0,0,0,0,0,0,0,0,0,0,0,0,0,0,0,0,0,0,0,0,0,0,0,0,0,0,0,0,0,0,0,0,0,0,0,0,0,0,0,0,0,0,0,0,0,0,0,0,0,0,0,0,0,0,0,0,0,0,0,0,0,0,0,0,0,0,0.00282942121052258,0,0,0,0,0,0,0,0,0,0,0,0,0,0,0,0,0,0,0.00282942121052258,0,0,0,0,0,0,0,0,0,0,0,0,0,0,0,0,0,0,0,0,0,0,0,0,0,0.00565884242104517,0,0,0,0,0,0,0,0,0.0113176848420903,0,0,0,0,0,0,0,0,0,0,0,0.0820532151051549,0,0,0,0,0,0.0424413181578388,0,0,0,0,0,0,0,0,0,0,0,0,0,0,0,0,0,0,0,0,0,0,0,0,0,0,0,0,0,0,0,0,0,0,0,0,0,0,0,0,0,0,0,0,0,0.127323954473516,0,0,0,0,0,0,0,0,0,0,0,0,0,0,0,0,0,0,0,0,0,0,0,0,0,0,0,0,0.00848826363156775,0,0,0,0,0,0,0,0,0,0,0,0,0,0,0,0,0,0,0,0,0,0,0,0,0,0,0,0,0,0,0,0,0,0,0,0,0,0,0,0,0,0,0,0,0,0,0,0,0,0,0,0,0,0,0,0,0,0,0,0,0,0,0,0,0,0,0,0,0,0,0,0,0,0,0,0,0,0,0,0,0,0,0,0,0,0,0,0,0,0,0,0,0,0,0,0,0,0,0,0,0,0,0,0,0,0,0,0,0,0,0,0,0,0,0,0,0,0,0,0,0.00282942121052258,0,0,0,0,0,0,0,0,0,0,0,0,0,0,0,0,0,0,0,0,0,0,0,0,0.0141471060526129,0,0,0,0,0,0,0,0,0,0,0,0,0,0,0,0,0,0,0,0,0,0,0.00282942121052258,0,0,0,0,0,0,0,0,0,0,0,0,0,0,0,0,0.00565884242104517,0,0.00565884242104517,0,0,0,0,0,0,0.00565884242104517,0,0,0,0,0,0,0,0,0,0,0,0,0,0,0,0,0,0,0,0,0,0,0,0,0,0,0,0,0,0,0,0,0,0,0,0,0,0,0,0,0,0,0,0,0,0,0,0,0,0,0,0,0,0,0,0,0,0,0,0,0,0,0,0,0,0,0,0,0,0,0,0,0,0,0,0,0,0,0,0,0,0,0,0,0,0,0,0,0,0,0,0,0,0,0,0,0,0,0,0,0,0,0,0,0,0,0,0,0,0,0.0565884242104517,0,0,0,0,0,0,0,0,0,0,0,0,0,0,0,0,0,0,0,0,0,0,0,0,0.00282942121052258,0,0,0,0,0,0,0,0,0,0,0,0,0,0,0,0,0,0,0,0,0,0.00565884242104517,0,0,0,0,0,0,0,0,0,0,0,0,0,0,0,0,0,0,0.0396118969473162,0,0,0,0,0,0,0,0,0,0,0,0,0,0,0,0,0,0,0,0,0,0,19.618792109697,0,0,0,0,0,0,0.144829041152703,0,0,0,0,0,0,0,0,0,0,0,0,0,0,0,0,0,0,0,0,0,0,0,0,0,0,0,0,0,1.38419812692702,0,0,0,0,0,0,0,0,0,0,0,0,0,0,0,0,0,0,0,0,0,0,0,0,0,0,0,0,0,0,0,0,0,0,0,0,0,0,0,0,0,0,0,0,0,0,0,0,0,0,0,0,0,0,0,0,0,0,0,0,0,0,0,0,0,0,0,0,0.0299797268438283,0,0,0,0,0,0,0,0,0,0,0,0,0,0,0,0,0,0,0.162145055343946,0,0,0,0,0,0,0,0,0,0,0,0,0,0,0,0,0,0,0,0,0,0,0,0,0,0.119323859908858,0,0,0,0,0,0,0,0,0.254495345031671,0,0,0,0,0,0,0,0,0,0,0,5.05111302354887,0,0,0,0,0,1.28717004442406,0,0,0,0,0,0,0,0,0,0,0,0,0,0,0,0,0,0,0,0,0,0,0,0,0,0,0,0,0,0,0,0,0,0,0,0,0,0,0,0,0,0,0,0,0,4.95052511520294,0,0,0,0,0,0,0,0,0,0,0,0,0,0,0,0,0,0,0,0,0,0,0,0,0,0,0,0,0.43820992616478,0,0,0,0,0,0,0,0,0,0,0,0,0,0,0,0,0,0,0,0,0,0,0,0,0,0,0,0,0,0,0,0,0,0,0,0,0,0,0,0,0,0,0,0,0,0,0,0,0,0,0,0,0,0,0,0,0,0,0,0,0,0,0,0,0,0,0,0,0,0,0,0,0,0,0,0,0,0,0,0,0,0,0,0,0,0,0,0,0,0,0,0,0,0,0,0,0,0,0,0,0,0,0,0,0,0,0,0,0,0,0,0,0,0,0,0,0,0,0,0,0.387383452121338,0,0,0,0,0,0,0,0,0,0,0,0,0,0,0,0,0,0,0,0,0,0,0,0,1.19137961268271,0,0,0,0,0,0,0,0,0,0,0,0,0,0,0,0,0,0,0,0,0,0,0.115526934435732,0,0,0,0,0,0,0,0,0,0,0,0,0,0,0,0,0.232584940089729,0,0.278100753392335,0,0,0,0,0,0,0.0915937925778782,0,0,0,0,0,0,0,0,0,0,0,0,0,0,0,0,0,0,0,0,0,0,0,0,0,0,0,0,0,0,0,0,0,0,0,0,0,0,0,0,0,0,0,0,0,0,0,0,0,0,0,0,0,0,0,0,0,0,0,0,0,0,0,0,0,0,0,0,0,0,0,0,0,0,0,0,0,0,0,0,0,0,0,0,0,0,0,0,0,0,0,0,0,0,0,0,0,0,0,0,0,0,0,0,0,0,0,0,0,0,2.4112234473217,0,0,0,0,0,0,0,0,0,0,0,0,0,0,0,0,0,0,0,0,0,0,0,0,0.0733385977767454,0,0,0,0,0,0,0,0,0,0,0,0,0,0,0,0,0,0,0,0,0,0.199228800265876,0,0,0,0,0,0,0,0,0,0,0,0,0,0,0,0,0,0,1.92554678340769,0,0,0,38.17490068,31.43620051,33.28580061,38.04960068,41.98840077,44.54670078,41.99330072,37.72230068,51.26300087,53.99590094,45.31730077,"JOH-00539"
"530",7877,"nSPC",2015,"PRIAs","Pacific Remote Island Areas","Johnston","Johnston",2015,"ForereefDeep","Johnston","2015-01-28","Forereef","Deep",16.67953125,-169.47944493,19.25,20,0,6.5,21.5,49.5,2.5,0,0,NA,0.217,0.171176306375255,0.8,2,1,3.99693757341206,140.649251389705,77.0945454015191,15.7856202952392,237.526354659876,50.1916086512127,0,0,0,0,0,0.0198059484736581,0,0,0,0,0,0,0,0,0,0,0,0,0,0.0565884242104517,0,0.00565884242104517,0,0,0,0.121665112052471,0,0.00565884242104517,0,0,0,0,0,0,0,0,0,0,0,0,0,0,0,0,0,0,0,0,0,0,0,0,0,0,0,0,0.00282942121052258,0,0,0,0,0,0,0,0,0,0,0,0,0,0,0,0,0,0,0,0,0,0,0,0,0,0,0,0.00565884242104517,0,0,0,0,0,0,0,0,0,0,0,0,0.00565884242104517,0,0,0.00282942121052258,0,0,0,0,0,0,0,0,0.00565884242104517,0,0,0,0,0,0,0,0,0,0,0,0,0,0,0,0.305577490736439,0,0,0,0,0,0,0,0,0,0,0,0,3.3953054526271,0.305577490736439,0,0,0,0,0,0,0,0,0,0,0,0,0,0,0,0,0,0,0,0,0,0,0,0,0,0,0,0,0,0,0,0,0,0,0,0,0,0,0,0.0169765272631355,0,0,0,0.0169765272631355,0,0,0,0.00848826363156775,0,0,0,0.0311236333157484,0,0,0,0,0,0.00848826363156775,0,0,0,0,0,0,0.0763943726841098,0,0,0,0,0,0,0,0,0,0,0,0,0,0,0,0,0,0,0,0,0,0,0,0,0,0,0,0,0.00565884242104517,0,0,0,0,0,0,0,0,0,0.237671381683897,0,0,0.0735649514735872,0,0,0,0,0,0,0,0,0,0,0,0,0,0,0,0,0,0,0,0,0,0,0,0,0,0.0311236333157484,0,0,0,0,0,0,0,0,0,0,0,0,0,0,0,0,0.0113176848420903,0,0,0,0,0,0,0,0,0,0.00282942121052258,0,0,0,0,0,0,0,0,0,0,0,0,0,0,0,0,0,0,0,0,0,0,0,0,0,0.0198059484736581,0,0,0,0,0,0,0,0,0,0,0,0,0,0.707355302630646,0,0,0,0,0,0,0,0,0,0,0,0,0,0,0,0,0,0,0,0,0,0,0.0169765272631355,0,0,0,0,0,0,0,0,0,0,0,0,0,0,0,0,0,0,0,0,0,0,0,0.00282942121052258,0,0,0,0,0,0,0.0594178454209743,0.00565884242104517,0,0,0,0,0,0.0792237938946324,0,0.198059484736581,0.0169765272631355,0,0,0.0113176848420903,0,0,0,0,0,0,0,0,0,0,0,0.0282942121052258,0,0,0,0,0,0,0,0,0,0,0,0,0,0,0,0,0,0,0,0,0,0,0,0,0,0,0,0,0,0.00565884242104517,0,0,0,0,0,0.00282942121052258,0.0169765272631355,0,0,0.00848826363156775,0,0.00565884242104517,0.00282942121052258,0,0,0,0,0,0.00848826363156775,0,0,0,0,0,0,0,0,0,0,0,0,0,0,0,0,0.0481001605788839,0,0,0,0,0,0,0,0,0,0,0,0,0,0,0,0,0,0,0,0,0,0,0,0,0,0,0,0,0,0,0,0,0,0,0,0,0,0,0,0,0.0198059484736581,0,0,0,0,0.00565884242104517,0,0,0,0,0,0,0,0,0,0,0,0,0,0,0,0,0,0,0,0,0,0,0,0,0,0,0,0,0.00565884242104517,0,0,0,0,0,0,0,0,0,0,0,0,0,0,0,0,0,0,0,0.0198059484736581,0,0,0,0,0,0,0,0,0,0,0,0,0,0,0,0,0,0,0,0,0,0,0,0.00565884242104517,0,0,0,0,0,0,0,0.00565884242104517,0,0,0,0,0,0,0,0,0,0,0,0,0,0.0113176848420903,0,0,0.0254647908947033,0,0.0113176848420903,0,0,0,0,0,0,0,0,0,0.00282942121052258,0,0,0.00848826363156775,0.0565884242104517,0,0,0,0,0,0,0,0,1.54995693912427,0,0,0,0,0,0,0,0,0,0,0,0,0,1.03386289142048,0,5.96895861140234,0,0,0,5.45503440123517,0,2.55667772116605,0,0,0,0,0,0,0,0,0,0,0,0,0,0,0,0,0,0,0,0,0,0,0,0,0,0,0,0,1.06764955544678,0,0,0,0,0,0,0,0,0,0,0,0,0,0,0,0,0,0,0,0,0,0,0,0,0,0,0,2.88650478344488,0,0,0,0,0,0,0,0,0,0,0,0,0.910855379198985,0,0,0.264317933362599,0,0,0,0,0,0,0,0,0.131254700443043,0,0,0,0,0,0,0,0,0,0,0,0,0,0,0,0.943163462894443,0,0,0,0,0,0,0,0,0,0,0,0,3.98574907083895,0.15593223233311,0,0,0,0,0,0,0,0,0,0,0,0,0,0,0,0,0,0,0,0,0,0,0,0,0,0,0,0,0,0,0,0,0,0,0,0,0,0,0,0.531671675386558,0,0,0,20.1131783463815,0,0,0,0.260318190835714,0,0,0,4.26973092108231,0,0,0,0,0,0.391341670899771,0,0,0,0,0,0,2.78988188353595,0,0,0,0,0,0,0,0,0,0,0,0,0,0,0,0,0,0,0,0,0,0,0,0,0,0,0,0,0.253387118855624,0,0,0,0,0,0,0,0,0,7.84801088236586,0,0,0.64574897252757,0,0,0,0,0,0,0,0,0,0,0,0,0,0,0,0,0,0,0,0,0,0,0,0,0,2.30368519421792,0,0,0,0,0,0,0,0,0,0,0,0,0,0,0,0,0.141471060526129,0,0,0,0,0,0,0,0,0,0.00292236630638174,0,0,0,0,0,0,0,0,0,0,0,0,0,0,0,0,0,0,0,0,0,0,0,0,0,0.281745558822328,0,0,0,0,0,0,0,0,0,0,0,0,0,89.9112874093454,0,0,0,0,0,0,0,0,0,0,0,0,0,0,0,0,0,0,0,0,0,0,0.0254426545117028,0,0,0,0,0,0,0,0,0,0,0,0,0,0,0,0,0,0,0,0,0,0,0,0.00899592976925488,0,0,0,0,0,0,7.71679037833299,1.1648575987934,0,0,0,0,0,2.9979978482052,0,27.6525125946864,1.51293200871722,0,0,0.678715037838999,0,0,0,0,0,0,0,0,0,0,0,3.78429315245481,0,0,0,0,0,0,0,0,0,0,0,0,0,0,0,0,0,0,0,0,0,0,0,0,0,0,0,0,0,1.32126817754584,0,0,0,0,0,0.770182034726058,0.837837805693384,0,0,0.359602416959687,0,0.218979235102448,0.113636629367613,0,0,0,0,0,0.128953958340076,0,0,0,0,0,0,0,0,0,0,0,0,0,0,0,0,0.40116004689536,0,0,0,0,0,0,0,0,0,0,0,0,0,0,0,0,0,0,0,0,0,0,0,0,0,0,0,0,0,0,0,0,0,0,0,0,0,0,0,0,0.0840495923910315,0,0,0,0,0.00620709850463286,0,0,0,0,0,0,0,0,0,0,0,0,0,0,0,0,0,0,0,0,0,0,0,0,0,0,0,0,1.59273609573302,0,0,0,0,0,0,0,0,0,0,0,0,0,0,0,0,0,0,0,24.8978440045499,0,0,0,0,0,0,0,0,0,0,0,0,0,0,0,0,0,0,0,0,0,0,0,0.0848826363156775,0,0,0,0,0,0,0,0.456593886658387,0,0,0,0,0,0,0,0,0,0,0,0,0,0.276444218074627,0,0,0.476015016860166,0,0.294495213739064,0,0,0,0,0,0,0,0,0,0.144667400313714,0,0,0.942062265153393,1.9219007902417,0,0,0,114.3280021,106.4765019,102.5855019,93.48410163,131.2469022,133.0321023,109.8866019,119.2301022,126.5571023,126.8934022,130.6882022,"JOH-00594"
"531",7878,"nSPC",2015,"PRIAs","Pacific Remote Island Areas","Johnston","Johnston",2015,"ForereefDeep","Johnston","2015-01-28","Forereef","Deep",16.7107328,-169.44685651,20.15,8,0,3.5,17.5,63.5,7.5,0,0,NA,0.275,0.203511445160142,0.75,2,1,3.7901158147904,2.37931457487738,5.50071451754462,3.89181274008412,15.5619576472965,0,0,0,0,0,0,0,0,0,0,0,0,0,0,0,0,0,0,0,0,0.0763943726841098,0,0.0481001605788839,0,0,0,0,0,0,0,0,0,0,0,0,0,0,0,0,0,0,0,0,0,0,0,0,0,0,0,0,0,0,0,0,0,0,0,0,0,0,0,0,0,0,0,0,0,0,0,0,0,0,0,0,0,0,0,0,0,0,0,0,0,0,0,0,0,0,0,0,0,0,0,0,0,0,0,0,0,0,0.00282942121052258,0,0.0113176848420903,0,0,0,0,0,0,0,0,0,0,0,0,0,0,0,0,0,0,0,0,0,0,0.195230063526058,0,0,0,0,0,0,0,0,0,0,0,0,0,0,0,0,0,0,0.00565884242104517,0,0,0,0,0,0,0,0,0,0,0,0,0,0,0,0,0,0,0,0,0,0,0,0,0,0,0,0,0,0,0,0,0,0,0.0113176848420903,0,0,0,0,0,0,0,0,0,0,0,0,0,0,0,0,0,0,0,0,0,0,0,0,0,0,0,0,0,0,0,0,0,0,0,0,0,0,0,0,0,0,0,0,0,0,0,0,0,0,0,0,0,0,0,0,0,0,0,0,0,0,0,0.0763943726841098,0,0,0.0735649514735872,0,0,0,0,0,0,0,0,0,0,0,0,0,0,0,0,0,0,0,0,0,0,0,0,0,0,0,0,0,0,0,0,0,0,0,0,0,0,0,0,0,0,0,0,0,0,0,0,0,0,0,0,0,0,0,0,0,0,0,0,0,0,0,0.00565884242104517,0,0,0,0,0,0,0,0,0,0,0,0,0,0,0.0396118969473162,0,0,0,0,0,0,0,0,0,0,0,0,0,0,0,0,0,0,0,0,0,0,0,0,0,0,0,0,0,0,0,0,0,0,0,0,0,0,0,0,0,0,0,0,0,0,0,0,0,0,0,0,0,0,0,0,0,0,0,0,0.0226353696841807,0,0,0,0,0,0,0.00848826363156775,0,0,0,0,0,0,0,0,0,0,0,0,0,0,0,0,0,0,0,0,0,0,0,0,0.00282942121052258,0,0,0,0,0,0,0,0,0,0,0,0,0,0,0,0,0,0,0,0,0,0,0,0.00565884242104517,0,0,0,0,0,0,0.0113176848420903,0,0,0,0,0,0,0,0,0.00282942121052258,0,0.0282942121052258,0,0,0,0,0,0,0,0,0,0,0,0,0,0,0,0,0,0,0,0,0,0,0.0113176848420903,0.00282942121052258,0,0,0,0,0,0,0,0,0,0,0,0,0,0,0,0,0,0,0,0,0,0,0,0,0,0,0,0,0,0.0509295817894065,0,0,0,0,0,0,0,0,0,0,0.0933708999472453,0,0,0,0,0.00282942121052258,0,0,0,0,0,0,0,0,0,0,0,0,0,0,0,0,0,0.00282942121052258,0,0,0,0,0,0,0,0,0,0,0,0,0,0,0,0,0,0,0,0,0,0,0,0,0,0,0,0,0,0,0,0,0,0,0,0,0,0,0,0,0,0,0,0,0,0,0,0,0,0,0,0,0,0,0.0198059484736581,0,0,0,0,0,0,0,0.00282942121052258,0,0,0,0,0,0,0,0,0,0,0,0,0,0,0,0,0,0,0,0,0,0,0,0,0,0,0,0,0,0,0,0,0.0763943726841098,0,0,0,0,0,0,0,0,0,0,0,0,0,0,0,0,0,0,0,0,0,0,1.01746751485339,0,2.98685804664346,0,0,0,0,0,0,0,0,0,0,0,0,0,0,0,0,0,0,0,0,0,0,0,0,0,0,0,0,0,0,0,0,0,0,0,0,0,0,0,0,0,0,0,0,0,0,0,0,0,0,0,0,0,0,0,0,0,0,0,0,0,0,0,0,0,0,0,0,0,0,0,0,0,0,0,0,0,0,0.49283255281021,0,0.0677707688061333,0,0,0,0,0,0,0,0,0,0,0,0,0,0,0,0,0,0,0,0,0,0,0.491401193251701,0,0,0,0,0,0,0,0,0,0,0,0,0,0,0,0,0,0,0.399942920496372,0,0,0,0,0,0,0,0,0,0,0,0,0,0,0,0,0,0,0,0,0,0,0,0,0,0,0,0,0,0,0,0,0,0,0.246722371890017,0,0,0,0,0,0,0,0,0,0,0,0,0,0,0,0,0,0,0,0,0,0,0,0,0,0,0,0,0,0,0,0,0,0,0,0,0,0,0,0,0,0,0,0,0,0,0,0,0,0,0,0,0,0,0,0,0,0,0,0,0,0,0,0.513477702443217,0,0,0.262864583760945,0,0,0,0,0,0,0,0,0,0,0,0,0,0,0,0,0,0,0,0,0,0,0,0,0,0,0,0,0,0,0,0,0,0,0,0,0,0,0,0,0,0,0,0,0,0,0,0,0,0,0,0,0,0,0,0,0,0,0,0,0,0,0,3.7901158147904,0,0,0,0,0,0,0,0,0,0,0,0,0,0,0.190188600813149,0,0,0,0,0,0,0,0,0,0,0,0,0,0,0,0,0,0,0,0,0,0,0,0,0,0,0,0,0,0,0,0,0,0,0,0,0,0,0,0,0,0,0,0,0,0,0,0,0,0,0,0,0,0,0,0,0,0,0,0,0.150581413381902,0,0,0,0,0,0,2.11644999111644,0,0,0,0,0,0,0,0,0,0,0,0,0,0,0,0,0,0,0,0,0,0,0,0,0.178449202155441,0,0,0,0,0,0,0,0,0,0,0,0,0,0,0,0,0,0,0,0,0,0,0,0.401398765269906,0,0,0,0,0,0,0.0598168589964581,0,0,0,0,0,0,0,0,0.00930462925827426,0,0.281242780996447,0,0,0,0,0,0,0,0,0,0,0,0,0,0,0,0,0,0,0,0,0,0,0.0288836753551669,0.0120291513290958,0,0,0,0,0,0,0,0,0,0,0,0,0,0,0,0,0,0,0,0,0,0,0,0,0,0,0,0,0,0.295577372388359,0,0,0,0,0,0,0,0,0,0,0.574757935072787,0,0,0,0,0.00627676278629307,0,0,0,0,0,0,0,0,0,0,0,0,0,0,0,0,0,0.262412010841709,0,0,0,0,0,0,0,0,0,0,0,0,0,0,0,0,0,0,0,0,0,0,0,0,0,0,0,0,0,0,0,0,0,0,0,0,0,0,0,0,0,0,0,0,0,0,0,0,0,0,0,0,0,0,0.123419353202995,0,0,0,0,0,0,0,0.356425585194983,0,0,0,0,0,0,0,0,0,0,0,0,0,0,0,0,0,0,0,0,0,0,0,0,0,0,0,0,0,0,0,0,0.245290089391278,0,0,0,116.0722022,109.1593019,105.1718019,96.80690168,136.1050023,137.0401024,111.5283019,124.1157023,129.0652023,127.9929022,133.7345022,"JOH-00561"
"532",7879,"nSPC",2015,"PRIAs","Pacific Remote Island Areas","Johnston","Johnston",2015,"LagoonMid","Johnston","2015-01-28","Lagoon","Mid",16.72224149,-169.46970482,8.25,2,0,8,35,25,30,0,0,NA,2.42925,1.76306391893689,6.25,2,1,0.391486867420991,0.350003972857983,17.9886447864482,6.51419296374689,25.244328590474,10.4623904591902,0,0,0,0,0,0.00848826363156775,0,0,0,0,0,0,0,0,0,0,0,0,0,0.116006269631426,0,0,0,0,0,0,0.00565884242104517,0,0,0,0,0,0,0,0,0,0,0,0,0,0,0,0,0,0,0,0,0,0,0,0,0,0,0,0,0,0,0,0,0,0,0,0,0,0,0,0,0,0,0,0,0,0,0,0,0,0,0,0,0,0,0,0,0,0,0,0,0,0,0,0,0,0,0,0,0,0,0,0,0,0,0,0,0,0,0,0,0,0,0,0,0,0,0,0,0,0,0,0,0,0,0,0,0,0,0.00282942121052258,0,0,0,0,0,0,0,0,0,0,0,0,0,0,0,0,0,0,0.00565884242104517,0,0,0,0,0,0,0,0,0,0,0,0,0,0,0,0,0,0,0,0,0,0,0,0,0,0.00282942121052258,0,0,0,0,0,0,0,0,0,0,0,0,0.00565884242104517,0,0,0,0,0,0,0,0.107518005999858,0,0,0,0,0,0,0,0,0,0,0,0,0,0,0,0,0,0,0,0,0,0,0,0,0,0,0,0,0,0,0,0,0,0,0,0,0,0,0,0,0,0,0,0,0,0,0,0,0,0,0,0.0650766878420194,0,0,0.00282942121052258,0,0,0,0,0,0,0,0,0,0,0,0,0,0,0,0,0,0,0,0,0,0,0,0,0,0.0424413181578388,0,0,0,0,0,0,0,0,0,0,0,0,0,0,0,0,0,0,0,0,0,0,0,0,0,0,0.00848826363156775,0,0,0,0,0,0,0,0,0,0,0,0,0,0,0,0,0,0,0,0,0,0,0,0,0,0,0,0,0,0,0,0,0,0,0,0,0,0,0,0,0,0,0,0,0,0,0,0,0,0,0,0,0,0,0,0,0,0,0,0,0,0,0,0,0,0,0,0,0,0,0,0,0,0,0,0,0,0,0,0,0,0,0,0,0,0,0,0,0,0,0,0,0,0.00282942121052258,0,0,0,0.0113176848420903,0,0,0,0,0,0,0,0,0,0,0,0,0,0,0,0,0,0,0,0,0.00565884242104517,0,0,0,0,0,0,0,0,0,0,0,0,0,0,0,0,0,0,0,0,0,0,0,0,0,0,0,0,0,0.00565884242104517,0,0,0,0,0,0,0,0,0,0.00848826363156775,0,0.0198059484736581,0,0,0,0,0,0,0.0198059484736581,0,0,0,0,0,0,0,0,0,0,0,0,0,0,0,0,0,0,0,0,0,0,0,0,0,0,0,0,0,0,0,0,0,0,0,0,0,0,0,0,0,0,0,0,0,0,0,0,0,0,0,0,0,0,0,0,0,0,0,0,0,0,0,0,0,0,0,0,0,0,0,0,0,0,0,0,0,0,0,0,0,0,0,0,0,0,0,0,0,0,0,0,0,0,0,0,0,0,0.00282942121052258,0,0,0,0,0,0,0,0,0,0,0,0.0452707393683613,0,0,0,0,0,0,0,0,0,0,0,0,0,0,0,0,0,0,0,0,0,0,0,0,0.0282942121052258,0,0,0,0,0,0,0,0,0,0,0,0,0,0,0,0,0,0,0,0,0,0.0396118969473162,0,0,0,0,0,0,0,0,0,0,0,0,0,0,0,0,0,0,0.0198059484736581,0,0,0,0,0,0,0,0,0.510427586378274,0,0,0,0,0,0,0,0,0,0,0,0,0,3.60601662995687,0,0,0,0,0,0,0.239431515215724,0,0,0,0,0,0,0,0,0,0,0,0,0,0,0,0,0,0,0,0,0,0,0,0,0,0,0,0,0,0,0,0,0,0,0,0,0,0,0,0,0,0,0,0,0,0,0,0,0,0,0,0,0,0,0,0,0,0,0,0,0,0,0,0,0,0,0,0,0,0,0,0,0,0,0,0,0,0,0,0,0,0,0,0,0,0,0,0,0,0,0,0,0,0,0,0,0,0,0.0133986696144496,0,0,0,0,0,0,0,0,0,0,0,0,0,0,0,0,0,0,0.324290110687892,0,0,0,0,0,0,0,0,0,0,0,0,0,0,0,0,0,0,0,0,0,0,0,0,0,0.0596619299544288,0,0,0,0,0,0,0,0,0,0,0,0,0.951228775608009,0,0,0,0,0,0,0,4.90932593336518,0,0,0,0,0,0,0,0,0,0,0,0,0,0,0,0,0,0,0,0,0,0,0,0,0,0,0,0,0,0,0,0,0,0,0,0,0,0,0,0,0,0,0,0,0,0,0,0,0,0,0,1.88659015706741,0,0,0.0377068258273585,0,0,0,0,0,0,0,0,0,0,0,0,0,0,0,0,0,0,0,0,0,0,0,0,0,2.68389993377353,0,0,0,0,0,0,0,0,0,0,0,0,0,0,0,0,0,0,0,0,0,0,0,0,0,0,0.153737420348972,0,0,0,0,0,0,0,0,0,0,0,0,0,0,0,0,0,0,0,0,0,0,0,0,0,0,0,0,0,0,0,0,0,0,0,0,0,0,0,0,0,0,0,0,0,0,0,0,0,0,0,0,0,0,0,0,0,0,0,0,0,0,0,0,0,0,0,0,0,0,0,0,0,0,0,0,0,0,0,0,0,0,0,0,0,0,0,0,0,0,0,0,0,0.312297147030625,0,0,0,0.340412145896272,0,0,0,0,0,0,0,0,0,0,0,0,0,0,0,0,0,0,0,0,0.630203251372753,0,0,0,0,0,0,0,0,0,0,0,0,0,0,0,0,0,0,0,0,0,0,0,0,0,0,0,0,0,0.391486867420991,0,0,0,0,0,0,0,0,0,0.233942662243185,0,0.808992229780283,0,0,0,0,0,0,0.485467191649156,0,0,0,0,0,0,0,0,0,0,0,0,0,0,0,0,0,0,0,0,0,0,0,0,0,0,0,0,0,0,0,0,0,0,0,0,0,0,0,0,0,0,0,0,0,0,0,0,0,0,0,0,0,0,0,0,0,0,0,0,0,0,0,0,0,0,0,0,0,0,0,0,0,0,0,0,0,0,0,0,0,0,0,0,0,0,0,0,0,0,0,0,0,0,0,0,0,0,0.179026174860601,0,0,0,0,0,0,0,0,0,0,0,4.42280957535642,0,0,0,0,0,0,0,0,0,0,0,0,0,0,0,0,0,0,0,0,0,0,0,0,0.448307643701251,0,0,0,0,0,0,0,0,0,0,0,0,0,0,0,0,0,0,0,0,0,0.975481695711916,0,0,0,0,0,0,0,0,0,0,0,0,0,0,0,0,0,0,0.640186517652476,0,0,0,0,0,0,0,0,0,0,0,0,0,0,"JOH-00543"
"533",7880,"nSPC",2015,"PRIAs","Pacific Remote Island Areas","Johnston","Johnston",2015,"LagoonMid","Johnston","2015-01-28","Lagoon","Mid",16.7240871,-169.49060711,7.7,2,0,2,27.5,26,42.5,0,0,NA,1.62725,1.56889870239345,5.25,2,1,0,0.217401603926528,23.810309703354,7.91732617538832,31.9450374826689,15.9157103216604,0,0,0,0,0,0.0113176848420903,0,0,0,0,0,0,0,0,0,0,0,0,0,0.0481001605788839,0,0.00565884242104517,0,0,0,0,0,0.00282942121052258,0,0,0,0,0,0,0,0,0,0,0,0,0,0,0,0,0,0,0,0,0,0,0,0,0,0,0,0,0,0,0,0,0,0,0,0,0,0,0,0,0,0.00282942121052258,0,0,0,0,0,0,0,0,0,0,0,0,0,0,0,0,0,0,0,0,0,0,0,0,0,0,0,0.00282942121052258,0,0,0,0,0.0169765272631355,0,0,0,0,0,0,0,0,0,0,0,0,0,0,0,0,0,0,0,0,0,0,0,0,0,0,0,0,0,0,0,0,0,0,0,0,0,0,0,0,0,0.0113176848420903,0,0,0,0,0,0,0,0,0,0,0,0,0,0,0,0,0,0,0,0,0,0,0,0,0,0.00282942121052258,0,0,0,0,0,0.00565884242104517,0,0,0,0,0,0,0.00565884242104517,0,0,0,0,0,0,0,0.192400642315536,0,0,0,0,0,0,0,0,0,0,0,0,0,0,0,0,0,0,0,0,0,0,0,0,0,0,0,0,0,0,0,0,0,0,0,0,0,0,0,0,0,0,0,0,0,0,0,0,0,0,0,0.0622472666314969,0,0,0,0,0,0,0,0,0,0,0,0,0,0,0,0,0,0,0,0,0,0,0,0,0,0,0,0,0.0254647908947033,0,0,0,0,0,0,0,0,0,0,0,0,0,0,0,0,0,0,0,0,0,0,0,0,0,0,0.00848826363156775,0,0,0,0,0,0,0,0,0,0,0,0,0,0,0,0,0,0,0,0,0,0,0,0,0,0,0,0,0,0,0,0,0,0,0,0,0,0,0,0,0,0,0,0,0,0,0,0,0,0,0,0,0,0,0,0,0,0,0,0,0,0,0.00282942121052258,0,0,0,0,0,0,0,0,0,0,0,0,0,0,0,0,0,0,0,0,0,0,0,0,0,0,0,0,0,0,0,0,0,0,0.00565884242104517,0,0,0,0,0,0,0,0,0,0,0,0,0,0,0,0,0,0,0,0,0.0226353696841807,0,0,0,0,0,0,0,0,0,0,0,0,0,0,0,0,0,0,0,0,0,0,0.00282942121052258,0.00565884242104517,0,0,0,0,0,0,0,0,0,0,0,0,0,0,0,0.00565884242104517,0,0.00565884242104517,0,0,0,0,0,0,0.0113176848420903,0,0,0,0,0,0,0,0,0,0,0,0,0,0,0,0,0,0,0,0,0,0,0,0,0,0,0,0,0,0,0,0,0,0,0,0,0,0,0,0,0,0,0,0,0,0,0,0,0,0,0,0,0,0,0,0,0,0,0,0,0,0,0,0,0,0,0,0,0,0,0,0,0,0,0,0,0,0,0,0,0,0,0,0,0,0,0,0,0,0,0,0.00565884242104517,0,0,0,0,0,0,0.00282942121052258,0,0,0,0,0,0,0,0,0,0,0,0.0424413181578388,0,0,0,0,0,0,0,0,0,0,0,0,0,0,0,0,0,0,0,0,0,0,0,0,0,0,0,0,0,0,0,0,0,0,0,0,0,0,0,0,0,0,0,0,0,0,0.0169765272631355,0,0,0.00282942121052258,0,0.00282942121052258,0,0,0,0,0,0,0,0,0,0,0,0,0,0.00282942121052258,0,0,0,0,0,0,0,0,0.555273912565057,0,0,0,0,0,0,0,0,0,0,0,0,0,1.16316595549358,0,0.720281030839958,0,0,0,0,0,0.656778649958073,0,0,0,0,0,0,0,0,0,0,0,0,0,0,0,0,0,0,0,0,0,0,0,0,0,0,0,0,0,0,0,0,0,0,0,0,0,0,0,0,0,2.07448282268359,0,0,0,0,0,0,0,0,0,0,0,0,0,0,0,0,0,0,0,0,0,0,0,0,0,0,0,0.326216150990966,0,0,0,0,0.0850302173996789,0,0,0,0,0,0,0,0,0,0,0,0,0,0,0,0,0,0,0,0,0,0,0,0,0,0,0,0,0,0,0,0,0,0,0,0,0,0,0,0,0,0.582859290974564,0,0,0,0,0,0,0,0,0,0,0,0,0,0,0,0,0,0,0,0,0,0,0,0,0,0.0817502926299197,0,0,0,0,0,0.217401603926528,0,0,0,0,0,0,1.41252855562374,0,0,0,0,0,0,0,10.6239448842396,0,0,0,0,0,0,0,0,0,0,0,0,0,0,0,0,0,0,0,0,0,0,0,0,0,0,0,0,0,0,0,0,0,0,0,0,0,0,0,0,0,0,0,0,0,0,0,0,0,0,0,2.11970617060236,0,0,0,0,0,0,0,0,0,0,0,0,0,0,0,0,0,0,0,0,0,0,0,0,0,0,0,0,2.14275260149121,0,0,0,0,0,0,0,0,0,0,0,0,0,0,0,0,0,0,0,0,0,0,0,0,0,0,0.237597200462538,0,0,0,0,0,0,0,0,0,0,0,0,0,0,0,0,0,0,0,0,0,0,0,0,0,0,0,0,0,0,0,0,0,0,0,0,0,0,0,0,0,0,0,0,0,0,0,0,0,0,0,0,0,0,0,0,0,0,0,0,0,0,0.0138176238034211,0,0,0,0,0,0,0,0,0,0,0,0,0,0,0,0,0,0,0,0,0,0,0,0,0,0,0,0,0,0,0,0,0,0,0.200074655664026,0,0,0,0,0,0,0,0,0,0,0,0,0,0,0,0,0,0,0,0,2.55097584259337,0,0,0,0,0,0,0,0,0,0,0,0,0,0,0,0,0,0,0,0,0,0,0.184029903042103,0.28290883458316,0,0,0,0,0,0,0,0,0,0,0,0,0,0,0,0.15596177482879,0,0.278100753392335,0,0,0,0,0,0,0.189669954259703,0,0,0,0,0,0,0,0,0,0,0,0,0,0,0,0,0,0,0,0,0,0,0,0,0,0,0,0,0,0,0,0,0,0,0,0,0,0,0,0,0,0,0,0,0,0,0,0,0,0,0,0,0,0,0,0,0,0,0,0,0,0,0,0,0,0,0,0,0,0,0,0,0,0,0,0,0,0,0,0,0,0,0,0,0,0,0,0,0,0,0,1.08223305076933,0,0,0,0,0,0,0.259664839641723,0,0,0,0,0,0,0,0,0,0,0,3.29335589116438,0,0,0,0,0,0,0,0,0,0,0,0,0,0,0,0,0,0,0,0,0,0,0,0,0,0,0,0,0,0,0,0,0,0,0,0,0,0,0,0,0,0,0,0,0,0,0.293649145594735,0,0,0.049477837269103,0,0.067960433939784,0,0,0,0,0,0,0,0,0,0,0,0,0,0.0433876022414948,0,0,0,0,0,0,0,0,0,0,0,0,0,0,"JOH-00547"
"534",7881,"nSPC",2015,"PRIAs","Pacific Remote Island Areas","Johnston","Johnston",2015,"ForereefDeep","Johnston","2015-01-28","Forereef","Deep",16.70530116,-169.39836133,22.8,2,0,6.5,1,85.5,5,0,0,NA,0.11,0.0485665210336692,0.4,2,1,0.380274210694235,0.361700054719078,5.81648968498368,2.72584622241293,9.28431017280992,1.50524257686471,0,0,0,0,0,0,0,0,0,0,0,0,0,0,0,0,0,0,0,0.0169765272631355,0,0.0452707393683613,0,0,0,0,0,0,0,0,0,0,0,0,0,0,0,0,0,0,0,0,0,0,0,0,0,0,0,0,0,0,0,0,0,0,0,0,0,0,0,0,0,0,0,0,0,0,0,0,0,0,0,0,0,0,0,0,0,0,0,0,0,0,0,0,0,0,0,0,0,0,0,0,0,0,0,0,0,0,0,0,0,0,0,0,0,0,0,0.00282942121052258,0,0,0,0,0,0,0,0,0,0,0,0,0,0,0,0,0,0,0,0,0,0,0,0,0,0,0,0,0,0,0,0,0,0,0,0,0,0,0,0,0,0,0,0,0,0,0,0,0,0,0,0,0,0,0,0,0.00282942121052258,0,0,0,0,0,0,0,0,0,0,0,0,0.00565884242104517,0,0,0,0,0,0,0,0.00565884242104517,0,0,0,0,0,0,0,0,0,0,0,0,0,0,0,0,0,0,0,0,0,0,0,0,0,0,0,0,0,0,0,0,0,0,0,0,0,0,0,0,0,0,0,0,0,0.00848826363156775,0,0,0,0,0,0,0,0,0,0.00282942121052258,0,0,0.00565884242104517,0,0,0,0,0,0,0,0,0,0,0,0,0,0,0,0,0,0,0,0,0,0,0,0,0,0,0,0,0,0,0,0,0,0,0,0,0,0,0,0,0,0,0,0,0,0,0,0,0,0,0,0,0,0,0,0,0,0,0,0,0,0,0,0.00282942121052258,0,0,0,0,0,0,0,0,0,0,0,0,0,0,0.033953054526271,0,0,0,0,0,0,0,0,0,0,0,0,0,0,0,0,0,0,0,0,0,0,0,0,0,0,0,0,0,0,0,0,0,0,0,0,0,0,0,0,0,0,0,0,0,0,0,0,0,0,0,0,0,0,0,0,0,0,0,0,0.0198059484736581,0,0,0,0,0,0,0.00565884242104517,0,0,0,0,0,0,0,0,0,0,0,0,0,0,0,0,0,0,0,0,0,0,0,0,0,0,0,0,0,0,0,0,0,0,0,0,0,0,0,0,0,0,0,0,0,0,0,0,0,0,0,0,0,0,0,0.0254647908947033,0,0,0,0,0,0,0,0,0.0169765272631355,0,0.0311236333157484,0.0198059484736581,0,0,0,0,0,0,0,0,0,0,0,0,0,0,0,0,0,0,0,0,0,0,0.00282942121052258,0,0,0,0,0,0,0,0,0,0,0,0,0,0,0,0,0,0,0,0,0,0,0,0,0,0,0,0,0,0,0,0,0,0,0,0,0,0,0,0,0.00282942121052258,0,0,0,0,0,0,0,0,0,0,0,0,0,0,0,0,0,0,0,0,0,0,0,0,0,0,0,0,0,0,0,0,0,0,0,0,0,0,0,0,0,0,0,0,0,0,0,0,0,0,0,0,0,0.00282942121052258,0,0,0,0,0,0,0,0,0,0,0,0,0,0,0,0,0,0,0,0,0,0,0,0,0,0,0,0,0,0,0,0.00565884242104517,0,0,0,0,0,0,0,0,0,0,0,0,0,0,0,0,0,0,0.00282942121052258,0,0,0,0,0,0,0,0,0,0,0,0,0,0,0,0,0,0,0,0,0,0,0,0,0,0,0,0,0,0,0,0,0,0,0,0,0.336888572105786,0,3.87590401069609,0,0,0,0,0,0,0,0,0,0,0,0,0,0,0,0,0,0,0,0,0,0,0,0,0,0,0,0,0,0,0,0,0,0,0,0,0,0,0,0,0,0,0,0,0,0,0,0,0,0,0,0,0,0,0,0,0,0,0,0,0,0,0,0,0,0,0,0,0,0,0,0,0,0,0,0,0,0,0,0,0,0,0,0,0,0,0,0.0362072586856064,0,0,0,0,0,0,0,0,0,0,0,0,0,0,0,0,0,0,0,0,0,0,0,0,0,0,0,0,0,0,0,0,0,0,0,0,0,0,0,0,0,0,0,0,0,0,0,0,0,0,0,0,0,0,0,0,0.108700801963264,0,0,0,0,0,0,0,0,0,0,0,0,0.123361185945009,0,0,0,0,0,0,0,0.281988661853712,0,0,0,0,0,0,0,0,0,0,0,0,0,0,0,0,0,0,0,0,0,0,0,0,0,0,0,0,0,0,0,0,0,0,0,0,0,0,0,0,0,0,0,0,0,0.0969014517337353,0,0,0,0,0,0,0,0,0,0.0622472666314968,0,0,0.0283185660651088,0,0,0,0,0,0,0,0,0,0,0,0,0,0,0,0,0,0,0,0,0,0,0,0,0,0,0,0,0,0,0,0,0,0,0,0,0,0,0,0,0,0,0,0,0,0,0,0,0,0,0,0,0,0,0,0,0,0,0,0,0,0,0,0.380274210694235,0,0,0,0,0,0,0,0,0,0,0,0,0,0,0.232298027862994,0,0,0,0,0,0,0,0,0,0,0,0,0,0,0,0,0,0,0,0,0,0,0,0,0,0,0,0,0,0,0,0,0,0,0,0,0,0,0,0,0,0,0,0,0,0,0,0,0,0,0,0,0,0,0,0,0,0,0,0,0.113035943836305,0,0,0,0,0,0,0.224680686690705,0,0,0,0,0,0,0,0,0,0,0,0,0,0,0,0,0,0,0,0,0,0,0,0,0,0,0,0,0,0,0,0,0,0,0,0,0,0,0,0,0,0,0,0,0,0,0,0,0,0,0,0,0,0,0,0.132516148231186,0,0,0,0,0,0,0,0,0.334278206452122,0,0.699033267720942,0.360876264759135,0,0,0,0,0,0,0,0,0,0,0,0,0,0,0,0,0,0,0,0,0,0,0.0194481175912582,0,0,0,0,0,0,0,0,0,0,0,0,0,0,0,0,0,0,0,0,0,0,0,0,0,0,0,0,0,0,0,0,0,0,0,0,0,0,0,0,0.0111597761375627,0,0,0,0,0,0,0,0,0,0,0,0,0,0,0,0,0,0,0,0,0,0,0,0,0,0,0,0,0,0,0,0,0,0,0,0,0,0,0,0,0,0,0,0,0,0,0,0,0,0,0,0,0,1.50524257686471,0,0,0,0,0,0,0,0,0,0,0,0,0,0,0,0,0,0,0,0,0,0,0,0,0,0,0,0,0,0,0,0.281620215462702,0,0,0,0,0,0,0,0,0,0,0,0,0,0,0,0,0,0,0.0393289548262639,0,0,0,0,0,0,0,0,0,0,0,0,0,0,0,0,0,145.8931027,138.7164024,133.6070024,132.6215023,160.6409028,163.5685028,143.9284025,158.8359028,163.7195029,145.0152025,165.8610028,"JOH-00478"
"535",7882,"nSPC",2015,"PRIAs","Pacific Remote Island Areas","Johnston","Johnston",2015,"ForereefMid","Johnston","2015-01-28","Forereef","Mid",16.7326695,-169.42995868,14.15,6,0,6.5,60,22.5,5,0,0,NA,0.53625,0.477584584387401,1.95,2,1,12.2326643746829,4.41459703149267,24.7421926947798,5.20527629287958,46.594730393835,2.16079407968734,0,0,0,0,0,0.0933708999472453,0,0,0,0,0,0,0,0,0,0,0,0,0,0.0820532151051549,0,0,0,0,0,0,0,0,0,0,0.00565884242104517,0,0,0,0,0,0,0,0,0,0,0,0,0,0,0,0,0,0,0,0,0,0,0,0,0,0.0226353696841807,0,0,0,0,0,0,0,0,0,0,0,0,0,0,0,0,0,0,0,0,0,0,0,0,0,0,0,0,0,0,0,0,0,0,0,0,0,0,0,0,0,0,0,0,0,0,0,0,0,0,0,0,0,0,0,0,0,0,0,0,0,0,0,0,0,0,0,0,0.033953054526271,0,0,0,0,0,0,0,0,0,0,0,0,0.0282942121052258,0,0,0,0,0,0,0,0,0,0,0,0,0,0,0,0,0,0,0,0,0,0,0,0,0,0,0,0,0,0,0,0.00565884242104517,0,0,0,0,0,0,0,0,0,0,0,0,0.00282942121052258,0,0,0,0,0,0,0,0.0113176848420903,0,0,0,0,0,0,0,0,0,0,0,0,0.0169765272631355,0,0,0,0,0,0,0,0,0,0,0,0,0,0,0,0,0,0,0,0,0,0,0,0,0,0,0,0,0.00282942121052258,0,0,0,0,0,0,0,0,0,0.232012539262852,0,0,0.00565884242104517,0,0,0,0,0,0,0,0,0,0,0,0,0,0,0,0,0,0,0,0,0,0,0,0,0,0.00282942121052258,0,0,0,0,0,0,0,0,0,0,0,0,0,0,0,0,0,0,0,0,0,0,0,0,0,0,0.00565884242104517,0,0,0,0,0,0,0,0,0,0,0,0,0,0,0,0,0,0,0,0,0,0,0,0,0,0.00282942121052258,0,0,0,0,0,0,0,0,0,0,0,0,0,0,0,0,0,0,0,0,0,0,0,0,0,0,0,0,0,0,0,0,0,0,0,0,0.00282942121052258,0,0,0,0,0,0,0,0,0,0,0,0,0,0,0,0,0,0,0,0,0,0,0,0,0,0,0,0,0,0,0.0141471060526129,0,0,0,0,0,0,0,0,0,0.00565884242104517,0,0,0,0,0,0,0,0,0,0,0,0,0,0,0.0141471060526129,0,0,0,0,0,0,0,0,0,0,0,0,0,0,0,0,0,0,0,0,0,0,0,0,0,0,0,0,0,0.0141471060526129,0,0,0,0,0,0,0,0,0,0.00282942121052258,0,0.00282942121052258,0,0,0,0,0,0,0.00565884242104517,0,0,0,0,0,0,0,0,0,0,0,0,0,0,0,0,0.00282942121052258,0,0,0,0,0,0,0,0,0,0,0,0,0,0,0,0,0,0,0,0,0,0,0,0,0,0,0,0,0,0,0,0,0,0,0,0,0,0,0,0,0.00282942121052258,0,0,0,0,0,0,0,0,0,0,0,0,0,0,0,0,0,0,0,0,0,0,0,0,0,0,0,0,0,0,0,0,0,0,0,0,0,0,0,0,0.00282942121052258,0,0,0,0,0,0,0,0,0,0,0,0.00282942121052258,0,0,0,0,0,0,0,0,0,0,0,0,0,0,0,0,0,0,0,0,0,0,0,0,0.00565884242104517,0,0,0,0,0,0,0,0,0,0,0,0,0,0,0,0,0,0,0,0,0,0.0113176848420903,0,0,0,0,0,0,0,0,0,0,0,0,0,0,0,0,0,0,0.104688584789336,0,0,0,0,0,0,0,0,9.2243375594852,0,0,0,0,0,0,0,0,0,0,0,0,0,1.56065910407863,0,0,0,0,0,0,0,0,0,0,2.53346375190192,0,0,0,0,0,0,0,0,0,0,0,0,0,0,0,0,0,0,0,0,0,0,0,0,0,10.341943375825,0,0,0,0,0,0,0,0,0,0,0,0,0,0,0,0,0,0,0,0,0,0,0,0,0,0,0,0,0,0,0,0,0,0,0,0,0,0,0,0,0,0,0,0,0,0,0,0,0,0,0,0,0,0,0,0,0,0,0,0,0,0,0,0,0,0,0,0,0.232457381758986,0,0,0,0,0,0,0,0,0,0,0,0,0.0467194030281489,0,0,0,0,0,0,0,0,0,0,0,0,0,0,0,0,0,0,0,0,0,0,0,0,0,0,0,0,0,0,0,0.163500585259839,0,0,0,0,0,0,0,0,0,0,0,0,0.395902801692678,0,0,0,0,0,0,0,1.22412211659259,0,0,0,0,0,0,0,0,0,0,0,0,0.173289484174167,0,0,0,0,0,0,0,0,0,0,0,0,0,0,0,0,0,0,0,0,0,0,0,0,0,0,0,0,0.67701485310597,0,0,0,0,0,0,0,0,0,5.79335310539341,0,0,0.156736274985684,0,0,0,0,0,0,0,0,0,0,0,0,0,0,0,0,0,0,0,0,0,0,0,0,0,0.187246719765972,0,0,0,0,0,0,0,0,0,0,0,0,0,0,0,0,0,0,0,0,0,0,0,0,0,0,0.123056139448936,0,0,0,0,0,0,0,0,0,0,0,0,0,0,0,0,0,0,0,0,0,0,0,0,0,0.0192672266751746,0,0,0,0,0,0,0,0,0,0,0,0,0,0,0,0,0,0,0,0,0,0,0,0,0,0,0,0,0,0,0,0,0,0,0,0,0.00545451708590967,0,0,0,0,0,0,0,0,0,0,0,0,0,0,0,0,0,0,0,0,0,0,0,0,0,0,0,0,0,0,3.42652856402019,0,0,0,0,0,0,0,0,0,0.611323305284484,0,0,0,0,0,0,0,0,0,0,0,0,0,0,3.39793150668214,0,0,0,0,0,0,0,0,0,0,0,0,0,0,0,0,0,0,0,0,0,0,0,0,0,0,0,0,0,1.89072099885792,0,0,0,0,0,0,0,0,0,0.835403189273505,0,0.13689078274066,0,0,0,0,0,0,0.0647397042181802,0,0,0,0,0,0,0,0,0,0,0,0,0,0,0,0,0.0566080297377734,0,0,0,0,0,0,0,0,0,0,0,0,0,0,0,0,0,0,0,0,0,0,0,0,0,0,0,0,0,0,0,0,0,0,0,0,0,0,0,0,0.0276693920656364,0,0,0,0,0,0,0,0,0,0,0,0,0,0,0,0,0,0,0,0,0,0,0,0,0,0,0,0,0,0,0,0,0,0,0,0,0,0,0,0,0.216865201596436,0,0,0,0,0,0,0,0,0,0,0,0.323903959805641,0,0,0,0,0,0,0,0,0,0,0,0,0,0,0,0,0,0,0,0,0,0,0,0,0.112978788936167,0,0,0,0,0,0,0,0,0,0,0,0,0,0,0,0,0,0,0,0,0,0.261982612663936,0,0,0,0,0,0,0,0,0,0,0,0,0,0,0,0,0,0,2.37265995769412,0,0,0,117.5783022,113.760002,108.530902,99.40710173,139.3003024,142.1788025,113.322902,127.8231023,131.1172023,131.1052022,135.4356023,"JOH-00483"
"536",7883,"nSPC",2015,"PRIAs","Pacific Remote Island Areas","Johnston","Johnston",2015,"ForereefDeep","Johnston","2015-01-28","Forereef","Deep",16.70704502,-169.43071397,21.35,11.5,0,10.5,2.5,65.5,10,0,0,NA,0.15,0.094782196186948,0.45,2,1,8.96794062974502,3.97078256440377,7.83814409847856,3.80835532529722,24.5852226179246,0,0,0,0,0,0,0,0,0,0,0,0,0,0,0,0,0,0,0,0,0.0367824757367936,0,0.0169765272631355,0,0,0,0,0,0,0,0,0,0,0,0,0,0,0,0,0,0,0,0,0,0,0,0,0,0,0,0,0,0,0,0,0,0,0.00282942121052258,0,0,0,0,0,0,0,0.00282942121052258,0,0,0,0,0,0,0,0,0,0,0,0,0,0,0,0,0,0,0,0,0,0,0,0,0,0,0,0,0,0,0,0,0,0,0,0,0,0.00282942121052258,0,0,0,0,0,0,0,0,0,0,0,0,0,0,0,0,0,0,0,0,0,0,0.101859163578813,0,0,0,0,0,0,0,0,0,0,0,0,1.59579356273474,0,0,0,0,0,0,0,0,0,0,0,0,0,0,0,0,0,0,0,0,0,0,0,0,0,0,0,0,0,0,0,0,0,0,0,0,0,0,0,0,0.00565884242104517,0,0,0,0,0,0,0,0,0,0,0,0,0,0,0,0,0,0.00565884242104517,0,0,0,0,0,0,0,0,0,0,0,0,0,0,0,0,0,0,0,0,0,0,0,0,0,0,0,0,0,0,0,0,0,0,0,0,0,0,0,0,0,0.00565884242104517,0,0,0,0.0113176848420903,0,0,0,0,0,0,0,0,0,0,0,0,0,0,0,0,0,0,0,0,0,0,0,0,0,0,0,0,0,0,0,0,0,0,0,0,0,0,0,0,0,0,0,0,0,0,0,0,0,0,0,0,0,0,0,0,0,0,0,0,0,0,0,0,0,0,0.00282942121052258,0,0,0,0,0,0,0,0,0,0,0,0,0,0,0.237671381683897,0,0,0,0,0,0,0,0,0,0,0,0,0,0,0,0,0,0,0,0,0,0,0,0,0,0,0,0,0,0,0,0,0,0,0,0,0,0,0,0,0,0,0,0,0,0,0,0,0,0.00565884242104517,0,0,0,0,0,0,0,0,0,0,0,0,0,0,0,0,0,0,0,0,0,0,0,0,0,0,0,0,0,0,0,0,0,0,0,0,0,0,0,0,0,0,0.00282942121052258,0,0,0,0,0,0,0,0,0,0,0,0,0.0452707393683613,0,0,0,0,0,0,0,0,0,0,0,0,0,0,0,0,0,0.0282942121052258,0,0,0,0,0.00565884242104517,0,0,0,0.00282942121052258,0,0.0198059484736581,0,0,0,0,0,0,0,0,0,0,0,0,0,0,0,0,0,0,0,0,0,0,0.0254647908947033,0,0,0,0,0,0,0,0,0,0,0,0,0,0,0,0,0,0,0,0,0,0,0,0,0,0,0,0,0,0,0,0,0,0,0,0,0,0,0,0,0,0.0509295817894065,0,0,0,0,0,0,0,0,0,0,0,0,0,0,0,0,0,0,0,0,0,0,0.00282942121052258,0,0,0,0,0,0,0,0,0,0,0.00282942121052258,0,0,0,0,0,0,0,0,0,0,0,0,0,0,0,0,0,0,0,0,0,0,0,0,0,0,0,0,0,0,0,0,0,0,0,0,0,0,0,0,0,0,0,0.00282942121052258,0,0,0,0,0,0,0,0.00282942121052258,0,0,0,0,0,0,0,0,0,0,0,0,0,0,0,0,0,0,0,0,0,0,0,0,0,0,0,0,0,0,0,0,0,0,0,0,0,0,0,0,0,0,0,0,0,0,0,0,0,0,0,0,0,0,0,0.971325380465456,0,5.18580019821954,0,0,0,0,0,0,0,0,0,0,0,0,0,0,0,0,0,0,0,0,0,0,0,0,0,0,0,0,0,0,0,0,0,0,1.90137105347118,0,0,0,0,0,0,0,3.8412828048446,0,0,0,0,0,0,0,0,0,0,0,0,0,0,0,0,0,0,0,0,0,0,0,0,0,0,0,0,0,0,0,0,0,0,0,0,0,0.0112604776697079,0,0,0,0,0,0,0,0,0,0,0,0,0,0,0,0,0,0,0,0,0,0,0.155023200727605,0,0,0,0,0,0,0,0,0,0,0,0,3.88179839910132,0,0,0,0,0,0,0,0,0,0,0,0,0,0,0,0,0,0,0,0,0,0,0,0,0,0,0,0,0,0,0,0,0,0,0,0,0,0,0,0,0.0394146553067795,0,0,0,0,0,0,0,0,0,0,0,0,0,0,0,0,0,0.102950698916485,0,0,0,0,0,0,0,0,0,0,0,0,0,0,0,0,0,0,0,0,0,0,0,0,0,0,0,0,0,0,0,0,0,0,0,0,0,0,0,0,0,1.12557859878848,0,0,0,0.127482402061306,0,0,0,0,0,0,0,0,0,0,0,0,0,0,0,0,0,0,0,0,0,0,0,0,0,0,0,0,0,0,0,0,0,0,0,0,0,0,0,0,0,0,0,0,0,0,0,0,0,0,0,0,0,0,0,0,0,0,0,0,0,0,0,0,0,0,1.28342546109304,0,0,0,0,0,0,0,0,0,0,0,0,0,0,1.40771174895494,0,0,0,0,0,0,0,0,0,0,0,0,0,0,0,0,0,0,0,0,0,0,0,0,0,0,0,0,0,0,0,0,0,0,0,0,0,0,0,0,0,0,0,0,0,0,0,0,0,0.0107224821933506,0,0,0,0,0,0,0,0,0,0,0,0,0,0,0,0,0,0,0,0,0,0,0,0,0,0,0,0,0,0,0,0,0,0,0,0,0,0,0,0,0,0,0.261673840546466,0,0,0,0,0,0,0,0,0,0,0,0,0.0889841653024511,0,0,0,0,0,0,0,0,0,0,0,0,0,0,0,0,0,0.117586999229781,0,0,0,0,1.93113882814284,0,0,0,0.0996797704553307,0,0.0615216093176807,0,0,0,0,0,0,0,0,0,0,0,0,0,0,0,0,0,0,0,0,0,0,0.112530356976888,0,0,0,0,0,0,0,0,0,0,0,0,0,0,0,0,0,0,0,0,0,0,0,0,0,0,0,0,0,0,0,0,0,0,0,0,0,0,0,0,0,0.187936730239613,0,0,0,0,0,0,0,0,0,0,0,0,0,0,0,0,0,0,0,0,0,0,0.726654003706805,0,0,0,0,0,0,0,0,0,0,0.796368047866512,0,0,0,0,0,0,0,0,0,0,0,0,0,0,0,0,0,0,0,0,0,0,0,0,0,0,0,0,0,0,0,0,0,0,0,0,0,0,0,0,0,0,0,0.0217299548968134,0,0,0,0,0,0,0,0.134270749429591,0,0,0,0,0,0,0,0,0,0,0,0,0,0,0,0,0,0,0,0,0,0,0,0,0,0,0,0,0,0,0,0,0,0,0,0,119.8224022,116.430302,112.718302,102.6581018,142.4464024,145.1763025,115.313202,131.9902024,134.6531024,133.4524023,138.4157023,"JOH-00570"
"537",7884,"nSPC",2015,"PRIAs","Pacific Remote Island Areas","Johnston","Johnston",2015,"ForereefMid","Johnston","2015-01-28","Forereef","Mid",16.71878085,-169.46229061,9.1,4,0,12.5,62.5,13.5,7.5,0,0,NA,0.9525,1.27382548440256,7,2,1,1.10024440290936,2.33794669534949,21.1400143356779,2.60716093247358,27.1853663664104,2.35477038650014,0,0,0,0,0,0.067906109052542,0,0,0,0,0,0,0,0,0,0,0,0,0,0.212206590789194,0,0,0,0,0,0,0,0,0,0,0,0,0,0,0,0,0,0,0,0,0,0,0,0,0,0,0,0,0,0,0,0,0,0,0,0,0,0,0,0,0,0,0,0,0,0,0,0,0,0,0,0,0,0,0,0,0,0,0,0,0,0,0,0,0,0,0,0,0,0,0,0,0,0,0,0,0,0,0,0,0,0,0,0,0,0,0,0,0,0,0,0,0,0,0,0,0,0,0,0,0,0,0,0,0,0.0113176848420903,0,0,0,0,0,0,0,0,0,0,0,0,0,0,0,0,0,0,0.00282942121052258,0,0,0,0,0,0,0,0,0,0,0,0,0,0,0,0,0,0,0,0,0,0,0,0,0,0,0,0,0,0,0,0,0,0,0,0,0,0,0.00282942121052258,0,0,0,0,0,0,0,0.0537590029999291,0,0,0,0,0,0.00565884242104517,0,0,0,0,0,0,0,0,0,0,0,0,0,0,0,0,0,0,0,0,0,0,0,0,0,0,0,0,0,0,0,0,0,0,0,0,0,0,0,0,0,0,0,0,0,0.226353696841807,0,0,0,0,0,0,0,0,0,0,0,0,0,0,0,0,0,0,0,0,0,0,0,0,0,0,0,0,0.00282942121052258,0,0,0,0,0,0,0,0,0,0,0,0,0,0,0,0,0,0,0,0,0,0,0,0,0,0,0.00282942121052258,0,0,0,0,0,0,0,0,0,0,0,0,0,0,0,0,0,0,0,0,0,0,0,0,0,0,0,0,0,0,0,0,0,0,0,0,0,0,0,0,0,0,0,0,0,0,0,0,0,0,0,0,0,0,0,0,0,0,0,0,0,0,0,0,0,0,0,0,0,0,0,0,0,0,0,0,0,0,0,0,0,0,0,0,0,0,0,0,0,0,0,0,0,0.0169765272631355,0,0,0,0,0,0,0,0,0,0,0,0,0,0,0,0,0,0,0,0,0,0,0,0,0.00565884242104517,0,0,0,0,0,0,0,0,0,0,0,0,0,0,0,0,0,0,0,0,0,0,0,0,0,0,0,0,0,0.0113176848420903,0,0,0,0,0,0,0,0,0,0.0113176848420903,0,0,0,0,0,0,0,0,0.00282942121052258,0,0,0,0,0,0,0,0,0,0,0,0,0,0,0,0,0.00282942121052258,0,0,0,0,0,0,0,0,0,0,0,0,0,0,0,0,0,0,0,0,0,0,0,0,0,0,0,0,0,0,0,0,0,0,0,0,0,0,0,0,0,0,0,0,0,0,0,0,0,0,0,0,0,0,0,0,0,0,0,0,0,0,0,0,0,0,0,0,0,0,0,0,0,0,0,0,0,0,0,0,0,0,0,0,0,0,0,0,0,0,0,0,0,0,0,0,0,0,0,0,0,0,0,0,0,0,0,0,0,0,0,0,0,0,0,0,0,0,0.00848826363156775,0,0,0,0,0,0,0,0,0,0,0,0,0,0,0,0,0,0,0,0,0,0.0113176848420903,0,0,0.00282942121052258,0,0.00282942121052258,0,0,0,0,0,0,0,0,0,0,0,0,0,0.00848826363156775,0,0,0,0,0,0,0,0,6.44563372416123,0,0,0,0,0,0,0,0,0,0,0,0,0,3.26133324860542,0,0,0,0,0,0,0,0,0,0,0,0,0,0,0,0,0,0,0,0,0,0,0,0,0,0,0,0,0,0,0,0,0,0,0,0,0,0,0,0,0,0,0,0,0,0,0,0,0,0,0,0,0,0,0,0,0,0,0,0,0,0,0,0,0,0,0,0,0,0,0,0,0,0,0,0,0,0,0,0,0,0,0,0,0,0,0,0,0,0,0,0,0,0,0,0,0,0,0,0,0,0,0,0,0,0.131628917792777,0,0,0,0,0,0,0,0,0,0,0,0,0,0,0,0,0,0,0.162145055343946,0,0,0,0,0,0,0,0,0,0,0,0,0,0,0,0,0,0,0,0,0,0,0,0,0,0,0,0,0,0,0,0,0,0,0,0,0,0,0.336624163795261,0,0,0,0,0,0,0,2.01814622270488,0,0,0,0,0,0.238184578563913,0,0,0,0,0,0,0,0,0,0,0,0,0,0,0,0,0,0,0,0,0,0,0,0,0,0,0,0,0,0,0,0,0,0,0,0,0,0,0,0,0,0,0,0,0,6.94760417054126,0,0,0,0,0,0,0,0,0,0,0,0,0,0,0,0,0,0,0,0,0,0,0,0,0,0,0,0,0.124090881565124,0,0,0,0,0,0,0,0,0,0,0,0,0,0,0,0,0,0,0,0,0,0,0,0,0,0,0.0347730779455959,0,0,0,0,0,0,0,0,0,0,0,0,0,0,0,0,0,0,0,0,0,0,0,0,0,0,0,0,0,0,0,0,0,0,0,0,0,0,0,0,0,0,0,0,0,0,0,0,0,0,0,0,0,0,0,0,0,0,0,0,0,0,0,0,0,0,0,0,0,0,0,0,0,0,0,0,0,0,0,0,0,0,0,0,0,0,0,0,0,0,0,0,0,2.33794669534949,0,0,0,0,0,0,0,0,0,0,0,0,0,0,0,0,0,0,0,0,0,0,0,0,1.81332656828431,0,0,0,0,0,0,0,0,0,0,0,0,0,0,0,0,0,0,0,0,0,0,0,0,0,0,0,0,0,1.10024440290936,0,0,0,0,0,0,0,0,0,1.28430970812595,0,0,0,0,0,0,0,0,0.0457968962889391,0,0,0,0,0,0,0,0,0,0,0,0,0,0,0,0,0.0120291513290958,0,0,0,0,0,0,0,0,0,0,0,0,0,0,0,0,0,0,0,0,0,0,0,0,0,0,0,0,0,0,0,0,0,0,0,0,0,0,0,0,0,0,0,0,0,0,0,0,0,0,0,0,0,0,0,0,0,0,0,0,0,0,0,0,0,0,0,0,0,0,0,0,0,0,0,0,0,0,0,0,0,0,0,0,0,0,0,0,0,0,0,0,0,0,0,0,0,0,0,0,0,0,0,0,0,0,0,0,0,0,0,0,0,0,0,0,0,0,0.189118513711329,0,0,0,0,0,0,0,0,0,0,0,0,0,0,0,0,0,0,0,0,0,0.351229757784848,0,0,0.079077598061538,0,0.0864057137533018,0,0,0,0,0,0,0,0,0,0,0,0,0,0.185717319792775,0,0,0,108.924902,91.54080162,86.02960154,90.26310156,120.8991021,128.6163023,104.1078018,106.481902,120.7598022,120.7271021,119.028902,"JOH-00500"
"538",7886,"nSPC",2015,"PRIAs","Pacific Remote Island Areas","Johnston","Johnston",2015,"ForereefDeep","Johnston","2015-01-29","Forereef","Deep",16.69819783,-169.4195445,22.65,2.5,0,2,0.5,51,44,0,0,NA,0.119,0.057567351858497,0.4,2,1,0,0.922333098607495,0.278029438103288,0.825065560554401,2.02542809726518,0,0,0,0,0,0,0,0,0,0,0,0,0,0,0,0,0,0,0,0,0.00848826363156775,0,0,0,0,0,0,0,0,0,0,0,0,0,0,0,0,0,0,0,0,0,0,0,0,0,0,0,0,0,0,0,0,0,0,0,0,0,0,0,0,0,0,0,0,0,0,0,0,0,0,0,0,0,0,0,0,0,0,0,0,0,0,0,0,0,0,0,0,0,0,0,0,0,0,0,0,0,0,0,0,0,0,0,0,0,0,0,0,0,0,0,0,0.00565884242104517,0,0,0,0,0,0,0,0,0,0,0,0,0,0,0,0,0,0,0,0,0,0,0,0,0,0.0254647908947033,0,0,0,0,0,0,0,0,0,0,0,0,0,0,0,0,0,0,0,0,0,0,0,0,0,0,0,0.00565884242104517,0,0,0,0,0,0,0,0,0,0,0,0,0,0,0,0,0,0,0,0,0.00565884242104517,0,0,0,0,0,0,0,0,0,0,0,0,0,0,0,0,0,0,0,0,0,0,0,0,0,0,0,0,0,0,0,0,0,0,0,0,0,0,0,0,0,0,0,0,0,0,0,0,0,0,0,0,0,0,0,0,0,0,0.0509295817894065,0,0,0,0,0,0,0,0,0,0,0,0,0,0,0,0,0,0,0,0,0,0,0,0,0,0,0,0,0,0,0,0,0,0,0,0,0,0,0,0,0,0,0,0,0,0,0,0,0,0,0,0,0,0,0,0,0,0,0,0,0,0,0,0,0,0,0,0,0,0,0,0,0,0,0,0,0,0,0,0,0,0,0,0,0,0,0,0,0,0,0,0,0,0,0,0,0,0,0,0,0,0,0,0,0,0,0,0,0,0,0,0,0,0,0,0,0,0,0,0,0,0,0,0,0,0,0,0,0,0,0,0,0,0,0,0,0,0,0,0,0,0,0,0,0,0,0,0,0,0,0,0,0,0,0,0,0,0,0,0,0,0,0,0,0,0,0,0,0,0,0,0,0,0,0,0,0,0,0,0,0,0,0,0,0,0,0,0,0,0,0,0,0,0,0,0,0,0,0,0,0,0,0.0113176848420903,0,0,0,0,0,0,0,0,0,0,0.00282942121052258,0.00282942121052258,0,0,0,0,0,0,0,0,0,0,0,0,0,0,0,0,0,0,0,0,0,0,0.00282942121052258,0,0,0,0,0,0,0,0,0,0,0,0,0,0,0,0,0,0,0,0,0,0,0,0,0,0,0,0,0,0,0,0,0,0,0,0,0,0,0,0,0,0,0,0,0,0,0,0,0,0,0,0,0,0,0,0,0,0,0,0,0,0,0,0,0,0,0,0,0,0,0,0,0,0,0,0,0,0,0,0,0,0,0,0,0,0,0,0,0,0,0,0,0,0,0,0,0,0,0,0,0,0,0,0,0,0,0,0,0,0,0,0,0,0,0,0,0,0,0,0,0,0,0,0,0,0,0.00565884242104517,0,0,0,0,0,0,0,0,0,0,0,0,0,0,0,0,0.00282942121052258,0,0.00848826363156775,0,0,0,0,0,0,0,0,0,0,0,0,0,0,0,0,0,0,0,0,0,0,0,0,0,0,0,0,0,0,0,0,0,0,0,0,0.278029438103288,0,0,0,0,0,0,0,0,0,0,0,0,0,0,0,0,0,0,0,0,0,0,0,0,0,0,0,0,0,0,0,0,0,0,0,0,0,0,0,0,0,0,0,0,0,0,0,0,0,0,0,0,0,0,0,0,0,0,0,0,0,0,0,0,0,0,0,0,0,0,0,0,0,0,0,0,0,0,0,0,0,0,0,0,0,0,0,0,0,0,0,0,0.00504385924260138,0,0,0,0,0,0,0,0,0,0,0,0,0,0,0,0,0,0,0,0,0,0,0,0,0,0.042047462725334,0,0,0,0,0,0,0,0,0,0,0,0,0,0,0,0,0,0,0,0,0,0,0,0,0,0,0,0.0355060593436684,0,0,0,0,0,0,0,0,0,0,0,0,0,0,0,0,0,0,0,0,0.163500585259839,0,0,0,0,0,0,0,0,0,0,0,0,0,0,0,0,0,0,0,0,0,0,0,0,0,0,0,0,0,0,0,0,0,0,0,0,0,0,0,0,0,0,0,0,0,0,0,0,0,0,0,0,0,0,0,0,0,0,0.844779576538493,0,0,0,0,0,0,0,0,0,0,0,0,0,0,0,0,0,0,0,0,0,0,0,0,0,0,0,0,0,0,0,0,0,0,0,0,0,0,0,0,0,0,0,0,0,0,0,0,0,0,0,0,0,0,0,0,0,0,0,0,0,0,0,0,0,0,0,0,0,0,0,0,0,0,0,0,0,0,0,0,0,0,0,0,0,0,0,0,0,0,0,0,0,0,0,0,0,0,0,0,0,0,0,0,0,0,0,0,0,0,0,0,0,0,0,0,0,0,0,0,0,0,0,0,0,0,0,0,0,0,0,0,0,0,0,0,0,0,0,0,0,0,0,0,0,0,0,0,0,0,0,0,0,0,0,0,0,0,0,0,0,0,0,0,0,0,0,0,0,0,0,0,0,0,0,0,0,0,0,0,0,0,0,0,0,0,0,0,0,0,0,0,0,0,0,0,0,0,0,0,0,0,0.101082579491729,0,0,0,0,0,0,0,0,0,0,0.0505686467461576,0.0245455119434045,0,0,0,0,0,0,0,0,0,0,0,0,0,0,0,0,0,0,0,0,0,0,0.0415041135640949,0,0,0,0,0,0,0,0,0,0,0,0,0,0,0,0,0,0,0,0,0,0,0,0,0,0,0,0,0,0,0,0,0,0,0,0,0,0,0,0,0,0,0,0,0,0,0,0,0,0,0,0,0,0,0,0,0,0,0,0,0,0,0,0,0,0,0,0,0,0,0,0,0,0,0,0,0,0,0,0,0,0,0,0,0,0,0,0,0,0,0,0,0,0,0,0,0,0,0,0,0,0,0,0,0,0,0,0,0,0,0,0,0,0,0,0,0,0,0,0,0,0,0,0,0,0,0.387716720246394,0,0,0,0,0,0,0,0,0,0,0,0,0,0,0,0,0.0206236040698263,0,0.0304799399903545,0,0,0,0,0,0,0,0,0,0,0,0,0,0,0,0,0,133.2270025,120.7995021,117.0984021,107.9197019,146.7877025,148.6006026,119.3193021,136.6251025,139.3297024,135.7772023,144.8523024,"JOH-00564"
"539",7887,"nSPC",2015,"PRIAs","Pacific Remote Island Areas","Johnston","Johnston",2015,"ForereefDeep","Johnston","2015-01-29","Forereef","Deep",16.69077558,-169.44041485,20.5,8,0,2.5,3.5,85,1,0,0,NA,0.1825,0.100031245118713,0.5,2,1,5.6425405035163,124.293477827114,6.78096490366243,5.47679472724935,142.193777961542,0.137201602721428,0,0,0,0,0,0,0,0,0,0,0,0,0,0,0,0,0,0,0,0.0481001605788839,0,0.00282942121052258,0,0,0,0.00565884242104517,0.00282942121052258,0,0,0,0,0,0,0,0,0,0,0,0,0,0,0,0,0,0,0,0,0,0,0,0,0,0,0,0,0,0.0141471060526129,0,0,0,0,0,0,0,0,0,0,0,0,0,0,0,0,0,0,0,0,0,0,0,0,0,0,0,0.00282942121052258,0,0,0,0,0,0,0,0,0,0,0,0,0.00282942121052258,0,0,0,0,0,0,0,0,0,0,0,0.00282942121052258,0,0,0,0,0,0,0,0,0,0,0,0,0,0,0,0.0452707393683613,0,0,0,0,0,0,0,0,0,0,0,0,2.26353696841807,0,0,0,0,0,0.00565884242104517,0,0,0,0,0,0,0,0,0,0,0,0,0,0,0,0,0,0,0,0,0,0.00282942121052258,0,0,0,0,0,0,0,0,0,0,0,0,0.00565884242104517,0,0,0,0,0,0,0,0.00565884242104517,0,0.00565884242104517,0,0.00282942121052258,0,0,0,0,0,0.00565884242104517,0,0.00282942121052258,0,0,0,0,0,0,0,0,0,0,0,0,0,0,0,0,0,0,0,0,0,0,0,0,0,0,0,0,0,0,0,0,0,0.00565884242104517,0,0,0,0,0,0.0113176848420903,0,0,0,0,0,0,0.0509295817894065,0,0,0,0,0,0,0,0,0,0,0,0,0,0,0,0,0,0,0,0,0,0,0,0,0,0,0,0,0,0,0,0,0,0,0,0,0,0,0,0,0,0,0,0,0,0,0,0,0,0,0,0,0,0,0,0,0,0,0,0,0,0,0,0,0,0,0,0,0,0,0,0,0,0,0,0,0,0,0.0113176848420903,0,0,0,0,0,0,0,0,0,0,0,0,0,0,0,0,0,0,0,0,0,0,0,0,0,0,0,0,0,0,0,0,0,0,0,0,0,0,0,0,0,0,0,0,0,0,0,0,0,0,0,0,0,0,0,0,0,0,0,0,0,0,0,0,0,0,0,0.0141471060526129,0,0,0,0,0,0,0,0,0.00565884242104517,0.0198059484736581,0,0,0,0,0,0,0,0,0,0,0,0,0,0.215036011999716,0.0141471060526129,0,0,0,0,0,0,0,0,0,0,0,0,0,0,0,0,0,0,0,0,0,0,0,0,0,0,0,0,0,0.00282942121052258,0.00282942121052258,0,0,0,0,0,0.00282942121052258,0,0,0.00565884242104517,0,0.00848826363156775,0,0,0,0,0,0,0,0,0,0,0,0,0,0,0,0,0,0,0,0,0,0,0.00848826363156775,0.0141471060526129,0,0,0,0,0,0,0,0,0,0,0,0,0,0,0,0,0,0,0,0,0,0,0,0,0,0,0,0,0,0.00282942121052258,0,0,0,0,0,0,0,0,0,0,0.00282942121052258,0,0,0,0,0.033953054526271,0,0,0,0,0,0,0,0,0,0,0,0,0,0,0,0,0,0,0,0,0,0,0,0,0,0,0,0,0,0,0,0,0,0,0,0,0,0,0,0,0,0,0,0,0,0,0,0,0,0,0,0,0,0,0,0,0,0,0,0,0,0,0,0,0,0,0,0,0,0,0,0,0,0,0,0,0,0,0,0,0.00282942121052258,0,0,0,0,0,0,0,0,0,0,0,0,0,0.00282942121052258,0,0,0.00848826363156775,0,0.00848826363156775,0,0,0,0,0,0,0,0,0,0.00282942121052258,0,0,0,0,0,0,0,0,0,0,0,0,0,0,0,0,0,0,0,0,0,0,0,0,0,0,1.52382578356184,0,0.393396000525706,0,0,0,0.237576313131223,0.172922518164462,0,0,0,0,0,0,0,0,0,0,0,0,0,0,0,0,0,0,0,0,0,0,0,0,0,0,0,0,0,5.0819191920878,0,0,0,0,0,0,0,0,0,0,0,0,0,0,0,0,0,0,0,0,0,0,0,0,0,0,0,1.3536313237055,0,0,0,0,0,0,0,0,0,0,0,0,0.0903284258293904,0,0,0,0,0,0,0,0,0,0,0,0.10850888410347,0,0,0,0,0,0,0,0,0,0,0,0,0,0,0,0.0877396136837278,0,0,0,0,0,0,0,0,0,0,0,0,1.84687640095651,0,0,0,0,0,0.324290110687892,0,0,0,0,0,0,0,0,0,0,0,0,0,0,0,0,0,0,0,0,0,0.108700801963264,0,0,0,0,0,0,0,0,0,0,0,0,0.0260039396754432,0,0,0,0,0,0,0,0.281988661853712,0,0.141412222584349,0,0.046873176892038,0,0,0,0,0,0.215965864111071,0,1.39386399524466,0,0,0,0,0,0,0,0,0,0,0,0,0,0,0,0,0,0,0,0,0,0,0,0,0,0,0,0,0,0,0,0,0,1.10335656818145,0,0,0,0,0,1.44142616236517,0,0,0,0,0,0,0.634630360747425,0,0,0,0,0,0,0,0,0,0,0,0,0,0,0,0,0,0,0,0,0,0,0,0,0,0,0,0,0,0,0,0,0,0,0,0,0,0,0,0,0,0,0,0,0,0,0,0,0,0,0,0,0,0,0,0,0,0,0,0,0,0,0,0,0,0,0,0,0,0,0,0,0,0,0,0,0,0,0.141192645479014,0,0,0,0,0,0,0,0,0,0,0,0,0,0,0,0,0,0,0,0,0,0,0,0,0,0,0,0,0,0,0,0,0,0,0,0,0,0,0,0,0,0,0,0,0,0,0,0,0,0,0,0,0,0,0,0,0,0,0,0,0,0,0,0,0,0,0,2.27674413800085,0,0,0,0,0,0,0,0,0.627919160451302,2.56753513672978,0,0,0,0,0,0,0,0,0,0,0,0,0,115.84882811482,1.52208034329197,0,0,0,0,0,0,0,0,0,0,0,0,0,0,0,0,0,0,0,0,0,0,0,0,0,0,0,0,0,0.382311393965811,0.00713957735872033,0,0,0,0,0,0.178309917462687,0,0,0.731528560636189,0,0.122293769944376,0,0,0,0,0,0,0,0,0,0,0,0,0,0,0,0,0,0,0,0,0,0,0.0138799695023994,0.0681567601216016,0,0,0,0,0,0,0,0,0,0,0,0,0,0,0,0,0,0,0,0,0,0,0,0,0,0,0,0,0,0.0224440569078167,0,0,0,0,0,0,0,0,0,0,0.00125174108652593,0,0,0,0,0.0178208792190422,0,0,0,0,0,0,0,0,0,0,0,0,0,0,0,0,0,0,0,0,0,0,0,0,0,0,0,0,0,0,0,0,0,0,0,0,0,0,0,0,0,0,0,0,0,0,0,0,0,0,0,0,0,0,0,0,0,0,0,0,0,0,0,0,0,0,0,0,0,0,0,0,0,0,0,0,0,0,0,0,0.650757824272321,0,0,0,0,0,0,0,0,0,0,0,0,0,0.0157311856997981,0,0,0.156970748234852,0,0.0809783179872774,0,0,0,0,0,0,0,0,0,0.144667400313714,0,0,0,0,0,0,0,118.5131022,114.971302,110.902402,100.0693017,140.2881024,143.7807025,114.185402,130.2023023,133.2342024,131.8992023,136.7371023,"JOH-00575"
"540",7888,"nSPC",2015,"PRIAs","Pacific Remote Island Areas","Johnston","Johnston",2015,"LagoonShallow","Johnston","2015-01-29","Lagoon","Shallow",16.73968004,-169.49073326,6,1.5,0,1,10,42.5,45,0,0,NA,1.255,1.331613141554,4.6,2,1,0.0079131115852224,0,16.0059872131155,3.63696868994188,19.6508690146426,11.9583266014859,0,0,0,0,0,0,0,0,0.00282942121052258,0,0,0,0,0,0,0,0,0,0,0.00565884242104517,0,0.00848826363156775,0,0,0,0,0.00848826363156775,0,0,0,0,0,0,0,0,0,0,0,0,0,0,0,0,0,0,0,0,0,0,0,0,0,0,0,0,0,0,0,0,0,0,0,0,0,0,0,0,0,0,0,0,0,0,0,0,0,0,0,0,0,0,0,0,0,0,0,0,0,0,0,0,0,0,0,0,0,0,0,0,0,0,0,0.00282942121052258,0,0,0,0,0,0,0,0,0,0,0,0,0,0,0,0,0,0,0,0,0,0,0,0,0,0,0,0,0,0,0,0,0,0,0,0,0,0,0,0,0,0.0113176848420903,0,0,0,0,0,0,0,0,0,0.00565884242104517,0,0,0,0,0,0,0,0,0,0,0,0,0,0,0,0.00565884242104517,0,0,0,0,0,0,0,0,0,0,0,0,0,0,0,0,0,0,0,0,0.181082957473445,0,0,0,0,0,0,0,0,0,0,0,0,0,0,0,0,0,0,0,0,0,0,0,0,0,0,0,0,0,0,0,0,0,0,0,0,0,0,0,0,0,0,0,0,0,0,0,0,0,0,0,0.0141471060526129,0,0,0,0,0,0,0,0,0,0,0,0,0,0,0,0,0,0,0,0,0,0,0,0,0,0,0,0,0.0113176848420903,0,0,0,0,0,0,0,0,0,0,0,0,0,0,0,0,0,0,0,0,0,0,0,0,0,0,0.0311236333157484,0,0,0,0,0,0,0,0,0,0,0,0,0,0,0,0,0,0,0,0,0,0,0,0,0,0,0,0,0,0,0,0,0,0,0,0,0,0,0,0,0,0,0,0,0,0,0,0,0,0,0,0,0,0,0,0,0,0,0,0,0,0,0,0,0,0,0,0,0,0,0,0,0,0,0,0.00282942121052258,0,0,0,0,0,0,0,0,0,0,0,0,0,0,0,0,0,0,0,0,0,0,0,0,0,0,0,0,0,0,0,0,0,0,0,0,0,0,0,0,0,0,0.00848826363156775,0,0,0,0,0,0,0,0,0,0,0,0,0,0,0,0,0,0,0,0,0,0,0,0,0,0,0,0,0,0,0,0,0,0,0,0,0,0,0,0.00282942121052258,0,0.00282942121052258,0,0,0,0,0,0,0,0,0,0,0,0,0,0,0,0,0,0,0,0,0,0,0,0,0,0,0,0,0,0,0,0,0,0,0,0,0,0,0,0,0,0,0,0,0,0,0,0,0,0,0,0,0,0,0,0,0,0,0,0,0,0,0,0,0,0,0,0,0,0,0,0,0,0,0,0,0,0,0,0,0,0,0,0,0,0,0,0,0,0,0,0,0,0,0,0,0,0,0,0,0,0,0,0,0,0,0,0,0,0,0,0,0,0,0,0,0,0.0622472666314969,0,0,0,0,0,0,0,0,0,0,0,0,0,0,0,0,0,0,0,0,0,0,0,0,0.00565884242104517,0,0,0,0,0,0,0,0,0,0,0,0,0,0,0,0,0,0,0,0,0,0.00565884242104517,0,0,0,0,0.00282942121052258,0,0,0,0,0,0,0,0,0,0,0,0,0.00282942121052258,0.00282942121052258,0,0,0,0,0,0,0,0,0,0,0,0.363931413402965,0,0,0,0,0,0,0,0,0,0,0.297311648134846,0,1.4416691936233,0,0,0,0,0.348314567346542,0,0,0,0,0,0,0,0,0,0,0,0,0,0,0,0,0,0,0,0,0,0,0,0,0,0,0,0,0,0,0,0,0,0,0,0,0,0,0,0,0,0,0,0,0,0,0,0,0,0,0,0,0,0,0,0,0,0,0,0,0,0,0,0,0,0,0,0,0,0,0,0,0,0,0,0.0291024887733598,0,0,0,0,0,0,0,0,0,0,0,0,0,0,0,0,0,0,0,0,0,0,0,0,0,0,0,0,0,0,0,0,0,0,0,0,0,0,0,0,0,0.810447461468625,0,0,0,0,0,0,0,0,0,0.410131647820024,0,0,0,0,0,0,0,0,0,0,0,0,0,0,0,0.217401603926528,0,0,0,0,0,0,0,0,0,0,0,0,0,0,0,0,0,0,0,0,10.2126134836164,0,0,0,0,0,0,0,0,0,0,0,0,0,0,0,0,0,0,0,0,0,0,0,0,0,0,0,0,0,0,0,0,0,0,0,0,0,0,0,0,0,0,0,0,0,0,0,0,0,0,0,0.584937564536176,0,0,0,0,0,0,0,0,0,0,0,0,0,0,0,0,0,0,0,0,0,0,0,0,0,0,0,0,1.52968936094017,0,0,0,0,0,0,0,0,0,0,0,0,0,0,0,0,0,0,0,0,0,0,0,0,0,0,0.165107977690274,0,0,0,0,0,0,0,0,0,0,0,0,0,0,0,0,0,0,0,0,0,0,0,0,0,0,0,0,0,0,0,0,0,0,0,0,0,0,0,0,0,0,0,0,0,0,0,0,0,0,0,0,0,0,0,0,0,0,0,0,0,0,0,0,0,0,0,0,0,0,0,0,0,0,0,0.0079131115852224,0,0,0,0,0,0,0,0,0,0,0,0,0,0,0,0,0,0,0,0,0,0,0,0,0,0,0,0,0,0,0,0,0,0,0,0,0,0,0,0,0,0,0.962784118123664,0,0,0,0,0,0,0,0,0,0,0,0,0,0,0,0,0,0,0,0,0,0,0,0,0,0,0,0,0,0,0,0,0,0,0,0,0,0,0,0.125118252938674,0,0.0864626346146619,0,0,0,0,0,0,0,0,0,0,0,0,0,0,0,0,0,0,0,0,0,0,0,0,0,0,0,0,0,0,0,0,0,0,0,0,0,0,0,0,0,0,0,0,0,0,0,0,0,0,0,0,0,0,0,0,0,0,0,0,0,0,0,0,0,0,0,0,0,0,0,0,0,0,0,0,0,0,0,0,0,0,0,0,0,0,0,0,0,0,0,0,0,0,0,0,0,0,0,0,0,0,0,0,0,0,0,0,0,0,0,0,0,0,0,0,0,1.74571311786947,0,0,0,0,0,0,0,0,0,0,0,0,0,0,0,0,0,0,0,0,0,0,0,0,0.0118835690841949,0,0,0,0,0,0,0,0,0,0,0,0,0,0,0,0,0,0,0,0,0,0.0843557924557459,0,0,0,0,0.0393289548262639,0,0,0,0,0,0,0,0,0,0,0,0,0.157041434176719,0.0196096176887891,0,0,0,0,0,0,0,0,0,0,0,0,0,0,"JOH-00554"
"541",7889,"nSPC",2015,"PRIAs","Pacific Remote Island Areas","Johnston","Johnston",2015,"ForereefDeep","Johnston","2015-01-29","Forereef","Deep",16.71056408,-169.37313809,30,1.5,0,32.5,0,63.5,2.5,0,0,NA,0.1025,0.0175,0.15,2,1,0,0,5.4576083745707,1.76019257184074,7.21780094641144,0,0,0,0,0,0,0,0,0,0.00282942121052258,0,0,0,0,0,0,0,0,0,0,0,0,0.00848826363156775,0,0,0,0,0,0,0,0,0.00282942121052258,0,0,0,0,0,0,0,0,0,0,0,0,0,0,0,0,0,0,0,0,0,0,0,0,0,0,0,0,0,0,0,0,0,0,0,0,0,0,0,0,0,0,0,0,0,0,0,0,0,0,0,0,0,0,0,0,0,0,0,0,0,0,0,0,0,0,0,0,0,0,0,0,0,0,0,0,0,0,0,0,0,0,0,0,0,0,0,0,0,0,0,0,0,0,0,0,0,0,0,0,0,0,0,0,0,0,0,0,0,0,0,0,0,0.00565884242104517,0,0,0,0,0,0,0,0,0,0,0,0,0,0,0,0,0,0,0,0,0,0,0,0,0,0,0,0,0,0,0,0,0,0,0,0,0,0,0,0,0,0,0,0,0,0,0,0,0,0,0,0,0,0,0,0,0,0,0,0,0,0,0,0,0,0,0,0,0,0,0,0,0,0,0,0,0,0,0,0,0,0,0,0,0,0,0,0,0,0,0,0,0,0,0,0,0,0,0,0,0,0,0,0,0,0,0,0,0,0,0,0,0,0,0,0,0,0,0,0,0,0,0,0,0,0,0,0,0,0,0,0,0,0,0,0,0,0,0,0,0,0,0,0,0,0,0,0,0,0,0,0,0,0,0,0,0,0,0,0,0,0,0,0,0,0,0,0,0,0,0,0,0,0,0,0,0,0,0,0,0,0,0,0,0,0,0,0,0,0,0,0,0,0,0,0,0,0,0,0,0,0,0,0,0,0,0,0,0,0,0,0,0,0,0,0,0,0,0,0,0,0,0,0,0,0,0,0,0,0,0,0,0,0,0,0,0,0,0,0,0,0,0,0,0,0,0,0,0,0,0,0,0,0,0,0,0,0,0,0,0,0,0,0,0,0,0,0,0,0,0,0,0,0,0,0,0,0,0,0,0,0,0,0,0,0,0,0,0,0,0,0,0,0,0,0,0,0,0,0,0,0,0,0,0.00565884242104517,0,0,0,0,0,0,0,0,0,0,0,0,0,0,0,0.0226353696841807,0,0,0,0,0,0,0,0,0,0,0,0,0,0,0,0,0,0,0,0,0,0,0,0,0,0,0,0,0,0,0,0,0,0,0,0,0,0,0,0,0,0,0,0,0,0,0,0,0,0,0,0,0,0,0,0,0,0,0,0,0,0,0,0,0,0,0,0,0,0,0,0,0,0,0,0,0,0,0,0,0,0,0,0,0,0,0,0,0,0,0,0,0,0,0,0,0,0,0,0,0,0,0,0,0,0,0,0,0,0,0,0,0,0,0,0,0,0,0,0,0,0,0,0,0,0,0,0,0,0,0,0,0,0,0,0,0,0,0,0,0,0,0,0,0,0.0113176848420903,0,0,0,0,0,0,0,0,0,0,0,0,0,0,0,0,0,0,0,0,0,0,0,0,0,0,0,0,0,0,0,0,0,0,0,0,0,0,0,0,0,0,0,0,2.73292304907055,0,0,0,0,0,0,0,0,0,0,0,0,2.72468532550015,0,0,0,0,0,0,0,0,0.461177549019434,0,0,0,0,0,0,0,0,0,0,0,0,0,0,0,0,0,0,0,0,0,0,0,0,0,0,0,0,0,0,0,0,0,0,0,0,0,0,0,0,0,0,0,0,0,0,0,0,0,0,0,0,0,0,0,0,0,0,0,0,0,0,0,0,0,0,0,0,0,0,0,0,0,0,0,0,0,0,0,0,0,0,0,0,0,0,0,0,0,0,0,0,0,0,0,0,0,0,0,0,0,0,0,0,0,0,0,0,0,0,0,0,0,0.814356654860985,0,0,0,0,0,0,0,0,0,0,0,0,0,0,0,0,0,0,0,0,0,0,0,0,0,0,0,0,0,0,0,0,0,0,0,0,0,0,0,0,0,0,0,0,0,0,0,0,0,0,0,0,0,0,0,0,0,0,0,0,0,0,0,0,0,0,0,0,0,0,0,0,0,0,0,0,0,0,0,0,0,0,0,0,0,0,0,0,0,0,0,0,0,0,0,0,0,0,0,0,0,0,0,0,0,0,0,0,0,0,0,0,0,0,0,0,0,0,0,0,0,0,0,0,0,0,0,0,0,0,0,0,0,0,0,0,0,0,0,0,0,0,0,0,0,0,0,0,0,0,0,0,0,0,0,0,0,0,0,0,0,0,0,0,0,0,0,0,0,0,0,0,0,0,0,0,0,0,0,0,0,0,0,0,0,0,0,0,0,0,0,0,0,0,0,0,0,0,0,0,0,0,0,0,0,0,0,0,0,0,0,0,0,0,0,0,0,0,0,0,0,0,0,0,0,0,0,0,0,0,0,0,0,0,0,0,0,0,0,0,0,0,0,0,0,0,0,0,0,0,0,0,0,0,0,0,0,0,0,0,0,0,0,0,0,0,0,0,0,0,0,0,0,0,0,0,0,0,0,0,0,0,0,0,0,0,0,0,0,0,0,0,0,0,0,0,0,0,0,0,0,0,0,0,0.0408692294131822,0,0,0,0,0,0,0,0,0,0,0,0,0,0,0,0.0670120924691121,0,0,0,0,0,0,0,0,0,0,0,0,0,0,0,0,0,0,0,0,0,0,0,0,0,0,0,0,0,0,0,0,0,0,0,0,0,0,0,0,0,0,0,0,0,0,0,0,0,0,0,0,0,0,0,0,0,0,0,0,0,0,0,0,0,0,0,0,0,0,0,0,0,0,0,0,0,0,0,0,0,0,0,0,0,0,0,0,0,0,0,0,0,0,0,0,0,0,0,0,0,0,0,0,0,0,0,0,0,0,0,0,0,0,0,0,0,0,0,0,0,0,0,0,0,0,0,0,0,0,0,0,0,0,0,0,0,0,0,0,0,0,0,0,0,0.376777046078029,0,0,0,0,0,0,0,0,0,0,0,0,0,0,0,0,0,0,0,0,0,0,0,0,0,0,0,0,0,0,0,0,0,0,0,0,208.3580037,209.1764035,206.4320036,203.3315035,200.4059034,211.6565036,188.0797032,208.0139037,219.4269039,185.6384032,213.8937037,"JOH-00567"
"542",7890,"nSPC",2015,"PRIAs","Pacific Remote Island Areas","Johnston","Johnston",2015,"ForereefDeep","Johnston","2015-01-29","Forereef","Deep",16.72358134,-169.40734707,25.85,1.5,0,2.5,2.5,90.5,3,0,0,NA,0.1,0,0.2,2,1,0.0269975931836651,0.453663376255193,7.37630061389642,2.76374802726864,10.6207096106039,0,0,0,0,0,0,0,0,0,0,0,0,0,0,0,0,0,0,0,0,0.0254647908947033,0,0.0141471060526129,0,0,0,0.00282942121052258,0,0,0,0,0,0,0,0,0,0,0,0,0,0,0,0,0,0,0,0,0,0,0,0,0,0,0,0,0,0,0,0,0,0,0,0,0,0,0,0,0,0,0,0,0,0,0,0,0,0,0,0,0,0,0,0,0,0,0,0,0,0,0,0,0,0,0,0,0,0,0,0,0,0,0,0,0.00282942121052258,0,0,0,0,0,0,0,0,0,0,0,0,0,0,0,0,0,0,0,0,0,0,0,0,0,0,0,0,0,0,0,0,0,0,0,0,0,0,0,0,0,0.00565884242104517,0,0,0,0,0,0,0,0,0,0,0,0,0,0,0,0,0,0,0,0,0,0,0,0,0,0,0,0,0,0,0,0,0,0,0,0,0,0,0,0,0,0,0,0,0,0,0,0,0,0,0,0,0,0,0,0,0,0,0,0,0,0,0,0,0,0,0,0,0,0,0,0,0,0,0,0,0,0,0,0,0,0,0,0,0,0,0,0,0.00848826363156775,0,0,0,0,0,0,0,0,0,0,0,0,0.00565884242104517,0,0,0,0,0,0,0,0,0,0,0,0,0,0,0,0,0,0,0,0,0,0,0,0,0,0,0,0,0,0,0,0,0,0,0,0,0,0,0,0,0,0,0,0,0,0,0,0,0,0,0,0,0,0,0,0,0,0,0,0,0,0,0,0,0,0,0,0,0,0,0,0,0,0,0,0,0,0,0,0,0,0,0,0,0,0,0,0,0,0,0,0,0,0,0,0,0,0,0,0,0,0,0,0,0,0,0,0,0,0,0,0,0,0,0,0,0,0,0,0,0,0,0,0,0,0,0,0,0.00848826363156775,0,0,0,0,0,0,0,0,0,0,0,0,0,0,0,0,0,0,0,0,0,0,0,0,0,0,0,0,0,0,0,0,0,0,0,0,0,0,0,0,0,0,0,0,0,0,0,0,0,0,0,0,0,0,0,0,0,0,0,0,0,0,0,0,0,0,0,0,0,0,0,0,0,0,0,0,0,0,0,0,0,0,0,0,0,0,0,0,0,0.00565884242104517,0,0,0,0,0,0,0,0,0,0,0,0,0,0,0,0,0,0,0,0,0,0,0,0,0,0,0,0,0,0,0,0,0,0,0,0,0,0,0,0,0,0,0,0,0,0,0,0,0,0,0,0,0,0,0,0,0,0,0,0,0,0,0,0,0,0,0,0,0,0,0,0,0,0,0,0,0,0,0,0,0,0,0,0,0,0,0,0,0,0,0,0,0,0,0,0,0,0,0,0,0,0,0,0,0,0,0,0,0,0,0,0,0,0,0,0,0,0,0,0,0,0,0,0,0,0,0,0,0,0,0,0,0,0,0,0,0,0,0,0,0,0,0,0,0,0.00565884242104517,0,0,0,0,0,0,0,0,0,0,0,0,0,0,0,0,0,0,0,0,0,0,0,0,0,0,0,0,0,0,0,0.00282942121052258,0,0,0,0,0,0,0,0,0,0,0,0,0,0,0,0,0,0,0,0,0,0,0,2.77582908658638,0,4.5816347635979,0,0,0,0.296927101269508,0,0,0,0,0,0,0,0,0,0,0,0,0,0,0,0,0,0,0,0,0,0,0,0,0,0,0,0,0,0,0,0,0,0,0,0,0,0,0,0,0,0,0,0,0,0,0,0,0,0,0,0,0,0,0,0,0,0,0,0,0,0,0,0,0,0,0,0,0,0,0,0,0,0,0,0,0.0188367637121418,0,0,0,0,0,0,0,0,0,0,0,0,0,0,0,0,0,0,0,0,0,0,0,0,0,0,0,0,0,0,0,0,0,0,0,0,0,0,0,0,0,0.202142052358164,0,0,0,0,0,0,0,0,0,0,0,0,0,0,0,0,0,0,0,0,0,0,0,0,0,0,0,0,0,0,0,0,0,0,0,0,0,0,0,0,0,0,0,0,0,0,0,0,0,0,0,0,0,0,0,0,0,0,0,0,0,0,0,0,0,0,0,0,0,0,0,0,0,0,0,0,0,0,0,0,0,0,0,0,0,0,0,0,1.83591550612907,0,0,0,0,0,0,0,0,0,0,0,0,0.156736274985684,0,0,0,0,0,0,0,0,0,0,0,0,0,0,0,0,0,0,0,0,0,0,0,0,0,0,0,0,0,0,0,0,0,0,0,0,0,0,0,0,0,0,0,0,0,0,0,0,0,0,0,0,0,0,0,0,0,0,0,0,0,0,0,0,0,0,0,0,0,0,0,0,0,0,0,0,0,0,0,0,0,0,0,0,0,0,0,0,0,0,0,0,0,0,0,0,0,0,0,0,0,0,0,0,0,0,0,0,0,0,0,0,0,0,0,0,0,0,0,0,0,0,0,0,0,0,0,0,0.0269975931836651,0,0,0,0,0,0,0,0,0,0,0,0,0,0,0,0,0,0,0,0,0,0,0,0,0,0,0,0,0,0,0,0,0,0,0,0,0,0,0,0,0,0,0,0,0,0,0,0,0,0,0,0,0,0,0,0,0,0,0,0,0,0,0,0,0,0,0,0,0,0,0,0,0,0,0,0,0,0,0,0,0,0,0,0,0,0,0,0,0,0.0366402767543068,0,0,0,0,0,0,0,0,0,0,0,0,0,0,0,0,0,0,0,0,0,0,0,0,0,0,0,0,0,0,0,0,0,0,0,0,0,0,0,0,0,0,0,0,0,0,0,0,0,0,0,0,0,0,0,0,0,0,0,0,0,0,0,0,0,0,0,0,0,0,0,0,0,0,0,0,0,0,0,0,0,0,0,0,0,0,0,0,0,0,0,0,0,0,0,0,0,0,0,0,0,0,0,0,0,0,0,0,0,0,0,0,0,0,0,0,0,0,0,0,0,0,0,0,0,0,0,0,0,0,0,0,0,0,0,0,0,0,0,0,0,0,0,0,0,0.355936661209804,0,0,0,0,0,0,0,0,0,0,0,0,0,0,0,0,0,0,0,0,0,0,0,0,0,0,0,0,0,0,0,0.333113530817294,0,0,0,0,141.8259026,131.9874023,125.5714023,124.8394022,156.6231027,160.1775028,136.2865024,154.1344028,158.7061028,142.2399024,161.6348027,"JOH-00563"
"543",7891,"nSPC",2015,"PRIAs","Pacific Remote Island Areas","Johnston","Johnston",2015,"ForereefDeep","Johnston","2015-01-29","Forereef","Deep",16.74171559,-169.4067284,19.3,8,0,2.5,20,69.5,0,0,0,NA,0.2275,0.203623369108453,0.65,2,1,82.754564458166,0.545809241631657,54.6266914533993,40.7630534540391,178.690118607236,37.9478264180012,0,0,0,0,0,0,0,0,0,0,0,0,0,0,0,0,0,0,0,0.237671381683897,0,0.0254647908947033,0,0,0,0,0.0198059484736581,0,0,0,0,0,0,0,0,0,0,0,0,0,0,0,0,0,0,0,0,0,0,0,0,0,0,0,0,0,0,0,0,0,0,0,0,0,0.0226353696841807,0,0,0,0,0,0,0,0,0,0,0,0,0,0,0,0,0,0,0,0.0113176848420903,0,0,0,0,0,0,0,0,0,0,0,0,0,0,0,0,0,0,0,0,0,0,0,0,0,0,0,0,0,0,0,0,0,0,0,0,0,0,0,0,0.0113176848420903,0,0,0,0,0,0,0,0,0,0,0,0,0.0141471060526129,0,0,0,0,0,0.00282942121052258,0,0,0,0,0,0,0,0,0,0,0,0,0,0,0,0,0,0,0,0,0,0,0,0,0,0,0,0,0,0,0,0,0,0,0,0,0,0,0,0,0,0,0,0,0,0,0.00565884242104517,0,0,0,0,0,0.0113176848420903,0,0,0,0,0,0,0,0,0,0,0,0,0,0,0,0,0,0,0,0,0,0,0,0,0,0,0,0,0,0,0,0,0,0,0,0.00565884242104517,0,0,0,0,0,0.0169765272631355,0,0,0,0.00565884242104517,0,0,0.0226353696841807,0,0,0,0,0,0,0,0,0,0,0,0,0,0,0,0,0,0,0,0,0,0,0,0,0,0,0,0,0,0,0,0,0,0,0,0,0,0,0,0,0,0,0.00565884242104517,0,0,0,0,0,0,0,0,0,0,0,0,0,0,0,0,0,0,0,0,0,0,0,0,0,0,0,0,0,0,0,0,0,0,0,0.0396118969473162,0,0,0,0,0,0,0,0,0,0,0,0,0,0,0,0,0,0,0,0,0,0,0,0,0,0,0,0,0,0,0,0,0,0,0,0,0,0,0,0,0,0,0,0,0,0,0,0,0,0,0,0,0,0,0,0,0,0,0,0,0,0,0,0,0,0,0,0,0,0,0,0,0,0,0,0,0,0,0,0,0,0,0,0,0,0,0,0,0,0,0,0,0.00565884242104517,0,0,0,0,0,0,0,0,0,0,0,0,0,0,0,0,0,0,0,0,0,0,0,0,0,0,0,0,0,0,0,0,0,0,0,0.0198059484736581,0,0,0,0,0,0.0141471060526129,0,0,0,0,0,0,0,0,0,0,0,0,0,0,0,0,0,0,0,0,0,0,0.00282942121052258,0,0,0,0,0,0,0,0,0,0,0,0,0,0,0,0,0,0,0,0,0,0,0,0,0,0,0,0,0,0,0,0,0,0,0,0,0,0,0,0,0,0.0141471060526129,0,0,0,0,0,0,0,0,0,0,0,0,0,0,0,0,0,0,0,0,0,0,0,0,0,0,0,0,0,0,0,0,0,0.0254647908947033,0,0,0,0,0,0,0,0,0,0,0,0,0,0,0,0,0,0,0,0.00848826363156775,0,0,0,0,0,0,0,0,0,0,0,0,0,0,0,0,0,0,0,0,0,0,0,0,0,0,0,0,0,0,0,0,0,0,0,0,0,0,0,0,0,0,0,0,0,0.0113176848420903,0,0,0,0,0,0,0,0,0,0,0,0,0,0.0113176848420903,0,0,0,0,0.00848826363156775,0,0,0,0,0,0,0,0,0,0,0,0,0,0,0,0,0,0,0,0,0,0,4.71291823427944,0,5.28164389076363,0,0,0,0,0.477811103189894,0,0,0,0,0,0,0,0,0,0,0,0,0,0,0,0,0,0,0,0,0,0,0,0,0,0,0,0,0,0,0,0,0,0,0,0,0,70.8781413601805,0,0,0,0,0,0,0,0,0,0,0,0,0,0,0,0,0,0,0,7.9309791322905,0,0,0,0,0,0,0,0,0,0,0,0,0,0,0,0,0,0,0,0,0,0,0,0,0,0,0,0,0,0,0,0,0,0,0,0,0,0,0,0,0.00769818239707205,0,0,0,0,0,0,0,0,0,0,0,0,0.00985487407625016,0,0,0,0,0,0.199971460248186,0,0,0,0,0,0,0,0,0,0,0,0,0,0,0,0,0,0,0,0,0,0,0,0,0,0,0,0,0,0,0,0,0,0,0,0,0,0,0,0,0,0,0,0,0,0,4.29802277243579,0,0,0,0,0,0.195439792456807,0,0,0,0,0,0,0,0,0,0,0,0,0,0,0,0,0,0,0,0,0,0,0,0,0,0,0,0,0,0,0,0,0,0,0,1.99930948807857,0,0,0,0,0,4.25456367720394,0,0,0,0.124494533262994,0,0,0.535954367555406,0,0,0,0,0,0,0,0,0,0,0,0,0,0,0,0,0,0,0,0,0,0,0,0,0,0,0,0,0,0,0,0,0,0,0,0,0,0,0,0,0,0,0.094148990780139,0,0,0,0,0,0,0,0,0,0,0,0,0,0,0,0,0,0,0,0,0,0,0,0,0,0,0,0,0,0,0,0,0,0,0,0.191919640709747,0,0,0,0,0,0,0,0,0,0,0,0,0,0,0,0,0,0,0,0,0,0,0,0,0,0,0,0,0,0,0,0,0,0,0,0,0,0,0,0,0,0,0,0,0,0,0,0,0,0,0,0,0,0,0,0,0,0,0,0,0,0,0,0,0,0,0,0,0,0,0,0,0,0,0,0,0,0,0,0,0,0,0,0,0,0,0,0,0,0,0,0,1.63815016150398,0,0,0,0,0,0,0,0,0,0,0,0,0,0,0,0,0,0,0,0,0,0,0,0,0,0,0,0,0,0,0,0,0,0,0,11.8764230979856,0,0,0,0,0,0.0866225489571389,0,0,0,0,0,0,0,0,0,0,0,0,0,0,0,0,0,0,0,0,0,0,0.00722091883879172,0,0,0,0,0,0,0,0,0,0,0,0,0,0,0,0,0,0,0,0,0,0,0,0,0,0,0,0,0,0,0,0,0,0,0,0,0,0,0,0,0,0.0432605204394044,0,0,0,0,0,0,0,0,0,0,0,0,0,0,0,0,0,0,0,0,0,0,0,0,0,0,0,0,0,0,0,0,0,29.868398960598,0,0,0,0,0,0,0,0,0,0,0,0,0,0,0,0,0,0,0,33.6498036455655,0,0,0,0,0,0,0,0,0,0,0,0,0,0,0,0,0,0,0,0,0,0,0,0,0,0,0,0,0,0,0,0,0,0,0,0,0,0,0,0,0,0,0,0,0,0.136205912757057,0,0,0,0,0,0,0,0,0,0,0,0,0,0.00957608788483033,0,0,0,0,0.181585252797135,0,0,0,178.4827032,172.196003,161.1393028,158.7554027,175.838003,186.5763032,161.9760028,177.3405032,181.2805032,160.7814027,181.4337031,"JOH-00572"
"544",7892,"nSPC",2015,"PRIAs","Pacific Remote Island Areas","Johnston","Johnston",2015,"ForereefMid","Johnston","2015-01-29","Forereef","Mid",16.74419579,-169.42441137,11,2,0,1.5,63.5,33,0,0,0,NA,0.59125,0.463768615136812,1.55,2,1,2.82241963797187,1.87899599053836,31.5686506380377,4.17434663402514,40.4444129005731,0.857890049775525,0,0,0,0,0,0.0254647908947033,0,0,0,0,0,0,0,0,0,0,0,0,0,0.033953054526271,0,0.0396118969473162,0,0,0,0,0,0,0,0,0,0,0,0,0,0,0,0,0,0,0,0,0,0,0,0,0,0,0,0,0,0,0,0,0,0,0.0169765272631355,0,0,0,0,0,0,0,0,0,0,0,0,0,0,0,0,0,0,0,0,0,0,0,0,0,0,0,0,0,0,0,0,0,0,0,0,0,0,0,0,0,0,0,0,0,0,0,0,0,0,0,0,0.00282942121052258,0,0,0,0,0,0,0,0,0,0,0,0,0,0,0,0.0481001605788839,0,0,0,0,0,0,0,0,0,0,0,0,1.30153375684039,0,0,0,0,0,0,0,0,0,0,0,0,0,0,0,0,0,0,0,0,0,0,0,0,0,0,0,0,0,0,0,0,0,0,0,0,0,0,0,0,0,0,0,0,0,0,0,0,0,0,0,0,0.0141471060526129,0,0,0,0,0,0,0,0,0,0,0,0,0,0,0,0,0,0,0,0,0,0,0,0,0,0,0.00282942121052258,0,0,0,0,0,0,0.0565884242104517,0,0,0,0,0,0,0,0,0,0,0,0,0,0,0,0,0,0.172594693841878,0,0,0,0,0,0,0,0,0,0,0,0,0,0,0,0,0,0,0,0,0,0,0,0,0,0,0,0,0.00848826363156775,0,0,0,0,0,0,0,0,0,0,0,0,0,0,0,0,0.00565884242104517,0,0,0,0,0,0,0,0,0,0.0169765272631355,0,0,0,0,0,0,0,0,0,0,0,0,0,0,0,0,0,0,0,0,0,0,0,0,0,0,0,0,0,0,0,0,0,0,0,0,0,0,0,0,0,0,0,0,0,0,0,0,0,0,0,0,0,0,0,0,0,0,0,0,0,0,0.00848826363156775,0,0,0,0,0,0,0,0,0,0,0,0,0,0,0,0,0,0,0,0,0,0,0,0,0,0,0,0,0,0,0,0,0,0,0,0,0,0,0,0,0,0,0,0,0,0,0,0,0,0,0,0,0,0,0,0.0509295817894065,0,0,0,0,0,0.00282942121052258,0,0,0,0,0,0,0,0,0,0,0,0,0,0,0,0,0,0,0,0,0,0,0,0.00565884242104517,0,0,0,0,0,0.00848826363156775,0,0,0,0,0,0.00565884242104517,0,0,0,0,0,0,0,0,0,0,0,0,0,0,0,0,0,0,0,0,0,0,0,0.00282942121052258,0,0,0,0,0,0,0,0,0,0,0,0,0,0,0,0,0,0,0,0,0,0,0,0,0,0,0,0,0,0,0,0,0,0,0,0,0,0,0,0,0.00282942121052258,0,0,0,0,0,0,0,0,0,0,0,0,0,0,0,0,0,0,0,0,0,0,0,0,0,0,0,0,0,0,0,0,0,0,0,0,0,0,0,0,0,0,0,0,0,0,0,0,0,0,0,0,0,0,0,0,0,0,0,0,0,0,0,0,0,0,0,0,0,0,0,0,0,0,0,0,0,0.00282942121052258,0,0,0,0,0,0,0,0,0,0,0,0,0,0,0,0,0,0,0,0.00282942121052258,0,0.0169765272631355,0,0,0,0,0.00282942121052258,0,0,0,0,0,0,0,0,0,0,0,0,0,0.0367824757367936,0,0,0,0,0,0,0,0,2.20461427170893,0,0,0,0,0,0,0,0,0,0,0,0,0,0.486585586504971,0,5.47919867376128,0,0,0,0,0,0,0,0,0,0,0,0,0,0,0,0,0,0,0,0,0,0,0,0,0,0,0,0,0,0,0,0,0,0,1.58336674477812,0,0,0,0,0,0,0,0,0,0,0,0,0,0,0,0,0,0,0,0,0,0,0,0,0,0,0,0,0,0,0,0,0,0,0,0,0,0,0,0,0,0,0,0,0,0,0,0,0,0,0,0,0.0656273502215214,0,0,0,0,0,0,0,0,0,0,0,0,0,0,0,0.188167966577744,0,0,0,0,0,0,0,0,0,0,0,0,1.87899599053836,0,0,0,0,0,0,0,0,0,0,0,0,0,0,0,0,0,0,0,0,0,0,0,0,0,0,0,0,0,0,0,0,0,0,0,0,0,0,0,0,0,0,0,0,0,0,0,0,0,0,0,0,0.857890049775525,0,0,0,0,0,0,0,0,0,0,0,0,0,0,0,0,0,0,0,0,0,0,0,0,0,0,0.248011218555631,0,0,0,0,0,0,0.0584803652062711,0,0,0,0,0,0,0,0,0,0,0,0,0,0,0,0,0,5.96017577996582,0,0,0,0,0,0,0,0,0,0,0,0,0,0,0,0,0,0,0,0,0,0,0,0,0,0,0,0,1.77018725766236,0,0,0,0,0,0,0,0,0,0,0,0,0,0,0,0,0.0515662015617741,0,0,0,0,0,0,0,0,0,0.373383815427623,0,0,0,0,0,0,0,0,0,0,0,0,0,0,0,0,0,0,0,0,0,0,0,0,0,0,0,0,0,0,0,0,0,0,0,0,0,0,0,0,0,0,0,0,0,0,0,0,0,0,0,0,0,0,0,0,0,0,0,0,0,0,0.0139354019231439,0,0,0,0,0,0,0,0,0,0,0,0,0,0,0,0,0,0,0,0,0,0,0,0,0,0,0,0,0,0,0,0,0,0,0,0,0,0,0,0,0,0,0,0,0,0,0,0,0,0,0,0,0,0,0,13.2088203944023,0,0,0,0,0,1.81812388583324,0,0,0,0,0,0,0,0,0,0,0,0,0,0,0,0,0,0,0,0,0,0,0,0.578054827676307,0,0,0,0,0,0.660998065517444,0,0,0,0,0,0.273781565481321,0,0,0,0,0,0,0,0,0,0,0,0,0,0,0,0,0,0,0,0,0,0,0,0.0194481175912582,0,0,0,0,0,0,0,0,0,0,0,0,0,0,0,0,0,0,0,0,0,0,0,0,0,0,0,0,0,0,0,0,0,0,0,0,0,0,0,0,0.0111597761375627,0,0,0,0,0,0,0,0,0,0,0,0,0,0,0,0,0,0,0,0,0,0,0,0,0,0,0,0,0,0,0,0,0,0,0,0,0,0,0,0,0,0,0,0,0,0,0,0,0,0,0,0,0,0,0,0,0,0,0,0,0,0,0,0,0,0,0,0,0,0,0,0,0,0,0,0,0,0.0564893944680834,0,0,0,0,0,0,0,0,0,0,0,0,0,0,0,0,0,0,0,0.615097679044722,0,0.688939367297904,0,0,0,0,0.0523468388737573,0,0,0,0,0,0,0,0,0,0,0,0,0,1.24096631408005,0,0,0,118.0319022,115.138302,110.624602,100.6659018,140.5266024,144.2005025,113.969402,129.7208023,132.2887023,131.5689023,136.8499023,"JOH-00484"
"545",7893,"nSPC",2015,"PRIAs","Pacific Remote Island Areas","Johnston","Johnston",2015,"LagoonMid","Johnston","2015-01-29","Lagoon","Mid",16.73827347,-169.45786949,9.85,8.5,0,11.5,37.5,30,12.5,0,0,NA,2.28125,1.74745634524279,7.55,2,1,0.839938132542888,0.425990164263451,9.88416400557444,6.86541624685255,18.0155085492333,5.7247671360682,0,0,0,0,0,0.0113176848420903,0,0,0,0,0,0,0,0,0,0,0,0,0,0.0169765272631355,0,0.00565884242104517,0,0,0,0,0.0113176848420903,0,0,0,0,0,0,0,0,0,0,0,0,0,0,0,0,0,0,0,0,0,0,0,0,0,0,0,0,0,0,0,0,0,0,0,0,0,0,0,0,0,0,0,0,0,0,0,0,0,0,0,0,0,0,0,0,0,0,0,0,0,0,0,0,0,0,0,0,0,0,0,0,0,0,0,0.00282942121052258,0,0,0,0,0,0,0,0,0,0,0,0,0,0,0,0,0,0,0,0,0,0,0,0,0,0,0,0,0,0,0,0,0,0,0,0,0,0,0,0,0,0.0169765272631355,0,0,0,0,0,0,0,0,0,0,0,0,0,0,0,0,0,0,0,0,0,0,0,0,0,0.0113176848420903,0,0,0,0,0,0,0,0,0.00565884242104517,0,0,0,0.00282942121052258,0,0,0,0,0,0,0,0.067906109052542,0,0,0,0,0,0.0141471060526129,0,0,0,0,0.00565884242104517,0,0,0,0,0,0,0,0,0,0,0,0,0,0,0,0,0,0,0,0,0,0,0,0,0,0,0,0,0,0,0.00282942121052258,0,0,0,0,0,0,0,0,0,0.0282942121052258,0,0,0.0113176848420903,0,0,0,0,0,0,0,0,0,0,0,0,0,0,0,0,0,0,0,0,0,0,0,0,0,0.00848826363156775,0,0,0,0,0,0,0,0,0,0,0,0,0,0,0,0,0,0,0,0,0,0,0,0,0,0,0.0113176848420903,0,0,0,0,0,0,0,0,0,0,0,0,0,0,0,0,0,0,0,0,0,0,0,0,0,0,0,0,0,0,0,0,0,0,0,0,0,0,0,0,0,0,0,0,0,0,0,0,0,0,0,0,0,0,0,0,0,0,0,0,0,0,0,0,0,0,0,0,0,0,0,0,0,0,0,0,0,0,0,0,0,0,0,0,0,0,0,0,0,0,0,0,0,0,0,0,0,0,0,0,0,0,0,0,0,0,0,0,0,0,0,0,0,0,0,0,0,0,0.00565884242104517,0,0,0,0,0,0,0,0,0,0,0,0,0,0,0,0,0,0,0,0,0,0,0,0,0,0,0,0,0,0.00282942121052258,0,0,0,0,0,0,0,0,0,0.00282942121052258,0,0.00282942121052258,0.0113176848420903,0,0,0,0,0,0,0,0,0,0,0,0,0,0,0,0,0,0,0,0,0,0,0,0,0,0,0,0,0,0,0,0,0,0,0,0,0,0,0,0,0,0,0,0,0,0,0,0,0,0,0,0,0,0,0,0,0,0,0,0,0,0,0,0,0,0,0,0,0,0,0,0,0,0,0,0,0,0,0,0,0,0,0,0,0,0,0,0,0,0,0,0,0,0,0,0,0,0,0,0,0,0,0,0,0.00282942121052258,0,0,0,0,0,0,0,0,0,0,0,0,0,0,0,0,0,0,0,0,0,0,0,0,0,0,0,0,0,0,0,0,0,0,0,0,0,0,0,0,0,0,0,0,0,0,0,0,0,0,0,0,0,0,0,0,0,0,0.0113176848420903,0,0,0,0,0,0,0,0,0,0,0,0,0,0,0,0,0,0,0.0113176848420903,0,0,0,0,0,0,0,0,0.347594395712699,0,0,0,0,0,0,0,0,0,0,0,0,0,0.552761086373261,0,1.45902718903343,0,0,0,0,0.478863030431448,0,0,0,0,0,0,0,0,0,0,0,0,0,0,0,0,0,0,0,0,0,0,0,0,0,0,0,0,0,0,0,0,0,0,0,0,0,0,0,0,0,0,0,0,0,0,0,0,0,0,0,0,0,0,0,0,0,0,0,0,0,0,0,0,0,0,0,0,0,0,0,0,0,0,0,0.0424212444610455,0,0,0,0,0,0,0,0,0,0,0,0,0,0,0,0,0,0,0,0,0,0,0,0,0,0,0,0,0,0,0,0,0,0,0,0,0,0,0,0,0,2.48269593319155,0,0,0,0,0,0,0,0,0,0,0,0,0,0,0,0,0,0,0,0,0,0,0,0,0,0.434803207853057,0,0,0,0,0,0,0,0,0.123361185945009,0,0,0,3.16722241354142,0,0,0,0,0,0,0,2.34067952093034,0,0,0,0,0,0.361867856742817,0,0,0,0,0.344411346236754,0,0,0,0,0,0,0,0,0,0,0,0,0,0,0,0,0,0,0,0,0,0,0,0,0,0,0,0,0,0,0.832698662256796,0,0,0,0,0,0,0,0,0,0.637412010306528,0,0,0.425990164263451,0,0,0,0,0,0,0,0,0,0,0,0,0,0,0,0,0,0,0,0,0,0,0,0,0,0.14018093049214,0,0,0,0,0,0,0,0,0,0,0,0,0,0,0,0,0,0,0,0,0,0,0,0,0,0,0.127738849922301,0,0,0,0,0,0,0,0,0,0,0,0,0,0,0,0,0,0,0,0,0,0,0,0,0,0,0,0,0,0,0,0,0,0,0,0,0,0,0,0,0,0,0,0,0,0,0,0,0,0,0,0,0,0,0,0,0,0,0,0,0,0,0,0,0,0,0,0,0,0,0,0,0,0,0,0,0,0,0,0,0,0,0,0,0,0,0,0,0,0,0,0,0,0,0,0,0,0,0,0,0,0,0,0,0,0,0,0,0,0,0,0,0,0,0,0,0,0,0.440123042701907,0,0,0,0,0,0,0,0,0,0,0,0,0,0,0,0,0,0,0,0,0,0,0,0,0,0,0,0,0,0.839938132542888,0,0,0,0,0,0,0,0,0,0.740718469869592,0,0.344770422496462,0.80808269772525,0,0,0,0,0,0,0,0,0,0,0,0,0,0,0,0,0,0,0,0,0,0,0,0,0,0,0,0,0,0,0,0,0,0,0,0,0,0,0,0,0,0,0,0,0,0,0,0,0,0,0,0,0,0,0,0,0,0,0,0,0,0,0,0,0,0,0,0,0,0,0,0,0,0,0,0,0,0,0,0,0,0,0,0,0,0,0,0,0,0,0,0,0,0,0,0,0,0,0,0,0,0,0,0,0.216865201596436,0,0,0,0,0,0,0,0,0,0,0,0,0,0,0,0,0,0,0,0,0,0,0,0,0,0,0,0,0,0,0,0,0,0,0,0,0,0,0,0,0,0,0,0,0,0,0,0,0,0,0,0,0,0,0,0,0,0,0.124086684120823,0,0,0,0,0,0,0,0,0,0,0,0,0,0,0,0,0,0,0.201194870485925,0,0,0,0,0,0,0,0,0,0,0,0,0,0,"JOH-00538"
"546",7907,"nSPC",2015,"PRIAs","Pacific Remote Island Areas","Howland","Howland",2015,"ForereefMid","Howland","2015-02-03","Forereef","Mid",0.81009996,-176.62243064,14.75,3.5,0,1,6.5,29,2.5,0,57.5,NA,0.43875,0.343069131950727,1.5,2,1,34.0581307855521,2444.07556272622,7.60081815375442,6.70206432834775,2492.43657599387,0,0,0,0,0,0,0,0,0,0,0,0,0,0,0,0,0,0.00565884242104517,0,0,0,0,0,0,0,0,0.00282942121052258,0,0,0,0,0,0,0,0,0,0,0,0,0,0,0,0,0,0,0,0,0,0,0,0,0,0,0,0,0,0,0.00282942121052258,0,0,0,0,0,0,0,0,0,0,0,0,0,0,0,0,0,0,0,0.0169765272631355,0,0,0,0,0,0,0,0,0.00282942121052258,0,0,0,0,0,0,0,0,0,0,0,0,0,0,0,0,0,0,0,0,0,0,0,0,0,0.0282942121052258,0,0,0,0,0.0282942121052258,0,0,0,0.0537590029999291,0,0,0,0.00282942121052258,0.0707355302630646,0.0396118969473162,0,0,0,0,0,0,0,0,0,0.0169765272631355,0,0.00282942121052258,0,0,0,0,0,0.00565884242104517,0,0,0,0,0,0,0,0,0,0,0,0,0,0,0,0,0,0,0,0,0,0,0,0,0,0,0.00848826363156775,0.158447587789265,0,0,0.00565884242104517,0,0,0,0,0,0,0,0,0,0,0,0,0,0,0,0,0,0,0,0,0,0,0,0,0,0,0,0,0,0,0,0,0,0,0,0,0,0,0,0,0,0,0,0,0,0,0,0,0,0,0,0,0,0,0,0,0,0,0,0,0,0.0424413181578388,0,0.00282942121052258,0.00848826363156775,0,0,0,0,0,0,0,0,0,0,0,0,0,0,0,0,0.00282942121052258,0,0,0,0,0,0,0,0,0,0,0,0,0,0,0,0,0,0,0,0,0,0,0,0,0,0,0,0,0,0,0,0,0,0,0,0,0,0,0,0,0,0,0,0.00565884242104517,0,0,0,0,0,0,0.00282942121052258,0,0,0,0,0,0,0,0,0,0,0,0,0,0.00282942121052258,0,0,0,0,0,0,0,0,0,0,0,0,0,0,0,0,0,0,0,0,0,0,0,0,0,0,0,0,0,0,0,0,0,0,0,0.00282942121052258,0.0141471060526129,0,0,0,0,0,0,0,0,0,0,0,0,0,0,0,0,0.00848826363156775,0,0,0,0,0,1.69765272631355,0.00848826363156775,0,0,0,0,0,0,0,0,0,0.00282942121052258,0.0226353696841807,0,0,0,0,0,0,0,0.0141471060526129,0.0282942121052258,0,0,0,0,0,0,0.0198059484736581,0,0,0,0,0,0,0,0.00282942121052258,0,0,0,0,0,0,0,0,0,0,0,0,0,0,0,0,0,0,0,0,0,0,0,0,0,0,0,0,0,0,0.00282942121052258,0,0,0,0,0,0.00565884242104517,0.00282942121052258,0,0,0,0,0,0,0,0,0,0,0,0,0,0,0,0,0,0,0,0,0,0,0.0141471060526129,0,0,0,0,0.0254647908947033,0.0113176848420903,0,0,0,0,0,0,0,0,0,0,0,0,0,0,0,0,0,0,0,0,0,0,0,0,0,0,19.8059484736581,0,0,0,0,0,0,0,0,0,0,0,0.00282942121052258,0.0424413181578388,0.101859163578813,0,0,0,0.00848826363156775,0,0,0,0,0,0,0,0,0,0,0,0,0,0,0,0.00282942121052258,0,0,0,0,0,0,0,0,0,0,0,0,0,0.00565884242104517,0,0,0,0,0,0,0,0,0,0,0,0,0,0,0,0,0,0,0,0,0,0,0,0,0,0,0,0,0,0,0,0,0,0,0,0,0,0,0,0,0,0,0,0,0,0,0,0,0,0,0.00282942121052258,0,0,0,0,0,0,0,0,0,0,0,0,0,0,0,0,0,0,0.00565884242104517,0,0,0,0,0,0,0.00282942121052258,0,0,0,0,0,0,0,0,0.0169765272631355,0,0,0,0,0,0,0,0,0,0,0,0,0,0,0,0,0,0.571219563274341,0,0,0,0,0,0,0,0,0.252468122846446,0,0,0,0,0,0,0,0,0,0,0,0,0,0,0,0,0,0,0,0,0,0,0,0,0,0,0,0,0,0,0.410696147549774,0,0,0,0,0,0,0,0,0,0,0,0,0,0,0,0,0,0,0,1.23878957370896,0,0,0,0,0,0,0,0,0.0980785542552974,0,0,0,0,0,0,0,0,0,0,0,0,0,0,0,0,0,0,0,0,0,0,0,0,0,6.09125251989823,0,0,0,0,6.74770953651053,0,0,0,0.222227460169185,0,0,0,0.0215850885308347,0.14160988916066,5.25721399056248,0,0,0,0,0,0,0,0,0,0.683030348872184,0,0.00197097481525003,0,0,0,0,0,0.399942920496372,0,0,0,0,0,0,0,0,0,0,0,0,0,0,0,0,0,0,0,0,0,0,0,0,0,0,0.588057687236687,0.356673442493024,0,0,0.163500585259839,0,0,0,0,0,0,0,0,0,0,0,0,0,0,0,0,0,0,0,0,0,0,0,0,0,0,0,0,0,0,0,0,0,0,0,0,0,0,0,0,0,0,0,0,0,0,0,0,0,0,0,0,0,0,0,0,0,0,0,0,0,0.744578433644604,0,0.276993760608636,0.484881961983995,0,0,0,0,0,0,0,0,0,0,0,0,0,0,0,0,1.88908750417031,0,0,0,0,0,0,0,0,0,0,0,0,0,0,0,0,0,0,0,0,0,0,0,0,0,0,0,0,0,0,0,0,0,0,0,0,0,0,0,0,0,0,0,2.142783480361,0,0,0,0,0,0,2.68601882813709,0,0,0,0,0,0,0,0,0,0,0,0,0,0.0416263326000675,0,0,0,0,0,0,0,0,0,0,0,0,0,0,0,0,0,0,0,0,0,0,0,0,0,0,0,0,0,0,0,0,0,0,0,0.0174192156537166,0.0296188687425909,0,0,0,0,0,0,0,0,0,0,0,0,0,0,0,0,10.5254580093863,0,0,0,0,0,1.0419513373022,2415.10552588925,0,0,0,0,0,0,0,0,0,0.248286972602325,3.61322601247627,0,0,0,0,0,0,0,1.04370027326311,2.07724543648845,0,0,0,0,0,0,1.03885125636948,0,0,0,0,0,0,0,1.09998881411292,0,0,0,0,0,0,0,0,0,0,0,0,0,0,0,0,0,0,0,0,0,0,0,0,0,0,0,0,0,0,0.0126222754078381,0,0,0,0,0,0.0896407867368694,0.178309917462687,0,0,0,0,0,0,0,0,0,0,0,0,0,0,0,0,0,0,0,0,0,0,0.0654246750697132,0,0,0,0,0.101709881873947,0.0777924703650329,0,0,0,0,0,0,0,0,0,0,0,0,0,0,0,0,0,0,0,0,0,0,0,0,0,0,16.7064957910669,0,0,0,0,0,0,0,0,0,0,0,0.200035814642207,0.330812371513937,0.0333482394563178,0,0,0,0.0237133017101489,0,0,0,0,0,0,0,0,0,0,0,0,0,0,0,0.535633202290094,0,0,0,0,0,0,0,0,0,0,0,0,0,0.772255434589129,0,0,0,0,0,0,0,0,0,0,0,0,0,0,0,0,0,0,0,0,0,0,0,0,0,0,0,0,0,0,0,0,0,0,0,0,0,0,0,0,0,0,0,0,0,0,0,0,0,0,0.134270749429591,0,0,0,0,0,0,0,0,0,0,0,0,0,0,0,0,0,0,0.059465379697311,0,0,0,0,0,0,5.31568465144233,0,0,0,0,0,0,0,0,0.446092258323807,0,47.00330082,58.36330102,71.35840119,55.15800097,48.45720084,42.29530074,53.45970089,51.99590088,44.4441008,53.98220091,51.78870088,"HOW-00443"
"547",7908,"nSPC",2015,"PRIAs","Pacific Remote Island Areas","Howland","Howland",2015,"ForereefDeep","Howland","2015-02-03","Forereef","Deep",0.81128424,-176.62296424,18,15,0,10,15,30,0,0,30,NA,0.37,0.26944387170615,0.6,1,1,30.8013493597608,4432.33982317854,10.5088645777071,4.2080388622301,4477.85807597824,5.75669847982524,0,0,0,0,0,0,0,0,0,0,0,0,0,0,0.00565884242104517,0.00565884242104517,0.00565884242104517,0,0,0.0113176848420903,0,0,0.0113176848420903,0,0,0.0226353696841807,0,0,0,0,0,0,0,0,0,0,0,0,0,0,0,0,0,0,0,0,0,0,0,0,0,0,0,0,0,0,0.00565884242104517,0.00565884242104517,0,0,0,0,0,0,0,0,0,0,0,0,0,0,0,0,0,0,0.00565884242104517,0,0,0,0,0,0,0,0,0,0,0,0,0,0,0,0,0,0,0,0,0,0,0,0,0,0,0,0,0,0,0,0,0,0,0,0,0,0,0,0.0113176848420903,0,0,0,0.0113176848420903,0,0,0,0,0.0452707393683613,0.0565884242104517,0,0,0,0,0,0,0,0,0,0.00565884242104517,0,0.113176848420903,0,0,0,0,0,0,0,0,0,0,0,0,0,0,0,0,0,0,0,0,0,0,0,0,0,0,0,0,0,0,0,0,0.00565884242104517,0.0735649514735872,0,0,0,0,0,0,0,0,0,0,0,0,0,0,0,0,0,0,0,0,0,0,0,0,0,0,0,0,0,0,0,0,0,0,0,0.0848826363156775,0,0,0,0,0,0,0,0,0,0,0,0,0,0,0,0,0,0,0,0,0,0,0,0,0,0,0,0,0.00565884242104517,0,0,0,0,0,0,0,0,0,0,0,0,0,0,0,0,0,0,0,0,0,0,0,0,0,0,0,0,0,0,0,0,0,0,0,0,0,0,0,0,0,0,0,0,0,0,0,0,0,0,0,0.0113176848420903,0,0,0,0,0,0,0,0,0,0.00565884242104517,0,0.0113176848420903,0,0,0,0,0,0,0,0,0,0,0,0,0,0,0,0,0,0.00565884242104517,0,0,0,0,0,0.0113176848420903,0,0,0,0,0,0,0,0,0,0,0,0,0,0,0,0,0,0,0,0,0,0,0,0,0,0,0,0,0,0,0,0,0.0113176848420903,0,0,0,0,0.00565884242104517,0,0,0,0,0,0,0,0,8.48826363156775,0,0,0,0.0113176848420903,0,0,0,0,0,2.26353696841807,0.0169765272631355,0,0,0,0,0,0,0,0,0,0,0.0169765272631355,0,0,0,0,0,0,0,0,0,0,0,0,0,0,0,0,0,0,0,0,0,0,0.0848826363156775,0.0113176848420903,0,0,0,0,0,0,0,0,0,0,0,0,0,0,0,0,0,0,0,0,0,0,0,0,0,0,0,0,0,0,0,0,0,0,0,0,0.0113176848420903,0,0,0,0,0,0,0,0,0,0,0,0,0,0,0,0,0,0,0,0,0,0,0,0.130153375684039,0,0,0,0,0.0169765272631355,0,0,0,0,0,0,0,0,0,0,0,0,0,0,0,0.00565884242104517,0,0,0,0,0,0,0,0,0,0,0,4.52707393683613,0,0,0,0,0,0,0,0,0,0,0,0,0.0113176848420903,0.141471060526129,0,0,0,0.0113176848420903,0,0,0,0,0,0,0,0,0,0,0,0,0,0,0,0,0,0,0,0,0.00565884242104517,0,0,0,0,0,0,0,0,0,0,0,0,0,0,0,0,0,0,0,0,0,0,0,0,0,0,0,0.0113176848420903,0,0,0,0,0,0,0,0,0,0,0,0,0,0,0,0,0,0,0,0,0,0,0,0,0,0,0,0,0,0,0,0,0,0,0,0,0,0,0,0,0,0,0.282942121052258,0,0,0,0,0,0,0,0,0,0,0,0,0,0,0,0,0,0,0,0,0,0,0,0.00565884242104517,0,0,0,0,0,0,0,0,0,0,0,0,0,0,0,0.0777635980393523,1.6748115982009,0.0975325498787766,0,0,0.208678108204013,0,0,0.148510660497909,0,0,1.16883390206688,0,0,0,0,0,0,0,0,0,0,0,0,0,0,0,0,0,0,0,0,0,0,0,0,0,0,0,0,0,0,1.04432805111904,0.605098822703094,0,0,0,0,0,0,0,0,0,0,0,0,0,0,0,0,0,0,0.949279445308405,0,0,0,0,0,0,0,0,0,0,0,0,0,0,0,0,0,0,0,0,0,0,0,0,0,0,0,0,0,0,0,0,0,0,0,0,0,0,0,14.2951581592984,0,0,0,0.119918907375313,0,0,0,0,0.0647913656533645,3.57688076975124,0,0,0,0,0,0,0,0,0,0.0780012281657109,0,0.0233597015140745,0,0,0,0,0,0,0,0,0,0,0,0,0,0,0,0,0,0,0,0,0,0,0,0,0,0,0,0,0,0,0,0,0.447063356309831,0.0944607929975386,0,0,0,0,0,0,0,0,0,0,0,0,0,0,0,0,0,0,0,0,0,0,0,0,0,0,0,0,0,0,0,0,0,0,0,0.0088391123889976,0,0,0,0,0,0,0,0,0,0,0,0,0,0,0,0,0,0,0,0,0,0,0,0,0,0,0,0,0.261790264166041,0,0,0,0,0,0,0,0,0,0,0,0,0,0,0,0,0,0,0,0,0,0,0,0,0,0,0,0,0,0,0,0,0,0,0,0,0,0,0,0,0,0,0,0,0,0,0,0,0,0,0,0.141471060526129,0,0,0,0,0,0,0,0,0,0.340561520784862,0,5.47622632506919,0,0,0,0,0,0,0,0,0,0,0,0,0,0,0,0,0,0.17433998062425,0,0,0,0,0,0.0325134450143571,0,0,0,0,0,0,0,0,0,0,0,0,0,0,0,0,0,0,0,0,0,0,0,0,0,0,0,0,0,0,0,0,0.0108048681965308,0,0,0,0,0.00540243409826541,0,0,0,0,0,0,0,0,3.20182963025157,0,0,0,6.20668428512681,0,0,0,0,0,0.58609762723249,4350.23511117847,0,0,0,0,0,0,0,0,0,0,1.48972183561395,0,0,0,0,0,0,0,0,0,0,0,0,0,0,0,0,0,0,0,0,0,0,73.6838162129398,2.165515456861,0,0,0,0,0,0,0,0,0,0,0,0,0,0,0,0,0,0,0,0,0,0,0,0,0,0,0,0,0,0,0,0,0,0,0,0,0.124070541230471,0,0,0,0,0,0,0,0,0,0,0,0,0,0,0,0,0,0,0,0,0,0,0,0.339729352154976,0,0,0,0,0.0400892890562156,0,0,0,0,0,0,0,0,0,0,0,0,0,0,0,0.639729872162188,0,0,0,0,0,0,0,0,0,0,0,1.57378066571687,0,0,0,0,0,0,0,0,0,0,0,0,0.0446391045502509,0.0673791555617427,0,0,0,0.0446391045502509,0,0,0,0,0,0,0,0,0,0,0,0,0,0,0,0,0,0,0,0,0.392677206190492,0,0,0,0,0,0,0,0,0,0,0,0,0,0,0,0,0,0,0,0,0,0,0,0,0,0,0,5.75669847982524,0,0,0,0,0,0,0,0,0,0,0,0,0,0,0,0,0,0,0,0,0,0,0,0,0,0,0,0,0,0,0,0,0,0,0,0,0,0,0,0,0,0,0.0215036011999716,0,0,0,0,0,0,0,0,0,0,0,0,0,0,0,0,0,0,0,0,0,0,0,0.117943351592101,0,48.89550086,60.70910106,73.89990124,58.98670104,50.05380086,43.77570077,55.53070094,55.68720095,46.25390084,54.75840092,55.39690096,"HOW-00457"
"548",7912,"nSPC",2015,"PRIAs","Pacific Remote Island Areas","Howland","Howland",2015,"ForereefDeep","Howland","2015-02-04","Forereef","Deep",0.80187094,-176.60987087,17.8,30,0,1.5,30,37.5,1,0,0,NA,0.365,0.21442366984036,0.8,2,1,35.243522775488,156.758007286883,10.0239229333761,50.5384102673755,252.563863263123,0.573889961213685,0,0,0,0,0,0,0,0,0,0,0,0,0,0,0,0,0.0254647908947033,0,0,0,0,0,0,0,0,0,0,0,0,0,0,0,0,0,0,0,0,0,0,0,0,0,0,0,0,0,0,0,0,0,0,0,0,0,0,0,0.00848826363156775,0,0,0,0,0,0,0,0,0,0,0,0,0,0,0,0,0,0,0,0.0169765272631355,0,0,0,0,0,0,0,0,0.00282942121052258,0,0,0,0,0.00282942121052258,0,0,0,0,0,0,0,0,0,0,0,0,0,0,0,0,0,0,0,0,0,0,0,0,0,0.00565884242104517,0,0,0,0.0452707393683613,0,0,0,0,0.124494533262994,0.00848826363156775,0,0,0,0,0,0,0,0,0.00282942121052258,0.0311236333157484,0.00848826363156775,8.48826363156775,0,0,0,0,0,0,0,0,0,0,0,0,0,0,0,0,0,0,0,0,0,0,0,0,0,0,0,0,0,0,0,0,0,0.633790351157059,0,0,0,0,0,0,0,0,0,0,0,0,0,0,0,0,0,0,0,0,0,0,0,0,0,0,0,0,0,0,0,0,0,0,0,0.481001605788839,0,0,0,0,0,0,0,0,0,0,0,0,0,0,0,0,0,0,0,0,0,0,0,0,0,0,0,0,0.00565884242104517,0,0,0.0311236333157484,0,0,0,0,0,0,0,0,0,0,0,0,0,0,0,0,0,0,0,0,0,0,0,0,0,0,0,0,0,0,0,0,0,0,0,0,0,0,0,0,0,0,0,0,0,0,0,0,0.00282942121052258,0,0,0,0,0,0,0,0,0,0.0594178454209743,0,0,0,0,0,0,0.00282942121052258,0,0.00282942121052258,0,0,0,0,0,0,0,0,0,0,0.00282942121052258,0,0,0,0,0,0.0113176848420903,0,0,0,0,0,0,0,0,0.00282942121052258,0,0,0,0,0,0,0,0,0,0,0,0,0,0,0,0,0,0,0,0,0,0,0,0,0.00565884242104517,0,0,0,0.0254647908947033,0,0,0,0,0,0,0,0,11.3176848420903,0,0,0,0.0113176848420903,0.00565884242104517,0,0,0.00565884242104517,0,31.1236333157484,0,0,0,0,0,0,0,0,0,0,0.00282942121052258,0.0113176848420903,0,0,0,0,0,0,0,0.311236333157484,0.282942121052258,0,0.282942121052258,0.282942121052258,0,0,0,0,0,0,0,0,0,0,0,0.00565884242104517,0,0,0,0,0,0,0,0,0,0,0,0,0,0,0,0,0,0,0,0,0,0,0,0,0,0,0,0,0,0,0.00565884242104517,0,0,0,0,0,0.0169765272631355,0.0481001605788839,0,0,0,0,0,0,0,0,0,0,0,0,0,0,0,0,0,0,0,0,0,0,0.124494533262994,0,0,0,0,0.132982796894561,0,0,0,0,0,0,0,0,0,0,0,0,0,0,0,0,0,0,0,0,0,0,0,0,0,0,0,3.3953054526271,0,0,0.282942121052258,0,0,0,0,0,0,0,0,0,0.0905414787367227,5.8003134815713,0,0,0,0.00282942121052258,0,0,0,0,0,0,0,0,0,0,0,0,0,0,0,0.00282942121052258,0,0,0,0,0,0,0,0,0,0,0,0,0.00282942121052258,0.0282942121052258,0,0,0,0,0,0,0,0,0,0,0,0,0,0,0,0,0,0,0.00282942121052258,0,0,0,0,0,0,0,0,0,0,0,0,0,0,0,0,0,0,0,0,0,0,0.0848826363156775,0,0,0,0,0,0,0,0,0,0,0,0,0,0,0,0,0,0,0,0.0565884242104517,0,0,0,0,0,0,0,0,0,0,0,0,0,0,0,0,0,0,0,0,0.00565884242104517,0,0,0,0,0,0,0,0,0,0,0,0,0,0,0,0,0,0,0,0,1.42748317781843,0,0,0,0,0,0,0,0,0,0,0,0,0,0,0,0,0,0,0,0,0,0,0,0,0,0,0,0,0,0,0,0,0,0,0,0,0,0,0,1.0968831353939,0,0,0,0,0,0,0,0,0,0,0,0,0,0,0,0,0,0,0,1.73611368492186,0,0,0,0,0,0,0,0,0.0980785542552974,0,0,0,0,0.132368795674075,0,0,0,0,0,0,0,0,0,0,0,0,0,0,0,0,0,0,0,0,0,0,0,0,0,1.32182365560767,0,0,0,0.128680803113502,0,0,0,0,0.226836302633121,0.991596000773163,0,0,0,0,0,0,0,0,2.21580147789716,2.01855193453588,0.381966436837061,5.9129244457501,0,0,0,0,0,0,0,0,0,0,0,0,0,0,0,0,0,0,0,0,0,0,0,0,0,0,0,0,0,0,0,0,0,0.981107463591127,0,0,0,0,0,0,0,0,0,0,0,0,0,0,0,0,0,0,0,0,0,0,0,0,0,0,0,0,0,0,0,0,0,0,0,2.93389483940781,0,0,0,0,0,0,0,0,0,0,0,0,0,0,0,0,0,0,0,0,0,0,0,0,0,0,0,0,0.261790264166041,0,0,3.53816035145296,0,0,0,0,0,0,0,0,0,0,0,0,0,0,0,0,0,0,0,0,0,0,0,0,0,0,0,0,0,0,0,0,0,0,0,0,0,0,0,0,0,0,0,0,0,0,0,0,0.0970491475209246,0,0,0,0,0,0,0,0,0,0.64916433301204,0,0,0,0,0,0,1.05657708918289,0,2.68601882813709,0,0,0,0,0,0,0,0,0,0,0.109390817412507,0,0,0,0,0,0.0516301464811319,0,0,0,0,0,0,0,0,0.282170254946028,0,0,0,0,0,0,0,0,0,0,0,0,0,0,0,0,0,0,0,0,0,0,0,0,0.0118986628076631,0,0,0,0.0212410187921633,0,0,0,0,0,0,0,0,7.59756183449524,0,0,0,20.8602534355875,0.482187451723253,0,0,0.839701739020985,0,7.00061054749919,0,0,0,0,0,0,0,0,0,0,0.690217876139193,1.78945189285464,0,0,0,0,0,0,0,31.4389930228826,42.6014124164773,0,39.0830615064905,49.5044460104308,0,0,0,0,0,0,0,0,0,0,0,1.12960833414738,0,0,0,0,0,0,0,0,0,0,0,0,0,0,0,0,0,0,0,0,0,0,0,0,0,0,0,0,0,0,0.0252445508156762,0,0,0,0,0,0.0913583310445346,2.06495714830722,0,0,0,0,0,0,0,0,0,0,0,0,0,0,0,0,0,0,0,0,0,0,0.343368538266455,0,0,0,0,0.419779950400031,0,0,0,0,0,0,0,0,0,0,0,0,0,0,0,0,0,0,0,0,0,0,0,0,0,0,0,2.67542713171868,0,0,0.81787242546069,0,0,0,0,0,0,0,0,0,0.228213206238066,4.56913351111077,0,0,0,0.00627676278629307,0,0,0,0,0,0,0,0,0,0,0,0,0,0,0,0.535633202290094,0,0,0,0,0,0,0,0,0,0,0,0,0.701166520531591,4.99635494820251,0,0,0,0,0,0,0,0,0,0,0,0,0,0,0,0,0,0,0.573889961213685,0,0,0,0,0,0,0,0,0,0,0,0,0,0,0,0,0,0,0,0,0,0,0.56605540913926,0,0,0,0,0,0,0,0,0,0,0,0,0,0,0,0,0,0,0,0.0344057619199546,0,0,0,0,0,0,0,0,0,0,0,0,0,0,0,0,0,0,0,0,0.528018213807278,0,0,0,0,116.624002,122.1666022,112.952402,123.2979021,124.3249022,137.7982024,128.0971021,120.7104021,145.8650024,127.6044022,134.1847023,"HOW-00466"
"549",7913,"nSPC",2015,"PRIAs","Pacific Remote Island Areas","Howland","Howland",2015,"ForereefMid","Howland","2015-02-04","Forereef","Mid",0.80768974,-176.61002149,13.2,37.5,0,5,40,17,0.5,0,0,NA,0.4275,0.254091317736581,0.75,2,1,35.7283258345029,97.2556477907388,14.2285131624527,14.0122504384787,161.224737226173,1.28066497474059,0,0,0,0,0,0,0,0,0,0,0,0,0,0,0.0396118969473162,0,0.067906109052542,0,0,0,0,0,0,0,0,0,0,0,0,0,0,0,0,0,0,0,0,0,0,0,0,0,0,0,0,0,0,0,0,0,0,0,0,0,0,0,0.00848826363156775,0,0,0,0,0,0,0,0,0.00848826363156775,0,0,0,0,0,0,0,0,0,0,0.0509295817894065,0,0,0,0,0,0,0,0,0,0,0,0,0,0,0,0,0,0,0,0,0,0,0,0,0,0,0,0,0,0,0,0,0,0,0,0,0,0,0,0.0113176848420903,0,0,0,0.0198059484736581,0,0,0,0,0.0650766878420194,0.0282942121052258,0,0,0,0,0,0,0,0,0,0.0282942121052258,0.0113176848420903,0,0,0,0,0,0,0,0,0,0,0,0,0,0,0,0,0,0,0,0,0,0,0,0,0,0,0,0,0,0,0,0,0,0,1.27323954473516,0,0,0.0113176848420903,0,0,0,0,0,0,0,0,0,0,0,0,0,0,0,0,0,0,0,0,0,0,0,0,0,0,0,0,0,0,0,0,0.464025078525704,0,0,0,0,0,0,0,0,0.00848826363156775,0,0,0,0,0,0,0,0,0,0,0,0,0,0,0,0,0,0,0,0.00848826363156775,0,0.00282942121052258,0,0,0,0,0,0,0,0,0,0,0,0,0,0,0,0,0,0,0,0,0.00282942121052258,0,0,0,0,0,0,0,0,0,0,0,0,0,0,0,0,0,0,0,0,0,0,0,0,0,0,0,0,0.00565884242104517,0,0,0,0,0,0,0,0,0,0.0282942121052258,0,0,0,0,0,0,0,0,0,0.00282942121052258,0,0,0,0.00565884242104517,0,0,0,0,0,0.00282942121052258,0,0,0,0,0,0.0141471060526129,0,0,0,0,0,0,0,0,0.00565884242104517,0,0,0,0,0,0,0,0,0,0,0,0,0,0,0,0,0,0,0,0,0,0,0,0,0.0113176848420903,0,0,0,0.0198059484736581,0,0,0,0,0,0,0,0,39.6118969473162,0,0,0,0.00848826363156775,0,0,0,0,0,5.65884242104517,0,0,0,0,0,0,0,0,0,0,0.0707355302630646,0.0254647908947033,0,0,0,0,0,0,0,0,0,0,0,0,0,0,0,0,0,0,0,0,0,0,0,0.00282942121052258,0,0,0,0,0,0,0.00282942121052258,0,0,0,0,0,0,0,0,0,0,0,0,0,0,0,0.00565884242104517,0,0,0,0,0,0,0,0.00565884242104517,0,0,0,0,0,0.0113176848420903,0.0481001605788839,0,0,0,0,0,0,0,0,0,0,0,0,0,0,0,0,0,0,0,0,0,0,0.067906109052542,0,0,0,0,0.0594178454209743,0,0,0,0,0,0,0,0,0,0,0,0,0,0,0,0.0169765272631355,0,0,0,0,0,0,0,0,0,0,0,24.050080289442,0,0,0,0,0,0,0,0.00565884242104517,0,0,0,0,0.00848826363156775,32.821286042062,0,0,0,0.00565884242104517,0,0,0,0,0,0,0,0,0,0,0,0,0,0,0,0,0,0,0,0,0,0.00565884242104517,0,0,0,0,0,0,0,0.00282942121052258,0,0,0,0,0,0,0,0,0,0,0,0,0,0,0,0,0,0,0.00565884242104517,0,0,0,0,0,0,0,0,0,0,0,0,0,0,0,0,0,0,0,0,0,0,0.0113176848420903,0,0,0,0,0,0,0,0,0.00282942121052258,0.00565884242104517,0,0,0,0,0,0,0,0,0,0.00282942121052258,0,0,0,0,0,0,0,0.00848826363156775,0,0,0,0,0,0,0,0,0,0,0,0,0.0169765272631355,0,0,0.00282942121052258,0,0,0,0,0,0,0,0,0,0,0,0,0,0,0,1.32327434343353,0,2.62263558657696,0,0,0,0,0,0,0,0,0,0,0,0,0,0,0,0,0,0,0,0,0,0,0,0,0,0,0,0,0,0,0,0,0,0,0,0,0,0,0,1.01821390805653,0,0,0,0,0,0,0,0,0.275763626383531,0,0,0,0,0,0,0,0,0,0,5.2808013455321,0,0,0,0,0,0,0,0,0,0,0,0,0,0,0,0,0,0,0,0,0,0,0,0,0,0,0,0,0,0,0,0,0,0,0,0,0,0,0,4.64490305356788,0,0,0,0.0937906873011474,0,0,0,0,0.172775980585638,5.12054467578197,0,0,0,0,0,0,0,0,0,2.37448259369864,0.509288582449415,0,0,0,0,0,0,0,0,0,0,0,0,0,0,0,0,0,0,0,0,0,0,0,0,0,0,0,0,0,0,0,0,0,0,0.414999697210979,0,0,1.11346490814351,0,0,0,0,0,0,0,0,0,0,0,0,0,0,0,0,0,0,0,0,0,0,0,0,0,0,0,0,0,0,0,0,0.0630788579235298,0,0,0,0,0,0,0,0,0.0302624147391998,0,0,0,0,0,0,0,0,0,0,0,0,0,0,0,0,0,0,0,1.11345220503039,0,0.276993760608636,0,0,0,0,0,0,0,0,0,0,0,0,0,0,0,0,0,0,0,0,0.00854700238437323,0,0,0,0,0,0,0,0,0,0,0,0,0,0,0,0,0,0,0,0,0,0,0,0,0,0,0,0,0.094148990780139,0,0,0,0,0,0,0,0,0,0.371236580328821,0,0,0,0,0,0,0,0,0,1.05657708918289,0,0,0,5.68726681987871,0,0,0,0,0,0.236265071445519,0,0,0,0,0,0.198693275087738,0,0,0,0,0,0,0,0,0.59878927901441,0,0,0,0,0,0,0,0,0,0,0,0,0,0,0,0,0,0,0,0,0,0,0,0,0.0283678398377501,0,0,0,0.0273657321435441,0,0,0,0,0,0,0,0,16.2804896453469,0,0,0,12.608453530344,0,0,0,0,0,1.96722583214609,0,0,0,0,0,0,0,0,0,0,27.9837843151723,6.05493865060467,0,0,0,0,0,0,0,0,0,0,0,0,0,0,0,0,0,0,0,0,0,0,0,0.666516956435011,0,0,0,0,0,0,7.99409020778355,0,0,0,0,0,0,0,0,0,0,0,0,0,0,0,0.567688071319236,0,0,0,0,0,0,0,0.124598135842637,0,0,0,0,0,0.323759951163794,2.8941242128285,0,0,0,0,0,0,0,0,0,0,0,0,0,0,0,0,0,0,0,0,0,0,0.13408099820987,0,0,0,0,0.188440940074293,0,0,0,0,0,0,0,0,0,0,0,0,0,0,0,1.88771853024616,0,0,0,0,0,0,0,0,0,0,0,10.745123165929,0,0,0,0,0,0,0,0.0204125763811941,0,0,0,0,0.0830081761969091,31.7975833203015,0,0,0,0.0223195522751254,0,0,0,0,0,0,0,0,0,0,0,0,0,0,0,0,0,0,0,0,0,0.40082965877221,0,0,0,0,0,0,0,0.386127717294564,0,0,0,0,0,0,0,0,0,0,0,0,0,0,0,0,0,0,1.28066497474059,0,0,0,0,0,0,0,0,0,0,0,0,0,0,0,0,0,0,0,0,0,0,0.0727283103303679,0,0,0,0,0,0,0,0,0.0611154981472878,0.354825317294036,0,0,0,0,0,0,0,0,0,0.000725746540499043,0,0,0,0,0,0,0,0.175249822705832,0,0,0,0,0,0,0,0,0,0,0,0,1.35067638028303,0,0,0.0414531243563528,0,121.3522021,129.8737023,129.3275022,132.7760023,119.8122021,140.1086025,125.9640021,129.7803022,140.8714024,130.9892023,131.8327023,"HOW-00461"
"550",7914,"nSPC",2015,"PRIAs","Pacific Remote Island Areas","Howland","Howland",2015,"ForereefShallow","Howland","2015-02-04","Forereef","Shallow",0.80669833,-176.61018167,5.05,20,0,3,70,7,0,0,0,NA,0.32625,0.190471730478416,0.6,2,1,4.80551660895616,38.1357946690425,17.7400759403059,8.77821385545004,69.4596010737546,2.65326719912866,0,0,0,0,0,0,0,0,0,0,0,0,0,0,0.0198059484736581,0,0.113176848420903,0,0,0,0,0,0,0,0,0,0.0282942121052258,0,0,0,0,0,0,0,0,0,0,0,0,0,0,0,0,0,0,0,0,0,0,0,0,0,0,0,0,0,0,0,0,0,0,0,0,0,0,0,0,0,0,0,0,0,0,0,0,0,0.0198059484736581,0,0,0,0,0.00282942121052258,0,0,0,0,0,0,0,0,0,0,0,0,0,0,0,0,0,0,0.00282942121052258,0,0,0,0,0,0,0,0,0,0,0,0,0,0,0,0.00848826363156775,0,0,0,0.0141471060526129,0,0,0,0,0.0565884242104517,0,0,0,0,0,0,0,0,0,0,0.00848826363156775,0,0,0,0,0,0,0,0,0,0,0,0,0,0,0,0,0,0,0,0,0,0,0,0,0,0,0,0,0,0,0,0,0,0,0,0.24050080289442,0,0,0,0,0,0,0,0,0,0,0,0,0,0,0,0,0,0,0,0,0,0,0,0,0,0,0,0,0,0,23.2012539262852,0,0,0,0,0,0,0,0,0,0,0,0,0,0.00282942121052258,0.00565884242104517,0,0,0,0,0,0,0,0,0,0,0,0,0,0,0,0,0,0,0,0,0,0.0226353696841807,0,0,0,0,0,0,0,0,0,0,0,0,0,0,0,0,0,0,0,0,0,0,0,0,0,0,0,0,0,0,0,0,0,0,0,0,0.00282942121052258,0,0,0,0.00282942121052258,0,0,0,0,0,0,0,0,0,0,0,0,0,0,0,0,0,0.0424413181578388,0,0,0,0,0,0,0,0,0,0,0,0,0,0,0,0,0,0,0,0.0254647908947033,0,0,0,0,0,0.0198059484736581,0,0,0,0,0,0,0,0,0.0113176848420903,0,0,0,0,0,0,0,0,0,0,0,0,0,0,0,0,0,0,0,0,0,0,0,0,0.0141471060526129,0,0,0,0.00848826363156775,0,0,0,0,0,0,0,0,0,0,0,0,0,0,0,0,0,0,0,0,0,0,0,0,0,0,0,0,0,0.0282942121052258,0.00565884242104517,0,0,0,0,0,0,0,0,0,0,0,0,0,0,0,0,0,0,0,0,0,0,0,0,0,0,0,0,0,0,0,0,0,0,0,0,0,0,0,0,0,0,0,0,0,0,0,0,0,0,0,0,0,0,0.0254647908947033,0,0,0,0,0,0.00282942121052258,0.0198059484736581,0,0.00282942121052258,0,0,0,0,0,0,0,0,0,0,0,0,0,0,0,0,0,0,0,0,0.067906109052542,0,0,0,0,0.141471060526129,0,0,0,0,0,0.00282942121052258,0,0,0,0,0,0,0,0,0,0,0,0,0,0,0,0,0,0,0,0,0,0,0,0,0,0,0,0,0,0,0,0,0,0,0,17.8253536262923,0,0,0,0,0,0,0,0,0,0,0,0,0,0,0,0,0,0,0,0,0,0,0,0,0,0,0,0,0,0,0,0,0,0,0,0,0,0,0,0,0,0,0,0,0,0,0,0,0,0,0,0,0.00282942121052258,0,0,0,0,0,0,0,0,0,0,0,0,0,0,0,0,0.00282942121052258,0,0,0,0,0,0.124494533262994,0,0,0.169765272631355,0,0,0,0,0,0,0,0.00282942121052258,0,0,0,0,0,0,0,0,0.183912378683968,0,0,0,0,0.00282942121052258,0,0,0.0367824757367936,0,0.00565884242104517,0,0,0,0,0,0,0,0,0,0,0,0,0,0.00282942121052258,0,0,0,0,0,0,0,0,0,0,0,0,0,0,0,2.14900131521408,0,6.15343701452646,0,0,0,0,0,0,0,0,0,0.974594214728254,0,0,0,0,0,0,0,0,0,0,0,0,0,0,0,0,0,0,0,0,0,0,0,0,0,0,0,0,0,0,0,0,0,0,0,0,0,0,0,0,0,0,0,0,0,0,0,0,0,2.6731077560851,0,0,0,0,0.00328537127895869,0,0,0,0,0,0,0,0,0,0,0,0,0,0,0,0,0,0,0.819923672365924,0,0,0,0,0,0,0,0,0,0,0,0,0,0,0,2.43447667519696,0,0,0,0.095914867231414,0,0,0,0,0.141672441336528,0,0,0,0,0,0,0,0,0,0,0.493522564757691,0,0,0,0,0,0,0,0,0,0,0,0,0,0,0,0,0,0,0,0,0,0,0,0,0,0,0,0,0,0,0,0,0,0,0,0.22155216904755,0,0,0,0,0,0,0,0,0,0,0,0,0,0,0,0,0,0,0,0,0,0,0,0,0,0,0,0,0,0,17.4029776279855,0,0,0,0,0,0,0,0,0,0,0,0,0,0.0100874715797333,0.0620028046389077,0,0,0,0,0,0,0,0,0,0,0,0,0,0,0,0,0,0,0,0,0,2.66935768785684,0,0,0,0,0,0,0,0,0,0,0,0,0,0,0,0,0,0,0,0,0,0,0,0,0,0,0,0,0,0,0,0,0,0,0,0,0.491080834632434,0,0,0,0.0473611141964759,0,0,0,0,0,0,0,0,0,0,0,0,0,0,0,0,0,0.908847584474211,0,0,0,0,0,0,0,0,0,0,0,0,0,0,0,0,0,0,0,0.663620641859926,0,0,0,0,0,0.254086551778865,0,0,0,0,0,0,0,0,0.696716678879081,0,0,0,0,0,0,0,0,0,0,0,0,0,0,0,0,0,0,0,0,0,0,0,0,0.0305145243911243,0,0,0,0.00747800927608208,0,0,0,0,0,0,0,0,0,0,0,0,0,0,0,0,0,0,0,0,0,0,0,0,0,0,0,0,0,6.16525705516614,0.949279445308405,0,0,0,0,0,0,0,0,0,0,0,0,0,0,0,0,0,0,0,0,0,0,0,0,0,0,0,0,0,0,0,0,0,0,0,0,0,0,0,0,0,0,0,0,0,0,0,0,0,0,0,0,0,0,0.0410596583931502,0,0,0,0,0,0.110140412162358,1.22893500801024,0,0.188446368267865,0,0,0,0,0,0,0,0,0,0,0,0,0,0,0,0,0,0,0,0,0.187291929963521,0,0,0,0,0.458998613351143,0,0,0,0,0,0.0215007714033833,0,0,0,0,0,0,0,0,0,0,0,0,0,0,0,0,0,0,0,0,0,0,0,0,0,0,0,0,0,0,0,0,0,0,0,14.1146605129655,0,0,0,0,0,0,0,0,0,0,0,0,0,0,0,0,0,0,0,0,0,0,0,0,0,0,0,0,0,0,0,0,0,0,0,0,0,0,0,0,0,0,0,0,0,0,0,0,0,0,0,0,2.65326719912866,0,0,0,0,0,0,0,0,0,0,0,0,0,0,0,0,0.449283790490043,0,0,0,0,0,0.570579616158556,0,0,1.22197830016377,0,0,0,0,0,0,0,0.245239196590406,0,0,0,0,0,0,0,0,0.0139773407799816,0,0,0,0,0.214084591818935,0,0,0.527873231678114,0,0.553635371386836,0,0,0,0,0,0,0,0,0,0,0,0,0,0.139493067249543,0,120.3421021,126.7659022,128.0860022,130.2937022,118.4397021,137.8204024,121.840502,127.3871022,141.2590024,130.3358022,130.6875022,"HOW-00465"
"551",7915,"nSPC",2015,"PRIAs","Pacific Remote Island Areas","Howland","Howland",2015,"ForereefShallow","Howland","2015-02-04","Forereef","Shallow",0.8140019,-176.61253212,5.55,47.5,0,5.5,42.5,4.5,0,0,0,NA,0.4275,0.236878536684411,0.65,2,1,34.2856985317195,18.6773240548095,33.1533916209393,13.1044873567456,99.2209015642139,0.853949129567643,0,0,0,0,0,0,0,0,0,0,0,0,0,0,0,0,0.749796620788485,0,0,0,0,0,0.00848826363156775,0,0,0,0,0,0,0,0,0,0,0,0,0,0,0,0,0,0,0.00282942121052258,0,0,0,0,0,0,0,0,0,0,0,0,0,0,0,0,0,0,0,0,0,0,0,0,0,0,0,0,0,0,0,0,0,0,0.0254647908947033,0,0,0,0,0,0,0,0,0,0,0,0,0,0,0,0,0,0,0,0,0,0,0,0,0,0,0,0,0,0,0,0,0,0.00282942121052258,0,0,0,0,0,0.00848826363156775,0,0,0,0.0113176848420903,0,0,0,0,0.0707355302630646,0,0,0,0,0,0,0,0,0,0,0.00282942121052258,0,0,0,0,0,0,0,0,0,0,0,0,0,0,0,0,0,0,0,0,0,0,0,0,0,0,0,0,0,0,0,0,0,0,0,0.0905414787367227,0,0,0.0113176848420903,0,0,0,0,0,0,0,0,0,0,0,0,0,0,0,0,0,0,0,0,0,0,0,0,0,0,0,1.13176848420903,0,0,0,0,1.13176848420903,0,0,0,0,0,0,0,0,0,0,0,0,0,0,0,0,0.0113176848420903,0,0,0,0,0,0,0,0,0,0,0,0.0424413181578388,0.00282942121052258,0,0.0481001605788839,0,0,0,0,0,0,0,0,0,0.0141471060526129,0,0,0,0,0,0,0,0,0,0,0,0,0,0,0,0,0,0,0,0,0,0,0,0,0,0,0,0,0,0,0,0,0,0,0,0,0,0,0,0,0,0,0,0,0,0,0,0,0.0396118969473162,0,0,0,0,0,0,0,0,0,0,0,0,0,0,0,0,0,0,0,0.00565884242104517,0,0,0,0,0,0,0,0,0,0,0,0,0,0,0.0113176848420903,0,0,0,0,0,0,0,0,0,0,0,0,0,0,0,0,0,0,0,0,0,0,0,0.00565884242104517,0.00282942121052258,0,0,0,0.0226353696841807,0,0,0,0,0,0,0,0,0.282942121052258,0,0,0,0.00848826363156775,0,0,0,0,0,0,0,0,0,0,0,0,0,0,0,0,0.0452707393683613,0.00565884242104517,0,0,0,0,0,0,0,0,0,0,0.0424413181578388,0,0,0,0,0,0,0,0,0,0,0,0,0,0,0,0,0,0,0,0,0,0,0,0,0,0,0,0,0,0,0,0,0,0,0,0,0,0,0,0,0,0,0,0,0,0,0,0,0,0,0.00282942121052258,0,0.00565884242104517,0,0,0,0,0,0,0,0,0,0,0,0,0,0,0,0,0,0,0,0,0.138641639315607,0,0,0,0,0.0848826363156775,0,0,0,0,0,0,0,0,0,0,0,0,0,0,0,0,0,0,0,0,0,0,0,0,0,0,0,0,0,0,0,0,0,0,0,0,0,0,0,0,0,5.23442923946678,0,0,0,0,0,0,0,0,0,0,0,0,0,0,0,0,0,0,0,0,0,0,0,0,0,0,0,0,0,0,0,0,0,0,0,0,0,0,0,0,0,0,0,0,0,0,0,0,0,0,0,0,0.00282942121052258,0,0,0,0,0,0,0,0,0,0,0,0,0,0,0,0,0,0,0,0,0,0,0.0962003211577679,0,0,0,0,0,0,0,0,0,0,0,0,0,0,0,0,0,0,0,0.280112699841736,0,0,0,0,0,0,0.00282942121052258,0.0367824757367936,0,0.0169765272631355,0,0,0,0,0,0,0,0,0,0,0.00565884242104517,0,0,0.00282942121052258,0,0,0,0,0,0,0,0,0,0,0,0,0,0,0,0,0,24.4496088385206,0,0,0,0,0,0.0330023689995354,0,0,0,0,0,0,0,0,0,0,0,0,0,0,0,0,0,0,0.0395425761276584,0,0,0,0,0,0,0,0,0,0,0,0,0,0,0,0,0,0,0,0,0,0,0,0,0,0,0,0,0,0,0,0,0,0,1.14985546285194,0,0,0,0,0,0,0,0,0,0,0,0,0,0,0,0,0,0,0,0,0,0,0,0,0,0,0,0,0,0,0,0,0,0.0102169756542514,0,0,0,0,0,1.74158314890105,0,0,0,0.0498704988489047,0,0,0,0,0.197711230010091,0,0,0,0,0,0,0,0,0,0,0.164507521585897,0,0,0,0,0,0,0,0,0,0,0,0,0,0,0,0,0,0,0,0,0,0,0,0,0,0,0,0,0,0,0,0,0,0,0,0.0954827799387793,0,0,0.640211246681923,0,0,0,0,0,0,0,0,0,0,0,0,0,0,0,0,0,0,0,0,0,0,0,0,0,0,0,1.19353474923474,0,0,0,0,0.465289360942354,0,0,0,0,0,0,0,0,0,0,0,0,0,0,0,0,0.0350764763431527,0,0,0,0,0,0,0,0,0,0,0,2.04218731544476,0.00455920009886808,0,3.99104086865294,0,0,0,0,0,0,0,0,0,0.629400902617704,0,0,0,0,0,0,0,0,0,0,0,0,0,0,0,0,0,0,0,0,0,0,0,0,0,0,0,0,0,0,0,0,0,0,0,0,0,0,0,0,0,0,0,0,0,0,0,0,0.431214010319898,0,0,0,0,0,0,0,0,0,0,0,0,0,0,0,0,0,0,0,0.218781634825013,0,0,0,0,0,0,0,0,0,0,0,0,0,0,1.18403128927284,0,0,0,0,0,0,0,0,0,0,0,0,0,0,0,0,0,0,0,0,0,0,0,0.00540243409826541,0.0054076140822457,0,0,0,0.0174998187862319,0,0,0,0,0,0,0,0,0.339176867611395,0,0,0,32.2381625003572,0,0,0,0,0,0,0,0,0,0,0,0,0,0,0,0,11.9060891574054,0.86202317477554,0,0,0,0,0,0,0,0,0,0,3.57872705346453,0,0,0,0,0,0,0,0,0,0,0,0,0,0,0,0,0,0,0,0,0,0,0,0,0,0,0,0,0,0,0,0,0,0,0,0,0,0,0,0,0,0,0,0,0,0,0,0,0,0,0.141445360875306,0,0.770911813785167,0,0,0,0,0,0,0,0,0,0,0,0,0,0,0,0,0,0,0,0,0.529295659193711,0,0,0,0,0.307398508342275,0,0,0,0,0,0,0,0,0,0,0,0,0,0,0,0,0,0,0,0,0,0,0,0,0,0,0,0,0,0,0,0,0,0,0,0,0,0,0,0,0,4.20101630107351,0,0,0,0,0,0,0,0,0,0,0,0,0,0,0,0,0,0,0,0,0,0,0,0,0,0,0,0,0,0,0,0,0,0,0,0,0,0,0,0,0,0,0,0,0,0,0,0,0,0,0,0,0.853949129567643,0,0,0,0,0,0,0,0,0,0,0,0,0,0,0,0,0,0,0,0,0,0,0.543313466401366,0,0,0,0,0,0,0,0,0,0,0,0,0,0,0,0,0,0,0,0.476734838603371,0,0,0,0,0,0,0.780306835585792,0.459794810873851,0,2.04262281748309,0,0,0,0,0,0,0,0,0,0,0.314082868353437,0,0,0.0808320776216343,0,118.050602,128.8974023,129.4995022,130.4932022,118.3982021,139.0029024,124.6438021,127.0289022,139.9842023,129.7934022,133.3737023,"HOW-00486"
"552",7916,"nSPC",2015,"PRIAs","Pacific Remote Island Areas","Howland","Howland",2015,"ForereefDeep","Howland","2015-02-04","Forereef","Deep",0.8184019,-176.61462793,21.95,45,0,0.5,20,32,2.5,0,0,NA,0.545,0.402130088896745,1.25,2,1,20.5939068866838,105.038386485992,9.41288054680964,29.8210981361747,164.86627205566,0.752165247480652,0,0,0,0,0,0,0,0,0,0,0,0,0,0,0,0,0.033953054526271,0,0,0,0,0,0,0,0,0,0,0,0,0,0,0,0,0,0,0,0,0,0,0,0,0,0,0,0,0,0,0,0,0,0.00282942121052258,0,0,0,0,0,0.00848826363156775,0,0,0,0,0,0,0,0,0.00565884242104517,0,0,0,0.00282942121052258,0,0,0,0.00282942121052258,0,0,0.0169765272631355,0,0,0,0,0,0,0.00282942121052258,0,0.00282942121052258,0,0,0,0,0,0,0,0,0,0,0,0,0,0,0,0,0,0,0,0,0,0,0,0,0,0.033953054526271,0,0,0,0,0.00848826363156775,0,0,0,0.033953054526271,0,0,0,0,0.0877120575262001,0.0198059484736581,0,0,0,0,0,0,0,0,0,0.0198059484736581,0,0.0282942121052258,0,0,0,0,0,0,0,0,0,0,0,0,0,0,0,0,0,0,0,0,0,0,0,0,0,0,0,0,0,0,0,0,0,0.452707393683613,0,0,0.00565884242104517,0,0,0,0,0.00282942121052258,0,0.00282942121052258,0,0,0,0,0,0,0,0,0,0,0,0,0,0,0,0,0,0,0,0,0,0,0,0,0,0.00565884242104517,0,0,0,0,0,0,0,0,0,0,0,0,0,0,0,0,0,0,0,0,0,0,0,0,0,0,0,0,0.0282942121052258,0,0,0.0367824757367936,0,0,0,0,0,0,0,0,0,0,0,0,0,0,0,0,0,0,0,0,0,0,0,0,0,0,0,0,0,0,0,0,0,0,0,0,0,0,0,0,0,0,0.00282942121052258,0,0,0,0,0,0.00848826363156775,0,0,0,0,0,0,0,0,0,0.0282942121052258,0,0.00565884242104517,0,0,0,0,0,0,0,0,0,0,0,0,0,0,0,0,0,0.00282942121052258,0,0,0,0,0,0.0226353696841807,0,0,0,0,0,0,0,0,0,0,0,0,0,0,0,0,0,0,0,0,0,0,0,0,0,0,0,0,0,0,0,0,0.00282942121052258,0.0113176848420903,0,0,0,0.00282942121052258,0,0,0,0,0,0,0,0,1.41471060526129,0,0,0,0.00282942121052258,0,0,0,0.00282942121052258,0,0,0,0,0,0,0,0,0,0,0,0,0,0.0113176848420903,0,0,0,0,0,0.0424413181578388,0,0.0565884242104517,0.226353696841807,0,0.141471060526129,0.0848826363156775,0,0,0,0,0,0,0,0,0,0,0.00565884242104517,0.00565884242104517,0,0,0,0,0,0,0.00282942121052258,0,0,0,0,0,0,0,0,0,0,0,0.0113176848420903,0,0,0,0,0,0,0,0,0,0,0,0.00282942121052258,0,0,0,0,0,0.0169765272631355,0.00565884242104517,0,0.00565884242104517,0,0,0,0,0,0,0,0,0,0,0,0,0,0.169765272631355,0,0,0,0,0,0,0.413095496736297,0,0,0,0,0.0141471060526129,0,0,0,0,0,0,0,0,0,0,0,0,0,0,0,0.00565884242104517,0,0,0,0,0,0,0,0,0,0,0,23.4841960473374,0,0,0,0,0,0,0,0,0,0,0,0,0.0254647908947033,6.50766878420194,0,0,0,0.00565884242104517,0,0,0,0,0,0,0,0,0,0,0.118835690841949,0,0,0,0,0,0,0,0,0,0.00282942121052258,0,0,0,0,0,0,0,0,0.0396118969473162,0,0,0,0,0,0,0,0,0,0,0,0,0,0,0,0,0,0,0.00282942121052258,0,0,0,0,0,0,0,0,0,0,0,0,0,0,0,0,0,0,0,0,0,0,0,0,0,0,0,0,0,0,0,0,0,0,0,0,0,0,0,0,0,0,0.0282942121052258,0,0,0,0,0,0,0,0,0,0,0,0,0,0,0.00282942121052258,0,0,0,0,0,0.00848826363156775,0,0,0.00282942121052258,0,0,0,0,0,0,0,0,0,0,0,0,0,0,0,0,0,1.12065606456992,0,0,0,0,0,0,0,0,0,0,0,0,0,0,0,0,0,0,0,0,0,0,0,0,0,0,0,0,0,0,0,0,0,0.0553596065787217,0,0,0,0,0,0.93128560020564,0,0,0,0,0,0,0,0,0.369628212243619,0,0,0,2.07448282268359,0,0,0,0.158648495045701,0,0,2.44414823035866,0,0,0,0,0,0,0.0567667018323994,0,0.0567667018323994,0,0,0,0,0,0,0,0,0,0,0,0,0,0,0,0,0,0,0,0,0,0,0,0,0,11.4668929137682,0,0,0,0,3.97753180697274,0,0,0,0.175244794952978,0,0,0,0,0.226900954986114,1.69010214249335,0,0,0,0,0,0,0,0,0,1.03391437050718,0,0.0912488340393533,0,0,0,0,0,0,0,0,0,0,0,0,0,0,0,0,0,0,0,0,0,0,0,0,0,0,0,0,0,0,0,0,0,0.80006977685705,0,0,0.217401603926528,0,0,0,0,0.179111292414106,0,0.0670823293058165,0,0,0,0,0,0,0,0,0,0,0,0,0,0,0,0,0,0,0,0,0,0,0,0,0,0.0277984826740104,0,0,0,0,0,0,0,0,0,0,0,0,0,0,0,0,0,0,0,0,0,0,0,0,0,0,0,0,0.914227555461277,0,0,2.63858951296031,0,0,0,0,0,0,0,0,0,0,0,0,0,0,0,0,0,0,0,0,0,0,0,0,0,0,0,0,0,0,0,0,0,0,0,0,0,0,0,0,0,0,0.641102028457507,0,0,0,0,0,0.117810025653134,0,0,0,0,0,0,0,0,0,0.339644581996256,0,2.62671285849001,0,0,0,0,0,0,0,0,0,0,0,0,0,0,0,0,0,0.0682112336509005,0,0,0,0,0,0.131145087818327,0,0,0,0,0,0,0,0,0,0,0,0,0,0,0,0,0,0,0,0,0,0,0,0,0,0,0,0,0,0,0,0,0.0119901315272546,0.0192232247696298,0,0,0,0.00785111761276115,0,0,0,0,0,0,0,0,4.65350662362834,0,0,0,4.44660902460953,0,0,0,1.18645183794633,0,0,0,0,0,0,0,0,0,0,0,0,0,1.54953380848535,0,0,0,0,0,1.79409652999235,0,7.5658358974901,25.4685810794342,0,10.3862271824423,10.1280923434336,0,0,0,0,0,0,0,0,0,0,1.82138396495549,1.9547305302914,0,0,0,0,0,0,4.53603842015417,0,0,0,0,0,0,0,0,0,0,0,0.551651121647104,0,0,0,0,0,0,0,0,0,0,0,0.0126222754078381,0,0,0,0,0,0.438195663396288,0.597773382462807,0,1.30709534644359,0,0,0,0,0,0,0,0,0,0,0,0,0,8.19910810153718,0,0,0,0,0,0,2.79257320768878,0,0,0,0,0.145966221772624,0,0,0,0,0,0,0,0,0,0,0,0,0,0,0,1.4632102801151,0,0,0,0,0,0,0,0,0,0,0,15.3362212459168,0,0,0,0,0,0,0,0,0,0,0,0,0.170947912492294,3.73702231561305,0,0,0,0.00620709850463286,0,0,0,0,0,0,0,0,0,0,10.6476778994386,0,0,0,0,0,0,0,0,0,0.237597456124828,0,0,0,0,0,0,0,0,4.5434891069311,0,0,0,0,0,0,0,0,0,0,0,0,0,0,0,0,0,0,0.752165247480652,0,0,0,0,0,0,0,0,0,0,0,0,0,0,0,0,0,0,0,0,0,0,0,0,0,0,0,0,0,0,0,0,0,0,0,0,0,0,0,0,0,0,0.00725746540499043,0,0,0,0,0,0,0,0,0,0,0,0,0,0,2.86557967609668,0,0,0,0,0,0.744442614055171,0,0,0.0808320776216343,0,115.922402,126.5827022,130.3184022,129.6231022,118.7677021,139.1258024,123.9443021,122.9913021,139.9125023,128.7435022,133.8301023,"HOW-00451"
"553",7917,"nSPC",2015,"PRIAs","Pacific Remote Island Areas","Howland","Howland",2015,"ForereefShallow","Howland","2015-02-04","Forereef","Shallow",0.82124739,-176.6201801,4.9,20,0,2.5,35,42.5,0,0,0,NA,0.2525,0.198583817390643,0.65,2,1,0.861689294903789,7.44279362604814,7.90356711714514,3.3261778879369,19.534227926034,0,0,0,0,0,0,0,0,0,0,0,0,0,0.00282942121052258,0,0,0,0.0565884242104517,0,0,0.00565884242104517,0,0.00282942121052258,0,0,0,0,0.0254647908947033,0,0,0,0,0,0,0,0,0,0,0,0,0,0,0,0,0,0,0,0,0,0,0,0,0,0,0,0,0,0,0,0,0,0,0,0,0,0,0,0,0,0,0,0,0,0,0,0,0,0,0,0,0,0,0,0,0,0,0,0,0,0,0,0,0,0,0,0,0,0,0,0,0,0,0,0,0,0,0,0,0,0,0,0,0,0,0,0,0,0,0,0,0,0,0,0,0,0,0,0,0,0,0,0,0,0,0,0,0,0,0,0,0,0,0,0,0,0,0,0,0,0,0,0,0,0,0,0,0,0,0,0,0,0,0,0,0,0,0,0,0,0,0,0,0,0,0,0,0,0,0,0,0,0,0,0,0,0,0,0,0,0,0,0,0,0,0,0,0,0,0,0,0,0,0,0,0.707355302630646,0,0,0,0,0,0,0,0,0,0,0,0,0,0.0169765272631355,0,0,0,0,0,0,0,0.0226353696841807,0,0,0,0,0,0,0,0,0,0,0,0,0,0,0.00565884242104517,0,0,0,0,0,0,0,0,0,0,0,0,0,0,0,0,0,0,0,0,0,0,0,0,0,0,0,0,0,0.00565884242104517,0,0,0,0,0,0,0,0,0,0,0,0,0,0,0,0,0,0,0,0,0,0,0,0,0,0,0,0,0,0,0,0,0,0,0,0,0,0,0,0,0,0,0,0,0,0,0,0,0,0,0,0,0,0,0,0,0,0,0,0,0,0,0,0,0,0,0,0,0,0,0,0,0,0,0,0,0,0,0,0,0,0,0,0,0,0,0,0,0,0,0,0,0,0,0,0,0,0,0,0,0,0,0,0,0,0,0,0,0,0,0,0,0,0,0,0,0,0,0,0,0,0,0,0.00848826363156775,0,0,0,0,0,0,0,0,0,0,0,0,0,0,0,0,0,0,0,0,0,0,0,0,0,0,0,0,0,0,0,0,0,0,0,0,0,0,0,0,0,0,0,0,0,0,0,0,0,0,0,0,0,0,0,0,0,0,0,0,0,0,0,0,0,0,0,0,0,0,0,0,0,0,0,0,0,0,0,0,0,0,0,0,0.0169765272631355,0,0,0,0.0367824757367936,0,0,0,0,0,0,0.0565884242104517,0,0,0,0,0,0,0,0,0,0,0,0,0,0,0,0,0,0,0,0,0,0,0,0,0,0,0,0,0,0,0,0,0,0,0,0,0,0,0,0,0,0,0,0,0,0,0,0,0,0,0,0,0,0.00565884242104517,0,0,0,0,0,0.00565884242104517,0,0,0,0,0,0,0,0,0,0.00282942121052258,0,0,0,0,0,0,0,0,0,0,0,0,0,0,0,0,0,0,0,0,0,0,0,0,0,0,0,0,0,0,0,0,0,0,0,0,0,0,0,0,0,0.0537590029999291,0,0,0.127323954473516,0,0,0,0,0,0,0,0,0,0,0,0,0,0,0,0,4.81001605788839,0,0,0,0,0,0,0.00565884242104517,0.200888905947103,0,0.00565884242104517,0,0,0,0,0,0,0,0,0,0,0,0,0,0,0,0,0,0,0,0,0,0,0,0,0,0,0,0.0611203697411533,0,0,0,4.52649570718743,0,0,0.0386482765560289,0,0.646331202060811,0,0,0,0,0.491152898319323,0,0,0,0,0,0,0,0,0,0,0,0,0,0,0,0,0,0,0,0,0,0,0,0,0,0,0,0,0,0,0,0,0,0,0,0,0,0,0,0,0,0,0,0,0,0,0,0,0,0,0,0,0,0,0,0,0,0,0,0,0,0,0,0,0,0,0,0,0,0,0,0,0,0,0,0,0,0,0,0,0,0,0,0,0,0,0,0,0,0,0,0,0,0,0,0,0,0,0,0,0,0,0,0,0,0,0,0,0,0,0,0,0,0,0,0,0,0,0,0,0,0,0,0,0,0,0,0,0,0,0,0,0,0,0,0,0,0,0,0,0,0,0,0,0,0,0,0,0,0,0,0,0,0,0,0,0,0,0,0,0,0,0,0,0,0,0,0,0,0,0,0,0,0,0,0,0.951907836698534,0,0,0,0,0,0,0,0,0,0,0,0,0,0.0605248294783995,0,0,0,0,0,0,0,0.0233921460825084,0,0,0,0,0,0,0,0,0,0,0,0,0,0,0.667339421964209,0,0,0,0,0,0,0,0,0,0,0,0,0,0,0,0,0,0,0,0,0,0,0,0,0,0,0,0,0,0.861689294903789,0,0,0,0,0,0,0,0,0,0,0,0,0,0,0,0,0,0,0,0,0,0,0,0,0,0,0,0,0,0,0,0,0,0,0,0,0,0,0,0,0,0,0,0,0,0,0,0,0,0,0,0,0,0,0,0,0,0,0,0,0,0,0,0,0,0,0,0,0,0,0,0,0,0,0,0,0,0,0,0,0,0,0,0,0,0,0,0,0,0,0,0,0,0,0,0,0,0,0,0,0,0,0,0,0,0,0,0,0,0,0,0,0,0,0,0,0,0,0,0,0,0,0,0.672924462978302,0,0,0,0,0,0,0,0,0,0,0,0,0,0,0,0,0,0,0,0,0,0,0,0,0,0,0,0,0,0,0,0,0,0,0,0,0,0,0,0,0,0,0,0,0,0,0,0,0,0,0,0,0,0,0,0,0,0,0,0,0,0,0,0,0,0,0,0,0,0,0,0,0,0,0,0,0,0,0,0,0,0,0,0,0.0382969170482081,0,0,0,0.10002604716874,0,0,0,0,0,0,0.191960464203597,0,0,0,0,0,0,0,0,0,0,0,0,0,0,0,0,0,0,0,0,0,0,0,0,0,0,0,0,0,0,0,0,0,0,0,0,0,0,0,0,0,0,0,0,0,0,0,0,0,0,0,0,0,0.0263656786081336,0,0,0,0,0,0.367000954981562,0,0,0,0,0,0,0,0,0,0.271189837112232,0,0,0,0,0,0,0,0,0,0,0,0,0,0,0,0,0,0,0,0,0,0,0,0,0,0,0,0,0,0,0,0,0,0,0,0,0,0,0,0,0,0.179589355521469,0,0,0.404612812530316,0,0,0,0,0,0,0,0,0,0,0,0,0,0,0,0,6.46452011074147,0,0,0,0,0,0,0.886419185128262,1.24629524948948,0,0.356424867530019,0,0,0,0,0,0,0,0,0,0,0,0,0,0,0,114.841502,125.4861022,130.6611022,127.5045022,118.0517021,140.1666025,123.110502,118.563802,140.6196024,128.3936022,135.5140023,"HOW-00474"
"554",7918,"nSPC",2015,"PRIAs","Pacific Remote Island Areas","Howland","Howland",2015,"ForereefShallow","Howland","2015-02-04","Forereef","Shallow",0.8217985,-176.62556833,5.8,6.5,0,1.5,20,67.5,4.5,0,0,NA,0.575,0.475931877176018,1.8,2,1,1.86179156376299,2.1071186542977,9.30821111010594,2.14246787103448,15.4195891992011,0,0,0,0,0,0,0,0,0,0,0,0,0,0.0113176848420903,0,0,0,0.0594178454209743,0,0,0.00565884242104517,0,0,0,0,0,0,0.0282942121052258,0,0,0,0,0,0,0,0,0,0,0,0,0,0,0,0,0,0,0,0.00282942121052258,0,0,0,0,0,0,0,0,0,0,0,0,0,0,0,0,0,0,0.00282942121052258,0,0,0,0,0,0,0,0,0,0,0.00282942121052258,0,0,0,0,0,0,0,0,0,0,0.00282942121052258,0,0,0,0,0,0,0,0,0,0,0,0,0,0,0,0,0,0,0,0,0,0,0,0,0,0,0,0,0,0,0,0,0.0141471060526129,0,0,0,0,0,0,0,0,0,0,0,0,0,0,0,0.00848826363156775,0,0,0,0,0,0,0,0,0,0,0,0,0,0,0,0,0,0,0,0,0,0,0,0,0,0,0,0,0,0,0,0,0,0,0,0,0,0,0,0,0,0,0,0,0,0,0,0,0,0,0,0,0,0,0,0,0,0,0,0,0,0,0,0,0,0,0.141471060526129,0,0,0,0,0,0,0,0,0.00282942121052258,0,0,0,0,0,0,0,0,0,0,0,0,0,0,0,0,0,0,0,0,0,0,0,0,0,0,0,0.0141471060526129,0,0,0,0,0,0,0,0,0,0,0,0,0,0,0,0,0,0,0,0,0,0,0,0,0,0,0,0,0,0.00282942121052258,0,0,0,0,0.00282942121052258,0,0,0,0,0,0,0,0,0,0,0,0,0,0,0,0,0,0,0,0,0,0,0,0,0,0,0,0,0,0,0,0,0,0,0,0,0,0,0,0,0,0,0,0.00282942121052258,0,0,0,0,0,0,0,0,0,0,0,0,0,0,0,0,0,0,0,0,0,0,0,0,0,0,0,0,0,0,0,0,0,0,0,0,0,0,0,0,0,0,0,0,0,0,0,0,0,0,0,0,0,0,0,0,0,0,0,0,0,0,0,0,0,0,0,0,0,0,0,0,0,0.00565884242104517,0.0141471060526129,0,0,0,0,0,0,0,0,0,0,0,0,0,0,0,0,0,0,0,0,0,0,0,0,0,0,0,0,0,0,0,0,0,0,0,0,0,0,0,0,0,0,0,0,0,0,0,0,0,0,0,0,0,0,0,0,0,0,0,0,0,0.00282942121052258,0,0,0,0,0,0,0,0,0,0,0,0,0,0,0,0,0,0,0,0,0,0,0,0,0,0,0.0113176848420903,0,0,0,0,0,0,0.00282942121052258,0,0,0,0,0,0,0,0,0,0,0,0,0,0,0,0,0,0,0,0,0,0,0,0,0,0,0,0,0,0,0,0,0,0,0,0,0,0,0,0,0,0,0,0,0,0,0,0,0,0,0,0,0,0.00565884242104517,0,0,0,0,0,0.00565884242104517,0,0,0,0,0,0,0,0,0,0,0,0,0,0,0,0,0,0,0,0,0,0,0,0,0,0,0,0,0,0,0,0,0,0,0,0,0,0,0,0,0,0,0,0,0,0,0,0,0,0,0,0.0367824757367936,0,0.00282942121052258,0.161277008999787,0,0,0,0,0,0,0,0,0,0,0,0,0,0,0,0,2.73039146815429,0,0,0,0,0,0,0.00565884242104517,0.155618166578742,0,0,0,0,0,0,0,0,0,0,0,0,0,0,0,0,0,0,0,0,0,0,0,0,0,0,0,0,0,0.244481478964613,0,0,0,4.77183966108647,0,0,0.104339054102006,0,0,0,0,0,0,0.536512978320264,0,0,0,0,0,0,0,0,0,0,0,0,0,0,0,0,0,0,0,0.00371361533881089,0,0,0,0,0,0,0,0,0,0,0,0,0,0,0,0,0,0,0.129980258696445,0,0,0,0,0,0,0,0,0,0,0.248286972602325,0,0,0,0,0,0,0,0,0,0,0.391157145717067,0,0,0,0,0,0,0,0,0,0,0,0,0,0,0,0,0,0,0,0,0,0,0,0,0,0,0,0,0,0,0,0,0.0814541076518311,0,0,0,0,0,0,0,0,0,0,0,0,0,0,0,0.358610028071485,0,0,0,0,0,0,0,0,0,0,0,0,0,0,0,0,0,0,0,0,0,0,0,0,0,0,0,0,0,0,0,0,0,0,0,0,0,0,0,0,0,0,0,0,0,0,0,0,0,0,0,0,0,0,0,0,0,0,0,0,0,0,0,0,0,0,0.166072877951623,0,0,0,0,0,0,0,0,0.00917722976680384,0,0,0,0,0,0,0,0,0,0,0,0,0,0,0,0,0,0,0,0,0,0,0,0,0,0,0,1.60893725503292,0,0,0,0,0,0,0,0,0,0,0,0,0,0,0,0,0,0,0,0,0,0,0,0,0,0,0,0,0,0.113055476826564,0,0,0,0,1.11947001415835,0,0,0,0,0,0,0,0,0,0,0,0,0,0,0,0,0,0,0,0,0,0,0,0,0,0,0,0,0,0,0,0,0,0,0,0,0,0,0,0,0,0,0,0.0130805185446428,0,0,0,0,0,0,0,0,0,0,0,0,0,0,0,0,0,0,0,0,0,0,0,0,0,0,0,0,0,0,0,0,0,0,0,0,0,0,0,0,0,0,0,0,0,0,0,0,0,0,0,0,0,0,0,0,0,0,0,0,0,0,0,0,0,0,0,0,0,0,0,0,0,0.774766904242675,1.12552733301069,0,0,0,0,0,0,0,0,0,0,0,0,0,0,0,0,0,0,0,0,0,0,0,0,0,0,0,0,0,0,0,0,0,0,0,0,0,0,0,0,0,0,0,0,0,0,0,0,0,0,0,0,0,0,0,0,0,0,0,0,0,0.27065604470659,0,0,0,0,0,0,0,0,0,0,0,0,0,0,0,0,0,0,0,0,0,0,0,0,0,0,0.0288836753551669,0,0,0,0,0,0,0.0131636797672621,0,0,0,0,0,0,0,0,0,0,0,0,0,0,0,0,0,0,0,0,0,0,0,0,0,0,0,0,0,0,0,0,0,0,0,0,0,0,0,0,0,0,0,0,0,0,0,0,0,0,0,0,0,0.0375401947369715,0,0,0,0,0,0.19382909318606,0,0,0,0,0,0,0,0,0,0,0,0,0,0,0,0,0,0,0,0,0,0,0,0,0,0,0,0,0,0,0,0,0,0,0,0,0,0,0,0,0,0,0,0,0,0,0,0,0,0,0,0.161045585366878,0,0.0249319482703874,0.660909976803006,0,0,0,0,0,0,0,0,0,0,0,0,0,0,0,0,1.10380672909604,0,0,0,0,0,0,0.448412615228161,0.675946746598998,0,0,0,0,0,0,0,0,0,0,0,0,0,0,0,0,0,124.7707022,140.9192025,138.8851024,139.9575024,135.7181024,149.8817026,136.2853023,128.7734022,155.2197026,145.4904025,148.9412026,"HOW-00494"
"555",7919,"nSPC",2015,"PRIAs","Pacific Remote Island Areas","Howland","Howland",2015,"ForereefMid","Howland","2015-02-04","Forereef","Mid",0.82037953,-176.61678476,13,35,0,0.5,25,38.5,1,0,0,NA,0.69375,0.469998332991403,1.55,2,1,14.9720388819218,13.1870065558421,12.4628641767738,18.6565524517161,59.2784620662538,3.66562688493542,0,0,0,0,0,0,0,0,0,0,0,0,0,0,0,0,0.0509295817894065,0,0,0,0,0,0,0,0,0,0,0,0,0.00565884242104517,0,0,0,0,0,0,0,0,0,0,0.00282942121052258,0,0,0,0,0,0,0,0,0,0,0,0,0,0,0,0.00565884242104517,0,0,0,0,0,0,0,0,0,0,0,0,0,0,0,0,0,0,0,0.0113176848420903,0,0,0,0,0,0,0,0,0,0,0,0,0,0,0,0,0,0,0,0,0,0,0,0,0,0,0,0,0,0.00565884242104517,0,0,0,0,0,0,0,0,0,0.00565884242104517,0,0,0,0.113176848420903,0,0,0,0,0.0226353696841807,0,0,0,0,0,0,0,0,0,0,0.0141471060526129,0,0,0,0,0,0,0,0,0,0,0,0,0,0,0,0,0,0,0,0,0,0,0,0,0,0,0,0,0,0,0,0,0,0,0,0.495148711841452,0,0,0.00848826363156775,0,0,0,0,0,0,0.00282942121052258,0,0,0,0,0,0,0,0,0,0,0,0,0,0,0,0,0.00282942121052258,0,0,0,0.424413181578388,0,0,0,0,0.00848826363156775,0.113176848420903,0,0,0,0,0,0,0,0,0,0,0,0,0,0,0,0,0,0.00282942121052258,0,0,0,0,0,0.00282942121052258,0,0,0,0.00282942121052258,0,0,0.0282942121052258,0,0,0,0,0,0,0,0,0,0,0,0,0,0,0,0,0,0,0,0,0,0,0,0,0,0,0,0,0,0,0,0,0,0,0,0,0,0,0,0,0,0,0,0,0,0,0,0,0,0,0,0,0,0,0,0,0,0,0.0169765272631355,0,0,0,0,0,0,0,0,0,0,0,0,0,0,0,0,0,0,0,0.00565884242104517,0,0,0,0,0,0.0282942121052258,0,0,0,0,0,0,0,0,0.00282942121052258,0,0,0,0,0,0,0,0,0,0,0,0,0,0,0,0,0,0,0,0,0,0,0,0,0,0,0,0,0.00565884242104517,0,0,0,0,0,0,0,0,0,0,0,0,0.00848826363156775,0,0,0,0,0,0,0,0,0,0,0,0,0,0,0,0,0,0.0226353696841807,0,0,0,0,0,0,0,0.0226353696841807,0.0707355302630646,0,0,0.00565884242104517,0,0,0,0,0,0,0,0,0,0,0,0,0,0,0,0,0,0,0,0,0,0,0,0,0,0,0,0,0,0,0,0,0,0,0.00565884242104517,0,0,0,0,0,0,0,0.0424413181578388,0,0,0,0,0,0.00848826363156775,0,0,0,0,0,0,0,0,0,0,0,0,0,0,0,0,0,0,0,0,0,0,0,0.232012539262852,0,0,0,0,0.0198059484736581,0,0,0,0,0,0,0,0,0,0,0,0,0,0,0,0.00282942121052258,0,0,0,0,0,0,0,0,0,0,0,0,0,0,0,0,0,0,0,0,0,0,0,0,0,1.81082957473445,0,0,0,0,0,0,0,0,0,0,0,0,0,0,0.067906109052542,0,0,0,0,0,0,0,0,0,0.0226353696841807,0,0,0,0,0,0,0,0,0.0452707393683613,0,0,0,0,0,0,0,0,0,0,0,0,0,0,0,0,0,0,0.00282942121052258,0,0,0,0,0.00565884242104517,0,0,0,0,0,0,0,0,0,0,0,0,0,0,0,0,0,0.0565884242104517,0,0,0,0,0,0,0,0,0,0,0,0,0,0,0,0,0,0,0,0.141471060526129,0,0,0,0,0,0,0.00848826363156775,0.0509295817894065,0,0.00565884242104517,0,0,0,0,0,0,0,0,0,0,0.00282942121052258,0,0,0,0,0,0,0,0,0,0,0,0,0,0,0,0,0,0,0,0,2.67946959163726,0,0,0,0,0,0,0,0,0,0,0,0,1.79208818707701,0,0,0,0,0,0,0,0,0,0,0.184680098736177,0,0,0,0,0,0,0,0,0,0,0,0,0,0,0,0.96851088036188,0,0,0,0,0,0,0,0,0,0,0,0,0,0,0,0,0,0,0,1.45587294014107,0,0,0,0,0,0,0,0,0,0,0,0,0,0,0,0,0,0,0,0,0,0,0,0,0,0,0,0,0,0.414613878348576,0,0,0,0,0,0,0,0,0,1.6737264362946,0,0,0,0.260521961830496,0,0,0,0,0.0584874704534588,0,0,0,0,0,0,0,0,0,0,0.51540283004975,0,0,0,0,0,0,0,0,0,0,0,0,0,0,0,0,0,0,0,0,0,0,0,0,0,0,0,0,0,0,0,0,0,0,0,0.87343383942469,0,0,0.439972877458131,0,0,0,0,0,0,0.0501221051232641,0,0,0,0,0,0,0,0,0,0,0,0,0,0,0,0,0.388534009772967,0,0,0,0.498218633854869,0,0,0,0,0.0414708304072032,0.102779283968539,0,0,0,0,0,0,0,0,0,0,0,0,0,0,0,0,0,0.56674907181873,0,0,0,0,0,0.42634171507548,0,0,0,0.0749813966992483,0,0,2.87299725635258,0,0,0,0,0,0,0,0,0,0,0,0,0,0,0,0,0,0,0,0,0,0,0,0,0,0,0,0,0,0,0,0,0,0,0,0,0,0,0,0,0,0,0,0,0,0,0,0,0,0,0,0,0,0,0,0,0,0,0.129600560013007,0,0,0,0,0,0,0,0,0,0,0,0,0,0,0,0,0,0,0,0.288513322021125,0,0,0,0,0,0.299394639507205,0,0,0,0,0,0,0,0,0.515183277548921,0,0,0,0,0,0,0,0,0,0,0,0,0,0,0,0,0,0,0,0,0,0,0,0,0,0,0,0,0.009631040498073,0,0,0,0,0,0,0,0,0,0,0,0,9.8050506746864,0,0,0,0,0,0,0,0,0,0,0,0,0,0,0,0,0,1.6914704541341,0,0,0,0,0,0,0,1.59636837483201,3.83798066266271,0,0,0.431081561725989,0,0,0,0,0,0,0,0,0,0,0,0,0,0,0,0,0,0,0,0,0,0,0,0,0,0,0,0,0,0,0,0,0,0,0.13068752845499,0,0,0,0,0,0,0,0.34587423986978,0,0,0,0,0,0.217259873452111,0,0,0,0,0,0,0,0,0,0,0,0,0,0,0,0,0,0,0,0,0,0,0,2.07260390332741,0,0,0,0,0.11387992435232,0,0,0,0,0,0,0,0,0,0,0,0,0,0,0,0.624736203283387,0,0,0,0,0,0,0,0,0,0,0,0,0,0,0,0,0,0,0,0,0,0,0,0,0,2.5518186050324,0,0,0,0,0,0,0,0,0,0,0,0,0,0,3.15171265823382,0,0,0,0,0,0,0,0,0,1.28098007151815,0,0,0,0,0,0,0,0,4.87665005916468,0,0,0,0,0,0,0,0,0,0,0,0,0,0,0,0,0,0,1.83970333578523,0,0,0,0,1.8259235491502,0,0,0,0,0,0,0,0,0,0,0,0,0,0,0,0,0,0.356161272609729,0,0,0,0,0,0,0,0,0,0,0,0,0,0,0,0,0,0,0,0.102142105699865,0,0,0,0,0,0,3.63478766388573,0.581832557699748,0,0.471417218041976,0,0,0,0,0,0,0,0,0,0,0.157041434176719,0,0,0,0,115.779302,126.0296022,131.7152023,128.9565022,118.5042021,139.2413024,123.9084021,122.4725021,140.1433023,128.6341022,134.2004023,"HOW-00440"
"556",7924,"nSPC",2015,"PRIAs","Pacific Remote Island Areas","Howland","Howland",2015,"ForereefDeep","Howland","2015-02-05","Forereef","Deep",0.79662404,-176.61954811,19.95,15,0,0,12.5,67.5,5,0,0,NA,0.3075,0.211763214958524,0.8,2,1,13.5865887767505,59.5691359009241,6.16671365539763,3.55540987460457,82.8778482076768,0,0,0,0,0,0,0,0,0,0,0,0,0,0,0,0,0,0.0169765272631355,0,0,0,0,0,0,0,0,0,0,0,0,0.00282942121052258,0,0,0,0,0,0,0,0,0,0,0,0,0,0,0,0,0,0,0,0,0,0,0,0,0,0,0.00848826363156775,0.00565884242104517,0,0,0,0,0,0,0,0,0,0,0,0,0,0,0,0,0,0,0.0169765272631355,0,0,0,0,0,0,0,0,0,0,0,0,0,0,0,0,0,0,0,0,0,0,0,0,0,0,0,0,0,0,0.0169765272631355,0,0,0,0.116006269631426,0,0,0,0,0.00282942121052258,0,0,0,0.00848826363156775,0,0,0,0,0.127323954473516,0.033953054526271,0,0,0,0,0,0,0.00282942121052258,0,0,0.0113176848420903,0,0,0,0,0,0,0,0,0,0,0,0,0,0,0,0,0,0,0,0,0,0,0,0,0,0,0,0,0,0,0,0,0,0,0.00282942121052258,0.215036011999716,0,0,0.00282942121052258,0,0,0,0,0,0,0,0,0,0,0,0,0,0,0,0,0,0,0,0,0,0,0,0,0,0,0,0,0,0,0,0,0,0.0113176848420903,0,0,0,0,0,0,0,0.00565884242104517,0,0,0,0,0,0,0,0,0,0,0,0,0,0,0,0,0,0,0,0.067906109052542,0,0,0.0254647908947033,0,0,0,0,0,0,0,0.00565884242104517,0,0,0,0,0,0,0,0,0,0,0,0,0,0,0,0,0,0,0,0,0.00282942121052258,0,0,0,0,0,0,0,0,0,0,0,0,0,0,0,0,0,0,0,0.00565884242104517,0,0,0,0,0,0,0,0,0,0,0,0.00565884242104517,0,0,0,0,0,0,0,0,0,0,0,0.00282942121052258,0,0,0,0,0,0,0,0,0.0169765272631355,0,0,0.00565884242104517,0,0,0,0,0,0,0,0,0,0,0,0,0,0,0,0,0,0,0,0,0,0,0,0,0,0,0,0,0,0,0,0,0,0.00565884242104517,0,0,0,0.00282942121052258,0,0,0,0,0,0,0,0,0,0,0,0,0.00282942121052258,0,0,0,0,0,1.27323954473516,0,0,0,0,0,0,0,0,0,0,0,0.00848826363156775,0,0,0,0,0,0,0,0,0,0,0,0,0,0,0,0,0,0,0,0,0,0,0.0169765272631355,0.00565884242104517,0,0,0,0,0,0,0,0,0,0,0,0,0,0,0,0,0,0,0,0,0,0,0,0,0,0,0,0,0,0,0.00282942121052258,0,0,0,0,0,0.00565884242104517,0,0,0,0,0,0,0,0,0,0,0,0,0,0,0,0,0,0,0,0,0,0,0,0,0,0,0,0,0.0396118969473162,0,0,0,0,0,0,0,0,0,0,0,0,0,0,0,0,0,0,0,0,0,0,0,0,0,0,0,3.48018808894278,0,0,0,0,0,0,0,0,0,0,0,0,0.0509295817894065,0.282942121052258,0,11.3176848420903,0,0.00282942121052258,0,0,0,0,0,0,0,0,0,0,0,0,0,0,0,0,0,0,0,0,0,0,0,0,0,0,0,0,0,0,0,0,0,0,0,0,0,0,0,0,0,0,0,0,0,0,0,0,0,0,0,0,0,0,0,0,0,0,0,0,0,0,0,0,0,0,0,0,0,0,0,0,0,0,0,0,0,0,0,0,0.00848826363156775,0,0,0,0,0,0,0,0,0,0,0,0,0,0,0,0,0,0,0,0,0,0,0,0,0,0,0,0,0,0,0,0,0,0,0.00282942121052258,0,0,0,0,0,0,0,0,0,0,0,0,0,0,0,0,0,0.894393079621919,0,0,0,0,0,0,0,0,0,0,0,0,0.654573726566534,0,0,0,0,0,0,0,0,0,0,0,0,0,0,0,0,0,0,0,0,0,0,0,0,0,0,1.21741223483034,0.467294864360459,0,0,0,0,0,0,0,0,0,0,0,0,0,0,0,0,0,0,1.41106222044538,0,0,0,0,0,0,0,0,0,0,0,0,0,0,0,0,0,0,0,0,0,0,0,0,0,0,0,0,0,0,0.0339558053215125,0,0,0,25.1266352829805,0,0,0,0,0.645366508516866,0,0,0,0.0294837700036374,0,0,0,0,0.222198283438463,4.05837952611616,0,0,0,0,0,0,0.24841099784805,0,0,0.555926660766618,0,0,0,0,0,0,0,0,0,0,0,0,0,0,0,0,0,0,0,0,0,0,0,0,0,0,0,0,0,0,0,0,0,0,0.223531678154915,0.434344450027322,0,0,0.0817502926299197,0,0,0,0,0,0,0,0,0,0,0,0,0,0,0,0,0,0,0,0,0,0,0,0,0,0,0,0,0,0,0,0,0,0.0827781213221399,0,0,0,0,0,0,0,0.0201749431594665,0,0,0,0,0,0,0,0,0,0,0,0,0,0,0,0,0,0,0,1.17036894275864,0,0,0.571500541950143,0,0,0,0,0,0,0,0.0842856506045691,0,0,0,0,0,0,0,0,0,0,0,0,0,0,0,0,0,0,0,0,0.472466187917968,0,0,0,0,0,0,0,0,0,0,0,0,0,0,0,0,0,0,0,0.094148990780139,0,0,0,0,0,0,0,0,0,0,0,1.37812550477779,0,0,0,0,0,0,0,0,0,0,0,1.09947021754644,0,0,0,0,0,0,0,0,0.0678798533815371,0,0,0.00203209031339732,0,0,0,0,0,0,0,0,0,0,0,0,0,0,0,0,0,0,0,0,0,0,0,0,0,0,0,0,0,0,0,0,0,0.00598358273364366,0,0,0,0.0027012170491327,0,0,0,0,0,0,0,0,0,0,0,0,3.10149640633296,0,0,0,0,0,1.19525928146256,0,0,0,0,0,0,0,0,0,0,0,2.34892723575966,0,0,0,0,0,0,0,0,0,0,0,0,0,0,0,0,0,0,0,0,0,0,18.6839219192974,0.87087012606912,0,0,0,0,0,0,0,0,0,0,0,0,0,0,0,0,0,0,0,0,0,0,0,0,0,0,0,0,0,0,0.0622990679213183,0,0,0,0,0,0.154960805530792,0,0,0,0,0,0,0,0,0,0,0,0,0,0,0,0,0,0,0,0,0,0,0,0,0,0,0,0,0.198083983655991,0,0,0,0,0,0,0,0,0,0,0,0,0,0,0,0,0,0,0,0,0,0,0,0,0,0,0,2.11863438584782,0,0,0,0,0,0,0,0,0,0,0,0,0.287895513658432,0.0873684594105574,0,11.7219525446498,0,0.00627676278629307,0,0,0,0,0,0,0,0,0,0,0,0,0,0,0,0,0,0,0,0,0,0,0,0,0,0,0,0,0,0,0,0,0,0,0,0,0,0,0,0,0,0,0,0,0,0,0,0,0,0,0,0,0,0,0,0,0,0,0,0,0,0,0,0,0,0,0,0,0,0,0,0,0,0,0,0,0,0,0,0,0.624294813574545,0,0,0,0,0,0,0,0,0,0,0,0,0,0,0,0,0,0,0,0,0,0,0,0,0,0,0,0,0,0,0,0,0,0,0.0589716757960506,0,57.32330098,63.21810108,80.06960134,60.36080107,60.81930106,53.58190093,64.76050106,69.71670117,57.308401,73.43810124,57.99710097,"HOW-00448"
"557",7925,"nSPC",2015,"PRIAs","Pacific Remote Island Areas","Howland","Howland",2015,"ForereefMid","Howland","2015-02-05","Forereef","Mid",0.79567764,-176.61101516,12.95,52.5,0,0,22.5,22.5,2.5,0,0,NA,0.415,0.26160771125757,1,2,1,16.7173850804798,84.8084204552362,9.99884730867158,56.1913508702779,167.716003714666,0,0,0,0,0,0.00282942121052258,0,0,0,0,0,0,0,0,0,0,0.0141471060526129,0.0650766878420194,0,0,0,0,0,0,0,0,0.0141471060526129,0,0,0,0,0.00565884242104517,0,0,0,0,0,0,0,0,0,0,0,0,0,0,0,0,0,0,0,0,0,0,0,0,0,0.00565884242104517,0,0,0,0,0,0,0,0,0.00848826363156775,0,0,0,0,0,0,0,0,0,0,0.0113176848420903,0,0,0,0,0,0,0,0,0.00565884242104517,0,0,0,0,0,0,0,0,0,0,0,0,0,0,0.00282942121052258,0,0,0,0,0,0,0,0,0,0,0,0,0,0,0,0.0113176848420903,0,0,0,0.0367824757367936,0,0,0,0,0.0877120575262001,0.00848826363156775,0,0,0,0,0,0,0,0,0,0.00282942121052258,0,0.00282942121052258,0,0,0,0,0,0,0,0,0,0,0,0,0,0,0,0,0,0,0,0,0,0,0,0,0,0,0,0,0,0,0,0,0,0.707355302630646,0,0,0,0,0,0,0,0,0,0,0,0,0,0,0,0,0,0,0,0,0,0,0,0,0,0,0,0,0,0,0,0,0,0,0,0.0707355302630646,0,0,0,0,0,0,0,0,0,0,0,0,0,0,0,0,0,0,0,0,0,0,0,0,0,0,0,0,0.0141471060526129,0,0,0.0367824757367936,0,0,0,0,0,0,0,0,0,0,0,0,0,0,0,0,0,0,0,0,0,0,0,0,0,0,0,0,0,0,0,0,0,0,0,0,0,0,0,0,0,0,0,0,0,0,0,0,0,0,0,0,0,0,0,0,0,0,0.0424413181578388,0,0,0,0,0,0,0,0,0.00282942121052258,0,0,0,0,0,0,0,0,0,0,0,0,0,0,0,0,0.0113176848420903,0,0,0,0,0,0,0,0,0.00282942121052258,0,0,0,0,0,0,0,0,0,0,0,0,0,0,0,0,0,0,0,0,0,0,0,0.00282942121052258,0.00848826363156775,0,0,0,0.00282942121052258,0,0,0,0,0,0,0,0,0,0,0,0,0.00565884242104517,0,0,0,0,0,0,0,0,0,0,0,0,0,0,0,0,0.0424413181578388,0.00848826363156775,0,0,0,0,0,0,0,0.282942121052258,0.209377169578671,0,0.212206590789194,0,0,0,0,0,0,0,0,0,0,0,0,0.0113176848420903,0,0,0,0,0,0,0.00282942121052258,0,0,0,0,0,0,0,0,0,0,0,0,0,0,0,0,0,0,0,0,0,0,0,0.0113176848420903,0,0,0,0,0,0.00565884242104517,0,0,0.00565884242104517,0,0.00282942121052258,0,0,0,0,0,0,0,0,0,0,0,0.0707355302630646,0,0,0,0,0,0,0.67906109052542,0,0,0,0,0.0282942121052258,0,0,0,0,0,0,0,0,0,0,0,0,0,0,0,0.00565884242104517,0,0,0,0,0,0,0,0,0,0,0,4.24413181578388,0,0,0,0,0,0,0,0,0,0,0,0,0,10.4688584789336,0,0,0,0.00282942121052258,0,0,0,0,0,0,0,0,0,0,0,0,0,0,0,0,0,0,0,0,0,0,0,0,0,0,0,0,0,0.0622472666314968,0,0,0,0,0,0,0,0,0,0,0,0,0,0,0,0,0,0,0,0,0,0,0,0,0,0,0,0,0,0,0,0,0,0,0,0,0,0,0,0,0,0.0367824757367936,0,0,0,0,0,0,0,0,0,0,0,0,0,0,0,0,0,0,0,0.0565884242104517,0,0,0,0,0,0,0,0,0,0,0,0,0,0,0,0,0,0,0,0,0.00565884242104517,0,0,0.00848826363156775,0,0,0,0,0,0.0699388324571573,0,0,0,0,0,0,0,0,0,0,7.25491246679413,2.73623217987815,0,0,0,0,0,0,0,0,0.288095911787225,0,0,0,0,0.81188487394795,0,0,0,0,0,0,0,0,0,0,0,0,0,0,0,0,0,0,0,0,0,0,0,0,0,1.13526706353584,0,0,0,0,0,0,0,0,0.360219599127859,0,0,0,0,0,0,0,0,0,0,0.342212542618594,0,0,0,0,0,0,0,0,0.181456971594681,0,0,0,0,0,0,0,0,0,0,0,0,0,0,0.819923672365924,0,0,0,0,0,0,0,0,0,0,0,0,0,0,0,4.83417368204712,0,0,0,0.188643464567428,0,0,0,0,0.216019641548902,0.828867101964387,0,0,0,0,0,0,0,0,0,0.0877238271159633,0,0.00197097481525003,0,0,0,0,0,0,0,0,0,0,0,0,0,0,0,0,0,0,0,0,0,0,0,0,0,0,0,0,0,0,0,0,0,1.40523204420604,0,0,0,0,0,0,0,0,0,0,0,0,0,0,0,0,0,0,0,0,0,0,0,0,0,0,0,0,0,0,0,0,0,0,0,0.379345464578034,0,0,0,0,0,0,0,0,0,0,0,0,0,0,0,0,0,0,0,0,0,0,0,0,0,0,0,0,0.354266034286634,0,0,2.30763418121951,0,0,0,0,0,0,0,0,0,0,0,0,0,0,0,0,0,0,0,0,0,0,0,0,0,0,0,0,0,0,0,0,0,0,0,0,0,0,0,0,0,0,0,0,0,0,0,0,0,0,0,0,0,0,0,0,0,0,0.768587483569975,0,0,0,0,0,0,0,0,3.98538243893105,0,0,0,0,0,0,0,0,0,0,0,0,0,0,0,0,0.0890732920705825,0,0,0,0,0,0,0,0,0.0836060014654897,0,0,0,0,0,0,0,0,0,0,0,0,0,0,0,0,0,0,0,0,0,0,0,0.0119901315272546,0.0391482912849606,0,0,0,0.0048155202490365,0,0,0,0,0,0,0,0,0,0,0,0,5.75265426365652,0,0,0,0,0,0,0,0,0,0,0,0,0,0,0,0,5.88377157447297,0.608914288550003,0,0,0,0,0,0,0,23.4899922917318,22.5909815156353,0,37.7058847424798,0,0,0,0,0,0,0,0,0,0,0,0,2.82560065636052,0,0,0,0,0,0,3.87089599264038,0,0,0,0,0,0,0,0,0,0,0,0,0,0,0,0,0,0,0,0,0,0,0,0.136956613944392,0,0,0,0,0,0.0933167032289361,0,0,1.00093522527429,0,0.344770422496462,0,0,0,0,0,0,0,0,0,0,0,3.85344533503492,0,0,0,0,0,0,5.29609168911597,0,0,0,0,0.120291513290958,0,0,0,0,0,0,0,0,0,0,0,0,0,0,0,1.27001060924971,0,0,0,0,0,0,0,0,0,0,0,2.42850637209759,0,0,0,0,0,0,0,0,0,0,0,0,0,13.2768167481754,0,0,0,0.00627676278629307,0,0,0,0,0,0,0,0,0,0,0,0,0,0,0,0,0,0,0,0,0,0,0,0,0,0,0,0,0,6.48313204346429,0,0,0,0,0,0,0,0,0,0,0,0,0,0,0,0,0,0,0,0,0,0,0,0,0,0,0,0,0,0,0,0,0,0,0,0,0,0,0,0,0,0.519040629395521,0,0,0,0,0,0,0,0,0,0,0,0,0,0,0,0,0,0,0,0.0145149308099809,0,0,0,0,0,0,0,0,0,0,0,0,0,0,0,0,0,0,0,0,0.314082868353437,0,0,0.242496232864903,0,104.2564018,108.9093019,94.64440165,107.0652018,117.3387021,127.1204022,117.438602,109.6325019,133.6534023,116.707402,121.4432021,"HOW-00464"
"558",7926,"nSPC",2015,"PRIAs","Pacific Remote Island Areas","Howland","Howland",2015,"ForereefMid","Howland","2015-02-05","Forereef","Mid",0.7913768,-176.61307896,12,27.5,0,0,22.5,47.5,2.5,0,0,NA,0.4625,0.359663036054018,1.4,2,1,16.1102706087753,75.7924263971327,15.1686732720684,14.9992868390214,122.070657116998,8.19893891396498,0,0,0,0,0,0,0,0,0,0,0,0,0,0,0,0,0.0367824757367936,0,0,0,0,0,0,0,0,0.0311236333157484,0,0,0,0,0,0,0,0,0,0,0,0,0,0,0,0,0,0,0,0,0,0.00848826363156775,0,0,0,0,0,0,0,0,0.00565884242104517,0,0,0,0,0,0,0,0,0,0,0,0,0.00282942121052258,0,0,0,0,0,0,0.0226353696841807,0,0,0,0,0,0,0,0,0.00282942121052258,0,0,0,0,0,0,0,0,0,0,0,0,0,0,0,0,0,0,0,0,0,0,0,0,0,0,0,0,0,0,0.00282942121052258,0,0,0,0.00565884242104517,0,0,0,0,0.067906109052542,0.00565884242104517,0,0,0,0,0,0,0,0,0,0.0311236333157484,0,0,0,0,0,0,0,0,0,0,0,0,0,0,0,0,0,0,0,0,0,0,0,0,0,0,0,0,0,0,0,0,0,0,0,0.367824757367936,0,0,0.00282942121052258,0,0,0,0,0,0,0,0,0,0,0,0,0,0,0,0,0,0,0,0,0,0,0,0,0,0,0,0.113176848420903,0,0,0,0,0.00565884242104517,0.113176848420903,0,0,0,0,0,0,0,0.00282942121052258,0,0,0,0,0,0,0,0,0,0,0,0,0,0,0,0.00282942121052258,0,0,0,0.00848826363156775,0,0,0.0282942121052258,0,0,0,0,0,0,0,0.0311236333157484,0,0,0,0,0,0,0,0,0,0,0,0,0,0,0,0,0,0,0,0,0,0,0,0,0,0,0.00565884242104517,0,0,0,0,0,0,0,0,0,0,0,0,0,0,0,0,0,0,0,0,0,0,0,0.0282942121052258,0,0,0,0,0,0,0,0,0,0,0,0,0,0,0,0,0,0,0,0.00848826363156775,0,0,0,0,0,0.0367824757367936,0,0,0,0,0,0,0,0,0.00282942121052258,0,0,0,0,0,0,0,0,0,0,0,0,0,0,0,0,0,0,0,0,0,0,0,0,0,0,0,0,0.00282942121052258,0,0,0,0,0,0,0,0,0,0,0,0,0.00848826363156775,0,0,0,0,0,1.13176848420903,0,0,0,0,0,0,0,0,0,0,0.0367824757367936,0.00282942121052258,0,0,0,0,0,0,0,0.0565884242104517,0.0565884242104517,0,0,0.0226353696841807,0,0,0.141471060526129,0,0,0,0,0,0,0,0,0,0,0,0,0,0,0,0,0,0,0,0,0,0,0,0,0,0,0,0,0,0,0,0,0,0,0,0,0,0,0,0.00848826363156775,0,0,0,0,0,0.00565884242104517,0.00565884242104517,0,0,0,0,0,0,0,0,0,0,0,0,0,0,0,0.0905414787367227,0,0,0,0,0,0,0.67906109052542,0,0,0,0,0.00565884242104517,0,0,0,0,0,0,0,0,0,0,0,0,0,0,0,0.00565884242104517,0,0,0,0,0,0,0,0,0,0,0,7.63943726841098,0,0,0,0,0,0,0,0,0,0,0,0,0.00282942121052258,12.1665112052471,0,0,0,0,0,0,0,0,0,0,0,0,0,0,0,0,0,0,0,0,0,0,0,0,0,0,0,0,0,0,0,0,0,0.00565884242104517,0,0,0,0,0,0,0,0,0,0,0,0,0,0,0,0,0,0,0.00565884242104517,0,0,0,0,0,0,0,0,0,0,0,0,0,0,0,0,0,0,0,0,0,0,0.033953054526271,0,0,0,0,0,0,0,0,0,0,0,0,0,0,0,0,0,0,0,0.568713663315039,0,0,0,0,0,0,0,0.00282942121052258,0,0,0,0,0,0,0,0,0,0,0,0,0.0113176848420903,0,0,0,0,0,0,0,0,0,0,0,0,0,0,0,0,0,0,0,0,2.45870808862411,0,0,0,0,0,0,0,0,0.817317928556396,0,0,0,0,0,0,0,0,0,0,0,0,0,0,0,0,0,0,0,0,0,0.160727862966257,0,0,0,0,0,0,0,0,0.883632488178019,0,0,0,0,0,0,0,0,0,0,0,0,2.85206818205931,0,0,0,0,0,0,1.4027845894627,0,0,0,0,0,0,0,0,0.0980785542552974,0,0,0,0,0,0,0,0,0,0,0,0,0,0,0,0,0,0,0,0,0,0,0,0,0,0,0,0,0,0,0.489340134096332,0,0,0,0.0340277190186907,0,0,0,0,0.205979358634038,0.509132983246485,0,0,0,0,0,0,0,0,0,1.77975632568993,0,0,0,0,0,0,0,0,0,0,0,0,0,0,0,0,0,0,0,0,0,0,0,0,0,0,0,0,0,0,0,0,0,0,0,0.5785176078095,0,0,0.108700801963264,0,0,0,0,0,0,0,0,0,0,0,0,0,0,0,0,0,0,0,0,0,0,0,0,0,0,0,0.132858302361298,0,0,0,0,0.0393325429802089,0.0730092331251534,0,0,0,0,0,0,0,0.0058621881694282,0,0,0,0,0,0,0,0,0,0,0,0,0,0,0,0.481885799917128,0,0,0,0.27564815188834,0,0,3.25331447926265,0,0,0,0,0,0,0,0.726952665944318,0,0,0,0,0,0,0,0,0,0,0,0,0,0,0,0,0,0,0,0,0,0,0,0,0,0,2.08685528016329,0,0,0,0,0,0,0,0,0,0,0,0,0,0,0,0,0,0,0,0,0,0,0,0.588447407289613,0,0,0,0,0,0,0,0,0,0,0,0,0,0,0,0,0,0,0,0.257797798659379,0,0,0,0,0,0.380753514647298,0,0,0,0,0,0,0,0,0.515183277548921,0,0,0,0,0,0,0,0,0,0,0,0,0,0,0,0,0,0,0,0,0,0,0,0,0,0,0,0,0.00785111761276115,0,0,0,0,0,0,0,0,0,0,0,0,9.26546048902562,0,0,0,0,0,0.694634224868136,0,0,0,0,0,0,0,0,0,0,5.74978895977835,0.387383452121338,0,0,0,0,0,0,0,9.11686259395842,8.52028248329546,0,0,3.24483252643873,0,0,11.5524459543667,0,0,0,0,0,0,0,0,0,0,0,0,0,0,0,0,0,0,0,0,0,0,0,0,0,0,0,0,0,0,0,0,0,0,0,0,0,0,0,0.069174847973956,0,0,0,0,0,0.225361618580032,0.870731289795625,0,0,0,0,0,0,0,0,0,0,0,0,0,0,0,5.22623523564111,0,0,0,0,0,0,3.8291773135615,0,0,0,0,0.031477268920354,0,0,0,0,0,0,0,0,0,0,0,0,0,0,0,2.32269111178222,0,0,0,0,0,0,0,0,0,0,0,6.17301899052738,0,0,0,0,0,0,0,0,0,0,0,0,0.0276693920656364,22.5367369329638,0,0,0,0,0,0,0,0,0,0,0,0,0,0,0,0,0,0,0,0,0,0,0,0,0,0,0,0,0,0,0,0,0,1.05933530121966,0,0,0,0,0,0,0,0,0,0,0,0,0,0,0,0,0,0,8.19893891396498,0,0,0,0,0,0,0,0,0,0,0,0,0,0,0,0,0,0,0,0,0,0,0.354673108554224,0,0,0,0,0,0,0,0,0,0,0,0,0,0,0,0,0,0,0,0.609600214517696,0,0,0,0,0,0,0,0.0393289548262639,0,0,0,0,0,0,0,0,0,0,0,0,0.760291554120494,0,0,0,0,99.83070172,102.7665018,92.15700159,99.94850169,116.9793021,124.2768022,110.5729018,101.6763017,129.2136022,116.712802,115.835102,"HOW-00437"
"559",7927,"nSPC",2015,"PRIAs","Pacific Remote Island Areas","Howland","Howland",2015,"ForereefShallow","Howland","2015-02-05","Forereef","Shallow",0.8049787,-176.62125726,6.5,12.5,0,1,20,56,1.5,0,9,NA,0.555,0.41988633427296,1.4,2,1,24.022957841537,10.6417798586741,39.5827301094356,13.1340694864641,87.3815372961108,1.16147292892856,0,0,0,0,0,0,0,0,0,0,0,0,0.0311236333157484,0,0,0,0.0396118969473162,0,0,0,0,2.12206590789194,0,0,0,0,0,0,0,0,0,0,0,0,0,0,0,0,0,0,0,0,0,0,0,0,0,0,0,0,0,0,0,0,0,0,0.00282942121052258,0,0,0,0,0,0,0,0,0,0,0,0,0.00848826363156775,0,0,0,0,0,0,0.0113176848420903,0,0,0,0,0,0,0,0,0,0,0,0,0,0,0,0,0,0,0,0,0,0,0,0,0,0,0,0,0,0.00282942121052258,0,0,0,0,0,0,0,0,0,0.00282942121052258,0,0,0,0.0537590029999291,0,0,0,0,0.0622472666314969,0.0141471060526129,0,0,0,0,0,0,0,0,0,0.00565884242104517,0,0,0,0,0,0,0,0,0,0,0,0,0,0,0,0,0,0,0,0,0,0,0,0,0,0,0,0,0,0,0,0,0,0,0,0.101859163578813,0,0,0.00282942121052258,0,0,0,0,0,0,0,0,0,0,0,0,0,0,0,0,0,0,0,0,0,0,0,0.0282942121052258,0,0,0,0.198059484736581,0,0,0,0,0,0,0,0,0,0,0,0,0,0.00848826363156775,0,0,0,0,0,0,0,0,0,0,0,0,0,0,0,0,0,0,0,0.0565884242104517,0,0,0.0367824757367936,0,0,0,0,0,0,0,0,0,0,0,0,0,0,0,0,0,0,0,0,0,0,0,0,0,0,0,0,0,0,0,0,0,0,0,0,0,0,0,0,0,0,0,0,0,0,0,0,0.00282942121052258,0,0,0,0,0,0,0,0,0,0,0,0,0,0,0,0,0,0,0,0,0,0,0,0,0,0,0,0,0,0.00282942121052258,0,0,0,0,0,0.00282942121052258,0,0,0,0,0,0,0,0,0.00282942121052258,0,0,0,0,0,0,0,0,0,0,0,0,0,0,0,0,0,0,0,0,0,0,0,0.00282942121052258,0.00282942121052258,0,0,0,0,0,0,0,0,0,0,0,0,0.424413181578388,0,0,0,0.0169765272631355,0,0,0,0.00848826363156775,0.00282942121052258,2.82942121052258,0,0,0,0,0,0,0,0,0,0,0,0.0452707393683613,0,0,0,0,0,0,0,0,0,0,0,0,0,0,0,0,0,0,0,0,0,0,0,0,0,0,0,0,0,0,0,0,0,0,0,0,0,0,0,0,0,0,0,0,0,0,0,0,0,0,0,0,0,0,0.00565884242104517,0,0,0,0,0,0,0,0,0.00282942121052258,0,0,0,0,0,0,0,0,0,0,0,0,0,0,0,0,0,0,0,0,0.0169765272631355,0,0,0,0,0.033953054526271,0.00282942121052258,0,0,0,0,0,0,0,0,0,0,0,0,0,0,0,0,0,0,0,0,0,0,0,0,0,0,8.62973469209388,0,0,0,0,0,0,0,0,0,0,0,0,0.00848826363156775,0.282942121052258,0,0,0,0.00282942121052258,0,0,0,0,0,0,0,0,0,0,0,0,0,0,0,0.0141471060526129,0,0,0,0,0,0,0,0,0,0,0,0,0,0.00565884242104517,0,0,0,0,0,0,0,0,0,0,0,0,0,0,0,0,0,0,0.00565884242104517,0,0,0,0,0,0,0,0,0,0,0,0,0,0,0,0,0,0,0,0,0,0,0.0565884242104517,0,0,0.0113176848420903,0,0,0,0,0,0.00282942121052258,0,0,0,0,0,0,0,0,0,0,0.0565884242104517,0,0,0,0,0,0,0.00282942121052258,0.033953054526271,0,0,0,0,0,0,0,0,0,0,0,0,0.00282942121052258,0,0,0.00565884242104517,0,0,0,0,0,0,0,0,0,0,0,0,0,6.27245370181273,0,0,0,2.64846083394744,0,0,0,0,1.12497855137875,0,0,0,0,0,0,0,0,0,0,0,0,0,0,0,0,0,0,0,0,0,0,0,0,0,0,0,0,0,0,0,0,0,0,1.16767949821299,0,0,0,0,0,0,0,0,0,0,0,0,7.84601856185725,0,0,0,0,0,0,1.97982169372697,0,0,0,0,0,0,0,0,0,0,0,0,0,0,0,0,0,0,0,0,0,0,0,0,0,0,0,0,0,0.196221545279964,0,0,0,0,0,0,0,0,0,0.645366508516866,0,0,0,0.252967123994559,0,0,0,0,0.130045984853466,1.69330768129441,0,0,0,0,0,0,0,0,0,0.270886200955522,0,0,0,0,0,0,0,0,0,0,0,0,0,0,0,0,0,0,0,0,0,0,0,0,0,0,0,0,0,0,0,0,0,0,0,0.0921978219133626,0,0,0.0817502926299197,0,0,0,0,0,0,0,0,0,0,0,0,0,0,0,0,0,0,0,0,0,0,0,17.3932054434037,0,0,0,0.0682541278614363,0,0,0,0,0,0,0,0,0,0,0,0,0,0.0175865645082846,0,0,0,0,0,0,0,0,0,0,0,0,0,0,0,0,0,0,0,1.09567355288122,0,0,1.16155731637897,0,0,0,0,0,0,0,0,0,0,0,0,0,0,0,0,0,0,0,0,0,0,0,0,0,0,0,0,0,0,0,0,0,0,0,0,0,0,0,0,0,0,0,0,0,0,0,0,0.0470744953900695,0,0,0,0,0,0,0,0,0,0,0,0,0,0,0,0,0,0,0,0,0,0,0,0,0,0,0,0,0,0.135141328524186,0,0,0,0,0,0.00812836125358928,0,0,0,0,0,0,0,0,0.10629767663176,0,0,0,0,0,0,0,0,0,0,0,0,0,0,0,0,0,0,0,0,0,0,0,0.0243290750675526,0.00889828028477043,0,0,0,0,0,0,0,0,0,0,0,0,0.879146440848735,0,0,0,17.1796930574294,0,0,0,2.5767716157342,0.489253279393625,2.56417711914214,0,0,0,0,0,0,0,0,0,0,0,7.48245737851988,0,0,0,0,0,0,0,0,0,0,0,0,0,0,0,0,0,0,0,0,0,0,0,0,0,0,0,0,0,0,0,0,0,0,0,0,0,0,0,0,0,0,0,0,0,0,0,0,0,0,0,0,0,0,0.0620352706152356,0,0,0,0,0,0,0,0,0.653547673221794,0,0,0,0,0,0,0,0,0,0,0,0,0,0,0,0,0,0,0,0,0.0268988745156881,0,0,0,0,0.159187748473474,0.00668154817603593,0,0,0,0,0,0,0,0,0,0,0,0,0,0,0,0,0,0,0,0,0,0,0,0,0,0,6.98704347279473,0,0,0,0,0,0,0,0,0,0,0,0,0.0764353829324873,0.0399786076976294,0,0,0,0.00125174108652593,0,0,0,0,0,0,0,0,0,0,0,0,0,0,0,0.0105424234304071,0,0,0,0,0,0,0,0,0,0,0,0,0,0.915795367904392,0,0,0,0,0,0,0,0,0,0,0,0,0,0,0,0,0,0,1.16147292892856,0,0,0,0,0,0,0,0,0,0,0,0,0,0,0,0,0,0,0,0,0,0,0.431377922810873,0,0,0.11391447365337,0,0,0,0,0,0.105607580798513,0,0,0,0,0,0,0,0,0,0,0.00430072023999433,0,0,0,0,0,0,0.427380678543984,0.234675873448317,0,0,0,0,0,0,0,0,0,0,0,0,0.205664541618939,0,0,0.117943351592101,0,44.80270078,54.75220094,68.29140113,52.85920094,47.48860081,39.7812007,48.4346008,48.40390081,41.96640075,53.1890009,49.05400084,"HOW-00447"
"560",7928,"nSPC",2015,"PRIAs","Pacific Remote Island Areas","Howland","Howland",2015,"ForereefDeep","Howland","2015-02-05","Forereef","Deep",0.82375693,-176.62047012,22.55,52.5,0,3,27,15,2.5,0,0,NA,0.56875,0.320259697043256,1.3,2,1,25.7915259871816,122.934176334504,9.87261918818218,20.6239879370247,179.222309446893,2.02440011034498,0,0,0,0,0,0,0,0,0,0,0,0,0,0,0,0,0.0396118969473162,0,0,0,0,0,0,0,0,0.00565884242104517,0,0,0,0,0.00848826363156775,0,0,0,0,0,0,0,0,0,0,0,0,0,0,0,0,0,0,0,0,0,0,0,0,0,0.00848826363156775,0,0,0,0,0,0,0,0,0,0,0,0,0,0,0,0,0,0,0,0.0424413181578388,0.00282942121052258,0,0,0,0,0,0,0,0,0,0,0,0,0,0,0,0,0,0,0,0,0,0,0,0,0,0,0,0,0,0,0,0,0,0,0,0,0,0,0.00282942121052258,0,0,0,0.0650766878420194,0,0,0,0,0.0848826363156775,0.0537590029999291,0,0,0,0,0,0,0,0,0,0.0254647908947033,0.00565884242104517,0,0,0,0,0,0,0,0,0,0,0,0,0,0,0,0,0,0,0,0,0,0,0,0,0,0,0,0,0,0,0,0,0,0,0.33953054526271,0,0,0.00848826363156775,0,0,0,0,0.0113176848420903,0,0,0,0,0,0,0,0,0,0,0,0,0,0,0,0,0,0,0,0,0,0,0,0,0,0,0,0.33953054526271,0,0,0,0,0,0,0,0,0,0,0,0,0,0,0,0,0,0,0,0,0,0,0,0,0.00282942121052258,0,0,0,0,0,0,0.0141471060526129,0,0,0,0,0,0,0,0,0,0,0,0,0,0,0,0,0,0,0,0,0,0,0,0,0,0,0,0,0,0,0,0,0,0,0.00282942121052258,0,0,0,0,0,0.00282942121052258,0,0,0,0,0,0,0,0,0,0,0,0,0,0,0,0,0,0.0141471060526129,0,0,0,0,0,0,0,0,0,0,0,0,0,0,0,0,0,0,0,0.00565884242104517,0,0,0,0,0,0.00282942121052258,0,0,0,0,0,0,0,0,0,0,0,0,0,0,0,0,0,0,0,0,0,0,0,0,0,0,0,0,0,0,0,0,0,0.00565884242104517,0,0,0,0.00565884242104517,0,0,0,0,0,0,0,0,0.0848826363156775,0,0,0,0.00282942121052258,0,0,0,0,0,29.9918648315394,0,0,0,0,0,0,0,0,0,0,0.0113176848420903,0.00565884242104517,0,0,0,0,0,0,0,0,0.169765272631355,0,0,0,0,0,0,0,0,0,0,0,0,0,0.00848826363156775,0,0,0,0,0,0,0,0.0282942121052258,0,0,0,0,0,0,0,0,0,0,0,0,0,0,0,0,0,0,0,0,0,0,0,0.0169765272631355,0,0,0,0,0,0.00282942121052258,0.00565884242104517,0,0,0,0,0,0,0,0,0,0,0,0,0,0,0,0,0,0,0,0,0,0,0.0565884242104517,0,0,0,0,0.113176848420903,0,0,0,0,0,0,0,0,0,0,0,0,0,0,0,0.00282942121052258,0,0,0,0,0,0,0,0,0,0,0,0.367824757367936,0,0,0,0,0,0,0,0,0,0,0,0,0.0707355302630646,0,0,0,0,0,0,0,0,0,0,0,0,0,0,0,0,0,0,0,0,0.00565884242104517,0,0,0,0,0.0113176848420903,0,0,0,0,0,0,0,0,0.00565884242104517,0,0,0,0,0,0,0,0,0,0,0,0,0,0,0,0,0,0,0.00282942121052258,0,0,0,0,0,0,0,0,0,0,0,0,0,0,0,0,0,0,0,0,0,0,0.0452707393683613,0,0,0,0,0,0,0,0,0,0,0,0,0,0,0,0,0,0,0,0.0622472666314968,0,0,0,0,0,0,0,0,0,0,0,0,0,0,0,0,0,0.00282942121052258,0,0,0.00282942121052258,0,0,0,0,0,0,0,0,0,0,0,0,0,0,0,0,0,0,0,0,5.57261275503668,0,0,0,0,0,0,0,0,0.149610739464561,0,0,0,0,1.13832821434351,0,0,0,0,0,0,0,0,0,0,0,0,0,0,0,0,0,0,0,0,0,0,0,0,0,2.10648145586438,0,0,0,0,0,0,0,0,0,0,0,0,0,0,0,0,0,0,0,6.08054547920839,4.73052013213878,0,0,0,0,0,0,0,0,0,0,0,0,0,0,0,0,0,0,0,0,0,0,0,0,0,0,0,0,0,0,0,0,0,0,0,0,0,0,1.61140260315431,0,0,0,0.108135070059097,0,0,0,0,0.129186000606337,6.90121534563204,0,0,0,0,0,0,0,0,0,1.83274606636338,0.254644291224707,0,0,0,0,0,0,0,0,0,0,0,0,0,0,0,0,0,0,0,0,0,0,0,0,0,0,0,0,0,0,0,0,0,0,0.478873881038526,0,0,1.0223469552795,0,0,0,0,1.24587863343441,0,0,0,0,0,0,0,0,0,0,0,0,0,0,0,0,0,0,0,0,0,0,0,0,0,0,0,0.102141646143129,0,0,0,0,0,0,0,0,0,0,0,0,0,0,0,0,0,0,0,0,0,0,0,0,0.211536300904421,0,0,0,0,0,0,0.987936899778482,0,0,0,0,0,0,0,0,0,0,0,0,0,0,0,0,0,0,0,0,0,0,0,0,0,0,0,0,0,0,0,0,0,0,2.29167632431517,0,0,0,0,0,0.714207845320489,0,0,0,0,0,0,0,0,0,0,0,0,0,0,0,0,0,0.459702753813602,0,0,0,0,0,0,0,0,0,0,0,0,0,0,0,0,0,0,0,0.362998286306672,0,0,0,0,0,0.0192672266751746,0,0,0,0,0,0,0,0,0,0,0,0,0,0,0,0,0,0,0,0,0,0,0,0,0,0,0,0,0,0,0,0,0,0.0108152281644914,0,0,0,0.009631040498073,0,0,0,0,0,0,0,0,0.0520975668651102,0,0,0,9.66361284311112,0,0,0,0,0,12.8751538945285,0,0,0,0,0,0,0,0,0,0,1.89855889061681,0.624594294061249,0,0,0,0,0,0,0,0,23.3779516447271,0,0,0,0,0,0,0,0,0,0,0,0,0,9.73803674052843,0,0,0,0,0,0,0,73.6616621117242,0,0,0,0,0,0,0,0,0,0,0,0,0,0,0,0,0,0,0,0,0,0,0,0.0757336524470287,0,0,0,0,0,0.178309917462687,0.491873585958018,0,0,0,0,0,0,0,0,0,0,0,0,0,0,0,0,0,0,0,0,0,0,0.235293177284873,0,0,0,0,0.555355715785456,0,0,0,0,0,0,0,0,0,0,0,0,0,0,0,0.95014567316862,0,0,0,0,0,0,0,0,0,0,0,0.440929927894813,0,0,0,0,0,0,0,0,0,0,0,0,0.568027805612654,0,0,0,0,0,0,0,0,0,0,0,0,0,0,0,0,0,0,0,0,1.44642049465186,0,0,0,0,0.640490035759073,0,0,0,0,0,0,0,0,0.446907080202042,0,0,0,0,0,0,0,0,0,0,0,0,0,0,0,0,0,0,2.02440011034498,0,0,0,0,0,0,0,0,0,0,0,0,0,0,0,0,0,0,0,0,0,0,0.171109767070653,0,0,0,0,0,0,0,0,0,0,0,0,0,0,0,0,0,0,0,0.044754369997441,0,0,0,0,0,0,0,0,0,0,0,0,0,0,0,0,0,0.114404920975746,0,0,0.414044051346115,0,0,0,0,121.8468021,134.6043024,138.2386024,133.8045023,132.8022023,148.5008026,135.7600023,126.7567022,153.1728026,141.1516024,148.2706025,"HOW-00463"
"561",7929,"nSPC",2015,"PRIAs","Pacific Remote Island Areas","Howland","Howland",2015,"ForereefMid","Howland","2015-02-05","Forereef","Mid",0.81517227,-176.61293898,9.95,52.5,0,2.5,40,5,0,0,0,NA,0.3225,0.210502939651706,0.6,2,1,20.8849697127853,109.348261773686,21.975336038131,8.736153884931,160.944721409533,4.58273207560662,0,0,0,0,0.209377169578671,0,0,0,0,0,0,0,0,0,0,0,0.0707355302630646,0,0,0,0,0,0.00282942121052258,0,0,0,0,0,0,0,0,0,0,0,0,0,0,0,0,0,0,0.00282942121052258,0,0,0,0,0,0,0,0,0,0,0,0,0,0,0.00282942121052258,0,0,0,0,0,0,0,0,0.00282942121052258,0,0,0,0,0,0,0,0,0,0,0.0396118969473162,0,0,0,0,0,0,0,0,0.00282942121052258,0,0,0,0,0,0,0,0,0,0,0,0,0,0,0,0,0,0,0,0,0,0,0,0,0,0,0,0,0,0,0.00848826363156775,0,0,0,0.0141471060526129,0,0,0,0,0.0113176848420903,0,0,0,0,0,0,0,0,0,0,0.00848826363156775,0,0,0,0,0,0,0,0,0,0,0,0,0,0,0,0,0,0,0,0,0,0,0,0,0,0,0,0,0,0,0,0,0,0,0,0.0198059484736581,0,0,0,0,0,0,0,0.00565884242104517,0,0,0,0,0,0,0,0,0,0,0,0,0,0,0,0,0.00282942121052258,0,0,0,0,0,0.15278874536822,0,0,0,0,1.24777475384046,0,0,0,0,0,0,0,0,0,0,0,0,0,0,0,0,0,0,0,0,0,0,0,0,0,0,0,0,0.0254647908947033,0,0,0.0565884242104517,0,0,0,0,0,0,0,0,0,0,0,0,0,0,0,0,0,0,0,0,0,0,0,0,0,0,0,0,0,0,0,0,0,0,0,0,0,0,0,0,0,0,0,0,0,0,0,0,0,0,0,0,0,0,0,0,0,0,0.0367824757367936,0,0,0,0,0,0,0,0,0,0,0,0,0,0,0,0,0,0,0,0.00282942121052258,0,0,0,0,0.00565884242104517,0.00848826363156775,0,0,0,0,0,0,0,0,0,0,0,0,0,0,0,0,0,0,0,0,0,0,0,0,0,0,0,0,0,0,0,0,0.00565884242104517,0.0113176848420903,0,0,0,0.0169765272631355,0,0,0,0,0,0,0,0,0.424413181578388,0,0,0,0.00848826363156775,0,0,0,0.00565884242104517,0,0.0565884242104517,0,0,0,0,0,0,0,0,0,0,0.0113176848420903,0.0113176848420903,0,0,0,0,0,0,0,0.0933708999472453,0.0282942121052258,0,0,0,0,0,0.226353696841807,0,0,0,0,0,0,0,0,0,0,0,0,0,0,0,0,0,0.00282942121052258,0,0,0,0,0,0,0,0,0,0,0,0,0,0,0,0,0,0,0,0,0,0,0,0,0,0,0,0.00282942121052258,0.00565884242104517,0,0,0,0,0,0,0,0,0,0,0,0,0,0,0,0,0,0,0,0,0,0,0.311236333157484,0,0,0,0,0.0226353696841807,0,0,0,0,0,0,0,0,0,0,0,0,0,0,0,0.00282942121052258,0,0,0,0,0,0,0,0,0,0,0,0.0565884242104517,0,0,0,0,0,0,0,0,0,0,0,0,0.00282942121052258,22.4938986236545,0,0,0,0.00282942121052258,0,0,0,0,0,0,0,0,0,0,0,0,0,0,0,0,0,0,0,0,0,0,0,0,0,0,0,0,0,0,0,0,0,0,0,0,0,0,0,0,0,0,0,0,0,0,0.00282942121052258,0,0.00565884242104517,0,0,0,0,0.00282942121052258,0,0,0,0,0,0,0,0,0,0,0,0,0,0,0,0,0,0.033953054526271,0,0,0,0,0,0,0,0,0,0,0,0,0,0,0,0,0,0,0,0.0169765272631355,0,0,0,0,0,0,0,0.00565884242104517,0,0,0,0,0,0,0,0,0,0,0,0,0,0,0,0,0,0,0,0,0,1.96965270407816,0,0,0,0,0,0,0,0,0,0,0,3.7285871855143,0,0,0,0,0,0.0371276651244773,0,0,0,0,0,0,0,0,0,0,0,0,0,0,0,0,0,0,0.173262437247561,0,0,0,0,0,0,0,0,0,0,0,0,0,0,0.522164025559522,0,0,0,0,0,0,0,0,0.164745453008912,0,0,0,0,0,0,0,0,0,0,2.33314527877275,0,0,0,0,0,0,0,0,0.0567667018323994,0,0,0,0,0,0,0,0,0,0,0,0,0,0,0,0,0,0,0,0,0,0,0,0,0,0,0,0,0,0,4.22714681178245,0,0,0,0.0886844874416225,0,0,0,0,0.0501128194078784,0,0,0,0,0,0,0,0,0,0,0.33953593402043,0,0,0,0,0,0,0,0,0,0,0,0,0,0,0,0,0,0,0,0,0,0,0,0,0,0,0,0,0,0,0,0,0,0,0,0.050515354524186,0,0,0,0,0,0,0,0.281988661853712,0,0,0,0,0,0,0,0,0,0,0,0,0,0,0,0,0.184470254125632,0,0,0,0,0,0.280316418168893,0,0,0,0,0.243909752233433,0,0,0,0,0,0,0,0,0,0,0,0,0,0,0,0,0,0,0,0,0,0,0,0,0,0,0,0,1.50160632518886,0,0,4.80801762772527,0,0,0,0,0,0,0,0,0,0,0,0,0,0,0,0,0,0,0,0,0,0,0,0,0,0,0,0,0,0,0,0,0,0,0,0,0,0,0,0,0,0,0,0,0,0,0,0,0,0,0,0,0,0,0,0,0,0,0.824732822056256,0,0,0,0,0,0,0,0,0,0,0,0,0,0,0,0,0,0,0,0.570442416355386,0,0,0,0,0.091745114519679,0.119893328490442,0,0,0,0,0,0,0,0,0,0,0,0,0,0,0,0,0,0,0,0,0,0,0,0,0,0,0,0,0,0,0,0,0.0363192065948072,0.0334120396301093,0,0,0,0.0307357098218607,0,0,0,0,0,0,0,0,0.242850637209759,0,0,0,11.9382492306536,0,0,0,2.82927452957637,0,0.0347317112434068,0,0,0,0,0,0,0,0,0,0,3.21776659412585,7.01456701087609,0,0,0,0,0,0,0,14.3820450276815,9.63339735286072,0,0,0,0,0,33.2257959095588,0,0,0,0,0,0,0,0,0,0,0,0,0,0,0,0,0,0.0126222754078381,0,0,0,0,0,0,0,0,0,0,0,0,0,0,0,0,0,0,0,0,0,0,0,0,0,0,0,0.110140412162358,0.870731289795625,0,0,0,0,0,0,0,0,0,0,0,0,0,0,0,0,0,0,0,0,0,0,3.01616567389688,0,0,0,0,0.0534523854082874,0,0,0,0,0,0,0,0,0,0,0,0,0,0,0,0.38366612084141,0,0,0,0,0,0,0,0,0,0,0,0.117219525446498,0,0,0,0,0,0,0,0,0,0,0,0,0.0401284443440231,45.9397390579784,0,0,0,0.00627676278629307,0,0,0,0,0,0,0,0,0,0,0,0,0,0,0,0,0,0,0,0,0,0,0,0,0,0,0,0,0,0,0,0,0,0,0,0,0,0,0,0,0,0,0,0,0,0,0.0477274792349752,0,3.23904921022984,0,0,0,0,1.34368286537678,0,0,0,0,0,0,0,0,0,0,0,0,0,0,0,0,0,0.163900841245843,0,0,0,0,0,0,0,0,0,0,0,0,0,0,0,0,0,0,0,0.0103217285759864,0,0,0,0,0,0,0,0.322182797936754,0,0,0,0,0,0,0,0,0,0,0,0,0,0,0,0,0,117.858402,128.7504023,129.5761022,130.2729022,118.6539021,139.1167024,124.6618021,126.7545022,139.7759023,129.7734022,133.4028023,"HOW-00458"
"562",7930,"nSPC",2015,"PRIAs","Pacific Remote Island Areas","Howland","Howland",2015,"ForereefMid","Howland","2015-02-05","Forereef","Mid",0.82246587,-176.62678161,14.9,8,0,0,35,55.5,1.5,0,0,NA,0.24875,0.149522296496815,0.6,2,1,42.3129586903838,30.2705820293041,23.1026181775643,24.8364527450461,120.522611642298,7.49429868662046,0,0,0,0,0,0,0,0,0,0,0,0,0,0,0,0,0.0594178454209743,0,0,0,0,0,0,0,0,0,0,0,0,0,0,0,0,0,0,0,0,0,0,0,0,0.00282942121052258,0,0,0,0,0,0,0,0,0,0,0,0,0,0,0.00565884242104517,0,0,0,0,0,0,0,0,0.00282942121052258,0,0,0,0,0,0,0,0,0,0,0.0141471060526129,0,0,0,0,0,0,0,0,0,0,0,0,0,0,0,0,0,0,0,0,0,0,0,0,0,0,0,0,0,0,0,0,0,0,0,0,0,0,0,0.00282942121052258,0,0,0,0.0452707393683613,0,0,0,0,0.141471060526129,0.00282942121052258,0,0,0,0,0,0,0,0,0,0.0311236333157484,0,0,0,0,0,0,0,0,0,0,0,0,0,0,0,0,0,0,0,0,0,0,0,0,0,0,0,0,0,0,0,0,0,0,0,0.141471060526129,0,0,0.00848826363156775,0,0,0,0,0,0,0,0,0,0,0,0,0,0,0,0.00282942121052258,0,0,0,0,0,0,0,0,0,0,0,0.877120575262001,0,0,0,0,0.101859163578813,0,0,0,0.00282942121052258,0,0,0,0,0.00565884242104517,0,0,0,0,0,0,0,0,0,0,0,0,0,0,0,0.00282942121052258,0,0,0,0.0622472666314968,0.00282942121052258,0,0.0367824757367936,0,0,0,0,0,0,0,0.0169765272631355,0,0,0,0,0,0,0,0,0,0,0,0,0,0,0,0,0,0,0,0,0,0,0,0,0,0,0,0,0,0,0,0,0.00282942121052258,0,0,0,0,0,0,0,0,0,0,0,0,0,0,0,0,0,0.0141471060526129,0,0,0,0,0,0,0,0,0,0,0,0,0,0,0,0,0,0,0,0.00565884242104517,0,0,0,0,0,0.00282942121052258,0,0,0,0,0,0,0,0,0.00565884242104517,0,0,0,0,0,0,0,0,0,0,0,0,0,0,0,0,0,0,0,0,0,0,0,0,0.00282942121052258,0,0,0,0.0141471060526129,0,0,0,0,0,0,0,0,4.24413181578388,0,0,0,0.0169765272631355,0,0.0198059484736581,0,0,0,8.48826363156775,0,0,0,0,0,0,0,0,0,0,0.00848826363156775,0.0113176848420903,0,0,0,0,0,0,0,0,0.0905414787367227,0,0,0,0,0,0,0,0,0,0,0,0,0,0,0.00565884242104517,0,0,0,0,0,0,0.00282942121052258,0,0,0,0,0,0,0,0,0,0,0,0,0,0,0,0,0,0,0,0,0,0,0,0.0282942121052258,0,0,0,0,0,0.00282942121052258,0.0198059484736581,0,0.00848826363156775,0,0.0113176848420903,0,0,0,0,0,0,0,0,0,0,0,0,0,0,0,0,0,0,0.067906109052542,0,0,0,0,0.0848826363156775,0,0,0,0,0,0,0,0,0,0,0,0,0,0.00565884242104517,0,0,0,0,0,0,0,0,0,0,0,0,0,23.427607623127,0,0,0,0,0,0,0,0,0,0,0,0,0.0509295817894065,3.11236333157484,0,0,0,0.00282942121052258,0,0,0,0,0,0,0,0,0,0,0,0,0,0,0,0,0,0,0,0,0.0169765272631355,0,0,0,0,0,0,0,0,0.0141471060526129,0,0,0,0,0,0,0,0,0,0,0,0,0,0,0,0,0,0,0,0,0,0,0,0.00282942121052258,0,0,0,0,0,0,0,0,0,0,0,0,0,0,0,0.00282942121052258,0,0.0763943726841098,0,0,0,0,0,0,0,0,0.00282942121052258,0,0,0,0,0,0,0,0,0,0,0.565884242104517,0,0,0,0,0,0,0,0.00282942121052258,0,0,0,0,0,0,0.00282942121052258,0,0,0,0,0,0.00282942121052258,0,0,0,0,0,0,0,0,0,0,0,0,0,0,0,0,0,0,0,0,6.70290802219573,0,0,0,0,0,0,0,0,0,0,0,0,0,0,0,0,0,0,0,0,0,0,0,0,0.173262437247561,0,0,0,0,0,0,0,0,0,0,0,0,0,0,0.685830480771595,0,0,0,0,0,0,0,0,0.164745453008912,0,0,0,0,0,0,0,0,0,0,3.04717211723652,0,0,0,0,0,0,0,0,0,0,0,0,0,0,0,0,0,0,0,0,0,0,0,0,0,0,0,0,0,0,0,0,0,0,0,0,0,0,0,1.31235695922621,0,0,0,0.145872118935106,0,0,0,0,0.453204645511069,0.244623917975143,0,0,0,0,0,0,0,0,0,1.24192538632114,0,0,0,0,0,0,0,0,0,0,0,0,0,0,0,0,0,0,0,0,0,0,0,0,0,0,0,0,0,0,0,0,0,0,0,0.0569392724405565,0,0,0.326102405889793,0,0,0,0,0,0,0,0,0,0,0,0,0,0,0,2.87492912277941,0,0,0,0,0,0,0,0,0,0,0,0.278126446151949,0,0,0,0,0.114011760194161,0,0,0,0.00505763277683027,0,0,0,0,0.0201749431594665,0,0,0,0,0,0,0,0,0,0,0,0,0,0,0,0.832698662256796,0,0,0,1.64426981190898,0.0090164579608467,0,2.58143619267091,0,0,0,0,0,0,0,0.210722989892353,0,0,0,0,0,0,0,0,0,0,0,0,0,0,0,0,0,0,0,0,0,0,0,0,0,0,0,0,0,0,0,0,0.308054262017794,0,0,0,0,0,0,0,0,0,0,0,0,0,0,0,0,0,0.507971996727801,0,0,0,0,0,0,0,0,0,0,0,0,0,0,0,0,0,0,0,0.307698738324334,0,0,0,0,0,0.0500872630950339,0,0,0,0,0,0,0,0,0.870847465496151,0,0,0,0,0,0,0,0,0,0,0,0,0,0,0,0,0,0,0,0,0,0,0,0,0.0281697810176619,0,0,0,0.0159160407380721,0,0,0,0,0,0,0,0,2.60487834325551,0,0,0,24.3916818834865,0,13.170978897439,0,0,0,1.42454284396786,0,0,0,0,0,0,0,0,0,0,2.46271540269335,2.8915587626487,0,0,0,0,0,0,0,0,5.63269251313945,0,0,0,0,0,0,0,0,0,0,0,0,0,0,0.764014555789299,0,0,0,0,0,0,5.67619360868771,0,0,0,0,0,0,0,0,0,0,0,0,0,0,0,0,0,0,0,0,0,0,0,0.0498863466738654,0,0,0,0,0,0.178309917462687,1.37297094037947,0,1.40077108173053,0,0.791281764245088,0,0,0,0,0,0,0,0,0,0,0,0,0,0,0,0,0,0,0.26650849894546,0,0,0,0,0.286008095730035,0,0,0,0,0,0,0,0,0,0,0,0,0,0.00129609911234776,0,0,0,0,0,0,0,0,0,0,0,0,0,10.8265256141557,0,0,0,0,0,0,0,0,0,0,0,0,0.256067768275028,0.913663201803204,0,0,0,0.0181534692942321,0,0,0,0,0,0,0,0,0,0,0,0,0,0,0,0,0,0,0,0,0.82835350091027,0,0,0,0,0,0,0,0,1.03927413895281,0,0,0,0,0,0,0,0,0,0,0,0,0,0,0,0,0,0,0,0,0,0,0,4.61936956384105,0,0,0,0,0,0,0,0,0,0,0,0,0,0,0,6.31711924431089,0,0.416038923323222,0,0,0,0,0,0,0,0,0.134270749429591,0,0,0,0,0,0,0,0,0,0,0.06827393380991,0,0,0,0,0,0,0,0.0393289548262639,0,0,0,0,0,0,6.2600856984324,0,0,0,0,0,0.205664541618939,0,0,0,0,125.1163022,140.8795025,138.9924024,140.4351024,135.8362024,149.8925026,136.2704023,129.1941022,155.2203026,145.4633025,149.0099026,"HOW-00497"
"563",7931,"nSPC",2015,"PRIAs","Pacific Remote Island Areas","Howland","Howland",2015,"ForereefShallow","Howland","2015-02-05","Forereef","Shallow",0.8214188,-176.62017097,5.35,45,0,0.5,37,17.5,0,0,0,NA,0.19125,0.138684260362966,0.55,2,1,0.919464374917103,13.6882905951942,10.9130021443659,4.91564368020573,30.4364007946829,1.49523721348204,0,0,0,0,0,0.00282942121052258,0,0,0,0,0,0,0,0,0,0,0.0594178454209743,0,0,0,0,0,0,0,0,0,0.0311236333157484,0,0,0,0,0,0,0,0,0,0,0,0,0,0,0.00282942121052258,0,0,0,0,0,0,0,0,0,0,0,0,0,0,0,0,0,0,0,0,0,0,0,0,0,0,0,0,0,0,0,0,0,0,0,0,0,0,0,0.00565884242104517,0,0,0,0,0,0,0,0,0,0,0,0,0,0,0,0,0,0,0,0,0,0,0,0,0,0,0,0,0,0,0,0,0,0,0,0,0,0,0.0113176848420903,0,0,0,0,0,0,0,0,0,0,0,0,0,0,0,0,0,0,0,0,0,0,0,0,0,0,0.0113176848420903,0,0,0,0,0,0,0,0,0,0,0,0,0,0,0,0,0,0,0,0,0,0,0,0,0,0,0,0,0,0,0,0,0,0,0,0,0,0,0,0,0,0,0,0,0,0,0,0,0,0,0,0,0,0,0,0.268795014999645,0,0,0,0,0,0,0,0,0,0,0,0,0,0,0,0,0,0,0,0,0,0,0,0,0,0,0,0,0,0.00282942121052258,0,0,0,0,0,0,0,0,0,0,0,0,0,0,0,0,0.0452707393683613,0,0,0,0,0,0,0,0,0,0,0,0,0,0,0,0,0,0,0,0.00565884242104517,0,0,0,0,0,0,0,0,0,0,0,0,0,0,0,0,0,0,0,0,0,0,0,0,0,0,0.00565884242104517,0,0.00848826363156775,0,0,0,0,0,0,0,0,0,0,0,0,0,0,0,0,0,0,0,0,0,0,0,0,0,0.00565884242104517,0,0,0,0.00282942121052258,0,0,0,0,0,0,0,0,0,0,0,0,0,0,0,0,0,0,0,0,0,0,0,0,0,0,0,0,0,0,0,0,0,0,0,0,0,0,0,0,0,0,0,0,0,0,0,0,0,0,0,0,0,0,0,0,0,0,0,0,0,0,0,0.00848826363156775,0.0113176848420903,0,0,0,0,0,0,0,0,0,0,0,0,0,0,0,0,0,0,0,0,0,0,0,0,0,0,0,0,0,0,0,0,0,0,0,0,0,0,0,0,0,0,0,0,0,0,0,0,0,0,0,0,0,0,0,0,0,0,0,0,0,0.00282942121052258,0,0,0,0,0,0,0,0,0,0,0,0,0,0,0,0,0,0,0,0,0,0,0.00848826363156775,0,0,0,0.00848826363156775,0,0.0226353696841807,0,0,0,0,0.0141471060526129,0,0,0,0,0,0,0,0,0,0,0,0,0,0,0,0,0,0,0,0,0,0,0,0,0,0,0,0,0,0,0,0,0,0,0,0,0,0,0,0,0,0,0,0,0,0,0,0,0,0,0,0,0,0,0,0,0,0,0,0.00565884242104517,0,0,0,0,0,0,0,0,0,0,0,0,0,0,0,0,0,0,0,0,0,0,0,0,0,0,0,0,0,0,0,0,0,0.00282942121052258,0,0,0,0,0,0,0,0,0,0,0,0,0,0,0,0,0,0.0254647908947033,0,0,0.0198059484736581,0,0,0,0,0,0,0,0,0,0,0,0,0,0,0,0,6.36619772367581,0,0,0,0,0,0.00282942121052258,0,0.206547748368149,0,0.00282942121052258,0,0,0,0,0,0,0,0,0,0,0,0,0,0,0,0,0,0,0,0,0.565884242104517,0,0,0,0,0,0,0,0,0,0,6.63222124424181,0,0,0,0,0,0,0,0,0,0.449804316791952,0,0,0,0,0,0,0,0,0,0,0,0,0,0,0.361468462618497,0,0,0,0,0,0,0,0,0,0,0,0,0,0,0,0,0,0,0,0,0,0,0,0,0,0,0,0,0,0,0,0,0,0,0,0,0,0,0,0.0244122221256994,0,0,0,0,0,0,0,0,0,0,0,0,0,0,0,0,0,0,0,0,0,0,0,0,0,0,0,0,0,0,0,0,0,0,0,0,0,0,0.0573431991976699,0,0,0,0,0,0,0,0,0,0,0,0,0,0,0,0,0,0,0,0,0,0,0,0,0,0,0.0025721359875649,0,0,0,0,0,0,0,0,0,0,0,0,0,0,0,0,0,0,0,0,0,0,0,0,0,0,0,0,0,0,0,0,0,0,0,0,0,0,0,0,0,0,0,0,0,0,0,0,0,0,0,0,0,0,0,0.59968733730663,0,0,0,0,0,0,0,0,0,0,0,0,0,0,0,0,0,0,0,0,0,0,0,0,0,0,0,0,0,0.328391679841125,0,0,0,0,0,0,0,0,0,0,0,0,0,0,0,0,0.084036548498554,0,0,0,0,0,0,0,0,0,0,0,0,0,0,0,0,0,0,0,0.528367172600243,0,0,0,0,0,0,0,0,0,0,0,0,0,0,0,0,0,0,0,0,0,0,0,0,0,0,0.0348805800070353,0,0.162276500983552,0,0,0,0,0,0,0,0,0,0,0,0,0,0,0,0,0,0,0,0,0,0,0,0,0,0.0385344533503492,0,0,0,0.0448203933684347,0,0,0,0,0,0,0,0,0,0,0,0,0,0,0,0,0,0,0,0,0,0,0,0,0,0,0,0,0,0,0,0,0,0,0,0,0,0,0,0,0,0,0,0,0,0,0,0,0,0,0,0,0,0,0,0,0,0,0,0,0,0,0,6.84615135851216,1.39542882539369,0,0,0,0,0,0,0,0,0,0,0,0,0,0,0,0,0,0,0,0,0,0,0,0,0,0,0,0,0,0,0,0,0,0,0,0,0,0,0,0,0,0,0,0,0,0,0,0,0,0,0,0,0,0,0,0,0,0,0,0,0,0.39109720231686,0,0,0,0,0,0,0,0,0,0,0,0,0,0,0,0,0,0,0,0,0,0,0.030012871993935,0,0,0,0.0335482783733159,0,0.0962332106327662,0,0,0,0,0.0908296737446739,0,0,0,0,0,0,0,0,0,0,0,0,0,0,0,0,0,0,0,0,0,0,0,0,0,0,0,0,0,0,0,0,0,0,0,0,0,0,0,0,0,0,0,0,0,0,0,0,0,0,0,0,0,0,0,0,0,0,0,0.486000263552668,0,0,0,0,0,0,0,0,0,0,0,0,0,0,0,0,0,0,0,0,0,0,0,0,0,0,0,0,0,0,0,0,0,1.49523721348204,0,0,0,0,0,0,0,0,0,0,0,0,0,0,0,0,0,0.169256345623476,0,0,0.054424947798505,0,0,0,0,0,0,0,0,0,0,0,0,0,0,0,0,6.12180646661693,0,0,0,0,0,0.169846133666718,0,3.06934962150611,0,0.0724778924454289,0,0,0,0,0,0,0,0,0,0,0,0,0,0,0,115.176102,125.5630022,130.8511022,127.5204022,118.1925021,140.2722025,123.2571021,119.0117021,140.6583024,128.4703022,135.6941023,"HOW-00489"
"564",7932,"nSPC",2015,"PRIAs","Pacific Remote Island Areas","Howland","Howland",2015,"ForereefMid","Howland","2015-02-05","Forereef","Mid",0.82089929,-176.62671405,12.85,40,0,1,35,24,0,0,0,NA,0.445,0.244862962248369,0.85,2,1,33.5633842942202,52.5830228211333,16.0145838059656,23.9523515847515,126.113342506071,0,0,0,0,0,0,0.00565884242104517,0,0,0,0,0,0,0,0,0,0,0.0509295817894065,0,0,0,0,0,0,0,0,0,0,0,0,0,0,0,0,0,0,0,0,0,0,0,0.00848826363156775,0.00282942121052258,0,0,0,0,0,0,0,0,0,0,0,0,0,0,0.00282942121052258,0,0,0,0,0,0,0,0,0.00848826363156775,0,0,0,0,0,0,0,0,0,0,0.0254647908947033,0,0,0,0,0,0,0.00282942121052258,0,0,0,0,0,0,0,0,0,0,0,0,0,0,0,0,0,0,0,0,0,0,0,0,0,0,0,0,0,0,0,0,0.00848826363156775,0,0,0,0.0311236333157484,0,0,0,0.00848826363156775,0.0622472666314968,0.0226353696841807,0,0,0,0,0,0,0,0,0,0.0396118969473162,0,0,0,0,0,0,0,0,0,0,0,0,0,0,0,0,0,0,0,0,0,0,0,0,0,0,0,0,0,0,0,0,0,0,0,0.149959324157697,0,0,0.00565884242104517,0,0,0,0,0.00565884242104517,0,0,0,0,0,0,0,0,0,0,0,0,0,0,0,0,0,0,0,0,0,0,0,0,0,0,0,0,0,0,0,0,0,0,0,0,0,0,0,0,0,0,0,0,0,0,0,0,0,0,0,0,0.00282942121052258,0,0,0,0.0226353696841807,0,0,0.0396118969473162,0,0,0,0,0,0,0,0,0,0,0,0,0,0,0,0,0,0,0,0,0,0,0,0,0,0,0,0,0.00282942121052258,0,0,0,0,0,0.00282942121052258,0,0,0,0,0,0,0,0,0,0,0,0,0,0,0,0,0,0,0,0,0,0,0,0.0169765272631355,0,0,0,0,0,0,0,0,0,0,0,0,0,0.00282942121052258,0,0,0,0,0,0.00282942121052258,0,0,0,0,0,0.00848826363156775,0,0,0,0,0,0,0,0,0.0141471060526129,0,0,0,0,0,0,0,0,0,0,0,0,0,0,0,0,0,0,0,0,0,0,0,0,0.00565884242104517,0,0,0,0.0141471060526129,0,0,0,0,0,0,0,0,0.33953054526271,0,0,0,0.0113176848420903,0,0,0,0,0,14.1471060526129,0,0,0,0,0,0,0,0,0,0,0.0113176848420903,0.00848826363156775,0,0,0,0,0,0,0,0,0.212206590789194,0,0,0,0,0,0,0,0,0,0,0,0,0,0,0.00282942121052258,0,0,0,0,0,0,0,0,0,0,0,0,0,0,0,0,0,0,0,0,0,0,0,0,0,0,0,0,0,0,0.0226353696841807,0,0,0,0,0,0.00565884242104517,0.00565884242104517,0,0.0169765272631355,0,0,0,0,0,0,0,0,0,0,0,0,0,0,0,0,0,0,0,0,0.271624436210168,0,0,0,0,0.186741799894491,0,0,0,0,0,0,0,0,0,0,0,0,0,0,0,0,0,0,0,0,0,0,0,0,0,0,0,5.78616637551868,0,0,0,0,0,0,0,0.00565884242104517,0,0,0,0,0,0.622472666314968,0,0,0,0,0,0,0,0,0,0,0,0,0,0,0,0,0,0,0,0,0,0,0,0,0.00848826363156775,0,0,0,0,0,0,0,0,0.0509295817894065,0,0,0,0,0,0,0,0,0,0,0,0,0,0,0,0,0,0,0,0,0,0,0,0,0,0,0,0,0,0,0,0,0,0,0,0,0,0,0,0,0,0.0509295817894065,0,0,0,0,0,0,0,0,0,0,0,0,0,0,0,0,0,0,0,0,0,0,0,0,0,0.00282942121052258,0,0,0,0,0,0,0,0,0,0,0,0,0,0,0.00848826363156775,0,0,0,0,0,0,0,0,0,0.825059224988386,0,0,0,0,0,0,0,0,0,0,5.8302550922531,0,0,0,0,0,0,0,0,0,0,0,0,0,0,0,0,0,0,0,0,0,0,0,0.404765788456825,0.100267614147894,0,0,0,0,0,0,0,0,0,0,0,0,0,0,0.316340609021267,0,0,0,0,0,0,0,0,0.534373665252531,0,0,0,0,0,0,0,0,0,0,3.22117590843454,0,0,0,0,0,0,0.0290697402550864,0,0,0,0,0,0,0,0,0,0,0,0,0,0,0,0,0,0,0,0,0,0,0,0,0,0,0,0,0,0,0,0,2.36535488652297,0,0,0,0.0636910496063536,0,0,0,0.737602947139617,0.187648343120777,5.58107774611509,0,0,0,0,0,0,0,0,0,2.85675187879796,0,0,0,0,0,0,0,0,0,0,0,0,0,0,0,0,0,0,0,0,0,0,0,0,0,0,0,0,0,0,0,0,0,0,0,0.62282804161901,0,0,0.666401551833678,0,0,0,0,0.54947018315172,0,0,0,0,0,0,0,0,0,0,0,0,0,0,0,0,0,0,0,0,0,0,0,0,0,0,0,0,0,0,0,0,0,0,0,0,0,0,0,0,0,0,0,0,0,0,0,0,0,0,0,0,0.246725529557569,0,0,0,0.701259097175176,0,0,6.02345488165641,0,0,0,0,0,0,0,0,0,0,0,0,0,0,0,0,0,0,0,0,0,0,0,0,0,0,0,0,0.35359787922812,0,0,0,0,0,1.23643488207803,0,0,0,0,0,0,0,0,0,0,0,0,0,0,0,0,0,0,0,0,0,0,0,0.808087661189336,0,0,0,0,0,0,0,0,0,0,0,0,0,0.602055777848088,0,0,0,0,0,0.378899895341629,0,0,0,0,0,0.215439204522216,0,0,0,0,0,0,0,0,2.92751639506504,0,0,0,0,0,0,0,0,0,0,0,0,0,0,0,0,0,0,0,0,0,0,0,0,0.00840799660513839,0,0,0,0.0240776012451825,0,0,0,0,0,0,0,0,0.525317132556528,0,0,0,18.794733482611,0,0,0,0,0,5.1554883876932,0,0,0,0,0,0,0,0,0,0,5.15637247594519,1.57473210008043,0,0,0,0,0,0,0,0,32.7605874156923,0,0,0,0,0,0,0,0,0,0,0,0,0,0,0.580417013187665,0,0,0,0,0,0,0,0,0,0,0,0,0,0,0,0,0,0,0,0,0,0,0,0,0,0,0,0,0,0,0.174559642861824,0,0,0,0,0,0.107119461289753,0.612314743568289,0,3.55093786496936,0,0,0,0,0,0,0,0,0,0,0,0,0,0,0,0,0,0,0,0,1.53377452692087,0,0,0,0,0.813079867772434,0,0,0,0,0,0,0,0,0,0,0,0,0,0,0,0,0,0,0,0,0,0,0,0,0,0,0,7.48563346818348,0,0,0,0,0,0,0,0.0118128335539318,0,0,0,0,0,0.876795899443656,0,0,0,0,0,0,0,0,0,0,0,0,0,0,0,0,0,0,0,0,0,0,0,0,0.385882450571896,0,0,0,0,0,0,0,0,6.57370521171857,0,0,0,0,0,0,0,0,0,0,0,0,0,0,0,0,0,0,0,0,0,0,0,0,0,0,0,0,0,0,0,0,0,0,0,0,0,0,0,0,0,0.228067003897338,0,0,0,0,0,0,0,0,0,0,0,0,0,0,0,0,0,0,0,0,0,0,0,0,0,0.049477837269103,0,0,0,0,0,0,0,0,0,0,0,0,0,0,0.744442614055171,0,0,0,0,121.9546021,138.5422024,137.2890023,138.8782024,132.9758023,144.8753025,131.6820022,124.0005021,149.1301025,139.9113024,145.0915025,"HOW-00467"
"565",7950,"nSPC",2015,"PRIAs","Pacific Remote Island Areas","Howland","Howland",2015,"ForereefDeep","Howland","2015-02-06","Forereef","Deep",0.81643291,-176.62471513,20.6,7.5,0,2,31,54.5,2.5,0,2.5,NA,0.41625,0.307346163298269,1.15,2,1,14.3598445791721,23.6834507901835,7.22394763586718,18.3239053097309,63.5911483149537,1.50524257686471,0,0,0,0,0,0,0,0,0,0,0,0,0,0,0,0,0.0113176848420903,0,0,0,0,0,0,0,0,0,0,0,0,0,0,0,0,0,0,0,0,0,0,0,0,0,0,0,0,0,0,0,0,0,0,0,0,0,0,0,0.00282942121052258,0,0,0,0,0,0,0,0,0,0,0,0,0,0,0,0,0,0,0,0.0367824757367936,0,0,0,0,0,0,0,0,0.00565884242104517,0,0,0,0,0,0,0,0,0,0,0,0,0,0,0,0,0,0.00282942121052258,0,0,0,0,0,0,0,0.0113176848420903,0,0,0,0,0,0,0.00848826363156775,0,0.0169765272631355,0,0,0,0,0.141471060526129,0.0763943726841098,0,0,0,0,0,0,0,0,0,0.0282942121052258,0.00565884242104517,0,0,0,0,0,0,0,0,0,0,0,0,0,0,0,0,0,0,0,0,0,0,0,0,0,0,0,0,0,0,0,0,0,0,0.325383439210097,0,0,0,0,0,0,0,0,0,0,0,0,0,0,0,0,0,0,0,0,0,0,0,0,0,0,0,0,0,0,0,0,0,0,0,0,0,0,0,0,0,0,0,0,0.0113176848420903,0,0,0,0,0,0,0,0,0,0,0,0,0,0,0,0,0,0,0,0.0452707393683613,0,0,0.00282942121052258,0,0,0,0,0,0,0,0.0169765272631355,0,0,0,0,0,0,0,0,0,0,0,0.00565884242104517,0,0,0,0,0,0,0,0,0,0,0,0,0,0,0,0,0,0,0,0.00282942121052258,0,0,0.00282942121052258,0,0,0,0,0,0,0,0,0,0,0,0,0,0,0,0.0141471060526129,0,0.00565884242104517,0,0,0,0,0,0,0,0,0.00282942121052258,0,0,0,0,0,0,0,0,0,0,0,0.0141471060526129,0,0,0.00282942121052258,0,0,0,0,0,0,0,0,0,0,0,0,0,0,0,0,0,0,0,0,0,0,0,0,0,0,0,0,0,0,0,0,0.00282942121052258,0.00848826363156775,0,0,0,0.0141471060526129,0,0,0,0,0,0,0,0,0,0,0,0,0.00565884242104517,0,0,0,0,0,14.1471060526129,0,0,0,0,0,0,0,0,0,0,0,0.0113176848420903,0,0,0,0,0,0,0,0,0,0,0,0,0,0,0,0,0,0,0,0,0,0,0,0.00565884242104517,0,0,0,0,0,0,0,0,0,0,0,0,0,0,0,0,0,0,0,0,0,0,0,0,0,0,0,0,0,0,0.0141471060526129,0,0,0,0,0,0.00565884242104517,0,0,0,0,0,0,0,0,0,0,0,0,0,0,0,0,0,0,0,0,0,0,0,0.00848826363156775,0,0,0,0,0.0537590029999291,0,0,0,0,0,0,0,0,0,0,0,0,0,0,0,0.00282942121052258,0,0,0,0,0,0,0,0,0,0,0,31.2651043762746,0,0,0,0,0,0,0,0,0,0,0,0,0.138641639315607,0,0,0,0,0.00282942121052258,0,0,0,0,0,0,0,0,0,0,0,0,0,0,0,0.00282942121052258,0,0,0,0,0.00282942121052258,0,0,0,0,0,0,0,0,0.00848826363156775,0,0,0,0,0,0,0,0,0,0,0,0,0,0,0,0,0,0,0.00282942121052258,0,0,0,0,0,0,0,0,0,0,0,0,0,0,0,0,0,0,0,0,0,0,0,0,0,0,0,0,0,0,0,0.00565884242104517,0,0,0,0,0,0,0,0,0.00282942121052258,0,0,0,0,0,0,0,0,0,0,0,0,0,0,0,0,0,0,0,0,0,0,0,0,0,0.0282942121052258,0,0,0,0,0,0,0,0,0,0,0,0,0,0,0,0,0,0.550287956889792,0,0,0,0,0,0,0,0,0,0,0,0,0,0,0,0,0,0,0,0,0,0,0,0,0,0,0,0,0,0,0,0,0,0,0,0,0,0,0,0.237671381683897,0,0,0,0,0,0,0,0,0,0,0,0,0,0,0,0,0,0,0,5.92131220487494,0,0,0,0,0,0,0,0,0.173629273572484,0,0,0,0,0,0,0,0,0,0,0,0,0,0,0,0,0,0.00599897092383779,0,0,0,0,0,0,0,2.78553058453637,0,0,0,0,0,0,0.0303303983615273,0,0.107451447041417,0,0,0,0,0.335499352469407,0.358555065777166,0,0,0,0,0,0,0,0,0,3.49865179745196,0.121329615164083,0,0,0,0,0,0,0,0,0,0,0,0,0,0,0,0,0,0,0,0,0,0,0,0,0,0,0,0,0,0,0,0,0,0,0.759920289879734,0,0,0,0,0,0,0,0,0,0,0,0,0,0,0,0,0,0,0,0,0,0,0,0,0,0,0,0,0,0,0,0,0,0,0,0,0,0,0,0,0,0,0,0,0.0234487526777128,0,0,0,0,0,0,0,0,0,0,0,0,0,0,0,0,0,0,0,1.0576367482751,0,0,0.225166706934366,0,0,0,0,0,0,0,0.210722989892353,0,0,0,0,0,0,0,0,0,0,0,0.0040277223817502,0,0,0,0,0,0,0,0,0,0,0,0,0,0,0,0,0,0,0,0.323669675415572,0,0,0.0682122158804979,0,0,0,0,0,0,0,0,0,0,0,0,0,0,0,0.0320733858632811,0,1.97407620390197,0,0,0,0,0,0,0,0,5.94178454209743,0,0,0,0,0,0,0,0,0,0,0,0.172454227770509,0,0,0.00240840333439682,0,0,0,0,0,0,0,0,0,0,0,0,0,0,0,0,0,0,0,0,0,0,0,0,0,0,0,0,0,0,0,0,0.00785111761276115,0.000466209983726298,0,0,0,0.0135060852456635,0,0,0,0,0,0,0,0,0,0,0,0,1.78478421687996,0,0,0,0,0,6.17301899052738,0,0,0,0,0,0,0,0,0,0,0,1.49908896837447,0,0,0,0,0,0,0,0,0,0,0,0,0,0,0,0,0,0,0,0,0,0,0,0.87087012606912,0,0,0,0,0,0,0,0,0,0,0,0,0,0,0,0,0,0,0,0,0,0,0,0,0,0,0,0,0,0,0.0631113770391906,0,0,0,0,0,0.172439480083676,0,0,0,0,0,0,0,0,0,0,0,0,0,0,0,0,0,0,0,0,0,0,0,0.0432156334909248,0,0,0,0,0.302743537874444,0,0,0,0,0,0,0,0,0,0,0,0,0,0,0,0.624736203283387,0,0,0,0,0,0,0,0,0,0,0,13.7502302129659,0,0,0,0,0,0,0,0,0,0,0,0,0.512112002125205,0,0,0,0,0.0111597761375627,0,0,0,0,0,0,0,0,0,0,0,0,0,0,0,0.319864936081094,0,0,0,0,0.237597456124828,0,0,0,0,0,0,0,0,1.07840333664161,0,0,0,0,0,0,0,0,0,0,0,0,0,0,0,0,0,0,1.50524257686471,0,0,0,0,0,0,0,0,0,0,0,0,0,0,0,0,0,0,0,0,0,0,0,0,0,0,0,0,0,0,0,0.340535555676688,0,0,0,0,0,0,0,0,8.44327583432044,0,0,0,0,0,0,0,0,0,0,0,0,0,0,0,0,0,0,0,0,0,0,0,0,0,0.915044768499351,0,79.32790138,82.84360144,96.23500163,85.45690145,83.18560142,64.61190114,78.16750131,83.53070143,82.75390144,66.33850113,80.4652014,"HOW-00433"
"566",7951,"nSPC",2015,"PRIAs","Pacific Remote Island Areas","Howland","Howland",2015,"ForereefMid","Howland","2015-02-06","Forereef","Mid",0.81175983,-176.61152353,12.3,25,0,0,27.5,45,2.5,0,0,NA,0.60875,0.386506238997672,1.45,2,1,25.5531133707779,53.3470882118059,11.7596692990367,21.7516108974316,112.411481779052,0.853949129567643,0,0,0,0,0.0141471060526129,0,0,0,0,0,0,0,0,0,0.00282942121052258,0,0.0820532151051549,0,0,0,0,0,0,0,0.00282942121052258,0,0,0,0,0,0,0,0,0,0,0,0,0,0,0,0,0,0,0,0,0,0,0,0,0,0,0,0,0,0,0,0.00565884242104517,0,0,0,0,0,0,0,0,0.00282942121052258,0,0,0,0,0,0,0,0,0,0,0.0169765272631355,0,0,0,0,0,0,0,0,0,0,0,0,0,0,0,0,0,0,0,0,0,0,0,0,0,0,0.00282942121052258,0,0,0,0,0,0,0,0,0,0,0,0,0.00848826363156775,0,0,0,0.0198059484736581,0,0,0,0,0.16410643021031,0.00565884242104517,0,0,0,0,0,0,0,0,0,0.0141471060526129,0,0,0,0,0,0,0,0,0,0,0,0,0,0,0,0,0,0,0,0,0,0,0,0,0,0,0,0,0,0,0,0,0,0,0,0.232012539262852,0,0,0,0,0,0,0,0,0,0.00282942121052258,0,0,0,0,0,0,0,0,0,0,0,0,0,0,0,0,0.00282942121052258,0,0,0,0.509295817894065,0,0,0,0,0.0282942121052258,0,0,0,0,0,0,0,0,0.00282942121052258,0,0,0,0,0,0,0,0,0,0,0,0.00565884242104517,0,0,0,0,0,0,0,0.00565884242104517,0,0,0.0141471060526129,0,0,0,0,0,0,0,0,0,0,0,0,0,0,0,0,0,0,0,0.00282942121052258,0,0,0,0,0,0,0,0,0,0,0,0,0,0,0,0,0,0,0,0,0,0,0,0,0,0,0,0,0,0,0,0,0,0,0,0,0,0,0.0282942121052258,0,0,0,0,0,0,0,0,0,0,0,0,0,0,0,0,0,0,0,0.00282942121052258,0,0,0,0,0,0.0113176848420903,0,0,0,0.00282942121052258,0,0,0,0,0,0,0,0,0,0,0,0,0,0,0,0,0,0,0,0,0,0,0,0,0,0,0,0,0.00282942121052258,0.00848826363156775,0,0,0,0.0226353696841807,0,0,0,0,0,0,0,0,0,0,0,0,0.00565884242104517,0,0,0,0.00282942121052258,0,0,0,0,0,0,0,0,0,0,0,0,0,0.00848826363156775,0,0,0,0,0,0,0,0.198059484736581,0.198059484736581,0,0.067906109052542,0,0,0,0,0,0,0,0,0,0,0,0,0,0,0,0,0,0,0,0,0,0,0,0,0,0,0,0,0,0,0,0,0,0,0,0.00282942121052258,0,0,0,0,0,0,0,0.0141471060526129,0,0,0,0,0,0.00848826363156775,0.0169765272631355,0,0,0,0,0,0,0,0,0,0,0,0,0,0,0,0,0,0,0,0,0,0,0.215036011999716,0,0,0,0,0.0169765272631355,0,0,0,0,0,0,0,0,0,0,0,0,0,0,0,0,0,0,0,0,0,0,0,0,0,0,0,31.1236333157484,0,0,0,0,0,0,0,0,0,0,0,0,0.033953054526271,11.4591559026165,0,0,0,0,0,0,0,0,0,0,0,0,0,0,0,0,0,0,0,0,0,0,0,0,0,0,0,0,0,0,0,0,0,0.00848826363156775,0,0,0,0,0,0,0,0,0,0,0,0,0,0,0,0,0,0,0.00282942121052258,0,0,0,0,0,0,0,0,0,0,0,0,0,0,0,0,0,0,0,0,0,0,0.0509295817894065,0,0,0,0,0,0,0,0,0,0,0,0,0,0,0,0,0,0,0,0,0,0,0,0,0,0,0,0.00848826363156775,0,0,0,0,0,0,0.00282942121052258,0,0,0,0,0,0.00848826363156775,0,0,0,0,0,0,0,0,0.446165877718202,0,0,0,0,0,0,0,0,0,0.648399783011841,0,3.49055231969623,0,0,0,0,0,0,0,0.00704328473463467,0,0,0,0,0,0,0,0,0,0,0,0,0,0,0,0,0,0,0,0,0,0,0,0,0,0,0,0,0,0,0,0.821392295099548,0,0,0,0,0,0,0,0,0.204882759234707,0,0,0,0,0,0,0,0,0,0,1.99851122974563,0,0,0,0,0,0,0,0,0,0,0,0,0,0,0,0,0,0,0,0,0,0,0,0,0,0,0.00599897092383779,0,0,0,0,0,0,0,0,0,0,0,0,1.57384887823754,0,0,0,0.164833582174414,0,0,0,0,0.541712251554753,0.679238532028202,0,0,0,0,0,0,0,0,0,1.29919217961415,0,0,0,0,0,0,0,0,0,0,0,0,0,0,0,0,0,0,0,0,0,0,0,0,0,0,0,0,0,0,0,0,0,0,0,0.377259179452302,0,0,0,0,0,0,0,0,0,0.0363164088629361,0,0,0,0,0,0,0,0,0,0,0,0,0,0,0,0,1.39386399524466,0,0,0,0.489823741123249,0,0,0,0,0.142989354642156,0,0,0,0,0,0,0,0,0.00301688423752497,0,0,0,0,0,0,0,0,0,0,0,0.0684363200071206,0,0,0,0,0,0,0,0.340550598365498,0,0,1.57313159416649,0,0,0,0,0,0,0,0,0,0,0,0,0,0,0,0,0,0,0,0.0214751611216301,0,0,0,0,0,0,0,0,0,0,0,0,0,0,0,0,0,0,0,0,0,0,0,0,0,0,0,0,0,0,0,0,0,0,0,0,0,0,0.356622476380477,0,0,0,0,0,0,0,0,0,0,0,0,0,0,0,0,0,0,0,0.164690365394844,0,0,0,0,0,0.260107560114857,0,0,0,0.0622990679213183,0,0,0,0,0,0,0,0,0,0,0,0,0,0,0,0,0,0,0,0,0,0,0,0,0,0,0,0,0.0048155202490365,0.0172748823551381,0,0,0,0.037059438083947,0,0,0,0,0,0,0,0,0,0,0,0,13.0570592115195,0,0,0,2.74243714497463,0,0,0,0,0,0,0,0,0,0,0,0,0,2.32436641908388,0,0,0,0,0,0,0,18.6286636514985,18.1249914762611,0,13.7888090304109,0,0,0,0,0,0,0,0,0,0,0,0,0,0,0,0,0,0,0,0,0,0,0,0,0,0,0,0,0,0,0,0,0,0,0,0.0882739063416006,0,0,0,0,0,0,0,0.102173073532955,0,0,0,0,0,0.313884840958982,1.10231489567288,0,0,0,0,0,0,0,0,0,0,0,0,0,0,0,0,0,0,0,0,0,0,1.71719730410293,0,0,0,0,0.116688705547549,0,0,0,0,0,0,0,0,0,0,0,0,0,0,0,0,0,0,0,0,0,0,0,0,0,0,0,6.97347639809028,0,0,0,0,0,0,0,0,0,0,0,0,0.274937168159211,8.14224337189849,0,0,0,0,0,0,0,0,0,0,0,0,0,0,0,0,0,0,0,0,0,0,0,0,0,0,0,0,0,0,0,0,0,1.43791525449303,0,0,0,0,0,0,0,0,0,0,0,0,0,0,0,0,0,0,0.853949129567643,0,0,0,0,0,0,0,0,0,0,0,0,0,0,0,0,0,0,0,0,0,0,0.415267370512807,0,0,0,0,0,0,0,0,0,0,0,0,0,0,0,0,0,0,0,0,0,0,0,0,0,0,0,0.228225924856809,0,0,0,0,0,0,3.9637453926724,0,0,0,0,0,0.783357617399074,0,0,0,0,118.064202,129.4328023,128.8124022,131.7715023,117.8593021,138.3346024,125.2762021,127.2351022,139.9467023,129.8090022,132.9173023,"HOW-00452"
"567",7952,"nSPC",2015,"PRIAs","Pacific Remote Island Areas","Howland","Howland",2015,"ForereefShallow","Howland","2015-02-06","Forereef","Shallow",0.81860005,-176.61554617,5.35,6.5,0,2,65,23,0,3.5,0,NA,0.4125,0.29866406059523,1.2,2,1,2.87271918992337,16.9533871114731,11.2008279083186,4.63953557819428,35.6664697879093,1.2028053146332,0,0,0,0,0,0,0,0,0,0,0,0,0,0,0,0,0.144300481736652,0,0,0,0,0,0,0,0,0,0,0,0,0,0,0,0,0,0,0,0,0,0,0,0,0,0,0,0,0,0,0,0,0,0,0,0,0,0,0,0,0,0,0,0,0,0,0,0,0,0,0,0,0,0,0,0,0,0,0,0.00848826363156775,0,0,0,0,0,0,0,0,0,0,0,0,0,0,0,0,0,0,0,0,0,0,0,0,0,0,0,0,0,0,0,0,0,0,0,0,0,0,0,0.00565884242104517,0,0,0,0.0537590029999291,0,0,0,0,0.135812218105084,0,0,0,0,0,0,0,0,0,0,0.00565884242104517,0,0,0,0,0,0,0,0,0,0,0,0,0,0,0,0,0,0,0,0,0,0,0,0,0,0,0,0,0,0,0,0,0,0,0.00565884242104517,0.0565884242104517,0,0,0.00282942121052258,0,0,0,0,0,0,0,0,0,0,0,0,0,0,0,0,0,0,0,0,0,0,0,0,0,0,0,2.54647908947033,0,0,0,0,0,0,0,0,0,0,0,0,0,0,0,0,0,0,0,0,0,0,0,0,0,0,0,0,0,0,0,0,0,0.0367824757367936,0,0,0.0311236333157484,0,0,0,0,0,0,0,0,0,0,0,0,0,0,0,0,0,0,0,0.00282942121052258,0,0,0,0,0,0,0,0,0,0,0,0,0,0,0,0,0,0,0,0,0,0,0,0,0,0,0,0,0,0,0,0,0,0,0,0,0,0,0.0481001605788839,0,0,0,0,0,0,0,0,0,0,0,0,0,0,0,0,0,0,0,0.00565884242104517,0,0,0,0,0,0.0367824757367936,0,0,0,0,0,0,0,0,0,0,0,0,0,0,0,0,0,0,0,0,0,0,0,0,0,0,0,0,0,0,0,0,0.00282942121052258,0.0141471060526129,0,0,0,0.0113176848420903,0,0,0,0,0,0,0,0,0,0,0,0,0,0,0,0,0,0,0,0,0,0,0,0,0,0,0,0,0,0.0198059484736581,0,0,0,0,0,0,0,0,0,0.0282942121052258,0,0,0,0,0,0,0,0,0,0,0,0,0,0,0,0,0,0,0,0,0,0,0,0,0,0,0,0,0,0,0,0,0,0,0,0,0,0,0,0,0,0,0,0,0,0.00565884242104517,0,0,0,0,0,0.00282942121052258,0.00565884242104517,0,0,0,0,0,0,0,0,0,0,0,0,0,0,0,0,0,0,0,0,0,0,0.067906109052542,0,0,0,0,0,0,0,0,0,0,0,0,0,0,0,0,0,0,0,0,0,0,0,0,0,0,0,0,0,0,0,0,0,0,0,0,0,0,0,0,0,0,0,0,0,0,1.69765272631355,0,0,0,0,0,0,0,0,0,0,0,0,0,0,0,0,0,0,0,0,0,0,0,0,0,0,0,0,0,0,0,0,0,0,0,0,0,0,0,0,0,0,0,0,0,0,0,0,0,0,0,0,0,0,0,0,0,0.00282942121052258,0,0,0,0,0,0,0,0,0,0,0,0,0,0,0,0,0,0.0735649514735872,0,0,0,0,0,0,0,0,0,0,0,0,0,0,0,0,0,0,0,0.452707393683613,0,0,0,0,0,0,0,0.0763943726841098,0,0,0,0,0,0,0,0,0,0,0,0,0.00848826363156775,0,0,0,0,0,0,0,0,0,0,0,0,0,0,0,0,0,0,0,0,4.99837878947079,0,0,0,0,0,0,0,0,0,0,0,0,0,0,0,0,0,0,0,0,0,0,0,0,0,0,0,0,0,0,0,0,0,0,0,0,0,0,0,0,0,0,0,0,0,0,0,0,0,0,0,0,0,0,0,0,0,0,0,1.07881057174328,0,0,0,0,0,0,0,0,0,0,0,0,0,0,0,0,0,0,0,0,0,0,0,0,0,0,0,0,0,0,0,0,0,0,0,0,0,0,0,1.77114565433195,0,0,0,0.21922280879544,0,0,0,0,0.455238699260694,0,0,0,0,0,0,0,0,0,0,0.431390032170716,0,0,0,0,0,0,0,0,0,0,0,0,0,0,0,0,0,0,0,0,0,0,0,0,0,0,0,0,0,0,0,0,0,0,0.54947018315172,0.0664291511806492,0,0,0.108700801963264,0,0,0,0,0,0,0,0,0,0,0,0,0,0,0,0,0,0,0,0,0,0,0,0,0,0,0,2.34327005813059,0,0,0,0,0,0,0,0,0,0,0,0,0,0,0,0,0,0,0,0,0,0,0,0,0,0,0,0,0,0,0,0,0,0.940523999385851,0,0,2.50198549249151,0,0,0,0,0,0,0,0,0,0,0,0,0,0,0,0,0,0,0,0.00854700238437323,0,0,0,0,0,0,0,0,0,0,0,0,0,0,0,0,0,0,0,0,0,0,0,0,0,0,0,0,0,0,0,0,0,0,0,0,0,0,0.595724209428661,0,0,0,0,0,0,0,0,0,0,0,0,0,0,0,0,0,0,0,0.155381223963025,0,0,0,0,0,0.360997081044824,0,0,0,0,0,0,0,0,0,0,0,0,0,0,0,0,0,0,0,0,0,0,0,0,0,0,0,0,0,0,0,0,0.0119901315272546,0.0831689666103624,0,0,0,0.0108048681965308,0,0,0,0,0,0,0,0,0,0,0,0,0,0,0,0,0,0,0,0,0,0,0,0,0,0,0,0,0,6.27612374419756,0,0,0,0,0,0,0,0,0,3.55617746594991,0,0,0,0,0,0,0,0,0,0,0,0,0,0,0,0,0,0,0,0,0,0,0,0,0,0,0,0,0,0,0,0,0,0,0,0,0,0,0,0,0,0,0,0,0,0.0827336826279094,0,0,0,0,0,0.178309917462687,0.491873585958018,0,0,0,0,0,0,0,0,0,0,0,0,0,0,0,0,0,0,0,0,0,0,0.317170706982407,0,0,0,0,0,0,0,0,0,0,0,0,0,0,0,0,0,0,0,0,0,0,0,0,0,0,0,0,0,0,0,0,0,0,0,0,0,0,0,0,0,0,0,0,0,0,4.57785000765517,0,0,0,0,0,0,0,0,0,0,0,0,0,0,0,0,0,0,0,0,0,0,0,0,0,0,0,0,0,0,0,0,0,0,0,0,0,0,0,0,0,0,0,0,0,0,0,0,0,0,0,0,0,0,0,0,0,1.2028053146332,0,0,0,0,0,0,0,0,0,0,0,0,0,0,0,0,0,0.882672804281101,0,0,0,0,0,0,0,0,0,0,0,0,0,0,0,0,0,0,0,0.124989681974835,0,0,0,0,0,0,0,0.492555830244129,0,0,0,0,0,0,0,0,0,0,0,0,0.792027320710917,0,0,0,0,115.599202,126.0920022,130.1392022,128.9596022,118.6740021,138.9964024,123.6051021,122.5608021,139.7379023,128.5883022,133.7801023,"HOW-00438"
"568",7953,"nSPC",2015,"PRIAs","Pacific Remote Island Areas","Howland","Howland",2015,"ForereefShallow","Howland","2015-02-06","Forereef","Shallow",0.80712455,-176.6216036,5.9,12.5,0,0,22.5,57.5,0,0,7.5,NA,0.40125,0.336112561806949,1.35,2,1,9.18235054362868,1192.91103882352,69.9221116334165,10.6353589747609,1282.65085997532,0,0,0,0,0,0,0,0,0,0,0,0.116006269631426,0,0.0226353696841807,0,0,0,0.0735649514735872,0,0,0,0,0,0,0,0,0,1.44300481736652,0,0,0,0,0,0,0,0,0,0,0,0,0,0,0,0,0,0,0,0,0,0,0,0,0,0,0,0,0,0,0,0,0,0,0,0,0,0,0.00282942121052258,0,0,0,0,0,0,0,0,0,0,0.0367824757367936,0,0,0,0,0,0,0,0,0,0,0,0,0,0,0,0,0,0,0,0,0,0,0,0,0,0,0,0,0,0,0,0,0,0,0,0,0,0,0,0.00565884242104517,0,0,0,0.0707355302630646,0,0,0,0,0.0735649514735872,0.00848826363156775,0,0,0,0,0,0,0,0,0,0.00848826363156775,0,0.282942121052258,0,0,0,0,0,0.0113176848420903,0,0,0,0,0,0,0,0,0,0,0,0,0,0,0,0,0,0,0,0,0,0,0,0,0,0,0.00565884242104517,0.0763943726841098,0,0,0.00282942121052258,0,0,0,0,0,0,0,0,0,0,0,0,0,0,0,0,0,0,0,0,0,0,0,0,0,0,0,0.130153375684039,0,0,0,0,0,0,0,0,0,0,0,0,0,0.033953054526271,0,0,0,0,0,0,0,0,0,0,0,0,0,0,0,0,0,0,0,0.0509295817894065,0,0,0.033953054526271,0,0.0169765272631355,0,0,0,0,0,0,0,0.00282942121052258,0,0,0,0,0,0,0,0,0,0.0141471060526129,0,0,0,0,0,0,0,0,0.00282942121052258,0,0,0,0,0,0,0,0,0,0,0.00282942121052258,0,0,0,0,0,0,0,0,0,0,0,0,0,0,0,0,0,0,0.0198059484736581,0,0,0,0,0,0,0.00282942121052258,0,0,0,0,0,0,0,0,0,0,0,0,0.00282942121052258,0,0,0,0,0,0.00848826363156775,0,0,0,0,0,0,0,0,0,0,0,0,0,0,0,0,0,0,0,0,0,0,0,0,0,0,0,0,0,0,0,0,0,0.0141471060526129,0,0,0,0,0,0,0,0,0,0,0,0,0.141471060526129,0,0,0,0.00282942121052258,0.00282942121052258,0,0,0.00282942121052258,0,0.0707355302630646,0.00565884242104517,0,0,0,0,0,0,0,0,0,0,0,0,0,0,0,0,0,0,0,0,0,0,0,0,0,0,0,0,0,0,0,0,0,0,0,0,0,0,0,0,0,0,0,0,0,0,0,0,0,0,0,0,0,0,0,0,0,0.00282942121052258,0,0,0,0,0,0,0,0.0396118969473162,0,0,0,0,0,0.00282942121052258,0.0113176848420903,0,0.0198059484736581,0,0,0,0,0,0,0,0,0,0,0,0,0,0,0,0,0,0,0,0,0.0565884242104517,0,0,0,0,0.0282942121052258,0.0141471060526129,0,0,0,0,0,0,0,0,0,0,0,0,0,0,0,0,0,0,0,0,0,0,0,0,0,0,12.7323954473516,0,0,0,0,0,0,0,0.0113176848420903,0,0,0,0,0.0226353696841807,0.707355302630646,0,0,0,0.0113176848420903,0,0,0,0,0,0,0,0,0,0,0,0,0,0,0,0,0,0,0,0,0.00282942121052258,0,0,0,0,0,0,0,0,0.00565884242104517,0,0,0,0,0,0,0,0,0,0,0,0,0,0,0,0,0,0,0,0,0,0,0,0,0,0,0,0,0,0,0,0,0,0,0,0,0,0,0,0,0,0.0509295817894065,0,0,0.0622472666314969,0,0,0,0,0,0,0,0,0,0,0,0,0,0,0,0,1.83912378683968,0,0,0,0,0,0,0,0.00848826363156775,0,0,0,0,0,0,0,0,0,0,0,0,0,0,0,0.0396118969473162,0,0,0,0,0,0,0,0,0,0,0,0.767492952807577,0,2.79741812237229,0,0,0,4.5689708459106,0,0,0,0,0,0,0,0,0,50.6092539053577,0,0,0,0,0,0,0,0,0,0,0,0,0,0,0,0,0,0,0,0,0,0,0,0,0,0,0,0,0,0,0,0,0,0,0,0,0,0,0.204882759234707,0,0,0,0,0,0,0,0,0,0,2.40606472240056,0,0,0,0,0,0,0,0,0,0,0,0,0,0,0,0,0,0,0,0,0,0,0,0,0,0,0,0,0,0,0,0,0,0,0,0,0,0,0,2.04720412254201,0,0,0,0.281405546162683,0,0,0,0,0.160533752792466,1.35966279344556,0,0,0,0,0,0,0,0,0,0.607738218585472,0,0.197097481525003,0,0,0,0,0,0.846771583574485,0,0,0,0,0,0,0,0,0,0,0,0,0,0,0,0,0,0,0,0,0,0,0,0,0,0,0.54947018315172,0.0858469030642236,0,0,0.0596619299544288,0,0,0,0,0,0,0,0,0,0,0,0,0,0,0,0,0,0,0,0,0,0,0,0,0,0,0,0.101030709048372,0,0,0,0,0,0,0,0,0,0,0,0,0,0.053274434441719,0,0,0,0,0,0,0,0,0,0,0,0,0,0,0,0,0,0,0,2.0663231628231,0,0,5.19727560571517,0,1.2758250908401,0,0,0,0,0,0,0,0.00770511858368711,0,0,0,0,0,0,0,0,0,0.0286982612999887,0,0,0,0,0,0,0,0,0.615563555098824,0,0,0,0,0,0,0,0,0,0,0.323669675415572,0,0,0,0,0,0,0,0,0,0,0,0,0,0,0,0,0,0,0.439437262329512,0,0,0,0,0,0,1.75803062144486,0,0,0,0,0,0,0,0,0,0,0,0,0.109390817412507,0,0,0,0,0,0.0268311183972646,0,0,0,0,0,0,0,0,0,0,0,0,0,0,0,0,0,0,0,0,0,0,0,0,0,0,0,0,0,0,0,0,0,0.0353289875098303,0,0,0,0,0,0,0,0,0,0,0,0,0.169588433805697,0,0,0,0.372242439806556,0.390946487283056,0,0,0.480770512645063,0,0.0434146390542585,1183.95998785833,0,0,0,0,0,0,0,0,0,0,0,0,0,0,0,0,0,0,0,0,0,0,0,0,0,0,0,0,0,0,0,0,0,0,0,0,0,0,0,0,0,0,0,0,0,0,0,0,0,0,0,0,0,0,0,0,0,0.325362500833907,0,0,0,0,0,0,0,0.281075023314485,0,0,0,0,0,0.141445360875306,1.47602324376945,0,3.13555384902782,0,0,0,0,0,0,0,0,0,0,0,0,0,0,0,0,0,0,0,0,0.301921627705304,0,0,0,0,0.15738634460177,0.0334077408801796,0,0,0,0,0,0,0,0,0,0,0,0,0,0,0,0,0,0,0,0,0,0,0,0,0,0,7.46189108745068,0,0,0,0,0,0,0,0.0408251527623883,0,0,0,0,0.221355136525091,0.147336370957002,0,0,0,0.0446391045502509,0,0,0,0,0,0,0,0,0,0,0,0,0,0,0,0,0,0,0,0,0.128627483523965,0,0,0,0,0,0,0,0,0.772255434589129,0,0,0,0,0,0,0,0,0,0,0,0,0,0,0,0,0,0,0,0,0,0,0,0,0,0,0,0,0,0,0,0,0,0,0,0,0,0,0,0,0,0.409649723132659,0,0,0.513267655955278,0,0,0,0,0,0,0,0,0,0,0,0,0,0,0,0,0.682739338099099,0,0,0,0,0,0,0,0.0965919130533042,0,0,0,0,0,0,0,0,0,0,0,0,0,0,0,1.27469526954698,0,44.42970078,54.53870093,67.86120112,52.12080093,47.00620081,39.7704007,48.3055008,47.31270079,41.94950075,53.1443009,48.92070083,"HOW-00480"
"569",7954,"nSPC",2015,"PRIAs","Pacific Remote Island Areas","Howland","Howland",2015,"ForereefDeep","Howland","2015-02-06","Forereef","Deep",0.7954924,-176.61105053,24.5,22.5,0,1.5,25,47,4,0,0,NA,0.65,0.423636512306175,1.35,2,1,35.2007441178626,37.891390639056,11.0733040807362,27.0188353364994,111.184274174154,1.65786733943665,0,0,0,0,0,0,0,0,0,0,0,0,0,0,0,0,0.0169765272631355,0,0,0,0,0,0.00282942121052258,0,0,0.0226353696841807,0,0,0,0.00565884242104517,0,0,0,0,0,0,0,0,0,0,0,0,0,0,0,0,0,0,0,0,0,0,0,0,0,0,0.00848826363156775,0,0,0,0,0,0,0,0,0,0,0,0,0,0,0,0,0,0,0,0.0141471060526129,0,0,0,0,0,0,0,0,0.00282942121052258,0,0,0,0,0,0,0,0,0,0,0,0,0,0,0,0,0,0,0,0,0,0,0,0,0,0,0,0,0,0,0.00565884242104517,0,0,0,0.0254647908947033,0,0,0,0.00282942121052258,0.0452707393683613,0.0113176848420903,0,0,0,0,0,0,0,0,0,0.0226353696841807,0,0,0,0,0,0,0,0,0,0,0,0,0,0,0,0,0,0,0,0,0,0,0,0,0,0,0,0,0,0,0,0,0,0,0,0.33953054526271,0,0,0,0,0,0,0,0,0,0,0,0,0,0,0,0,0,0,0,0,0,0,0,0,0,0,0,0,0,0,0,0,0,0,0,0.0396118969473162,0,0,0,0,0,0,0,0,0.00282942121052258,0,0,0,0,0,0,0,0,0,0,0,0,0,0,0,0,0,0,0,0.0169765272631355,0,0,0.0282942121052258,0,0,0,0,0,0,0,0.0367824757367936,0,0,0,0,0,0,0,0,0,0,0,0,0,0,0,0,0,0,0,0,0,0,0,0,0,0,0,0,0.00282942121052258,0,0,0,0,0,0,0,0,0,0,0,0.00282942121052258,0,0,0,0,0,0,0,0,0,0.0311236333157484,0,0,0,0,0,0,0,0,0,0,0,0,0,0,0,0,0,0,0,0,0,0,0,0,0,0.00565884242104517,0,0,0,0,0,0,0,0,0,0,0,0,0,0,0,0,0,0,0,0,0,0,0,0,0,0,0,0,0,0,0,0,0.00282942121052258,0,0,0,0,0.00565884242104517,0,0.00282942121052258,0,0,0,0,0,0,0,0,0,0,0.00565884242104517,0,0,0,0.00565884242104517,0,7.07355302630646,0,0,0,0,0,0,0,0,0,0,0.00848826363156775,0.00282942121052258,0,0,0,0,0,0,0,0,0.0933708999472453,0,0.113176848420903,0.0452707393683613,0,0,0,0,0,0,0,0,0,0,0,0.00848826363156775,0,0,0,0,0,0,0.00282942121052258,0,0,0,0,0,0,0,0,0,0,0,0.0113176848420903,0,0,0,0,0,0,0,0,0,0,0,0.00565884242104517,0,0,0,0,0,0.0282942121052258,0.00282942121052258,0,0.0113176848420903,0,0,0,0,0,0,0,0,0,0,0,0,0,0,0,0,0,0,0,0,0.0481001605788839,0,0,0,0,0.0141471060526129,0,0,0,0,0,0,0,0,0,0,0,0,0,0,0,0.00848826363156775,0,0,0,0,0,0,0,0,0,0,0,0.452707393683613,0,0,0,0,0,0,0,0,0,0,0,0,0.0198059484736581,4.81001605788839,0,0,0,0.00282942121052258,0,0,0,0,0,0,0,0,0,0,0,0,0,0,0,0,0,0,0,0,0.00565884242104517,0,0,0,0,0,0,0,0,0.0311236333157484,0,0,0,0,0,0,0,0,0,0,0,0,0,0,0,0,0,0,0,0,0,0,0,0.00282942121052258,0,0,0,0,0,0,0,0,0,0,0,0,0,0,0,0,0,0,0,0,0,0,0,0,0,0,0,0,0,0,0,0,0,0,0,0,0,0.282942121052258,0,0,0,0,0,0,0,0,0,0,0,0,0,0,0,0,0,0,0,0,0.00282942121052258,0,0,0,0,0,0,0,0,0,0,0,0,0,0,0,0,0,0,0,0,1.4124266237115,0,0,0,0,0,0.111892291191326,0,0,0.889872210773584,0,0,0,2.48886540895919,0,0,0,0,0,0,0,0,0,0,0,0,0,0,0,0,0,0,0,0,0,0,0,0,0,0,2.04887585472874,0,0,0,0,0,0,0,0,0,0,0,0,0,0,0,0,0,0,0,1.17357015579791,0,0,0,0,0,0,0,0,0.0567667018323994,0,0,0,0,0,0,0,0,0,0,0,0,0,0,0,0,0,0,0,0,0,0,0,0,0,0,0,0,0,0,1.78861940790801,0,0,0,0.115231907110191,0,0,0,0.289164301236319,0.117471752590354,2.27530238661827,0,0,0,0,0,0,0,0,0,1.73021966235071,0,0,0,0,0,0,0,0,0,0,0,0,0,0,0,0,0,0,0,0,0,0,0,0,0,0,0,0,0,0,0,0,0,0,0,0.99059734233122,0,0,0,0,0,0,0,0,0,0,0,0,0,0,0,0,0,0,0,0,0,0,0,0,0,0,0,0,0,0,0,0,0,0,0,0.265563339147666,0,0,0,0,0,0,0,0,0.0058621881694282,0,0,0,0,0,0,0,0,0,0,0,0,0,0,0,0,0,0,0,0.45931044356687,0,0,3.86828169912904,0,0,0,0,0,0,0,0.639146979759299,0,0,0,0,0,0,0,0,0,0,0,0,0,0,0,0,0,0,0,0,0,0,0,0,0,0,0,0,0.491080834632434,0,0,0,0,0,0,0,0,0,0,0,0.0470744953900695,0,0,0,0,0,0,0,0,0,0.63598286962086,0,0,0,0,0,0,0,0,0,0,0,0,0,0,0,0,0,0,0,0,0,0,0,0,0,0.0693544897702085,0,0,0,0,0,0,0,0,0,0,0,0,0,0,0,0,0,0,0,0,0,0,0,0,0,0,0,0,0,0,0,0,0.0174192156537166,0,0,0,0,0.009631040498073,0,0.00560622894815901,0,0,0,0,0,0,0,0,0,0,19.8303879504529,0,0,0,3.27437021120714,0,4.34146390542585,0,0,0,0,0,0,0,0,0,0,2.07065362841758,0.474639722654202,0,0,0,0,0,0,0,0,11.7094402532414,0,14.2588243365338,4.69208301075674,0,0,0,0,0,0,0,0,0,0,0,2.85618230134605,0,0,0,0,0,0,9.08086872330863,0,0,0,0,0,0,0,0,0,0,0,1.24727564393892,0,0,0,0,0,0,0,0,0,0,0,0.0620352706152356,0,0,0,0,0,0.65674076201269,0.327117337756217,0,1.21888677802539,0,0,0,0,0,0,0,0,0,0,0,0,0,0,0,0,0,0,0,0,0.422424429445236,0,0,0,0,0.0898216216941287,0,0,0,0,0,0,0,0,0,0,0,0,0,0,0,1.63313852740818,0,0,0,0,0,0,0,0,0,0,0,0.410268339062743,0,0,0,0,0,0,0,0,0,0,0,0,0.110476011078616,1.5326536616924,0,0,0,0.000348110935675967,0,0,0,0,0,0,0,0,0,0,0,0,0,0,0,0,0,0,0,0,0.697059498693639,0,0,0,0,0,0,0,0,6.24054425948499,0,0,0,0,0,0,0,0,0,0,0,0,0,0,0,0,0,0,0,0,0,0,0,1.65786733943665,0,0,0,0,0,0,0,0,0,0,0,0,0,0,0,0,0,0,0,0,0,0,0,0,0,0,0,0,0,0,0,0,0,0,0,0,0,0.0215036011999716,0,0,0,0,0,0,0,0,0,0,0,0,0,0,0,0,0,0,0,0,0.264009106903639,0,0,0,0,103.7467018,108.3922019,94.45990165,106.5405018,117.2819021,126.9685022,116.715402,109.2088019,133.2390023,116.504702,120.5629021,"HOW-00469"
"570",7955,"nSPC",2015,"PRIAs","Pacific Remote Island Areas","Howland","Howland",2015,"ForereefShallow","Howland","2015-02-06","Forereef","Shallow",0.8003669,-176.61016214,5.05,40,0,0,40,20,0,0,0,NA,0.3425,0.231564828829255,0.75,2,1,12.4838981373539,34.509185672347,23.8791650648811,12.1572929696231,83.0295418442052,0,0,0,0,0,0,0,0,0,0,0,0,0,0,0,0.0198059484736581,0,0.0933708999472453,0,0,0,0,0,0,0,0,0,0,0,0,0,0,0,0,0,0,0,0,0,0,0,0,0,0,0,0,0,0,0,0,0,0,0,0,0,0,0,0,0,0,0,0,0,0,0,0,0.00282942121052258,0,0,0,0,0,0,0,0,0,0,0.0198059484736581,0,0,0,0,0,0,0,0,0,0,0,0,0,0,0,0,0,0,0,0,0,0,0,0,0,0,0,0,0,0,0,0,0,0,0,0,0,0,0,0.00565884242104517,0,0,0,0.0452707393683613,0,0,0,0.00282942121052258,0.0141471060526129,0,0,0,0,0,0,0,0,0,0,0.00282942121052258,0,0,0,0,0,0,0,0,0,0,0.00282942121052258,0,0,0,0,0,0,0,0,0,0,0,0,0,0,0,0,0,0,0,0,0,0,0,0,0.00848826363156775,0,0,0,0,0,0,0,0,0,0,0,0,0,0,0,0,0.00565884242104517,0,0,0,0,0,0,0,0,0,0,0,0,0,7.92237938946323,0,0,0,0,0,0,0,0,0.00848826363156775,0,0,0,0,0.00282942121052258,0.00848826363156775,0,0,0,0,0,0,0,0,0,0,0,0,0,0,0,0,0,0,0,0,0,0.0282942121052258,0,0,0,0,0,0,0,0,0,0,0,0,0,0,0,0,0,0,0,0,0,0,0,0,0,0,0,0,0,0.00282942121052258,0,0,0,0,0,0,0.00565884242104517,0,0,0,0,0,0,0,0,0,0,0,0,0,0,0,0,0,0,0,0.00848826363156775,0,0.0933708999472453,0,0,0,0,0,0,0,0,0,0,0,0,0,0,0,0,0,0,0,0,0,0,0,0,0.00282942121052258,0.00565884242104517,0,0,0,0,0,0,0,0,0.00282942121052258,0,0,0,0,0,0,0,0,0,0,0,0,0,0,0,0,0,0,0,0,0,0,0,0.00848826363156775,0.00565884242104517,0,0,0,0.00565884242104517,0,0,0,0,0,0,0,0,0,0,0,0,0.00565884242104517,0,0,0,0,0,0,0,0,0,0,0,0,0,0,0,0,0.00848826363156775,0.0141471060526129,0,0,0,0,0,0,0,0,0.00282942121052258,0,0,0,0,0,0,0,0,0,0,0,0,0,0,0,0,0,0,0,0,0,0,0,0,0,0,0,0,0,0,0,0,0,0,0,0,0,0,0,0,0,0,0,0,0,0.0169765272631355,0,0,0,0,0,0.00282942121052258,0.00565884242104517,0,0.00565884242104517,0,0.00282942121052258,0,0,0,0,0,0,0,0,0,0,0,0,0,0,0,0,0,0,0.147129902947174,0,0,0,0,0,0,0,0,0,0,0.00282942121052258,0,0,0,0,0,0,0,0,0,0,0,0,0,0,0,0,0,0,0,0,0,0,0,0,0,0,0,0,0,0,0,0,0,0,0,3.02748069525916,0,0,0,0,0,0,0,0,0,0,0,0,0,0,0,0,0,0,0,0,0,0,0,0,0,0,0,0,0,0,0,0,0,0.00282942121052258,0,0,0,0,0,0,0,0,0,0,0,0,0,0,0,0,0,0,0,0,0,0,0,0,0,0,0,0,0,0,0,0,0,0,0,0,0,0,0,0,0,0.0763943726841098,0,0,0.121665112052471,0,0,0,0,0,0,0,0,0,0,0,0,0,0,0,0,0.206547748368149,0,0,0,0,0,0,0,0.116006269631426,0,0.00282942121052258,0,0,0,0,0,0,0,0,0,0,0.00282942121052258,0,0,0,0,0,0,0,0,0,0,0,0,0,0,0,0,0,0,2.58105524876179,0,7.98876000061065,0,0,0,0,0,0,0,0,0,0,0,0,0,0,0,0,0,0,0,0,0,0,0,0,0,0,0,0,0,0,0,0,0,0,0,0,0,0,0,0,0,0,0,0,0,0,0,0,0.164745453008912,0,0,0,0,0,0,0,0,0,0,2.97032888743742,0,0,0,0,0,0,0,0,0,0,0,0,0,0,0,0,0,0,0,0,0,0,0,0,0,0,0,0,0,0,0,0,0,0,0,0,0,0,0,2.10198933994256,0,0,0,0.234462254520584,0,0,0,0.00910620922394588,0.0380961700440599,0,0,0,0,0,0,0,0,0,0,0.234073399475583,0,0,0,0,0,0,0,0,0,0,0.0164429672481821,0,0,0,0,0,0,0,0,0,0,0,0,0,0,0,0,0,0,0,0,0,0,0,0,0.0473033955660008,0,0,0,0,0,0,0,0,0,0,0,0,0,0,0,0,0.217401603926528,0,0,0,0,0,0,0,0,0,0,0,0,0,14.0778701155914,0,0,0,0,0,0,0,0,0.0335422191106109,0,0,0,0,0.0100874715797333,0.465323782861334,0,0,0,0,0,0,0,0,0,0,0,0,0,0,0,0,0,0,0,0,0,8.89139446017862,0,0,0,0,0,0,0,0,0,0,0,0,0,0,0,0,0,0,0,0,0,0,0,0,0,0,0,0,0,0.446146717727644,0,0,0,0,0,0,1.531214762456,0,0,0,0,0,0,0,0,0,0,0,0,0,0,0,0,0,0,0,0.0939351752174571,0,1.10857185115478,0,0,0,0,0,0,0,0,0,0,0,0,0,0,0,0,0,0,0,0,0,0,0,0,0.065892127034892,0.0548664384617276,0,0,0,0,0,0,0,0,0.198177188658939,0,0,0,0,0,0,0,0,0,0,0,0,0,0,0,0,0,0,0,0,0,0,0,0.0235533528382835,0.0177965605695409,0,0,0,0.0105523346618939,0,0,0,0,0,0,0,0,0,0,0,0,7.09776688193309,0,0,0,0,0,0,0,0,0,0,0,0,0,0,0,0,2.08352301971713,2.41196869557095,0,0,0,0,0,0,0,0,1.35393842807857,0,0,0,0,0,0,0,0,0,0,0,0,0,0,0,0,0,0,0,0,0,0,0,0,0,0,0,0,0,0,0,0,0,0,0,0,0,0,0,0,0,0,0,0,0,0.325034300361326,0,0,0,0,0,0.110140412162358,0.953460414432739,0,1.43839058786466,0,0.70581455351794,0,0,0,0,0,0,0,0,0,0,0,0,0,0,0,0,0,0,0.991363061154149,0,0,0,0,0,0,0,0,0,0,0.0131636797672621,0,0,0,0,0,0,0,0,0,0,0,0,0,0,0,0,0,0,0,0,0,0,0,0,0,0,0,0,0,0,0,0,0,0,0,16.8052989330116,0,0,0,0,0,0,0,0,0,0,0,0,0,0,0,0,0,0,0,0,0,0,0,0,0,0,0,0,0,0,0,0,0,0.271189837112232,0,0,0,0,0,0,0,0,0,0,0,0,0,0,0,0,0,0,0,0,0,0,0,0,0,0,0,0,0,0,0,0,0,0,0,0,0,0,0,0,0,0.839200657570005,0,0,0.864620930609034,0,0,0,0,0,0,0,0,0,0,0,0,0,0,0,0,0.141251780382314,0,0,0,0,0,0,0,2.00542273554602,0,0.721294340641037,0,0,0,0,0,0,0,0,0,0,0.264009106903639,0,0,0,0,113.0294019,117.6641021,103.2966018,117.212702,119.9876021,131.6494023,123.8456021,115.828302,140.3461024,120.7406021,127.3263022,"HOW-00506"
"571",7956,"nSPC",2015,"PRIAs","Pacific Remote Island Areas","Howland","Howland",2015,"ForereefShallow","Howland","2015-02-06","Forereef","Shallow",0.79370135,-176.61237328,3.8,17.5,0,12.5,27.5,42.5,0,0,0,NA,0.195,0.137531245118713,0.65,2,1,4.98691048349925,12.8531026703117,8.96490231684153,2.80328121028546,29.608196680938,0.482240683773416,0,0,0,0,0,0,0,0,0,0,0,0,0.0113176848420903,0,0.00565884242104517,0,0.0396118969473162,0.00565884242104517,0,0.0396118969473162,0,0,0,0,0,0,0.0282942121052258,0,0,0,0,0,0,0,0,0,0,0,0,0,0,0,0,0,0,0,0,0,0,0,0,0,0,0,0,0,0,0,0,0,0,0,0,0,0,0,0,0,0,0,0,0,0,0,0,0,0,0,0,0,0,0,0,0,0,0,0,0,0,0,0,0,0,0,0,0,0,0,0,0,0,0,0,0,0,0,0,0,0,0,0,0,0,0,0,0,0.00848826363156775,0,0,0,0.0481001605788839,0,0,0,0,0,0,0,0,0,0,0,0,0,0,0,0,0,0,0,0,0,0,0,0,0,0,0.00282942121052258,0,0,0,0,0,0,0,0,0,0,0,0,0,0,0,0,0,0,0,0,0,0,0,0,0,0,0,0.00565884242104517,0,0,0,0,0,0,0,0,0,0,0,0,0,0,0,0,0,0,0,0,0,0,0,0,0,0,0,2.26353696841807,0,0,0,0,0,0,0,0,0.00282942121052258,0,0,0,0,0.00848826363156775,0.00565884242104517,0,0,0,0,0,0,0,0,0,0,0,0,0,0,0,0,0,0,0,0,0,0.0198059484736581,0,0,0,0,0,0,0,0,0,0,0,0,0,0,0,0,0,0,0,0,0,0,0,0,0,0,0,0,0,0.00282942121052258,0,0,0,0,0,0,0,0,0,0,0,0,0,0,0,0,0,0,0,0,0,0,0,0,0,0,0,0,0,0,0,0,0,0,0,0,0,0,0,0,0,0,0,0,0,0,0,0,0,0,0,0,0,0,0,0,0,0,0,0,0,0,0,0,0,0,0,0,0,0,0,0,0,0,0,0,0,0,0,0,0,0,0,0,0,0,0,0,0,0,0,0,0,0,0,0,0,0,0,0,0,0,0,0,0,0.00282942121052258,0,0,0,0,0,0,0,0,0,0,0,0,0,0,0,0,0,0.00282942121052258,0,0,0,0,0,0,0,0,0,0,0,0,0,0,0,0,0,0,0,0,0,0,0,0,0,0,0,0,0,0,0,0,0,0,0,0,0,0,0,0,0,0,0,0,0,0,0,0,0,0,0,0,0,0,0.00565884242104517,0,0,0,0,0,0,0.00282942121052258,0,0.00282942121052258,0,0,0,0,0,0,0,0,0,0,0,0,0,0,0,0,0,0,0,0,0.0763943726841098,0,0,0,0.0113176848420903,0,0.00282942121052258,0,0,0,0,0.0707355302630646,0,0,0,0,0,0,0,0,0,0,0,0,0,0,0,0,0,0,0,0,0,0,0,0,0,0,0,0,0,0,0,0,0,0,0,0,0,0,0,0,0,0,0,0,0,0,0,0,0,0,0,0,0,0,0,0,0,0,0,0.00565884242104517,0,0,0,0,0,0,0,0,0,0,0,0,0,0,0,0,0,0,0,0,0,0,0,0,0,0,0,0,0,0,0,0,0,0.00282942121052258,0,0,0,0,0,0,0,0,0,0,0,0,0,0,0,0,0,0.110347427210381,0,0,0.0367824757367936,0,0,0,0,0,0,0,0,0,0,0,0,0,0,0,0,4.61195657315181,0,0,0,0,0,0,0,0.0962003211577679,0,0.00848826363156775,0,0,0,0,0,0,0,0,0,0,0,0,0,0,0,0,0,0,0,0,0,0,0,0,0,0,0,0.224778264705038,0,1.29679956602368,0,2.7829386393196,0.0406508342742736,0,0.566470217288168,0,0,0,0,0,0,0.566623946852435,0,0,0,0,0,0,0,0,0,0,0,0,0,0,0,0,0,0,0,0,0,0,0,0,0,0,0,0,0,0,0,0,0,0,0,0,0,0,0,0,0,0,0,0,0,0,0,0,0,0,0,0,0,0,0,0,0,0,0,0,0,0,0,0,0,0,0,0,0,0,0,0,0,0,0,0,0,0,0,0,0,0,0,0,0,0,0,0,0,1.65351543902316,0,0,0,0.255091303924825,0,0,0,0,0,0,0,0,0,0,0,0,0,0,0,0,0,0,0,0,0,0,0,0,0,0,0.000643033996891225,0,0,0,0,0,0,0,0,0,0,0,0,0,0,0,0,0,0,0,0,0,0,0,0,0,0,0,0.281988661853712,0,0,0,0,0,0,0,0,0,0,0,0,0,0,0,0,0,0,0,0,0,0,0,0,0,0,0,2.38706949846948,0,0,0,0,0,0,0,0,0.0151877595770033,0,0,0,0,0.0175865645082846,0.0620028046389077,0,0,0,0,0,0,0,0,0,0,0,0,0,0,0,0,0,0,0,0,0,1.50500199631922,0,0,0,0,0,0,0,0,0,0,0,0,0,0,0,0,0,0,0,0,0,0,0,0,0,0,0,0,0,0.169599570221816,0,0,0,0,0,0,0,0,0,0,0,0,0,0,0,0,0,0,0,0,0,0,0,0,0,0,0,0,0,0,0,0,0,0,0,0,0,0,0,0,0,0,0,0,0,0,0,0,0,0,0,0,0,0,0,0,0,0,0,0,0,0,0,0,0,0,0,0,0,0,0,0,0,0,0,0,0,0,0,0,0,0,0,0,0,0,0,0,0,0,0,0,0,0,0,0,0,0,0,0,0,0,0,0,0,3.10149640633296,0,0,0,0,0,0,0,0,0,0,0,0,0,0,0,0,0,0.149307035470157,0,0,0,0,0,0,0,0,0,0,0,0,0,0,0,0,0,0,0,0,0,0,0,0,0,0,0,0,0,0,0,0,0,0,0,0,0,0,0,0,0,0,0,0,0,0,0,0,0,0,0,0,0,0,0.0252445508156762,0,0,0,0,0,0,0.0622990679213183,0,0.653547673221794,0,0,0,0,0,0,0,0,0,0,0,0,0,0,0,0,0,0,0,0,0.159547028552928,0,0,0,0.0211008883411912,0,0.00668154817603593,0,0,0,0,0.129934855378951,0,0,0,0,0,0,0,0,0,0,0,0,0,0,0,0,0,0,0,0,0,0,0,0,0,0,0,0,0,0,0,0,0,0,0,0,0,0,0,0,0,0,0,0,0,0,0,0,0,0,0,0,0,0,0,0,0,0,0,0.419554001371986,0,0,0,0,0,0,0,0,0,0,0,0,0,0,0,0,0,0,0,0,0,0,0,0,0,0,0,0,0,0,0,0,0,0.482240683773416,0,0,0,0,0,0,0,0,0,0,0,0,0,0,0,0,0,0.828827818656399,0,0,0.135594120858475,0,0,0,0,0,0,0,0,0,0,0,0,0,0,0,0,10.4593516236662,0,0,0,0,0,0,0,0.971739815847329,0,0.175781461556653,0,0,0,0,0,0,0,0,0,0,0,0,0,0,0,99.59450171,102.3762018,89.54460154,99.47500167,114.769202,123.1204021,110.0114018,101.3300017,129.0776022,115.204202,114.541602,"HOW-00453"
"572",7957,"nSPC",2015,"PRIAs","Pacific Remote Island Areas","Howland","Howland",2015,"ForereefMid","Howland","2015-02-06","Forereef","Mid",0.80345244,-176.621255,13.65,5,0,0,21.5,20,1,0,52.5,NA,0.43875,0.317585271429043,1.1,2,1,31.5539368405606,64.1052466076599,15.1761178404283,8.2953865590009,119.13068784765,0,0,0,0,0,0,0,0,0,0,0,0,0,0.00848826363156775,0,0,0.00282942121052258,0.00848826363156775,0,0,0,0,0,0.0113176848420903,0,0,0,0,0,0,0,0,0,0,0,0,0,0,0,0,0,0,0,0,0,0,0,0,0,0,0,0,0,0,0,0,0,0.00282942121052258,0.00565884242104517,0,0,0,0,0,0,0,0,0,0,0,0.00282942121052258,0,0,0,0,0,0,0.0226353696841807,0,0,0,0,0,0,0,0,0,0,0,0,0,0,0,0,0,0,0,0,0,0,0,0,0,0,0,0,0,0,0,0,0,0,0.0169765272631355,0,0,0,0,0.00565884242104517,0,0,0,0.0198059484736581,0,0,0,0,0.0141471060526129,0.0311236333157484,0,0,0,0,0,0,0,0,0,0.0113176848420903,0,0,0,0,0,0,0,0,0,0,0,0,0,0,0,0,0,0,0,0,0,0,0,0,0,0,0,0,0,0,0,0,0,0,0.00565884242104517,0.104688584789336,0,0,0,0,0,0,0,0.00565884242104517,0,0,0,0,0,0,0,0,0,0,0,0,0,0,0,0,0,0,0,0,0,0,0,0,0,0,0,0.033953054526271,0,0,0,0,0,0,0,0,0.0481001605788839,0,0,0,0,0,0,0,0,0,0,0,0,0,0,0,0,0,0,0,0.0509295817894065,0,0.00565884242104517,0.0169765272631355,0,0,0,0,0,0,0,0,0,0,0,0,0,0,0,0,0,0,0,0,0,0,0,0,0,0,0,0,0,0,0,0,0,0,0,0,0,0,0,0,0,0,0,0,0,0,0,0,0,0.00282942121052258,0,0,0,0,0,0,0,0,0.00282942121052258,0,0.0169765272631355,0,0,0,0,0,0,0,0,0,0,0,0,0,0,0,0,0,0.00282942121052258,0,0,0,0,0.00282942121052258,0,0,0,0,0,0,0,0,0,0,0,0,0,0,0,0,0,0,0,0,0,0,0,0,0,0,0,0,0,0,0,0,0,0.00565884242104517,0,0,0,0,0.00848826363156775,0,0.00848826363156775,0,0,0,0,0,0,5.37590029999291,0,0,0,0.00848826363156775,0,0,0,0,0,2.4050080289442,0,0,0,0,0,0,0,0,0,0,0,0.0169765272631355,0,0,0,0,0,0,0,0,0,0,0,0,0,0,0,0,0,0,0,0,0,0,0.00565884242104517,0.00282942121052258,0,0,0,0,0,0,0,0,0,0,0,0,0,0,0,0,0,0,0.00282942121052258,0,0,0,0,0,0,0,0,0,0,0,0.00282942121052258,0,0,0,0,0,0.00282942121052258,0.00282942121052258,0,0.00282942121052258,0,0,0,0,0,0,0,0,0,0,0,0,0,0,0,0,0,0,0,0,0.0141471060526129,0,0,0,0,0.0141471060526129,0.0113176848420903,0,0,0,0,0,0,0,0,0,0,0,0,0,0,0,0,0,0,0,0,0,0,0,0,0,0,7.18672987472736,0,0,0,0,0,0,0,0,0,0,0,0,0.00848826363156775,0,0,0,0,0.00282942121052258,0,0,0,0,0,0,0,0,0,0,0.282942121052258,0,0,0,0,0,0,0,0,0,0,0,0,0,0,0,0,0,0,0,0,0,0,0,0,0,0,0,0,0,0,0,0,0,0,0,0,0,0,0,0,0,0,0,0,0,0,0,0,0,0,0,0,0,0,0,0,0,0,0,0,0.00848826363156775,0,0,0,0,0,0,0,0,0.00282942121052258,0.00282942121052258,0,0,0,0,0,0,0,0,0,0.113176848420903,0,0,0,0,0,0,0,0.00565884242104517,0,0,0,0,0,0,0,0,0,0,0,0,0,0,0,0.00282942121052258,0,0,0,0,0,0,0,0,0,0,0,0,0,3.00136016736272,0,0,2.95061390308351,0.744476056932323,0,0,0,0,0,0.701402200403706,0,0,0,0,0,0,0,0,0,0,0,0,0,0,0,0,0,0,0,0,0,0,0,0,0,0,0,0,0,0,0,0,0,0.464201917351361,0.721400686132508,0,0,0,0,0,0,0,0,0,0,0,3.30082366877831,0,0,0,0,0,0,1.67739481662284,0,0,0,0,0,0,0,0,0,0,0,0,0,0,0,0,0,0,0,0,0,0,0,0,0,0,0,0,0,0,0,0,0,0,2.74280861283402,0,0,0,0,2.04720412254201,0,0,0,0.0723662096217244,0,0,0,0,0.0394508657974992,10.6009842437018,0,0,0,0,0,0,0,0,0,1.28543886674241,0,0,0,0,0,0,0,0,0,0,0,0,0,0,0,0,0,0,0,0,0,0,0,0,0,0,0,0,0,0,0,0,0,0,0.358222584828211,0.239582938653726,0,0,0,0,0,0,0,0.281988661853712,0,0,0,0,0,0,0,0,0,0,0,0,0,0,0,0,0,0,0,0,0,0,0,0,0,0,0,0.0439475610039113,0,0,0,0,0,0,0,0,0.214256670140465,0,0,0,0,0,0,0,0,0,0,0,0,0,0,0,0,0,0,0,1.53880257845799,0,1.9878307380448,1.86318561749211,0,0,0,0,0,0,0,0,0,0,0,0,0,0,0,0,0,0,0,0,0,0,0,0,0,0,0,0,0,0,0,0,0,0,0,0,0,0,0,0,0,0,0,0,0,0,0,0,0,0.08578408991335,0,0,0,0,0,0,0,0,0.00534136646040863,0,8.77444629010079,0,0,0,0,0,0,0,0,0,0,0,0,0,0,0,0,0,0.0130805185446428,0,0,0,0,0.00374898310394242,0,0,0,0,0,0,0,0,0,0,0,0,0,0,0,0,0,0,0,0,0,0,0,0,0,0,0,0,0,0,0,0,0,0.0291445953165891,0,0,0,0,0.0105136066398067,0,0.016818686844477,0,0,0,0,0,0,7.18512276347979,0,0,0,7.92826512988406,0,0,0,0,0,3.50030527374959,0,0,0,0,0,0,0,0,0,0,0,4.26669816454933,0,0,0,0,0,0,0,0,0,0,0,0,0,0,0,0,0,0,0,0,0,0,7.65572889777329,0.864545884661978,0,0,0,0,0,0,0,0,0,0,0,0,0,0,0,0,0,0,0.409664257634297,0,0,0,0,0,0,0,0,0,0,0,0.0448203933684347,0,0,0,0,0,0.0622990679213183,0.39109720231686,0,0.835403189273505,0,0,0,0,0,0,0,0,0,0,0,0,0,0,0,0,0,0,0,0,0.188619682224108,0,0,0,0,0.0601457566454789,0.143960458283543,0,0,0,0,0,0,0,0,0,0,0,0,0,0,0,0,0,0,0,0,0,0,0,0,0,0,5.48191220508241,0,0,0,0,0,0,0,0,0,0,0,0,0.0639763306541005,0,0,0,0,0.0111597761375627,0,0,0,0,0,0,0,0,0,0,33.7429982956018,0,0,0,0,0,0,0,0,0,0,0,0,0,0,0,0,0,0,0,0,0,0,0,0,0,0,0,0,0,0,0,0,0,0,0,0,0,0,0,0,0,0,0,0,0,0,0,0,0,0,0,0,0,0,0,0,0,0,0,0,0.0545462327477759,0,0,0,0,0,0,0,0,0.206264806247096,0.10913607313467,0,0,0,0,0,0,0,0,0,0.00860144047998865,0,0,0,0,0,0,0,0.0573416161366928,0,0,0,0,0,0,0,0,0,0,0,0,0,0,0,0.0414531243563528,0,46.04060081,56.77860097,69.87150116,54.62970097,48.32290083,40.0045007,50.87730084,49.79920083,42.39490077,53.79430091,50.27070085,"HOW-00455"
"573",7958,"nSPC",2015,"PRIAs","Pacific Remote Island Areas","Howland","Howland",2015,"ForereefDeep","Howland","2015-02-06","Forereef","Deep",0.80585059,-176.62138123,20.3,0,0,5,15,29,1,0,50,NA,0.9425,0.59886813342814,2.25,2,1,33.7026659482951,106.826339073692,3.45794898432716,13.2675851739216,157.254539180236,0.964691944576795,0,0,0,0,0,0,0,0,0,0,0,0,0,0,0,0,0,0,0,0,0,0,0.0254647908947033,0,0,0.0113176848420903,0,0,0,0,0,0,0,0,0,0,0,0,0,0,0,0,0,0,0,0,0,0,0,0,0,0,0,0,0,0,0.00848826363156775,0,0,0,0,0,0,0,0,0,0,0,0,0,0,0,0,0,0,0,0.00848826363156775,0,0,0,0,0,0,0,0,0,0,0,0,0,0,0,0,0,0,0,0,0,0,0,0,0,0,0,0,0,0,0,0,0,0,0,0,0,0,0,0.00565884242104517,0,0,0,0.0424413181578388,0,0,0,0,0.0452707393683613,0.0254647908947033,0,0,0,0,0,0,0,0,0,0,0,0,0,0,0,0,0,0,0.00282942121052258,0,0,0,0,0,0,0,0,0,0,0,0,0,0,0,0,0,0,0,0,0,0,0,0,0,0.00282942121052258,0.215036011999716,0,0,0.00565884242104517,0,0,0,0,0,0,0,0,0,0,0,0,0,0,0,0,0,0,0,0,0,0,0,0,0,0,0,0,0,0,0,0,0.00282942121052258,0,0,0,0,0,0,0,0,0,0,0,0,0,0,0,0,0,0,0,0,0,0,0,0,0,0,0,0,0.00565884242104517,0,0,0,0,0,0,0,0,0,0,0,0,0,0,0,0,0,0,0,0,0,0,0,0,0,0,0,0,0,0,0,0,0,0,0,0,0,0,0,0,0,0,0,0.00282942121052258,0,0,0,0,0,0,0,0,0,0,0,0,0,0,0,0,0,0,0,0.00282942121052258,0,0,0,0,0,0,0,0,0,0,0,0,0,0,0,0,0,0,0,0,0,0,0,0,0,0,0,0,0,0,0,0,0,0,0,0,0,0,0,0,0,0,0,0,0,0,0,0,0,0,0,0,0,0,0,0,0.00282942121052258,0,0,0,0,0.0113176848420903,0,0,0,0,0,0,0,0,0,0,0,0,0.00848826363156775,0,0.0141471060526129,0,0.0169765272631355,0,6.22472666314968,0,0,0,0,0,0,0,0,0,0,0,0.00565884242104517,0,0,0,0,0,0,0,0.0226353696841807,0.25181848773651,0,0.113176848420903,0,0,0,0,0.367824757367936,0,0,0,0,0,0,0,0,0,0,0,0,0,0,0.00848826363156775,0,0,0,0,0,0,0,0,0,0,0,0,0,0,0,0,0,0,0,0,0,0,0,0,0,0,0,0,0,0,0,0,0,0,0,0,0,0,0,0,0,0,0,0,0,0,0.0622472666314969,0,0,0,0,0,0,0,0,0,0,0,0,0.00282942121052258,0,0,0,0,0,0,0,0,0,0,0,0,0,0,0,0,0,0,0,0,0,0,0,0,0,0,1.47129902947174,0,0,0,0,0,0,0,0,0,0,0,0,0.00848826363156775,4.81001605788839,0,0,0,0.00282942121052258,0,0,0,0,0,0,0,0,0,0,0.155618166578742,0,0,0,0,0.00282942121052258,0,0,0,0,0,0,0,0,0,0,0,0,0,0.0169765272631355,0,0,0,0,0,0,0,0,0,0,0,0,0,0,0,0,0,0,0.00282942121052258,0,0,0,0,0,0,0,0,0,0,0,0,0,0,0,0,0,0,0,0,0,0,0,0,0,0,0,0,0,0,0,0,0,0,0,0,0,0,0,0,0,0,0,0,0,0,0,0,0,0,0,0,0,0,0,0,0,0.00282942121052258,0,0,0,0,0,0,0,0.0226353696841807,0.00282942121052258,0,0,0,0,0,0,0,0,0,0,0,0,0,0,0,0,0,0,0,0,0,0,0,0.227757089762226,0,0,0.427793208156478,0,0,0,0,0,0,0,0,0,0,0,0,0,0,0,0,0,0,0,0,0,0,0,0,0,0,0,0,0,0,1.45056786026224,0,0,0,0,0,0,0,0,0,0,0,0,0,0,0,0,0,0,0,0.673939467801995,0,0,0,0,0,0,0,0,0,0,0,0,0,0,0,0,0,0,0,0,0,0,0,0,0,0,0,0,0,0,0,0,0,0,0,0,0,0,0,7.4270673057685,0,0,0,0.235786269051952,0,0,0,0,0.121208102764737,3.99623004874885,0,0,0,0,0,0,0,0,0,0,0,0,0,0,0,0,0,0,0.454440800309624,0,0,0,0,0,0,0,0,0,0,0,0,0,0,0,0,0,0,0,0,0,0,0,0,0,0.140994330926856,0.303676119682968,0,0,0.383435893539124,0,0,0,0,0,0,0,0,0,0,0,0,0,0,0,0,0,0,0,0,0,0,0,0,0,0,0,0,0,0,0,0,0.0150987194066038,0,0,0,0,0,0,0,0,0,0,0,0,0,0,0,0,0,0,0,0,0,0,0,0,0,0,0,0,0.0562331761925709,0,0,0,0,0,0,0,0,0,0,0,0,0,0,0,0,0,0,0,0,0,0,0,0,0,0,0,0,0,0,0,0,0,0,0,0,0,0,0,0,0,0,0,0.714207845320489,0,0,0,0,0,0,0,0,0,0,0,0,0,0,0,0,0,0,0,0.864271271031891,0,0,0,0,0,0,0,0,0,0,0,0,0,0,0,0,0,0,0,0,0,0,0,0,0,0,0,0,0,0,0,0,0,0,0,0,0,0,0,0,0,0,0,0,0,0,0,0,0,0,0,0,0,0,0,0,0.0174192156537166,0,0,0,0,0.0211046693237877,0,0,0,0,0,0,0,0,0,0,0,0,14.1455918447016,0,1.41987443218569,0,1.14098437978921,0,2.9467686258078,0,0,0,0,0,0,0,0,0,0,0,0.699680599151962,0,0,0,0,0,0,0,3.64674503758337,37.0547622939332,0,8.30898174595382,0,0,0,0,27.2403160933107,0,0,0,0,0,0,0,0,0,0,0,0,0,0,17.8725888828032,0,0,0,0,0,0,0,0,0,0,0,0,0,0,0,0,0,0,0,0,0,0,0,0,0,0,0,0,0,0,0,0,0,0,0,0,0,0,0,0,0,0,0,0,0,0,4.43627894195895,0,0,0,0,0,0,0,0,0,0,0,0,0.00668154817603593,0,0,0,0,0,0,0,0,0,0,0,0,0,0,0,0,0,0,0,0,0,0,0,0,0,0,1.08346658589784,0,0,0,0,0,0,0,0,0,0,0,0,0.0499889443407618,1.62743336511826,0,0,0,0.00125174108652593,0,0,0,0,0,0,0,0,0,0,10.1647296518569,0,0,0,0,0.455432692193589,0,0,0,0,0,0,0,0,0,0,0,0,0,1.34072124060613,0,0,0,0,0,0,0,0,0,0,0,0,0,0,0,0,0,0,0.964691944576795,0,0,0,0,0,0,0,0,0,0,0,0,0,0,0,0,0,0,0,0,0,0,0,0,0,0,0,0,0,0,0,0,0,0,0,0,0,0,0,0,0,0,0,0,0,0,0,0,0,0,0,0,0,0,0,0,0,3.9637453926724,0,0,0,0,0,0,0,1.09362012703086,0.0589716757960506,0,44.76010078,54.68400093,68.15720113,52.60840093,47.28330081,39.7812007,48.3840008,48.07490081,41.96640075,53.1618009,48.98870083,"HOW-00532"
"574",7961,"nSPC",2015,"PRIAs","Pacific Remote Island Areas","Howland","Howland",2015,"ForereefMid","Howland","2015-02-07","Forereef","Mid",0.79010007,-176.61620834,13.05,35,0,0,25,28.5,11.5,0,0,NA,0.8025,0.372675681881282,1.55,2,1,13.3150852575205,55.136197006732,13.1377155583527,22.88749866884,104.476496491445,3.92656466285473,0,0,0,0,0,0,0,0,0,0,0,0,0,0,0,0,0.0424413181578388,0,0,0,0,0,0,0,0,0,0,0,0,0,0.0254647908947033,0,0,0,0,0,0,0,0,0,0,0.00282942121052258,0,0,0,0,0,0.00282942121052258,0,0,0,0,0,0,0,0,0.00565884242104517,0,0,0,0,0,0,0,0,0.00282942121052258,0,0,0,0.00565884242104517,0,0,0,0,0,0,0.0226353696841807,0,0,0,0,0,0,0,0,0.00282942121052258,0,0,0,0,0,0,0,0,0,0,0,0,0,0,0.00282942121052258,0,0,0,0,0,0,0,0,0,0,0,0,0,0,0,0.00565884242104517,0,0,0,0.0509295817894065,0,0,0,0,0.067906109052542,0.00848826363156775,0,0,0,0,0,0,0,0,0,0.0282942121052258,0,0,0,0,0,0,0,0,0,0,0,0,0,0,0,0,0,0,0,0,0,0,0,0,0,0,0,0,0,0,0,0,0,0,0,0.198059484736581,0,0,0,0,0,0,0,0.0113176848420903,0,0,0,0,0,0,0,0,0,0,0,0,0,0,0,0,0,0,0,0,0,0,7.07355302630646,0,0,0,0,0,0,0,0,0,0,0,0,0,0.0282942121052258,0,0,0,0,0,0,0,0,0,0,0,0.00848826363156775,0,0,0,0,0,0,0,0,0,0,0.0282942121052258,0,0,0,0,0,0,0,0.00282942121052258,0,0,0,0,0,0,0,0,0,0,0,0,0,0,0,0,0,0,0,0,0,0,0,0,0,0,0,0,0.00282942121052258,0,0,0,0,0,0.00282942121052258,0,0,0,0,0,0,0,0,0,0,0,0,0,0,0,0.0254647908947033,0,0,0,0,0,0,0.00282942121052258,0,0,0,0,0,0,0,0,0,0,0,0,0.00565884242104517,0,0,0,0,0,0.0169765272631355,0,0,0,0,0,0,0,0,0.00282942121052258,0,0,0,0,0,0,0,0,0,0,0,0,0,0,0,0,0,0,0,0,0,0,0,0.0141471060526129,0.0113176848420903,0,0,0,0.0141471060526129,0,0,0,0,0,0,0,0,1.41471060526129,0,0,0,0.00565884242104517,0,0.00848826363156775,0,0.00282942121052258,0,0,0,0,0,0,0,0,0,0,0,0,0,0.0141471060526129,0.00282942121052258,0,0,0,0,0,0,0.0282942121052258,0.0565884242104517,0,0,0,0,0,0,0,0,0,0,0,0,0,0.00565884242104517,0,0,0,0,0,0,0,0,0,0,0,0,0,0,0,0,0,0,0,0,0,0,0,0,0,0,0,0,0,0,0,0.0396118969473162,0,0,0,0,0,0,0.00282942121052258,0,0.0141471060526129,0,0,0,0,0,0,0,0,0,0,0,0,0,0,0,0,0,0,0,0,0.0735649514735872,0,0,0,0,0.0169765272631355,0,0,0,0,0,0,0,0,0,0,0,0,0,0,0,0.00282942121052258,0,0,0,0,0,0,0,0,0,0,0,33.953054526271,0,0,0,0,0,0,0,0,0,0,0,0,0.0282942121052258,14.4300481736652,0,0,0,0,0,0,0,0,0,0,0,0,0,0,0,0,0,0,0,0,0,0,0,0,0,0,0,0,0,0,0,0,0,0.0169765272631355,0,0,0,0,0,0,0,0,0.00565884242104517,0,0,0,0,0,0,0,0,0,0.00282942121052258,0,0,0,0,0,0,0,0,0.135812218105084,0,0,0,0,0,0,0,0,0,0,0,0,0,0.118835690841949,0,0,0,0,0,0,0,0,0,0,0,0,0,0,0,0,0,0,0,0.0141471060526129,0,0,0,0,0,0,0,0.00848826363156775,0,0,0,0,0,0,0,0,0,0,0,0,0.00848826363156775,0,0,0.00565884242104517,0,0,0,0,0,0,0,0,0,0,0,0,0,0,0,0,0,2.04107943151396,0,0,0,0,0,0,0,0,0,0,0,0,0,3.58544255797422,0,0,0,0,0,0,0,0,0,0,0.100267614147894,0,0,0,0,0,0.0660447688990177,0,0,0,0,0,0,0,0,0.780542526372628,0,0,0,0,0,0,0,0,0.204882759234707,0,0,0,1.90663507425457,0,0,0,0,0,0,2.33409199281075,0,0,0,0,0,0,0,0,0.155725906230731,0,0,0,0,0,0,0,0,0,0,0,0,0,0,0.427074550338689,0,0,0,0,0,0,0,0,0,0,0,0,0,0,0,0.708386216279589,0,0,0,0.157724057466475,0,0,0,0,0.148185002577661,1.34565616082476,0,0,0,0,0,0,0,0,0,2.6643477451029,0,0,0,0,0,0,0,0,0,0,0,0,0,0,0,0,0,0,0,0,0,0,0,0,0,0,0,0,0,0,0,0,0,0,0,0.164977891943151,0,0,0,0,0,0,0,1.09894036630344,0,0,0,0,0,0,0,0,0,0,0,0,0,0,0,0,0,0,0,0,0,0,4.21569613261812,0,0,0,0,0,0,0,0,0,0,0,0,0,0.058621881694282,0,0,0,0,0,0,0,0,0,0,0,0.125754954876426,0,0,0,0,0,0,0,0,0,0,4.28211564232648,0,0,0,0,0,0,0,0.0664271098817323,0,0,0,0,0,0,0,0,0,0,0,0,0,0,0,0,0,0,0,0,0,0,0,0,0,0,0,0,0.368956299498448,0,0,0,0,0,0.81088415318081,0,0,0,0,0,0,0,0,0,0,0,0,0,0,0,0.742488547393713,0,0,0,0,0,0,1.05657708918289,0,0,0,0,0,0,0,0,0,0,0,0,0.203352562175087,0,0,0,0,0,0.449393009677607,0,0,0,0,0,0,0,0,0.38706482159949,0,0,0,0,0,0,0,0,0,0,0,0,0,0,0,0,0,0,0,0,0,0,0,0.0240776012451825,0.0207146403031778,0,0,0,0.0207702890091958,0,0,0,0,0,0,0,0,2.31318623710971,0,0,0,4.38804861754963,0,2.38726745303909,0,0.970468908277384,0,0,0,0,0,0,0,0,0,0,0,0,0,1.58838304128129,1.33019287730988,0,0,0,0,0,0,2.57638869312569,5.04310669572406,0,0,0,0,0,0,0,0,0,0,0,0,0,9.00104032179511,0,0,0,0,0,0,0,0,0,0,0,0,0,0,0,0,0,0,0,0,0,0,0,0,0,0,0,0,0,0,0,0.310470384554119,0,0,0,0,0,0,0.221217541251428,0,1.9366050020509,0,0,0,0,0,0,0,0,0,0,0,0,0,0,0,0,0,0,0,0,0.199877548071423,0,0,0,0,0.116688705547549,0,0,0,0,0,0,0,0,0,0,0,0,0,0,0,0.831523886570187,0,0,0,0,0,0,0,0,0,0,0,19.4551851261896,0,0,0,0,0,0,0,0,0,0,0,0,0.146566227158974,12.2991136182848,0,0,0,0,0,0,0,0,0,0,0,0,0,0,0,0,0,0,0,0,0,0,0,0,0,0,0,0,0,0,0,0,0,2.31676630376739,0,0,0,0,0,0,0,0,3.49984881768178,0,0,0,0,0,0,0,0,0,0.426715845172951,0,0,0,0,0,0,0,0,0.785049447498345,0,0,0,0,0,0,0,0,0,0,0,0,0,0.778637568947347,0,0,0,0,0,0,0,0,0,0,0,0,0,0,0,0,0,0,0,0.00107518005999858,0,0,0,0,0,0,0,0.144022632573778,0,0,0,0,0,0,0,0,0,0,0,0,0.471124302530156,0,0,0.215026151384773,0,113.048602,125.1351022,125.8933021,123.4968021,130.3885023,141.2542025,122.198902,119.6876021,141.0082024,139.9757024,133.1059023,"HOW-00493"
"575",7962,"nSPC",2015,"PRIAs","Pacific Remote Island Areas","Howland","Howland",2015,"ForereefShallow","Howland","2015-02-07","Forereef","Shallow",0.79649303,-176.61105112,4.75,30,0,0.5,37,32.5,0,0,0,NA,0.54875,0.337475154483327,1.2,2,1,5.7620323679792,20.666467948936,11.7913846188931,7.89575453713077,46.1156394729391,0,0,0,0,0,0.067906109052542,0,0,0,0,0,0,0,0,0,0.00282942121052258,0,0.0962003211577679,0,0,0,0,0,0,0,0,0,0,0,0,0,0,0,0,0,0,0,0,0,0,0,0,0.00282942121052258,0,0,0,0,0,0,0,0,0,0,0,0,0,0,0.00565884242104517,0,0,0,0,0,0,0,0,0.00565884242104517,0,0,0,0,0,0,0,0,0,0,0.0169765272631355,0,0,0,0,0,0,0,0,0,0,0,0,0,0,0,0,0,0,0,0,0,0,0,0,0,0,0,0,0,0,0,0,0,0,0,0,0,0,0,0.00282942121052258,0,0,0,0.00848826363156775,0,0,0,0,0.0282942121052258,0,0,0,0,0,0,0,0,0,0,0.00848826363156775,0,0,0,0,0,0,0,0,0,0,0,0,0,0,0,0,0,0,0,0,0,0,0,0,0,0,0,0,0,0,0,0,0,0,0,0.0707355302630646,0,0,0,0,0,0,0,0,0,0,0,0,0,0,0,0,0.0113176848420903,0,0,0,0,0,0,0,0,0,0,0,0,0,0.877120575262001,0,0,0,0,0,0,0,0,0,0,0,0,0,0,0.00282942121052258,0,0,0,0,0,0,0,0,0,0,0,0,0,0,0,0,0,0,0,0,0,0.0226353696841807,0,0,0,0,0,0,0,0,0,0,0,0,0,0,0,0,0,0,0,0.00282942121052258,0,0,0,0,0,0,0,0,0,0,0,0,0,0,0,0,0.00282942121052258,0,0,0,0,0,0.00282942121052258,0,0,0,0,0,0.00282942121052258,0,0,0,0,0,0,0,0,0,0.0254647908947033,0,0,0,0,0,0,0,0,0,0,0,0,0,0,0,0,0,0,0,0.00282942121052258,0,0,0,0,0,0.0113176848420903,0,0,0,0,0,0,0,0,0.00848826363156775,0,0,0,0,0,0,0,0,0,0,0,0,0,0,0,0,0,0,0,0,0,0,0,0,0.00565884242104517,0,0,0,0.0169765272631355,0,0,0,0,0,0,0,0,0,0,0,0,0.00282942121052258,0,0.00282942121052258,0,0,0,0,0,0,0,0,0,0,0,0,0,0,0.00282942121052258,0.0254647908947033,0,0,0,0,0,0,0,0,0.0594178454209743,0,0,0,0,0,0,0,0,0,0,0,0,0,0,0,0,0,0,0,0,0,0,0,0,0,0,0,0,0,0,0,0,0,0,0,0,0,0,0,0,0,0,0,0,0,0,0,0,0,0,0,0,0.00565884242104517,0,0.00282942121052258,0,0,0,0,0,0,0,0,0,0,0,0,0,0,0,0,0,0,0,0,0.181082957473445,0,0,0,0,0,0,0,0,0,0,0,0,0,0,0,0,0,0,0,0,0,0,0,0,0,0,0,0,0,0,0,0,0,0,0,0,0,0,0,0,0,0,0,0,0,0,7.49796620788485,0,0,0,0,0,0,0,0,0,0,0,0,0,0,0,0,0,0,0,0,0,0,0,0,0,0,0,0,0,0,0,0,0,0.00282942121052258,0,0,0,0,0,0,0,0,0,0,0,0,0,0,0,0,0,0,0,0,0,0,0,0,0,0,0,0,0,0,0,0,0,0,0,0,0,0,0,0,0,0.0452707393683613,0,0,0.067906109052542,0,0,0,0,0,0,0,0,0,0,0,0,0,0,0,0,0,0,0,0,0,0,0,0,0.0226353696841807,0,0,0,0,0,0,0,0,0,0,0,0,0.00565884242104517,0,0,0.00848826363156775,0,0,0,0,0,2.09564755855566,0,0,0,0,0,0,0,0,0,0.396443357995113,0,3.6508621745638,0,0,0,0,0,0,0,0,0,0,0,0,0,0,0,0,0,0,0,0,0,0,0,0,0.0652705031949402,0,0,0,0,0,0,0,0,0,0,0,0,0,0,0.927304604562435,0,0,0,0,0,0,0,0,0.501425582255102,0,0,0,0,0,0,0,0,0,0,1.01876928304604,0,0,0,0,0,0,0,0,0,0,0,0,0,0,0,0,0,0,0,0,0,0,0,0,0,0,0,0,0,0,0,0,0,0,0,0,0,0,0,0.489340134096332,0,0,0,0.0401960088433489,0,0,0,0,0.0430620002021125,0,0,0,0,0,0,0,0,0,0,0.380804119359076,0,0,0,0,0,0,0,0,0,0,0,0,0,0,0,0,0,0,0,0,0,0,0,0,0,0,0,0,0,0,0,0,0,0,0,0.214763255795022,0,0,0,0,0,0,0,0,0,0,0,0,0,0,0,0,0.734875450687201,0,0,0,0,0,0,0,0,0,0,0,0,0,1.26580382579391,0,0,0,0,0,0,0,0,0,0,0,0,0,0,0.353125348295029,0,0,0,0,0,0,0,0,0,0,0,0,0,0,0,0,0,0,0,0,0,3.35049142968613,0,0,0,0,0,0,0,0,0,0,0,0,0,0,0,0,0,0,0,0.00854700238437323,0,0,0,0,0,0,0,0,0,0,0,0,0,0,0,0,0.720617772457906,0,0,0,0,0,0.641102028457507,0,0,0,0,0,0.0611154981472878,0,0,0,0,0,0,0,0,0,0.504364186786957,0,0,0,0,0,0,0,0,0,0,0,0,0,0,0,0,0,0,0,0.109390817412507,0,0,0,0,0,0.214347896761317,0,0,0,0,0,0,0,0,0.748534981870713,0,0,0,0,0,0,0,0,0,0,0,0,0,0,0,0,0,0,0,0,0,0,0,0,0.0108152281644914,0,0,0,0.0172472852515949,0,0,0,0,0,0,0,0,0,0,0,0,2.06155161963277,0,1.10750287977166,0,0,0,0,0,0,0,0,0,0,0,0,0,0,0.194296347802044,3.13999375362844,0,0,0,0,0,0,0,0,6.40941960853884,0,0,0,0,0,0,0,0,0,0,0,0,0,0,0,0,0,0,0,0,0,0,0,0,0,0,0,0,0,0,0,0,0,0,0,0,0,0,0,0,0,0,0,0,0,0,0,0,0,0,0,0,0.54131208941318,0,0.573570516766373,0,0,0,0,0,0,0,0,0,0,0,0,0,0,0,0,0,0,0,0,0.954930927522673,0,0,0,0,0,0,0,0,0,0,0,0,0,0,0,0,0,0,0,0,0,0,0,0,0,0,0,0,0,0,0,0,0,0,0,0,0,0,0,0,0,0,0,0,0,0,10.4779903500662,0,0,0,0,0,0,0,0,0,0,0,0,0,0,0,0,0,0,0,0,0,0,0,0,0,0,0,0,0,0,0,0,0,0.223453540101021,0,0,0,0,0,0,0,0,0,0,0,0,0,0,0,0,0,0,0,0,0,0,0,0,0,0,0,0,0,0,0,0,0,0,0,0,0,0,0,0,0,0.468587582207593,0,0,0.524833284378447,0,0,0,0,0,0,0,0,0,0,0,0,0,0,0,0,0,0,0,0,0,0,0,0,0.285685527857981,0,0,0,0,0,0,0,0,0,0,0,0,0.411329083237877,0,0,0.176915027388152,0,104.0488018,108.8195019,93.61130164,106.9462018,117.1863021,127.0401022,117.284402,109.3858019,133.4005023,116.603602,121.2683021,"HOW-00500"
"576",7965,"nSPC",2015,"PRIAs","Pacific Remote Island Areas","Howland","Howland",2015,"ForereefDeep","Howland","2015-02-07","Forereef","Deep",0.81085492,-176.61106587,25.9,10,0,0.5,35,49.5,5,0,0,NA,0.3625,0.246159314865789,0.85,2,1,42.8292378226907,28.1466004745787,22.5071356560096,11.9084379344718,105.391411887751,6.70671557258509,0,0,0,0,0,0,0,0,0,0,0,0,0,0,0,0,0.0367824757367936,0,0,0,0,0,0,0,0,0,0,0.00282942121052258,0,0.00565884242104517,0,0,0,0,0,0,0,0,0,0,0,0,0,0,0,0,0,0,0,0,0,0,0,0,0,0,0.00565884242104517,0,0,0,0,0,0,0,0,0.00282942121052258,0,0,0,0,0,0,0,0,0,0,0.0226353696841807,0,0,0,0,0,0,0,0,0,0,0,0,0,0,0,0,0,0,0,0,0,0,0,0,0,0,0,0,0,0,0,0,0,0,0,0,0,0,0,0.00282942121052258,0,0,0,0.0141471060526129,0,0,0,0,0.0905414787367227,0.0424413181578388,0,0,0,0,0,0,0,0,0,0.0537590029999291,0,0,0,0,0,0,0,0,0,0,0,0,0,0,0,0,0,0,0,0,0,0,0,0,0,0,0,0,0,0,0,0,0,0,0,0.198059484736581,0,0,0.00565884242104517,0,0,0,0,0,0,0,0,0,0,0,0,0,0,0,0,0,0,0,0,0,0,0,0,0,0,0,0,0,0,0,0,0.00565884242104517,0,0,0,0,0,0,0,0,0.00282942121052258,0,0,0,0,0,0,0,0,0,0,0,0.00282942121052258,0,0,0,0,0,0,0.00282942121052258,0.0254647908947033,0,0.00282942121052258,0.0650766878420194,0,0,0,0,0,0,0,0,0,0,0,0,0,0,0,0,0,0,0,0,0,0,0,0,0,0,0,0,0,0,0,0,0,0,0,0,0.00565884242104517,0,0,0.00565884242104517,0,0,0,0,0,0,0,0,0,0,0,0,0,0,0,0,0,0,0.0282942121052258,0,0,0,0,0,0,0.00282942121052258,0,0.00282942121052258,0,0,0,0,0,0,0,0,0,0,0.00565884242104517,0,0,0.00282942121052258,0,0,0.00848826363156775,0,0,0,0,0,0,0,0,0,0,0,0,0,0,0,0,0,0,0,0,0,0,0,0,0,0,0,0,0,0,0,0,0,0,0,0,0,0.00282942121052258,0,0.00282942121052258,0,0,0,0,0,0,0,0,0,0,0.00848826363156775,0,0,0,0,0,16.9765272631355,0,0,0,0,0,0,0,0,0,0,0,0.0113176848420903,0,0,0,0,0,0,0,0,0,0,0,0,0,0,0,0,0,0,0,0,0,0,0,0.00282942121052258,0,0,0,0,0,0,0,0,0,0,0,0,0,0,0,0,0,0,0.0254647908947033,0,0,0,0,0,0,0,0,0,0,0,0,0,0,0,0,0,0.0396118969473162,0.00282942121052258,0,0.00282942121052258,0,0.00565884242104517,0,0,0,0,0,0,0,0,0,0,0,0,0,0,0,0,0,0,0.0254647908947033,0,0,0,0,0.00848826363156775,0,0,0,0,0,0,0,0,0,0,0,0,0,0,0,0.00282942121052258,0,0,0,0,0,0,0,0,0,0,0,14.1471060526129,0,0,0,0,0,0,0,0,0,0,0,0.00282942121052258,0.0141471060526129,0.848826363156775,0,2.82942121052258,0,0,0,0,0,0,0,0,0,0,0,0,0,0,0,0,0,0,0,0,0,0,0.0113176848420903,0,0,0,0,0,0,0,0,0.0169765272631355,0,0,0,0,0,0,0,0,0,0,0,0,0,0,0,0,0,0,0.00282942121052258,0,0,0,0,0.00565884242104517,0,0,0,0,0,0,0,0,0,0,0,0,0,0,0,0,0.0113176848420903,0.0226353696841807,0,0,0,0,0,0,0,0,0.00282942121052258,0,0,0,0,0,0,0,0,0,0,0,0,0,0,0,0,0,0,0,0,0,0,0,0,0,0,0,0,0,0.00282942121052258,0,0.00565884242104517,0,0,0,0,0,0,0,0,0,0,0,0,0,0,0,0,0,0,0,0,1.73958088133218,0,0,0,0,0,0,0,0,0,0,1.04044960778661,0,1.87471665767232,0,0,0,0,0,0,0,0,0,0,0,0,0,0,0,0,0,0,0,0,0,0,0,0,0,0,1.71981982678739,0,0,0,0,0,0,0,0,0.0752454629135916,0,0,0,0,0,0,0,0,0,0,2.38261333780426,0,0,0,0,0,0,0,0,0,0,0,0,0,0,0,0,0,0,0,0,0,0,0,0,0,0,0,0,0,0,0,0,0,0,0,0,0,0,0,1.61140260315431,0,0,0,0.0814541076518311,0,0,0,0,0.224423264130062,9.05724657104985,0,0,0,0,0,0,0,0,0,4.63578102538904,0,0,0,0,0,0,0,0,0,0,0,0,0,0,0,0,0,0,0,0,0,0,0,0,0,0,0,0,0,0,0,0,0,0,0,0.343022616920737,0,0,0.163500585259839,0,0,0,0,0,0,0,0,0,0,0,0,0,0,0,0,0,0,0,0,0,0,0,0,0,0,0,0,0,0,0,0,0.0393325429802089,0,0,0,0,0,0,0,0,0.0058621881694282,0,0,0,0,0,0,0,0,0,0,0,0.0775144428683062,0,0,0,0,0,0,0.0467620552305929,1.5539431685045,0,0.276993760608636,7.14674641515492,0,0,0,0,0,0,0,0,0,0,0,0,0,0,0,0,0,0,0,0,0,0,0,0,0,0,0,0,0,0,0,0,0,0,0,0,2.257643596631,0,0,2.90300153355512,0,0,0,0,0,0,0,0,0,0,0,0,0,0,0,0,0,0,0.726778416645217,0,0,0,0,0,0,1.75803062144486,0,10.4475575097776,0,0,0,0,0,0,0,0,0,0,0.203352562175087,0,0,0.0209950090933975,0,0,0.0368786760579514,0,0,0,0,0,0,0,0,0,0,0,0,0,0,0,0,0,0,0,0,0,0,0,0,0,0,0,0,0,0,0,0,0,0,0,0,0,0.0027012170491327,0,0.0197439566561311,0,0,0,0,0,0,0,0,0,0,5.49571020447842,0,0,0,0,0,7.40762278863286,0,0,0,0,0,0,0,0,0,0,0,2.32971519758679,0,0,0,0,0,0,0,0,0,0,0,0,0,0,0,0,0,0,0,0,0,0,0,1.09998881411292,0,0,0,0,0,0,0,0,0,0,0,0,0,0,0,0,0,0,4.03637307513762,0,0,0,0,0,0,0,0,0,0,0,0,0,0,0,0,0,0.984411415046021,0.0839162577047264,0,0.500467612637146,0,1.26874063457984,0,0,0,0,0,0,0,0,0,0,0,0,0,0,0,0,0,0,0.314187938816748,0,0,0,0,0.0509253865116122,0,0,0,0,0,0,0,0,0,0,0,0,0,0,0,0.72321024732593,0,0,0,0,0,0,0,0,0,0,0,14.5371205458244,0,0,0,0,0,0,0,0,0,0,0,0.326238805641032,0.119315114785373,0.404274933370456,0,0.732622034040613,0,0,0,0,0,0,0,0,0,0,0,0,0,0,0,0,0,0,0,0,0,0,1.13687920650171,0,0,0,0,0,0,0,0,3.17800590365897,0,0,0,0,0,0,0,0,0,0,0,0,0,0,0,0,0,0,1.0847919556623,0,0,0,0,5.62192361692279,0,0,0,0,0,0,0,0,0,0,0,0,0,0,0,0,0.114906190664775,0.145456620660736,0,0,0,0,0,0,0,0,0.105607580798513,0,0,0,0,0,0,0,0,0,0,0,0,0,0,0,0,0,0,0,0,0,0,0,0,0,0,0,0,0,0.646231937671843,0,0.469673648522578,0,0,0,0,118.785902,129.5499023,128.4332022,131.9868023,117.4751021,138.2031024,125.4964021,127.3017022,139.9014023,130.0741022,132.8130023,"HOW-00473"
"577",7966,"nSPC",2015,"PRIAs","Pacific Remote Island Areas","Howland","Howland",2015,"ForereefDeep","Howland","2015-02-07","Forereef","Deep",0.82363472,-176.62618758,20.8,21.5,0,1,22.5,49,6,0,0,NA,0.25875,0.201111349491433,0.75,2,1,35.1626355919666,54.1564637905447,22.9496400284941,15.0113084492783,127.280047860284,10.4215321440296,0,0,0,0,0,0,0,0,0,0,0,0,0,0,0,0,0.0141471060526129,0,0,0,0,0,0.0169765272631355,0,0,0.0282942121052258,0,0,0,0.00282942121052258,0,0,0,0,0,0,0,0,0,0,0,0,0,0,0,0,0,0,0,0,0,0,0,0,0,0,0.00565884242104517,0,0,0,0,0,0,0,0,0,0,0,0,0,0,0,0,0,0,0,0.0113176848420903,0,0,0,0,0,0,0,0,0,0,0,0,0,0,0,0,0,0,0,0,0,0,0,0.00282942121052258,0,0,0,0,0,0,0,0,0,0,0,0,0,0,0,0.00565884242104517,0,0,0,0.0367824757367936,0,0,0,0,0.0763943726841098,0.0169765272631355,0,0,0,0,0,0,0,0,0,0.00848826363156775,0,0,0,0,0,0,0,0,0,0,0,0,0,0,0,0,0,0,0,0,0,0,0,0,0,0,0,0,0,0,0,0,0,0,0.00565884242104517,0,0,0,0.00282942121052258,0,0,0,0,0.0141471060526129,0,0,0,0,0,0,0.00282942121052258,0,0,0,0,0,0,0,0,0,0,0,0,0,0,0,0,0,0,0,0,0.0282942121052258,0.00282942121052258,0,0,0.00565884242104517,0,0,0,0,0,0,0,0,0,0,0,0,0,0,0,0,0,0,0,0,0,0,0,0.00565884242104517,0,0,0.00565884242104517,0.0481001605788839,0,0.0226353696841807,0,0,0,0,0,0.00848826363156775,0,0,0,0,0,0,0,0,0,0,0,0,0,0,0,0,0,0,0,0,0,0,0,0,0,0,0.00565884242104517,0,0,0,0,0.00282942121052258,0,0,0,0,0,0,0,0,0.00282942121052258,0,0,0,0,0,0,0,0,0,0.00282942121052258,0,0,0,0,0,0,0,0,0,0,0,0,0,0,0,0,0,0,0,0.00282942121052258,0,0,0,0,0,0,0,0,0,0,0,0,0,0,0.00565884242104517,0,0,0,0,0,0,0,0,0,0,0,0,0,0,0,0,0,0,0,0,0,0,0,0,0.00282942121052258,0,0,0,0.00565884242104517,0,0,0,0,0,0,0,0,12.7323954473516,0,0,0,0.00848826363156775,0,0.00282942121052258,0,0,0,0.565884242104517,0,0,0,0,0,0,0.00282942121052258,0,0,0,0,0.00848826363156775,0,0,0,0,0,0,0,0,0,0,0,0,0,0,0,0,0,0,0,0,0,0,0.0113176848420903,0.00565884242104517,0,0,0,0,0,0,0,0,0,0,0,0,0,0,0,0,0,0,0.00848826363156775,0,0,0,0,0,0,0,0,0,0,0,0,0,0,0,0,0,0.00282942121052258,0.00848826363156775,0,0,0,0.00282942121052258,0,0,0,0,0,0,0,0,0,0,0,0,0,0,0,0,0,0,0.101859163578813,0,0,0,0,0.00565884242104517,0,0,0,0,0,0,0,0,0,0,0,0,0,0,0,0.00282942121052258,0,0,0,0,0,0,0,0,0,0,0,4.52707393683613,0,0,0,0,0,0,0,0.00282942121052258,0,0,0,0,0,0,0,0,0,0,0,0,0,0,0,0,0,0,0,0,0,0,0,0,0,0,0,0,0,0,0.0169765272631355,0,0,0,0,0,0,0,0,0.0113176848420903,0,0,0,0,0,0,0,0,0.00282942121052258,0,0,0,0,0,0,0,0,0,0.00282942121052258,0,0,0,0,0,0,0,0,0,0,0,0,0,0,0,0,0,0,0,0,0,0,0.0424413181578388,0,0,0,0,0,0,0,0,0.00282942121052258,0,0,0,0,0,0,0,0,0,0,0.121665112052471,0,0,0,0,0,0,0,0,0,0,0,0,0,0,0.00282942121052258,0,0,0.00282942121052258,0.00282942121052258,0,0.00282942121052258,0,0,0,0,0,0,0,0,0,0,0,0,0,0,0,0,0,0,0,0,1.91128712063745,0,0,0,0,0,0.00825059224988385,0,0,2.52468122846446,0,0,0,1.38328601901355,0,0,0,0,0,0,0,0,0,0,0,0,0,0,0,0,0,0,0,0,0,0,0,0,0,0,3.69626532794797,0,0,0,0,0,0,0,0,0,0,0,0,0,0,0,0,0,0,0,1.4678858060836,0,0,0,0,0,0,0,0,0,0,0,0,0,0,0,0,0,0,0,0,0,0,0,0.367235344118342,0,0,0,0,0,0,0,0,0,0,0,0,0,0,0,3.45520961795521,0,0,0,0.104072228132659,0,0,0,0,0.161103602638295,3.3541903601333,0,0,0,0,0,0,0,0,0,0.837777455597313,0,0,0,0,0,0,0,0,0,0,0,0,0,0,0,0,0,0,0,0,0,0,0,0,0,0,0,0,0,0,0,0,0,0,0.666401551833678,0,0,0,0.223531678154915,0,0,0,0,1.44666568406035,0,0,0,0,0,0,0.179111292414106,0,0,0,0,0,0,0,0,0,0,0,0,0,0,0,0,0,0,0,0,0.0561561052396474,0.00870617632899131,0,0,0.00487837707537788,0,0,0,0,0,0,0,0,0,0,0,0,0,0,0,0,0,0,0,0,0,0,0,0.126607502331087,0,0,0.466362799819253,6.53075164318253,0,0.95035076030727,0,0,0,0,0,0.335441019294504,0,0,0,0,0,0,0,0,0,0,0,0,0,0,0,0,0,0,0,0,0,0,0,0,0,0,1.56402377211376,0,0,0,0,1.11611418103149,0,0,0,0,0,0,0,0,0.0353677651315323,0,0,0,0,0,0,0,0,0,0.104031106789106,0,0,0,0,0,0,0,0,0,0,0,0,0,0,0,0,0,0,0,0.109390817412507,0,0,0,0,0,0,0,0,0,0,0,0,0,0,1.00070771314278,0,0,0,0,0,0,0,0,0,0,0,0,0,0,0,0,0,0,0,0,0,0,0,0,0.00145903986681848,0,0,0,0.0126666378617977,0,0,0,0,0,0,0,0,21.4359780330401,0,0,0,14.1865654552267,0,0.549905116033888,0,0,0,0.67835373522279,0,0,0,0,0,0,0.0198950752417895,0,0,0,0,0.971213667858853,0,0,0,0,0,0,0,0,0,0,0,0,0,0,0,0,0,0,0,0,0,0,19.1088752533321,1.01227143904749,0,0,0,0,0,0,0,0,0,0,0,0,0,0,0,0,0,0,1.01495186834291,0,0,0,0,0,0,0,0,0,0,0,0,0,0,0,0,0,0.221217541251428,0.875452216763862,0,0,0,0.403241318685689,0,0,0,0,0,0,0,0,0,0,0,0,0,0,0,0,0,0,1.43523432423761,0,0,0,0,0.0583864887090496,0,0,0,0,0,0,0,0,0,0,0,0,0,0,0,1.22018789703786,0,0,0,0,0,0,0,0,0,0,0,7.77122039071228,0,0,0,0,0,0,0,0.0241926831184523,0,0,0,0,0,0,0,0,0,0,0,0,0,0,0,0,0,0,0,0,0,0,0,0,0,0,0,0,0,0,2.42928933109347,0,0,0,0,0,0,0,0,2.87397667220892,0,0,0,0,0,0,0,0,7.01857580912521,0,0,0,0,0,0,0,0,0,3.40295633490444,0,0,0,0,0,0,0,0,0,0,0,0,0,0,0,0,0,0,0,0,0,0,0.285836528259704,0,0,0,0,0,0,0,0,0.0445531981493728,0,0,0,0,0,0,0,0,0,0,0.120850238743841,0,0,0,0,0,0,0,0,0,0,0,0,0,0,4.47253364493193,0,0,0.265936271214948,0.835313470608003,0,0.333113530817294,0,0,0,0,125.4992022,141.7608025,140.4012024,140.3252024,137.7426024,151.5325026,139.4620023,131.2807023,155.6215026,146.4633025,150.2924026,"HOW-00490"
"578",7967,"nSPC",2015,"PRIAs","Pacific Remote Island Areas","Howland","Howland",2015,"ForereefMid","Howland","2015-02-07","Forereef","Mid",0.82335787,-176.62349733,14.1,27.5,0,1,27.5,43.5,0.5,0,0,NA,0.4275,0.295109795326612,1.05,2,1,30.702366477266,25.831758255892,16.4831110218274,42.7099590928488,115.727194847834,3.25287158460772,0,0,0,0,0,0,0,0,0,0,0,0,0,0,0,0,0.101859163578813,0,0,0,0,0,0,0,0,0,0,0,0,0,0,0,0,0,0,0,0,0,0,0,0,0.00282942121052258,0,0,0,0,0,0.00282942121052258,0,0,0,0,0,0,0,0,0.00282942121052258,0,0,0,0,0,0,0,0,0.00282942121052258,0,0,0,0,0,0,0,0,0,0,0.0452707393683613,0.00282942121052258,0,0,0,0,0,0,0,0,0,0,0,0,0,0,0,0,0,0,0,0,0,0,0,0,0,0,0,0,0,0,0,0,0,0,0,0,0,0,0.00848826363156775,0,0,0,0.0198059484736581,0,0,0,0.00282942121052258,0.00282942121052258,0,0,0,0,0,0,0,0,0,0,0.0198059484736581,0,0,0,0,0,0,0,0,0,0,0,0,0,0,0,0,0,0,0,0,0,0,0,0,0,0,0,0,0,0,0,0,0,0,0,0.336701124052187,0,0,0.00282942121052258,0,0,0,0,0,0,0,0,0,0,0,0.00282942121052258,0,0,0,0,0,0,0,0,0,0,0,0,0,0,0,0.537590029999291,0,0,0,0,0.0254647908947033,0.0282942121052258,0,0,0,0,0,0,0,0,0,0,0,0,0,0,0,0,0,0.00565884242104517,0,0.00848826363156775,0,0,0,0,0,0,0,0.0254647908947033,0,0,0.0311236333157484,0,0,0,0,0,0,0,0,0,0,0,0,0,0,0,0,0,0,0,0,0,0,0,0,0,0,0,0,0,0,0,0,0,0,0,0,0,0,0,0,0,0,0,0,0,0,0,0,0,0,0,0,0,0,0,0,0,0,0.0282942121052258,0,0,0,0,0,0,0,0,0,0,0,0,0,0,0,0,0,0,0,0.00282942121052258,0,0,0,0,0,0.0141471060526129,0,0,0,0,0,0,0,0,0.00282942121052258,0,0,0,0,0,0,0,0,0,0,0,0,0,0,0,0,0,0,0,0,0,0,0,0,0.00565884242104517,0,0,0,0.00848826363156775,0,0,0,0,0,0,0,0,0,0,0,0,0.0198059484736581,0,0.0311236333157484,0,0.00848826363156775,0,0,0,0,0,0,0,0,0,0,0,0,0,0.00848826363156775,0,0,0,0,0,0,0,0,0.0848826363156775,0,0.0282942121052258,0.0396118969473162,0,0,0,0,0,0,0,0,0,0,0,0.00565884242104517,0,0,0,0,0,0,0,0,0,0,0,0,0,0,0,0,0,0,0,0,0,0,0,0,0,0,0,0,0,0,0.00565884242104517,0,0,0,0,0,0,0.00565884242104517,0,0.00565884242104517,0,0,0,0,0,0,0,0,0,0,0,0,0,0.00282942121052258,0,0,0,0,0,0,0.33953054526271,0,0,0,0,0.0226353696841807,0,0,0,0,0,0,0,0,0,0,0,0,0,0,0,0.00282942121052258,0,0,0,0,0,0,0,0,0,0,0,0,0,0,0,0,0,0,0,0,0.0113176848420903,0,0,0,0.00282942121052258,2.38237265926002,0,0,0,0.00565884242104517,0,0,0,0,0,0,0,0,0,0,0,0,0,0,0,0,0,0,0,0,0,0,0,0,0,0,0,0,0,0.0113176848420903,0,0,0,0,0,0,0,0,0.00282942121052258,0,0,0,0,0,0,0,0,0,0,0,0,0,0,0,0,0,0,0,0,0,0,0,0,0,0,0,0,0,0,0,0,0.067906109052542,0,0,0,0,0,0,0,0,0,0,0,0,0,0,0,0,0,0,0,0.424413181578388,0,0,0,0,0,0,0,0.0282942121052258,0,0,0,0,0,0,0,0,0,0,0,0,0.00848826363156775,0,0,0,0,0,0,0,0,0,0,0,0,0,0,0,0,0,0,0,0,6.18193579872413,0,0,0,0,0,0,0,0,0,0,0,0,0,0,0,0,0,0,0,0,0,0,0,0,0.0652705031949402,0,0,0,0,0,0.0660447688990177,0,0,0,0,0,0,0,0,0.652170271340614,0,0,0,0,0,0,0,0,0.10025908173497,0,0,0,0,0,0,0,0,0,0,5.53067267190289,2.89651278775848,0,0,0,0,0,0,0,0,0,0,0,0,0,0,0,0,0,0,0,0,0,0,0,0,0,0,0,0,0,0,0,0,0,0,0,0,0,0,1.31146712022219,0,0,0,0.115481826670522,0,0,0,0.0561127985049628,0.00192454559926801,0,0,0,0,0,0,0,0,0,0,0.922892348953446,0,0,0,0,0,0,0,0,0,0,0,0,0,0,0,0,0,0,0,0,0,0,0,0,0,0,0,0,0,0,0,0,0,0,0,0.375069207435358,0,0,0.140994330926856,0,0,0,0,0,0,0,0,0,0,0,0.0817502926299197,0,0,0,0,0,0,0,0,0,0,0,0,0,0,0,0.994977286365109,0,0,0,0,0.117215622804018,0.0576475049580474,0,0,0,0,0,0,0,0,0,0,0,0,0,0,0,0,0,4.66726557180225,0,0.191400875567503,0,0,0,0,0,0,0,0.760310576350507,0,0,3.36681350092918,0,0,0,0,0,0,0,0,0,0,0,0,0,0,0,0,0,0,0,0,0,0,0,0,0,0,0,0,0,0,0,0,0,0,0,0,0,0,0,0,0,0,0,0,0,0,0,0,0,0,0,0,0,0,0,0,0,0,0.478004593595325,0,0,0,0,0,0,0,0,0,0,0,0,0,0,0,0,0,0,0,0.0682112336509005,0,0,0,0,0,0.19696223519114,0,0,0,0,0,0,0,0,0.38706482159949,0,0,0,0,0,0,0,0,0,0,0,0,0,0,0,0,0,0,0,0,0,0,0,0,0.0143058943670161,0,0,0,0.00810365114739811,0,0,0,0,0,0,0,0,0,0,0,0,21.9317213013102,0,17.6669900555884,0,5.57641686389695,0,0,0,0,0,0,0,0,0,0,0,0,0,1.42391916796261,0,0,0,0,0,0,0,0,10.0309740338214,0,2.55118562775437,3.57458260400826,0,0,0,0,0,0,0,0,0,0,0,0.768442964878448,0,0,0,0,0,0,0,0,0,0,0,0,0,0,0,0,0,0,0,0,0,0,0,0,0,0,0,0,0,0,0.0652550080750258,0,0,0,0,0,0,0.251585773037664,0,1.51149349199389,0,0,0,0,0,0,0,0,0,0,0,0,0,0.184882587217056,0,0,0,0,0,0,2.13421311691795,0,0,0,0,0.140747008205741,0,0,0,0,0,0,0,0,0,0,0,0,0,0,0,0.535633202290094,0,0,0,0,0,0,0,0,0,0,0,0,0,0,0,0,0,0,0,0,0.239230184789022,0,0,0,0.0181534692942321,10.321423854518,0,0,0,0.00620709850463286,0,0,0,0,0,0,0,0,0,0,0,0,0,0,0,0,0,0,0,0,0,0,0,0,0,0,0,0,0,2.16475168804237,0,0,0,0,0,0,0,0,3.25287158460772,0,0,0,0,0,0,0,0,0,0,0,0,0,0,0,0,0,0,0,0,0,0,0,0,0,0,0,0,0,0,0,0,0.611411056104964,0,0,0,0,0,0,0,0,0,0,0,0,0,0,0,0,0,0,0,0.174985554764769,0,0,0,0,0,0,0,0.497511278552239,0,0,0,0,0,0,0,0,0,0,0,0,0.285764548872698,0,0,0,0,124.9948022,139.0226024,140.3308024,139.2945024,137.9966024,151.6288027,139.4149023,128.8274022,155.9102026,145.4187025,150.2172026,"HOW-00431"
"579",7968,"nSPC",2015,"PRIAs","Pacific Remote Island Areas","Howland","Howland",2015,"ForereefMid","Howland","2015-02-07","Forereef","Mid",0.80096335,-176.62102215,12,12.5,0,22.5,32.5,25,0,0,7.5,NA,0.43625,0.259085243441274,1,2,1,13.7703154540265,46.4327645616967,12.848192647894,7.45341241278758,80.5046850764048,4.38040764436442,0,0,0,0,0,0,0,0,0,0,0,0,0,0,0,0,0.00282942121052258,0,0,0,0,0,0.00565884242104517,0,0,0,0,0,0,0,0,0,0,0,0,0,0,0,0,0,0,0,0,0,0,0,0,0,0,0,0,0,0,0,0,0,0.00282942121052258,0,0,0,0,0,0,0,0.00282942121052258,0.00282942121052258,0,0,0,0,0,0,0,0,0,0,0.0113176848420903,0,0,0,0,0,0,0.00282942121052258,0,0,0,0,0,0,0,0,0,0,0,0,0,0,0,0,0.00282942121052258,0,0,0,0,0,0,0.00282942121052258,0,0,0,0,0,0,0,0,0,0,0,0,0.0311236333157484,0,0,0,0.00282942121052258,0.0565884242104517,0.0169765272631355,0,0,0,0,0,0,0,0,0,0.0254647908947033,0,0,0,0,0,0,0,0,0,0,0,0,0,0,0,0,0,0,0,0,0,0,0,0,0,0,0,0,0,0,0,0,0.00848826363156775,0,0.00282942121052258,0.183912378683968,0,0,0.00565884242104517,0,0,0,0,0,0,0,0,0,0,0,0,0,0,0,0,0,0,0,0,0,0,0,0,0,0,0,0,0,0,0,0,0.0481001605788839,0,0,0,0,0,0,0,0,0.00282942121052258,0,0,0,0,0,0,0,0.0141471060526129,0,0,0,0,0,0,0,0,0,0,0,0.0311236333157484,0,0.00282942121052258,0.0424413181578388,0,0,0,0,0,0,0,0,0,0,0,0,0,0,0,0,0,0,0,0,0,0,0,0,0,0,0,0,0.00282942121052258,0,0,0,0,0,0,0,0,0,0,0,0,0,0,0,0,0,0,0,0,0,0,0,0,0,0,0,0,0,0.00282942121052258,0,0.00282942121052258,0,0,0,0,0,0,0,0,0,0,0,0,0,0,0,0,0,0,0,0,0,0,0,0.00565884242104517,0,0,0,0,0,0,0,0,0,0,0,0,0,0,0,0,0,0,0,0,0,0,0,0,0,0,0,0,0,0,0,0,0.00848826363156775,0.00565884242104517,0,0,0,0.0113176848420903,0,0.00282942121052258,0,0,0,0,0,0,26.8795014999645,0,0,0,0.00565884242104517,0,0,0,0,0,14.4300481736652,0,0,0,0,0,0,0,0,0,0,0.00565884242104517,0.00848826363156775,0,0,0,0,0,0,0,0,0,0,0,0,0,0,0,0,0,0,0,0,0,0,0.00282942121052258,0.00282942121052258,0,0,0,0,0,0,0,0,0,0,0,0,0,0,0,0,0,0,0.00565884242104517,0,0,0,0,0,0,0,0,0,0,0,0.0113176848420903,0,0,0,0,0,0,0.00565884242104517,0,0.00282942121052258,0,0,0,0,0,0,0,0,0,0,0,0,0,0,0,0,0,0,0,0,0.00565884242104517,0,0,0,0,0.0226353696841807,0,0,0,0,0,0,0,0,0,0,0,0,0,0,0,0.00282942121052258,0,0,0,0,0,0,0,0,0,0,0,2.631361725786,0,0,0,0,0,0,0,0.00565884242104517,0,0,0,0,0.00565884242104517,0.877120575262001,0,0,0.00282942121052258,0.0141471060526129,0,0,0,0,0,0,0,0,0,0,0,0,0,0,0,0,0,0,0,0,0,0,0,0,0,0,0,0,0,0,0,0,0,0,0,0,0,0,0,0,0,0,0,0,0,0,0,0,0.0113176848420903,0,0,0,0,0,0,0,0,0,0,0,0,0,0,0,0,0,0,0,0,0,0,0.0594178454209743,0,0,0,0,0,0,0,0,0.00565884242104517,0,0,0,0,0,0,0,0,0,0,0.763943726841098,0,0,0,0,0,0.00565884242104517,0,0.00848826363156775,0,0,0,0,0,0,0,0,0,0,0,0,0.00282942121052258,0,0.00282942121052258,0.00282942121052258,0,0,0,0,0,0,0,0,0,0,0,0,0,0,0,0,0,0.31014775456429,0,0,0,0,0,0.00275019741662795,0,0,0,0,0,0,0,0,0,0,0,0,0,0,0,0,0,0,0,0,0,0,0,0,0,0,0,0,0,0,0,0,0,0.410696147549774,0,0,0,0,0,0,0,1.05939850491513,0.250712791127551,0,0,0,0,0,0,0,0,0,0,2.1116521771369,0,0,0,0,0,0,0.278776439657234,0,0,0,0,0,0,0,0,0,0,0,0,0,0,0,0,0.367235344118342,0,0,0,0,0,0,0.0099978827815474,0,0,0,0,0,0,0,0,0,0,0,0,0.187777860007495,0,0,0,0.00910620922394588,0.171563242731589,4.9320567028902,0,0,0,0,0,0,0,0,0,1.83685532394428,0,0,0,0,0,0,0,0,0,0,0,0,0,0,0,0,0,0,0,0,0,0,0,0,0,0,0,0,0,0,0,0,0.830633929753728,0,0.140994330926856,0.52486329339436,0,0,0.447063356309831,0,0,0,0,0,0,0,0,0,0,0,0,0,0,0,0,0,0,0,0,0,0,0,0,0,0,0,0,0,0,0,0,0.13058683570116,0,0,0,0,0,0,0,0,0.0100874715797333,0,0,0,0,0,0,0,0.00549477351443607,0,0,0,0,0,0,0,0,0,0,0,1.19575659193135,0,0.276993760608636,3.84199671701706,0,0,0,0,0,0,0,0,0,0,0,0,0,0,0,0,0,0,0,0,0,0,0,0,0,0,0,0,0.696915384503568,0,0,0,0,0,0,0,0,0,0,0,0,0,0,0,0,0,0,0,0,0,0,0,0,0,0,0,0,0,0.0132614543853153,0,1.0713917401805,0,0,0,0,0,0,0,0,0,0,0,0,0,0,0,0,0,0,0,0,0,0,0,0.056898528775125,0,0,0,0,0,0,0,0,0,0,0,0,0,0,0,0,0,0,0,0,0,0,0,0,0,0,0,0,0,0,0,0,0.089445193188144,0.0289404263066379,0,0,0,0.019262080996146,0,0.0015918695308428,0,0,0,0,0,0,27.5737226293359,0,0,0,3.53361461649433,0,0,0,0,0,9.32058032196113,0,0,0,0,0,0,0,0,0,0,2.26848714881745,1.6443881584494,0,0,0,0,0,0,0,0,0,0,0,0,0,0,0,0,0,0,0,0,0,0,3.11398698654956,0.431854425859827,0,0,0,0,0,0,0,0,0,0,0,0,0,0,0,0,0,0,0.404209699424651,0,0,0,0,0,0,0,0,0,0,0,0.106124237488208,0,0,0,0,0,0,0.220280824324715,0,1.2957164536957,0,0,0,0,0,0,0,0,0,0,0,0,0,0,0,0,0,0,0,0,0.0179460088574522,0,0,0,0,0.175075194256599,0,0,0,0,0,0,0,0,0,0,0,0,0,0,0,0.38366612084141,0,0,0,0,0,0,0,0,0,0,0,2.07711913725218,0,0,0,0,0,0,0,0.0300990998954182,0,0,0,0,0.0339461548519294,0.34192700174212,0,0,0.00503973912428748,0.0218641733295354,0,0,0,0,0,0,0,0,0,0,0,0,0,0,0,0,0,0,0,0,0,0,0,0,0,0,0,0,0,0,0,0,0,0,0,0,0,0,0,0,0,0,0,0,0,0,0,0,4.38040764436442,0,0,0,0,0,0,0,0,0,0,0,0,0,0,0,0,0,0,0,0,0,0,0.299458740686994,0,0,0,0,0,0,0,0,0.301971676345749,0,0,0,0,0,0,0,0,0,0,0.66728362473662,0,0,0,0,0,0.00350029496804096,0,0.0987943345235749,0,0,0,0,0,0,0,0,0,0,0,0,0.333113530817294,0,0.0406311049458294,0.0589716757960506,0,48.18750084,58.49710102,72.62700121,56.03180099,49.39360085,40.54270071,54.3816009,54.55570091,43.55590079,54.97130093,51.28310087,"HOW-00449"
"580",7969,"nSPC",2015,"PRIAs","Pacific Remote Island Areas","Howland","Howland",2015,"ForereefShallow","Howland","2015-02-07","Forereef","Shallow",0.79896729,-176.62040482,4.7,10,0,1,20,67.5,1.5,0,0,NA,0.57,0.378699955238812,1.45,2,1,10.5364045224647,4.23796290781302,22.612872400771,11.3612955362209,48.7485353672696,0.951487946606965,0,0,0,0,0,0.00282942121052258,0,0,0,0,0,0,0.00565884242104517,0,0,0,0.0763943726841098,0,0,0,0,0,0,0,0,0,0,0,0,0,0,0,0,0,0,0,0,0,0,0,0,0,0,0,0,0,0,0,0,0,0,0,0,0,0,0,0.00282942121052258,0,0,0,0,0,0,0,0,0.00282942121052258,0,0,0,0.00282942121052258,0,0,0,0,0,0,0.0198059484736581,0,0,0,0,0.067906109052542,0,0,0,0,0,0,0,0,0,0,0,0,0,0,0,0,0,0,0,0,0,0,0,0,0,0,0,0,0,0,0,0,0,0,0.00565884242104517,0,0,0,0.0169765272631355,0,0,0,0,0.0141471060526129,0.0169765272631355,0,0,0,0,0,0,0,0,0,0.0282942121052258,0,0,0,0,0,0,0,0,0,0,0.00565884242104517,0,0,0,0,0,0,0,0,0,0,0,0,0,0,0,0,0,0,0,0,0,0,0,0,0.0509295817894065,0,0,0,0,0,0,0,0,0,0,0,0,0,0,0,0,0,0,0,0,0,0,0,0,0,0,0,0,0,0,1.03273874184074,0,0,0,0,0,0,0,0,0,0,0,0,0,0.16410643021031,0,0,0,0,0,0,0,0,0,0,0,0,0,0,0,0.00282942121052258,0,0,0.00282942121052258,0.00848826363156775,0,0,0.0820532151051549,0,0,0,0,0,0,0,0,0,0,0,0,0,0,0,0,0,0,0,0,0,0,0,0,0,0,0,0,0.00565884242104517,0,0,0,0,0,0,0,0.00282942121052258,0,0,0,0,0,0,0,0,0,0,0,0,0,0,0,0,0,0,0,0,0,0,0,0,0,0,0,0,0,0,0,0,0,0,0,0,0,0,0,0,0,0.00282942121052258,0,0,0,0,0,0.00848826363156775,0,0,0,0,0,0,0,0,0,0,0,0,0,0,0,0,0,0,0,0,0,0,0,0,0,0,0,0,0,0,0,0,0,0.00282942121052258,0,0,0,0,0,0,0,0,0,0,0,0,0.033953054526271,0,0,0,0,0,0,0,0,0.00282942121052258,0,0,0,0,0,0,0,0.00282942121052258,0,0,0,0,0.0169765272631355,0,0,0,0,0,0,0,0,0,0,0,0,0,0,0,0,0,0,0,0,0,0,0,0,0,0,0,0,0,0,0,0,0,0,0,0,0,0,0,0,0,0,0,0,0,0,0,0,0,0,0,0,0,0,0.00282942121052258,0,0,0,0,0,0,0.00282942121052258,0,0.00848826363156775,0,0,0,0,0,0,0,0,0,0,0,0,0,0,0,0,0,0,0,0,0.0226353696841807,0,0,0,0.067906109052542,0,0,0,0,0,0,0,0,0,0,0,0,0,0,0,0,0,0,0,0,0,0,0,0,0,0,0,0,6.08325560262356,0,0,0,0,0,0,0,0,0,0,0,0,0,0.282942121052258,0,0,0,0.00282942121052258,0,0,0,0,0,0,0,0,0,0,0,0,0,0.198059484736581,0,0,0,0,0,0,0,0,0,0,0,0,0,0,0,0,0,0,0,0,0,0,0,0,0,0,0,0,0,0,0,0,0,0,0,0,0,0,0,0.00282942121052258,0,0,0,0,0,0,0,0,0,0,0,0,0,0,0,0,0,0.0962003211577679,0,0,0.0990297423682904,0,0,0,0,0,0.00848826363156775,0.0141471060526129,0,0,0,0,0,0,0,0,0,0.594178454209743,0,0,0,0,0,0,0.00282942121052258,0.200888905947103,0,0,0,0,0,0,0,0.00565884242104517,0,0,0,0,0,0,0,0,0,0,0,0,0,0,0.347523660182436,0,0,0,0,0,0,1.03569637246627,0,0,0,6.11873781666691,0,0,0,0,0,0,0,0,0,0,0,0,0,0,0,0,0,0,0,0,0,0,0,0,0,0,0,0,0,0,0,0,0,0,0,0,0,0,0,0.522164025559522,0,0,0,0,0,0,0,0,0.250712791127551,0,0,0,2.07448282268359,0,0,0,0,0,0,2.40384051189536,0,0,0,0,0.0635727986247972,0,0,0,0,0,0,0,0,0,0,0,0,0,0,0,0,0,0,0,0,0,0,0,0,0,0,0,0,0,0,0,0,0,0,1.78861940790801,0,0,0,0.0841405384265692,0,0,0,0,0.019149345680113,2.10730402342146,0,0,0,0,0,0,0,0,0,1.67502776527366,0,0,0,0,0,0,0,0,0,0,0.0192037446131647,0,0,0,0,0,0,0,0,0,0,0,0,0,0,0,0,0,0,0,0,0,0,0,0,0.0433614459355007,0,0,0,0,0,0,0,0,0,0,0,0,0,0,0,0,0,0,0,0,0,0,0,0,0,0,0,0,0,0,1.08768610174909,0,0,0,0,0,0,0,0,0,0,0,0,0,0.363271613845368,0,0,0,0,0,0,0,0,0,0,0,0,0,0,0,0.42634171507548,0,0,0.00454463656595567,0.183662291678531,0,0,9.52801331393244,0,0,0,0,0,0,0,0,0,0,0,0,0,0,0,0,0,0,0,0,0,0,0,0,0,0,0,0,1.39383076900714,0,0,0,0,0,0,0,0.637556485533318,0,0,0,0,0,0,0,0,0,0,0,0,0,0,0,0,0,0,0,0,0,0,0,0,0,0,0,0,0,0,0,0,0,0,0,0,0,0,0,0,0,0.01969301838698,0,0,0,0,0,0.0514419899706321,0,0,0,0,0,0,0,0,0,0,0,0,0,0,0,0,0,0,0,0,0,0,0,0,0,0,0,0,0,0,0,0,0,0.00889828028477043,0,0,0,0,0,0,0,0,0,0,0,0,0.11168415896708,0,0,0,0,0,0,0,0,1.86828809372219,0,0,0,0,0,0,0,0.000464025078525704,0,0,0,0,3.49457279638019,0,0,0,0,0,0,0,0,0,0,0,0,0,0,0,0,0,0,0,0,0,0,0,0,0,0,0,0,0,0,0,0,0,0,0,0,0,0,0,0,0,0,0,0,0,0,0,0,0,0,0,0,0,0,0.0204346147065911,0,0,0,0,0,0,0.543613952039408,0,1.12083511276311,0,0,0,0,0,0,0,0,0,0,0,0,0,0,0,0,0,0,0,0,0.0363588065070373,0,0,0,0.189712991502861,0,0,0,0,0,0,0,0,0,0,0,0,0,0,0,0,0,0,0,0,0,0,0,0,0,0,0,0,2.01878071602302,0,0,0,0,0,0,0,0,0,0,0,0,0,0.0399786076976294,0,0,0,0.00125174108652593,0,0,0,0,0,0,0,0,0,0,0,0,0,0.296871361671661,0,0,0,0,0,0,0,0,0,0,0,0,0,0,0,0,0,0,0,0,0,0,0,0,0,0,0,0,0,0,0,0,0,0,0,0,0,0,0,0.951487946606965,0,0,0,0,0,0,0,0,0,0,0,0,0,0,0,0,0,0.489955321132038,0,0,0.336184616439458,0,0,0,0,0,0.44571532798817,0.671777905617086,0,0,0,0,0,0,0,0,0,0.57602771714424,0,0,0,0,0,0,0.161000574547519,3.08547449298488,0,0,0,0,0,0,0,0.0295872001688258,0,0,0,0,0,0,0,0,0,50.14560086,58.324001,73.14290122,55.45080098,49.90800086,40.91330072,53.47140089,54.19130091,43.92150079,55.58090094,51.06550087,"HOW-00477"
"581",7973,"nSPC",2015,"PRIAs","Pacific Remote Island Areas","Baker","Baker",2015,"ForereefDeep","Baker","2015-02-08","Forereef","Deep",0.18724199,-176.46101983,22,11.5,0,25,32.5,29.5,1.5,0,0,NA,0.2225,0.145238731651637,0.5,2,1,22.9842917497916,20.6878965061064,13.4076189295947,13.6325801601187,70.7123873456113,7.90605734791578,0,0,0,0,0,0.00848826363156775,0,0,0,0,0,0,0,0.0169765272631355,0,0,0,0,0,0,0,0,0,0,0,0,0,0,0,0.00282942121052258,0.00565884242104517,0,0,0,0,0,0,0,0,0,0,0,0,0,0,0,0,0,0,0,0,0,0,0,0,0,0,0,0,0,0,0,0,0,0,0.00565884242104517,0,0,0,0,0,0,0,0,0,0,0,0,0,0,0,0,0,0,0,0,0,0,0,0,0,0,0,0,0,0,0,0.00565884242104517,0,0,0.00282942121052258,0,0,0,0,0,0,0,0,0,0,0,0,0,0,0,0.00565884242104517,0,0,0,0.0169765272631355,0,0,0,0,0,0,0,0,0,0,0,0,0,0,0,0,0,0,0,0,0,0,0,0,0,0,0,0,0,0,0,0,0,0,0,0,0,0,0,0,0,0,0,0,0,0.00565884242104517,0,0,0,0,0,0.325383439210097,0,0,0,0,0,0,0,0,0,0,0,0,0,0,0,0,0,0,0,0,0,0,0,0.00565884242104517,0,0,0,0,0,0,0.707355302630646,0,0,0,0,0,24.6753823769675,0,0,0,0,0,0,0,0.033953054526271,0,0,0,0,0,0,0,0,0,0.00282942121052258,0,0.104688584789336,0,0,0,0.00282942121052258,0,0,0,0,0,0,0.0113176848420903,0,0,0,0,0,0,0,0,0,0,0,0,0,0,0,0,0,0,0,0,0,0,0,0,0,0,0,0,0.0565884242104517,0,0,0,0,0,0,0,0,0,0,0,0,0,0,0,0,0,0,0,0,0,0,0,0,0,0,0,0,0,0.00282942121052258,0,0,0,0,0,0,0.00282942121052258,0,0,0,0,0,0,0.00282942121052258,0,0,0,0,0,0.00282942121052258,0,0,0,0,0,0,0,0,0,0,0,0,0,0,0,0,0,0,0,0,0,0,0,0,0.00565884242104517,0,0,0,0,0,0,0,0,0,0,0,0,0,0,0.0113176848420903,0,0,0,0,0,0,0,0,0,0,0,0,0.169765272631355,0,0,0,0.00282942121052258,0,0.00282942121052258,0,0,0,0.0565884242104517,0,0,0,0,0,0,0,0,0,0,0.00848826363156775,0,0.00282942121052258,0,0,0,0,0,0,0,0,0,0,0,0,0,0,0,0,0,0,0,0,0,0,0,0,0,0,0,0,0,0,0,0,0,0,0,0,0,0,0,0,0.00282942121052258,0.0169765272631355,0,0,0,0.00282942121052258,0,0,0,0,0,0,0,0.00848826363156775,0,0,0,0,0.0141471060526129,0.0113176848420903,0,0,0.0113176848420903,0,0.0141471060526129,0,0,0,0,0,0,0,0,0,0,0,0,0,0,0,0,0,0,0.00565884242104517,0,0,0,0,0.0113176848420903,0,0,0,0,0,0,0,0,0,0,0,0,0,0,0,0,0,0,0,0,0,0,0,0,0,0,0,0.707355302630646,0,0,0,0,0.00282942121052258,0,0,0,0,0,0,0,0,0.91956189341984,0,0.565884242104517,0,0.00282942121052258,0,0,0,0,0,0,0,0,0,0,0,0,0,0,0,0,0,0,0,0,0,0,0,0,0,0,0,0,0,0,0,0,0,0,0,0,0,0,0,0,0,0,0,0,0,0,0,0,0.00565884242104517,0,0,0,0,0.0113176848420903,0,0,0,0,0,0,0,0,0,0,0,0,0,0,0,0,0,0,0,0,0,0,0,0,0,0,0,0.00282942121052258,0,0,0,0,0,0,0,0,0,0.00565884242104517,0,0,0,0,0,0,0,0,0,0,0,0,0,0,0,0,0,0,0,0,0.00565884242104517,0,0,0,0,0,0,0,0,0,1.26093156246939,0,0,0,0,0,0,0,3.02805358481978,0,0,0,0,0,0,0,0,0,0,0,0,0,0,0,0.508392897004575,0.193564100317303,0,0,0,0,0,0,0,0,0,0,0,0,0,0,0,0,0,0,0,0,0,0,0,0,0,0,0,0,0,0,0,0,0,0,0.402808493086516,0,0,0,0,0,0,0,0,0,0,0,0,0,0,0,0,0,0,0,0,0,0,0,0,0,0,0,0,0,0,0,1.06305549720627,0,0,0.0928521609202379,0,0,0,0,0,0,0,0,0,0,0,0,0,0,0,2.28910635293704,0,0,0,0.102080008130274,0,0,0,0,0,0,0,0,0,0,0,0,0,0,0,0,0,0,0,0,0,0,0,0,0,0,0,0,0,0,0,0,0,0,0,0,0,0,0,0,0,0,0,0,0,0.0839086681378492,0,0,0,0,0,0.294186240942875,0,0,0,0,0,0,0,0,0,0,0,0,0,0,0,0,0,0,0,0,0,0,0,1.41763175255943,0,0,0,0,0,0,0.284696362202782,0,0,0,0,0,13.5506926689466,0,0,0,0,0,0,0,0.053274434441719,0,0,0,0,0,0,0,0,0,1.34091207411356,0,0.219907597545935,0,0,0,0.246725529557569,0,0,0,0,0,0,1.11049642625943,0,0,0,0,0,0,0,0,0,0,0,0,0,0,0,0,0,0,0,0,0,0,0,0,0,0,0,0,9.10910784811692,0,0,0,0,0,0,0,0,0,0,0,0,0,0,0,0,0,0,0,0,0,0,0,0,0,0,0,0,0,0.617961728093899,0,0,0,0,0,0,1.05657708918289,0,0,0,0,0,0,1.43221287440399,0,0,0,0,0,0.109390817412507,0,0,0,0,0,0,0,0,0,0,0,0,0,0,0,0,0,0,0,0,0,0,0,0,1.43714610302876,0,0,0,0,0,0,0,0,0,0,0,0,0,0,0.0128674189948496,0,0,0,0,0,0,0,0,0,0,0,0,0.120746964869657,0,0,0,2.87038564938524,0,0.418528844675151,0,0,0,0.0347317112434068,0,0,0,0,0,0,0,0,0,0,2.46271540269335,0,1.33019287730988,0,0,0,0,0,0,0,0,0,0,0,0,0,0,0,0,0,0,0,0,0,0,0,0,0,0,0,0,0,0,0,0,0,0,0,0,0,0,0,0,0.258999606849509,1.48471727662053,0,0,0,0.0653437642274952,0,0,0,0,0,0,0,0.120658422044487,0,0,0,0,5.4260783875088,0.292430651252089,0,0,2.54138015028363,0,2.21758358823274,0,0,0,0,0,0,0,0,0,0,0,0,0,0,0,0,0,0,0.0288104223272832,0,0,0,0,0.0374213990102634,0,0,0,0,0,0,0,0,0,0,0,0,0,0,0,0,0,0,0,0,0,0,0,0,0,0,0,0.847942169028487,0,0,0,0,0.0128288523074963,0,0,0,0,0,0,0,0,1.26502633715176,0,0.246920759621095,0,0.00125174108652593,0,0,0,0,0,0,0,0,0,0,0,0,0,0,0,0,0,0,0,0,0,0,0,0,0,0,0,0,0,0,0,0,0,0,0,0,0,0,0,0,0,0,0,0,0,0,0,0,3.8641034461302,0,0,0,0,2.97889840457931,0,0,0,0,0,0,0,0,0,0,0,0,0,0,0,0,0,0,0,0,0,0,0,0,0,0,0,0.140455413338476,0,0,0,0,0,0,0,0,0,0.0116119446479847,0,0,0,0,0,0,0,0,0,0,0,0,0,0,0,0,0,0,0,0,0.314082868353437,0,0,0,0,127.4754022,139.9748024,139.1368023,139.5885024,136.5674024,148.1551026,139.4520024,136.9506024,152.2550025,146.0347025,146.5905025,"BAK-00260"
"582",7974,"nSPC",2015,"PRIAs","Pacific Remote Island Areas","Baker","Baker",2015,"ForereefMid","Baker","2015-02-08","Forereef","Mid",0.19475268,-176.46289646,11,67.5,0,0.5,22.5,9.5,0,0,0,NA,0.91625,0.404919705504825,1.4,2,1,65.0241149605266,15.6233778820543,2.85519256339611,5.29339701525427,88.7960824212313,0,0,0,0,0,0,0,0,0,0,0,0,0,0,0,0,0,0.033953054526271,0,0,0,0,0,0,0,0,0,0,0,0,0,0,0,0,0,0,0,0,0,0,0,0,0,0,0,0,0,0,0,0,0,0,0,0,0,0,0,0.00565884242104517,0,0,0,0,0,0,0,0,0,0,0,0,0,0,0,0,0,0,0,0.00565884242104517,0,0,0,0,0,0,0,0,0,0,0,0,0,0,0,0,0,0,0,0,0,0,0,0,0,0,0,0,0,0,0,0,0,0,0,0,0,0,0,0.00848826363156775,0,0,0,0,0,0,0,0,0,0,0,0,0,0,0,0,0,0,0,0,0,0,0,0,0,0,0,0,0,0,0,0,0,0,0,0,0,0,0,0,0,0,0,0,0,0,0,0,0,0,0,0,0,0,0,0.169765272631355,0,0,0,0,0,0,0,0,0,0,0,0,0,0,0,0,0,0,0,0,0,0,0,0,0.00565884242104517,0,0,0,0,0,0.141471060526129,0,0,0,0,0.0905414787367227,0,0,0,0,0,0,0,0,0,0,0,0,0,0,0,0,0,0,0,0,0,0,0,0,0,0,0,0,0,0,0,0.0254647908947033,0,0,0,0,0,0,0,0,0,0,0,0,0,0,0,0,0,0,0,0,0,0,0,0,0,0,0,0,0,0,0,0,0,0,0,0,0,0,0,0,0,0,0,0,0,0,0,0,0,0,0,0,0,0,0,0,0,0,0.0141471060526129,0,0,0,0,0,0,0,0,0,0,0,0,0,0,0,0,0,0,0,0.0169765272631355,0,0,0,0,0,0.0113176848420903,0,0,0,0,0,0,0,0,0.00282942121052258,0,0,0,0,0,0,0,0,0,0,0,0,0,0,0,0,0,0,0,0,0,0,0,0.00282942121052258,0,0,0,0,0.00565884242104517,0,0,0,0,0,0,0,0,0,0,0,0,0.0198059484736581,0,0,0,0,0,0,0,0,0,0,0,0,0,0,0,0,0,0.00282942121052258,0,0,0,0,0,0,0,0.00282942121052258,0,0,0,0,0,0,0,0,0,0,0,0,0,0,0,0,0,0,0,0,0,0,0,0,0,0,0,0,0,0,0,0,0,0,0,0,0,0,0,0,0,0,0,0,0,0,0.00282942121052258,0,0,0,0,0,0.00282942121052258,0.00565884242104517,0,0,0,0,0,0,0,0,0,0,0,0,0,0,0,0,0,0,0,0,0,0,0.268795014999645,0,0,0,0,0,0,0,0,0,0,0,0,0,0,0,0,0,0,0,0,0.00282942121052258,0,0,0,0,0,0,0,0,0,0,0,0,0,0,0,0,0,0,0,0,0,0,0,0.00282942121052258,0,3.81971863420549,0,0,0,0,0,0,0,0,0,0,0,0,0,0,0,0,0,0,0,0,0,0,0,0,0,0,0,0,0,0,0,0,0,0.00565884242104517,0,0,0,0,0,0,0,0,0,0,0,0,0,0,0,0,0,0,0,0,0,0,0,0,0,0,0,0,0,0,0,0,0,0,0,0,0,0,0,0.00565884242104517,0,0.00565884242104517,0,0,0,0,0,0,0,0,0,0,0,0,0,0,0,0,0,0,0,0.118835690841949,0,0,0,0,0,0,0,0.00565884242104517,0,0,0,0,0,0,0,0,0,0,0,0,0.00282942121052258,0,0,0,0,0,0,0,0,0,0,0,0,0,0,0,0,0,0,0,0,0.862808774927801,0,0,0,0,0,0,0,0,0,0,0,0,0,0,0,0,0,0,0,0,0,0,0,0,0,0,0,0,0,0,0,0,0,0,0,0,0,0,0,1.10692475127004,0,0,0,0,0,0,0,0,0,0,0,0,0,0,0,0,0,0,0,0.581679799923381,0,0,0,0,0,0,0,0,0,0,0,0,0,0,0,0,0,0,0,0,0,0,0,0,0,0,0,0,0,0,0,0,0,0,0,0,0,0,0,4.6740123564251,0,0,0,0,0,0,0,0,0,0,0,0,0,0,0,0,0,0,0,0,0,0,0,0,0,0,0,0,0,0,0,0,0,0,0,0,0,0,0,0,0,0,0,0,0,0,0,0,0,0,0,0,0,0,0,0.547128008899963,0,0,0,0,0,0,0,0,0,0,0,0,0,0,0,0,0,0,0,0,0,0,0,0,0.233445747726603,0,0,0,0,0,0.0985487407625016,0,0,0,0,0.405843283159126,0,0,0,0,0,0,0,0,0,0,0,0,0,0,0,0,0,0,0,0,0,0,0,0,0,0,0,0,0,0,0,1.65869792055386,0,0,0,0,0,0,0,0,0,0,0,0,0,0,0,0,0,0,0,0,0,0,0,0,0,0,0,0,0,0,0,0,0,0,0,0,0,0,0,0,0,0,0,0,0,0,0,0,0,0,0,0,0,0,0,0,0,0,0.222077103029999,0,0,0,0,0,0,0,0,0,0,0,0,0,0,0,0,0,0,0,0.663341932811713,0,0,0,0,0,0.150525208399801,0,0,0,0,0,0,0,0,0.282170254946028,0,0,0,0,0,0,0,0,0,0,0,0,0,0,0,0,0,0,0,0,0,0,0,0.0243290750675526,0,0,0,0,0.0105523346618939,0,0,0,0,0,0,0,0,0,0,0,0,50.285438759799,0,0,0,0,0,0,0,0,0,0,0,0,0,0,0,0,0,0.312297147030625,0,0,0,0,0,0,0,0.166683083731565,0,0,0,0,0,0,0,0,0,0,0,0,0,0,0,0,0,0,0,0,0,0,0,0,0,0,0,0,0,0,0,0,0,0,0,0,0,0,0,0,0,0,0,0,0,0,0.0448203933684347,0,0,0,0,0,0.0448203933684347,0.448965962169277,0,0,0,0,0,0,0,0,0,0,0,0,0,0,0,0,0,0,0,0,0,0,1.8617051200483,0,0,0,0,0,0,0,0,0,0,0,0,0,0,0,0,0,0,0,0,0.319864936081094,0,0,0,0,0,0,0,0,0,0,0,0,0,0,0,0,0,0,0,0,0,0,0,0.111513433901531,0,14.3798542750882,0,0,0,0,0,0,0,0,0,0,0,0,0,0,0,0,0,0,0,0,0,0,0,0,0,0,0,0,0,0,0,0,0,0.446907080202042,0,0,0,0,0,0,0,0,0,0,0,0,0,0,0,0,0,0,0,0,0,0,0,0,0,0,0,0,0,0,0,0,0,0,0,0,0,0,0,8.46395273749466,0,0.0213887208838317,0,0,0,0,0,0,0,0,0,0,0,0,0,0,0,0,0,0,0,0.0253204904129666,0,0,0,0,0,0,0,0.076455488182257,0,0,0,0,0,0,0,0,0,0,0,0,0.264009106903639,0,0,0,0,128.0470022,140.7778024,138.9459023,140.3281024,138.1941024,149.3608027,140.5270024,138.1347024,152.8771025,147.3351025,147.3391025,"BAK-00307"
"583",7975,"nSPC",2015,"PRIAs","Pacific Remote Island Areas","Baker","Baker",2015,"ForereefShallow","Baker","2015-02-08","Forereef","Shallow",0.19619144,-176.46718958,5.1,55,0,9,22.5,8,5.5,0,0,NA,0.4725,0.276538410811012,1.15,2,1,2.87759134737838,15.9668862490669,13.8936231512646,10.5341717368852,43.2722724845951,7.01279410357762,0,0,0,0,0,0,0,0,0,0,0,0,0,0,0,0,0.0396118969473162,0,0,0,0,0,0,0,0,0,0,0,0,0,0,0,0,0,0,0,0,0,0,0,0,0,0,0,0,0,0,0,0,0,0,0,0,0,0,0,0.00565884242104517,0,0,0,0,0,0,0,0,0,0,0,0,0,0,0,0,0,0,0,0.00565884242104517,0,0,0,0,0,0,0,0,0,0,0,0,0,0,0,0,0,0,0,0,0,0,0,0.00565884242104517,0,0,0,0,0,0,0,0,0,0,0,0,0,0,0,0.00282942121052258,0,0,0,0.00565884242104517,0,0,0,0,0,0,0,0,0,0,0,0,0,0,0,0,0,0,0,0,0,0,0,0,0,0,0,0,0,0,0,0,0,0,0,0,0,0,0,0,0,0,0,0,0,0,0,0,0,0,0,1.07518005999858,0,0,0,0,0,0,0,0,0,0,0,0,0,0,0,0,0,0,0,0,0,0,0,0.00565884242104517,0,0,0,0,0,0,3.96118969473162,0,0,0,0,0.0396118969473162,0,0,0,0,0,0,0,0,0,0,0,0,0,0,0,0,0,0,0.00565884242104517,0,0,0,0,0,0,0,0,0,0.00282942121052258,0,0,0.0226353696841807,0,0,0,0,0,0,0,0,0,0.0113176848420903,0,0,0,0,0,0,0,0,0,0,0,0,0,0,0,0,0,0,0.00282942121052258,0,0,0,0,0,0,0,0,0,0,0,0,0,0,0,0,0,0,0,0,0,0,0,0,0,0,0,0,0,0.0169765272631355,0,0,0,0,0,0,0,0,0,0,0,0,0,0,0,0,0,0,0,0,0,0,0,0,0,0.0226353696841807,0,0,0,0,0,0,0,0,0,0,0,0,0,0,0,0,0,0,0,0,0,0,0,0,0,0,0,0,0,0,0,0,0,0.00282942121052258,0,0,0,0,0,0,0,0,0,0,0,0,0,0,0,0,0,0,0,0,0,0,0,0,0,0,0,0,0,0,0,0,0,0,0.00848826363156775,0,0,0,0,0,0,0,0,0,0,0,0,0,0,0,0,0,0,0,0,0,0,0,0,0,0,0,0,0,0,0,0,0,0,0,0,0,0,0,0,0,0,0,0,0,0,0,0,0,0,0,0,0,0,0,0,0,0,0,0,0,0.00282942121052258,0,0.00282942121052258,0,0,0,0,0,0,0,0,0,0,0,0,0,0,0,0,0,0,0,0,0.370654178578459,0,0,0,0,0.00282942121052258,0,0,0,0,0,0.0141471060526129,0,0,0,0,0,0,0,0,0,0,0,0,0,0,0,0,0,0,0,0,0,0,0,0,0,0,0,0,0,0,0,0,0,0,0,1.20533343568262,0,0,0,0,0,0,0,0,0,0,0,0,0,0,0,0,0,0,0,0,0,0,0,0,0,0,0,0,0,0,0,0,0,0,0,0,0,0,0,0,0,0,0.00282942121052258,0,0,0,0,0,0,0,0,0,0.00565884242104517,0,0,0,0,0,0,0,0,0,0,0,0,0,0,0,0,0,0,0,0,0,0,0.0396118969473162,0,0,0,0,0,0,0,0,0,0,0,0,0,0,0,0,0,0,0,0.0565884242104517,0,0,0,0,0,0,0,0.0735649514735872,0,0,0,0,0,0,0,0,0,0,0,0,0.00565884242104517,0,0,0,0,0,0,0,0,0,0,0,0,0,0,0,0,0,0,0,0,3.24156232396734,0,0,0,0,0,0,0,0,0,0,0,0,0,0,0,0,0,0,0,0,0,0,0,0,0,0,0,0,0,0,0,0,0,0,0,0,0,0,0,1.23693099705113,0,0,0,0,0,0,0,0,0,0,0,0,0,0,0,0,0,0,0,0.86202317477554,0,0,0,0,0,0,0,0,0,0,0,0,0,0,0,0,0,0,0,0,0,0,0,1.59000346900089,0,0,0,0,0,0,0,0,0,0,0,0,0,0,0,0.489340134096332,0,0,0,0.0214412198090435,0,0,0,0,0,0,0,0,0,0,0,0,0,0,0,0,0,0,0,0,0,0,0,0,0,0,0,0,0,0,0,0,0,0,0,0,0,0,0,0,0,0,0,0,0,0,0,0,0,0,0,2.40276429792425,0,0,0,0,0,0,0,0,0,0,0,0,0,0,0,0,0,0,0,0,0,0,0,1.24415689272856,0,0,0,0,0,0,10.1359204850914,0,0,0,0,0.181362356486006,0,0,0,0,0,0,0,0,0,0,0,0,0,0,0,0,0,0,1.7204320299665,0,0,0,0,0,0,0,0,0,0.258863491426718,0,0,1.47048886669577,0,0,0,0,0,0,0,0,0,0.331440273672574,0,0,0,0,0,0,0,0,0,0,0,0,0,0,0,0,0,0,0.880664171524322,0,0,0,0,0,0,0,0,0,0,0,0,0,0,0,0,0,0,0,0,0,0,0,0,0,0,0,0,0,0.236232491530352,0,0,0,0,0,0,0,0,0,0,0,0,0,0,0,0,0,0,0,0,0,0,0,0,0,0.122339363126939,0,0,0,0,0,0,0,0,0,0,0,0,0,0,0,0,0,0,0,0,0,0,0,0,0,0,0,0,0,0,0,0,0,0.0054076140822457,0,0,0,0,0,0,0,0,0,0,0,0,0,0,0,0,0,0,0,0,0,0,0,0,0,0,0,0,0,0,0,0,0,0,1.38148925386407,0,0,0,0,0,0,0,0,0,0,0,0,0,0,0,0,0,0,0,0,0,0,0,0,0,0,0,0,0,0,0,0,0,0,0,0,0,0,0,0,0,0,0,0,0,0,0,0,0,0,0,0,0,0,0,0,0,0,0,0,0,0.27065604470659,0,0.188446368267865,0,0,0,0,0,0,0,0,0,0,0,0,0,0,0,0,0,0,0,0,2.81465476043038,0,0,0,0,0.0194481175912582,0,0,0,0,0,0.0658183988363104,0,0,0,0,0,0,0,0,0,0,0,0,0,0,0,0,0,0,0,0,0,0,0,0,0,0,0,0,0,0,0,0,0,0,0,3.24253838932527,0,0,0,0,0,0,0,0,0,0,0,0,0,0,0,0,0,0,0,0,0,0,0,0,0,0,0,0,0,0,0,0,0,0,0,0,0,0,0,0,0,0,1.6433205224743,0,0,0,0,0,0,0,0,0,5.36947358110332,0,0,0,0,0,0,0,0,0,0,0,0,0,0,0,0,0,0,0,0,0,0,0.441165493087752,0,0,0,0,0,0,0,0,0,0,0,0,0,0,0,0,0,0,0,0.00430072023999433,0,0,0,0,0,0,0,0.871568967904835,0,0,0,0,0,0,0,0,0,0,0,0,0.528018213807278,0,0,0,0,127.2438022,140.0849024,137.8890023,139.7002024,137.7404024,148.7559027,140.0366024,137.5595024,152.3784025,146.9413025,146.3984024,"BAK-00336"
"584",7976,"nSPC",2015,"PRIAs","Pacific Remote Island Areas","Baker","Baker",2015,"ForereefShallow","Baker","2015-02-08","Forereef","Shallow",0.20099033,-176.46731716,4.65,29,0,3.5,27.5,32,8,0,0,NA,0.63,0.481746954411462,1.65,2,1,8.26299469368317,12.7546063648426,9.87073295106891,3.94805121369613,34.8363852232908,2.86617273364602,0.00282942121052258,0,0,0,0,0.00282942121052258,0,0,0,0,0,0,0,0,0,0,0.0792237938946324,0,0,0,0,0,0,0,0,0,0,0,0,0,0,0,0,0,0,0,0,0,0,0,0,0,0,0,0,0,0,0,0,0,0,0,0,0,0,0,0,0,0,0,0,0,0,0,0,0,0,0,0,0,0,0,0,0,0,0,0.00565884242104517,0,0,0,0,0,0,0,0,0,0,0,0,0,0,0,0,0,0,0,0,0,0,0,0,0,0,0,0,0,0,0,0,0,0,0,0,0,0,0,0.00282942121052258,0,0,0,0.00848826363156775,0,0,0,0,0,0,0,0,0,0,0,0,0,0,0,0.00282942121052258,0,0,0,0,0,0,0,0,0,0,0,0,0,0,0,0,0,0,0,0,0,0,0,0,0,0,0,0,0,0,0,0,0,0,0,0.101859163578813,0,0,0,0,0,0,0,0,0,0,0,0,0,0,0,0,0,0,0,0,0,0,0,0,0,0,0,0,0,0,2.82942121052258,0,0,0,0,0,0,0,0,0.00565884242104517,0,0,0,0,0,0,0,0,0,0,0,0,0,0,0,0,0,0,0,0,0,0,0,0,0,0,0,0.0226353696841807,0,0,0,0,0,0,0,0,0,0,0,0,0,0,0,0,0,0,0,0,0,0,0,0,0,0,0,0,0,0,0,0,0,0,0,0,0,0,0,0,0,0,0,0,0,0,0,0,0,0,0,0,0,0,0,0,0,0,0.0113176848420903,0,0,0,0,0,0,0,0,0,0,0,0,0,0,0,0,0,0,0,0.00565884242104517,0,0,0,0,0,0,0,0,0,0,0,0,0,0,0.00282942121052258,0,0,0,0,0,0,0,0,0,0,0,0,0,0,0,0,0,0,0,0,0,0,0,0,0,0,0,0,0.00282942121052258,0,0,0,0,0,0,0,0,0,0,0,0,0.00282942121052258,0,0,0,0,0,0,0,0,0,0,0,0,0,0,0,0,0.00282942121052258,0.0226353696841807,0,0,0,0,0,0,0,0,0,0,0,0,0,0,0,0,0,0,0,0,0,0,0,0,0,0,0,0,0,0,0,0,0,0,0,0,0,0,0,0,0,0,0,0,0,0,0,0,0,0,0,0,0,0.00282942121052258,0,0,0,0,0,0,0,0.00282942121052258,0,0.00282942121052258,0,0,0,0,0,0,0,0,0,0,0,0,0,0,0,0,0,0,0,0,0.246159645315465,0,0,0,0.00282942121052258,0,0,0,0,0,0,0.0141471060526129,0,0,0,0,0,0,0,0,0,0,0,0,0,0,0,0,0,0,0,0,0,0,0,0,0,0,0,0,0,0,0,0,0,0,0,1.81082957473445,0,0,0,0,0,0,0,0,0,0,0,0,0,0,0,0,0,0,0,0,0,0,0,0.00282942121052258,0,0,0,0,0,0,0,0,0,0,0,0,0,0,0,0,0,0,0,0,0,0,0,0,0,0,0,0,0.00848826363156775,0,0,0,0,0,0,0,0,0,0,0,0,0,0,0,0,0,0,0,0,0,0,0.0707355302630646,0,0.00565884242104517,0.033953054526271,0,0,0,0,0,0,0,0,0,0,0,0,0,0,0,0,0.32821286042062,0,0,0,0,0,0,0,0.0509295817894065,0,0,0,0,0,0,0,0,0,0,0,0,0.00282942121052258,0,0,0,0,0.0810844237718099,0,0,0,0,0.0515662015617741,0,0,0,0,0,0,0,0,0,0,3.04482119418312,0,0,0,0,0,0,0,0,0,0,0,0,0,0,0,0,0,0,0,0,0,0,0,0,0,0,0,0,0,0,0,0,0,0,0,0,0,0,0,0,0,0,0,0,0,0,0,0,0,0,0,0,0,0,0,0,0,0,0,0.668936070456246,0,0,0,0,0,0,0,0,0,0,0,0,0,0,0,0,0,0,0,0,0,0,0,0,0,0,0,0,0,0,0,0,0,0,0,0,0,0,0,0.56365779320042,0,0,0,0.0311035392491105,0,0,0,0,0,0,0,0,0,0,0,0,0,0,0,0.197316632695133,0,0,0,0,0,0,0,0,0,0,0,0,0,0,0,0,0,0,0,0,0,0,0,0,0,0,0,0,0,0,0,0,0,0,0,0.084094925450668,0,0,0,0,0,0,0,0,0,0,0,0,0,0,0,0,0,0,0,0,0,0,0,0,0,0,0,0,0,0,4.25949557295701,0,0,0,0,0,0,0,0,0.0259361333225085,0,0,0,0,0,0,0,0,0,0,0,0,0,0,0,0,0,0,0,0,0,0,0,0,0,0,0,2.00398840120884,0,0,0,0,0,0,0,0,0,0,0,0,0,0,0,0,0,0,0,0,0,0,0,0,0,0,0,0,0,0,0,0,0,0,0,0,0,0,0,0,0,0,0,0,0,0,0,0,0,0,0,0,0,0,0,0,0,0,0.195563889089926,0,0,0,0,0,0,0,0,0,0,0,0,0,0,0,0,0,0,0,0.155381223963025,0,0,0,0,0,0,0,0,0,0,0,0,0,0,0.515183277548921,0,0,0,0,0,0,0,0,0,0,0,0,0,0,0,0,0,0,0,0,0,0,0,0,0,0,0,0,0.0048155202490365,0,0,0,0,0,0,0,0,0,0,0,0,6.52063677436943,0,0,0,0,0,0,0,0,0,0,0,0,0,0,0,0,0.248286972602325,1.20957962682251,0,0,0,0,0,0,0,0,0,0,0,0,0,0,0,0,0,0,0,0,0,0,0,0,0,0,0,0,0,0,0,0,0,0,0,0,0,0,0,0,0,0,0,0,0,0,0,0,0,0,0,0,0,0.839938132542888,0,0,0,0,0,0,0,0.141445360875306,0,0.653547673221794,0,0,0,0,0,0,0,0,0,0,0,0,0,0,0,0,0,0,0,0,0.915134807785385,0,0,0,0.00332952533180386,0,0,0,0,0,0,0.0361045941939586,0,0,0,0,0,0,0,0,0,0,0,0,0,0,0,0,0,0,0,0,0,0,0,0,0,0,0,0,0,0,0,0,0,0,0,7.24247165941294,0,0,0,0,0,0,0,0,0,0,0,0,0,0,0,0,0,0,0,0,0,0,0,0.188549386233282,0,0,0,0,0,0,0,0,0,0,0,0,0,0,0,0,0,0,0,0,0,0,0,0,0,0,0,0,2.86617273364602,0,0,0,0,0,0,0,0,0,0,0,0,0,0,0,0,0,0,0,0,0,0,0.529717697842952,0,0.0511195856718913,0.0976789623606312,0,0,0,0,0,0,0,0,0,0,0,0,0,0,0,0,0.788053224975961,0,0,0,0,0,0,0,0.464632272317482,0,0,0,0,0,0,0,0,0,0,0,0,0.157041434176719,0,0,0,0,125.5608022,138.9944024,137.6836023,138.5511023,134.5533023,147.7064026,138.7803024,136.2769024,150.6391025,143.8264025,142.9572024,"BAK-00331"
"585",7977,"nSPC",2015,"PRIAs","Pacific Remote Island Areas","Baker","Baker",2015,"ForereefShallow","Baker","2015-02-08","Forereef","Shallow",0.18755045,-176.47171263,3.7,37.5,0,1,27.5,32.5,1.5,0,0,NA,0.5325,0.320961400303513,1.2,2,1,1.44909964332755,5.4634223615517,13.0679899027234,7.40429331659488,27.3848052241975,0,0,0,0,0,0,0,0,0,0,0,0,0,0,0,0,0,0.0452707393683613,0,0,0,0,0,0,0,0,0,0,0,0,0,0,0,0,0,0,0,0,0,0,0,0,0,0,0,0,0,0,0,0,0,0,0,0,0,0,0,0,0,0,0,0,0,0,0,0,0,0,0,0,0,0,0,0,0,0,0,0.00282942121052258,0,0,0,0,0,0,0,0,0,0,0,0,0,0,0,0,0,0,0.00282942121052258,0,0,0,0,0,0,0,0,0,0,0,0,0,0,0,0,0,0,0,0,0.00565884242104517,0,0,0,0.00565884242104517,0,0,0,0,0,0,0,0,0,0,0,0,0,0,0,0,0,0,0,0,0,0,0,0,0,0,0.00565884242104517,0,0,0,0,0,0,0,0,0,0,0,0,0,0,0,0,0,0,0,0,0,0,0,0,0,0,0,0.00282942121052258,0,0,0,0,0,0,0,0,0,0,0,0,0,0,0,0,0,0,0,0,0,0,0,0,0,0,0,0.367824757367936,0,0,0,0,0,0,0,0,0,0,0.00282942121052258,0,0,0,0.00282942121052258,0,0,0,0,0,0,0,0,0,0,0,0,0,0,0,0,0,0,0,0,0,0.0424413181578388,0,0,0,0,0,0,0,0,0,0,0,0,0,0,0,0,0,0,0,0,0,0,0,0,0,0,0,0,0,0,0,0,0,0,0,0,0,0,0,0,0,0,0,0,0,0,0,0,0,0,0,0,0,0,0,0,0,0,0.0509295817894065,0,0,0,0,0,0,0,0,0,0,0,0,0,0,0,0,0,0,0,0.0113176848420903,0,0,0,0,0,0.00282942121052258,0,0,0,0,0,0,0,0,0.00282942121052258,0,0,0,0,0,0,0,0,0,0,0,0,0,0,0,0,0,0,0,0,0,0,0,0,0.00565884242104517,0,0,0,0,0,0,0,0,0,0,0,0,0,0,0,0,0,0,0,0,0,0,0,0,0,0,0,0,0,0.00282942121052258,0,0,0,0.0141471060526129,0.00848826363156775,0,0,0,0,0,0,0,0,0,0,0,0,0,0,0,0,0,0,0,0,0,0,0,0,0,0,0,0,0,0,0,0,0,0,0,0,0,0,0,0,0,0,0,0,0,0,0,0,0,0,0,0,0,0,0.00282942121052258,0,0,0,0,0,0,0.00565884242104517,0,0,0,0,0,0,0,0,0,0,0,0,0,0,0,0,0,0,0,0,0,0,0.189571221105013,0,0,0,0,0,0,0,0,0,0,0.130153375684039,0,0,0,0,0,0,0,0,0,0,0,0,0,0,0,0,0,0,0,0,0,0,0,0,0,0,0,0,0,0,0,0,0,0,0,0,0,0,0,0,0,0,0,0,0,0,0,0,0,0,0,0,0,0,0,0,0,0,0,0.00282942121052258,0,0,0,0,0,0,0,0,0,0,0,0,0,0,0,0,0,0,0,0,0,0,0,0,0,0,0,0,0,0,0,0,0,0,0,0,0,0,0,0,0,0,0,0,0,0,0,0,0,0,0,0.118835690841949,0,0.00282942121052258,0.127323954473516,0,0,0,0,0,0,0,0,0,0,0,0,0,0,0,0,0.226353696841807,0,0,0,0,0,0.00565884242104517,0,0.333871702841665,0,0,0,0,0,0,0,0,0,0,0,0,0,0,0,0,0,0,0,0,0,0,0,0,0,0,0,0,0,0,0,0,0,2.92821569227475,0,0,0,0,0,0,0,0,0,0,0,0,0,0,0,0,0,0,0,0,0,0,0,0,0,0,0,0,0,0,0,0,0,0,0,0,0,0,0,0,0,0,0,0,0,0,0,0,0,0,0,0,0,0,0,0,0,0,0,0.387383452121338,0,0,0,0,0,0,0,0,0,0,0,0,0,0,0,0,0,0,0.0338899499970972,0,0,0,0,0,0,0,0,0,0,0,0,0,0,0,0,0,0,0,0,0.634829646581551,0,0,0,0.0433783964582779,0,0,0,0,0,0,0,0,0,0,0,0,0,0,0,0,0,0,0,0,0,0,0,0,0,0,0.00277015008610766,0,0,0,0,0,0,0,0,0,0,0,0,0,0,0,0,0,0,0,0,0,0,0,0,0,0,0,0.108700801963264,0,0,0,0,0,0,0,0,0,0,0,0,0,0,0,0,0,0,0,0,0,0,0,0,0,0,0,0.391275000360747,0,0,0,0,0,0,0,0,0,0,0.000319033007887927,0,0,0,0.353125348295029,0,0,0,0,0,0,0,0,0,0,0,0,0,0,0,0,0,0,0,0,0,6.61928269733558,0,0,0,0,0,0,0,0,0,0,0,0,0,0,0,0,0,0,0,0,0,0,0,0,0,0,0,0,0,0,0,0,0,0,0,0,0,0,0,0,0,0,0,0,0,0,0,0,0,0,0,0,0,0,0,0,0,0,0.76374841972847,0,0,0,0,0,0,0,0,0,0,0,0,0,0,0,0,0,0,0,0.510824640857437,0,0,0,0,0,0.0500872630950339,0,0,0,0,0,0,0,0,0.282170254946028,0,0,0,0,0,0,0,0,0,0,0,0,0,0,0,0,0,0,0,0,0,0,0,0,0.0418683121985095,0,0,0,0,0,0,0,0,0,0,0,0,0,0,0,0,0,0,0,0,0,0,0,0,0,0,0,0,0,0.029697605025645,0,0,0,4.90766056214286,1.26157659233903,0,0,0,0,0,0,0,0,0,0,0,0,0,0,0,0,0,0,0,0,0,0,0,0,0,0,0,0,0,0,0,0,0,0,0,0,0,0,0,0,0,0,0,0,0,0,0,0,0,0,0,0,0,0,0.0310176353076178,0,0,0,0,0,0,0.814269996745998,0,0,0,0,0,0,0,0,0,0,0,0,0,0,0,0,0,0,0,0,0,0,0.752169789394121,0,0,0,0,0,0,0,0,0,0,0.860699025755284,0,0,0,0,0,0,0,0,0,0,0,0,0,0,0,0,0,0,0,0,0,0,0,0,0,0,0,0,0,0,0,0,0,0,0,0,0,0,0,0,0,0,0,0,0,0,0,0,0,0,0,0,0,0,0,0,0,0,0,0.262412010841709,0,0,0,0,0,0,0,0,0,0,0,0,0,0,0,0,0,0,0,0,0,0,0,0,0,0,0,0,0,0,0,0,0,0,0,0,0,0,0,0,0,0,0,0,0,0,0,0,0,0,0,0.787598476302914,0,0.0249319482703874,0.530578922174342,0,0,0,0,0,0,0,0,0,0,0,0,0,0,0,0,0.139235817769816,0,0,0,0,0,0.19508658017775,0,3.63600120264292,0,0,0,0,0,0,0,0,0,0,0,0,0,0,0,0,0,93.50160159,96.04410166,85.7578014,94.21400161,109.6535019,117.9436021,100.0776017,95.95810168,121.300302,112.519302,108.7900018,"BAK-00335"
"586",7978,"nSPC",2015,"PRIAs","Pacific Remote Island Areas","Baker","Baker",2015,"ForereefMid","Baker","2015-02-08","Forereef","Mid",0.18751432,-176.47433482,14.5,20,0,11.5,20,46.5,2,0,0,NA,0.6025,0.404168782377068,1.45,2,1,8.91450368618514,42.8157114803353,8.78427129624851,8.47554444188987,68.9900309046588,1.84029382598424,0.00282942121052258,0,0,0,0,0,0,0,0,0,0,0,0,0,0,0,0.0254647908947033,0,0,0,0,0.00282942121052258,0,0,0,0,0,0,0,0,0,0,0,0,0,0,0,0,0.0282942121052258,0,0,0,0,0,0,0,0,0,0,0,0,0,0,0,0,0,0.00565884242104517,0,0,0,0,0,0,0,0,0,0,0,0,0,0,0,0,0,0,0,0.0169765272631355,0,0,0,0,0,0,0,0,0,0,0,0,0,0,0,0,0,0,0,0,0,0,0,0,0,0,0,0,0,0,0,0,0,0,0.00848826363156775,0,0,0,0,0,0,0,0,0.0226353696841807,0,0,0,0,0.0962003211577679,0.0198059484736581,0,0,0,0,0,0,0,0,0,0.00848826363156775,0,0,0,0,0,0,0,0.00282942121052258,0,0,0,0,0,0,0,0,0,0,0,0,0,0,0,0,0,0,0,0,0,0,0,0,0,0,0,0.172594693841878,0,0,0.00565884242104517,0,0,0,0,0,0,0,0,0,0,0,0,0,0,0,0,0,0,0,0,0,0,0,0,0,0,0,0,0,0,0,0,0.00565884242104517,0.0282942121052258,0,0,0,0,0,0,0,0,0,0,0,0,0,0,0,0,0,0,0,0.00282942121052258,0,0,0,0,0,0,0,0.0481001605788839,0.00282942121052258,0,0.0254647908947033,0,0,0,0,0,0,0,0.161277008999787,0,0,0,0,0,0,0,0,0,0,0,0,0,0,0,0,0,0,0,0,0,0,0,0,0,0,0,0,0,0,0,0,0,0,0,0,0,0,0,0,0,0,0,0,0,0,0,0,0,0,0.0169765272631355,0,0,0,0,0,0,0,0,0,0,0,0,0,0,0,0,0,0,0,0.00565884242104517,0,0,0.00565884242104517,0,0,0.0254647908947033,0,0,0,0,0,0,0,0,0,0,0,0,0,0,0,0,0,0,0,0,0,0,0,0,0,0,0,0,0,0,0,0,0,0.00565884242104517,0,0,0,0.00565884242104517,0,0,0,0,0,0,0,0,14.1471060526129,0,0,0,0.00565884242104517,0,0,0,0,0,22.6353696841807,0,0,0,0,0,0,0,0,0,0,0.0594178454209743,0.0113176848420903,0,0,0,0,0,0,0,0,0,0,0,0,0,0,0,0,0,0,0,0,0,0,0.00565884242104517,0.00282942121052258,0,0,0,0,0,0,0,0,0,0,0,0,0,0,0,0,0,0,0.0169765272631355,0,0,0,0,0,0,0,0,0,0,0.00282942121052258,0.00282942121052258,0,0,0,0,0,0.00282942121052258,0.00282942121052258,0,0.00848826363156775,0,0.00282942121052258,0,0,0,0,0,0,0,0,0,0,0,0,0,0,0,0,0,0,0.0509295817894065,0,0,0,0,0.0650766878420194,0,0,0,0,0,0,0,0.00282942121052258,0,0,0,0,0,0,0,0,0,0,0,0,0,0,0,0,0,0,0,7.07355302630646,0,0,0,0,0,0,0,0,0,0,0,0,0.0594178454209743,0,0,0,0,0.00848826363156775,0,0,0,0,0,0,0,0,0,0,0,0,0,0,0,0,0,0,0,0,0,0,0,0,0,0,0,0,0,0.0198059484736581,0,0,0,0,0,0,0,0,0,0,0,0,0,0,0,0,0,0,0.00282942121052258,0,0,0,0,0.00282942121052258,0,0,0,0,0,0,0,0,0,0,0,0,0,0,0,0,0,0.0509295817894065,0,0,0,0,0,0,0,0,0,0,0,0,0,0,0,0,0,0,0,0,0,0,0,0,0,0,0,0,0,0,0,0,0,0,0,0,0,0,0,0,0.00282942121052258,0,0,0,0,0.0810844237718099,0,0,0,0,0,0,0,0,0,0,0,0,0,0,0,1.13706412175649,0,0,0,0,0.468452961248233,0,0,0,0,0,0,0,0,0,0,0,0,0,0,0,0,0.20948399136571,0,0,0,0,0,0,0,0,0,0,0,0,0,0,0,0,0,1.06286641889039,0,0,0,0,0,0,0,0,0,0,0,0,0,0,0,0,0,0,0,2.18629806798875,0,0,0,0,0,0,0,0,0,0,0,0,0,0,0,0,0,0,0,0,0,0,0,0,0,0,0,0,0,0,0,0,0,0,2.08914793840227,0,0,0,0,0,0,0,0,0.0696965209766067,0,0,0,0,0.127357565319636,2.9618339170794,0,0,0,0,0,0,0,0,0,0.409521053707509,0,0,0,0,0,0,0,0.162145055343946,0,0,0,0,0,0,0,0,0,0,0,0,0,0,0,0,0,0,0,0,0,0,0,0,0,0,0,0.239582938653726,0,0,0.666401551833678,0,0,0,0,0,0,0,0,0,0,0,0,0,0,0,0,0,0,0,0,0,0,0,0,0,0,0,0,0,0,0,0,0.0509202299251899,0.0108097955704419,0,0,0,0,0,0,0,0,0,0,0,0,0,0,0,0,0,0,0,0.0450093518511594,0,0,0,0,0,0,0,1.43641583779349,0.0379145771797484,0,1.66644430816665,0,0,0,0,0,0,0,0.214061846818073,0,0,0,0,0,0,0,0,0,0,0,0,0,0,0,0,0,0,0,0,0,0,0,0,0,0,0,0,0,0,0,0,0,0,0,0,0,0,0,0,0,0,0,0,0,0,0,0,0,0,0.372198067312366,0,0,0,0,0,0,0,0,0,0,0,0,0,0,0,0,0,0,0,0.200662733667632,0,0,0.134708523000339,0,0,0.103598974681163,0,0,0,0,0,0,0,0,0,0,0,0,0,0,0,0,0,0,0,0,0,0,0,0,0,0,0,0,0,0,0,0,0,0.027397062361695,0,0,0,0.0075167372981692,0,0,0,0,0,0,0,0,8.98140345434973,0,0,0,3.96906242472232,0,0,0,0,0,5.82027504821153,0,0,0,0,0,0,0,0,0,0,9.37129945110535,1.36861666960821,0,0,0,0,0,0,0,0,0,0,0,0,0,0,0,0,0,0,0,0,0,0,7.1584838337634,0.261673840546466,0,0,0,0,0,0,0,0,0,0,0,0,0,0,0,0,0,0,1.76491995205676,0,0,0,0,0,0,0,0,0,0,0.195743433710495,0.0204346147065911,0,0,0,0,0,0.0448203933684347,0.27065604470659,0,0.827523277309942,0,0.344770422496462,0,0,0,0,0,0,0,0,0,0,0,0,0,0,0,0,0,0,0.467399608361948,0,0,0,0,0.263883108647047,0,0,0,0,0,0,0,0.00120080898323531,0,0,0,0,0,0,0,0,0,0,0,0,0,0,0,0,0,0,0,6.82423857634126,0,0,0,0,0,0,0,0,0,0,0,0,0.256285196561485,0,0,0,0,0.00745883959115878,0,0,0,0,0,0,0,0,0,0,0,0,0,0,0,0,0,0,0,0,0,0,0,0,0,0,0,0,0,2.22361100571638,0,0,0,0,0,0,0,0,0,0,0,0,0,0,0,0,0,0,0.496610960607458,0,0,0,0,1.34368286537678,0,0,0,0,0,0,0,0,0,0,0,0,0,0,0,0,0,0.370341067668751,0,0,0,0,0,0,0,0,0,0,0,0,0,0,0,0,0,0,0,0,0,0,0,0,0,0,0,0,0,0,0,0,0,0,0,0,0,0,0,0,0.157041434176719,0,0,0,0,89.57180152,90.00410156,78.77940129,88.5157015,102.6520018,113.315002,96.75480166,90.94470159,113.9760019,109.7265019,100.7724017,"BAK-00287"
"587",7979,"nSPC",2015,"PRIAs","Pacific Remote Island Areas","Baker","Baker",2015,"ForereefDeep","Baker","2015-02-08","Forereef","Deep",0.18813643,-176.4776098,22.7,15,0,2.5,30,50,2.5,0,0,NA,0.555,0.357523602804402,1.35,2,1,15.1060807055302,29.2711237894611,10.6486669632797,18.1110843235652,73.1369557818361,3.22715716034234,0,0,0,0,0,0,0,0,0,0,0,0,0,0,0,0,0.033953054526271,0,0,0,0,0.00282942121052258,0,0,0,0.0509295817894065,0,0,0,0,0.0169765272631355,0,0,0,0,0,0,0,0,0,0,0,0,0,0,0,0,0,0,0,0,0,0,0,0,0,0.00282942121052258,0,0,0,0,0,0,0,0,0,0,0,0,0,0,0,0,0,0,0,0.0141471060526129,0,0,0,0,0,0,0.00282942121052258,0,0,0,0,0,0,0,0,0,0,0,0,0,0,0,0,0,0,0,0,0,0,0,0,0,0,0,0,0,0,0,0,0.00282942121052258,0,0,0,0.0226353696841807,0,0,0,0,0.0113176848420903,0.0226353696841807,0,0,0,0,0,0,0,0,0,0.00848826363156775,0,0,0,0,0,0,0,0,0,0,0,0,0,0,0,0,0,0,0,0,0,0,0,0,0,0,0,0,0,0,0,0,0,0,0,0.0905414787367227,0,0,0.00282942121052258,0,0,0,0,0,0,0.00282942121052258,0,0,0,0,0,0,0,0,0,0,0,0,0,0,0,0,0,0,0,0,0,0,0,0,0,0,0,0,0,0,0,0,0,0,0,0,0,0,0,0,0,0,0,0,0,0,0,0,0,0,0,0,0,0,0.0254647908947033,0,0,0.0113176848420903,0,0,0,0,0,0,0,0.00565884242104517,0,0,0,0,0,0,0,0,0,0,0,0,0,0,0,0,0,0,0,0,0,0,0,0,0,0,0.00282942121052258,0,0.00282942121052258,0,0,0,0,0,0,0,0,0,0,0,0.00565884242104517,0,0,0,0,0,0,0,0,0,0.00565884242104517,0,0,0,0,0,0,0,0,0,0,0,0,0,0,0,0,0,0,0,0,0,0,0,0,0,0.00282942121052258,0,0,0,0,0,0,0,0,0.0113176848420903,0,0,0,0,0,0,0,0,0,0,0,0,0,0,0,0,0,0,0,0,0,0,0,0.00282942121052258,0.00565884242104517,0,0,0,0.0113176848420903,0,0,0,0,0,0,0,0,0,0,0,0,0.0141471060526129,0,0,0,0,0,0,0,0,0,0,0,0,0,0,0,0,0,0.00565884242104517,0,0,0,0,0,0,0,0.0282942121052258,0.0962003211577679,0,0.0509295817894065,0,0,0,0,0,0,0,0,0,0,0,0.00565884242104517,0.0113176848420903,0,0,0,0,0,0,0,0,0,0,0,0,0,0,0,0,0,0,0,0,0,0,0,0,0,0,0,0,0,0,0.00565884242104517,0,0,0,0,0,0,0,0,0.00565884242104517,0,0,0,0,0,0,0,0,0,0,0,0,0,0.00282942121052258,0,0,0,0,0,0,0,0,0,0,0,0.033953054526271,0,0,0,0,0,0,0,0,0,0,0,0,0,0,0,0.00282942121052258,0,0,0,0,0,0,0,0,0,0,0,22.6353696841807,0,0,0,0,0,0,0,0.0113176848420903,0,0,0,0,0.0396118969473162,0,0,0,0,0,0,0,0,0,0,0,0,0,0,0,0,0,0,0,0,0,0,0,0,0,0,0,0,0,0,0,0,0,0,0.00565884242104517,0,0,0,0,0,0,0,0,0,0,0,0,0,0,0,0,0,0,0.00565884242104517,0,0,0,0,0,0,0,0,0,0,0,0,0,0,0,0,0,0,0,0,0,0,0,0,0,0,0,0,0,0,0,0,0,0,0,0,0,0,0,0,0,0,0,0,0,0,0,0,0,0,0,0,0,0,0,0,0,0,0,0,0,0,0,0.00282942121052258,0,0,0,0,0,0,0,0,0,0,0,0,0,0,0,0,0,0,0,0,1.76570112820705,0,0,0,0,0.468452961248233,0,0,0,1.98818646741576,0,0,0,0,2.39029503864948,0,0,0,0,0,0,0,0,0,0,0,0,0,0,0,0,0,0,0,0,0,0,0,0,0,0.652170271340614,0,0,0,0,0,0,0,0,0,0,0,0,0,0,0,0,0,0,0,1.40057044178667,0,0,0,0,0,0,0.0194765353694383,0,0,0,0,0,0,0,0,0,0,0,0,0,0,0,0,0,0,0,0,0,0,0,0,0,0,0,0,0,0,0,0,0.734847163315798,0,0,0,0.107189356915597,0,0,0,0,0.017224800080845,2.61643700666795,0,0,0,0,0,0,0,0,0,0.603993528584372,0,0,0,0,0,0,0,0,0,0,0,0,0,0,0,0,0,0,0,0,0,0,0,0,0,0,0,0,0,0,0,0,0,0,0,0.215785242736263,0,0,0.223531678154915,0,0,0,0,0,0,0.0363164088629361,0,0,0,0,0,0,0,0,0,0,0,0,0,0,0,0,0,0,0,0,0,0,0,0,0,0,0,0,0,0,0,0,0,0,0,0,0,0,0,0,0,0,0,0,0,0,0,0,0,0,0,0,0,0,0.630166343283417,0,0,0.864150981674068,0,0,0,0,0,0,0,0.0983303045783537,0,0,0,0,0,0,0,0,0,0,0,0,0,0,0,0,0,0,0,0,0,0,0,0,0,0,0.725536993815722,0,0.368956299498448,0,0,0,0,0,0,0,0,0,0,0,0.155405959987953,0,0,0,0,0,0,0,0,0,0.143251468323722,0,0,0,0,0,0,0,0,0,0,0,0,0,0,0,0,0,0,0,0,0,0,0,0,0,0.0376313020999504,0,0,0,0,0,0,0,0,1.45226721064128,0,0,0,0,0,0,0,0,0,0,0,0,0,0,0,0,0,0,0,0,0,0,0,0.00785111761276115,0.0177965605695409,0,0,0,0.019262080996146,0,0,0,0,0,0,0,0,0,0,0,0,9.4041394423073,0,0,0,0,0,0,0,0,0,0,0,0,0,0,0,0,0,1.00251502316982,0,0,0,0,0,0,0,2.22428753528332,8.53646958854223,0,8.87148500096277,0,0,0,0,0,0,0,0,0,0,0,6.22797397309913,2.56610920835829,0,0,0,0,0,0,0,0,0,0,0,0,0,0,0,0,0,0,0,0,0,0,0,0,0,0,0,0,0,0,0.0330568901144292,0,0,0,0,0,0,0,0,0.947182221020743,0,0,0,0,0,0,0,0,0,0,0,0,0,0.103260292962264,0,0,0,0,0,0,0,0,0,0,0,0.12295940333691,0,0,0,0,0,0,0,0,0,0,0,0,0,0,0,0.38366612084141,0,0,0,0,0,0,0,0,0,0,0,9.87683038484381,0,0,0,0,0,0,0,0.0967707324738092,0,0,0,0,0.282769126258727,0,0,0,0,0,0,0,0,0,0,0,0,0,0,0,0,0,0,0,0,0,0,0,0,0,0,0,0,0,0,0,0,0,0,1.40997528592336,0,0,0,0,0,0,0,0,0,0,0,0,0,0,0,0,0,0,3.22715716034234,0,0,0,0,0,0,0,0,0,0,0,0,0,0,0,0,0,0,0,0,0,0,0,0,0,0,0,0,0,0,0,0,0,0,0,0,0,0,0,0,0,0,0,0,0,0,0,0,0,0,0,0,0,0,0,0,0,0,0,0,0,0,0,0.0595637395781947,0,0,0,0,61.48730102,69.78470119,61.11060099,66.30160111,71.79070124,77.40450141,80.52840136,66.30800118,76.71590123,95.22560166,80.36500133,"BAK-00247"
"588",7980,"nSPC",2015,"PRIAs","Pacific Remote Island Areas","Baker","Baker",2015,"ForereefMid","Baker","2015-02-08","Forereef","Mid",0.18850934,-176.48145986,15.25,13.5,0,1,35.5,40,0,10,0,NA,0.53,0.300854413111436,1.1,2,1,5.78234185543435,41.9489503373168,13.6725112135396,17.2664577153491,78.6702611216398,1.65786733943665,0,0,0,0,0,0,0,0,0,0,0,0,0,0.00282942121052258,0,0,0.00848826363156775,0,0,0,0,0,0,0,0,0.144300481736652,0,0,0,0,0,0,0,0,0,0,0,0,0,0,0,0,0,0,0,0,0,0,0,0,0,0,0,0,0,0,0.00565884242104517,0,0,0,0,0,0,0,0,0,0,0,0,0,0,0,0,0.00282942121052258,0,0,0.0452707393683613,0,0,0,0,0,0,0,0,0,0,0,0,0,0,0,0,0,0,0,0,0,0,0,0,0,0,0,0,0,0,0,0,0,0,0.0311236333157484,0,0,0,0,0,0,0,0,0.0141471060526129,0,0,0,0,0.0792237938946324,0.00848826363156775,0,0,0,0,0,0,0,0,0,0,0,0.0565884242104517,0,0,0,0,0,0,0,0,0,0,0,0,0,0,0,0,0,0,0,0,0,0,0,0,0,0,0,0,0,0,0,0,0,0.212206590789194,0,0,0.00565884242104517,0,0,0,0,0,0,0.00282942121052258,0,0,0,0,0,0,0,0,0,0,0,0,0,0,0,0,0.00848826363156775,0,0,0,0,0,0,0,0,0,0,0,0,0,0,0,0,0,0,0,0,0,0,0,0,0,0,0,0,0,0,0,0,0,0,0,0,0,0.0396118969473162,0,0,0.0141471060526129,0,0,0,0,0,0,0,0.00565884242104517,0,0,0,0,0,0,0,0,0.00282942121052258,0,0,0.00282942121052258,0,0,0,0,0,0,0,0,0,0,0,0,0,0,0,0,0,0,0,0,0,0,0,0,0,0,0,0,0.00282942121052258,0,0,0,0,0,0,0,0,0,0.0141471060526129,0,0,0,0,0,0,0,0,0,0,0,0,0,0,0,0,0,0,0,0.00848826363156775,0,0,0,0,0,0.00848826363156775,0,0,0,0,0,0,0,0,0,0,0,0,0,0,0,0,0,0,0,0,0,0,0,0,0,0,0,0,0,0,0,0,0.00282942121052258,0.00848826363156775,0,0,0,0,0,0,0,0,0,0,0,0,0.0565884242104517,0,0,0,0.00282942121052258,0.0226353696841807,0.0113176848420903,0,0.00282942121052258,0,2.82942121052258,0,0,0,0,0,0,0,0,0,0,0,0.0198059484736581,0,0,0,0,0,0,0,0,0.0113176848420903,0,0.00282942121052258,0,0,0,0,0,0,0,0,0,0,0,0,0.00282942121052258,0,0,0,0,0,0,0,0,0,0,0,0,0,0,0,0,0,0,0,0,0,0,0,0,0,0,0,0,0,0,0.00565884242104517,0,0,0,0,0,0,0.00848826363156775,0,0,0,0,0,0,0,0,0,0,0,0,0,0,0,0,0,0,0,0,0,0,0.00848826363156775,0,0,0,0,0.0452707393683613,0,0,0,0,0,0,0,0,0,0,0,0,0,0,0,0,0,0,0,0,0,0,0,0,0,0,0,11.8835690841949,0,0,0,0,0,0,0,0.0113176848420903,0,0,0,0,0.0622472666314968,4.24979065820492,0,0,0,0.0282942121052258,0,0,0,0,0,0,0,0,0,0,0,0,0,0,0,0,0,0,0,0,0,0,0,0,0,0,0,0,0,0.00565884242104517,0,0,0,0,0,0,0,0,0,0,0,0,0,0,0,0,0,0,0,0,0,0,0,0.00282942121052258,0,0,0,0,0,0,0,0,0,0,0,0,0,0,0,0,0,0,0,0,0,0,0,0,0,0,0,0,0,0,0,0,0,0,0,0,0,0.00565884242104517,0,0,0,0,0,0,0,0.00282942121052258,0,0,0,0,0,0,0,0,0,0,0,0,0.00282942121052258,0,0,0.0311236333157484,0,0,0,0,0,0,0,0,0,0,0,0,0,0,1.02057955741588,0,0,0.431746084832153,0,0,0,0,0,0,0,0,10.8397223176237,0,0,0,0,0,0,0,0,0,0,0,0,0,0,0,0,0,0,0,0,0,0,0,0,0,0,0,0,0,0,1.11637218869198,0,0,0,0,0,0,0,0,0,0,0,0,0,0,0,0,0.031028975876009,0,0,3.35707981431609,0,0,0,0,0,0,0,0,0,0,0,0,0,0,0,0,0,0,0,0,0,0,0,0,0,0,0,0,0,0,0,0,0,0,10.0804330798274,0,0,0,0,0,0,0,0,0.0742237278620396,0,0,0,0,0.14635656729096,1.66998832594367,0,0,0,0,0,0,0,0,0,0,0,0.0394194963050006,0,0,0,0,0,0,0,0,0,0,0,0,0,0,0,0,0,0,0,0,0,0,0,0,0,0,0,0,0,0,0,0,0,0.465734048936859,0,0,0.358222584828211,0,0,0,0,0,0,0.0875317383401884,0,0,0,0,0,0,0,0,0,0,0,0,0,0,0,0,4.18159198573397,0,0,0,0,0,0,0,0,0,0,0,0,0,0,0,0,0,0,0,0,0,0,0,0,0,0,0,0,0,0,0,0,0,0,0,0,0,1.34815514657261,0,0,0.812193903506119,0,0,0,0,0,0,0,0.132854219763465,0,0,0,0,0,0,0,0,0.899693058342016,0,0,0.00854700238437323,0,0,0,0,0,0,0,0,0,0,0,0,0,0,0,0,0,0,0,0,0,0,0,0,0,0,0,0,0.0611154981472878,0,0,0,0,0,0,0,0,0,0.126621253870682,0,0,0,0,0,0,0,0,0,0,0,0,0,0,0,0,0,0,0,0.224812444576749,0,0,0,0,0,0.0532482924714298,0,0,0,0,0,0,0,0,0,0,0,0,0,0,0,0,0,0,0,0,0,0,0,0,0,0,0,0,0,0,0,0,0.0048155202490365,0.0280044255478636,0,0,0,0,0,0,0,0,0,0,0,0,0.117219525446498,0,0,0,1.56731926198223,4.36306620604993,5.42432292474275,0,0.782065435559203,0,2.56417711914214,0,0,0,0,0,0,0,0,0,0,0,2.23802053520201,0,0,0,0,0,0,0,0,1.00862133914481,0,0.492860277831265,0,0,0,0,0,0,0,0,0,0,0,0,0.761078923321089,0,0,0,0,0,0,0,0,0,0,0,0,0,0,0,0,0,0,0,0,0,0,0,0,0,0,0,0,0,0,0.0408692294131822,0,0,0,0,0,0,0.615567667381261,0,0,0,0,0,0,0,0,0,0,0,0,0,0,0,0,0,0,0,0,0,0,0.0525804951259142,0,0,0,0,0.190056667395823,0,0,0,0,0,0,0,0,0,0,0,0,0,0,0,0,0,0,0,0,0,0,0,0,0,0,0,8.8375924624825,0,0,0,0,0,0,0,0.0322254099351259,0,0,0,0,0.443630466163264,7.85317823317905,0,0,0,0.276693920656364,0,0,0,0,0,0,0,0,0,0,0,0,0,0,0,0,0,0,0,0,0,0,0,0,0,0,0,0,0,0.650564291861521,0,0,0,0,0,0,0,0,0,0,0,0,0,0,0,0,0,0,0,0,0,0,0,1.65786733943665,0,0,0,0,0,0,0,0,0,0,0,0,0,0,0,0,0,0,0,0,0,0,0,0,0,0,0,0,0,0,0,0,0,0,0,0,0,0.00145149308099809,0,0,0,0,0,0,0,0.0134898315054085,0,0,0,0,0,0,0,0,0,0,0,0,0.0849533639789772,0,0,1.00069744236615,0,49.78520081,48.93160082,49.41240079,51.84360089,58.02250102,52.49070097,54.87520094,56.47370101,57.94000094,77.94790133,49.81120081,"BAK-00273"
"589",7981,"nSPC",2015,"PRIAs","Pacific Remote Island Areas","Baker","Baker",2015,"ForereefShallow","Baker","2015-02-08","Forereef","Shallow",0.19155691,-176.48886384,5.35,25,0,1,21.5,47.5,0,5,0,NA,0.67875,0.458378666251046,1.7,2,1,10.257345863189,56.5024309477616,117.777680847868,17.7548480200135,202.292305678832,22.7359894282922,0,0,0,0,0,0,0,0,0,0,0,0,0.118835690841949,0.00565884242104517,0,0.00565884242104517,0.0169765272631355,0,0,0,0,0,0,0,0,0,1.44300481736652,0,0,0,0,0,0,0,0,0,0,0,0,0,0,0.00282942121052258,0,0,0,0,0,0,0,0,0,0,0,0,0,0,0.00282942121052258,0,0,0,0,0,0,0,0,0.00282942121052258,0,0,0,0,0,0,0,0,0,0,0.00848826363156775,0.00282942121052258,0,0,0,0,0,0,0,0,0,0,0,0,0,0,0,0,0,0,0,0,0,0,0,0,0,0.00282942121052258,0,0,0,0,0,0,0,0,0,0,0,0,0.00282942121052258,0,0,0,0.0509295817894065,0,0,0,0,0.127323954473516,0.00282942121052258,0,0,0,0,0,0,0,0,0,0.00565884242104517,0,0,0,0,0,0,0,0.0113176848420903,0,0,0,0,0,0,0,0,0,0,0,0,0,0,0,0,0,0,0,0,0,0,0,0,0,0,0.00565884242104517,0.107518005999858,0.00282942121052258,0,0.00565884242104517,0,0,0,0,0,0,0,0,0,0,0,0,0,0,0,0,0,0,0,0,0,0,0,0,0,0,0,0.990297423682904,0,0,0,0,0,0,0,0,0,0,0,0,0,0,0,0,0,0,0,0,0,0,0,0.00282942121052258,0,0,0,0,0,0,0,0,0,0.0537590029999291,0,0,0.15278874536822,0,0.00282942121052258,0,0,0,0,0,0,0,0,0,0,0,0,0,0,0,0,0,0.00282942121052258,0,0,0,0,0,0,0,0,0,0,0,0,0,0,0,0,0,0,0,0,0,0,0,0,0,0,0,0,0,0,0,0,0,0,0,0,0,0,0.0113176848420903,0,0,0,0,0,0,0,0,0,0,0,0,0,0,0,0,0,0,0,0.00282942121052258,0,0,0,0,0,0.0169765272631355,0,0,0,0,0,0,0,0,0.0113176848420903,0,0,0,0,0,0,0,0,0,0,0,0,0,0,0,0,0,0,0,0,0,0,0,0,0.00565884242104517,0,0,0,0.0141471060526129,0,0,0,0,0,0,0,0,1.13176848420903,0,0,0,0.00565884242104517,0,0,0,0,0,0.0565884242104517,0,0,0,0,0,0,0,0,0,0,0.0254647908947033,0.0367824757367936,0,0,0,0,0,0,0,0,0,0,0,0,0,0,0,0,0,0,0,0,0,0,0,0.00282942121052258,0,0,0,0,0,0,0.00282942121052258,0,0,0,0,0,0,0,0,0,0,0,0,0,0,0,0,0,0,0,0,0,0,0.00282942121052258,0.0169765272631355,0,0,0,0,0,0.00565884242104517,0.0141471060526129,0.00565884242104517,0.0141471060526129,0,0.00282942121052258,0,0,0,0,0,0,0,0,0,0,0,0,0,0,0,0,0,0,0.254647908947033,0,0,0,0,0.0282942121052258,0,0,0,0,0,0,0,0,0,0,0,0,0,0,0,0.00565884242104517,0,0,0,0,0,0,0,0,0,0,0,58.003134815713,0,0,0,0,0,0,0,0.00282942121052258,0,0,0,0,0.0905414787367227,0.0848826363156775,0,0,0,0,0,0,0,0,0,0,0,0,0,0,0,0,0,0,0,0,0,0,0,0,0,0,0,0,0,0,0,0,0,0.00565884242104517,0,0,0,0,0,0,0,0,0.00282942121052258,0,0,0,0,0,0,0,0,0,0.0226353696841807,0,0,0,0,0.00848826363156775,0,0,0,0,0,0,0,0,0,0,0,0,0,0,0,0,0,0.0113176848420903,0,0,0.121665112052471,0,0,0,0,0,0,0,0,0,0,0,0,0,0,0,0,1.5278874536822,0,0,0,0,0,0,0,0.0169765272631355,0,0,0,0,0,0,0,0,0,0,0,0,0,0,0,0,0,0,0,0,0,0,0,0,0,0,0,0,0,29.6528713071618,2.04115911483177,0,5.90122780616703,1.34245453471805,0,0,0,0,0,0,0,0,0,38.7811177258105,0,0,0,0,0,0,0,0,0,0,0,0,0,0,0.361468462618497,0,0,0,0,0,0,0,0,0,0,0,0,0,0,0.173262437247561,0,0,0,0,0,0,0,0,0.164745453008912,0,0,0,0,0,0,0,0,0,0,1.08781188421168,3.16135277465661,0,0,0,0,0,0,0,0,0,0,0,0,0,0,0,0,0,0,0,0,0,0,0,0,0,0.00599897092383779,0,0,0,0,0,0,0,0,0,0,0,0,0.489340134096332,0,0,0,0.203683217121103,0,0,0,0,0.322067198595716,1.20048878956321,0,0,0,0,0,0,0,0,0,0.472295118107711,0,0,0,0,0,0,0,0.554645727010311,0,0,0,0,0,0,0,0,0,0,0,0,0,0,0,0,0,0,0,0,0,0,0,0,0,0,0.447063356309831,0.158699972161243,2.65632511985617,0,0.260861585044025,0,0,0,0,0,0,0,0,0,0,0,0,0,0,0,0,0,0,0,0,0,0,0,0,0,0,0,1.02563689460233,0,0,0,0,0,0,0,0,0,0,0,0,0,0,0,0,0,0,0,0,0,0,0,4.07266740771433,0,0,0,0,0,0,0,0,0,2.50955524019039,0,0,12.3783563270316,0,0.196479869561199,0,0,0,0,0,0,0,0,0,0,0,0,0,0,0,0,0,0.00573965225999774,0,0,0,0,0,0,0,0,0,0,0,0,0,0,0,0,0,0,0,0,0,0,0,0,0,0,0,0,0,0,0,0,0,0,0,0,0,0,0.315626589181654,0,0,0,0,0,0,0,0,0,0,0,0,0,0,0,0,0,0,0,0.0282516368521179,0,0,0,0,0,0.215589729730616,0,0,0,0,0,0,0,0,1.26337957770073,0,0,0,0,0,0,0,0,0,0,0,0,0,0,0,0,0,0,0,0,0,0,0,0,0.0337406772027149,0,0,0,0.0107661401744437,0,0,0,0,0,0,0,0,1.02567084765686,0,0,0,6.01392828659177,0,0,0,0,0,0.117219525446498,0,0,0,0,0,0,0,0,0,0,7.21003349009781,5.53916743942203,0,0,0,0,0,0,0,0,0,0,0,0,0,0,0,0,0,0,0,0,0,0,0,0.864545884661978,0,0,0,0,0,0,10.8967069512577,0,0,0,0,0,0,0,0,0,0,0,0,0,0,0,0,0,0,0,0,0,0,0.382311393965811,0.154356750042627,0,0,0,0,0,0.172439480083676,1.35328022353295,0.201063887327123,1.58058753177298,0,0.344770422496462,0,0,0,0,0,0,0,0,0,0,0,0,0,0,0,0,0,0,1.18950682151905,0,0,0,0,0.0935534975256585,0,0,0,0,0,0,0,0,0,0,0,0,0,0,0,1.45626008985357,0,0,0,0,0,0,0,0,0,0,0,29.1963447639889,0,0,0,0,0,0,0,0.0102062881905971,0,0,0,0,0.200914294321287,0.322725742166646,0,0,0,0,0,0,0,0,0,0,0,0,0,0,0,0,0,0,0,0,0,0,0,0,0,0,0,0,0,0,0,0,0,0.609581257395586,0,0,0,0,0,0,0,0,1.30989700097384,0,0,0,0,0,0,0,0,0,15.5574530554055,0,0,0,0,3.21231425205661,0,0,0,0,0,0,0,0,0,0,0,0,0,0,0,0,0,0.202389496183441,0,0,1.00184509336247,0,0,0,0,0,0,0,0,0,0,0,0,0,0,0,0,0.441361414629418,0,0,0,0,0,0,0,0.137140065479182,0,0,0,0,0,0,0,0,0,0,0,0,0,0,0,0,0,72.36870123,80.38460135,95.44760161,77.72650132,72.03550124,61.36100114,80.02590138,87.58740152,71.98780121,71.52040121,74.72180126,"BAK-00333"
"590",7982,"nSPC",2015,"PRIAs","Pacific Remote Island Areas","Baker","Baker",2015,"ForereefShallow","Baker","2015-02-08","Forereef","Shallow",0.19731168,-176.4855493,5.15,6,0,0,6.5,65,2.5,20,0,NA,1.0075,0.953885636782489,4.5,2,1,7.99436356282603,13.676041107987,128.798403900526,63.5312912022288,214.000099773568,24.6041031093744,0,0,0,0,0,0,0,0,0,0,0,0,0.0848826363156775,0,0.00282942121052258,0,0.0622472666314969,0,0,0,0,0,0,0,0,0,1.70897041115564,0,0.00282942121052258,0,0,0,0,0,0,0,0,0,0,0,0,0,0,0,0,0,0,0,0,0,0,0,0,0,0,0,0,0,0,0,0,0,0,0,0,0,0,0,0,0.00282942121052258,0,0,0,0,0,0,0,0,0,0,0,0,0,0,0,0,0,0,0,0,0,0,0,0,0,0,0,0,0,0,0,0,0,0,0,0,0,0,0,0,0,0,0,0,0,0,0,0,0,0,0.0226353696841807,0,0,0,0,0,0,0,0,0,0,0,0,0,0,0,0.00282942121052258,0,0,0,0,0,0,0,0,0,0,0,0,0,0,0,0,0,0,0,0,0,0,0,0,0,0,0,0,0,0,0,0,0,0,0.0113176848420903,0.0282942121052258,0,0,0,0,0,0,0,0,0,0,0,0,0,0,0,0,0,0,0,0,0,0,0,0.00282942121052258,0,0,0.00282942121052258,0,0,0,1.14591559026165,0,0,0,0,0,0,0,0,0,0,0,0,0,0.0169765272631355,0,0,0,0,0,0,0,0,0,0,0,0,0,0,0,0.00282942121052258,0,0,0,0.0198059484736581,0,0,0.0282942121052258,0,0.110347427210381,0,0,0,0,0,0,0,0,0,0,0,0,0,0,0,0,0,0,0,0,0,0,0,0,0,0,0,0,0,0,0,0,0,0,0,0,0,0,0,0,0,0,0,0,0,0,0.00565884242104517,0,0,0,0,0,0,0,0,0,0,0,0,0,0,0,0,0,0,0,0,0,0,0,0,0,0,0,0,0,0.00282942121052258,0,0,0,0,0,0.00565884242104517,0,0,0,0,0,0,0,0,0,0,0,0,0,0,0,0,0,0,0,0,0,0,0,0,0,0,0,0,0,0,0,0,0,0,0,0,0,0.00848826363156775,0,0,0,0,0,0,0,0,0,0,0,0,0.00848826363156775,0.0113176848420903,0.00848826363156775,0,0.00848826363156775,0,0,0,0,0,0,0,0,0,0,0,0,0,0.0226353696841807,0.00565884242104517,0,0,0,0,0,0,0,0,0,0,0,0,0,0,0,0,0,0,0,0,0,0.00565884242104517,0.00565884242104517,0,0,0,0,0,0,0,0,0,0,0,0,0,0,0,0,0,0,0,0,0,0,0,0,0,0,0,0,0,0,0.00565884242104517,0,0,0,0,0,0,0.00565884242104517,0,0.00565884242104517,0,0,0,0,0,0,0,0,0,0,0,0,0,0,0,0,0,0,0,0,0.0282942121052258,0,0,0,0,0,0,0,0,0,0,0,0,0,0,0,0,0,0,0,0,0,0,0,0,0,0,0,0,0,0,0,0,0.990297423682904,0,0,0,0,0,0,0,0,0,0,0,0,0,0,0,0,0,0,0,0,0,0,0,0,0,0,0,0,0,0,0,0.0565884242104517,0,0,0,0,0,0,0,0,0,0,0,0,0,0,0,0.00565884242104517,0,0,0,0,0,0,0,0,0.0113176848420903,0,0,0,0,0,0,0,0,0,0.00565884242104517,0,0,0,0,0.00282942121052258,0,0,0,0.00848826363156775,0,0,0,0,0,0,0,0,0,0,0,0,0,0.0226353696841807,0,0,0.0452707393683613,0,0,0,0,0,0,0,0,0,0,0,0,0,0,0,0,1.04971526910388,0,0,0,0,0,0,0,0.0396118969473162,0,0.00282942121052258,0,0,0,0,0,0,0,0,0,0,0,0,0,0,0,0,0,0,0,0,0,0,0,0,0,0,0,20.4070296625246,0,0.512234066195322,0,4.04694150141376,0,0,0,0,0,0,0,0,0,59.6843532810262,0,34.3450354125403,0,0,0,0,0,0,0,0,0,0,0,0,0,0,0,0,0,0,0,0,0,0,0,0,0,0,0,0,0,0,0,0,0,0,0,0,0,0,0,0,3.79165484803011,0,0,0,0,0,0,0,0,0,0,0,0,0,0,0,0,0,0,0,0,0,0,0,0,0,0,0,0,0,0,0,0,0,0,0,0,0,0,0,0,0,0,0,0,0,0,0,0,0,0,0.168642539021196,0,0,0,0,0,0,0,0,0,0,0,0,0,0,0,0.197316632695133,0,0,0,0,0,0,0,0,0,0,0,0,0,0,0,0,0,0,0,0,0,0,0,0,0,0,0,0,0,0,0,0,0,0,0.811589365391602,0.0305136101027598,0,0,0,0,0,0,0,0,0,0,0,0,0,0,0,0,0,0,0,0,0,0,0,0.267016246208585,0,0,2.26538638445273,0,0,0,1.35194272512706,0,0,0,0,0,0,0,0,0,0,0,0,0,0.0181013054251498,0,0,0,0,0,0,0,0,0,0,0,0,0,0,0,0.0846268566382463,0,0,0,0.748524718429826,0,0,4.61072601402607,0,7.3366711201581,0,0,0,0,0,0,0,0,0,0,0,0,0,0,0,0,0,0,0,0,0,0,0,0,0,0,0,0,0,0,0,0,0,0,0,0,0,0,0,0,0,0,0,0,0,0,0.0824422605216018,0,0,0,0,0,0,0,0,0,0,0,0,0,0,0,0,0,0,0,0,0,0,0,0,0,0,0,0,0,0.164690365394844,0,0,0,0,0,0.0273955879287639,0,0,0,0,0,0,0,0,0,0,0,0,0,0,0,0,0,0,0,0,0,0,0,0,0,0,0,0,0,0,0,0,0,0,0,0,0,0.00536370607617829,0,0,0,0,0,0,0,0,0,0,0,0,5.26026764223643,9.40605557945992,6.9842010517961,0,2.24832895826942,0,0,0,0,0,0,0,0,0,0,0,0,0,2.73294544631219,4.33426858458632,0,0,0,0,0,0,0,0,0,0,0,0,0,0,0,0,0,0,0,0,0,10.4792467157217,1.12960833414738,0,0,0,0,0,0,0,0,0,0,0,0,0,0,0,0,0,0,0,0,0,0,0,0,0,0,0,0,0,0,0.0574426687762728,0,0,0,0,0,0,0.288450329625044,0,1.02715937747616,0,0,0,0,0,0,0,0,0,0,0,0,0,0,0,0,0,0,0,0,0.234670463988609,0,0,0,0,0,0,0,0,0,0,0,0,0,0,0,0,0,0,0,0,0,0,0,0,0,0,0,0,0,0,0,0,0.645792755932096,0,0,0,0,0,0,0,0,0,0,0,0,0,0,0,0,0,0,0,0,0,0,0,0,0,0,0,0,0,0,0,0.1874434963547,0,0,0,0,0,0,0,0,0,0,0,0,0,0,0,1.05933530121966,0,0,0,0,0,0,0,0,10.9751239831857,0,0,0,0,0,0,0,0,0,12.6774911795817,0,0,0,0,0.951487946606965,0,0,0,0.0225091315483649,0,0,0,0,0,0,0,0,0,0,0,0,0,0.130989939935806,0,0,0.420247783508513,0,0,0,0,0,0,0,0,0,0,0,0,0,0,0,0,0.981101804748706,0,0,0,0,0,0,0,0.306687189735206,0,0.501045899486822,0,0,0,0,0,0,0,0,0,0,0,0,0,0,0,69.0598012,71.65300121,89.28980152,76.79700129,73.30370125,63.67940116,68.28210116,72.34270123,79.48590136,59.04890099,73.59130125,"BAK-00350"
"591",7993,"nSPC",2015,"PRIAs","Pacific Remote Island Areas","Baker","Baker",2015,"ForereefDeep","Baker","2015-02-09","Forereef","Deep",0.20322477,-176.46689286,22.1,37.5,0,0.5,28,30,4,0,0,NA,0.69,0.431759573696536,1.5,2,1,16.9639585851624,86.9038344195244,10.9071775420398,25.4790587173796,140.254029264106,0.641418315350937,0,0,0,0,0,0,0,0,0,0,0,0,0,0,0,0,0.0254647908947033,0,0,0,0,0,0,0,0,0,0,0,0,0,0,0,0,0,0,0,0,0,0,0,0,0,0,0,0,0,0,0.00282942121052258,0,0,0,0,0,0,0,0,0.00848826363156775,0,0,0,0,0,0,0,0,0.00565884242104517,0,0,0,0.00848826363156775,0,0,0,0,0,0,0.0113176848420903,0,0,0,0,0,0,0,0,0.00282942121052258,0,0,0,0,0,0,0,0,0,0,0,0,0,0,0,0,0,0,0,0,0,0,0,0,0,0.0848826363156775,0,0,0,0,0.00848826363156775,0,0,0,0.0198059484736581,0,0,0,0,0.0905414787367227,0.0226353696841807,0,0,0,0,0,0,0,0,0,0.0141471060526129,0,0.0141471060526129,0,0,0,0,0,0,0,0,0,0,0,0,0,0,0,0,0,0,0,0,0,0,0,0,0,0,0,0,0,0,0,0,0,0.599837296630788,0,0,0.00565884242104517,0,0,0,0,0.00565884242104517,0,0,0,0,0,0,0,0,0,0,0,0,0,0,0,0.00282942121052258,0,0,0,0,0,0,0,0,0,0,0,0.0282942121052258,0,0,0,0,0,0,0,0,0.0396118969473162,0,0,0,0,0,0,0,0,0,0,0,0,0,0,0,0,0,0,0,0.0226353696841807,0,0,0.0226353696841807,0,0,0,0,0,0,0,0.0113176848420903,0,0,0,0,0,0,0,0,0,0,0,0,0,0,0,0,0,0,0,0,0,0,0,0.00282942121052258,0,0,0,0,0.00282942121052258,0,0,0.00282942121052258,0,0,0,0,0,0,0,0,0.00282942121052258,0,0,0,0,0,0,0,0,0,0.0282942121052258,0,0,0,0,0,0,0,0,0,0,0,0,0,0,0,0,0,0,0,0.00848826363156775,0,0,0,0,0,0.0113176848420903,0,0,0,0,0,0,0,0,0,0,0,0,0,0,0,0,0,0,0,0,0,0,0,0,0,0,0,0,0,0,0,0,0.00282942121052258,0.00282942121052258,0,0,0,0.00282942121052258,0,0,0,0,0,0,0,0,0,0,0,0,0.00565884242104517,0,0,0,0,0,0,0,0,0,0,0,0,0,0,0,0,0,0.0198059484736581,0,0,0,0,0,0,0,0,0,0,0.0424413181578388,0.0424413181578388,0,0,0.0226353696841807,0,0,0,0,0,0,0,0.0169765272631355,0.00282942121052258,0,0,0,0,0,0,0,0,0,0,0,0,0,0,0,0,0,0,0.00848826363156775,0,0,0,0,0,0,0,0,0,0,0,0.00565884242104517,0,0,0,0,0,0,0.00282942121052258,0,0,0,0,0,0,0,0.00282942121052258,0,0,0,0,0,0,0,0.033953054526271,0,0,0,0,0,0,0.0141471060526129,0,0,0,0,0.00848826363156775,0,0,0,0,0,0,0,0,0,0,0,0,0,0,0,0.00565884242104517,0,0,0,0,0,0,0,0,0,0,0,15.8447587789265,0,0,0,0,0,0,0,0,0,0,0,0.00282942121052258,0.00848826363156775,1.13176848420903,0,0,0,0,0,0,0,0,0,0,0,0,0,0,0,0,0,0,0,0.00565884242104517,0,0,0,0,0,0,0,0,0,0,0,0,0,0.0141471060526129,0,0,0,0,0,0,0,0,0,0,0,0,0,0,0,0,0,0,0,0,0,0,0,0,0,0,0,0,0,0,0,0,0,0,0,0,0,0,0,0,0,0,0,0,0,0,0,0,0,0,0,0,0,0,0,0,0,0,0,0,0,0.00282942121052258,0,0,0,0,0,0,0,0.00565884242104517,0,0,0,0,0,0,0,0,0,0,0,0,0.00565884242104517,0,0,0,0,0,0,0,0,0,0,0,0,0,0,0,0,0,0,0,0,2.88361168590053,0,0,0,0,0,0,0,0,0,0,0,0,0,0,0,0,0,0,0,0,0,0,0,0,0,0,0,0,0,0,0.0825883722538425,0,0,0,0,0,0,0,0,1.34355632065907,0,0,0,0,0,0,0,0,0.350971872862521,0,0,0,5.10228318249447,0,0,0,0,0,0,1.1655100156609,0,0,0,0,0,0,0,0,0.0980785542552974,0,0,0,0,0,0,0,0,0,0,0,0,0,0,0,0,0,0,0,0,0,0,0,0,0,41.6688647621936,0,0,0,0,3.5062579916618,0,0,0,0.0670100902018686,0,0,0,0,0.252134821002312,2.12503740134571,0,0,0,0,0,0,0,0,0,0.746167512674037,0,0.0233597015140745,0,0,0,0,0,0,0,0,0,0,0,0,0,0,0,0,0,0,0,0,0,0,0,0,0,0,0,0,0,0,0,0,0,0.555814897900509,0,0,0.415729422502716,0,0,0,0,0.358222584828211,0,0,0,0,0,0,0,0,0,0,0,0,0,0,0,1.22900233167616,0,0,0,0,0,0,0,0,0,0,0,0.068435641682975,0,0,0,0,0,0,0,0,0.124323468475045,0,0,0,0,0,0,0,0,0,0,0,0,0,0,0,0,0,0,0,1.14305458058293,0,0,1.62956305521313,0,0,0,0,0,0,0,0.0959378233544913,0,0,0,0,0,0,0,0,0,0,0,0,0,0,0,0,0,0,0,0,0,0,0,0.740589575954953,0,0,0,0,0.907770855378494,0,0,0.904130052843972,0,0,0,0,0,0,0,0,0.0353677651315323,0,0,0,0,0,0,0,0,0,0.473009171656953,0,0,0,0,0,0,0,0,0,0,0,0,0,0,0,0,0,0,0,0.245813284714308,0,0,0,0,0,0.0822620263904915,0,0,0,0,0,0,0,0,0,0,0,0,0,0,0,0,0,0,0,0,0,0,0,0,0,0,0,0,0,0,0,0,0.0048155202490365,0.00889828028477043,0,0,0,0.00133124451352279,0,0,0,0,0,0,0,0,0,0,0,0,7.2527285331366,0,0,0,0,0,0,0,0,0,0,0,0,0,0,0,0,0,3.52930607046699,0,0,0,0,0,0,0,0,0,0,7.39290416746897,4.99015526629026,0,0,2.35183555623692,0,0,0,0,0,0,0,25.3701885305538,0.761078923321089,0,0,0,0,0,0,0,0,0,0,0,0,0,0,0,0,0,0,0.548418790856203,0,0,0,0,0,0,0,0,0,0,0,0.0620352706152356,0,0,0,0,0,0,0.178309917462687,0,0,0,0,0,0,0,0.641418315350937,0,0,0,0,0,0,0,2.24162140348984,0,0,0,0,0,0,0.118850363993155,0,0,0,0,0.0583443527737747,0,0,0,0,0,0,0,0,0,0,0,0,0,0,0,1.78166955973881,0,0,0,0,0,0,0,0,0,0,0,8.63951317179745,0,0,0,0,0,0,0,0,0,0,0,0.111513433901531,0.0334793284126882,0.34947383764223,0,0,0,0,0,0,0,0,0,0,0,0,0,0,0,0,0,0,0,1.53497685146728,0,0,0,0,0,0,0,0,0,0,0,0,0,3.5249382148084,0,0,0,0,0,0,0,0,0,0,0,0,0,0,0,0,0,0,0,0,0,0,0,0,0,0,0,0,0,0,0,0,0,0,0,0,0,0,0,0,0,0,0,0,0,0,0,0,0,0,0,0,0,0,0,0,0,0,0,0,0,0.000215036011999716,0,0,0,0,0,0,0,0.107289388766048,0,0,0,0,0,0,0,0,0,0,0,0,0.234261111528973,0,0,0,0,123.4117021,133.9881023,135.2837023,134.8872023,126.9856022,143.0425026,130.8474022,133.6221023,143.3906023,137.6106024,136.0367022,"BAK-00254"
"592",7994,"nSPC",2015,"PRIAs","Pacific Remote Island Areas","Baker","Baker",2015,"ForereefMid","Baker","2015-02-09","Forereef","Mid",0.20290341,-176.46883596,10,37.5,0,3,35,22,2.5,0,0,NA,0.60875,0.422780448307725,1.35,2,1,11.1931563754087,30.5720141962109,16.5967346353523,21.6245461324253,79.9864513393972,7.04912889963436,0,0,0,0,0,0,0,0,0,0,0,0,0,0,0,0,0.107518005999858,0,0,0,0,0.00282942121052258,0,0,0,0,0,0,0,0,0,0,0,0,0,0,0,0,0,0,0.00282942121052258,0,0,0,0,0,0,0.00282942121052258,0,0,0,0,0,0,0,0,0.00565884242104517,0,0,0,0,0,0,0,0,0,0,0,0,0,0,0,0,0,0,0,0.0113176848420903,0,0,0,0,0,0,0,0,0,0,0,0,0,0,0,0,0,0,0,0,0,0,0,0,0,0,0,0,0,0,0,0,0,0,0,0,0,0,0,0.00565884242104517,0,0,0,0.00848826363156775,0,0,0,0,0.00565884242104517,0,0,0,0,0,0,0,0,0,0,0.00282942121052258,0,0,0,0,0,0,0,0,0,0,0,0,0,0,0,0,0,0,0,0,0,0,0,0,0,0,0,0,0,0,0,0,0,0,0,0.1754241150524,0,0,0,0,0,0,0,0,0,0.00282942121052258,0,0,0,0,0,0,0,0,0,0,0,0,0,0,0.00282942121052258,0,0,0,0,0,0.311236333157484,0,0,0,0,0.0198059484736581,0,0,0,0,0,0,0,0,0,0,0,0,0,0,0,0,0,0,0,0,0,0,0,0,0,0,0,0,0.0311236333157484,0,0,0.0424413181578388,0,0,0,0,0,0,0,0,0,0,0,0,0,0,0,0,0,0,0,0.00565884242104517,0,0,0,0,0,0,0,0,0,0,0,0,0,0,0,0,0,0,0,0,0,0,0,0,0,0,0,0,0,0,0,0,0,0,0,0,0,0,0.0282942121052258,0,0,0,0,0,0,0,0,0,0,0,0,0,0,0,0,0,0,0,0.00282942121052258,0,0,0,0,0,0.00282942121052258,0,0,0,0,0,0,0.00282942121052258,0,0,0,0,0,0,0,0,0,0,0,0,0,0,0,0,0,0,0,0,0,0,0,0,0,0,0.00282942121052258,0,0,0,0.0113176848420903,0,0,0,0,0,0,0,0,0,0,0,0,0.00565884242104517,0,0,0,0,0,0,0,0,0,0,0,0,0,0,0,0,0.0198059484736581,0.0113176848420903,0,0,0,0,0,0,0,0.00565884242104517,0.00565884242104517,0,0.0990297423682904,0.033953054526271,0,0,0,0,0,0,0,0,0,0,0.00565884242104517,0,0,0,0,0,0,0,0,0,0,0,0,0,0,0,0,0,0,0,0,0,0,0,0,0,0,0,0,0,0,0,0.00848826363156775,0,0,0,0,0,0,0.00282942121052258,0,0,0,0,0,0,0,0.00565884242104517,0,0,0,0,0,0,0,0.0367824757367936,0,0,0,0,0,0,0.226353696841807,0,0,0,0,0.00848826363156775,0,0,0,0,0,0,0,0,0,0,0,0,0,0,0,0,0,0,0,0,0,0,0,0,0,0,0,0,0,0,0,0,0,0,0,0.00282942121052258,0,0,0,0,0,2.82942121052258,0,0,0,0,0,0,0,0,0,0,0,0,0,0,0,0,0,0,0,0,0,0,0,0,0,0,0,0,0,0,0,0,0,0.00565884242104517,0,0,0,0,0,0,0,0,0.00565884242104517,0,0,0,0,0,0,0,0,0,0.00282942121052258,0,0,0,0,0,0,0,0,0,0,0,0,0,0,0,0,0,0,0,0,0,0,0.0396118969473162,0,0,0,0,0,0,0,0,0,0,0.00282942121052258,0,0,0,0,0,0,0,0,0.0282942121052258,0,0,0,0,0,0,0,0.0113176848420903,0,0,0,0,0,0,0,0,0,0,0,0,0.00282942121052258,0,0,0,0,0,0,0,0,0,0,0,0,0,0,0,0,0,0,0,0,4.03609589416092,0,0,0,0,0.468452961248233,0,0,0,0,0,0,0,0,0,0,0,0,0,0,0,0,0,0,0.153445882182303,0,0,0,0,0,0,0.101578406061071,0,0,0,0,0,0,0,0,2.70351196665433,0,0,0,0,0,0,0,0,0,0,0,0,0,0,0,0,0,0,0,0.895186190436755,0,0,0,0,0,0,0,0,0,0,0,0,0,0,0,0,0,0,0,0,0,0,0,0,0,0,0,0,0,0,0,0,0,0,0,0,0,0,0,1.82690466070673,0,0,0,0.0294837700036374,0,0,0,0,0.0123487502148051,0,0,0,0,0,0,0,0,0,0,0.0686497330649085,0,0,0,0,0,0,0,0,0,0,0,0,0,0,0,0,0,0,0,0,0,0,0,0,0,0,0,0,0,0,0,0,0,0,0,0.121032453469798,0,0,0,0,0,0,0,0,0,0.0253325251943979,0,0,0,0,0,0,0,0,0,0,0,0,0,0,0.148036035653076,0,0,0,0,0,0.423394589942599,0,0,0,0,0.0569254782873416,0,0,0,0,0,0,0,0,0,0,0,0,0,0,0,0,0,0,0,0,0,0,0,0,0,0,0,0,0.862489195420276,0,0,2.44159290434147,0,0,0,0,0,0,0,0,0,0,0,0,0,0,0,0,0,0,0,0.0170940047687465,0,0,0,0,0,0,0,0,0,0,0,0,0,0,0,0,0,0,0,0,0,0,0,0,0,0,0,0,0,0,0,0,0,0,0,0,0,0,0.498968281308927,0,0,0,0,0,0,0,0,0,0,0,0,0,0,0,0,0,0,0,0.0682112336509005,0,0,0,0,0,0.012907536620283,0,0,0,0,0,0,0.427135332978315,0,0,0,0,0,0,0,0,0,0,0,0,0,0,0,0,0,0,0,0,0,0,0,0,0,0,0.00889828028477043,0,0,0,0.0129191713964346,0,0,0,0,0,0,0,0,0,0,0,0,6.20299281266592,0,0,0,0,0,0,0,0,0,0,0,0,0,0,0,0,4.43331593571278,1.56309914280277,0,0,0,0,0,0,0,0.515277738625139,0.852028248329546,0,12.5545403734997,7.01381825284529,0,0,0,0,0,0,0,0,0,0,6.69322890343126,0,0,0,0,0,0,0,0,0,0,0,0,0,0,0,0,0,0,0,0,0,0,0,0,0,0,0,0,0,0,0,0.0534915048210203,0,0,0,0,0,0,0.39109720231686,0,0,0,0,0,0,0,0.0473050777206467,0,0,0,0,0,0,0,1.65107337963532,0,0,0,0,0,0,1.03169465308193,0,0,0,0,0.0381588170963899,0,0,0,0,0,0,0,0,0,0,0,0,0,0,0,0,0,0,0,0,0,0,0,0,0,0,0,0,0,0,0,0,0,0,0,0.0102062881905971,0,0,0,0,0,8.36553951806475,0,0,0,0,0,0,0,0,0,0,0,0,0,0,0,0,0,0,0,0,0,0,0,0,0,0,0,0,0,0,0,0,0,0.772255434589129,0,0,0,0,0,0,0,0,4.57105272843254,0,0,0,0,0,0,0,0,0,2.43077109348117,0,0,0,0,0,0,0,0,0,0,0,0,0,0,0,0,0,0,0,0,0,0,0.134043117525815,0,0,0,0,0,0,0,0,0,0,5.0776151910973,0,0,0,0,0,0,0,0,0.00215036011999716,0,0,0,0,0,0,0,0.0439697714957631,0,0,0,0,0,0,0,0,0,0,0,0,0.117130555764487,0,0,0,0,120.3064021,130.7992022,131.6980022,131.8635022,121.4340021,138.5786025,128.9282022,130.6739023,140.0266023,133.5180023,133.8909022,"BAK-00308"
"593",7995,"nSPC",2015,"PRIAs","Pacific Remote Island Areas","Baker","Baker",2015,"ForereefShallow","Baker","2015-02-09","Forereef","Shallow",0.20351973,-176.47347333,5.4,15.5,0,2,52.5,23.5,5,1.5,0,NA,0.325,0.348091908203651,1.4,2,1,2.13601636041355,2.63680848520436,12.8792862239571,3.25382933435803,20.905940403933,6.40308406143501,0,0,0,0,0,0.00282942121052258,0,0,0,0,0,0,0,0,0,0,0.0650766878420194,0,0,0,0,0,0,0,0,0,0,0,0,0,0,0,0,0,0,0,0,0,0,0,0,0.00282942121052258,0,0,0,0,0,0,0,0,0,0,0,0,0,0,0,0,0,0,0,0,0,0,0,0,0,0,0,0,0,0,0,0,0,0,0.00565884242104517,0,0,0,0,0,0,0,0,0,0,0,0,0,0,0,0,0,0,0,0,0,0,0,0,0,0,0,0,0,0,0,0,0,0,0,0,0,0,0,0,0,0,0,0.00282942121052258,0,0,0,0,0,0.00282942121052258,0,0,0,0,0,0,0,0,0,0.00282942121052258,0,0,0,0,0,0,0,0,0,0,0.00282942121052258,0,0,0,0,0,0,0,0,0,0,0,0,0,0,0,0,0,0,0,0,0,0,0,0,0,0,0,0,0,0,0,0,0,0,0,0,0,0,0,0,0,0,0,0,0,0,0,0,0.00282942121052258,0,0,0,0,0,0,0.905414787367227,0,0,0,0,0,0,0,0,0,0,0,0,0,0.00565884242104517,0,0,0,0,0,0,0,0,0,0,0,0,0,0,0,0,0,0,0,0,0,0,0.0254647908947033,0,0,0,0,0,0,0,0,0,0,0,0,0,0,0,0,0,0,0,0.00565884242104517,0,0,0,0,0,0,0,0,0,0,0,0,0,0,0,0,0,0,0,0,0,0,0.00282942121052258,0,0,0,0,0,0,0,0,0,0,0,0,0,0,0,0.0113176848420903,0,0,0,0,0,0,0,0,0,0,0,0,0,0,0,0,0,0,0,0.00848826363156775,0,0,0,0,0,0,0,0,0,0,0,0,0,0,0,0,0,0,0,0,0,0,0,0,0,0,0,0,0,0,0,0,0,0,0,0,0,0,0,0,0,0,0,0,0,0,0,0,0,0,0,0,0,0,0,0,0.00282942121052258,0,0,0,0,0,0,0,0,0,0,0,0,0,0,0,0,0.00282942121052258,0.00565884242104517,0,0,0,0,0,0,0,0,0,0,0,0,0,0,0,0,0,0,0,0,0,0,0,0,0,0,0,0,0,0,0,0,0,0,0,0,0,0,0,0,0,0,0,0,0,0,0,0,0,0,0,0,0,0,0,0,0,0,0,0,0,0,0,0.00282942121052258,0,0,0,0,0,0,0,0,0,0,0,0,0,0,0,0,0,0,0,0,0.0792237938946324,0,0,0,0.00282942121052258,0,0,0,0,0,0,0,0,0,0,0,0,0,0,0,0,0,0,0,0,0,0,0,0,0,0,0,0,0,0,0,0,0,0,0,0,0,0,0,0,0,0,0,0,0,0,0,0,0,0,0,0,0,0,0,0,0,0,0,0,0,0,0,0,0,0,0.00282942121052258,0,0,0,0,0,0,0,0,0,0.00282942121052258,0,0,0,0,0,0,0,0,0.00282942121052258,0,0,0,0,0,0,0,0,0,0.00565884242104517,0,0,0,0,0.00848826363156775,0,0,0,0,0,0,0,0,0,0,0,0,0,0,0,0,0,0.0594178454209743,0,0,0.0707355302630646,0,0,0,0,0,0,0,0,0,0,0,0,0,0,0,0,0.792237938946323,0,0,0,0,0,0,0,0.107518005999858,0,0,0,0,0,0,0,0,0,0,0,0,0,0,0,0,0,0,0,0,0,0,0.238732414637843,0,0,0,0,0,0,0,0,0,0,3.28624183321119,0,0,0,0,0,0,0,0,0,0,0,0,0,0,0,0,0,0,0,0,0,0,0,0,0.100267614147894,0,0,0,0,0,0,0,0,0,0,0,0,0,0,0,0,0,0,0,0,0,0,0,0,0,0,0,0,0,0,0,0,0,0,0.506593494832668,0,0,0,0,0,0,0,0,0,0,0,0,0,0,0,0,0,0,0,0,0,0,0,0,0,0,0,0,0,0,0,0,0,0,0,0,0,0,0,0,0,0,0,0.00804255019459387,0,0,0,0,0,0.524821313315919,0,0,0,0,0,0,0,0,0,0.135443100477761,0,0,0,0,0,0,0,0,0,0,0.00212711608921643,0,0,0,0,0,0,0,0,0,0,0,0,0,0,0,0,0,0,0,0,0,0,0,0,0,0,0,0,0,0,0,0,0,0,0,0,0,0,0,0,0,0,0,0,0,0,0,0,0.182067340756513,0,0,0,0,0,0,1.06286641889039,0,0,0,0,0,0,0,0,0,0,0,0,0,0.0319236773332926,0,0,0,0,0,0,0,0,0,0,0,0,0,0,0,0,0,0,0,0,0,0,1.99704567635211,0,0,0,0,0,0,0,0,0,0,0,0,0,0,0,0,0,0,0,0.0114793045199955,0,0,0,0,0,0,0,0,0,0,0,0,0,0,0,0,0,0,0,0,0,0,0.433961423689236,0,0,0,0,0,0,0,0,0,0,0,0,0,0,0,0.234942004292377,0,0,0,0,0,0,0,0,0,0,0,0,0,0,0,0,0,0,0,0.252594617432725,0,0,0,0,0,0,0,0,0,0,0,0,0,0,0,0,0,0,0,0,0,0,0,0,0,0,0,0,0,0,0,0,0,0,0,0,0,0,0,0,0,0,0,0,0,0,0,0,0,0,0,0,0,0,0,0,1.04179052293064,0,0,0,0,0,0,0,0,0,0,0,0,0,0,0,0,0.312297147030625,0.506593494832668,0,0,0,0,0,0,0,0,0,0,0,0,0,0,0,0,0,0,0,0,0,0,0,0,0,0,0,0,0,0,0,0,0,0,0,0,0,0,0,0,0,0,0,0,0,0,0,0,0,0,0,0,0,0,0,0,0,0,0,0,0,0,0,0.270444201148021,0,0,0,0,0,0,0,0,0,0,0,0,0,0,0,0,0,0,0,0,0.310926582103037,0,0,0,0.00722091883879172,0,0,0,0,0,0,0,0,0,0,0,0,0,0,0,0,0,0,0,0,0,0,0,0,0,0,0,0,0,0,0,0,0,0,0,0,0,0,0,0,0,0,0,0,0,0,0,0,0,0,0,0,0,0,0,0,0,0,0,0,0,0,0,0,0,0,0.458510478552997,0,0,0,0,0,0,0,0,0,0.223453540101021,0,0,0,0,0,0,0,0,3.54571933311287,0,0,0,0,0,0,0,0,0,1.1788810926536,0,0,0,0,1.67848363566854,0,0,0,0,0,0,0,0,0,0,0,0,0,0,0,0,0,0.231366792041254,0,0,0.206052285163178,0,0,0,0,0,0,0,0,0,0,0,0,0,0,0,0,1.25016561476335,0,0,0,0,0,0,0,0.674884864818689,0,0,0,0,0,0,0,0,0,0,0,0,0,0,0,0,0,112.9957019,123.9577021,129.5076022,125.3239021,117.873802,137.4976024,123.7917021,120.6728021,138.7745023,129.1669022,131.5566022,"BAK-00337"
"594",7996,"nSPC",2015,"PRIAs","Pacific Remote Island Areas","Baker","Baker",2015,"ForereefShallow","Baker","2015-02-09","Forereef","Shallow",0.20382743,-176.47840683,4.95,14,2.5,4.5,47.5,25,6.5,0,0,NA,0.66,0.528870714478959,2.1,2,1,0.357168435867551,0.316861907861814,10.0975035808288,5.54626347148734,16.3177973960455,1.83970333578523,0,0,0,0,0,0,0,0,0,0,0,0,0.0282942121052258,0,0,0,0.0311236333157484,0,0,0,0,0,0,0,0,0,0,0,0,0,0,0,0,0,0,0,0,0,0,0,0.00282942121052258,0,0,0,0,0,0,0,0,0,0,0,0,0,0,0,0,0,0,0,0,0,0,0,0,0,0,0,0,0,0,0,0,0,0,0,0,0,0,0,0,0,0,0,0,0,0,0,0,0,0,0,0,0,0,0.00282942121052258,0,0,0,0,0,0,0,0,0,0,0,0,0,0,0,0,0,0,0,0,0,0,0,0,0.00282942121052258,0,0,0,0,0,0,0,0,0,0,0,0,0,0,0,0,0,0,0,0,0,0,0,0,0,0,0,0,0,0,0,0,0,0,0,0,0,0,0,0,0,0,0,0,0,0,0,0,0,0,0.00565884242104517,0,0,0,0.00282942121052258,0,0,0,0,0,0,0,0,0,0,0,0,0,0,0,0,0,0,0,0,0.00282942121052258,0,0,0,0,0,0,0.169765272631355,0,0,0,0,0,0,0,0,0,0,0,0,0,0,0.00848826363156775,0,0,0,0,0,0,0,0,0,0,0,0,0,0,0,0,0,0,0,0,0,0.0452707393683613,0,0,0,0,0,0,0,0,0,0.00848826363156775,0,0,0,0,0,0,0,0,0,0.0113176848420903,0,0,0,0,0,0,0,0,0.00282942121052258,0,0,0,0,0,0,0,0,0,0,0,0,0,0,0,0,0,0,0,0,0,0,0,0,0,0,0,0,0,0.00848826363156775,0,0,0,0,0,0,0,0,0,0,0,0,0,0,0,0,0,0,0,0.00282942121052258,0,0,0,0,0,0.00565884242104517,0,0,0,0,0,0,0,0,0,0,0,0,0,0,0,0,0,0,0,0,0,0,0,0,0,0,0,0,0,0,0,0,0,0,0,0,0,0,0,0,0,0,0,0,0,0,0,0,0,0,0,0,0,0,0,0,0,0,0,0,0,0,0,0,0,0,0,0,0.00848826363156775,0,0,0,0,0,0,0,0,0,0,0,0,0,0,0,0,0,0,0,0,0,0,0,0,0,0,0,0,0,0,0,0,0,0,0,0,0,0,0,0,0,0,0,0,0,0,0,0,0,0,0,0,0,0,0,0,0,0,0,0,0,0.00282942121052258,0,0.00282942121052258,0,0,0,0,0,0,0,0,0,0,0,0,0,0,0,0,0,0,0,0,0,0,0,0,0.0169765272631355,0,0,0,0,0,0,0.0396118969473162,0,0,0,0,0,0,0,0,0,0,0,0,0,0,0,0,0,0,0,0,0,0,0,0,0,0,0,0,0,0,0,0,0,0,0,0,0,0,0,0,0,0,0,0,0,0,0,0,0,0,0,0,0,0,0,0,0,0,0,0,0,0,0,0,0,0,0,0,0,0.00848826363156775,0,0,0,0,0,0,0,0,0,0,0,0,0,0,0,0,0,0,0.00282942121052258,0,0,0,0,0,0,0,0,0,0,0,0,0,0,0,0,0,0,0,0,0,0,0.0509295817894065,0,0,0.0820532151051549,0,0,0,0,0,0,0,0,0,0,0,0,0,0,0,0,0.130153375684039,0,0,0,0,0,0,0,0.291430384683826,0,0,0,0,0,0,0,0,0,0,0,0,0,0,0,0,0,0,0,0,0,0,0,0,0,0,0,0,0,0.837044224310645,0,0,0,1.86946359252016,0,0,0,0,0,0,0,0,0,0,0,0,0,0,0,0,0,0,0,0,0,0,0,0.258981510477838,0,0,0,0,0,0,0,0,0,0,0,0,0,0,0,0,0,0,0,0,0,0,0,0,0,0,0,0,0,0,0,0,0,0,0,0,0,0,0,0,0,0,0,0,0,0,0,0,0,0,0,0,0,0,0.0240346918877175,0,0,0,0,0,0,0,0,0,0,0,0,0,0,0,0,0,0,0,0,0,0,0,0,0.0133986696144496,0,0,0,0,0,0,0,0,0,0,0,0,0,0,0,0,0,0,0,0,0,0,0,0,0,0,0,0,0,0,0,0,0,0,0,0,0,0,0,0,0,0,0,0,0,0,0,0,0,0,0.447063356309831,0,0,0,0.179111292414106,0,0,0,0,0,0,0,0,0,0,0,0,0,0,0,0,0,0,0,0,0.221812025689268,0,0,0,0,0,0,0.199287453541948,0,0,0,0,0,0,0,0,0,0,0,0,0,0,0.245770882841139,0,0,0,0,0,0,0,0,0,0,0,0,0,0,0,0,0,0,0,0,0,3.95370701209923,0,0,0,0,0,0,0,0,0,0.414268937399787,0,0,0,0,0,0,0,0,0,0.022958609039991,0,0,0,0,0,0,0,0,0.215723074992245,0,0,0,0,0,0,0,0,0,0,0,0,0,0,0,0,0,0,0,0,0,0,0,0,0,0,0,0,0,0.155880166191855,0,0,0,0,0,0,0,0,0,0,0,0,0,0,0,0,0,0,0,0.164690365394844,0,0,0,0,0,0.00481680666879365,0,0,0,0,0,0,0,0,0,0,0,0,0,0,0,0,0,0,0,0,0,0,0,0,0,0,0,0,0,0,0,0,0,0,0,0,0,0,0,0,0,0,0,0,0,0,0,0,0,0,0,0,0,0,0,0,0,0,0,0,0,0,0,0,0,0,0,0,0.744860917806976,0,0,0,0,0,0,0,0,0,0,0,0,0,0,0,0,0,0,0,0,0,0,0,0,0,0,0,0,0,0,0,0,0,0,0,0,0,0,0,0,0,0,0,0,0,0,0,0,0,0,0,0,0,0,0,0,0,0,0,0,0,0.141445360875306,0,0.573570516766373,0,0,0,0,0,0,0,0,0,0,0,0,0,0,0,0,0,0,0,0,0,0,0,0,0.0316513325117867,0,0,0,0,0,0,0.121183855285955,0,0,0,0,0,0,0,0,0,0,0,0,0,0,0,0,0,0,0,0,0,0,0,0,0,0,0,0,0,0,0,0,0,0,0,0,0,0,0,0,0,0,0,0,0,0,0,0,0,0,0,0,0,0,0,0,0,0,0,0,0,0,0,0,0,0,0,0,0,0.813569511336695,0,0,0,0,0,0,0,0,0,0,0,0,0,0,0,0,0,0,1.83970333578523,0,0,0,0,0,0,0,0,0,0,0,0,0,0,0,0,0,0,0,0,0,0,0.30476231720774,0,0,0.38934496431069,0,0,0,0,0,0,0,0,0,0,0,0,0,0,0,0,0.0946158452798752,0,0,0,0,0,0,0,2.03507676748503,0,0,0,0,0,0,0,0,0,0,0,0,0,0,0,0,0,106.3947018,120.7701021,124.8503021,123.3398021,114.391202,136.4038024,119.205102,113.079502,136.8547022,125.8480022,131.2970022,"BAK-00327"
"595",7997,"nSPC",2015,"PRIAs","Pacific Remote Island Areas","Baker","Baker",2015,"ForereefDeep","Baker","2015-02-09","Forereef","Deep",0.20600162,-176.47821279,22.4,13.5,0,9.5,50,19,8,0,0,NA,0.5575,0.565886503965935,2.65,2,1,30.2018595950626,34.0815568874908,15.8379490924157,14.3276962180712,94.4490617930403,7.28527447364995,0,0,0,0,0,0,0,0,0,0,0,0,0,0,0,0,0.0141471060526129,0,0,0,0,0.00282942121052258,0,0,0,0,0,0,0,0,0.00282942121052258,0,0,0,0,0,0,0,0,0,0,0,0,0,0,0,0,0,0,0,0,0,0,0,0,0,0,0,0,0,0,0,0,0,0,0.00282942121052258,0,0,0,0,0,0,0,0,0,0,0.00848826363156775,0,0,0,0,0,0,0,0,0,0,0,0,0,0,0,0,0,0,0,0,0,0,0,0,0,0,0,0,0,0,0,0,0,0,0,0,0,0,0,0.00565884242104517,0.0226353696841807,0,0,0.033953054526271,0,0,0,0,0.0367824757367936,0.0113176848420903,0,0,0,0,0,0,0,0,0,0.0396118969473162,0,0,0,0,0,0,0,0,0,0,0,0,0,0,0,0,0,0,0,0,0,0,0,0,0,0,0,0,0,0,0,0,0,0,0,0.396118969473162,0,0,0,0,0,0,0,0,0,0,0,0,0,0,0.00282942121052258,0,0,0,0,0,0,0,0,0,0,0,0,0,0,0,0.226353696841807,0,0,0,0,0,1.16006269631426,0,0,0.0141471060526129,0,0,0,0,0.033953054526271,0,0,0,0,0,0,0,0,0,0.00282942121052258,0,0.0141471060526129,0,0,0,0,0,0,0.0141471060526129,0.00848826363156775,0,0,0.0509295817894065,0,0,0,0,0,0,0,0,0,0,0,0,0,0,0,0,0,0,0,0,0,0,0,0,0,0,0,0,0.0594178454209743,0,0,0,0,0,0,0,0,0,0,0.00282942121052258,0.00282942121052258,0,0,0,0,0,0,0,0,0,0,0,0,0,0,0,0,0,0,0,0,0,0,0,0,0.00565884242104517,0,0,0,0,0,0,0,0,0,0,0,0,0,0,0,0,0,0,0.0141471060526129,0,0,0,0,0,0,0,0,0.00282942121052258,0,0,0,0,0,0,0,0,0,0,0,0,0,0,0,0,0,0,0,0,0,0,0,0,0.00282942121052258,0,0,0,0,0,0,0,0,0,0,0,0,0,0,0,0,0.00565884242104517,0,0,0,0,0,8.48826363156775,0,0.00282942121052258,0,0,0,0,0,0,0,0,0,0.00282942121052258,0,0,0,0,0,0,0,0,0,0,0,0,0,0,0,0,0,0,0,0,0,0,0.00282942121052258,0,0,0,0,0,0,0,0.00565884242104517,0,0,0,0,0,0,0,0,0,0,0,0,0,0,0,0,0,0,0,0,0,0,0.00282942121052258,0.033953054526271,0,0,0,0,0,0,0,0,0.00282942121052258,0,0,0,0,0,0,0,0,0,0,0,0,0,0,0,0,0,0,0,0,0,0,0,0,0,0.0396118969473162,0,0,0,0,0,0,0,0,0,0.0141471060526129,0,0,0,0,0,0.00282942121052258,0,0,0,0,0,0,0,0,0,0,0,0.990297423682904,0,0,0,0,0,0,0,0,0,0,0,0.00282942121052258,0.0820532151051549,0,0,0,0,0,0,0,0,0,0,0,0,0,0,0,0,0,0,0,0,0,0,0,0,0,0.0198059484736581,0,0,0,0,0,0,0,0.00282942121052258,0.00282942121052258,0,0,0,0,0,0,0.00282942121052258,0,0.00282942121052258,0,0,0,0,0,0,0,0,0,0,0,0,0,0,0,0,0,0,0,0,0,0,0,0,0,0.00282942121052258,0,0,0,0,0,0,0.0169765272631355,0,0,0,0,0,0,0,0,0.00565884242104517,0,0,0,0,0,0,0,0,0,0,0.3508482301048,0,0,0,0,0,0.00282942121052258,0,0,0,0,0,0,0,0,0.00282942121052258,0,0,0,0,0,0,0,0,0,0,0,0,0,0,0,0,0,0,0,0,0,0,0,0,0,0,0.858740615580925,0,0,0,0,1.12811618212596,0,0,0,0,0,0,0,0,0.22369800209361,0,0,0,0,0,0,0,0,0,0,0,0,0,0,0,0,0,0,0,0,0,0,0,0,0,0,0,0,0,0,0,0,0,0,0.129980258696445,0,0,0,0,0,0,0,0,0,0,0.899277213030179,0,0,0,0,0,0,0,0,0,0,0,0,0,0,0,0,0,0,0,0,0,0,0,0,0,0,0,0,0,0,0,0,0,0,0,0,0,0,0,2.28910635293704,0.092297417539973,0,0,0.124910968679878,0,0,0,0,0.0709260009602767,3.26294528762963,0,0,0,0,0,0,0,0,0,1.84848413332686,0,0,0,0,0,0,0,0,0,0,0,0,0,0,0,0,0,0,0,0,0,0,0,0,0,0,0,0,0,0,0,0,0,0,0,0.527053265411305,0,0,0,0,0,0,0,0,0,0,0,0,0,0,0.140994330926856,0,0,0,0,0,0,0,0,0,0,0,0,0,0,0,0.088328871350094,0,0,0,0,0,1.01337574691326,0,0,0.0121959426884447,0,0,0,0,0.191542063999756,0,0,0,0,0,0,0,0,0,3.1833810048573,0,0.165036865207437,0,0,0,0,0,0,0.0728897362631035,0.0432438319783774,0,0,5.39967810970592,0,0,0,0,0,0,0,0,0,0,0,0,0,0,0,0,0,0,0,0,0,0,0,0,0,0,0,0,2.5367856710321,0,0,0,0,0,0,0,0,0,0,1.4930711160656,1.70189647189575,0,0,0,0,0,0,0,0,0,0,0,0,0,0,0,0,0,0,0,0,0,0,0,0,3.51606124288972,0,0,0,0,0,0,0,0,0,0,0,0,0,0,0,0,0,0,0.109695245621355,0,0,0,0,0,0,0,0,0.38706482159949,0,0,0,0,0,0,0,0,0,0,0,0,0,0,0,0,0,0,0,0,0,0,0,0,0.0200421460218674,0,0,0,0,0,0,0,0,0,0,0,0,0,0,0,0,10.8932219756512,0,0,0,0,0,5.0333847153531,0,0.0184532021929072,0,0,0,0,0,0,0,0,0,0.690217876139193,0,0,0,0,0,0,0,0,0,0,0,0,0,0,0,0,0,0,0,0,0,0,6.22935183550958,0,0,0,0,0,0,0,19.9775756745664,0,0,0,0,0,0,0,0,0,0,0,0,0,0,0,0,0,0,0,0,0,0,0.508856465368495,0.622463084601018,0,0,0,0,0,0,0,0,0.740718469869592,0,0,0,0,0,0,0,0,0,0,0,0,0,0,0,0,0,0,0,0,0,0,0,0,0,0.136322499688982,0,0,0,0,0,0,0,0,0,0.0319478275724061,0,0,0,0,0,1.07954415927369,0,0,0,0,0,0,0,0,0,0,0,0.905737907269469,0,0,0,0,0,0,0,0,0,0,0,0.326238805641032,0.122227835858162,0,0,0,0,0,0,0,0,0,0,0,0,0,0,0,0,0,0,0,0,0,0,0,0,0,2.77786861756473,0,0,0,0,0,0,0,1.89304531117426,0.704987642961681,0,0,0,0,0,0,3.10161326115094,0,4.18366121249901,0,0,0,0,0,0,0,0,0,0,0,0,0,0,0,0,0,0,0,0,0,0,0,0,0,0.0500484511023534,0,0,0,0,0,0,0.0716538797921711,0,0,0,0,0,0,0,0,0.311444578558579,0,0,0,0,0,0,0,0,0,0,0.306748871117595,0,0,0,0,0,0.049477837269103,0,0,0,0,0,0,0,0,2.15143087826626,0,0,0,0,0,0,0,0,0,0,109.7862019,122.1675021,126.7165021,124.7738021,116.519202,137.5028024,121.562602,116.740702,138.2697023,127.3914022,132.7372022,"BAK-00261"
"596",7998,"nSPC",2015,"PRIAs","Pacific Remote Island Areas","Baker","Baker",2015,"ForereefMid","Baker","2015-02-09","Forereef","Mid",0.20461039,-176.4734025,16.25,40,0,3.5,25,19,12.5,0,0,NA,0.58375,0.404344552367486,1.4,2,1,41.9815674714928,84.9059964444034,14.234832723789,35.5072720309853,176.62966867067,1.7437357243192,0,0,0,0,0,0,0,0,0,0,0,0,0,0,0,0.00565884242104517,0.104688584789336,0,0,0,0,0,0,0,0.0622472666314968,0,0,0,0,0,0,0,0,0,0,0,0,0,0,0,0.00282942121052258,0,0,0,0,0,0,0,0,0,0,0,0,0,0,0,0.00282942121052258,0,0,0,0,0,0,0,0,0.00282942121052258,0,0,0,0,0,0,0,0,0,0,0.00565884242104517,0.00565884242104517,0,0,0,0,0,0,0,0.00282942121052258,0,0,0,0,0,0,0,0,0,0,0,0,0,0,0.00282942121052258,0,0,0,0,0,0,0,0,0,0,0.0113176848420903,0,0,0,0,0.00565884242104517,0,0,0,0.0254647908947033,0,0,0,0,0.00282942121052258,0,0,0,0,0,0,0,0,0,0,0.0169765272631355,0,0,0,0,0,0,0,0,0,0,0,0,0,0,0,0,0,0,0,0,0,0,0,0,0,0,0,0,0,0,0,0,0,0,0,0.509295817894065,0,0,0,0,0,0,0,0,0,0.00282942121052258,0,0,0,0,0,0,0,0,0,0,0,0,0,0,0.00848826363156775,0,0,0,0,0,2.54647908947033,0,0,0,0,0.0509295817894065,0.990297423682904,0,0,0,0,0,0,0,0.00282942121052258,0,0,0,0,0,0,0,0,0,0,0,0.00848826363156775,0,0,0,0,0,0,0,0.0141471060526129,0,0,0.0820532151051549,0,0,0,0,0,0,0,0,0,0,0,0,0,0,0,0,0,0,0,0,0,0,0,0,0,0,0,0,0.00565884242104517,0,0,0,0,0,0.00282942121052258,0,0,0,0,0,0,0,0,0,0,0,0,0,0,0,0,0,0,0,0,0,0,0,0.033953054526271,0,0,0,0,0,0,0,0,0,0,0,0,0,0,0,0,0,0,0,0.00848826363156775,0,0,0,0,0,0.033953054526271,0,0,0,0,0,0,0,0,0.00282942121052258,0,0,0,0,0,0,0,0,0,0,0,0,0,0,0,0,0,0,0,0,0,0,0,0.00282942121052258,0.00282942121052258,0,0,0,0.0169765272631355,0,0,0,0,0,0,0.00282942121052258,0,0,0,0,0,0.0198059484736581,0,0.00282942121052258,0,0,0,0,0,0,0,0,0,0,0,0,0.00565884242104517,0,0.00848826363156775,0.0113176848420903,0.00282942121052258,0,0,0,0,0,0,0.0820532151051549,0.0311236333157484,0,0.0707355302630646,0.0113176848420903,0,0,0.0848826363156775,0,0,0,0,0,0,0,0.00565884242104517,0,0,0,0,0,0,0,0.00282942121052258,0,0,0,0,0,0,0,0,0,0,0,0,0,0,0,0,0,0,0,0,0,0,0,0.00565884242104517,0,0,0,0,0,0.00848826363156775,0.00282942121052258,0,0,0,0,0,0,0,0,0,0,0,0,0,0,0,0.0962003211577679,0,0,0,0,0,0,0.67906109052542,0,0,0,0,0.033953054526271,0,0,0,0,0,0,0,0,0,0,0,0,0,0,0,0,0,0,0,0,0,0,0,0,0,0,0,0,0,0,0,0,0,0,0,0,0,0,0,0,0,3.33871702841665,0,0,0,0.00565884242104517,0,0,0,0,0,0,0,0,0,0,0,0,0,0,0,0,0,0,0,0,0,0,0,0,0,0,0,0,0,0.0169765272631355,0,0,0,0.00282942121052258,0,0,0,0,0,0,0,0,0,0,0,0,0,0,0.00565884242104517,0,0,0,0,0,0,0,0,0,0,0,0,0,0,0,0,0,0,0,0,0,0,0.113176848420903,0,0.00282942121052258,0,0,0,0,0,0,0,0,0,0,0,0,0,0,0,0,0,0.75545546320953,0,0,0,0,0,0,0,0,0,0,0,0,0,0,0,0,0,0,0,0,0.00565884242104517,0,0,0,0,0,0,0,0,0,0,0,0,0,0,0,0,0,0,0,3.28916829343698,4.75767818639398,0,0,0,0,0,0,0,0.248997689194805,0,0,0,0,0,0,0,0,0,0,0,0,0,0,0,0.184680098736177,0,0,0,0,0,0,0,0,0,0,0,0,0,0,0,0.724570915986071,0,0,0,0,0,0,0,0,0.129980258696445,0,0,0,0,0,0,0,0,0,0,0.86202317477554,8.78254869883569,0,0,0,0,0,0,0,0.191525483086802,0,0,0,0,0,0,0,0,0,0,0,0,0,0,0.367235344118342,0,0,0,0,0,0,0,0,0,0,1.1208183279949,0,0,0,0,3.20251101251735,0,0,0,0.0574375510538143,0,0,0,0,0.0206290494042411,0,0,0,0,0,0,0,0,0,0,0.848275842521218,0,0,0,0,0,0,0,0,0,0,0,0,0,0,0,0,0,0,0,0,0,0,0,0,0,0,0,0,0,0,0,0,0,0,0,1.24718906364988,0,0,0,0,0,0,0,0,0,0.0670823293058165,0,0,0,0,0,0,0,0,0,0,0,0,0,0,0.229979520224635,0,0,0,0,0,5.53332929614639,0,0,0,0,0.120964735767319,1.14530992855418,0,0,0,0,0,0,0,0.0058621881694282,0,0,0,0,0,0,0,0,0,0,0,0.0773826105939172,0,0,0,0,0,0,0,0.263706524937742,0,0,5.52303566172554,0,0,0,0,0,0,0,0,0,0,0,0,0,0,0,0,0,0,0,0,0,0,0,0,0,0,0,0,0.214958594469709,0,0,0,0,0,0.725536993815722,0,0,0,0,0,0,0,0,0,0,0,0,0,0,0,0,0,0,0,0,0,0,0,0.151844373179667,0,0,0,0,0,0,0,0,0,0,0,0,0,0,0,0,0,0,0,0.614800849505231,0,0,0,0,0,0.46256396541259,0,0,0,0,0,0,0,0,1.062105870469,0,0,0,0,0,0,0,0,0,0,0,0,0,0,0,0,0,0,0,0,0,0,0,0.0174192156537166,0.0054076140822457,0,0,0,0.0254962167729181,0,0,0,0,0,0,8.92511278801896,0,0,0,0,0,26.3228951385684,0,2.32514485920105,0,0,0,0,0,0,0,0,0,0,0,0,1.34698557916622,0,2.07065362841758,0.850196878104869,1.77424190684808,0,0,0,0,0,0,10.5268410955519,3.68758043411081,0,9.00258268030471,0.862163123451978,0,0,14.4320429616395,0,0,0,0,0,0,0,6.69322890343126,0,0,0,0,0,0,0,4.53603842015417,0,0,0,0,0,0,0,0,0,0,0,0,0,0,0,0,0,0,0,0,0,0,0,0.0436399107154559,0,0,0,0,0,0.203457115391294,0.327117337756217,0,0,0,0,0,0,0,0,0,0,0,0,0,0,0,3.56722165126269,0,0,0,0,0,0,4.43486277014792,0,0,0,0,0.10691659387773,0,0,0,0,0,0,0,0,0,0,0,0,0,0,0,0,0,0,0,0,0,0,0,0,0,0,0,0,0,0,0,0,0,0,0,0,0,0,0,0,0,24.0421913631018,0,0,0,0.00620709850463286,0,0,0,0,0,0,0,0,0,0,0,0,0,0,0,0,0,0,0,0,0,0,0,0,0,0,0,0,0,4.0477201859603,0,0,0,0.487131732447842,0,0,0,0,0,0,0,0,0,0,0,0,0,0,1.7437357243192,0,0,0,0,0,0,0,0,0,0,0,0,0,0,0,0,0,0,0,0,0,0,0.769415458654793,0,0.0418495527166521,0,0,0,0,0,0,0,0,0,0,0,0,0,0,0,0,0,0.642420085849153,0,0,0,0,0,0,0,0,0,0,0,0,0,0,0,0,0,0,0,0,0.528018213807278,0,0,0,0,113.3590019,124.6351021,130.5593022,126.5840021,118.4071021,137.5997024,124.3034021,121.3803021,138.9745023,129.4877023,131.8812022,"BAK-00302"
"597",7999,"nSPC",2015,"PRIAs","Pacific Remote Island Areas","Baker","Baker",2015,"ForereefShallow","Baker","2015-02-09","Forereef","Shallow",0.20411141,-176.480981,5,13.5,0,12.5,32.5,41.5,0,0,0,NA,0.1475,0.109125274572941,0.65,2,1,0,2.61496556938094,7.87249956251958,3.84038473316204,14.3278498650626,0.25745552118432,0,0,0,0,0,0,0,0,0,0,0,0,0.0113176848420903,0,0,0,0.0254647908947033,0,0,0.00282942121052258,0,0.00282942121052258,0,0,0,0,0.149959324157697,0,0,0,0,0,0,0,0,0,0,0,0,0,0,0,0,0,0,0,0,0,0,0,0,0,0,0,0,0,0,0,0,0,0,0,0,0,0,0,0,0,0,0,0,0,0,0,0,0,0.00565884242104517,0,0,0,0,0.0452707393683613,0,0,0,0,0,0,0,0,0,0,0,0,0,0,0,0,0,0,0,0,0,0,0,0,0,0,0,0,0,0,0,0,0,0,0,0,0,0,0.00565884242104517,0,0,0,0,0,0,0,0,0,0,0,0,0,0,0,0,0,0,0,0,0,0,0,0,0,0,0,0,0,0.00282942121052258,0,0,0,0,0,0,0,0,0,0,0,0,0,0,0,0,0,0,0,0,0.00565884242104517,0,0,0,0,0,0,0,0,0,0,0,0,0,0,0,0,0,0,0,0,0,0,0,0,0,0,0,0,0,0,0,0.226353696841807,0,0,0,0,0,0,0,0,0.00565884242104517,0,0,0,0,0.0113176848420903,0,0,0,0,0,0,0,0.00282942121052258,0,0,0,0,0,0,0,0,0,0,0,0.0537590029999291,0,0,0.0113176848420903,0,0,0,0,0,0,0,0,0,0,0,0,0,0,0,0,0,0,0,0,0,0,0,0,0,0,0,0,0,0,0,0,0,0,0,0,0,0,0,0,0,0,0,0,0,0,0,0,0,0,0,0,0,0,0,0,0,0,0.00282942121052258,0,0,0,0,0,0,0,0,0,0,0,0,0,0,0,0,0,0,0,0.00282942121052258,0,0,0,0,0,0,0,0,0,0,0,0,0,0,0,0,0,0,0,0,0,0,0,0,0,0,0,0,0,0,0,0,0,0,0,0,0,0,0,0,0,0,0,0,0,0,0,0,0,0,0,0,0,0,0,0,0,0,0,0,0,0,0,0,0,0,0,0,0,0,0,0,0,0.00565884242104517,0.00848826363156775,0,0,0,0,0,0,0,0,0,0,0,0,0,0,0,0,0,0,0,0,0,0,0,0,0,0,0,0,0,0,0,0,0,0,0,0,0,0,0,0,0,0,0,0,0,0,0,0,0,0,0,0,0,0,0,0,0,0,0,0,0,0,0,0,0,0,0,0,0,0,0,0,0,0,0,0,0,0,0,0,0,0,0,0,0.00848826363156775,0,0,0,0.0254647908947033,0,0,0,0,0,0,0,0,0,0,0,0,0,0,0,0,0,0,0,0,0,0,0,0,0,0,0,0,0,0,0,0,0,0,0,0,0,0,0,0,0,0,0,0,0,0,0,0,0,0,0,0,0,0,0,0,0,0,0,0,0,0,0,0,0,0,0.00848826363156775,0,0,0,0,0,0,0,0,0,0,0,0,0,0,0,0,0,0,0,0,0,0,0,0,0,0,0,0,0.00282942121052258,0,0,0,0,0,0,0,0,0,0,0,0,0,0,0,0,0,0,0,0,0,0,0.0792237938946324,0,0,0.0141471060526129,0,0,0,0,0,0,0,0,0,0,0,0,0,0,0,0,0.710184723841169,0,0,0,0,0,0.00848826363156775,0,0.192400642315536,0,0,0,0,0,0,0,0,0,0,0,0,0,0,0,0,0,0,0,0,0,0,0,0,0,0,0,0,0,0.0534283242634619,0,0,0,1.66773830337343,0,0,0.140457447755596,0,0.326885030314252,0,0,0,0,3.24484975092611,0,0,0,0,0,0,0,0,0,0,0,0,0,0,0,0,0,0,0,0,0,0,0,0,0,0,0,0,0,0,0,0,0,0,0,0,0,0,0,0,0,0,0,0,0,0,0,0,0,0.0753085380198591,0,0,0,0,0.107043912513739,0,0,0,0,0,0,0,0,0,0,0,0,0,0,0,0,0,0,0,0,0,0,0,0,0,0,0,0,0,0,0,0,0,0,0,0,0,0,0.0340277190186907,0,0,0,0,0,0,0,0,0,0,0,0,0,0,0,0,0,0,0,0,0,0,0,0,0,0,0,0,0,0.0248083836460555,0,0,0,0,0,0,0,0,0,0,0,0,0,0,0,0,0,0,0,0,0.119323859908858,0,0,0,0,0,0,0,0,0,0,0,0,0,0,0,0,0,0,0,0,0,0,0,0,0,0,0,0,0,0,0,0.237976959174633,0,0,0,0,0,0,0,0,0.0176269481146922,0,0,0,0,0.040349886318933,0,0,0,0,0,0,0,0.0037034120164853,0,0,0,0,0,0,0,0,0,0,0,0.682914125107697,0,0,0.35676473131117,0,0,0,0,0,0,0,0,0,0,0,0,0,0,0,0,0,0,0,0,0,0,0,0,0,0,0,0,0,0,0,0,0,0,0,0,0,0,0,0,0,0,0,0,0,0,0,0,0,0,0,0,0,0,0,0,0,0,0.0706637519428109,0,0,0,0,0,0,0,0,0,0,0,0,0,0,0,0,0,0,0,0.164690365394844,0,0,0,0,0,0,0,0,0,0,0,0,0,0,0,0,0,0,0,0,0,0,0,0,0,0,0,0,0,0,0,0,0,0,0,0,0,0,0,0,0,0,0,0,0,0,0,0,0,0,0,0,0,0,0,0,0,0,0,0,0,0,0,0,0,0,0,0,0,0,0,0,0,0.962579503737296,0.754880467434993,0,0,0,0,0,0,0,0,0,0,0,0,0,0,0,0,0,0,0,0,0,0,0,0,0,0,0,0,0,0,0,0,0,0,0,0,0,0,0,0,0,0,0,0,0,0,0,0,0,0,0,0,0,0,0,0,0,0,0,0,0,0,0,0,0,0,0,0,0,0,0,0,0,0,0,0,0,0,0,0,0,0,0,0,0.0432156334909248,0,0,0,0.0594681912926094,0,0,0,0,0,0,0,0,0,0,0,0,0,0,0,0,0,0,0,0,0,0,0,0,0,0,0,0,0,0,0,0,0,0,0,0,0,0,0,0,0,0,0,0,0,0,0,0,0,0,0,0,0,0,0,0,0,0,0,0,0,0,0,0,0,0,0.496209876433563,0,0,0,0,0,0,0,0,0,0,0,0,0,0,0,0,0,0,0,0,0,0,0,0,0,0,0,0,0.25745552118432,0,0,0,0,0,0,0,0,0,0,0,0,0,0,0,0,0,0,0,0,0,0,0.306140715251243,0,0,0.0432540145621262,0,0,0,0,0,0,0,0,0,0,0,0,0,0,0,0,1.30736519395528,0,0,0,0,0,0.0213140483588797,0,2.70740525024001,0,0,0,0,0,0,0,0,0,0,0,0,0,0,0,0,0,105.8984018,119.679002,124.2718021,122.9600021,112.5577019,134.8218024,116.0684019,110.5151019,136.0167022,125.3266022,131.5665022,"BAK-00328"
"598",8000,"nSPC",2015,"PRIAs","Pacific Remote Island Areas","Baker","Baker",2015,"ForereefDeep","Baker","2015-02-09","Forereef","Deep",0.19900599,-176.48482653,21.05,4,0,3.5,17.5,50,0,0,25,NA,0.53,0.341611810315518,1.25,2,1,24.5781880814636,65.6083342199306,14.9358698326363,7.86028307746192,112.982675211492,3.16310991630135,0,0,0,0,0,0,0,0,0,0,0,0,0,0,0,0,0.0141471060526129,0,0,0,0,0,0,0,0,0.0254647908947033,0,0,0,0,0,0,0,0,0,0,0,0,0,0,0,0,0,0,0,0,0,0,0,0,0,0,0,0,0,0,0.00848826363156775,0,0,0,0,0,0,0,0,0,0,0,0,0,0,0,0,0,0,0,0.0169765272631355,0,0,0,0,0,0,0,0,0,0,0,0,0,0,0,0,0,0,0,0,0,0,0,0,0,0,0,0,0,0,0,0,0,0,0.0424413181578388,0,0,0,0,0,0,0,0,0.0169765272631355,0,0,0,0.00282942121052258,0.144300481736652,0.0452707393683613,0,0,0,0,0,0,0.00282942121052258,0,0.00282942121052258,0.0113176848420903,0,0,0,0,0,0,0,0,0,0,0,0,0,0,0,0,0,0,0,0,0,0,0,0,0,0,0,0,0,0,0,0,0,0,0.0113176848420903,0.0424413181578388,0,0,0.00282942121052258,0,0,0,0,0,0,0,0,0,0,0,0,0,0,0,0,0,0,0,0,0,0,0,0.00565884242104517,0,0,0,0,0,0,0,0,0,0,0,0,0,0,0,0,0,0.00565884242104517,0,0,0,0,0,0,0,0,0,0,0,0,0,0,0,0,0,0,0,0.0848826363156775,0.00565884242104517,0,0.0113176848420903,0,0,0,0,0,0,0,0.00282942121052258,0,0,0,0,0,0,0,0,0,0,0,0,0,0,0,0,0,0,0,0,0,0,0,0,0,0,0.00282942121052258,0,0,0,0,0,0.00282942121052258,0,0,0,0,0,0,0,0,0.00282942121052258,0,0,0,0,0,0,0,0,0,0,0.00282942121052258,0,0,0,0,0,0,0,0,0,0,0,0,0,0,0,0,0,0,0,0,0,0,0,0.00565884242104517,0,0,0,0,0,0,0,0,0,0,0,0,0,0,0,0,0,0,0,0,0,0,0,0,0,0,0,0,0,0,0,0,0.00282942121052258,0.0169765272631355,0,0,0,0.00565884242104517,0,0.00282942121052258,0,0,0,0,0,0,0.707355302630646,0,0,0,0.00848826363156775,0,0,0,0,0,19.8059484736581,0,0,0,0,0,0,0,0,0,0,0,0.00565884242104517,0,0,0,0,0,0,0,0.0650766878420194,0.0848826363156775,0,0,0,0,0,0,0.0113176848420903,0,0,0,0,0,0,0,0.00848826363156775,0,0,0,0,0,0,0.00565884242104517,0,0,0,0,0,0,0,0,0,0,0,0.0198059484736581,0,0,0,0,0,0,0,0,0,0,0,0,0,0,0,0,0,0.00282942121052258,0,0,0.00282942121052258,0,0,0,0,0,0,0,0,0,0,0,0,0,0.00565884242104517,0,0,0,0,0,0,0.033953054526271,0,0,0,0,0.0594178454209743,0,0,0,0,0,0,0,0,0,0,0,0,0,0,0,0.00282942121052258,0,0,0,0,0,0,0,0,0,0,0,18.2497668078707,0,0,0,0,0,0,0,0.00565884242104517,0,0,0,0,0.0367824757367936,0,0,8.48826363156775,0,0.00848826363156775,0,0,0,0,0,0,0,0,0,0,0,0,0,0,0,0,0,0,0,0,0,0,0,0,0,0,0,0,0,0.0113176848420903,0,0,0,0,0,0,0,0,0,0,0,0,0,0,0,0,0,0,0.00282942121052258,0,0,0,0,0.00282942121052258,0,0,0,0,0,0,0,0,0,0,0,0,0,0,0,0,0.00565884242104517,0,0,0,0,0,0,0,0,0,0.00282942121052258,0,0,0,0,0,0,0,0,0,0,0,0,0,0,0,0,0,0,0,0,0,0,0,0,0,0,0,0,0,0.00282942121052258,0,0.00565884242104517,0,0,0.0141471060526129,0,0,0,0,0,0,0,0,0,0,0,0,0,0,0,0,0,1.22831230098845,0,0,0,0,0,0,0,0,0.632209270584619,0,0,0,0,0,0,0,0,0,0,0,0,0,0,0,0,0,0,0,0,0,0,0,0,0,0,0,0,0,0,1.30270655193215,0,0,0,0,0,0,0,0,0,0,0,0,0,0,0,0,0,0,0,1.71129815552749,0,0,0,0,0,0,0,0,0,0,0,0,0,0,0,0,0,0,0,0,0,0,0,0,0,0,0,0,0,0,0,0,0,0,2.88308548855763,0,0,0,0,0,0,0,0,0.158426257021676,0,0,0,0.0561127985049628,0.353675430206159,10.0155513421985,0,0,0,0,0,0,0.24841099784805,0,0.542606388351268,0.716430491981812,0,0,0,0,0,0,0,0,0,0,0,0,0,0,0,0,0,0,0,0,0,0,0,0,0,0,0,0,0,0,0,0,0,0,0.894126712619661,0.0295646222287505,0,0,0.0817502926299197,0,0,0,0,0,0,0,0,0,0,0,0,0,0,0,0,0,0,0,0,0,0,0,1.77601987748652,0,0,0,0,0,0,0,0,0,0,0,0,0,0,0,0,0,0.0201749431594665,0,0,0,0,0,0,0,0,0,0,0,0,0,0,0,0,0,0,0,1.68879008399627,0.0700804911225956,0,0.469913227519034,0,0,0,0,0,0,0,0.173660737169331,0,0,0,0,0,0,0,0,0,0,0,0,0,0,0,0,0,0,0,0,0,0,0,0,0,0,1.94530924691289,0,0,0,0,0,1.87012066459922,0,0,0,0,0,0,0,0,0.0390460127052117,0,0,0,0,0,0,0,0,0,0,0.864271271031891,0,0,0,0,0,0,0,0,0,0,0,0,0,0,0,0,0,0,0,0,0,0,0,0.0105367645879861,0,0,0,0,0,0,0,0,0,0,0,0,0,0,0,0,0,0,0,0,0,0,0,0,0,0,0,0,0,0,0,0,0.00133124451352279,0.014902427513066,0,0,0,0.00540243409826541,0,0.000651587423177404,0,0,0,0,0,0,0.847942169028487,0,0,0,6.97184793473444,0,0,0,0,0,17.5829288169747,0,0,0,0,0,0,0,0,0,0,0,0.962579503737296,0,0,0,0,0,0,0,11.470434684509,12.1786611936482,0,0,0,0,0,0,1.13425161587687,0,0,0,0,0,0,0,4.56671760007126,0,0,0,0,0,0,4.82003383888808,0,0,0,0,0,0,0,0,0,0,0,1.37454866883065,0,0,0,0,0,0,0,0,0,0,0,0,0,0,0,0,0,0.0448203933684347,0,0,0.500467612637146,0,0,0,0,0,0,0,0,0,0,0,0,0,0.602100833599206,0,0,0,0,0,0,0.13325424947273,0,0,0,0,0.206555112642575,0,0,0,0,0,0,0,0,0,0,0,0,0,0,0,1.22018789703786,0,0,0,0,0,0,0,0,0,0,0,8.84573270730517,0,0,0,0,0,0,0,0.0483853662369046,0,0,0,0,0.167918745132588,0,0,2.19786610212184,0,0.00745883959115878,0,0,0,0,0,0,0,0,0,0,0,0,0,0,0,0,0,0,0,0,0,0,0,0,0,0,0,0,0,2.19289028198101,0,0,0,0,0,0,0,0,0,0,0,0,0,0,0,0,0,0,1.50524257686471,0,0,0,0,1.65786733943665,0,0,0,0,0,0,0,0,0,0,0,0,0,0,0,0,0.0791445701007377,0,0,0,0,0,0,0,0,0,0.134270749429591,0,0,0,0,0,0,0,0,0,0,0,0,0,0,0,0,0,0,0,0,0,0,0,0,0,0,0,0,0,0.835313470608003,0,0.469673648522578,0,0,0.419100574084913,0,82.76560146,94.92630162,101.1206017,89.21410149,89.25890153,97.70720174,88.58420152,84.29910142,101.1880017,73.38990127,98.51400168,"BAK-00357"
"599",8001,"nSPC",2015,"PRIAs","Pacific Remote Island Areas","Baker","Baker",2015,"ForereefMid","Baker","2015-02-09","Forereef","Mid",0.19663023,-176.48617887,15,10,0,0,26,58,3.5,0,2.5,NA,0.37,0.298942987288041,1.05,2,1,32.4424753776969,19.5116718955699,47.3050627993209,19.0750047168111,118.334214789399,15.7222197661069,0,0,0,0,0,0,0,0,0,0,0,0,0.00565884242104517,0.00282942121052258,0.00848826363156775,0,0.0169765272631355,0,0,0,0,0,0,0,0,0.0282942121052258,0,0,0,0,0,0,0,0,0,0,0,0,0,0,0,0,0,0,0,0,0,0,0,0,0.00282942121052258,0,0,0,0,0,0.00848826363156775,0.00282942121052258,0,0,0,0,0,0,0,0,0,0,0,0,0,0,0,0,0,0,0.00848826363156775,0,0,0,0,0,0,0,0,0,0,0,0,0,0,0,0,0,0,0,0,0,0,0,0,0,0,0,0,0,0,0,0,0,0,0,0,0,0,0,0.00282942121052258,0,0,0,0.0509295817894065,0,0,0,0.00282942121052258,0.16410643021031,0.0282942121052258,0,0,0,0,0,0,0,0,0,0.0113176848420903,0,0,0,0,0,0,0,0,0,0,0,0,0,0,0,0,0,0,0,0,0,0,0,0,0,0,0,0,0,0,0,0,0,0,0.0141471060526129,0.149959324157697,0,0,0,0,0,0,0,0,0,0,0,0,0,0,0,0,0,0,0,0,0,0,0,0,0,0,0.00848826363156775,0,0,0,0.226353696841807,0,0,0,0,0.113176848420903,0,0,0,0,0,0,0,0,0,0,0,0,0,0,0,0,0,0,0.00848826363156775,0,0,0,0,0,0,0,0,0,0.0452707393683613,0,0,0.0933708999472453,0,0,0,0,0,0,0,0.0169765272631355,0,0,0.00282942121052258,0,0,0,0,0,0,0,0,0,0,0,0,0,0,0,0,0,0,0,0,0,0,0,0,0,0,0,0,0,0,0,0,0,0,0,0,0,0,0,0,0,0,0,0,0,0,0,0,0,0.00565884242104517,0,0,0,0,0,0,0,0,0.00282942121052258,0,0,0,0,0,0,0,0,0.0141471060526129,0,0,0,0,0,0.00848826363156775,0,0,0,0,0,0,0,0,0.00282942121052258,0,0,0,0,0,0,0,0,0,0,0,0,0,0,0,0,0,0,0,0,0,0,0,0.00565884242104517,0.0113176848420903,0,0,0,0.00848826363156775,0,0,0,0,0,0,0,0,0,0,0,0,0.00565884242104517,0,0,0,0,0,9.33708999472453,0,0,0,0,0,0,0,0,0,0,0,0.00282942121052258,0,0,0,0,0,0,0,0,0.0509295817894065,0,0,0,0,0,0,0,0,0,0,0,0,0,0,0.0113176848420903,0,0,0,0,0,0,0,0,0,0,0,0,0,0,0,0,0,0,0.067906109052542,0,0,0,0,0,0,0,0,0,0,0,0,0,0,0,0,0,0.0311236333157484,0,0,0.00565884242104517,0,0.00282942121052258,0,0,0,0,0,0,0,0,0,0,0,0,0,0,0,0,0,0,0.00282942121052258,0,0,0,0,0.0565884242104517,0.172594693841878,0,0,0,0,0,0,0,0,0,0,0,0,0,0,0.00282942121052258,0,0,0,0,0,0,0,0,0,0,0,8.71461732840956,0,0,0,0,0,0,0,0.0113176848420903,0,0,0,0.00282942121052258,0.0848826363156775,0,0,0,0,0,0,0,0,0,0,0,0,0,0,0,0,0,0,0,0,0.00282942121052258,0,0,0,0,0.0113176848420903,0,0,0,0,0,0,0,0,0.0452707393683613,0,0,0,0,0,0,0,0,0.00282942121052258,0,0,0,0,0,0,0,0,0,0.00565884242104517,0,0,0,0,0.00565884242104517,0,0,0,0,0,0,0,0,0,0,0,0,0,0,0,0,0,0.0254647908947033,0,0,0,0,0,0,0,0,0,0,0,0,0,0,0,0,0,0,0,0,0,0,0,0,0,0,0,0,0,0,0,0,0,0,0.00282942121052258,0,0,0,0,0,0.00282942121052258,0,0.00282942121052258,0.0650766878420194,0,0,0,0,0,0,0,0,0,0,0,0,0,0.969451391893084,0.615819798873687,2.06497531142671,0,1.5536666579551,0,0,0,0,0,0,0,0,1.85628139706029,0,0,0,0,0,0,0,0,0,0,0,0,0,0,0,0,0,0,0,0,0,0,0,0,0.00519906147433525,0,0,0,0,0,2.00618413279377,0.164745453008912,0,0,0,0,0,0,0,0,0,0,0,0,0,0,0,0,0,0,0.502015543484858,0,0,0,0,0,0,0,0,0,0,0,0,0,0,0,0,0,0,0,0,0,0,0,0,0,0,0,0,0,0,0,0,0,0,0,0,0,0,0,3.27679759091424,0,0,0,0.241176053060093,0,0,0,0.0728496737915671,0.380882517553145,6.62283481447468,0,0,0,0,0,0,0,0,0,0.679673725201362,0,0,0,0,0,0,0,0,0,0,0,0,0,0,0,0,0,0,0,0,0,0,0,0,0,0,0,0,0,0,0,0,0,0,1.32973431537839,0.230385056182559,0,0,0,0,0,0,0,0,0,0,0,0,0,0,0,0,0,0,0,0,0,0,0,0,0,0,4.63668337019786,0,0,0,0.129938339672039,0,0,0,0,0.337780042359208,0,0,0,0,0,0,0,0,0,0,0,0,0,0,0,0,0,0,9.63801353227497,0,0,0,0,0,0,0,0,0,2.0177682930058,0,0,8.01164611107809,0,0,0,0,0,0,0,0.210722989892353,0,0,0.0332858163296031,0,0,0,0,0,0,0,0,0,0,0,0,0,0,0,0,0,0,0,0,0,0,0,0,0,0,0,0,0,0,0,0,0,0,0,0,0,0,0,0,0,0,0,0,0,0,0,0,0,3.3616071346075,0,0,0,0,0,0,0,0,10.2674036887444,0,0,0,0,0,0,0,0,0.458421711133601,0,0,0,0,0,0.0945298308750753,0,0,0,0,0,0,0,0,0.237706183564786,0,0,0,0,0,0,0,0,0,0,0,0,0,0,0,0,0,0,0,0,0,0,0,0.0198412491400157,0.0369027058326341,0,0,0,0.0132535517110266,0,0,0,0,0,0,0,0,0,0,0,0,2.87564272355881,0,0,0,0,0,3.20725646013335,0,0,0,0,0,0,0,0,0,0,0,0.312297147030625,0,0,0,0,0,0,0,0,4.30777001519831,0,0,0,0,0,0,0,0,0,0,0,0,0,0,5.30875155885694,0,0,0,0,0,0,0,0,0,0,0,0,0,0,0,0,0,0,3.28943530154025,0,0,0,0,0,0,0,0,0,0,0,0,0,0,0,0,0,0.413902217513957,0,0,0.844014717914394,0,0.468203291434068,0,0,0,0,0,0,0,0,0,0,0,0,0,0,0,0,0,0,0.0237700727986309,0,0,0,0,0.197802201357437,0.855081149792185,0,0,0,0,0,0,0,0,0,0,0,0,0,0,0.72321024732593,0,0,0,0,0,0,0,0,0,0,0,5.05373532740978,0,0,0,0,0,0,0,0.0408251527623883,0,0,0,0.0701192781838981,0.486027775678268,0,0,0,0,0,0,0,0,0,0,0,0,0,0,0,0,0,0,0,0,0.535633202290094,0,0,0,0,0.593666875504118,0,0,0,0,0,0,0,0,2.32735965677958,0,0,0,0,0,0,0,0,2.47273534527755,0,0,0,0,0,0,0,0,0,7.70966379101268,0,0,0,0,5.53982062981663,0,0,0,0,0,0,0,0,0,0,0,0,0,0,0,0,0,0.179552886454227,0,0,0,0,0,0,0,0,0,0,0,0,0,0,0,0,0,0,0,0,0,0,0,0,0,0,0,0,0,0,0,0,0,0,2.86557967609668,0,0,0,0,0,0.264009106903639,0,0.136702515878858,5.15346941994987,0,68.4244012,71.49750121,88.0201015,75.40540127,73.07960123,58.09250108,67.39420115,70.8344012,74.69030128,58.36400098,73.36490124,"BAK-00313"
"600",8002,"nSPC",2015,"PRIAs","Pacific Remote Island Areas","Baker","Baker",2015,"ForereefDeep","Baker","2015-02-10","Forereef","Deep",0.19361861,-176.45671497,26.85,30,0,4,30,28.5,5,2.5,0,NA,0.63375,0.426561809021471,1.85,2,1,22.1188046055577,72.158382567857,12.0725213553508,13.1839943759328,119.533702904698,7.3632750226078,0,0,0,0,0,0,0,0,0,0,0,0,0,0,0,0,0.0311236333157484,0,0,0,0,0,0,0,0,0,0,0,0,0.00282942121052258,0,0,0,0,0,0,0,0,0,0,0,0,0,0,0,0,0,0,0,0,0,0,0,0,0,0,0.00565884242104517,0,0,0,0,0,0,0,0,0.0113176848420903,0,0,0,0,0,0,0,0,0,0,0.0113176848420903,0,0,0,0,0,0,0,0,0.00282942121052258,0,0,0,0,0,0,0,0,0,0,0,0,0,0,0,0,0,0,0,0,0,0,0,0,0,0.0820532151051549,0,0,0,0,0.00565884242104517,0,0,0,0.0254647908947033,0,0,0,0,0.0792237938946324,0.0396118969473162,0,0,0,0,0,0,0,0,0,0.0169765272631355,0,0,0,0,0,0,0,0,0,0,0,0,0,0,0,0,0,0,0,0,0,0,0,0,0,0,0,0,0,0,0,0,0,0,0,0.396118969473162,0,0,0.00282942121052258,0,0,0,0,0.00282942121052258,0,0,0,0,0,0,0,0,0,0,0,0,0,0,0,0,0,0,0,0,0,0,0,0,0,0,0,0.00848826363156775,0.00282942121052258,0,0,0,0,0,0,0,0.00565884242104517,0,0,0,0,0,0,0,0,0,0,0,0,0,0,0,0,0,0,0,0.0169765272631355,0,0,0.0113176848420903,0,0,0,0,0,0,0,0,0,0,0,0,0,0,0,0,0,0,0,0,0,0,0,0,0,0,0,0,0,0,0,0,0,0,0,0,0,0,0,0.00282942121052258,0,0,0,0,0,0,0,0,0.00282942121052258,0,0,0,0,0,0,0,0,0,0.0198059484736581,0,0,0,0,0,0,0,0,0,0,0,0,0,0,0,0,0,0,0,0.00565884242104517,0,0,0,0,0,0.00565884242104517,0,0,0,0,0,0,0,0,0,0,0,0,0,0,0,0,0,0,0,0,0,0,0,0,0,0,0,0,0,0,0,0,0.00282942121052258,0.00565884242104517,0,0,0,0.00282942121052258,0,0.00282942121052258,0,0,0,0,0,0,0,0,0,0,0.00565884242104517,0,0,0,0,0,5.65884242104517,0,0,0,0,0,0,0,0,0,0,0,0.00282942121052258,0,0,0,0,0,0,0,0,0.0113176848420903,0,0,0,0,0,0,0,0,0,0,0,0,0,0.0141471060526129,0,0,0,0,0,0,0,0.00565884242104517,0,0,0,0,0,0,0,0,0,0,0,0.0424413181578388,0,0,0,0,0,0,0,0,0,0,0,0.00282942121052258,0,0,0,0,0,0.0169765272631355,0.00282942121052258,0,0.00282942121052258,0,0,0,0,0,0,0,0,0,0,0,0,0,0,0,0,0,0,0,0,0.00848826363156775,0,0,0,0,0.00565884242104517,0,0,0,0,0,0,0,0,0,0,0,0,0,0,0,0.00565884242104517,0,0,0,0,0,0,0,0,0,0,0,36.7824757367936,0,0,0,0,0,0,0,0,0,0,0,0.00282942121052258,0.0141471060526129,1.69765272631355,0,0,0,0.00282942121052258,0,0,0,0,0,0,0,0,0,0,0,0,0,0,0,0.00848826363156775,0,0,0,0,0,0,0,0,0,0,0,0,0,0.0113176848420903,0,0,0,0,0,0,0,0,0,0,0,0,0,0,0,0,0,0,0.00565884242104517,0,0,0,0,0,0,0,0,0,0,0,0,0,0,0,0,0,0,0,0,0,0,0,0,0,0,0,0,0,0,0,0.00848826363156775,0,0,0,0,0,0,0,0,0,0,0,0,0,0,0,0,0,0,0,0,0,0,0,0,0,0,0,0,0,0.00282942121052258,0,0.00282942121052258,0,0.00282942121052258,0,0,0,0,0,0,0,0,0,0,0,0,0,0,0,0,0,0,1.59881327078894,0,0,0,0,0,0,0,0,0,0,0,0,1.13751446051048,0,0,0,0,0,0,0,0,0,0,0,0,0,0,0,0,0,0,0,0,0,0,0,0,0,0,1.04896264306188,0,0,0,0,0,0,0,0,1.44280137226502,0,0,0,0,0,0,0,0,0,0,1.47444750339464,0,0,0,0,0,0,0,0,0.155725906230731,0,0,0,0,0,0,0,0,0,0,0,0,0,0,0,0,0,0,0,0,0,0,0,0,0,28.7621304717289,0,0,0,0,3.56551513294931,0,0,0,0.13504878610963,0,0,0,0,0.126647857751544,7.72515860737825,0,0,0,0,0,0,0,0,0,1.35501182210576,0,0,0,0,0,0,0,0,0,0,0,0,0,0,0,0,0,0,0,0,0,0,0,0,0,0,0,0,0,0,0,0,0,0,0,0.354775466745006,0,0,0.27473509157586,0,0,0,0,0.333200775916839,0,0,0,0,0,0,0,0,0,0,0,0,0,0,0,0,0,0,0,0,0,0,0,0,0,0,0,0.0697319037702213,0.0294991377035435,0,0,0,0,0,0,0,0.0201749431594665,0,0,0,0,0,0,0,0,0,0,0,0,0,0,0,0,0,0,0,0.649898248533872,0,0,0.420821523348897,0,0,0,0,0,0,0,0,0,0,0,0,0,0,0,0,0,0,0,0,0,0,0,0,0,0,0,0,0,0,0,0,0,0,0,0,0,0,0,0.721059439916326,0,0,0,0,0,0,0,0,0.0970491475209246,0,0,0,0,0,0,0,0,0,0.211416000345193,0,0,0,0,0,0,0,0,0,0,0,0,0,0,0,0,0,0,0,0.177602051063407,0,0,0,0,0,0.0752626041999007,0,0,0,0,0,0,0,0,0,0,0,0,0,0,0,0,0,0,0,0,0,0,0,0,0,0,0,0,0,0,0,0,0.0119901315272546,0.0143058943670161,0,0,0,0.0027012170491327,0,0.00560622894815901,0,0,0,0,0,0,0,0,0,0,5.75265426365652,0,0,0,0,0,2.46920759621095,0,0,0,0,0,0,0,0,0,0,0,0.690217876139193,0,0,0,0,0,0,0,0,2.01443534024741,0,0,0,0,0,0,0,0,0,0,0,0,0,13.1722923167405,0,0,0,0,0,0,0,6.61942078060524,0,0,0,0,0,0,0,0,0,0,0,2.57525854731316,0,0,0,0,0,0,0,0,0,0,0,0.0310176353076178,0,0,0,0,0,0.634618318516514,0.178309917462687,0,0.653547673221794,0,0,0,0,0,0,0,0,0,0,0,0,0,0,0,0,0,0,0,0,0.0432156334909248,0,0,0,0,0.0388962351825164,0,0,0,0,0,0,0,0,0,0,0,0,0,0,0,2.05171178360805,0,0,0,0,0,0,0,0,0,0,0,15.5478676113063,0,0,0,0,0,0,0,0,0,0,0,0.020694530330535,0.121837344400108,0.239871646185776,0,0,0,0.00310354925231643,0,0,0,0,0,0,0,0,0,0,0,0,0,0,0,2.15971305475067,0,0,0,0,0,0,0,0,0,0,0,0,0,2.53604871111986,0,0,0,0,0,0,0,0,0,0,0,0,0,0,0,0,0,0,7.3632750226078,0,0,0,0,0,0,0,0,0,0,0,0,0,0,0,0,0,0,0,0,0,0,0,0,0,0,0,0,0,0,0,0.963180250801256,0,0,0,0,0,0,0,0,0,0,0,0,0,0,0,0,0,0,0,0,0,0,0,0,0,0,0,0,0,0.303891749299882,0,0.264009106903639,0,1.08779877007095,0,0,128.7385022,140.7838024,140.3915024,140.6662024,138.4517024,149.7625027,140.8816024,138.0473024,153.2649025,147.4607025,147.8311025,"BAK-00243"
"601",8003,"nSPC",2015,"PRIAs","Pacific Remote Island Areas","Baker","Baker",2015,"ForereefMid","Baker","2015-02-10","Forereef","Mid",0.19976355,-176.46244207,16.35,55,0,2,25.5,15.5,2,0,0,NA,0.71,0.388008271562838,1.55,2,1,18.359974653393,49.037592901804,11.4658585169014,20.3569950665045,99.2204211386029,5.1868800881686,0,0,0,0,0,0,0,0,0,0,0,0,0,0,0,0,0.0622472666314969,0,0,0,0,0,0,0,0,0,0,0,0,0,0,0,0,0,0,0,0,0,0,0,0,0.00282942121052258,0,0,0,0,0,0,0,0,0,0,0,0,0,0,0.00848826363156775,0,0,0,0,0,0,0,0,0.00282942121052258,0,0,0,0.00282942121052258,0,0,0,0,0,0,0.00848826363156775,0,0,0,0,0,0,0,0,0.00282942121052258,0,0.00282942121052258,0,0,0,0,0,0,0,0,0,0,0,0,0,0,0,0,0,0,0,0,0,0,0,0.0113176848420903,0,0,0,0,0.00565884242104517,0,0,0,0.0141471060526129,0,0,0,0,0.00565884242104517,0,0,0,0,0,0,0,0,0,0,0.00565884242104517,0,0,0,0,0,0,0,0,0,0,0,0,0,0,0,0,0,0,0,0,0,0,0,0,0,0,0,0,0,0,0,0,0,0,0,0.367824757367936,0,0,0.00282942121052258,0,0,0,0,0,0,0,0,0,0,0,0,0,0,0,0,0,0,0,0,0,0.00282942121052258,0,0,0,0,0,0.0565884242104517,0,0,0,0,0.033953054526271,0.0141471060526129,0,0,0,0,0,0,0,0,0,0,0,0,0,0,0,0,0,0.00282942121052258,0,0,0,0,0,0.00282942121052258,0,0,0,0.00565884242104517,0,0,0.0226353696841807,0,0,0,0,0,0,0,0.00282942121052258,0,0,0,0,0,0,0,0,0,0,0,0,0,0,0,0,0,0,0,0,0,0,0,0,0,0,0,0,0,0,0,0,0,0,0,0,0,0,0,0,0,0,0,0,0,0,0,0,0,0,0.0254647908947033,0,0,0,0,0,0,0,0,0,0,0,0,0,0,0,0,0,0,0,0.00848826363156775,0,0,0,0,0,0.00565884242104517,0,0,0,0,0,0,0,0,0,0,0,0,0,0,0,0,0,0,0,0,0,0,0,0,0,0,0,0,0,0,0,0,0.00848826363156775,0.0113176848420903,0,0,0,0.0113176848420903,0,0,0,0,0,0,0,0,0,0,0,0,0.0141471060526129,0,0,0,0.00282942121052258,0,0,0,0,0,0,0,0,0,0,0,0,0,0.00848826363156775,0,0,0,0,0,0.00565884242104517,0,0.118835690841949,0,0,0,0,0,0,0,0,0,0,0,0,0,0,0.00282942121052258,0,0,0,0,0,0,0,0,0,0,0,0,0,0,0,0,0,0,0,0,0,0,0,0,0,0,0,0,0,0,0,0.0141471060526129,0,0,0,0,0,0.00565884242104517,0.00848826363156775,0,0.00282942121052258,0,0.00565884242104517,0,0,0,0,0,0,0,0,0,0,0,0.0622472666314969,0,0,0,0,0,0,0.280112699841736,0,0,0,0,0.0169765272631355,0,0,0,0,0,0,0,0,0,0,0,0,0,0,0,0.00282942121052258,0,0,0,0,0,0,0,0,0,0,0,0,0,0,0,0,0,0,0,0,0.0282942121052258,0,0,0,0,4.81001605788839,0,0,0,0,0,0,0,0,0,0,0,0,0,0,0,0,0,0,0,0,0,0,0,0,0,0,0,0,0,0,0,0,0,0,0,0,0,0,0,0,0,0,0,0,0,0,0,0,0,0,0,0,0.00565884242104517,0,0,0,0,0,0,0,0,0,0,0,0,0,0,0,0,0,0,0,0,0,0,0.00848826363156775,0,0,0,0,0,0,0,0,0,0,0,0,0,0,0,0,0,0,0,0.0594178454209743,0,0,0,0,0,0.00282942121052258,0,0.00848826363156775,0,0,0,0,0,0,0,0,0,0,0,0,0.00565884242104517,0,0,0,0,0,0,0,0,0,0,0,0,0,0,0,0,0,0,0,0,2.63903706325739,0,0,0,0,0,0,0,0,0,0,0,0,0,0,0,0,0,0,0,0,0,0,0,0,0.0815212839175767,0,0,0,0,0,0,0,0,0,0,0,0,0,0,1.62908877682956,0,0,0,0,0,0,0,0,0.250712791127551,0,0,0,6.93023163623613,0,0,0,0,0,0,1.09923401671545,0,0,0,0,0,0,0,0,0.0980785542552974,0,1.14380917051149,0,0,0,0,0,0,0,0,0,0,0,0,0,0,0,0,0,0,0,0,0,0,0,1.1208183279949,0,0,0,0,5.23091012070924,0,0,0,0.0616372286523924,0,0,0,0,0.0214412198090435,0,0,0,0,0,0,0,0,0,0,0.245361018881316,0,0,0,0,0,0,0,0,0,0,0,0,0,0,0,0,0,0,0,0,0,0,0,0,0,0,0,0,0,0,0,0,0,0,0,0.308056063716857,0,0,0.0817502926299197,0,0,0,0,0,0,0,0,0,0,0,0,0,0,0,0,0,0,0,0,0,0.049682434402961,0,0,0,0,0,0.0394194963050006,0,0,0,0,0.223890586763658,0.0211985557070766,0,0,0,0,0,0,0,0,0,0,0,0,0,0,0,0,0,2.92063755603715,0,0,0,0,0,0.246725529557569,0,0,0,0.0922550246693897,0,0,1.99389669788276,0,0,0,0,0,0,0,0.0491651522891768,0,0,0,0,0,0,0,0,0,0,0,0,0,0,0,0,0,0,0,0,0,0,0,0,0,0,0,0,0,0,0,0,0,0,0,0,0,0,0,0,0,0,0,0,0,0,0,0,0,0,0.468273255092747,0,0,0,0,0,0,0,0,0,0,0,0,0,0,0,0,0,0,0,0.302332819659469,0,0,0,0,0,0.0162567225071786,0,0,0,0,0,0,0,0,0,0,0,0,0,0,0,0,0,0,0,0,0,0,0,0,0,0,0,0,0,0,0,0,0.0287957833035456,0.0251211225315075,0,0,0,0.0122935295251186,0,0,0,0,0,0,0,0,0,0,0,0,8.13794528544682,0,0,0,1.85880562129898,0,0,0,0,0,0,0,0,0,0,0,0,0,1.34468845103396,0,0,0,0,0,1.03396881221065,0,16.9078877222565,0,0,0,0,0,0,0,0,0,0,0,0,0,0,3.11398698654956,0,0,0,0,0,0,0,0,0,0,0,0,0,0,0,0,0,0,0,0,0,0,0,0,0,0,0,0,0,0,0,0.110934173597293,0,0,0,0,0,0.225361618580032,1.03250221164707,0,0.500467612637146,0,0.491632891829803,0,0,0,0,0,0,0,0,0,0,0,3.76102285707744,0,0,0,0,0,0,2.70670899810747,0,0,0,0,0.0721749079745747,0,0,0,0,0,0,0,0,0,0,0,0,0,0,0,0.624736203283387,0,0,0,0,0,0,0,0,0,0,0,0,0,0,0,0,0,0,0,0,0.598075461972555,0,0,0,0,23.4520698164074,0,0,0,0,0,0,0,0,0,0,0,0,0,0,0,0,0,0,0,0,0,0,0,0,0,0,0,0,0,0,0,0,0,0,0,0,0,0,0,0,0,0,0,0,0,0,0,0,0,0,0,0,5.1868800881686,0,0,0,0,0,0,0,0,0,0,0,0,0,0,0,0,0,0,0,0,0,0,0.126022743427865,0,0,0,0,0,0,0,0,0,0,0,0,0,0,0,0,0,0,0,0.0400773367364471,0,0,0,0,0,0.049477837269103,0,0.0506556938162279,0,0,0,0,0,0,0,0,0,0,0,0,0.362705975795657,0,0,0,0,128.0094022,141.0931024,139.8946023,140.0849024,138.2899024,149.1455027,141.1399024,138.1785024,153.2584025,147.4369026,147.0624025,"BAK-00297"
"602",8004,"nSPC",2015,"PRIAs","Pacific Remote Island Areas","Baker","Baker",2015,"ForereefShallow","Baker","2015-02-10","Forereef","Shallow",0.20154261,-176.46839926,5,25,0,6.5,22.5,21,2.5,22.5,0,NA,0.945,0.563093988901834,1.95,2,1,0.433286820961395,5.70424440845569,4.21235089048457,5.72980182434285,16.0796839442445,0,0,0,0,0,0,0,0,0,0,0,0,0,0,0,0,0,0.0452707393683613,0,0,0,0,0,0,0,0,0,0,0,0,0,0,0,0,0,0,0,0,0,0,0,0,0.00282942121052258,0,0,0,0,0,0,0,0,0,0,0,0,0,0,0,0,0,0,0,0,0,0,0,0,0,0,0,0,0,0,0,0,0,0,0,0,0,0,0,0,0,0,0,0,0,0,0,0,0,0,0,0,0,0.00282942121052258,0,0,0,0,0,0,0,0,0,0,0,0,0,0.00565884242104517,0,0,0,0,0,0,0.00282942121052258,0,0,0,0.0141471060526129,0,0,0,0,0,0,0,0,0,0,0,0,0,0,0,0.00282942121052258,0,0,0,0,0,0,0,0,0,0,0.0113176848420903,0,0,0,0,0,0,0,0,0,0,0,0,0,0,0,0,0,0,0,0,0,0,0,0,0,0,0,0,0,0,0,0,0,0,0,0,0,0,0,0,0,0,0,0,0,0,0,0,0,0,0,0,0,0,0,0.183912378683968,0,0,0,0,0,0.033953054526271,0,0,0.00848826363156775,0,0,0,0,0,0.00282942121052258,0,0,0,0,0,0,0,0,0,0,0,0,0,0,0,0,0,0,0,0,0,0.00848826363156775,0,0,0,0,0,0,0,0,0,0.00565884242104517,0,0,0,0,0,0,0,0,0,0.00282942121052258,0,0,0,0,0,0,0,0,0,0,0,0,0,0,0,0,0,0,0,0,0,0,0,0,0,0,0,0,0,0,0,0,0,0,0,0,0,0,0.0254647908947033,0,0,0,0,0,0,0,0,0,0,0,0,0,0,0,0,0,0,0,0,0,0,0,0,0,0,0,0,0,0,0,0,0,0,0,0,0,0,0,0,0,0,0,0,0,0,0,0,0,0,0,0,0,0,0,0,0,0,0,0,0,0,0,0,0,0,0,0,0,0,0,0,0,0,0,0,0,0,0,0,0,0,0,0,0,0,0,0,0,0.00282942121052258,0,0,0,0,0.00282942121052258,0,0,0,0,0,0,0,0,0,0,0,0,0,0,0,0,0,0,0,0,0,0,0,0,0,0,0,0,0,0,0,0,0,0,0,0,0,0,0,0,0,0,0,0,0,0,0,0,0,0,0,0,0,0,0,0,0,0,0,0,0.00282942121052258,0.00282942121052258,0,0,0,0,0,0,0,0,0,0,0,0,0,0,0,0,0,0,0,0,0,0,0.124494533262994,0,0,0,0.00565884242104517,0,0,0,0,0,0,0.0198059484736581,0,0,0,0,0,0,0,0,0,0,0,0,0,0,0,0,0,0,0,0,0,0,0,0,0,0,0,0,0,0,0,0,0,0,0,0.707355302630646,0,0,0,0,0,0,0,0,0,0,0,0,0,0,0,0,0,0,0,0,0,0,0,0.00282942121052258,0,0,0,0,0,0,0,0,0,0,0,0,0,0,0,0,0,0,0,0,0,0,0,0,0,0,0,0,0,0,0,0,0,0,0,0,0,0,0,0,0,0,0,0,0,0,0,0,0,0,0,0.0848826363156775,0,0.00282942121052258,0.0113176848420903,0,0,0,0,0,0,0,0,0,0,0,0,0,0,0,0,2.83508005294363,0,0,0,0,0,0,0,0.650766878420194,0,0.00282942121052258,0,0,0,0,0,0,0,0,0,0,0,0,0,0,0,0,0,0,0,0,0,0,0,0,0,0,0,0,0,0,0,2.28832026618933,0,0,0,0,0,0,0,0,0,0,0,0,0,0,0,0,0,0,0,0,0,0,0,0,0.121687747422155,0,0,0,0,0,0,0,0,0,0,0,0,0,0,0,0,0,0,0,0,0,0,0,0,0,0,0,0,0,0,0,0,0,0,0,0,0,0,0,0,0,0,0,0,0,0,0,0,0,0,0,0,0,0.0338899499970972,0,0,0,0,0,0,0,0,0,0,0,0,0,0.217017768206941,0,0,0,0,0,0,0.0398522933850935,0,0,0,0.0760979882319753,0,0,0,0,0,0,0,0,0,0,0,0,0,0,0,0.109917918403555,0,0,0,0,0,0,0,0,0,0,0.00850846435686573,0,0,0,0,0,0,0,0,0,0,0,0,0,0,0,0,0,0,0,0,0,0,0,0,0,0,0,0,0,0,0,0,0,0,0,0,0,0,0,0,0,0,0,0,0,0,0,0,0,0,0,0,0,0,0,0.222647155056022,0,0,0,0,0,0.0347194227750631,0,0,0.0561711193364429,0,0,0,0,0,0.0605496139051833,0,0,0,0,0,0,0,0,0,0,0,0,0,0,0,0,0,0,0,0,0,0.510131142376515,0,0,0,0,0,0,0,0,0,0.176149480357997,0,0,0,0,0,0,0,0,0,0.00573965225999774,0,0,0,0,0,0,0,0,0,0,0,0,0,0,0,0,0,0,0,0,0,0,0,0,0,0,0,0,0,0,0,0,0,0,0,0,0,0,0.192660431880569,0,0,0,0,0,0,0,0,0,0,0,0,0,0,0,0,0,0,0,0,0,0,0,0,0,0,0,0,0,0,0,0,0,0,0,0,0,0,0,0,0,0,0,0,0,0,0,0,0,0,0,0,0,0,0,0,0,0,0,0,0,0,0,0,0,0,0,0,0,0,0,0,0,0,0,0,0,0,0,0,0,0,0,0,0,0,0,0,0,0.029697605025645,0,0,0,0,0.149307035470157,0,0,0,0,0,0,0,0,0,0,0,0,0,0,0,0,0,0,0,0,0,0,0,0,0,0,0,0,0,0,0,0,0,0,0,0,0,0,0,0,0,0,0,0,0,0,0,0,0,0,0,0,0,0,0,0,0,0,0,0,0.0622990679213183,0.221217541251428,0,0,0,0,0,0,0,0,0,0,0,0,0,0,0,0,0,0,0,0,0,0,0.597955211630824,0,0,0,0.0105504441705956,0,0,0,0,0,0,0.0331408317580852,0,0,0,0,0,0,0,0,0,0,0,0,0,0,0,0,0,0,0,0,0,0,0,0,0,0,0,0,0,0,0,0,0,0,0,2.01009332252446,0,0,0,0,0,0,0,0,0,0,0,0,0,0,0,0,0,0,0,0,0,0,0,0.157141990530277,0,0,0,0,0,0,0,0,0,0,0,0,0,0,0,0,0,0,0,0,0,0,0,0,0,0,0,0,0,0,0,0,0,0,0,0,0,0,0,0,0,0,0,0,0,0,0,0,0,0,0,0.838184567848591,0,0.0327232402026283,0.0577528760490156,0,0,0,0,0,0,0,0,0,0,0,0,0,0,0,0,3.39832161563752,0,0,0,0,0,0,0,3.52033474649888,0,0.806903433584277,0,0,0,0,0,0,0,0,0,0,0,0,0,0,0,121.4902021,131.8195022,133.0682022,132.8169022,123.3019021,138.8305025,129.5845022,131.7302023,140.7452023,134.9091023,134.2953022,"BAK-00329"
"603",8005,"nSPC",2015,"PRIAs","Pacific Remote Island Areas","Baker","Baker",2015,"ForereefMid","Baker","2015-02-10","Forereef","Mid",0.18914904,-176.46478247,10.05,57.5,0,0.5,27.5,12,0,2.5,0,NA,0.7475,0.413393353089236,1.35,2,1,14.6506504434931,11.7284273465591,10.2413244164889,5.4880775081281,42.1084797146692,0.496610960607458,0,0,0,0,0,0,0,0,0,0,0,0,0,0,0,0,0.104688584789336,0,0,0,0,0,0,0,0,0,0,0,0,0,0,0,0,0,0,0,0,0,0,0,0,0,0,0,0,0,0,0,0,0,0,0,0,0,0,0,0.00282942121052258,0,0,0,0,0,0,0,0,0,0,0,0,0,0,0,0,0,0,0,0.00565884242104517,0,0,0,0,0,0,0,0,0,0,0,0,0,0,0,0,0,0,0,0,0,0,0,0,0,0,0,0,0,0,0,0,0,0,0,0,0,0,0,0.00282942121052258,0,0,0,0.00848826363156775,0,0,0,0,0.00565884242104517,0,0,0,0,0,0,0,0,0,0,0.00282942121052258,0,0,0,0,0,0,0,0,0,0,0,0,0,0,0,0,0,0,0,0,0,0,0,0,0,0,0,0,0,0,0,0,0,0,0,0.198059484736581,0,0,0,0,0,0,0,0,0,0,0,0,0,0,0,0,0,0,0,0,0,0,0,0,0,0,0,0,0,0,0.0113176848420903,0,0,0,0,0.00565884242104517,0,0,0,0,0,0,0,0,0,0,0,0,0,0,0,0,0,0,0,0,0.00282942121052258,0,0,0,0.00282942121052258,0,0,0,0,0,0,0.0396118969473162,0,0,0,0,0,0,0,0,0,0,0,0,0,0,0,0,0,0,0,0,0,0,0,0,0,0,0,0,0,0,0,0,0,0,0,0,0,0,0,0,0,0,0,0,0,0,0,0,0,0,0,0,0,0,0,0,0,0,0.0113176848420903,0,0,0,0,0,0,0,0,0,0,0,0,0,0,0,0,0,0,0,0.00565884242104517,0,0,0,0,0,0.00565884242104517,0,0,0,0,0,0,0,0,0,0,0,0,0,0,0,0,0,0,0,0,0,0,0,0,0,0,0,0,0,0,0,0,0,0.00282942121052258,0,0,0,0.00565884242104517,0,0,0,0,0,0,0,0,0,0,0,0,0.00565884242104517,0,0,0,0,0,0,0,0,0,0,0,0,0,0,0,0,0.00282942121052258,0.00282942121052258,0,0,0,0,0,0,0,0.0226353696841807,0,0,0,0,0,0,0,0,0,0,0,0,0,0,0,0,0,0,0,0,0,0,0,0,0,0,0,0,0,0,0,0,0,0,0,0,0,0,0,0,0,0,0,0,0,0,0,0,0,0,0,0,0.00282942121052258,0.00282942121052258,0,0,0,0,0,0,0,0,0,0,0,0,0,0,0,0.0141471060526129,0,0,0,0,0,0,0.226353696841807,0,0,0,0,0.00282942121052258,0,0,0,0,0,0,0,0,0,0,0,0,0,0,0,0.00282942121052258,0,0,0,0,0,0,0,0,0,0,0,0,0,0,0,0,0,0,0,0,0,0,0,0,0,1.55618166578742,0,0,0,0,0,0,0,0,0,0,0,0,0,0,0,0,0,0,0,0,0,0,0,0,0,0,0,0,0,0,0,0,0,0,0,0,0,0,0,0,0,0,0,0,0,0,0,0,0,0,0,0,0.00282942121052258,0,0,0,0,0,0,0,0,0,0,0,0,0,0,0,0,0,0,0,0,0,0,0.0226353696841807,0,0,0,0,0,0,0,0,0,0,0,0,0,0,0,0,0,0,0,0.0169765272631355,0,0,0,0,0,0,0,0.0141471060526129,0,0.00282942121052258,0,0,0,0,0,0,0,0,0,0,0.00282942121052258,0,0,0,0,0,0,0,0,0,0,0,0,0,0,0,0,0,0,0,0,4.89841014891087,0,0,0,0,0,0,0,0,0,0,0,0,0,0,0,0,0,0,0,0,0,0,0,0,0,0,0,0,0,0,0,0,0,0,0,0,0,0,0,0.584760725710518,0,0,0,0,0,0,0,0,0,0,0,0,0,0,0,0,0,0,0,1.01520148203316,0,0,0,0,0,0,0,0,0,0,0,0,0,0,0,0,0,0,0,0,0,0,0,0,0,0,0,0,0,0,0,0,0,0,0,0,0,0,0,2.78351903752502,0,0,0,0.0474263886331403,0,0,0,0,0.0267973392288993,0,0,0,0,0,0,0,0,0,0,0.109917918403555,0,0,0,0,0,0,0,0,0,0,0,0,0,0,0,0,0,0,0,0,0,0,0,0,0,0,0,0,0,0,0,0,0,0,0,0.389085028343803,0,0,0,0,0,0,0,0,0,0,0,0,0,0,0,0,0,0,0,0,0,0,0,0,0,0,0,0,0,0,0.00233597015140745,0,0,0,0,0.0301974388132075,0,0,0,0,0,0,0,0,0,0,0,0,0,0,0,0,0,0,0,0,0.0597402087934514,0,0,0,0.328391679841125,0,0,0,0,0,0,4.37833598584549,0,0,0,0,0,0,0,0,0,0,0,0,0,0,0,0,0,0,0,0,0,0,0,0,0,0,0,0,0,0,0,0,0,0,0,0,0,0,0,0,0,0,0,0,0,0,0,0,0,0,0,0,0,0,0,0,0,0,0.263987869898673,0,0,0,0,0,0,0,0,0,0,0,0,0,0,0,0,0,0,0,0.285477911223952,0,0,0,0,0,0.0752626041999007,0,0,0,0,0,0,0,0,0,0,0,0,0,0,0,0,0,0,0,0,0,0,0,0,0,0,0,0,0,0,0,0,0,0.00889828028477043,0,0,0,0.00540243409826541,0,0,0,0,0,0,0,0,0,0,0,0,10.5840184164462,0,0,0,0,0,0,0,0,0,0,0,0,0,0,0,0,0.690217876139193,0.248286972602325,0,0,0,0,0,0,0,2.06984715232295,0,0,0,0,0,0,0,0,0,0,0,0,0,0,0,0,0,0,0,0,0,0,0,0,0,0,0,0,0,0,0,0,0,0,0,0,0,0,0,0,0,0,0,0,0,0,0,0,0,0,0,0,0.0448203933684347,0.543613952039408,0,0,0,0,0,0,0,0,0,0,0,0,0,0,0,0.563792168061456,0,0,0,0,0,0,1.8086423816453,0,0,0,0,0.0120291513290958,0,0,0,0,0,0,0,0,0,0,0,0,0,0,0,0.624736203283387,0,0,0,0,0,0,0,0,0,0,0,0,0,0,0,0,0,0,0,0,0,0,0,0,0,7.97262998415107,0,0,0,0,0,0,0,0,0,0,0,0,0,0,0,0,0,0,0,0,0,0,0,0,0,0,0,0,0,0,0,0,0,0,0,0,0,0,0,0,0,0,0,0,0,0,0,0,0,0,0,0,0.496610960607458,0,0,0,0,0,0,0,0,0,0,0,0,0,0,0,0,0,0,0,0,0,0,0.145456620660736,0,0,0,0,0,0,0,0,0,0,0,0,0,0,0,0,0,0,0,0.0103217285759864,0,0,0,0,0,0,0,0.167698663379189,0,0.568599531214191,0,0,0,0,0,0,0,0,0,0,0.264009106903639,0,0,0,0,126.7726022,137.9452023,136.8688023,138.0079023,134.6816023,147.6853026,136.3600023,135.7940024,151.6512025,143.6497025,145.1661024,"BAK-00298"
"604",8011,"nSPC",2015,"PRIAs","Pacific Remote Island Areas","Baker","Baker",2015,"ForereefDeep","Baker","2015-02-10","Forereef","Deep",0.20450067,-176.48182196,21.45,11.5,0,0,29,59.5,0,0,0,NA,0.3075,0.231897342514468,0.65,2,1,28.8403980006949,13.6385957707101,29.2106583702637,9.53262931703564,81.2222814587042,6.84245552989206,0,0,0,0,0,0,0,0,0,0,0,0,0,0,0,0,0.0113176848420903,0,0,0,0,0.00565884242104517,0,0,0,0,0,0,0,0,0,0,0.0113176848420903,0,0,0,0,0,0,0,0,0,0,0,0,0,0,0,0,0,0,0,0,0,0,0,0.00565884242104517,0,0,0,0,0,0,0,0,0,0,0,0,0,0,0,0,0,0,0,0.0198059484736581,0,0,0,0,0,0,0,0,0.00282942121052258,0,0,0,0,0,0,0,0,0,0,0,0,0,0,0,0,0,0,0,0,0,0,0,0,0,0,0,0,0,0,0.0169765272631355,0,0,0,0.0282942121052258,0,0,0,0,0.0481001605788839,0.0198059484736581,0,0,0,0,0,0,0,0,0,0.0311236333157484,0,0.0707355302630646,0,0,0,0,0,0,0,0,0,0,0,0,0,0,0,0,0,0,0,0,0,0,0,0,0,0,0,0,0,0,0,0,0.00848826363156775,0.155618166578742,0,0,0.00565884242104517,0,0,0,0,0,0,0,0,0,0,0,0,0,0,0,0,0,0,0,0,0,0,0,0,0,0,0,0.0848826363156775,0,0,0,0,0,0,0,0,0,0,0,0,0,0,0,0,0,0,0,0,0,0,0,0,0,0,0,0,0,0,0,0,0.00282942121052258,0.0254647908947033,0,0,0.0877120575262001,0,0,0,0,0,0,0,0.0226353696841807,0,0,0,0,0,0,0,0,0,0,0,0,0,0,0,0,0,0,0,0,0.00848826363156775,0,0,0,0,0,0,0,0.00282942121052258,0,0,0,0,0,0,0,0,0,0,0,0.00565884242104517,0,0,0,0,0,0,0,0,0,0.0113176848420903,0,0.00282942121052258,0,0,0,0,0,0,0,0,0,0,0,0,0,0,0,0,0,0,0,0,0,0,0,0.00848826363156775,0,0,0,0,0,0,0,0,0,0,0,0,0,0,0,0,0,0,0,0,0,0,0,0,0,0,0,0,0,0,0,0,0.00282942121052258,0.00848826363156775,0,0,0,0.00282942121052258,0,0,0,0,0,0,0,0,0.565884242104517,0,0,0,0.00848826363156775,0,0,0,0,0,18.1082957473445,0,0,0,0,0,0,0,0,0,0,0,0.0198059484736581,0,0,0,0,0,0,0,0,0,0,0,0,0,0,0,0,0,0,0,0,0,0,0,0.0169765272631355,0,0,0,0,0,0,0,0,0,0,0,0,0,0,0,0,0,0,0.00282942121052258,0,0,0,0,0,0,0,0,0,0,0,0.00848826363156775,0,0,0,0,0,0.00565884242104517,0.00282942121052258,0,0.00565884242104517,0,0,0,0,0,0,0,0,0,0,0,0,0,0,0,0,0,0,0,0,0.00565884242104517,0,0,0,0,0.067906109052542,0,0,0,0,0,0,0,0,0,0,0,0,0,0,0,0,0,0,0,0,0,0,0,0,0,0,0,0.933708999472453,0,0,0,0,0,0,0,0.00282942121052258,0,0,0,0,0.0424413181578388,0,0,0,0,0.00565884242104517,0,0,0,0,0,0,0,0,0,0,0,0,0,0,0,0.00282942121052258,0,0,0,0,0,0,0,0,0,0,0,0,0,0.0254647908947033,0,0,0,0,0,0,0,0,0,0,0,0,0,0,0,0,0,0,0.00282942121052258,0,0.00565884242104517,0,0,0.00282942121052258,0,0,0,0,0,0,0,0,0,0,0,0,0,0,0,0,0,0,0,0,0,0,0,0,0,0,0,0,0,0,0,0,0,0,0,0,0,0,0,0,0,0,0,0.00282942121052258,0,0,0,0,0,0,0,0,0,0,0,0,0,0,0,0,0,0.0169765272631355,0,0,0,0,0,0,0,0,0,0,0,0,0,0,0,0,0,0.498310976300411,0,0,0,0,1.29266240412162,0,0,0,0,0,0,0,0,0,0,0.0735196807342188,0,0,0,0,0,0,0,0,0,0,0,0,0,0,0,0,0,0,0,0,0,0,0,0.870530853262694,0,0,0,0,0,0,0,0,0,0,0,0,0,0,0,0,0,0,0,1.77219599962368,0,0,0,0,0,0,0,0,0.155725906230731,0,0,0,0,0,0,0,0,0,0,0,0,0,0,0,0,0,0,0,0,0,0,0,0,0,0,0,0,0,0,10.1282033172986,0,0,0,0.117918337884929,0,0,0,0,0.1143052522618,5.25756690922051,0,0,0,0,0,0,0,0,0,1.75499313426253,0,0.116798507570372,0,0,0,0,0,0,0,0,0,0,0,0,0,0,0,0,0,0,0,0,0,0,0,0,0,0,0,0,0,0,0,0,0.824205274727579,0.157312989883845,0,0,0.163500585259839,0,0,0,0,0,0,0,0,0,0,0,0,0,0,0,0,0,0,0,0,0,0,0,0,0,0,0,0.059129244457501,0,0,0,0,0,0,0,0,0,0,0,0,0,0,0,0,0,0,0,0,0,0,0,0,0,0,0,0,0,0,0,0,0.0145779472526207,1.19518937846649,0,0,8.78122490940652,0,0,0,0,0,0,0,0.445107091091081,0,0,0,0,0,0,0,0,0,0,0,0,0,0,0,0,0,0,0,0,0.510601792061997,0,0,0,0,0,0,0,1.24522751080726,0,0,0,0,0,0,0,0,0,0,0,0.094148990780139,0,0,0,0,0,0,0,0,0,0.212797624214914,0,1.72832837910128,0,0,0,0,0,0,0,0,0,0,0,0,0,0,0,0,0,0,0,0,0,0,0,0.0243850837607678,0,0,0,0,0,0,0,0,0,0,0,0,0,0,0,0,0,0,0,0,0,0,0,0,0,0,0,0,0,0,0,0,0.0119901315272546,0.0489825723285053,0,0,0,0.0027012170491327,0,0,0,0,0,0,0,0,0.512835423828429,0,0,0,7.11020755667499,0,0,0,0,0,10.8916475727371,0,0,0,0,0,0,0,0,0,0,0,2.19071430832003,0,0,0,0,0,0,0,0,0,0,0,0,0,0,0,0,0,0,0,0,0,0,0,7.28031340111714,0,0,0,0,0,0,0,0,0,0,0,0,0,0,0,0,0,0,0.230943300987395,0,0,0,0,0,0,0,0,0,0,0,0.0875436187369946,0,0,0,0,0,0.124598135842637,0.110140412162358,0,2.09719960356725,0,0,0,0,0,0,0,0,0,0,0,0,0,0,0,0,0,0,0,0,0.0156076608302934,0,0,0,0,0.22987599721464,0,0,0,0,0,0,0,0,0,0,0,0,0,0,0,0,0,0,0,0,0,0,0,0,0,0,0,1.15130195942012,0,0,0,0,0,0,0,0.0241926831184523,0,0,0,0,0.310938726186634,0,0,0,0,0.0223195522751254,0,0,0,0,0,0,0,0,0,0,0,0,0,0,0,0.455432692193589,0,0,0,0,0,0,0,0,0,0,0,0,0,2.94091342155474,0,0,0,0,0,0,0,0,0,0,0,0,0,0,0,0,0,0,0.752165247480652,0,3.87407881092403,0,0,2.21621147148738,0,0,0,0,0,0,0,0,0,0,0,0,0,0,0,0,0,0,0,0,0,0,0,0,0,0,0,0,0,0,0,0,0,0,0,0,0,0,0,0,0,0,0,0.0379719758553684,0,0,0,0,0,0,0,0,0,0,0,0,0,0,0,0,0,0.882985925240024,0,108.2334019,122.1606021,127.4554021,125.6010021,117.464402,135.2680024,120.102802,112.1574019,140.5827023,130.0948023,134.9546023,"BAK-00257"
"605",8012,"nSPC",2015,"PRIAs","Pacific Remote Island Areas","Baker","Baker",2015,"ForereefShallow","Baker","2015-02-10","Forereef","Shallow",0.19208665,-176.46898524,4.05,45,0,6.5,20,15,13.5,0,0,NA,0.725,0.54601826567092,1.85,2,1,19.5816866067508,2365.5789246101,18.1847939125842,6.01269684116598,2409.3581019706,5.05616439356664,0,0,0,0,0,0,0,0,0.00282942121052258,0,0,0,0.00565884242104517,0.00565884242104517,0,0,0.0311236333157484,0,0,0,0,0,0,0,0,0,0,0,0,0,0,0,0,0,0,0,0,0,0,0,0,0.00282942121052258,0,0,0,0,0,0,0,0,0,0,0,0,0,0,0,0,0,0,0,0,0,0,0,0,0,0,0,0,0,0,0,0,0,0,0,0,0,0,0,0,0,0,0,0,0,0,0,0,0,0,0,0,0,0,0,0,0,0,0,0,0,0,0,0,0,0,0,0,0,0,0,0,0,0,0,0,0,0,0,0,0,0,0,0,0,0,0,0,0,0,0,0,0,0,0,0,0,0,0,0,0,0,0,0,0,0.0141471060526129,0,0,0,0,0,0,0,0,0,0,0,0,0,0,0,0,0,0,0,0,0,0,0,0,0.141471060526129,0,0,0.00565884242104517,0,0,0,0,0,0,0,0,0,0,0,0,0,0,0,0,0,0,0,0,0.00282942121052258,0.0113176848420903,0,0,0,0,0,1.34397507499823,0,0,0,0,0,0,0,0,0,0,0,0,0,0,0.00282942121052258,0,0,0,0,0,0,0,0,0,0,0,0,0,0,0,0,0,0,0.00282942121052258,0,0,0.0226353696841807,0,0,0,0,0,0,0,0,0,0,0,0,0,0,0,0,0,0,0,0.0113176848420903,0,0,0,0,0,0,0,0,0,0,0,0,0,0,0,0,0,0,0,0,0,0,0,0,0,0,0,0,0,0,0,0,0,0,0,0,0,0,0.0198059484736581,0,0,0,0,0,0,0,0,0,0,0,0,0,0,0,0,0,0,0,0.00565884242104517,0,0,0,0,0,0,0,0,0,0,0,0,0,0,0.00282942121052258,0,0,0,0,0,0,0,0,0,0,0,0,0,0,0,0,0,0,0,0,0,0,0,0.00282942121052258,0.00565884242104517,0,0,0,0.00565884242104517,0,0,0,0,0,0,0,0,0,0,0,0,0.00848826363156775,0,0,0,0,0,0,0.00848826363156775,0,0,0,0,0,0,0,0,0,0,0.00565884242104517,0,0,0,0,0,0,0,0,0,0,0,0,0,0,0,0,0,0,0,0,0,0,0,0,0,0,0,0,0,0,0,0,0,0,0,0,0,0,0,0,0,0,0,0,0,0,0.00282942121052258,0,0,0,0,0,0,0,0,0,0,0,0,0,0,0,0,0.00282942121052258,0,0.00565884242104517,0,0,0,0,0,0,0,0,0,0,0,0,0,0,0,0,0,0,0.181082957473445,0,0,0,0,0,0,0,0,0,0,0.116006269631426,0,0,0,0,0,0,0,0,0,0,0,0,0,0,0,0,0,0,0,0,0,0,0,0,0,0,0,0,0,0,0,0,0,0,0,0,0,0,0,0,0,0,0,0,0,0,0,0,0,0,0,0,0,0,0,0,0,0,0,0.00282942121052258,0,0,0,0,0,0,0,0,0,0.00282942121052258,0,0,0,0,0,0,0,0,0.00565884242104517,0,0,0,0,0,0,0,0,0,0.00565884242104517,0,0,0,0,0.00282942121052258,0,0,0,0,0,0,0,0,0,0,0,0,0,0,0,0,0,0.15278874536822,0,0,0.0792237938946324,0,0,0,0,0,0,0,0,0,0,0,0,0,0,0,0,0.118835690841949,0,0,0,0,0,0,0,0.25181848773651,0,0,0,0,0,0,0,0,0,0,0,0,0,0,0,0,0,0,0,0,0,0,0,0,0,0.985320295035664,0,0,0,0.354066847117522,2.85014186753422,0,0,3.29016739508539,0,0,0,0,0,0,0,0,0,0,0,0,0,0,0,0,0,0,0,0,0,0,0,0,0.121687747422155,0,0,0,0,0,0,0,0,0,0,0,0,0,0,0,0,0,0,0,0,0,0,0,0,0,0,0,0,0,0,0,0,0,0,0,0,0,0,0,0,0,0,0,0,0,0,0,0,0,0,0,0,0,0,0,0,0,0,0,0,0,0,0,0,0,0,0,0,0,0,0,0,0,0,0,0,0,0,0,0,0,0,0,0,0,0,0,0,0,0,0,0,0,0,0,0,0,0,0,0,0,0,0,0,0,0.0106355804460822,0,0,0,0,0,0,0,0,0,0,0,0,0,0,0,0,0,0,0,0,0,0,0,0,0.0985487407625016,0,0,0.217401603926528,0,0,0,0,0,0,0,0,0,0,0,0,0,0,0,0,0,0,0,0,0.318042161130463,0.279661954627596,0,0,0,0,0,2.01294927890813,0,0,0,0,0,0,0,0,0,0,0,0,0,0,0.166148140555823,0,0,0,0,0,0,0,0,0,0,0,0,0,0,0,0,0,0,0.0749813966992483,0,0,3.20563405784805,0,0,0,0,0,0,0,0,0,0,0,0,0,0,0,0,0,0,0,0.022958609039991,0,0,0,0,0,0,0,0,0,0,0,0,0,0,0,0,0,0,0,0,0,0,0,0,0,0,0,0,0,0,0,0,0,0,0,0,0,0,0.375136752918796,0,0,0,0,0,0,0,0,0,0,0,0,0,0,0,0,0,0,0,0.0780323276687306,0,0,0,0,0,0,0,0,0,0,0,0,0,0,0.198177188658939,0,0,0,0,0,0,0,0,0,0,0,0,0,0,0,0,0,0,0,0,0,0,0,0.0119901315272546,0.0400842920437348,0,0,0,0.0075167372981692,0,0,0,0,0,0,0,0,0,0,0,0,19.5816866067508,0,0,0,0,0,0,2363.41893245497,0,0,0,0,0,0,0,0,0,0,0.86202317477554,0,0,0,0,0,0,0,0,0,0,0,0,0,0,0,0,0,0,0,0,0,0,0,0,0,0,0,0,0,0,0,0,0,0,0,0,0,0,0,0,0,0,0,0,0,0,0.0882739063416006,0,0,0,0,0,0,0,0,0,0,0,0,0,0,0,0,0.319224740674853,0,0.273781565481321,0,0,0,0,0,0,0,0,0,0,0,0,0,0,0,0,0,0,0.759713883203831,0,0,0,0,0,0,0,0,0,0,0.414912890959868,0,0,0,0,0,0,0,0,0,0,0,0,0,0,0,0,0,0,0,0,0,0,0,0,0,0,0,0,0,0,0,0,0,0,0,0,0,0,0,0,0,0,0,0,0,0,0,0,0,0,0,0,0,0,0,0,0,0,0,0.188549386233282,0,0,0,0,0,0,0,0,0,0.32528214593076,0,0,0,0,0,0,0,0,2.80507707206649,0,0,0,0,0,0,0,0,0,1.1788810926536,0,0,0,0,1.07220622884655,0,0,0,0,0,0,0,0,0,0,0,0,0,0,0,0,0,0.66594308079226,0,0,0.414802932723752,0,0,0,0,0,0,0,0,0,0,0,0,0,0,0,0,0.0255355264249663,0,0,0,0,0,0,0,2.24399217552214,0,0,0,0,0,0,0,0,0,0,0,0,0,0,0,0,0,114.2565019,118.123502,107.0139018,118.414502,120.1481021,133.0031024,123.2881021,117.7946021,139.8848023,122.5578021,129.8189022,"BAK-00360"
"606",8013,"nSPC",2015,"PRIAs","Pacific Remote Island Areas","Baker","Baker",2015,"ForereefMid","Baker","2015-02-10","Forereef","Mid",0.1871016,-176.46725144,15.4,55,0,6,24,15,0,0,0,NA,0.56625,0.395250426259875,1.475,2,1,24.5060343837107,27.4563275992871,13.6257694250008,11.3750673124759,76.9631987204744,5.10595843439799,0,0,0,0,0,0,0,0,0,0,0,0,0,0,0,0,0.0877120575262001,0,0,0,0,0,0,0,0,0,0,0,0,0,0,0,0,0,0,0,0,0,0,0,0.00282942121052258,0,0,0,0,0,0,0,0,0,0,0,0,0,0,0,0.00565884242104517,0,0,0,0,0,0,0,0,0,0,0,0,0,0,0,0,0,0,0,0.0113176848420903,0,0,0,0,0,0,0,0,0,0,0,0,0,0,0,0,0,0,0,0,0,0,0,0.00282942121052258,0,0,0,0,0,0,0,0,0,0,0,0,0,0,0,0.00848826363156775,0,0,0,0.00565884242104517,0,0,0,0,0.00282942121052258,0,0,0,0,0,0,0,0,0,0,0.00282942121052258,0,0,0,0,0,0,0,0,0,0,0,0,0,0,0,0,0,0,0,0,0,0,0,0,0,0,0,0,0,0,0,0,0,0,0,0.237671381683897,0,0,0.0113176848420903,0,0,0,0,0.00282942121052258,0,0,0,0,0,0,0,0,0,0,0,0,0,0.0113176848420903,0,0,0.00282942121052258,0,0,0,0,0,0.158447587789265,0,0,0,0,0.00848826363156775,0,0,0,0,0,0,0,0,0,0,0,0,0,0,0,0,0,0,0,0,0,0,0,0,0,0,0,0,0.0113176848420903,0.00282942121052258,0,0.0396118969473162,0,0,0,0,0,0,0,0,0,0,0,0,0,0,0,0,0,0,0,0,0,0,0,0,0,0,0,0,0,0,0.00282942121052258,0,0,0,0,0,0,0,0,0,0,0,0,0,0,0,0,0,0,0,0,0,0,0,0,0,0,0,0.00565884242104517,0,0,0,0,0,0,0,0,0,0,0,0,0,0,0,0,0,0,0,0.00565884242104517,0,0,0,0,0,0.00282942121052258,0,0,0,0,0,0,0,0,0.00565884242104517,0,0,0,0,0,0,0,0,0,0,0,0,0,0,0,0,0,0,0,0,0,0,0,0,0.00282942121052258,0,0,0,0.00282942121052258,0,0,0,0,0,0,0,0,0,0,0,0,0.00565884242104517,0,0,0,0,0,0,0,0,0,0,0,0,0,0,0.00282942121052258,0,0.00565884242104517,0.00565884242104517,0,0,0,0,0,0.0311236333157484,0,0.0622472666314969,0,0,0,0,0,0,0,0,0,0,0,0,0,0,0.00565884242104517,0,0,0,0,0,0,0,0,0,0,0,0,0,0,0,0,0,0,0,0,0,0,0,0,0,0,0,0,0,0,0.00282942121052258,0.00848826363156775,0,0,0,0,0,0,0.00282942121052258,0,0,0,0,0,0,0,0,0,0,0,0,0,0,0,0.116006269631426,0,0,0,0,0,0,0.277283278631213,0,0,0,0,0.0481001605788839,0.0169765272631355,0,0,0,0,0,0,0,0,0,0,0,0,0,0,0,0,0,0,0,0,0,0,0,0,0,0,0,0,0,0,0,0,0,0,0,0,0,0,0.00282942121052258,0,0.32821286042062,0,0,0,0,0,0,0,0,0,0,0,0,0,0,0,0,0,0,0,0,0,0,0,0,0,0,0,0,0,0,0,0,0,0,0,0,0,0,0,0,0,0,0.00565884242104517,0,0,0,0,0,0,0,0,0,0.00282942121052258,0,0,0,0,0,0,0,0,0,0,0,0,0,0,0,0,0,0,0,0,0,0,0.0169765272631355,0,0,0,0,0,0,0,0,0,0,0,0,0,0,0,0,0,0,0,0.0905414787367227,0,0,0,0,0,0,0,0,0,0,0,0,0,0,0,0,0,0,0,0,0.00282942121052258,0,0,0.00282942121052258,0,0,0,0,0,0,0,0,0,0,0,0,0,0,0,0,0,2.01241368011463,0,0,0,0,0,0,0,0,0,0,0,0,0,0,0,0,0,0,0,0,0,0,0,0.125874227040159,0,0,0,0,0,0,0,0,0,0,0,0,0,0,0,0.727036756571041,0,0,0,0,0,0,0,0,0,0,0,0,0,0,0,0,0,0,0,0.922560829064674,0,0,0,0,0,0,0,0,0,0,0,0,0,0,0,0,0,0,0,0,0,0,0,0.427074550338689,0,0,0,0,0,0,0,0,0,0,0,0,0,0,0,4.6043486265425,0,0,0,0.0267973392288993,0,0,0,0,0.00804255019459387,0,0,0,0,0,0,0,0,0,0,0.135443100477761,0,0,0,0,0,0,0,0,0,0,0,0,0,0,0,0,0,0,0,0,0,0,0,0,0,0,0,0,0,0,0,0,0,0,0,0.436388423909803,0,0,1.02462413666189,0,0,0,0,0.179111292414106,0,0,0,0,0,0,0,0,0,0,0,0,0,0.088706119128424,0,0,0.0350208704584905,0,0,0,0,0,0.166729869556706,0,0,0,0,0.049863710303312,0,0,0,0,0,0,0,0,0,0,0,0,0,0,0,0,0,0,0,0,0,0,0,0,0,0,0,0,0.316740176416591,0.100333377594546,0,5.19369095014283,0,0,0,0,0,0,0,0,0,0,0,0,0,0,0,0,0,0,0,0,0,0,0,0,0,0,0,0,0,0,2.55101728234042,0,0,0,0,0,0,0,0,0,0,0,0,0,0,0,0,0,0,0,0,0,0,0,0,0,0,0,0.164931697153713,0,0,0,0,0,0,0,0,0,0,0,0,0,0,0,0,0,0,0,0.218781634825013,0,0,0,0,0,0.0376313020999504,0,0,0,0,0,0,0,0,0.397515571782676,0,0,0,0,0,0,0,0,0,0,0,0,0,0,0,0,0,0,0,0,0,0,0,0,0.0136985311808475,0,0,0,0.00785111761276115,0,0,0,0,0,0,0,0,0,0,0,0,15.8010222349478,0,0,0,0,0,0,0,0,0,0,0,0,0,0,0.49917073409221,0,2.10273505788999,0.624594294061249,0,0,0,0,0,4.68917771348472,0,4.00348360946289,0,0,0,0,0,0,0,0,0,0,0,0,0,0,13.1686457983139,0,0,0,0,0,0,0,0,0,0,0,0,0,0,0,0,0,0,0,0,0,0,0,0,0,0,0,0,0,0,0.508856465368495,0.134461180105304,0,0,0,0,0,0,0.178309917462687,0,0,0,0,0,0,0,0,0,0,0,0,0,0,0,5.40058105827018,0,0,0,0,0,0,2.32422881519609,0,0,0,0,0.27126626895409,0.0400892890562156,0,0,0,0,0,0,0,0,0,0,0,0,0,0,0,0,0,0,0,0,0,0,0,0,0,0,0,0,0,0,0,0,0,0,0,0,0,0,0.137248467199058,0,1.47493599290852,0,0,0,0,0,0,0,0,0,0,0,0,0,0,0,0,0,0,0,0,0,0,0,0,0,0,0,0,0,0,0,0,0,0,0,0,0,0,0,0,0,0,4.44701466574109,0,0,0,0,0,0,0,0,0,0.658943768656901,0,0,0,0,0,0,0,0,0,0,0,0,0,0,0,0,0,0,0,0,0,0,0.129685547157053,0,0,0,0,0,0,0,0,0,0,0,0,0,0,0,0,0,0,0,0.024997936394967,0,0,0,0,0,0,0,0,0,0,0,0,0,0,0,0,0,0,0,0,0.264009106903639,0,0,0.107513075692386,0,114.1202019,117.389202,106.7883018,117.080202,120.0264021,131.1198023,122.9670021,116.949702,138.9460023,121.8092021,128.2643021,"BAK-00284"
"607",8014,"nSPC",2015,"PRIAs","Pacific Remote Island Areas","Baker","Baker",2015,"ForereefMid","Baker","2015-02-10","Forereef","Mid",0.18887529,-176.48483165,12.95,40,0,1,31.5,22.5,5,0,0,NA,0.59625,0.375970999017127,1.15,2,1,10.7622173220179,170.396188256917,21.8916205164353,43.3518643828353,246.401890478206,2.02440011034498,0,0,0,0,0.00848826363156775,0,0,0,0,0,0,0,0.0141471060526129,0,0.00565884242104517,0.00565884242104517,0.00282942121052258,0,0,0,0,0,0,0,0,0,0,0,0,0,0,0,0,0,0,0,0,0,0,0,0,0,0,0,0,0,0,0,0,0,0,0,0,0,0,0,0.00282942121052258,0,0,0,0,0,0,0,0,0.00282942121052258,0,0,0,0.00282942121052258,0,0,0,0.00848826363156775,0,0,0.0141471060526129,0,0,0,0,0,0,0,0,0.00282942121052258,0,0,0,0,0,0,0,0,0,0,0,0,0,0,0,0,0,0,0,0,0,0,0,0,0,0.0565884242104517,0,0,0,0,0.0113176848420903,0,0,0,0.0169765272631355,0,0,0,0,0.0396118969473162,0.0113176848420903,0,0,0,0,0,0,0,0,0.00282942121052258,0.0113176848420903,0,0,0,0,0,0,0,0,0,0,0,0,0,0,0,0,0,0,0,0,0,0,0,0,0,0,0,0,0,0,0,0,0,0,0.00282942121052258,0.268795014999645,0,0,0.00565884242104517,0,0,0,0,0,0,0,0,0,0,0,0,0,0,0,0,0,0,0,0,0,0,0,0.00565884242104517,0,0,0,0,0,0,0,0,0,0,0,0,0,0,0,0,0,0,0,0,0,0,0,0,0,0,0,0,0,0,0,0,0,0,0,0,0,0.0537590029999291,0.0198059484736581,0,0.0481001605788839,0,0.00565884242104517,0,0,0,0,0,0.0113176848420903,0,0,0,0,0,0,0,0,0,0,0,0,0,0,0,0,0,0,0,0,0,0,0,0,0,0,0,0,0.00282942121052258,0,0,0,0,0,0,0,0,0,0,0,0,0.00282942121052258,0,0,0,0,0.0113176848420903,0,0,0,0.0113176848420903,0,0,0,0,0,0,0,0,0,0,0,0,0,0,0,0,0,0,0,0.00282942121052258,0,0,0,0,0,0.00848826363156775,0,0,0,0,0,0,0,0,0,0,0,0,0,0,0,0,0,0,0,0,0,0,0,0,0,0,0,0,0,0,0,0,0.00565884242104517,0.00565884242104517,0,0,0,0.0198059484736581,0,0,0,0,0,0,0,0,0.282942121052258,0,0,0,0.00565884242104517,0.00848826363156775,0.0141471060526129,0.00565884242104517,0,0,14.1471060526129,0,0,0,0,0,0,0,0,0,0,0.0141471060526129,0.00282942121052258,0,0,0,0,0,0,0,0.325383439210097,0.565884242104517,0,0.226353696841807,0.198059484736581,0,0,0,0,0,0,0,0,0,0,0.00848826363156775,0.00848826363156775,0,0,0,0,0,0.00282942121052258,0.00848826363156775,0,0,0,0,0,0,0,0,0,0,0,0.0141471060526129,0,0,0,0,0,0,0,0,0,0,0,0.00848826363156775,0,0,0,0,0,0.0141471060526129,0.00282942121052258,0,0.0113176848420903,0,0.00282942121052258,0,0,0,0,0,0,0,0,0,0,0,0.141471060526129,0,0,0,0,0,0,0.169765272631355,0,0,0,0,0.0452707393683613,0,0,0,0,0,0,0,0,0,0,0,0,0,0,0,0.00565884242104517,0,0,0,0,0,0,0,0,0,0,0,15.5618166578742,0,0,0,0,0,0,0,0.00565884242104517,0,0,0,0,0.0141471060526129,0.565884242104517,0,0,0,0.00282942121052258,0,0,0,0,0,0,0,0,0,0,0,0,0,0,0,0,0,0,0,0,0,0,0,0,0,0,0,0,0,0.0226353696841807,0,0,0,0,0,0,0,0,0,0,0,0,0,0,0,0,0,0,0.00282942121052258,0,0,0,0,0,0,0,0,0,0,0,0,0,0,0,0,0,0,0,0,0,0,0,0,0,0,0,0,0,0,0,0,0,0,0,0,0,0,0,0,0,0,0.933708999472453,0,0,0,0,0,0,0,0,0,0,0,0,0,0,0,0,0,0,0,0,0.00282942121052258,0,0,0.00848826363156775,0,0,0,0,0,0.160671968406654,0,0,0,0,0,0,0,2.55711507484041,0,1.02956199952827,0.739736662102223,0.261071808710051,0,0,0,0,0,0,0,0,0,0,0,0,0,0,0,0,0,0,0,0,0,0,0,0,0,0,0,0,0,0,0,0,0,0,0,0,0,0,0,0.724570915986071,0,0,0,0,0,0,0,0,0.302549411351547,0,0,0,1.74243479957323,0,0,0,0.45454614016253,0,0,1.41147250803455,0,0,0,0,0,0,0,0,0.0567667018323994,0,0,0,0,0,0,0,0,0,0,0,0,0,0,0,0,0,0,0,0,0,0,0,0,0,3.84411398474351,0,0,0,0,2.67498135577426,0,0,0,0.0643236594271305,0,0,0,0,0.132871808997858,1.66001396082343,0,0,0,0,0,0,0,0,0.542606388351268,0.611622090599696,0,0,0,0,0,0,0,0,0,0,0,0,0,0,0,0,0,0,0,0,0,0,0,0,0,0,0,0,0,0,0,0,0,0,0.108700801963264,0.238341954510791,0,0,0.281988661853712,0,0,0,0,0,0,0,0,0,0,0,0,0,0,0,0,0,0,0,0,0,0,0,1.38015123316772,0,0,0,0,0,0,0,0,0,0,0,0,0,0,0,0,0,0,0,0,0,0,0,0,0,0,0,0,0,0,0,0,0,0,0,0,0,2.28820667130096,0.421112367152645,0,3.14147280493093,0,0.117061140584895,0,0,0,0,0,0.259309129965698,0,0,0,0,0,0,0,0,0,0,0,0,0,0,0,0,0,0,0,0,0,0,0,0,0,0,0,0,0.720617772457906,0,0,0,0,0,0,0,0,0,0,0,0,0.0519702429106367,0,0,0,0,2.20492573696581,0,0,0,0.198998630131826,0,0,0,0,0,0,0,0,0,0,0,0,0,0,0,0,0,0,0,0.0390161638343653,0,0,0,0,0,0.0843317480059888,0,0,0,0,0,0,0,0,0,0,0,0,0,0,0,0,0,0,0,0,0,0,0,0,0,0,0,0,0,0,0,0,0.0105523346618939,0.0191061452630932,0,0,0,0.0164119719811245,0,0,0,0,0,0,0,0,0.58609762723249,0,0,0,2.61930484508422,2.58138808798453,8.75931051441046,1.06459627900632,0,0,11.9932940387389,0,0,0,0,0,0,0,0,0,0,2.70632405314124,0.387383452121338,0,0,0,0,0,0,0,33.4706844537349,50.4020545739855,0,17.1734504381606,18.6019417671003,0,0,0,0,0,0,0,0,0,0,9.34196095964869,1.72825473638163,0,0,0,0,0,6.0360944218693,17.2130784739233,0,0,0,0,0,0,0,0,0,0,0,0.892426329300323,0,0,0,0,0,0,0,0,0,0,0,0.145951528319962,0,0,0,0,0,0.483297808071974,0.27065604470659,0,1.09027382945194,0,0.168410588356291,0,0,0,0,0,0,0,0,0,0,0,4.80081336540117,0,0,0,0,0,0,1.07924471138323,0,0,0,0,0.149685596041054,0,0,0,0,0,0,0,0,0,0,0,0,0,0,0,1.40557836536221,0,0,0,0,0,0,0,0,0,0,0,12.8615868198241,0,0,0,0,0,0,0,0.0204125763811941,0,0,0,0,0.166208194391938,2.15150494777764,0,0,0,0.0276693920656364,0,0,0,0,0,0,0,0,0,0,0,0,0,0,0,0,0,0,0,0,0,0,0,0,0,0,0,0,0,2.7847938815375,0,0,0,0,0,0,0,0,0,0,0,0,0,0,0,0,0,0,2.02440011034498,0,0,0,0,0,0,0,0,0,0,0,0,0,0,0,0,0,0,0,0,0,0,0,0,0,0,0,0,0,0,0,0,0,0,0,0,0,0,0,0,0,0,0.132247147379826,0,0,0,0,0,0,0,0,0,0,0,0,0,0,0,0,0,0,0,0,0.205664541618939,0,0,0.322539227077159,0,51.19890085,55.76700095,59.27040095,53.58980091,59.66940104,53.261301,60.20280104,62.63360111,58.70720094,75.52780129,50.66560082,"BAK-00295"
"608",8015,"nSPC",2015,"PRIAs","Pacific Remote Island Areas","Baker","Baker",2015,"ForereefMid","Baker","2015-02-10","Forereef","Mid",0.18710394,-176.47188127,12.865,45,0,9.5,25,15.5,5,0,0,NA,0.55125,0.378698238307278,1.35,2,1,22.5613470985754,1107.306448475,9.67015135454282,78.5698166872756,1218.10776361539,3.88540969513152,0.0141471060526129,0,0,0,0,0,0,0,0,0,0,0,0,0,0,0,0.0169765272631355,0,0,0,0,0.00282942121052258,0,0,0,0,0,0,0,0,0,0,0.0113176848420903,0,0,0,0,0,0,0,0,0,0,0,0,0,0,0,0,0,0,0,0,0,0,0,0.00565884242104517,0,0,0,0,0,0,0,0,0.00282942121052258,0,0,0,0,0,0,0,0.00282942121052258,0,0,0.0169765272631355,0,0,0,0,0,0,0,0,0.00282942121052258,0,0,0,0,0,0,0,0,0,0,0,0,0,0,0,0,0,0,0,0,0,0,0,0,0,0,0,0,0,0,0.00565884242104517,0,0,0,0.00848826363156775,0,0,0,0,0.00282942121052258,0.0169765272631355,0,0,0,0,0,0,0,0,0,0.00565884242104517,0,0.0848826363156775,0,0,0,0,0,0,0,0,0,0,0,0,0,0,0,0,0,0,0,0,0,0,0,0,0,0,0,0,0,0,0,0,0,0.130153375684039,0,0,0.00565884242104517,0,0,0,0,0,0,0.00282942121052258,0,0,0,0,0,0,0,0,0.00282942121052258,0,0,0,0,0,0.00282942121052258,0,0,0,0,0,0.763943726841098,0,0,0,0,0.0282942121052258,0,0,0,0.00282942121052258,0,0,0,0,0,0,0,0,0,0,0,0,0.00282942121052258,0,0,0,0,0,0,0,0,0,0,0,0.0198059484736581,0,0,0,0,0,0,0,0,0,0,0.00848826363156775,0,0,0,0,0,0,0,0,0,0,0,0,0,0,0,0,0,0,0,0,0.0169765272631355,0,0,0,0,0,0,0,0,0,0,0,0,0,0,0,0,0,0,0,0,0,0,0,0,0,0,0,0,0,0.0226353696841807,0,0,0,0,0,0,0,0,0.00282942121052258,0,0,0,0,0,0,0,0,0,0,0.00848826363156775,0,0,0,0,0,0.00565884242104517,0,0,0,0,0,0,0,0,0.00565884242104517,0,0,0,0,0,0,0,0,0,0,0,0,0,0,0,0,0,0,0,0,0,0,0,0.00848826363156775,0.0113176848420903,0,0,0,0.00565884242104517,0,0,0,0,0,0,0,0,0,0,0,0,0.00848826363156775,0,0,0,0.00282942121052258,0,1.98059484736581,0.00565884242104517,0,0,0,0,0,0,0,0,0,0.00565884242104517,0.0169765272631355,0,0,0,0,0,0.0254647908947033,0,0.268795014999645,0.424413181578388,0,0.396118969473162,0,0,0,0,0,0,0,0,0,0,0,0,0.00282942121052258,0,0,0,0,0,0,0,0,0,0,0,0,0,0,0,0,0,0,0.0226353696841807,0,0,0,0,0,0,0,0,0,0,0,0.0169765272631355,0,0,0,0,0,0.00565884242104517,0.00282942121052258,0,0.00565884242104517,0,0,0,0,0,0,0,0,0,0,0,0,0,0.424413181578388,0,0,0,0,0,0,0.0792237938946324,0,0,0,0,0.0735649514735872,0,0,0,0,0,0,0,0,0,0,0,0,0,0,0,0.00565884242104517,0,0,0,0,0,0,0,0,0,0,0,4.95148711841452,0,0,0,0,0,0,0,0,0,0,0,0,0.0113176848420903,0.33953054526271,0,0,0,0.00282942121052258,0,0,0,0,0,0,0,0,0,0,0,0,0,0,0,0,0,0,0,0,0,0,0,0,0,0,0,0,0,0.0565884242104517,0,0,0,0,0,0,0.00282942121052258,0,0,0,0,0,0,0,0,0,0,0,0,0,0,0,0,0.00282942121052258,0,0,0,0,0,0,0,0,0,0,0,0,0,0,0,0,0,0.0735649514735872,0,0,0,0,0,0,0,0,0.00282942121052258,0,0,0,0,0,0,0,0,0,0,0,0,0,0,0,0,0.00848826363156775,0,0.00282942121052258,0,0,0,0,0,0,0,0,0,0,0,0,0.00282942121052258,0,0,0,0,0.121991001566754,0,0,0,0,0,0,0,0,0,0,0,0,0,0,0,0.663698837914593,0,0,0,0,0.646331202060811,0,0,0,0,0,0,0,0,0,0,0.0812326829541034,0,0,0,0,0,0,0,0,0,0,0,0,0,0,0,0,0,0,0,0,0,0,0,1.11637218869198,0,0,0,0,0,0,0,0,0.204882759234707,0,0,0,0,0,0,0,0.383721871873308,0,0,1.43095478067534,0,0,0,0,0,0,0,0,0.191525483086802,0,0,0,0,0,0,0,0,0,0,0,0,0,0,0,0,0,0,0,0,0,0,0,0,0,0,0,0,0,0,3.3885004798753,0,0,0,0.0567770660727276,0,0,0,0,0.00804255019459387,3.46642362623124,0,0,0,0,0,0,0,0,0,0.274425439989452,0,0.140158209084447,0,0,0,0,0,0,0,0,0,0,0,0,0,0,0,0,0,0,0,0,0,0,0,0,0,0,0,0,0,0,0,0,0,0.230531054317022,0,0,0.217401603926528,0,0,0,0,0,0,0.0253325251943979,0,0,0,0,0,0,0,0,1.36314915204444,0,0,0,0,0,0.0679298284579949,0,0,0,0,0,0.77890004735992,0,0,0,0,0.112733915939957,0,0,0,0.00917722976680384,0,0,0,0,0,0,0,0,0,0,0,0,0.00214462450414181,0,0,0,0,0,0,0,0,0,0,0,0.577496042332225,0,0,0,0,0,0,0,0,0,0,0.164757414460086,0,0,0,0,0,0,0,0,0,0,0,0,0,0,0,0,0,0,0,0,0.993867720394132,0,0,0,0,0,0,0,0,0,0,0,0,0,0,0,0,0,0,0,0,0,0,0,0,0,0,0,0,0,0.867754368389013,0,0,0,0,0,0,0,0,1.02462343550416,0,0,0,0,0,0,0,0,0,0,0.455046706270532,0,0,0,0,0,0.056898528775125,0,0,0,0,0,0,0,0,0.564340509892056,0,0,0,0,0,0,0,0,0,0,0,0,0,0,0,0,0,0,0,0,0,0,0,0.0359703945817637,0.0369027058326341,0,0,0,0.0075167372981692,0,0,0,0,0,0,0,0,0,0,0,0,10.0191191396486,0,0,0,1.70831475552885,0,0.91442083508032,988.187807228339,0,0,0,0,0,0,0,0,0,0.887493198646583,1.9810409982273,0,0,0,0,0,1.87944872447299,0,25.2181210842174,62.9905788055404,0,60.913333369052,0,0,0,0,0,0,0,0,0,0,0,0,1.37647632095751,0,0,0,0,0,0,0,0,0,0,0,0,0,0,0,0,0,0,2.154887193934,0,0,0,0,0,0,0,0,0,0,0,0.042837464152322,0,0,0,0,0,0.0758380286760525,0.110140412162358,0,0.540888402296042,0,0,0,0,0,0,0,0,0,0,0,0,0,22.4423677898579,0,0,0,0,0,0,1.01646253106341,0,0,0,0,0.188095565767454,0,0,0,0,0,0,0,0,0,0,0,0,0,0,0,1.08016889547698,0,0,0,0,0,0,0,0,0,0,0,2.57231736396482,0,0,0,0,0,0,0,0,0,0,0,0,0.0251070511451723,0.308150649738265,0,0,0,0.00627676278629307,0,0,0,0,0,0,0,0,0,0,0,0,0,0,0,0,0,0,0,0,0,0,0,0,0,0,0,0,0,8.1436401281261,0,0,0,0,0,0,1.31945522845387,0,0,0,0,0,0,0,0,0,0,0,0,0,0,0,0,1.2028053146332,0,0,0,0,0,0,0,0,0,0,0,0,0,0,0,0,0,0.472734017147391,0,0,0,0,0,0,0,0,0.167700926916158,0,0,0,0,0,0,0,0,0,0,0,0,0,0,0,0,0.047619342316081,0,0.0134898315054085,0,0,0,0,0,0,0,0,0,0,0,0,0.333113530817294,0,0,0,0,93.17390159,95.94240166,85.7070014,94.0476016,109.4789019,117.8872021,100.0117017,95.83790168,121.192202,112.407302,108.3383018,"BAK-00293"
"609",8016,"nSPC",2015,"PRIAs","Pacific Remote Island Areas","Baker","Baker",2015,"ForereefDeep","Baker","2015-02-11","Forereef","Deep",0.19358399,-176.48791384,20.1,3.5,0,0,56,37,1,2.5,0,NA,1.23125,0.728418909790588,2.75,2,1,21.8084752751929,67.5827219730047,63.8718170801526,220.529761066324,373.792775394674,9.02560674664635,0,0,0,0,0,0,0,0,0,0,0,0,0.0962003211577679,0.00565884242104517,0,0.00282942121052258,0.0396118969473162,0,0,0,0,0,0,0,0,0.0933708999472453,0,0,0.00282942121052258,0,0,0,0,0,0,0,0,0,0,0,0,0,0,0,0,0,0,0,0,0,0,0,0,0,0,0,0.00565884242104517,0.00282942121052258,0,0,0,0,0,0,0,0,0,0,0,0,0,0,0,0,0,0,0.00565884242104517,0,0,0,0,0,0,0,0,0,0,0,0,0,0,0,0,0,0,0,0,0,0,0,0,0,0,0,0,0,0,0,0,0,0,0,0,0,0,0,0.00282942121052258,0,0,0,0.0311236333157484,0,0,0,0,0.116006269631426,0.0141471060526129,0,0,0,0,0,0,0,0,0,0,0,0,0,0,0,0,0,0.00565884242104517,0,0,0,0,0,0,0,0,0,0,0,0,0,0,0,0,0,0,0,0,0,0,0,0,0,0,0,0.186741799894491,0,0,0,0,0,0,0,0,0,0,0,0,0,0,0,0,0,0,0,0,0,0,0,0,0,0,0,0,0,0,0,0,0,0,0,0,0,0,0,0,0,0,0,0,0.0226353696841807,0,0,0,0,0,0,0,0,0,0,0,0,0,0,0,0,0,0,0,0.033953054526271,0,0.00282942121052258,0.124494533262994,0,0.0905414787367227,0,0,0,0,0,0,0,0,0,0,0,0,0,0,0,0,0,0,0,0,0,0,0,0,0,0,0,0,0,0,0,0,0,0,0,0,0,0,0,0,0,0,0,0,0,0,0,0,0,0,0,0,0,0,0,0,0,0,0,0,0,0,0,0.00565884242104517,0,0,0,0,0,0,0,0,0,0,0,0,0.00282942121052258,0,0,0,0,0,0.00848826363156775,0,0,0,0,0,0,0,0,0,0,0,0,0,0,0,0,0,0,0,0,0,0,0,0,0,0,0,0,0,0,0,0,0.00565884242104517,0.00282942121052258,0,0,0,0.00565884242104517,0,0,0,0,0,0,0,0,0,0,0,0,0.00848826363156775,0,0,0,0,0,27.4453857420691,0,0,0,0,0,0,0,0,0,0,0,0.0113176848420903,0,0,0,0,0,0,0,0,0.186741799894491,0,1.69765272631355,0,0,0,0,0.0735649514735872,0,0,0,0,0,0,0,0.00848826363156775,0,0,0,0,0,0,0,0,0,0,0,0,0,0,0,0,0,0,0,0,0,0,0,0,0,0,0,0,0,0,0.0113176848420903,0,0,0,0,0,0.00282942121052258,0,0,0.00282942121052258,0,0,0,0,0,0,0,0,0,0,0,0,0,0.127323954473516,0,0,0,0,0,0,0.033953054526271,0,0,0,0,0.033953054526271,0,0,0,0,0,0,0,0,0,0,0,0,0,0,0,0.00282942121052258,0,0,0,0,0,0,0,0,0,0,0,25.4647908947033,0,0,0,0,0,0,0,0.033953054526271,0,0,0,0,0,0,0,0,0,0.0141471060526129,0,0,0,0,0,0,0,0,0,0,0,0,0,0,0,0,0,0,0,0,0.0452707393683613,0,0,0,0,0,0,0,0,0.0424413181578388,0,0,0,0,0,0,0,0,0,0,0,0,0,0,0,0,0,0,0.00282942121052258,0,0,0,0,0.00282942121052258,0,0,0,0,0,0,0,0,0,0,0,0,0,0,0,0,0,0.00282942121052258,0,0,0,0,0,0,0,0,0,0,0,0,0,0,0,0,0,0,0,0,0,0,0,0,0,0,0,0,0,0,0,0,0,0,0,0,0,0,0,0,0.00565884242104517,0,0,0,0,0,0,0,0,0,0,0,0,0,0,0,0,18.4579685166255,1.40884246163691,0,1.17755531055302,3.60951620079105,0,0,0,0,0,0,0,0,3.97455474876164,0,0,25.8716722636158,0,0,0,0,0,0,0,0,0,0,0,0,0,0,0,0,0,0,0,0,0,0,0,0,0,0,0,0.928403834702723,0.204882759234707,0,0,0,0,0,0,0,0,0,0,0,0,0,0,0,0,0,0,0.461604182500782,0,0,0,0,0,0,0,0,0,0,0,0,0,0,0,0,0,0,0,0,0,0,0,0,0,0,0,0,0,0,0,0,0,0,0,0,0,0,0,1.954112529795,0,0,0,0.153008146868753,0,0,0,0,0.128921112409796,1.8378142143346,0,0,0,0,0,0,0,0,0,0,0,0,0,0,0,0,0,0.399942920496372,0,0,0,0,0,0,0,0,0,0,0,0,0,0,0,0,0,0,0,0,0,0,0,0,0,0,0,0.240604925594967,0,0,0,0,0,0,0,0,0,0,0,0,0,0,0,0,0,0,0,0,0,0,0,0,0,0,0,0,0,0,0,0,0,0,0,0,0,0,0,0,0,0,0,0,0.0510374437906311,0,0,0,0,0,0,0,0,0,0,0,0,0,0,0,0,0,0,0,1.45363947265321,0,0.276993760608636,11.9945725615747,0,11.0347278595569,0,0,0,0,0,0,0,0,0,0,0,0,0,0,0,0,0,0,0,0,0,0,0,0,0,0,0,0,0,0,0,0,0,0,0,0,0,0,0,0,0,0,0,0,0,0,0,0,0,0,0,0,0,0,0,0,0,0,0,0,0,0,0,4.41595824055676,0,0,0,0,0,0,0,0,0,0,0,0,0.0682112336509005,0,0,0,0,0,0.0484691171047361,0,0,0,0,0,0,0,0,0,0,0,0,0,0,0,0,0,0,0,0,0,0,0,0,0,0,0,0,0,0,0,0,0.00496332613012764,0.0054076140822457,0,0,0,0.0075167372981692,0,0,0,0,0,0,0,0,0,0,0,0,12.4938765383411,0,0,0,0,0,17.4092702607577,0,0,0,0,0,0,0,0,0,0,0,4.43302083948866,0,0,0,0,0,0,0,0,22.2169558906325,0,178.639005397588,0,0,0,0,5.94065818573795,0,0,0,0,0,0,0,1.87681732370947,0,0,0,0,0,0,0,0,0,0,0,0,0,0,0,0,0,0,0,0,0,0,0,0,0,0,0,0,0,0,0.102904500028418,0,0,0,0,0,0.178309917462687,0,0,0.653547673221794,0,0,0,0,0,0,0,0,0,0,0,0,0,6.52921907085189,0,0,0,0,0,0,0.068067768653744,0,0,0,0,0.181444647259962,0,0,0,0,0,0,0,0,0,0,0,0,0,0,0,0.831523886570187,0,0,0,0,0,0,0,0,0,0,0,10.0939035801151,0,0,0,0,0,0,0,0.0362890246776785,0,0,0,0,0,0,0,0,0,0.0218641733295354,0,0,0,0,0,0,0,0,0,0,0,0,0,0,0,0,0,0,0,0,5.94945475355391,0,0,0,0,0,0,0,0,6.60786877518291,0,0,0,0,0,0,0,0,0,0,0,0,0,0,0,0,0,0,7.3677394072097,0,0,0,0,1.65786733943665,0,0,0,0,0,0,0,0,0,0,0,0,0,0,0,0,0,0.018182077582592,0,0,0,0,0,0,0,0,0,0,0,0,0,0,0,0,0,0,0,0,0,0,0,0,0,0,0,0,0,0,0,0,0,0,0,0,0,0,0,0,0.314082868353437,0,0,0,0,68.11580118,75.72460128,90.02750153,76.29090129,67.10590115,53.91190102,68.98840118,76.97950132,65.52620112,61.26410101,70.70350119,"BAK-00266"
"610",8017,"nSPC",2015,"PRIAs","Pacific Remote Island Areas","Baker","Baker",2015,"ForereefMid","Baker","2015-02-11","Forereef","Mid",0.20476855,-176.47991256,10.35,7,0,1,25,56,6,5,0,NA,0.605,0.465432356273733,1.75,2,1,30.1974447116428,8.28782315086441,41.8272495440834,7.6517385251247,87.9642559317153,10.2104051359337,0,0,0,0,0,0,0,0,0,0,0,0,0,0,0,0,0.118835690841949,0,0,0,0,0.00282942121052258,0,0,0,0,0,0,0,0,0,0,0.00282942121052258,0,0,0,0,0,0,0,0,0,0,0,0,0,0,0,0,0,0,0,0,0,0,0,0,0,0,0,0,0,0,0,0,0,0,0,0,0,0,0,0,0,0,0,0.0198059484736581,0,0,0,0,0,0,0,0,0,0,0,0,0,0,0,0,0,0,0,0,0.00282942121052258,0,0,0,0,0,0,0,0,0,0,0,0,0,0,0,0,0,0,0.00282942121052258,0,0,0,0.0169765272631355,0,0,0,0,0.033953054526271,0,0,0,0,0,0,0,0,0,0,0.00282942121052258,0,0,0,0,0,0,0,0,0,0,0,0,0,0,0,0,0,0,0,0,0,0,0,0,0,0,0,0,0,0,0,0,0,0,0,0.0848826363156775,0,0,0.00282942121052258,0,0,0,0,0.00565884242104517,0,0,0,0,0,0,0,0,0,0,0.00282942121052258,0,0,0,0,0,0,0,0,0,0,0,0.67906109052542,0,0,0,0,0.0282942121052258,0,0,0,0,0,0,0,0,0,0,0,0,0,0,0,0,0,0,0,0,0.00282942121052258,0,0,0,0,0,0,0,0.0282942121052258,0.00282942121052258,0,0.130153375684039,0,0.00565884242104517,0,0,0,0,0,0,0,0,0,0,0,0,0,0,0,0,0,0.00565884242104517,0,0,0,0,0,0,0,0,0.00282942121052258,0,0,0,0,0,0,0,0,0,0,0,0,0,0,0,0,0,0,0,0,0,0,0,0,0,0,0,0,0,0.0396118969473162,0,0,0,0,0,0,0,0,0,0,0,0,0,0,0,0,0,0,0,0.0141471060526129,0,0,0,0,0,0.0113176848420903,0,0,0,0,0,0,0,0,0,0,0,0,0,0,0,0,0,0,0,0,0,0,0,0,0,0,0,0,0,0,0,0,0,0,0,0,0,0.00565884242104517,0,0,0,0,0,0,0,0,0.169765272631355,0,0,0,0.00565884242104517,0,0,0,0.0113176848420903,0,0,0,0,0,0,0,0,0,0,0,0,0,0.0254647908947033,0,0,0,0,0,0,0,0,0,0,0,0,0,0,0,0,0,0,0,0,0,0,0,0,0,0,0,0,0,0,0,0,0,0,0,0,0,0,0,0,0,0,0,0,0,0,0,0,0,0,0,0,0,0,0.0113176848420903,0,0,0,0,0,0.00848826363156775,0.00565884242104517,0,0.00565884242104517,0,0,0,0,0,0,0,0,0,0,0,0,0,0,0,0,0,0,0,0,0.288600963473304,0,0,0,0,0,0.0169765272631355,0,0,0,0,0,0,0,0,0,0,0,0,0,0,0,0,0,0,0,0,0,0,0,0,0,0,0,0,0,0,0,0,0,0,0.0848826363156775,0,0,0,0,0,1.58447587789265,0,0,0,0.00282942121052258,0,0,0,0,0,0,0,0,0,0,0,0,0,0,0,0,0,0,0,0,0,0,0,0,0,0,0,0,0,0.00282942121052258,0,0,0,0,0,0,0,0,0.00282942121052258,0,0,0,0,0,0,0,0,0,0.00282942121052258,0,0.00282942121052258,0,0,0.00282942121052258,0,0,0,0.00565884242104517,0,0,0,0,0,0,0,0,0,0,0,0,0,0.124494533262994,0,0,0.033953054526271,0,0,0,0,0,0,0,0,0,0,0,0,0,0,0,0,0.877120575262001,0,0,0,0,0,0,0,0.0537590029999291,0,0,0,0,0,0,0,0,0,0,0,0,0.00565884242104517,0,0.00282942121052258,0.00282942121052258,0,0,0,0,0,0,0,0,0,0,0,0,0,0,0,0,0,9.10886447924968,0,0,0,0,0.552587092654689,0,0,0,0,0,0,0,0,0,0,0.00262570288336496,0,0,0,0,0,0,0,0,0,0,0,0,0,0,0,0,0,0,0,0,0,0,0,0,0,0,0,0,0,0,0,0,0,0,0,0,0,0,0,0,0,0,0,1.14315049316196,0,0,0,0,0,0,0,0,0,0,0,0,0,0,0,0,0,0,0,0,1.32192531910191,0,0,0,0,0,0,0,0,0,0,0,0,0,0,0,0,0,0,0.422035630905165,0,0,0,0.0948527772662807,0,0,0,0,0.123291199434405,0,0,0,0,0,0,0,0,0,0,0.135443100477761,0,0,0,0,0,0,0,0,0,0,0,0,0,0,0,0,0,0,0,0,0,0,0,0,0,0,0,0,0,0,0,0,0,0,0,0.157677985220003,0,0,0.108700801963264,0,0,0,0,0.79881527712458,0,0,0,0,0,0,0,0,0,0,1.67306755240363,0,0,0,0,0,0,0,0,0,0,0,1.3439128277316,0,0,0,0,0.112733915939957,0,0,0,0,0,0,0,0,0,0,0,0,0,0,0,0,0,0,0,0,0.0986532937325642,0,0,0,0,0,0,0,0.459741539009761,0.0379145771797484,0,13.7765923504532,0,0.183481884922403,0,0,0,0,0,0,0,0,0,0,0,0,0,0,0,0,0,0.0170940047687465,0,0,0,0,0,0,0,0,0.215723074992245,0,0,0,0,0,0,0,0,0,0,0,0,0,0,0,0,0,0,0,0,0,0,0,0,0,0,0,0,0,0.746360342043516,0,0,0,0,0,0,0,0,0,0,0,0,0,0,0,0,0,0,0,0.63653240839936,0,0,0,0,0,0.0325134450143571,0,0,0,0,0,0,0,0,0,0,0,0,0,0,0,0,0,0,0,0,0,0,0,0,0,0,0,0,0,0,0,0,0,0,0,0,0,0.00614676476255929,0,0,0,0,0,0,0,0,0.386118946088812,0,0,0,23.8634022975674,0,0,0,4.74580735178531,0,0,0,0,0,0,0,0,0,0,0,0,0,5.50371394021258,0,0,0,0,0,0,0,0,0,0,0,0,0,0,0,0,0,0,0,0,0,0,0,0,0,0,0,0,0,0,0,0,0,0,0,0,0,0,0,0,0,0,0,0,0,0,0,0,0,0,0,0,0,0,0.282316094939951,0,0,0,0,0,0.217259873452111,0.597773382462807,0,1.01116267101761,0,0,0,0,0,0,0,0,0,0,0,0,0,0,0,0,0,0,0,0,1.37538334618134,0,0,0,0,0,0.0783889973018825,0,0,0,0,0,0,0,0,0,0,0,0,0,0,0,0,0,0,0,0,0,0,0,0,0,0,0,0,0,0,0,0,0,0,0.331704366194405,0,0,0,0,0,6.12919508507763,0,0,0,0.00125174108652593,0,0,0,0,0,0,0,0,0,0,0,0,0,0,0,0,0,0,0,0,0,0,0,0,0,0,0,0,0,0.271189837112232,0,0,0,0,0,0,0,0,0.243364908233585,0,0,0,0,0,0,0,0,0,4.28468162544102,0,1.34368286537678,0,0,1.34368286537678,0,0,0,0.0254991993216279,0,0,0,0,0,0,0,0,0,0,0,0,0,1.29601944879749,0,0,0.195721779569075,0,0,0,0,0,0,0,0,0,0,0,0,0,0,0,0,0.0600756858524208,0,0,0,0,0,0,0,0.371029359830974,0,0,0,0,0,0,0,0,0,0,0,0,0.411329083237877,0,0.26653873937201,0.0175246000283517,0,106.6830018,120.9680021,125.1627021,123.4957021,114.320502,136.7247024,119.220402,112.565502,137.0101022,126.0242022,132.2963022,"BAK-00280"
"611",8018,"nSPC",2015,"PRIAs","Pacific Remote Island Areas","Baker","Baker",2015,"ForereefMid","Baker","2015-02-11","Forereef","Mid",0.19661573,-176.48605851,11,4.5,0,0,12,62.5,2.5,10,8.5,NA,0.475,0.292342571945421,1.2,2,1,10.1256304154615,60.7912421388577,63.8645524517969,18.8673736023113,153.648798608427,13.9704536515017,0,0,0,0,0,0,0,0,0,0,0,0,0.067906109052542,0.00282942121052258,0,0,0.0452707393683613,0,0,0,0,0,0,0,0,0,0,0,0,0,0,0,0,0,0,0,0,0,0,0,0,0,0,0,0,0,0.00282942121052258,0,0,0,0,0,0,0,0,0,0.00565884242104517,0,0,0,0,0,0,0,0,0.00282942121052258,0,0,0,0,0.00282942121052258,0,0,0,0,0,0.00565884242104517,0,0,0,0,0,0,0,0,0,0,0,0,0,0,0,0,0,0,0,0,0,0,0,0.00565884242104517,0,0,0,0,0,0,0,0,0,0,0,0,0,0,0,0.00848826363156775,0,0,0,0.0396118969473162,0,0,0,0.00282942121052258,0.0763943726841098,0.00848826363156775,0,0,0,0,0,0,0,0,0,0.00565884242104517,0,0,0,0,0,0,0,0,0,0,0,0,0,0,0,0,0,0,0,0,0,0.00282942121052258,0,0,0,0,0,0,0,0,0,0,0,0,0,0.118835690841949,0,0,0.00282942121052258,0,0,0,0,0,0,0,0,0,0,0,0,0,0,0,0,0,0,0,0,0,0,0,0,0,0,0,0.0848826363156775,0,0,0,0,0,0,0,0,0,0,0,0,0,0.00282942121052258,0,0,0,0,0,0,0,0,0,0.00565884242104517,0,0,0,0,0,0.00282942121052258,0,0,0,0.0622472666314969,0.00282942121052258,0,0.147129902947174,0,0.0226353696841807,0,0,0,0,0,0.00282942121052258,0,0,0,0,0,0,0,0,0,0,0,0.00565884242104517,0,0,0,0,0,0,0,0,0,0,0,0,0,0,0,0,0,0,0,0.00282942121052258,0,0,0,0,0,0,0,0,0.00282942121052258,0,0,0,0,0,0,0,0,0,0.0198059484736581,0,0,0,0,0,0,0,0,0,0,0,0,0,0,0,0,0,0,0,0.00848826363156775,0,0,0,0,0,0.0650766878420194,0,0,0,0,0,0,0,0,0,0,0,0,0,0,0,0,0,0,0,0,0,0,0,0,0,0,0,0,0,0,0,0,0.00282942121052258,0.0113176848420903,0,0,0,0.00282942121052258,0,0,0,0,0,0,0,0,0,0,0,0,0,0,0,0,0,0,39.6118969473162,0,0,0,0,0,0,0,0,0,0,0,0.0113176848420903,0,0,0,0,0,0,0,0,0,0,0,0,0,0,0,0,0,0,0,0,0,0,0,0.00282942121052258,0,0,0,0,0,0,0,0,0,0,0,0,0,0,0,0,0,0,0,0,0,0,0,0,0,0,0,0,0,0,0.00848826363156775,0,0,0,0,0,0.00565884242104517,0,0,0.00282942121052258,0,0,0,0,0,0,0,0,0,0,0,0,0,0,0,0,0,0,0,0,0.101859163578813,0,0,0,0,0.0367824757367936,0.0962003211577679,0,0,0,0,0,0,0,0,0,0,0,0,0,0,0,0,0,0,0,0,0,0,0,0,0,0,36.7824757367936,0,0,0,0,0,0,0,0.033953054526271,0,0,0,0,0.0113176848420903,0,0,0,0,0.0396118969473162,0,0,0,0,0,0,0,0,0,0,0,0,0,0,0,0,0,0,0,0,0,0,0,0,0,0,0,0,0,0.00282942121052258,0,0,0,0,0,0,0,0,0.00565884242104517,0,0,0,0,0,0,0,0,0,0.00848826363156775,0,0,0,0,0,0,0,0,0,0,0,0,0,0,0,0,0,0,0,0,0,0,0.0509295817894065,0,0,0.0424413181578388,0,0,0,0,0,0.00282942121052258,0,0,0,0,0,0,0,0,0,0,0.0509295817894065,0,0,0,0,0,0,0,0.00565884242104517,0,0,0,0,0,0,0,0,0,0,0,0,0.00848826363156775,0,0,0.0169765272631355,0,0,0,0,0,0,0,0,0,0,0,0,0,15.5201698885022,0.801172909214841,0,0,4.81714865517907,0,0,0,0,0,0,0,0,0,0,0,0,0,0,0,0,0,0,0,0,0,0,0,0,0,0,0,0,0,0.0216578046559451,0,0,0,0,0,0,0,0,0,1.38690163889367,0,0,0,0,0,0,0,0,0.250712791127551,0,0,0,0,0.165351941427182,0,0,0,0,0,0.884514223941237,0,0,0,0,0,0,0,0,0,0,0,0,0,0,0,0,0,0,0,0,0,0,0,1.8378164660983,0,0,0,0,0,0,0,0,0,0,0,0,0,0,0,5.98330804284366,0,0,0,0.285816907169175,0,0,0,0.0728496737915671,0.259500998929444,1.61263989977927,0,0,0,0,0,0,0,0,0,0.332759733172894,0,0,0,0,0,0,0,0,0,0,0,0,0,0,0,0,0,0,0,0,0,6.40093274223018,0,0,0,0,0,0,0,0,0,0,0,0,0,0.13884422587428,0,0,0.108700801963264,0,0,0,0,0,0,0,0,0,0,0,0,0,0,0,0,0,0,0,0,0,0,0,0,0,0,0,0.059129244457501,0,0,0,0,0,0,0,0,0,0,0,0,0,0.0100874715797333,0,0,0,0,0,0,0,0,0,5.41551782446768,0,0,0,0,0,0.053292714384435,0,0,0,2.13731916755404,0.167167949811265,0,18.5011617436862,0,3.06165673462832,0,0,0,0,0,0.0664271098817323,0,0,0,0,0,0,0,0,0,0,0,0.0170940047687465,0,0,0,0,0,0,0,0,0,0,0,0,0,0,0,0,0,0,0,0.564731946896785,0,0,0,0,0,0,0,0,0.0611154981472878,0,0,0,0,0,0,0,0,0,0.256189055994983,0,0,0,0,0,0,0,0,0,0,0,0,0,0,0,0,0,0,0,0.156115485688781,0,0,0,0,0,0.257134687248961,0,0,0,0,0,0,0,0,0,0,0,0,0,0,0,0,0,0,0,0,0,0,0,0,0,0,0,0,0,0,0,0,0.00785111761276115,0.0286117887340323,0,0,0,0.00133124451352279,0,0,0,0,0,0,0,0,0,0,0,0,0,0,0,0,0,0,30.5801863838433,0,0,0,0,0,0,0,0,0,0,0,1.70219562232178,0,0,0,0,0,0,0,0,0,0,0,0,0,0,0,0,0,0,0,0,0,0,0,1.37647632095751,0,0,0,0,0,0,0,0,0,0,0,0,0,0,0,0,0,0,0,0,0,0,0,0,0,0,0,0,0,0,0.056262186123294,0,0,0,0,0,0.172439480083676,0,0,0.573570516766373,0,0,0,0,0,0,0,0,0,0,0,0,0,0,0,0,0,0,0,0,0.463156472385749,0,0,0,0,0.193473798589057,1.00346715825565,0,0,0,0,0,0,0,0,0,0,0,0,0,0,0,0,0,0,0,0,0,0,0,0,0,0,28.843600821673,0,0,0,0,0,0,0,0.122475458287165,0,0,0,0,0.113620697769528,0,0,0,0,0.046883502839384,0,0,0,0,0,0,0,0,0,0,0,0,0,0,0,0,0,0,0,0,0,0,0,0,0,0,0,0,0,0.32528214593076,0,0,0,0,0,0,0,0,4.11605586775184,0,0,0,0,0,0,0,0,0,9.85439778374982,0,0,0,0,0,0,0,0,0,0,0,0,0,0,0,0,0,0,0,0,0,0,0.528777240932807,0,0,0.294262999329927,0,0,0,0,0,0.300260442397625,0,0,0,0,0,0,0,0,0,0,0.0824931901033912,0,0,0,0,0,0,0,0.0110121073513539,0,0,0,0,0,0,0,0,0,0,0,0,0.744442614055171,0,0,0.441271662078638,0,67.87290119,71.3743012,87.9376015,75.08300126,72.90120123,58.07100108,67.01370114,70.49130119,74.59840128,58.25090097,73.08950124,"BAK-00320"
"612",8024,"nSPC",2015,"PRIAs","Pacific Remote Island Areas","Baker","Baker",2015,"ForereefMid","Baker","2015-02-11","Forereef","Mid",0.19734194,-176.46427972,8,57.5,0,0.5,22.5,12,7.5,0,0,NA,0.5375,0.303471242846591,1.2,2,1,18.1646415317431,18.1484904868254,5.02018704192955,3.19576389187146,44.5290829523695,1.05968904684157,0.0282942121052258,0,0,0,0,0,0,0,0,0,0,0,0,0,0,0,0.0396118969473162,0,0,0,0,0,0,0,0,0,0,0,0,0,0,0,0,0,0,0,0,0,0,0,0,0,0,0,0,0,0,0,0,0,0,0,0,0,0,0,0,0,0,0,0,0,0,0,0,0,0,0,0,0,0,0,0,0,0,0,0.00565884242104517,0,0,0,0,0,0,0,0,0,0,0,0,0,0,0,0,0,0,0,0,0,0,0,0,0,0,0,0,0,0,0,0,0,0,0,0,0,0,0,0.00565884242104517,0,0,0,0,0,0,0,0,0.0226353696841807,0,0,0,0,0,0,0,0,0,0,0.00565884242104517,0,0,0,0,0,0,0,0,0,0,0,0,0,0,0,0,0,0,0,0,0,0,0,0,0,0,0,0,0,0,0,0,0,0,0,0.226353696841807,0,0,0,0,0,0,0,0,0,0,0,0,0,0,0,0,0,0,0,0,0,0,0,0,0,0,0,0,0,0,0.0990297423682904,0,0,0,0,0.00282942121052258,0,0,0,0,0,0,0,0,0,0,0,0,0,0,0,0,0,0,0,0,0,0,0,0,0,0,0,0,0,0,0,0.0311236333157484,0,0,0,0,0,0,0,0,0,0,0,0,0,0,0,0,0,0,0,0,0,0,0,0,0,0,0,0,0.00282942121052258,0,0,0,0,0,0,0,0,0,0,0,0,0,0,0,0,0,0,0,0,0,0,0,0,0,0,0,0,0,0.0113176848420903,0,0,0,0,0,0,0,0,0,0,0,0,0,0,0,0,0,0,0,0.00848826363156775,0,0,0,0,0,0,0,0,0,0,0,0,0,0,0.00282942121052258,0,0,0,0,0,0,0,0,0,0,0,0,0,0,0,0,0,0,0,0,0,0,0,0,0,0,0,0,0.00848826363156775,0,0,0,0,0,0,0,0,1.83912378683968,0,0,0,0.00565884242104517,0,0,0,0,0,0,0,0,0,0,0,0,0,0,0,0,0.00565884242104517,0,0,0,0,0,0,0,0,0,0,0,0,0,0,0,0,0,0,0,0,0,0,0,0,0,0,0,0,0,0,0,0,0,0,0,0,0,0,0,0,0,0,0,0,0,0,0,0,0.00282942121052258,0,0,0,0,0,0,0,0,0,0,0,0,0,0.00282942121052258,0,0,0,0,0,0,0,0,0,0,0,0,0,0,0,0,0,0,0,0,0,0,0.232012539262852,0,0,0,0,0,0,0,0,0,0,0,0,0,0,0,0,0,0,0,0,0.00282942121052258,0,0,0,0,0,0,0,0,0,0,0,0,0,0,0,0,0,0,0,0,0,0,0,0,0,5.65884242104517,0,0,0,0,0,0,0,0,0,0,0,0,0,0,0,0,0,0,0,0,0,0,0,0,0,0,0,0,0,0,0,0,0,0,0,0,0,0,0,0,0,0,0,0,0,0,0,0,0,0,0,0,0.00565884242104517,0,0,0,0,0,0,0,0,0,0,0,0,0,0,0,0,0,0,0,0,0,0,0.0396118969473162,0,0,0,0,0,0,0,0,0,0,0,0,0,0,0,0,0,0,0,0.509295817894065,0,0,0,0,0,0,0,0.0113176848420903,0,0,0,0,0,0,0,0,0,0,0,0,0.00282942121052258,0,0,0,0,0.299070367289078,0,0,0,0,0,0,0,0,0,0,0,0,0,0,0,1.32845854529736,0,0,0,0,0,0,0,0,0,0,0,0,0,0,0,0,0,0,0,0,0,0,0,0,0,0,0,0,0,0,0,0,0,0,0,0,0,0,0,0,0,0,0,0,0,0,0,0,0,0,0,0,0,0,0,0,0,0,0,0.699680599151962,0,0,0,0,0,0,0,0,0,0,0,0,0,0,0,0,0,0,0,0,0,0,0,0,0,0,0,0,0,0,0,0,0,0,0,0,0,0,0,1.36074232470622,0,0,0,0,0,0,0,0,0.107189356915597,0,0,0,0,0,0,0,0,0,0,0.274425439989452,0,0,0,0,0,0,0,0,0,0,0,0,0,0,0,0,0,0,0,0,0,0,0,0,0,0,0,0,0,0,0,0,0,0,0,0.618302099450658,0,0,0,0,0,0,0,0,0,0,0,0,0,0,0,0,0,0,0,0,0,0,0,0,0,0,0,0,0,0,0.0689841185337511,0,0,0,0,0.0112733915939957,0,0,0,0,0,0,0,0,0,0,0,0,0,0,0,0,0,0,0,0,0,0,0,0,0,0,0,0,0,0,0,2.3751290466882,0,0,0,0,0,0,0,0,0,0,0,0,0,0,0,0,0,0,0,0,0,0,0,0,0,0,0,0,0.147439358534876,0,0,0,0,0,0,0,0,0,0,0,0,0,0,0,0,0,0,0,0,0,0,0,0,0,0,0,0,0,0.147673086005887,0,0,0,0,0,0,0,0,0,0,0,0,0,0,0,0,0,0,0,0.229850301639014,0,0,0,0,0,0,0,0,0,0,0,0,0,0,0.10629767663176,0,0,0,0,0,0,0,0,0,0,0,0,0,0,0,0,0,0,0,0,0,0,0,0,0,0,0,0,0.0279715503156105,0,0,0,0,0,0,0,0,2.24399415611699,0,0,0,16.3197353405912,0,0,0,0,0,0,0,0,0,0,0,0,0,0,0,0,1.38043575227839,0,0,0,0,0,0,0,0,0,0,0,0,0,0,0,0,0,0,0,0,0,0,0,0,0,0,0,0,0,0,0,0,0,0,0,0,0,0,0,0,0,0,0,0,0,0,0,0,0.0923315973876132,0,0,0,0,0,0,0,0,0,0,0,0,0,0.0622990679213183,0,0,0,0,0,0,0,0,0,0,0,0,0,0,0,0,0,0,0,0,0,0,1.30251074063345,0,0,0,0,0,0,0,0,0,0,0,0,0,0,0,0,0,0,0,0,0.38366612084141,0,0,0,0,0,0,0,0,0,0,0,0,0,0,0,0,0,0,0,0,0,0,0,0,0,13.3525202268578,0,0,0,0,0,0,0,0,0,0,0,0,0,0,0,0,0,0,0,0,0,0,0,0,0,0,0,0,0,0,0,0,0,0,0,0,0,0,0,0,0,0,0,0,0,0,0,0,0,0,0,0,1.05968904684157,0,0,0,0,0,0,0,0,0,0,0,0,0,0,0,0,0,0,0,0,0,0,0.149721046186822,0,0,0,0,0,0,0,0,0,0,0,0,0,0,0,0,0,0,0,0.173910374704771,0,0,0,0,0,0,0,0.165732215637876,0,0,0,0,0,0,0,0,0,0,0,0,0.0400500036268799,0,0,0,0,127.8314022,141.0649024,139.1007023,140.1196024,138.2257024,149.1236027,140.7897024,138.1494024,153.0726025,147.3359025,147.0572025,"BAK-00282"
"613",8025,"nSPC",2015,"PRIAs","Pacific Remote Island Areas","Baker","Baker",2015,"ForereefDeep","Baker","2015-02-11","Forereef","Deep",0.19031019,-176.45730598,19,27.5,0,10,52.5,10,0,0,0,NA,0.3475,0.196872554027316,0.7,2,1,34.609630344236,388.75666756498,14.1072886327667,12.1748343722718,449.648420914255,5.7502357407564,0,0,0,0,0,0,0,0,0,0,0,0,0,0,0,0,0.0254647908947033,0,0,0,0,0,0,0,0,0.0282942121052258,0,0,0,0,0.00565884242104517,0,0,0,0,0,0,0,0,0,0,0,0,0,0,0,0,0,0,0,0,0,0,0,0,0,0.00565884242104517,0,0,0,0,0,0,0,0,0.00282942121052258,0,0,0,0,0,0,0,0,0,0,0.0113176848420903,0,0,0,0,0,0,0,0,0.00282942121052258,0,0,0,0,0,0,0,0,0,0,0,0,0,0,0,0,0,0,0,0,0,0,0,0,0,0,0,0,0,0,0.00848826363156775,0,0,0,0.0141471060526129,0,0,0,0,0.135812218105084,0.0226353696841807,0,0,0,0,0,0,0,0,0.00565884242104517,0.0481001605788839,0,0,0,0,0,0,0,0,0,0,0,0,0,0,0,0,0,0,0,0,0,0,0,0,0,0,0,0,0,0,0,0,0,0,0,1.62974661726101,0,0,0.00848826363156775,0,0,0,0,0,0,0.00282942121052258,0,0,0,0,0,0,0,0,0,0,0,0,0,0,0,0,0,0,0,0,0,0,0,0,0,0,0.169765272631355,0,0,0,0,0,0,0,0,0,0,0,0,0,0,0,0,0,0,0,0,0,0,0,0,0,0,0,0.0254647908947033,0.00282942121052258,0,0.0282942121052258,0,0,0,0,0,0,0,0,0,0,0,0,0,0,0,0,0,0,0,0,0,0,0,0,0,0,0,0,0,0,0,0,0,0,0,0,0,0,0,0,0,0,0,0,0,0,0,0,0,0,0,0,0,0,0,0,0,0,0.0396118969473162,0,0,0,0,0,0,0.00282942121052258,0,0.00282942121052258,0,0,0,0,0.00282942121052258,0,0,0,0,0,0.00565884242104517,0,0,0,0,0,0.0113176848420903,0,0,0,0,0,0,0,0,0.00848826363156775,0,0,0,0,0,0,0,0,0,0,0,0,0,0,0,0,0,0,0,0,0,0,0,0.00282942121052258,0,0,0,0,0.0254647908947033,0,0.00565884242104517,0,0,0,0,0,0,0.0565884242104517,0,0,0,0.0113176848420903,0,0,0,0,0,0.707355302630646,0,0,0,0,0,0,0,0,0,0,0.0113176848420903,0.00282942121052258,0,0,0,0,0,0,0,0,0.033953054526271,0,0.0226353696841807,0,0,0,0,0,0,0,0,0,0,0,0.00565884242104517,0,0,0,0,0,0,0,0.00565884242104517,0,0,0,0,0,0,0,0,0,0,0,0.0537590029999291,0,0,0,0,0,0,0,0,0,0,0.00282942121052258,0,0,0,0,0,0,0.00282942121052258,0,0.00565884242104517,0,0,0,0,0,0,0,0,0,0,0,0,0,0,0,0,0,0,0,0,0,0.178253536262923,0,0,0,0,0,0,0,0,0,0,0,0,0,0,0,0,0,0,0,0,0.00565884242104517,0,0,0,0,0,0,0,0,0,0,0,45.2707393683613,0,0,0,0,0,0,0,0.0254647908947033,0,0,0,0,0.0113176848420903,3.16895175578529,0,0,0,0,0,0,0,0,0,0,0,0,0,0,4.38560287631,0,0,0,0,0.00565884242104517,0,0,0,0,0,0,0,0,0,0,0,0,0,0.00565884242104517,0,0,0,0,0,0,0,0,0,0,0,0,0,0,0,0,0,0,0.00848826363156775,0,0,0,0,0,0,0,0,0,0,0,0,0,0,0,0,0,0,0,0,0,0,0,0,0,0,0,0,0,0,0,0,0,0,0,0,0,0,0,0,0,0,0,0,0,0,0,0,0,0,0,0,0,0,0,0,0,0,0,0,0,0,0,0.00282942121052258,0,0,0,0,0,0,0,0,0,0,0,0,0,0,0,0,0,0,0,0,2.23342817079697,0,0,0,0,0,0,0,0,0.432901445209955,0,0,0,0,0.254280084189665,0,0,0,0,0,0,0,0,0,0,0,0,0,0,0,0,0,0,0,0,0,0,0,0,0,2.05273801468111,0,0,0,0,0,0,0,0,0.302549411351547,0,0,0,0,0,0,0,0,0,0,2.86213541958308,0,0,0,0,0,0,0,0,0.0194765353694383,0,0,0,0,0,0,0,0,0,0,0,0,0,0,0,0,0,0,0,0,0,0,0,0,0,0,0,0,0,0,6.47847420510181,0,0,0,0.0562811092325366,0,0,0,0,0.749995389692042,6.26779262612894,0,0,0,0,0,0,0,0,1.5986340422336,3.07377886107564,0,0,0,0,0,0,0,0,0,0,0,0,0,0,0,0,0,0,0,0,0,0,0,0,0,0,0,0,0,0,0,0,0,0,0,2.06455961944079,0,0,0.440933282081444,0,0,0,0,0,0,0.0501221051232641,0,0,0,0,0,0,0,0,0,0,0,0,0,0,0,0,0,0,0,0,0,0,0,0,0,0,0.178768045335755,0,0,0,0,0,0,0,0,0,0,0,0,0,0,0,0,0,0,0,0,0,0,0,0,0,0,0,1.37857018354737,0.167167949811265,0,3.19641403731418,0,0,0,0,0,0,0,0,0,0,0,0,0,0,0,0,0,0,0,0,0,0,0,0,0,0,0,0,0,0,0,0,0,0,0,0,0,0,0,0,0,0,0,0,0,0,0,0,0,0,0,0,0,0,0,0,0,0,0.616348026810343,0,0,0,0,0,0,1.05657708918289,0,2.68601882813709,0,0,0,0,2.29768669833642,0,0,0,0,0,0.57208722018227,0,0,0,0,0,0.0842941167038888,0,0,0,0,0,0,0,0,2.45674880579466,0,0,0,0,0,0,0,0,0,0,0,0,0,0,0,0,0,0,0,0,0,0,0,0.0119901315272546,0,0,0,0,0.0244296422351722,0,0.00636565439673549,0,0,0,0,0,0,0.186140264945133,0,0,0,8.75692590523605,0,0,0,0,0,0.183155508510153,0,0,0,0,0,0,0,0,0,0,2.89308144287869,0.575196051615958,0,0,0,0,0,0,0,0,4.22592224542594,0,0.850202042291884,0,0,0,0,0,0,0,0,0,0,0,12.0855768727946,0,0,0,0,0,0,0,9.66162393258478,0,0,0,0,0,0,0,0,0,0,0,2.3329684184452,0,0,0,0,0,0,0,0,0,0,0.278705006201077,0,0,0,0,0,0,0.0622990679213183,0,1.54258915411913,0,0,0,0,0,0,0,0,0,0,0,0,0,0,0,0,0,0,0,0,0,0.863162566876404,0,0,0,0,0,0,0,0,0,0,0,0,0,0,0,0,0,0,0,0,0.910865384387178,0,0,0,0,0,0,0,0,0,0,0,36.5904004779173,0,0,0,0,0,0,0,0.050228168271318,0,0,0,0,0.0726138771769284,1.38359113643695,0,0,0,0,0,0,0,0,0,0,0,0,0,0,314.995389000936,0,0,0,0,0.47784510348638,0,0,0,0,0,0,0,0,0,0,0,0,0,1.09111536025625,0,0,0,0,0,0,0,0,0,0,0,0,0,0,0,0,0,0,5.7502357407564,0,0,0,0,0,0,0,0,0,0,0,0,0,0,0,0,0,0,0,0,0,0,0,0,0,0,0,0,0,0,0,0,0,0,0,0,0,0,0,0,0,0,0,0,0,0,0,0,0,0,0,0,0,0,0,0,0,0,0,0,0,0,0,0.157041434176719,0,0,0,0,129.4376022,141.2974024,142.2465024,141.3830024,138.4457024,150.0032027,141.0797024,138.3232024,153.7300025,147.9662026,148.2322025,"BAK-00258"
"614",8026,"nSPC",2015,"PRIAs","Pacific Remote Island Areas","Baker","Baker",2015,"ForereefDeep","Baker","2015-02-11","Forereef","Deep",0.18617364,-176.46273519,22.35,3,0,9,70,14.5,3.5,0,0,NA,0.14125,0.115070532420501,0.55,2,1,16.6205887479678,10.9063192529342,7.75115982696808,3.7984859526658,39.0765537805359,2.27077974487196,0,0,0,0,0,0,0,0,0,0,0,0,0,0,0.0113176848420903,0,0.00848826363156775,0,0,0,0,0.0282942121052258,0,0,0,0,0,0,0,0,0,0,0,0,0,0,0,0,0.00565884242104517,0,0,0,0,0,0,0,0,0,0,0,0,0,0,0,0,0,0,0,0,0,0,0,0,0,0,0.0141471060526129,0,0,0,0,0,0,0,0,0,0,0,0,0,0,0,0,0,0,0,0,0,0.00282942121052258,0,0,0,0,0,0,0,0,0,0,0,0,0,0,0,0,0,0,0,0,0,0,0,0,0,0,0,0,0,0,0,0,0.0367824757367936,0,0,0,0,0.0594178454209743,0,0,0,0,0,0,0,0,0,0,0,0,0,0,0,0,0,0,0,0,0,0.00848826363156775,0,0,0,0,0,0,0,0,0,0,0,0,0,0,0,0,0,0,0.00565884242104517,0,0,0,0,0,2.70209725604907,0,0,0,0,0,0,0,0,0,0,0,0,0,0,0,0,0,0,0,0,0,0,0,0,0,0,0,0,0,0,0,0,0,0,0,0,12.4494533262994,0,0,0.0226353696841807,0,0,0,0,0,0,0,0,0,0,0,0,0,0,0,0,0.00282942121052258,0,0,0,0.00848826363156775,0,0,0,0,0,0,0,0,0,0,0,0,0,0,0,0,0,0,0,0,0,0,0,0,0,0,0,0,0,0,0,0,0,0,0,0.0877120575262001,0,0,0,0,0,0,0,0,0,0,0,0,0,0,0,0,0,0,0,0,0,0,0,0,0,0,0,0,0,0,0,0,0,0,0,0,0,0,0,0,0,0,0,0.00282942121052258,0,0,0,0,0,0,0,0,0,0,0,0,0,0,0,0,0,0,0,0,0,0,0,0,0,0,0,0,0,0,0,0,0,0,0,0,0,0,0,0,0,0,0,0,0,0.00565884242104517,0,0,0,0.00282942121052258,0,0,0,0,0,0,0,0,0,0,0,0,0.00282942121052258,0,0,0,0,0,0,0,0,0,0,0,0,0,0,0,0,0,0.00565884242104517,0,0,0,0,0,0,0,0,0,0,0,0,0,0,0,0,0,0,0,0,0,0,0,0,0,0,0,0,0,0,0,0,0,0,0,0,0,0,0,0,0,0.00565884242104517,0,0,0,0,0,0,0,0,0,0,0,0,0,0,0,0,0,0.00565884242104517,0.00565884242104517,0,0,0,0,0.00282942121052258,0,0,0,0,0,0,0,0,0,0,0,0,0,0,0,0,0,0,0,0,0,0,0,0,0,0,0,0,0,0,0,0,0,0,0,0,0,0,0,0,0,0,0,0,0,0,0,0,0,0,0,0,0,0,0,0,0,0,0,0.00282942121052258,0,0,0,0,0,0.282942121052258,0,0,0,0,0,0,0,0,0,0,0,0,0,0,0,0,0,0,0,0,0,0,0,0,0,0,0,0,0,0,0,0,0,0,0,0,0,0,0,0,0,0,0,0,0,0,0,0,0,0,0,0,0.00565884242104517,0,0,0,0,0.00282942121052258,0,0,0,0,0,0,0,0,0,0,0,0,0,0,0,0,0,0,0,0,0,0,0,0,0,0,0,0.00282942121052258,0,0,0,0,0,0,0,0,0,0.282942121052258,0,0,0,0,0,0.00282942121052258,0,0,0,0,0,0,0,0,0,0,0,0,0,0,0.00282942121052258,0,0,0,0,0,0,0,0,0,0,0,0,0,0,0,0,0,0,1.29470104617446,0,1.0064964159505,0,0,0,0,2.51325870293061,0,0,0,0,0,0,0,0,0,0,0,0,0,0,0,0,0.0857298700937065,0,0,0,0,0,0,0,0,0,0,0,0,0,0,0,0,0,0,0,0,0,0,0,0,0,0,0.565781779948791,0,0,0,0,0,0,0,0,0,0,0,0,0,0,0,0,0,0,0,0,0,0.530093576207239,0,0,0,0,0,0,0,0,0,0,0,0,0,0,0,0,0,0,0,0,0,0,0,0,0,0,0,0,0,0,0,0,0.0416906737370868,0,0,0,0,0.057267775402872,0,0,0,0,0,0,0,0,0,0,0,0,0,0,0,0,0,0,0,0,0,0.0063813482676493,0,0,0,0,0,0,0,0,0,0,0,0,0,0,0,0,0,0,0.217401603926528,0,0,0,0,0,1.75635755758947,0,0,0,0,0,0,0,0,0,0,0,0,0,0,0,0,0,0,0,0,0,0,0,0,0,0,0,0,0,0,0,0,0,0,0,0,8.69056830900106,0,0,0.00762141422552526,0,0,0,0,0,0,0,0,0,0,0,0,0,0,0,0,0.0450093518511594,0,0,0,0.934596305964073,0,0,0,0,0,0,0,0,0,0,0,0,0,0,0,0,0,0,0,0,0,0,0,0,0,0,0,0,0,0,0,0,0,0,0,12.1074417626994,0,0,0,0,0,0,0,0,0,0,0,0,0,0,0,0,0,0,0,0,0,0,0,0,0,0,0,0,0,0,0,0,0,0,0,0,0,0,0,0,0,0,0,0.824826418656151,0,0,0,0,0,0,0,0,0,0,0,0,0,0,0,0,0,0,0,0,0,0,0,0,0,0,0,0,0,0,0,0,0,0,0,0,0,0,0,0,0,0,0,0,0,0.00600076504578537,0,0,0,0.0048155202490365,0,0,0,0,0,0,0,0,0,0,0,0,3.10149640633296,0,0,0,0,0,0,0,0,0,0,0,0,0,0,0,0,0,0.56058411963295,0,0,0,0,0,0,0,0,0,0,0,0,0,0,0,0,0,0,0,0,0,0,0,0,0,0,0,0,0,0,0,0,0,0,0,0,0,0,0,0,0,1.08041830780321,0,0,0,0,0,0,0,0,0,0,0,0,0,0,0,0,0,0.54595493086608,0.0408692294131822,0,0,0,0,0.245816445914901,0,0,0,0,0,0,0,0,0,0,0,0,0,0,0,0,0,0,0,0,0,0,0,0,0,0,0,0,0,0,0,0,0,0,0,0,0,0,0,0,0,0,0,0,0,0,0,0,0,0,0,0,0,0,0,0,0,0,0,0.00590641677696589,0,0,0,0,0,0.134758311123485,0,0,0,0,0,0,0,0,0,0,0,0,0,0,0,0,0,0,0,0,0,0,0,0,0,0,0,0,0,0,0,0,0,0,0,0,0,0,0,0,0,0,0,0,0,0,0,0,0,0,0,0,1.78853906109854,0,0,0,0,0.482240683773416,0,0,0,0,0,0,0,0,0,0,0,0,0,0,0,0,0,0,0,0,0,0,0,0,0,0,0,0.177412658647018,0,0,0,0,0,0,0,0,0,0.0215036011999716,0,0,0,0,0,0.0379719758553684,0,0,0,0,0,0,0,0,0,0,0,0,0,0,0.157041434176719,0,0,0,0,126.7794022,137.3026023,137.0252023,137.7777023,134.0247023,147.5714026,135.1474023,135.6142024,151.7908025,143.3243025,144.6101024,"BAK-00248"
"615",8027,"nSPC",2015,"PRIAs","Pacific Remote Island Areas","Baker","Baker",2015,"ForereefShallow","Baker","2015-02-11","Forereef","Shallow",0.18835226,-176.47953948,4.1,32.5,0,7.5,50,10,0,0,0,NA,0.3325,0.237583713616134,1,2,1,7.76733495551711,7.94489795461384,28.7993522431462,10.9529238658279,55.464509019105,6.30136358949368,0,0,0,0,0,0,0,0,0,0,0,0,0,0,0,0,0.0848826363156775,0,0,0,0,0,0,0,0.0311236333157484,0,0,0,0,0,0,0,0,0,0,0,0,0,0,0,0,0.0113176848420903,0,0,0,0,0,0,0,0,0,0,0,0,0,0,0.00565884242104517,0,0,0,0,0,0,0,0,0,0,0,0,0,0,0,0,0,0,0,0.00565884242104517,0,0,0,0,0.00565884242104517,0,0,0,0.00282942121052258,0,0,0,0,0,0,0,0,0,0,0,0,0,0,0.00282942121052258,0,0,0,0,0,0,0,0,0,0,0,0,0,0,0,0.00282942121052258,0,0,0,0.0481001605788839,0,0,0,0,0.0169765272631355,0,0,0,0,0,0,0,0,0,0,0.0113176848420903,0,0,0,0,0,0,0,0,0,0,0,0,0,0,0,0,0,0,0,0,0,0,0,0,0,0,0,0,0,0,0,0,0,0,0.00565884242104517,0,0,0,0,0,0,0,0,0,0,0,0,0,0,0,0,0,0,0,0,0,0,0,0,0.00282942121052258,0,0,0,0,0,0,2.97089227104871,0,0,0,0,0,0,0,0,0.00565884242104517,0,0,0,0,0,0,0,0,0,0,0,0,0,0,0,0,0,0,0,0,0.00282942121052258,0,0,0,0.0481001605788839,0,0,0.0396118969473162,0,0,0,0,0,0,0,0,0,0,0,0,0,0,0,0,0,0,0,0,0,0,0,0,0,0,0,0,0,0,0,0,0,0,0,0,0,0,0,0,0,0,0,0,0,0,0,0,0,0,0,0,0,0,0,0,0,0,0.0169765272631355,0,0,0,0,0,0,0,0,0,0,0,0,0,0,0,0,0,0,0,0.00282942121052258,0,0,0,0,0,0.00565884242104517,0,0,0,0,0,0,0,0,0.00565884242104517,0,0,0,0,0,0,0,0,0,0,0,0,0,0,0,0,0,0,0,0,0,0,0,0,0.00282942121052258,0,0,0,0.0198059484736581,0,0,0,0,0,0,0,0,0,0,0,0,0.00848826363156775,0,0,0,0,0,0,0,0,0,0,0,0,0,0,0,0,0.00848826363156775,0.00848826363156775,0,0,0,0,0,0,0,0,0,0,0,0,0,0,0,0,0,0,0,0,0,0,0,0,0,0,0,0,0,0,0,0,0,0,0,0,0,0,0,0,0,0,0,0,0,0,0,0,0,0,0,0,0,0,0.0198059484736581,0,0,0,0,0,0,0.00282942121052258,0,0.00565884242104517,0,0,0,0,0,0.00282942121052258,0,0,0,0,0,0,0,0,0,0,0,0,0,0,0.200888905947103,0,0,0,0,0,0,0,0,0,0,0,0,0,0,0,0,0,0,0,0,0,0,0,0,0,0,0,0,0,0,0,0,0.990297423682904,0,0,0,0,0,0,0,0,0,0,0,0,0,0,0,0,0,0,0,0,0,0,0,0,0,0,0,0,0,0,0,0,0,0,0,0,0,0,0,0,0,0,0,0,0,0,0,0.00282942121052258,0,0,0,0,0,0,0,0,0.00282942121052258,0,0,0,0,0,0,0,0,0,0.00282942121052258,0,0,0,0,0,0,0,0,0,0,0,0,0,0,0,0,0,0,0,0,0,0,0.356507072525846,0,0.00282942121052258,0.322554017999575,0,0,0,0,0,0,0,0,0,0,0,0,0,0,0,0,0.879949996472524,0,0,0,0,0,0,0,0.24050080289442,0,0.00282942121052258,0,0,0,0,0,0,0,0,0,0,0.00565884242104517,0,0,0,0,0,0,0,0,0,0,0,0,0,0,0,0,0,0,0,0,6.54510194113083,0,0,0,0,0,0,0,0.320770865369138,0,0,0,0,0,0,0,0,0,0,0,0,0,0,0,0,0.326085135670307,0,0,0,0,0,0,0,0,0,0,0,0,0,0,1.60428182636631,0,0,0,0,0,0,0,0,0,0,0,0,0,0,0,0,0,0,0,0.786936869684827,0,0,0,0,0.0037333241758231,0,0,0,0.0567667018323994,0,0,0,0,0,0,0,0,0,0,0,0,0,0,0.643084087169323,0,0,0,0,0,0,0,0,0,0,0,0,0,0,0,0.938662132820613,0,0,0,0.402786252322855,0,0,0,0,0.0876223974764892,0,0,0,0,0,0,0,0,0,0,0.658030086343589,0,0,0,0,0,0,0,0,0,0,0,0,0,0,0,0,0,0,0,0,0,0,0,0,0,0,0,0,0,0,0,0,0,0,0.358222584828211,0,0,0,0,0,0,0,0,0,0,0,0,0,0,0,0,0,0,0,0,0,0,0,0,0.868903692917113,0,0,0,0,0,0,4.60441616562577,0,0,0,0,0,0,0,0,0.0303755191540065,0,0,0,0,0,0,0,0,0,0,0,0,0,0,0,0,0,0,0,0,0.0846268566382463,0,0,0,1.32442671430435,0,0,6.20622687598427,0,0,0,0,0,0,0,0,0,0,0,0,0,0,0,0,0,0,0,0,0,0,0,0,0,0,0,0,0,0,0,0,0,0,0,0,0,0,0,0,0,0,0,0,0,0,0,0,0,0,0,0,0,0,0,0,0,0,0.45917095724877,0,0,0,0,0,0,0,0,0,0,0,0,0,0,0,0,0,0,0,0.0282516368521179,0,0,0,0,0,0.0752626041999007,0,0,0,0,0,0,0,0,0.550357793211774,0,0,0,0,0,0,0,0,0,0,0,0,0,0,0,0,0,0,0,0,0,0,0,0,0.00300038252289269,0,0,0,0.0262018194151249,0,0,0,0,0,0,0,0,0,0,0,0,4.34514336873517,0,0,0,0,0,0,0,0,0,0,0,0,0,0,0,0,2.28463567764064,0.872881266663574,0,0,0,0,0,0,0,0,0,0,0,0,0,0,0,0,0,0,0,0,0,0,0,0,0,0,0,0,0,0,0,0,0,0,0,0,0,0,0,0,0,0,0,0,0,0,0,0,0,0,0,0,0,0,0.313742753579043,0,0,0,0,0,0,0.221217541251428,0,1.10584739042153,0,0,0,0,0,0.040033843601062,0,0,0,0,0,0,0,0,0,0,0,0,0,0,1.34732417944734,0,0,0,0,0,0,0,0,0,0,0,0,0,0,0,0,0,0,0,0,0,0,0,0,0,0,0,0,0,0,0,0,0.85608241385116,0,0,0,0,0,0,0,0,0,0,0,0,0,0,0,0,0,0,0,0,0,0,0,0,0,0,0,0,0,0,0,0,0,0,0,0,0,0,0,0,0,0,0,0,0,0,0,0.271189837112232,0,0,0,0,0,0,0,0,1.30989700097384,0,0,0,0,0,0,0,0,0,4.95143274491877,0,0,0,0,0,0,0,0,0,0,0,0,0,0,0,0,0,0,0,0,0,0,4.40369722970149,0,0.0418495527166521,2.33447511069954,0,0,0,0,0,0,0,0,0,0,0,0,0,0,0,0,0.154180820603797,0,0,0,0,0,0,0,2.80557032148636,0,0.283984528629082,0,0,0,0,0,0,0,0,0,0,0.528018213807278,0,0,0,0,52.41800086,53.0987009,52.53310084,57.28150099,62.28040109,58.06730107,62.32330104,59.28620106,63.28890102,84.29370143,58.29100094,"BAK-00317"
"616",8028,"nSPC",2015,"PRIAs","Pacific Remote Island Areas","Baker","Baker",2015,"ForereefDeep","Baker","2015-02-11","Forereef","Deep",0.18997718,-176.45957815,20.9,20,0,2,57.5,20.5,0,0,0,NA,0.25625,0.153924600063732,0.6,2,1,20.8156008833901,8.5156675982426,8.88854684688072,10.4681485811501,48.6879639096636,2.22128593303189,0,0,0,0,0,0,0,0,0,0,0,0,0,0.00565884242104517,0.00282942121052258,0,0.0311236333157484,0,0,0,0,0,0,0,0.0254647908947033,0,0,0,0,0.00565884242104517,0,0,0,0,0,0,0,0,0,0,0,0,0,0,0,0,0,0,0,0,0,0,0,0,0,0,0.00565884242104517,0,0,0,0,0,0,0,0,0.00565884242104517,0,0,0,0,0,0,0,0,0,0,0.00282942121052258,0,0,0,0,0,0,0,0,0,0,0,0,0,0,0,0,0,0,0,0,0,0,0,0,0,0,0,0,0,0,0,0,0,0,0,0,0,0,0,0,0,0,0,0.0622472666314969,0,0,0,0,0.0509295817894065,0.00565884242104517,0,0,0,0,0,0,0,0,0,0.00282942121052258,0,0,0,0,0,0,0,0,0,0,0,0,0,0,0,0,0,0,0,0,0,0,0,0,0,0,0,0,0,0,0,0,0,0,0.00565884242104517,1.13176848420903,0,0,0.00565884242104517,0,0,0,0,0,0,0,0,0,0,0,0.00565884242104517,0,0,0,0,0,0,0,0,0,0.00282942121052258,0,0,0,0,0,0.155618166578742,0,0,0,0,0,1.10347427210381,0,0,0,0,0,0,0,0.00848826363156775,0,0,0,0,0,0,0,0.00282942121052258,0,0.00282942121052258,0,0,0,0,0,0,0,0,0.00282942121052258,0.00282942121052258,0.0198059484736581,0,0.0792237938946324,0,0,0,0,0,0,0,0,0,0,0,0,0,0,0,0,0,0,0,0,0,0,0,0,0,0,0,0,0.00848826363156775,0,0,0,0,0,0,0,0,0,0,0,0,0,0,0,0,0,0,0,0,0,0,0,0,0,0.0226353696841807,0,0,0,0.0113176848420903,0,0,0,0,0,0,0,0,0.00282942121052258,0,0,0,0,0,0,0,0,0,0,0.00282942121052258,0,0,0,0,0,0.00565884242104517,0,0,0,0,0,0,0,0,0,0,0,0,0,0,0,0,0,0,0,0,0,0,0,0,0,0,0,0,0,0,0,0,0.00282942121052258,0.00282942121052258,0,0,0,0,0,0,0,0,0,0,0.00565884242104517,0,0,0,0,0,0.00282942121052258,0,0,0,0,0,0,0,0,0,0,0,0,0,0,0,0,0.00282942121052258,0.00282942121052258,0,0,0,0,0,0,0,0,0,0,0,0,0,0,0,0,0,0,0,0,0,0,0,0,0,0,0,0,0,0,0,0,0,0,0,0,0,0,0,0,0,0,0,0,0,0,0,0,0,0,0,0,0,0.00282942121052258,0.033953054526271,0,0,0,0,0,0.0169765272631355,0,0,0.00282942121052258,0,0,0,0,0,0,0,0,0,0,0,0,0,0,0,0,0,0,0,0,0,0,0,0,0,0.0848826363156775,0,0,0,0,0,0,0,0,0,0,0,0,0,0,0,0.00282942121052258,0,0,0,0,0,0,0,0,0,0,0,0.707355302630646,0,0,0,0.113176848420903,0,0,0,0,0,0,0,0,0.00565884242104517,1.49959324157697,0,0,0,0.00282942121052258,0,0,0,0,0,0,0,0,0,0,0,0,0,0,0,0,0,0,0,0,0,0,0,0,0,0,0,0,0,0,0,0,0,0,0,0,0,0,0,0,0,0,0,0,0,0,0,0,0.00282942121052258,0,0,0,0,0,0,0,0,0,0,0,0,0,0,0,0,0,0,0,0,0,0,0,0,0,0,0,0,0,0,0,0,0,0,0,0,0,0,0,0,0,0,0.113176848420903,0,0,0,0,0,0,0,0,0,0,0,0,0,0,0,0,0,0,0,0,0.00282942121052258,0,0,0,0,0,0,0,0,0,0,0,0,0,0,0,0,0,0.939506971963928,0.21954516572315,0,2.03554178590345,0,0,0,0,0,0,0,0.172941869829684,0,0,0,0,3.32464283785724,0,0,0,0,0,0,0,0,0,0,0,0,0,0,0,0,0,0,0,0,0,0,0,0,0,0,1.38399016446804,0,0,0,0,0,0,0,0,0.455595550362258,0,0,0,0,0,0,0,0,0,0,0.248286972602325,0,0,0,0,0,0,0,0,0,0,0,0,0,0,0,0,0,0,0,0,0,0,0,0,0,0,0,0,0,0,0,0,0,0,0,0,0,0,0,0,0,0,0,0.187648343120777,0,0,0,0,0.146385672748163,1.0561742715945,0,0,0,0,0,0,0,0,0,0.135443100477761,0,0,0,0,0,0,0,0,0,0,0,0,0,0,0,0,0,0,0,0,0,0,0,0,0,0,0,0,0,0,0,0,0,0,0.666401551833678,1.94761511373596,0,0,0.358222584828211,0,0,0,0,0,0,0,0,0,0,0,0.358222584828211,0,0,0,0,0,0,0,0,0,0.148036035653076,0,0,0,0,0,0.0529243237428249,0,0,0,0,0,1.97212727900064,0,0,0,0,0,0,0,0.0260371313288947,0,0,0,0,0,0,0,0.0037034120164853,0,1.34091207411356,0,0,0,0,0,0,0,0,0.0145779472526207,0.0379145771797484,0.176476412396788,0,2.42072160868341,0,0,0,0,0,0,0,0,0,0,0,0,0,0,0,0,0,0,0,0,0,0,0,0,0,0,0,0,1.3487885176186,0,0,0,0,0,0,0,0,0,0,0,0,0,0,0,0,0,0,0,0,0,0,0,0,0,4.40985147393161,0,0,0,0.230494720703357,0,0,0,0,0,0,0,0,1.33973018043091,0,0,0,0,0,0,0,0,0,0,0.0871699903121249,0,0,0,0,0,0.0385344533503492,0,0,0,0,0,0,0,0,0,0,0,0,0,0,0,0,0,0,0,0,0,0,0,0,0,0,0,0,0,0,0,0,0.0119901315272546,0.00889828028477043,0,0,0,0,0,0,0,0,0,0,9.23817473207244,0,0,0,0,0,1.42227617357743,0,0,0,0,0,0,0,0,0,0,0,0,0,0,0,0,0.474639722654202,0.312297147030625,0,0,0,0,0,0,0,0,0,0,0,0,0,0,0,0,0,0,0,0,0,0,0,0,0,0,0,0,0,0,0,0,0,0,0,0,0,0,0,0,0,0,0,0,0,0,0,0,0,0,0,0,0,1.04906246504219,0.42284774133022,0,0,0,0,0,0.517318440251028,0,0,0.319224740674853,0,0,0,0,0,0,0,0,0,0,0,0,0,0,0,0,0,0,0,0,0,0,0,0,0,0.494415932591797,0,0,0,0,0,0,0,0,0,0,0,0,0,0,0,0.455432692193589,0,0,0,0,0,0,0,0,0,0,0,1.07017085268747,0,0,0,0.430300989555528,0,0,0,0,0,0,0,0,0.0363069385884642,2.55928787638599,0,0,0,0.0181534692942321,0,0,0,0,0,0,0,0,0,0,0,0,0,0,0,0,0,0,0,0,0,0,0,0,0,0,0,0,0,0,0,0,0,0,0,0,0,0,0,0,0,0,0,0,0,0,0,0,2.22128593303189,0,0,0,0,0,0,0,0,0,0,0,0,0,0,0,0,0,0,0,0,0,0,0,0,0,0,0,0,0,0,0,0,0,0,0,0,0,0,0,0,0,0,0.00860144047998865,0,0,0,0,0,0,0,0,0,0,0,0,0,0,0,0,0,0,0,0,0.333113530817294,0,0,0,0,128.0846022,140.6902024,140.4231023,140.5102024,137.9769024,149.0356027,140.2348024,137.7296024,152.9617025,147.1055025,147.6481025,"BAK-00253"
"617",8685,"nSPC",2015,"PRIAs","Pacific Remote Island Areas","Jarvis","Jarvis",2015,"ForereefMid","Jarvis","2015-04-08","Forereef","Mid",-0.36929442,-160.00834404,12.25,35,0,2.5,17.5,36,9,0,0,NA,0.48625,0.345085227985726,1.3,2,1,14.2126691441858,79.9447580638743,81.0285299415332,11.0651782505478,186.251135400141,10.5782998255562,0,0,0,0,0,0,0,0,0,0,0,0,0,0,0,0,0.0282942121052258,0,0,0,0,0.00282942121052258,0,0,0,0,0,0,0,0,0,0,0,0,0,0,0,0,0,0,0,0,0,0,0,0,0,0,0,0,0,0,0.124494533262994,0,0,0,0.00848826363156775,0,0,0,0,0,0,0,0,0,0,0,0,0,0,0,0,0,0,0,0.00565884242104517,0,0,0,0,0.0198059484736581,0,0,0,0,0,0,0,0,0.00282942121052258,0,0,0,0,0,0,0,0,0,0,0,0,0,0,0,0,0,0,0,0,0,0,0,0,0,0.00848826363156775,0,0,0,0.0396118969473162,0,0,0,0.00282942121052258,0.107518005999858,0.0226353696841807,0,0,0,0,0,0,0,0,0,0.00848826363156775,0,0.183912378683968,0,0,0,0,0,0,0,0,0,0,0.00282942121052258,0,0,0.0424413181578388,0,0,0,0,0,0,0,0,0,0,0,0,0,0,0,0,0,0,0.0282942121052258,0.410266075525775,0,0,0,0,0,0,0,0,0,0,0,0,0,0,0,0,0,0,0,0,0,0,0,0,0,0,0,0,0,0,0,0,0,0,0,0,0,0,0,0,0,0,0,0,0.00565884242104517,0,0,0,0,0,0,0,0,0,0.00282942121052258,0,0,0,0,0,0.00282942121052258,0,0,0,0.0169765272631355,0.00282942121052258,0,0.0565884242104517,0,0,0,0,0,0,0,0,0,0,0,0,0,0,0,0,0,0,0,0,0,0,0,0,0,0,0,0,0.00282942121052258,0,0,0,0,0,0,0,0,0,0,0,0,0,0,0,0,0,0,0,0,0,0,0,0,0,0,0,0,0,0.00282942121052258,0,0,0,0,0,0,0,0,0,0,0,0,0,0,0,0,0,0,0,0,0,0,0,0,0.00565884242104517,0.00282942121052258,0,0,0,0,0,0,0,0,0.00565884242104517,0,0,0,0,0,0,0,0,0,0,0,0,0,0,0,0,0,0,0,0,0,0,0,0.00282942121052258,0.0169765272631355,0,0,0,0.00282942121052258,0,0,0,0,0,0,0,0,17.2594693841878,0,0,0,0,0,0,0,0,0,0,0,0,0,0,0,0,0,0,0,0,0.0254647908947033,0.0141471060526129,0,0,0,0,0,0,0,0,0,0,0,0,0,0,0,0,0,0,0,0,0.00848826363156775,0,0,0,0,0,0,0,0,0,0,0,0,0,0,0,0,0,0,0,0,0,0,0,0,0,0,0,0,0,0,0,0,0,0.0113176848420903,0,0,0,0,0,0.00848826363156775,0.00282942121052258,0,0.0113176848420903,0,0,0,0,0,0,0,0,0,0,0,0,0,0,0,0,0,0,0,0,0.0735649514735872,0,0,0,0,0.0452707393683613,0,0,0,0,0,0,0,0,0,0,0,0,0,0,0,0.00565884242104517,0,0,0,0,0,0,0,0,0,0,0,23.7671381683897,0,0,0,0,0,0,0,0.00282942121052258,0,0,0,0,0.0169765272631355,0.226353696841807,0,0,0,0.0113176848420903,0,0,0,0,0,0,0,0,0,0,0,0,0,0,0,0,0,0,0,0,0,0,0,0,0,0,0,0,0,0.00282942121052258,0,0,0,0,0,0,0,0,0.00565884242104517,0,0,0,0,0,0,0,0,0,0.00282942121052258,0,0,0,0,0,0,0,0,0,0,0,0,0,0,0,0,0,0,0,0,0,0,0.0848826363156775,0,0,0,0,0,0,0,0,0,0,0,0,0,0,0,0,0,0,0,0,0,0,0,0,0,0,0,0.00282942121052258,0,0,0,0,0,0,0,0,0,0,0,0,0,0,0.0282942121052258,0,0,0,0,0,0,0,0,0,0,0,0,0,0,0,0,0,0,3.12803900356247,0,0,0,0,1.12811618212596,0,0,0,0,0,0,0,0,0,0,0,0,0,0,0,0,0,0,0,0,0,0,0,0,0,0,0,0,0,0,0.344024628332472,0,0,0,2.25645209770692,0,0,0,0,0,0,0,0,0,0,0,0,0,0,0,0,0,0,0,0.668936070456246,0,0,0,0,0.0408390785204928,0,0,0,0,0,0,0,0,0.202206012651322,0,0,0,0,0,0,0,0,0,0,0,0,0,0,0,0,0,0,0,0,0,0,0,0,0,5.24610419711128,0,0,0,0.177894533702206,0,0,0,0.172680708246678,0.216917302358125,5.33124035063558,0,0,0,0,0,0,0,0,0,0.520339504293893,0,0.128113362991252,0,0,0,0,0,0,0,0,0,0,52.5875554656674,0,0,0.0319067413382465,0,0,0,0,0,0,0,0,0,0,0,0,0,0,0,0,0,0,2.36485571911158,0.536908139487555,0,0,0,0,0,0,0,0,0,0,0,0,0,0,0,0,0,0,0,0,0,0,0,0,0,0,0,0,0,0,0,0,0,0,0,0,0,0,0,0,0,0,0,0,0.00603376847504995,0,0,0,0,0,0,0,0,0,1.83302631167601,0,0,0,0,0,0.246725529557569,0,0,0,0.802503982217431,0.13089513208302,0,4.93764769227159,0,0,0,0,0,0,0,0,0,0,0,0,0,0,0,0,0,0,0,0,0,0,0,0,0,0,0,0,0.302534362050504,0,0,0,0,0,0,0,0,0,0,0,0,0,0,0,0,0,0,0,0,0,0,0,0,0,0,0,0,0,0.0706637519428109,0,0,0,0,0,0,0,0,0,0,0,0,0,0,0,0,0,0,0,0,0,0,0,0,0.0307116695874963,0.0376313020999504,0,0,0,0,0,0,0,0,0.495152673031147,0,0,0,0,0,0,0,0,0,0,0,0,0,0,0,0,0,0,0,0,0,0,0,0.0174192156537166,0.0564403559522405,0,0,0,0.0048155202490365,0,0,0,0,0,0,0,0,20.1916059411475,0,0,0,0,0,0,0,0,0,0,0,0,0,0,0,0,0,0,0,0,5.17676446454362,2.69253783303235,0,0,0,0,0,0,0,0,0,0,0,0,0,0,0,0,0,0,0,0,11.4608319705052,0,0,0,0,0,0,0,0,0,0,0,0,0,0,0,0,0,0,0,0,0,0,0,0,0,0,0,0,0,0,0,0,0,0.0416816539271098,0,0,0,0,0,0.162100382889513,0.221217541251428,0,1.88157033760421,0,0,0,0,0,0,0,0,0,0,0,0,0,0,0,0,0,0,0,0,0.609242884530875,0,0,0,0,0.28614633741369,0,0,0,0,0,0,0,0,0,0,0,0,0,0,0,1.28695657876378,0,0,0,0,0,0,0,0,0,0,0,41.7784498449012,0,0,0,0,0,0,0,0.0241926831184523,0,0,0,0,0.142005648269478,0.255313892106861,0,0,0,0.0488604641610503,0,0,0,0,0,0,0,0,0,0,0,0,0,0,0,0,0,0,0,0,0,0,0,0,0,0,0,0,0,0.704987642961681,0,0,0,0,0,0,0,0,8.14752873207502,0,0,0,0,0,0,0,0,0,2.43077109348117,0,0,0,0,0,0,0,0,0,0,0,0,0,0,0,0,0,0,0,0,0,0,0.957118479356947,0,0,0,0,0,0,0,0,0,0,0,0,0,0,0,0,0,0,0,0,0,0,0,0,0,0,0,0.00491611935328299,0,0,0,0,0,0,0,0,0,0,0,0,0,0,3.6910045095996,0,0,56.58560095,65.09130115,69.55950115,69.11210119,46.26060079,48.99930084,41.20020071,55.392301,60.95610106,45.86630077,48.23740086,"JAR-00477"
"618",8686,"nSPC",2015,"PRIAs","Pacific Remote Island Areas","Jarvis","Jarvis",2015,"ForereefMid","Jarvis","2015-04-08","Forereef","Mid",-0.3652224,-160.00610188,12.35,29.5,0,0.5,26.5,42,1.5,0,0,NA,0.43875,0.279666260027461,1.05,2,1,17.7469391703011,25.7446144724505,28.5757259227556,9.78823145018399,81.8555110156912,18.8551469894785,0,0,0,0,0,0,0,0,0,0,0,0,0.00282942121052258,0,0,0,0.0367824757367936,0,0,0,0,0,0,0,0,0,0,0,0,0,0,0,0,0,0,0,0,0,0,0,0,0,0,0,0,0,0,0,0,0,0,0,0.0226353696841807,0,0,0,0.00565884242104517,0,0,0,0,0,0,0,0,0,0,0,0,0,0,0,0,0,0,0,0,0,0,0,0,0.0169765272631355,0,0,0,0,0,0,0,0,0.00565884242104517,0,0,0,0,0,0,0,0,0,0,0,0,0,0,0,0,0,0,0,0,0,0,0,0,0,0,0,0,0,0.0282942121052258,0,0,0,0,0.0848826363156775,0.0169765272631355,0,0,0,0,0,0,0,0,0.00282942121052258,0.0198059484736581,0,0.0990297423682904,0,0,0,0,0,0,0,0,0,0,0,0,0,0,0,0,0,0,0,0,0,0,0,0,0,0,0,0,0,0,0,0,0,0.254647908947033,0,0,0.00282942121052258,0,0,0,0,0,0,0,0,0,0,0,0,0,0,0,0,0,0,0,0,0,0,0,0,0,0,0,0,0,0,0,0,0,0,0,0,0.0141471060526129,0,0,0,0,0.0226353696841807,0,0,0,0,0,0,0,0.00848826363156775,0,0,0,0,0,0,0,0.00565884242104517,0,0,0,0,0,0.00565884242104517,0.0169765272631355,0,0.00565884242104517,0,0,0,0,0,0,0,0,0,0,0,0,0,0,0,0,0,0,0,0,0,0,0,0,0,0,0,0,0,0,0,0,0,0,0,0,0,0,0,0,0,0,0,0,0,0,0.00282942121052258,0,0,0,0,0,0,0,0,0,0.00565884242104517,0,0,0,0,0,0,0,0,0,0,0,0,0,0,0,0,0,0,0,0,0,0,0.00565884242104517,0,0,0.00848826363156775,0,0,0,0,0,0,0,0,0.00848826363156775,0,0,0,0,0,0,0,0,0,0,0,0,0,0,0,0,0,0,0,0,0,0,0,0.00282942121052258,0.00565884242104517,0,0,0,0.00282942121052258,0,0,0,0,0,0,0,0,8.48826363156775,0,0,0,0.00282942121052258,0,0,0,0,0,2.26353696841807,0,0,0,0,0,0,0,0,0,0,0.0141471060526129,0.00282942121052258,0,0,0,0,0,0,0,0,0,0,0,0,0,0,0,0,0,0,0,0,0,0,0,0,0,0,0,0,0,0,0,0,0,0,0,0,0,0,0,0,0,0,0,0,0,0,0,0,0,0,0,0,0,0,0.0254647908947033,0,0,0,0,0,0.00565884242104517,0.00282942121052258,0,0.00282942121052258,0,0,0,0,0,0,0,0,0,0,0,0,0,0,0,0,0,0,0,0,0.101859163578813,0,0,0,0,0.033953054526271,0,0,0,0,0,0,0,0,0,0,0,0,0,0,0,0.00565884242104517,0,0,0,0,0,0,0,0,0,0,0,5.40419451209813,0,0,0,0,0,0,0,0.0141471060526129,0,0,0,0,0.0565884242104517,0,0,0,0,0,0,0,0,0,0,0,0,0,0,0,0,0,0,0,0,0,0,0,0,0,0,0,0,0,0,0,0,0,0,0.00282942121052258,0,0,0,0,0,0,0,0,0,0,0,0,0,0,0,0,0,0,0.00565884242104517,0,0,0,0,0.00565884242104517,0,0,0,0,0,0,0,0,0,0,0,0,0,0,0,0,0,0.067906109052542,0,0,0,0,0,0,0,0,0.00565884242104517,0,0,0,0,0,0,0,0,0,0,0.0141471060526129,0,0,0,0,0,0,0,0.00282942121052258,0,0,0,0,0,0,0,0,0,0,0,0,0,0,0,0,0,0,0,0,0,0,0,0,0,0,0,0,0,1.25680778625381,0,0,0,3.81680439068744,0,0,0,0,0,0,0,0,0,0,0,0,0,0,0,0,0,0,0,0,0,0,0,0,0,0,0,0,0,0,0,0,0,0,0,0.143130532503674,0,0,0,2.18824041116364,0,0,0,0,0,0,0,0,0,0,0,0,0,0,0,0,0,0,0,0,0,0,0,0,0.0197122276737522,0,0,0,0,0,0,0,0,0.458596013851253,0,0,0,0,0,0,0,0,0,0,0,0,0,0,0,0,0,0,0,0,0,0,0,0,0,0,0,0,0,0.219251315269266,0,0,0,0,0.268387086494469,4.55773397655568,0,0,0,0,0,0,0,0,0.471262173302189,0.696671236957357,0,0.0481793843727786,0,0,0,0,0,0,0,0,0,0,0,0,0,0,0,0,0,0,0,0,0,0,0,0,0,0,0,0,0,0,0,0,0,0.336671698071598,0,0,0.140994330926856,0,0,0,0,0,0,0,0,0,0,0,0,0,0,0,0,0,0,0,0,0,0,0,0,0,0,0,0,0,0,0,0,0,0,0,0,0.0414581024771917,0,0,0,0,0.0102495786904645,0,0,0,0,0,0,0,0.0242353340705625,0,0,0,0,0,0,0,0.863539353451493,0,0,0,0,0,0.657450494537593,1.41103557967018,0,0.470213612480108,0,0,0,0,0,0,0,0,0,0,0,0,0,0,0,0,0,0,0,0,0,0,0,0,0,0,0,0,0,0,0,0,0,0,0,0,0,0,0,0,0,0,0,0,0,0,0.0777029799939765,0,0,0,0,0,0,0,0,0,0.150011959375687,0,0,0,0,0,0,0,0,0,0,0,0,0,0,0,0,0,0,0,0,0,0,0.0173748664829486,0,0,0.0759023363355999,0,0,0,0,0,0,0,0,1.46387915528927,0,0,0,0,0,0,0,0,0,0,0,0,0,0,0,0,0,0,0,0,0,0,0,0.0027012170491327,0.0254497601041131,0,0,0,0.0174192156537166,0,0,0,0,0,0,0,0,12.9918307369869,0,0,0,9.66361284311112,0,0,0,0,0,2.5478966294968,0,0,0,0,0,0,0,0,0,0,5.33881686911284,0.96849148348127,0,0,0,0,0,0,0,0,0,0,0,0,0,0,0,0,0,0,0,0,0,0,0,0,0,0,0,0,0,0,0,0,0,0,0,0,0,0,0,0,0,0,0,0,0,0,0,0,0,0,0,0,0,0,0.447518827790178,0,0,0,0,0,0.124598135842637,0.0448203933684347,0,1.57934449827543,0,0,0,0,0,0,0,0,0,0,0,0,0,0,0,0,0,0,0,0,0.901813893627339,0,0,0,0,0.214112256170313,0,0,0,0,0,0,0,0,0,0,0,0,0,0,0,0.888296789043565,0,0,0,0,0,0,0,0,0,0,0,4.30157670579475,0,0,0,0,0,0,0,0.0151204269490327,0,0,0,0,0.328300625057225,0,0,0,0,0,0,0,0,0,0,0,0,0,0,0,0,0,0,0,0,0,0,0,0,0,0,0,0,0,0,0,0,0,0,1.45340803327337,0,0,0,0,0,0,0,0,0,0,0,0,0,0,0,0,0,0,14.8603023837351,0,0,0,0,3.9948446057434,0,0,0,0,0,0,0,0,0,0,0,0,0,0,0,0,0,0.627901850332421,0,0,0,0,0,0,0,0,0.562690391442079,0,0,0,0,0,0,0,0,0,0,0.0167996884374778,0,0,0,0,0,0,0,0.0523468388737573,0,0,0,0,0,0,0,0,0,0,0,0,0,0,0,0,0,75.74760131,80.41450142,85.71480143,85.20020144,63.44020109,78.61240139,64.5980011,70.06980128,80.3342014,59.62910103,81.09580145,"JAR-00478"
"619",8687,"nSPC",2015,"PRIAs","Pacific Remote Island Areas","Jarvis","Jarvis",2015,"ForereefDeep","Jarvis","2015-04-08","Forereef","Deep",-0.37125302,-160.01070539,20,37.5,0,1.5,17.5,36,7.5,0,0,NA,0.45875,0.359145445293398,1.2,2,1,16.6305194755432,85.144278308778,16.3560515613835,10.485629565208,128.616478910913,8.69746623430179,0,0,0,0,0,0,0,0,0,0,0,0,0,0,0,0,0.00565884242104517,0,0,0,0,0,0,0,0,0.0226353696841807,0,0,0,0,0,0,0,0,0,0,0,0,0,0,0,0,0,0,0,0,0,0,0,0,0,0,0.0763943726841098,0,0,0,0.00565884242104517,0.00565884242104517,0,0,0,0,0,0,0,0,0,0,0,0,0,0,0,0,0,0,0.00565884242104517,0,0,0,0,0.00282942121052258,0,0,0,0,0,0,0,0,0.00282942121052258,0,0,0,0,0,0,0,0,0,0,0,0,0,0,0,0,0,0,0,0,0,0,0,0,0,0,0,0,0,0.00565884242104517,0,0,0,0.00282942121052258,0.067906109052542,0.0254647908947033,0,0,0,0,0,0,0,0,0,0.00848826363156775,0,0.565884242104517,0,0,0,0,0,0,0,0,0,0,0,0,0,0,0,0,0,0,0,0,0,0,0,0,0,0,0,0,0,0,0,0,0,0.297089227104871,0.00282942121052258,0,0.00282942121052258,0,0,0,0,0,0,0,0,0,0,0,0,0,0,0,0,0,0,0,0,0,0,0,0,0,0,0,0,0,0,0,0,0,0,0,0,0,0,0,0,0,0,0,0,0,0,0,0,0,0,0,0,0,0,0,0,0,0,0,0,0,0.0198059484736581,0.0113176848420903,0,0.0226353696841807,0,0,0,0,0,0,0,0,0,0,0,0,0,0,0,0,0,0,0,0,0,0,0,0,0,0,0,0,0.00282942121052258,0,0,0,0,0,0,0,0,0,0,0.0113176848420903,0,0,0,0,0,0,0,0,0.00565884242104517,0,0,0,0,0,0,0,0,0,0.00282942121052258,0,0,0,0,0,0,0.00282942121052258,0,0,0,0,0,0,0,0,0,0,0,0,0,0,0,0.00565884242104517,0,0,0,0,0,0,0,0,0,0,0,0.00565884242104517,0,0,0,0,0,0,0,0,0,0,0,0,0,0,0,0,0,0,0,0,0,0,0,0,0.00282942121052258,0,0,0,0.00565884242104517,0,0,0,0,0,0,0,0,23.2012539262852,0,0,0,0,0,0,0,0,0,0,0,0,0,0,0,0,0,0,0,0,0.00282942121052258,0.0113176848420903,0,0,0,0,0,0,0,0,0.110347427210381,0,0,0,0,0,0,0,0,0,0,0,0.00565884242104517,0,0.00565884242104517,0.00282942121052258,0,0,0,0,0,0,0,0,0,0,0,0,0,0,0,0,0,0,0,0,0,0,0,0,0,0,0,0,0,0,0.00565884242104517,0,0,0,0,0,0.00565884242104517,0,0,0.00282942121052258,0,0,0,0,0,0,0,0,0,0,0,0,0,0,0,0,0,0,0,0,0.0226353696841807,0,0,0,0,0.158447587789265,0,0,0,0,0,0,0,0,0,0,0,0,0,0,0,0.00565884242104517,0,0,0,0,0,0,0,0,0,0,0,11.8835690841949,0,0,0,0,0,0,0,0.00282942121052258,0,0,0,0,0.0367824757367936,0.650766878420194,0,0,0,0,0,0,0,0,0,0,0,0,0,0,0,0,0,0,0,0,0,0,0,0,0.00565884242104517,0,0,0,0,0,0,0,0,0.0282942121052258,0,0,0,0,0,0,0,0,0.00282942121052258,0,0,0,0,0,0,0,0,0,0,0,0,0,0,0.00282942121052258,0,0,0,0,0,0,0,0,0,0,0,0,0,0,0,0,0,0.00565884242104517,0,0,0,0,0,0,0,0,0.00282942121052258,0,0,0,0,0,0,0,0,0,0,0,0,0,0,0,0,0,0,0,0,0,0,0,0,0,0.00282942121052258,0,0,0,0,0,0,0,0.00565884242104517,0,0,0,0,0,0,0,0,0,0,0,0,0,0,0,0,0,0,0.527311905748307,0,0,0,0,0,0,0,0,1.12589007870205,0,0,0,0,0,0,0,0,0,0,0,0,0,0,0,0,0,0,0,0,0,0,0,0,0,0,0.309816802585519,0,0,0,0.883632488178019,0.721400686132508,0,0,0,0,0,0,0,0,0,0,0,0,0,0,0,0,0,0,0.668936070456246,0,0,0,0,0.0205486372411721,0,0,0,0,0,0,0,0,0.202206012651322,0,0,0,0,0,0,0,0,0,0,0,0,0,0,0,0,0,0,0,0,0,0,0,0,0,0,0,0,0,0.0160851003891877,0,0,0,0.142284519124154,0.214445682349676,3.47521451951159,0,0,0,0,0,0,0,0,0,0.508498839465035,0,0.394194963050006,0,0,0,0,0,0,0,0,0,0,0,0,0,0,0,0,0,0,0,0,0,0,0,0,0,0,0,0,0,0,0,0,0,0.609907206719038,4.35941241351204,0,0.140994330926856,0,0,0,0,0,0,0,0,0,0,0,0,0,0,0,0,0,0,0,0,0,0,0,0,0,0,0,0,0,0,0,0,0,0,0,0,0,0,0,0,0,0,0,0,0,0,0,0,0,0,0,0,0,0,0,0,0,0,0,0,0,0.804438453813599,0.796134348658698,0,1.00394360200727,0,0,0,0,0,0,0,0,0,0,0,0,0,0,0,0,0,0,0,0,0,0,0,0,0,0,0,0,0.35359787922812,0,0,0,0,0,0,0,0,0,0,6.57652327807786,0,0,0,0,0,0,0,0,0.194098295041849,0,0,0,0,0,0,0,0,0,0.0569174580230593,0,0,0,0,0,0,2.20797912027838,0,0,0,0,0,0,0,0,0,0,0,0,0,0,0,0.062621341693465,0,0,0,0,0,0,0,0,0,0,0,0.480347443604967,0,0,0,0,0,0,0,0,0,0,0,0,0,0,0,0,0,0,0,0,0,0,0,0,0.0200421460218674,0,0,0,0.0168056517762911,0,0,0,0,0,0,0,0,35.9527479668078,0,0,0,0,0,0,0,0,0,0,0,0,0,0,0,0,0,0,0,0,1.13424357440872,2.32971519758679,0,0,0,0,0,0,0,0,17.7499501156941,0,0,0,0,0,0,0,0,0,0,0,6.97896448353395,0,7.47217630928399,1.37647632095751,0,0,0,0,0,0,0,0,0,0,0,0,0,0,0,0,0,0,0,0,0,0,0,0,0,0,0,0,0,0,0.0514522500142089,0,0,0,0,0,0.331357953413786,0,0,0.125118252938674,0,0,0,0,0,0,0,0,0,0,0,0,0,0,0,0,0,0,0,0,0.15270113584909,0,0,0,0,0.8442686984591,0,0,0,0,0,0,0,0,0,0,0,0,0,0,0,0.910865384387178,0,0,0,0,0,0,0,0,0,0,0,12.7313429026613,0,0,0,0,0,0,0,0.0102062881905971,0,0,0,0,0.153269705078779,0.66449526809032,0,0,0,0,0,0,0,0,0,0,0,0,0,0,0,0,0,0,0,0,0,0,0,0,0.673050958379836,0,0,0,0,0,0,0,0,4.86605670615249,0,0,0,0,0,0,0,0,3.85581313701633,0,0,0,0,0,0,0,0,0,0,0,0,0,0,0.482240683773416,0,0,0,0,0,0,0,0,0,0,0,0,0,0,0,0,0,0.0569572368266848,0,0,0,0,0,0,0,0,0.134270749429591,0,0,0,0,0,0,0,0,0,0,0,0,0,0,0,0,0,0,0,0,0,0,0,0,0,2.15143087826626,0,0,0,0,0,0,0,0.53307747874402,0,0,68.22750119,78.09970137,82.76590136,81.84890142,65.20030111,66.54200114,55.90610096,72.14260126,77.51960135,64.76650112,63.10140112,"JAR-00544"
"620",8688,"nSPC",2015,"PRIAs","Pacific Remote Island Areas","Jarvis","Jarvis",2015,"ForereefMid","Jarvis","2015-04-08","Forereef","Mid",-0.37905129,-160.015197,9.35,13,0,2.5,11,73,0.5,0,0,NA,0.31875,0.329467245075519,1.1,2,1,24.9565630013863,21.1638108724349,16.0760977989092,10.2996583171195,72.49612998985,4.15640431723132,0,0,0,0,0,0,0,0,0,0,0,0,0.0282942121052258,0,0,0,0.0198059484736581,0,0,0,0,0,0,0,0,0,0,0,0,0,0,0,0,0,0,0,0,0,0,0,0,0.0141471060526129,0,0,0,0,0,0,0,0,0,0,0,0,0,0,0.00282942121052258,0,0,0,0,0,0,0,0,0.00282942121052258,0,0,0,0.00282942121052258,0,0,0,0,0,0,0.00282942121052258,0,0,0,0,0.0141471060526129,0,0,0,0,0,0,0,0,0,0,0,0,0,0,0,0,0,0,0,0,0,0,0,0,0.00282942121052258,0,0,0,0,0,0,0,0,0,0.00282942121052258,0,0,0,0.0282942121052258,0,0,0,0,0,0.00565884242104517,0,0,0,0,0,0,0,0,0,0.0141471060526129,0,0.990297423682904,0,0,0,0,0,0,0,0,0,0,0,0,0,0.0254647908947033,0,0,0,0,0,0,0,0,0,0,0,0,0,0,0,0,0,0,0.00565884242104517,0.198059484736581,0,0,0,0,0,0,0,0.00565884242104517,0,0,0,0,0,0,0.00282942121052258,0,0,0,0,0,0,0,0,0.00282942121052258,0,0,0,0,0,0,0.067906109052542,0,0,0,0,0,0,0,0,0.00565884242104517,0,0,0,0,0,0,0,0,0,0,0,0,0.00282942121052258,0,0,0,0.0141471060526129,0,0,0,0.00282942121052258,0,0,0,0,0,0.00282942121052258,0,0,0,0,0,0,0,0,0,0,0,0,0,0,0,0,0,0,0,0,0,0,0,0,0,0,0,0,0,0.0198059484736581,0,0,0,0,0,0,0,0,0,0,0,0,0,0,0,0,0,0,0,0,0,0,0,0,0,0,0,0,0,0.00282942121052258,0,0,0,0,0,0,0.00565884242104517,0,0,0,0,0,0,0,0,0,0,0,0,0.00565884242104517,0,0,0,0,0,0.00565884242104517,0,0,0,0,0,0,0,0,0,0,0,0,0,0,0,0,0,0,0,0,0,0,0,0,0,0,0,0,0,0,0,0,0,0.00282942121052258,0,0,0,0,0,0,0,0,0,0,0,0,4.52707393683613,0,0,0,0.00282942121052258,0,0,0,0,0,1.83912378683968,0,0,0,0,0,0,0,0,0,0,0,0.0113176848420903,0,0,0,0,0,0,0,0,0,0,0,0,0,0,0,0,0,0,0,0,0,0,0,0,0,0,0,0,0,0,0,0,0,0,0,0,0,0,0,0,0,0,0,0,0,0,0.00282942121052258,0,0,0,0,0,0,0,0,0,0,0,0,0.00282942121052258,0,0.00565884242104517,0,0,0,0.00282942121052258,0,0,0,0,0,0,0,0,0,0,0,0,0,0,0,0,0,0,0.101859163578813,0,0,0,0,0,0,0,0,0,0,0,0,0,0,0,0,0,0,0,0,0.00282942121052258,0,0,0,0,0,0,0,0,0,0,0,7.38478935946394,0,0,0,0,0,0,0,0,0,0,0,0,0,2.26353696841807,0,0,0,0,0,0,0,0,0,0,0,0,0,0,0,0,0,0,0,0,0,0,0,0,0,0,0,0,0,0,0,0,0,0,0,0,0,0,0,0,0,0,0,0,0,0,0,0,0,0,0,0,0.00282942121052258,0,0,0,0,0.00282942121052258,0,0,0,0,0,0,0,0,0,0,0,0,0,0,0,0,0,0.0905414787367227,0,0,0.00282942121052258,0,0.00282942121052258,0,0,0,0.00282942121052258,0,0,0,0,0,0,0,0,0,0,0.203718327157626,0,0,0,0,0,0,0.00282942121052258,0.0282942121052258,0,0,0,0,0,0,0.00282942121052258,0,0,0,0,0,0.00282942121052258,0,0,0,0,0,0,0,0,0,0,0,0,0,0,0,0,4.67884191314304,0,0,0,2.99050196609191,0,0,0,0,0,0,0,0,0,0,0,0,0,0,0,0,0,0,0,0,0,0,0,0,1.35077558887772,0,0,0,0,0,0,0,0,0,0,0,0,0,0,0.802140913183153,0,0,0,0,0,0,0,0,0.302549411351547,0,0,0,1.18355711561132,0,0,0,0,0,0,0.474639722654202,0,0,0,0,0.00687928635091135,0,0,0,0,0,0,0,0,0,0,0,0,0,0,0,0,0,0,0,0,0,0,0,0,0.239218560669537,0,0,0,0,0,0,0,0,0,2.78351903752502,0,0,0,0.257284476539938,0,0,0,0,0,1.60503186394648,0,0,0,0,0,0,0,0,0,1.00627529058947,0,0.890588620224089,0,0,0,0,0,0,0,0,0,0,0,0,0,0.088415692711321,0,0,0,0,0,0,0,0,0,0,0,0,0,0,0,0,0,0,0.358222584828211,0.318421931263727,0,0,0,0,0,0,0,0.79881527712458,0,0,0,0,0,0,0.179111292414106,0,0,0,0,0,0,0,0,0.587649057545273,0,0,0,0,0,0,0.118842481452854,0,0,0,0,0,0,0,0,0.0303755191540065,0,0,0,0,0,0,0,0,0,0,0,0,0.0124802783297751,0,0,0,0.0873418203682012,0,0,0,0.607037324785205,0,0,0,0,0,0.380456733928957,0,0,0,0,0,0,0,0,0,0,0,0,0,0,0,0,0,0,0,0,0,0,0,0,0,0,0,0,0,6.63066505101858,0,0,0,0,0,0,0,0,0,0,0,0,0,0,0,0,0,0,0,0,0,0,0,0,0,0,0,0,0,0.0569174580230593,0,0,0,0,0,0,3.51606124288972,0,0,0,0,0,0,0,0,0,0,0,0,0.00470962551160958,0,0,0,0,0,0.0273955879287639,0,0,0,0,0,0,0,0,0,0,0,0,0,0,0,0,0,0,0,0,0,0,0,0,0,0,0,0,0,0,0,0,0,0.0281697810176619,0,0,0,0,0,0,0,0,0,0,0,0,10.6121658338253,0,0,0,4.44660902460953,0,0,0,0,0,1.73115873228856,0,0,0,0,0,0,0,0,0,0,0,2.33180999231945,0,0,0,0,0,0,0,0,0,0,0,0,0,0,0,0,0,0,0,0,0,0,0,0,0,0,0,0,0,0,0,0,0,0,0,0,0,0,0,0,0,0,0,0,0,0,0.184029903042103,0,0,0,0,0,0,0,0,0,0,0,0,0.616650849232197,0,1.23247210818817,0,0,0,0.292418272683837,0,0,0,0,0,0,0,0,0,0,0,0,0,0,0,0,0,0,0.637204130738501,0,0,0,0,0,0,0,0,0,0,0,0,0,0,0,0,0,0,0,0,0.38366612084141,0,0,0,0,0,0,0,0,0,0,0,5.50307684162136,0,0,0,0,0,0,0,0,0,0,0,0,0,1.63121865101816,0,0,0,0,0,0,0,0,0,0,0,0,0,0,0,0,0,0,0,0,0,0,0,0,0,0,0,0,0,0,0,0,0,0,0,0,0,0,0,0,0,0,0,0,0,0,0,0,0,0,0,0,1.50524257686471,0,0,0,0,2.65116174036662,0,0,0,0,0,0,0,0,0,0,0,0,0,0,0,0,0,0.955541798751406,0,0,0.0420075811426215,0,0.0315501807612505,0,0,0,0.356425585194983,0,0,0,0,0,0,0,0,0,0,0.263042801678653,0,0,0,0,0,0,1.60868666930685,0.144179948393083,0,0,0,0,0,0,2.31713762020398,0,0,0,0,0,0.615780519723313,0,0,0,0,111.961702,119.4120021,121.168602,119.4140021,111.7213019,107.8868019,109.1882019,124.1867022,131.7766023,130.8529023,101.2974018,"JAR-00500"
"621",8689,"nSPC",2015,"PRIAs","Pacific Remote Island Areas","Jarvis","Jarvis",2015,"ForereefMid","Jarvis","2015-04-08","Forereef","Mid",-0.37521187,-160.01334216,11.05,29,21,0,12.5,32.5,5,0,0,NA,0.665,0.532250206564911,1.85,2,1,19.9312437971055,159.843982183215,62.368308058594,18.7015148148254,260.84504885374,20.2533208712028,0,0,0,0,0,0,0,0,0,0,0,0,0.00282942121052258,0,0,0.00565884242104517,0.0282942121052258,0,0,0,0,0.00282942121052258,0,0,0,0,0,0,0,0,0,0,0,0,0,0,0,0,0,0,0,0,0,0,0,0,0,0,0,0,0,0,0.0254647908947033,0,0,0,0.00282942121052258,0,0,0,0,0,0,0,0,0.00282942121052258,0,0,0,0,0,0,0,0,0,0,0.00565884242104517,0,0,0,0,0.0282942121052258,0,0,0,0,0,0,0,0,0,0,0,0,0,0,0,0,0,0,0,0,0,0,0,0,0,0,0,0,0,0,0,0,0,0,0.00848826363156775,0,0,0,0.0481001605788839,0,0,0,0,0.0594178454209743,0.0141471060526129,0,0,0,0,0,0,0,0,0,0.0282942121052258,0,0.282942121052258,0,0,0,0,0,0,0,0,0,0,0,0,0,0,0,0,0,0,0.00282942121052258,0,0,0,0,0,0,0,0,0,0,0,0,0,0,0.282942121052258,0.00282942121052258,0,0,0,0,0,0,0,0,0,0,0,0,0,0,0,0,0,0,0,0,0,0,0,0,0,0.0311236333157484,0,0,0,0,0,0,0,0,0,0,0,0,0,0,0,0,0,0.0424413181578388,0,0,0,0,0,0,0,0.0169765272631355,0,0.00565884242104517,0,0,0,0,0,0,0,0,0,0,0.00565884242104517,0,0.0424413181578388,0,0,0,0,0,0,0,0,0,0,0,0,0,0,0,0,0,0,0,0,0,0,0,0,0,0,0,0,0,0,0,0,0,0,0,0,0,0,0,0.00565884242104517,0,0,0,0,0,0,0,0,0,0,0,0,0,0,0,0,0,0,0.00282942121052258,0,0,0,0,0,0,0,0,0,0,0,0,0,0,0,0,0,0,0,0.00282942121052258,0,0,0,0,0,0.00848826363156775,0,0,0,0,0,0,0,0,0.00565884242104517,0,0,0,0,0,0,0,0,0,0,0,0,0,0,0,0,0,0,0,0,0,0,0,0,0.0113176848420903,0,0,0,0.00565884242104517,0,0,0,0,0,0,0,0,28.2942121052258,0,0,0,0.00848826363156775,0,0,0.0424413181578388,0,0,0,0,0,0,0,0,0,0,0,0,0,0.0226353696841807,0.0113176848420903,0.00282942121052258,0,0,0,0,0,0,0,0,0,0,0,0,0,0,0,0,0,0,0,0,0,0.0311236333157484,0,0,0,0,0,0,0,0,0,0,0,0,0,0,0,0,0,0,0,0,0,0,0,0,0,0,0,0,0,0,0.00282942121052258,0.0169765272631355,0,0,0,0,0,0,0,0,0.0113176848420903,0,0,0,0,0,0,0,0,0,0,0,0,0,0,0,0,0,0,0,0,0.0622472666314969,0,0,0,0,0.0481001605788839,0,0,0,0,0,0,0,0,0,0,0,0,0,0,0,0.00848826363156775,0,0,0,0,0,0,0,0,0,0,0,19.8342426857633,0,0,0,0,0,0,0,0,0,0,0,0,0.00848826363156775,0.565884242104517,0,0,0,0,0,0,0,0,0,0,0,0,0,0,0,0,0,0,0,0,0,0,0,0,0,0,0,0,0,0,0,0,0,0.00848826363156775,0,0,0,0,0,0,0,0,0.00282942121052258,0,0,0,0,0,0,0,0,0,0.00282942121052258,0,0,0,0,0.00282942121052258,0,0,0,0,0,0,0,0,0,0,0,0,0,0,0,0,0,0.0792237938946324,0,0,0,0,0,0,0,0,0.00282942121052258,0,0,0,0,0,0,0,0,0,0,0,0,0,0,0,0,0,0,0.00282942121052258,0,0,0,0,0,0,0,0,0,0,0,0,0,0,0.00282942121052258,0,0,0,0,0,0,0,0,0,0,0,0,0,0,0.440678092033275,0,0,9.81325064422461,3.19461383528071,0,0,0,0,0.864788240585189,0,0,0,0,0,0,0,0,0,0,0,0,0,0,0,0,0,0,0,0,0,0,0,0,0,0,0,0,0,0,0.228814836089651,0,0,0,0.802140913183153,0,0,0,0,0,0,0,0,0.302549411351547,0,0,0,0,0,0,0,0,0,0,0.635670424723663,0,0,0,0,0.0669024453210871,0,0,0,0,0,0,0,0,0,0,0,0,0,0,0,0,0,0,0,0,0,0,0,0,0,0,0,0,0,0,0,0,0,0,4.76619091016332,0,0,0,0.192432903008313,0,0,0,0,0.198913689676696,3.27670658858918,0,0,0,0,0,0,0,0,0,1.55114384762358,0,0.297471198968292,0,0,0,0,0,0,0,0,0,0,0,0,0,0,0,0,0,0,6.70995700788815,0,0,0,0,0,0,0,0,0,0,0,0,0,0,0.434709445363479,5.9360479971955,0,0,0,0,0,0,0,0,0,0,0,0,0,0,0,0,0,0,0,0,0,0,0,0,0,26.5344771402204,0,0,0,0,0,0,0,0,0,0,0,0,0,0,0,0,0,0.109059239592948,0,0,0,0,0,0,0,0.0374175933068204,0,1.81187895618208,0,0,0,0,0,0,0,0,0,0,0.149962793398497,0,4.8746073313601,0,0,0,0,0,0,0,0,0,0,0,0,0,0,0,0,0,0,0,0,0,0,0,0,0,0,0,0,0,0,0,0,0,0,0,0,0,0,0,0.730562288851924,0,0,0,0,0,0,0,0,0,0,0,0,0,0,0,0,0,0,0.104031106789106,0,0,0,0,0,0,0,0,0,0,0,0,0,0,0,0,0,0,0,0.164690365394844,0,0,0,0,0,0.142547372354612,0,0,0,0,0,0,0,0,2.02091381667363,0,0,0,0,0,0,0,0,0,0,0,0,0,0,0,0,0,0,0,0,0,0,0,0,0.0900802392380388,0,0,0,0.00540243409826541,0,0,0,0,0,0,0,0,43.8677793493873,0,0,0,8.56971226387507,0,0,5.07180733633306,0,0,0,0,0,0,0,0,0,0,0,0,0,5.52174300911354,3.81217468391467,3.17327869517181,0,0,0,0,0,0,0,0,0,0,0,0,0,0,0,0,0,0,0,0,0,70.278589332145,0,0,0,0,0,0,0,0,0,0,0,0,0,0,0,0,0,0,0,0,0,0,0,0,0,0,0,0,0,0,0.234786984819254,0.0757336524470287,0,0,0,0,0,0,0,0,1.37923341694262,0,0,0,0,0,0,0,0,0,0,0,0,0,0,0,0,0,0,0,0,0.320281299895738,0,0,0,0,0.225547594446261,0,0,0,0,0,0,0,0,0,0,0,0,0,0,0,1.36629807658077,0,0,0,0,0,0,0,0,0,0,0,29.1599850037809,0,0,0,0,0,0,0,0,0,0,0,0,0.120385333032069,0.174736918821115,0,0,0,0,0,0,0,0,0,0,0,0,0,0,0,0,0,0,0,0,0,0,0,0,0,0,0,0,0,0,0,0,0,1.3623714058248,0,0,0,0,0,0,0,0,3.25287158460772,0,0,0,0,0,0,0,0,0,3.40295633490444,0,0,0,0,0.951487946606965,0,0,0,0,0,0,0,0,0,0,0,0,0,0,0,0,0,1.49160228507276,0,0,0,0,0,0,0,0,0.206264806247096,0,0,0,0,0,0,0,0,0,0,0,0,0,0,0,0,0,0,0.0134898315054085,0,0,0,0,0,0,0,0,0,0,0,0,0,0,0.323318599533783,0,0,95.5502017,104.9013018,104.7092018,104.9058018,91.47500158,86.80810151,83.75370146,98.30410172,105.4214018,101.8733018,82.79440143,"JAR-00472"
"622",8698,"nSPC",2015,"PRIAs","Pacific Remote Island Areas","Jarvis","Jarvis",2015,"ForereefDeep","Jarvis","2015-04-09","Forereef","Deep",-0.38146368,-160.01192579,21.4,19,0,0,24.5,53,3.5,0,0,NA,0.375,0.228958227954616,0.9,2,1,41.0640929427808,22.170737886373,24.9545610975314,14.8962482792837,103.085640205969,13.2200817791067,0,0,0,0,0,0,0,0,0,0,0,0,0,0.00282942121052258,0,0,0.0226353696841807,0.00282942121052258,0,0,0,0,0,0,0,0,0,0,0,0,0,0,0,0,0,0,0,0,0,0,0,0,0,0,0,0,0,0,0,0,0,0,0,0,0,0,0.00848826363156775,0.00848826363156775,0,0,0,0,0,0,0,0.00565884242104517,0,0,0,0,0,0,0,0,0,0,0.00282942121052258,0,0,0,0,0.0282942121052258,0,0,0,0,0,0,0,0,0.00282942121052258,0,0,0,0,0,0,0,0,0,0.00282942121052258,0,0,0,0,0,0,0.00565884242104517,0,0,0,0,0,0,0,0,0.00282942121052258,0,0,0,0.0226353696841807,0,0,0,0,0.0820532151051549,0.0198059484736581,0,0,0,0,0,0,0,0,0.00565884242104517,0.0311236333157484,0,0.169765272631355,0,0,0,0,0,0,0,0,0,0,0,0,0,0,0,0,0,0,0,0,0,0,0,0,0,0,0,0,0,0,0,0,0,0.311236333157484,0,0,0,0,0,0,0,0,0,0,0,0,0,0,0,0,0,0,0,0,0,0,0,0,0,0,0,0,0,0,0,0,0,0,0,0,0,0,0,0,0,0,0,0,0.00565884242104517,0,0,0,0,0,0,0,0,0,0,0,0.00848826363156775,0,0,0,0,0,0,0,0,0.00282942121052258,0.00565884242104517,0.0226353696841807,0,0,0,0,0,0,0,0,0,0,0,0,0,0,0,0,0,0,0,0,0,0,0,0,0,0,0,0,0,0,0,0,0,0,0,0,0,0,0,0.00282942121052258,0.00282942121052258,0,0,0.00282942121052258,0,0,0,0,0,0,0,0,0,0,0,0,0,0,0.00848826363156775,0,0.00282942121052258,0,0,0,0,0.00282942121052258,0,0,0,0.00282942121052258,0,0,0,0,0,0,0,0,0,0,0,0,0,0,0.00848826363156775,0,0,0,0,0,0,0,0,0,0,0,0,0,0,0,0,0,0,0,0,0,0,0,0,0,0,0,0,0,0,0,0,0,0.0113176848420903,0,0,0,0.00848826363156775,0,0,0,0,0,0,0,0,5.68713663315039,0,0,0,0.00565884242104517,0,0,0,0,0,5.37590029999291,0,0,0,0,0,0,0,0,0,0,0,0.00848826363156775,0,0,0,0,0,0,0,0,0,0,0,0,0,0,0,0,0,0,0,0,0,0,0,0.00282942121052258,0,0,0,0,0,0,0,0,0,0,0,0,0,0,0,0,0,0,0.0141471060526129,0,0,0,0,0,0,0,0,0,0,0,0,0,0,0,0,0,0.00565884242104517,0.00282942121052258,0,0.0141471060526129,0,0,0,0,0,0,0,0,0,0,0,0,0,0,0,0,0,0,0,0,0.0424413181578388,0,0,0,0,0.033953054526271,0,0,0,0,0,0,0,0,0,0.00282942121052258,0,0,0,0,0,0.00565884242104517,0,0,0,0,0,0,0,0,0,0,0,6.11154981472878,0,0,0,0,0,0,0,0.0113176848420903,0,0,0,0,0.0452707393683613,1.24494533262994,0,0,0,0,0,0,0,0,0,0,0,0,0,0,0,0,0,0,0,0,0,0,0,0,0,0,0,0,0,0,0,0,0,0.0311236333157484,0,0,0,0,0,0,0,0,0,0,0,0,0,0,0,0,0,0,0.00565884242104517,0,0,0,0,0.00848826363156775,0,0,0,0,0,0,0,0,0,0,0,0,0,0,0,0,0,0.0565884242104517,0,0,0,0,0,0,0,0,0.00282942121052258,0,0,0,0,0,0,0,0,0,0,0,0,0,0,0,0,0,0,0,0,0,0,0,0,0,0.00282942121052258,0,0,0,0,0,0,0,0,0,0,0,0,0,0,0,0,0,0,0,0,0,0,0,1.5731934697771,0,0,2.28253479336712,0.103975262627718,0,0,0,0,0,0,0,0,0,0,0,0,0,0,0,0,0,0,0,0,0,0,0,0,0,0,0,0,0,0,0,0,0,0,0,0,0,0,2.49198443695566,0.90764823405464,0,0,0,0,0,0,0,1.00150223758827,0,0,0,0,0,0,0,0,0,0,0.387383452121338,0,0,0,0,0.0398649385647015,0,0,0,0,0,0,0,0,0.293833304323468,0,0,0,0,0,0,0,0,0,0.264317933362599,0,0,0,0,0,0,0.0454412230288605,0,0,0,0,0,0,0,0,1.4566228314257,0,0,0,0.12165011649518,0,0,0,0,0.354611294757413,5.60847806910733,0,0,0,0,0,0,0,0,1.52104012333732,1.92163654231141,0,0.0766490205930568,0,0,0,0,0,0,0,0,0,0,0,0,0,0,0,0,0,0,0,0,0,0,0,0,0,0,0,0,0,0,0,0,0,0.622682043484547,0,0,0,0,0,0,0,0,0,0,0,0,0,0,0,0,0,0,0,0,0,0,0,0,0,0,0,0,0,0,0,0,0,0,0,0,0,0,0,0,0,0,0,0,0.0201749431594665,0,0,0,0,0,0,0,0,0,0,0,0.189499095638899,0,0,0,0,0,0,0,0,0.315299862156959,0.520248295673888,2.06932097660269,0,0,0,0,0,0,0,0,0,0,0,0,0,0,0,0,0,0,0,0,0,0,0,0,0,0,0,0,0,0,0,0,0,0,0,0,0,0,0,0.809116406564366,1.26099478075621,0,0,1.24609366782384,0,0,0,0,0,0,0,0,0,0,0,0,0,0,0.105562846742752,0,0.964122864507823,0,0,0,0,1.37632318593138,0,0,0,2.03803209793942,0,0,0,0,0,0,0,0,0,0,0,0,0,0,0.0355239491823531,0,0,0,0,0,0,0,0,0,0,0,0,0,0,0,0,0,0,0,0,0,0,0,0,0,0,0,0,0,0,0,0,0,0.0528468224658081,0,0,0,0.0102179543473019,0,0,0,0,0,0,0,0,9.8323303798132,0,0,0,13.8209540311052,0,0,0,0,0,3.62512236103059,0,0,0,0,0,0,0,0,0,0,0,1.6394973214476,0,0,0,0,0,0,0,0,0,0,0,0,0,0,0,0,0,0,0,0,0,0,0,2.2716729729474,0,0,0,0,0,0,0,0,0,0,0,0,0,0,0,0,0,0,2.73158887921059,0,0,0,0,0,0,0,0,0,0,0,0,0,0,0,0,0,0.141158047469975,1.0918512061028,0,3.99220398912194,0,0,0,0,0,0,0,0,0,0,0,0,0,0,0,0,0,0,0,0,0.419812774505342,0,0,0,0,0.293973429362151,0,0,0,0,0,0,0,0,0,0.00433323446028615,0,0,0,0,0,1.16036940557348,0,0,0,0,0,0,0,0,0,0,0,4.60412247170412,0,0,0,0,0,0,0,0.00510314409529853,0,0,0,0,0.253400532699579,0.592936568943336,0,0,0,0,0,0,0,0,0,0,0,0,0,0,0,0,0,0,0,0,0,0,0,0,0,0,0,0,0,0,0,0,0,5.33084006956261,0,0,0,0,0,0,0,0,0,0,0,0,0,0,0,0,0,0,9.82845365557944,0,0,0,0,3.39162812352728,0,0,0,0,0,0,0,0,0,0,0,0,0,0,0,0,0,0.482474952571653,0,0,0,0,0,0,0,0,0.167700926916158,0,0,0,0,0,0,0,0,0,0,0,0,0,0,0,0,0,0,0,0,0,0,0,0,0,5.31568465144233,0,0,0,0,0,0,0,0,0,0,112.093302,117.493402,122.6866021,116.281102,111.4030019,112.719002,113.686902,120.8819021,126.7867022,137.3813024,103.1030018,"JAR-00424"
"623",8699,"nSPC",2015,"PRIAs","Pacific Remote Island Areas","Jarvis","Jarvis",2015,"ForereefMid","Jarvis","2015-04-09","Forereef","Mid",-0.381892,-160.00114675,10.35,30.5,0,2.5,22.5,44.5,0,0,0,NA,0.42375,0.282486763204551,1.05,2,1,62.9610280160718,45.3599129350771,33.9982591945564,31.2076930766489,173.526893222354,15.560835247337,0,0,0,0,0,0,0,0,0,0,0,0,0.0113176848420903,0,0,0,0.0311236333157484,0,0,0,0,0,0,0,0,0,0,0,0,0,0,0,0,0,0,0,0,0,0,0,0,0,0,0,0,0,0,0,0,0,0,0,0,0,0,0,0.00565884242104517,0,0,0,0,0,0,0,0,0,0,0,0,0,0,0,0,0,0,0,0.00848826363156775,0,0,0,0,0.033953054526271,0,0,0,0,0,0,0,0,0.00565884242104517,0,0,0,0,0,0,0,0,0,0.00282942121052258,0,0,0,0,0,0,0,0,0,0,0,0,0,0,0,0.00848826363156775,0,0,0,0.067906109052542,0,0,0,0,0.124494533262994,0.00848826363156775,0,0,0,0,0,0,0,0,0,0.0282942121052258,0,0.424413181578388,0,0,0,0,0,0,0,0,0,0,0,0,0,0.00848826363156775,0,0,0,0,0,0,0,0,0,0,0,0,0,0,0,0,0,0,0.00565884242104517,0.67906109052542,0,0,0,0,0,0,0,0,0,0,0,0,0,0,0,0,0,0,0,0,0,0,0,0,0,0,0,0,0,0,0.254647908947033,0,0,0,0,0,0,0,0,0,0,0,0,0,0,0,0,0,0,0,0,0,0.00565884242104517,0,0.0113176848420903,0,0,0,0,0,0,0,0,0,0.00282942121052258,0.00565884242104517,0.00282942121052258,0.0452707393683613,0,0,0,0,0,0,0,0,0,0,0,0,0,0,0,0,0,0,0,0,0,0,0,0,0,0,0,0,0,0,0,0,0,0,0,0,0.00282942121052258,0,0,0,0.00282942121052258,0,0,0,0,0,0,0,0,0,0,0,0,0,0,0,0,0,0.0226353696841807,0,0,0,0,0,0,0,0,0,0,0,0,0,0,0,0,0,0,0,0.00282942121052258,0,0,0,0,0,0.00565884242104517,0,0,0,0,0,0,0,0,0.0113176848420903,0,0,0,0,0,0,0,0,0,0,0,0,0,0,0,0,0,0,0,0,0,0,0,0,0.0141471060526129,0,0,0,0.0141471060526129,0,0,0,0,0,0,0,0,5.31931187578246,0,0,0,0.00848826363156775,0,0,0,0,0,2.4050080289442,0,0,0,0,0,0,0,0,0,0,0.00282942121052258,0.00282942121052258,0,0,0,0,0,0,0,0,0.147129902947174,0,0,0,0,0,0,0,0,0,0,0,0,0,0,0.00848826363156775,0,0,0,0,0,0,0,0,0,0,0,0,0,0,0,0,0,0,0,0,0,0,0,0,0,0,0,0,0,0,0.0113176848420903,0,0,0,0,0,0.00565884242104517,0.00848826363156775,0,0.00848826363156775,0,0,0,0,0,0,0,0.00282942121052258,0,0,0,0,0,0,0,0,0,0,0,0,0.226353696841807,0,0,0,0,0.0113176848420903,0,0,0,0,0,0,0,0,0,0,0,0,0,0,0,0.00848826363156775,0,0,0,0,0,0,0,0,0,0,0,2.5181848773651,0,0,0,0,0,0,0,0.00282942121052258,0,0,0,0,0.0311236333157484,0.169765272631355,0,0,0,0.0226353696841807,0,0,0,0,0,0,0,0,0,0,0,0,0,0,0,0,0,0,0,0,0,0,0,0,0,0,0,0,0,0.0282942121052258,0,0,0,0,0,0,0,0.00282942121052258,0.00282942121052258,0,0,0,0,0,0,0,0,0,0.00848826363156775,0,0,0,0,0.00282942121052258,0,0,0,0,0,0,0,0,0,0,0,0,0,0,0,0,0,0.0311236333157484,0,0,0,0,0,0,0,0,0.00282942121052258,0,0,0,0,0,0,0,0,0,0,0,0,0,0,0,0,0,0,0.00282942121052258,0,0,0,0,0,0,0,0,0,0,0,0,0,0,0,0,0,0,0,0,0,0,0,0,0,0,0,0,0,2.68591841518458,0,0,0,3.4434622055748,0,0,0,0,0,0,0,0,0,0,0,0,0,0,0,0,0,0,0,0,0,0,0,0,0,0,0,0,0,0,0,0,0,0,0,0,0,0,0,1.4377038967286,0,0,0,0,0,0,0,0,0,0,0,0,0,0,0,0,0,0,0,2.13334908227467,0,0,0,0,0.0802829343853045,0,0,0,0,0,0,0,0,0.34972753498545,0,0,0,0,0,0,0,0,0,0.49283255281021,0,0,0,0,0,0,0,0,0,0,0,0,0,0,0,4.81908610717145,0,0,0,0.340548689371399,0,0,0,0,0.446861522155563,2.0690162736385,0,0,0,0,0,0,0,0,0,1.48343026867745,0,0.788389926100013,0,0,0,0,0,0,0,0,0,0,0,0,0,0.0063813482676493,0,0,0,0,0,0,0,0,0,0,0,0,0,0,0,0,0,0,0.54947018315172,1.64028904069142,0,0,0,0,0,0,0,0,0,0,0,0,0,0,0,0,0,0,0,0,0,0,0,0,0,0,0,0,0,0,0.216807229677504,0,0,0,0,0,0,0,0,0,0,0,0,0,0,0,0,0,0,0,0,0,0.0117550557407874,0,10.8441758913092,0,0,0,0,0,0,0,0,0,0.209655466282478,0.419310932564955,0.380456733928957,5.44812051309119,0,0,0,0,0,0,0,0,0,0,0,0,0,0,0,0,0,0,0,0,0,0,0,0,0,0,0,0,0,0,0,0,0,0,0,0,0.720617772457906,0,0,0,1.01608298734248,0,0,0,0,0,0,0,0,0,0,0,0,0,0,0,0,0,0.372950295158208,0,0,0,0,0,0,0,0,0,0,0,0,0,0,0,0,0,0,0,0.236265071445519,0,0,0,0,0,0.0153159399546798,0,0,0,0,0,0,0,0,3.35604553567837,0,0,0,0,0,0,0,0,0,0,0,0,0,0,0,0,0,0,0,0,0,0,0,0,0.0368409569200025,0,0,0,0.0156203884455673,0,0,0,0,0,0,0,0,7.95193382577563,0,0,0,50.2392392840865,0,0,0,0,0,1.24003062798726,0,0,0,0,0,0,0,0,0,0,0.690217876139193,0.387383452121338,0,0,0,0,0,0,0,0,30.3023439982836,0,0,0,0,0,0,0,0,0,0,0,0,0,0,4.30845379272521,0,0,0,0,0,0,0,0,0,0,0,0,0,0,0,0,0,0,0,0,0,0,0,0,0,0,0,0,0,0,0.1585738037278,0,0,0,0,0,0.172439480083676,1.00341194588515,0,1.24207222984345,0,0,0,0,0,0,0,0.0839162577047264,0,0,0,0,0,0,0,0,0,0,0,0,1.4926705391924,0,0,0,0,0.0650259009498106,0,0,0,0,0,0,0,0,0,0,0,0,0,0,0,2.08794648339849,0,0,0,0,0,0,0,0,0,0,0,2.39133258740738,0,0,0,0,0,0,0,0.0102062881905971,0,0,0,0,0.11809386309239,0.0519035403621724,0,0,0,0.0248283940185314,0,0,0,0,0,0,0,0,0,0,0,0,0,0,0,0,0,0,0,0,0,0,0,0,0,0,0,0,0,7.21658932264625,0,0,0,0,0,0,0,2.42714675598044,3.54571933311287,0,0,0,0,0,0,0,0,0,7.93010181880705,0,0,0,0,1.65786733943665,0,0,0,0,0,0,0,0,0,0,0,0,0,0,0,0,0,0.355497168478112,0,0,0,0,0,0,0,0,0.300260442397625,0,0,0,0,0,0,0,0,0,0,0,0,0,0,0,0,0,0,0.00491611935328299,0,0,0,0,0,0,0,0,0,0,0,0,0,0,0,0,0,77.4152014,73.45350123,74.19520127,73.90790127,89.54870154,86.99730152,87.32410154,88.15390153,97.07070168,113.619502,79.33820137,"JAR-00453"
"624",8700,"nSPC",2015,"PRIAs","Pacific Remote Island Areas","Jarvis","Jarvis",2015,"ForereefMid","Jarvis","2015-04-09","Forereef","Mid",-0.38177968,-159.99149021,9.05,22.5,0,3.5,20,53.5,0.5,0,0,NA,0.305,0.240533478101542,0.75,2,1,86.1487710003533,19.8299696255563,39.0112888442606,13.9116796365568,158.901709106727,15.5005484800285,0,0,0,0,0,0,0,0,0,0,0,0,0,0,0.00282942121052258,0,0.0735649514735872,0,0,0,0,0.00565884242104517,0,0,0,0,0,0,0,0,0,0,0,0,0,0,0,0,0,0,0,0,0,0,0,0,0,0,0,0,0,0,0,0,0,0,0.00282942121052258,0,0,0,0,0,0,0,0,0,0,0,0,0,0,0,0,0,0,0,0.00848826363156775,0,0,0,0,0.0452707393683613,0,0,0,0,0,0,0,0,0.00282942121052258,0,0,0,0,0,0,0,0,0,0.00282942121052258,0,0,0,0,0,0.00282942121052258,0,0,0,0,0,0,0,0,0,0.00565884242104517,0,0,0,0.0396118969473162,0,0,0,0,0,0,0,0,0,0,0,0,0,0,0,0.0198059484736581,0,0.848826363156775,0,0,0,0,0,0,0,0,0,0,0,0,0,0.0141471060526129,0,0,0,0,0,0,0,0,0,0,0,0,0,0,0,0,0,0,0,0.537590029999291,0,0,0,0,0,0,0,0.00565884242104517,0,0,0,0,0,0,0,0,0,0,0,0,0,0,0,0,0,0,0,0,0,0,0.367824757367936,0,0,0,0,0,0,0,0,0,0,0,0,0,0,0,0,0,0,0,0,0,0,0,0.00565884242104517,0,0,0,0,0,0,0,0,0,0,0,0,0.0509295817894065,0,0,0,0,0,0,0,0,0,0,0,0,0,0,0,0,0,0,0,0,0,0,0,0,0,0,0,0,0,0,0,0,0,0,0,0,0,0,0,0,0,0,0,0,0,0,0,0,0,0,0,0,0,0,0,0,0,0,0.00848826363156775,0,0,0,0,0,0,0,0,0,0,0,0,0,0,0,0,0,0,0,0.00848826363156775,0,0,0,0,0,0.00282942121052258,0,0,0,0,0,0,0,0,0.00848826363156775,0,0,0,0,0,0,0,0,0,0,0,0,0,0,0,0,0,0,0,0,0,0,0,0,0.0113176848420903,0,0,0,0.0169765272631355,0,0,0,0,0,0,0,0,1.30153375684039,0,0,0,0.0169765272631355,0,0,0,0,0,0,0,0,0,0,0,0,0,0,0,0,0.0424413181578388,0.0169765272631355,0,0,0,0,0,0,0,0,0,0,0,0,0,0,0,0,0,0,0,0,0,0,0,0.00282942121052258,0,0,0,0,0,0,0,0,0,0,0,0,0,0,0,0,0,0,0,0,0,0,0,0,0,0,0,0,0,0,0.00848826363156775,0,0,0,0,0,0.00565884242104517,0.00282942121052258,0,0,0,0,0,0,0,0,0,0,0,0,0,0,0,0,0,0,0,0,0,0,0.268795014999645,0,0,0,0,0,0,0,0,0,0,0,0,0,0,0,0,0,0,0,0,0,0,0,0,0,0,0,0,0,0,0,0,0.945026684314543,0,0,0,0,0,0,0,0,0,0,0,0,0,1.5278874536822,0,0,0,0,0,0,0,0,0,0,0,0,0,0,0,0,0,0,0,0,0,0,0,0,0,0,0,0,0,0,0,0,0,0,0,0,0,0,0,0,0,0,0.00848826363156775,0,0,0,0,0,0,0,0,0,0.00282942121052258,0,0,0,0,0,0,0,0,0,0,0,0,0,0,0,0,0,0,0,0,0,0,0.0905414787367227,0,0,0,0,0,0,0,0,0.0113176848420903,0,0,0,0,0,0,0,0,0,0,0,0,0,0,0,0,0,0,0.0282942121052258,0,0,0,0,0,0,0.00848826363156775,0,0,0,0,0,0.00282942121052258,0,0,0,0,0,0,0,0,0,0,0,0,0,0,0,0,0,0,2.30575429097297,0,9.05835581770907,0,0,0,0,1.99321579629065,0,0,0,0,0,0,0,0,0,0,0,0,0,0,0,0,0,0,0,0,0,0,0,0,0,0,0,0,0,0,0,0,0,0,0.652170271340614,0,0,0,0,0,0,0,0,0,0,0,0,0,0,0,0,0,0,0,0.969063252044719,0,0,0,0,0.159614817870031,0,0,0,0,0,0,0,0,0.202206012651322,0,0,0,0,0,0,0,0,0,0.564754772095254,0,0,0,0,0,0.34342595681508,0,0,0,0,0,0,0,0,0,3.65608348415168,0,0,0,0.166685483179058,0,0,0,0,0,0,0,0,0,0,0,0,0,0,0,1.26631078606046,0,0.452594216835193,0,0,0,0,0,0,0,0,0,0,0,0,0,0.0106355804460822,0,0,0,0,0,0,0,0,0,0,0,0,0,0,0,0,0,0,0,0.358790415442737,0,0,0,0,0,0,0,0.447063356309831,0,0,0,0,0,0,0,0,0,0,0,0,0,0,0,0,0,0,0,0,0,0,0.309516045061486,0,0,0,0,0,0,0,0,0,0,0,0,0,0,0,0,0,0,0,0,0,0,0,6.38320322317645,0,0,0,0,0,0,0,0,0,0,0,0,5.12254336134438,0,0,0,0,0,0,0,0,0,0,0,0,0,0,0,0,0,0,0,0,0,0,0,0,0,0,0,0,0,0,0,0,0,0,0,0,0,0,0,0,0,0,0,0,0,0,0,0,0,0,0,0,0,0,0,0,0,0,0.240459672800806,0,0,0,0,0,0,0,0,0,0,0,0,0,0,0,0,0,0,0,0.0738519444031215,0,0,0,0,0,0.0500872630950339,0,0,0,0,0,0,0,0,2.17902979629703,0,0,0,0,0,0,0,0,0,0,0,0,0,0,0,0,0,0,0,0,0,0,0,0,0.0382122905261864,0,0,0,0.0148373297591863,0,0,0,0,0,0,0,0,1.54284773539071,0,0,0,67.5786091086556,0,0,0,0,0,0,0,0,0,0,0,0,0,0,0,0,14.2974026984553,2.57003555659468,0,0,0,0,0,0,0,0,0,0,0,0,0,0,0,0,0,0,0,0,0,0,0,1.37647632095751,0,0,0,0,0,0,0,0,0,0,0,0,0,0,0,0,0,0,0,0,0,0,0,0,0,0,0,0,0,0,0.0700649441841109,0,0,0,0,0,0.148584938234026,0.961071597579071,0,0,0,0,0,0,0,0,0,0,0,0,0,0,0,0,0,0,0,0,0,0,1.08944431225774,0,0,0,0,0,0,0,0,0,0,0,0,0,0,0,0,0,0,0,0,0,0,0,0,0,0,0,0,0,0,0,0,0.385847604594723,0,0,0,0,0,0,0,0,0,0,0,0,0,2.31272051146013,0,0,0,0,0,0,0,0,0,0,0,0,0,0,0,0,0,0,0,0,0,0,0,0,0,0,0,0,0,0,0,0,0,0,0,0,0,0,0,0,0,0,11.8189109687246,0,0,0,0,0,0,0,0,0,3.6816375113039,0,0,0,0,0,0,0,0,0,0,0,0,0,0,0,0,0,0,0,0,0,0,0.574247780368704,0,0,0,0,0,0,0,0,1.06334855226466,0,0,0,0,0,0,0,0,0,0,0,0,0,0,0,0,0,0,0.1120088633452,0,0,0,0,0,0,11.8859408143319,0,0,0,0,0,0.414044051346115,0,0,0,0,83.20600151,77.45870129,78.14400133,80.32710138,94.40230161,92.14560161,93.02980163,91.13500157,101.3459018,120.8427022,84.22420146,"JAR-00562"
"625",8701,"nSPC",2015,"PRIAs","Pacific Remote Island Areas","Jarvis","Jarvis",2015,"ForereefDeep","Jarvis","2015-04-09","Forereef","Deep",-0.38208269,-159.98811741,23.4,13.5,0,35.5,13.5,37.5,0,0,0,NA,0.24625,0.200464215072286,0.75,2,1,45.2782684609069,58.4751589466089,10.1660502758711,12.2428921137017,126.162369797089,3.3402014775376,0,0,0,0,0,0,0,0,0,0,0,0,0,0,0,0,0.0311236333157484,0.00565884242104517,0,0,0,0.00282942121052258,0,0,0,0,0,0,0,0,0,0,0,0,0,0,0,0,0,0,0,0,0,0,0,0,0,0,0,0,0,0,0,0,0,0,0.00565884242104517,0,0,0,0,0,0,0,0,0.00565884242104517,0,0,0,0,0,0,0,0,0,0,0.0113176848420903,0,0,0,0,0,0,0,0,0,0,0,0,0,0,0,0,0,0,0.00565884242104517,0,0,0,0,0,0,0,0,0,0,0,0,0,0,0,0,0,0,0,0,0.00848826363156775,0,0,0,0.033953054526271,0,0,0,0,0.113176848420903,0.0226353696841807,0,0,0,0,0,0,0,0,0,0.0113176848420903,0,0,0,0,0,0,0,0,0,0,0,0,0,0,0,0,0,0,0,0,0,0,0,0,0,0,0,0,0,0,0,0,0,0,0,0.749796620788485,0,0,0,0,0,0,0,0,0,0,0,0,0,0,0,0,0,0,0,0,0,0,0,0,0,0,0,0,0,0,0,0,0,0,0,0,0,0,0,0,0,0,0,0,0,0,0,0,0,0,0,0,0,0,0,0,0,0,0,0,0,0,0,0,0.00282942121052258,0.00282942121052258,0.00282942121052258,0.00848826363156775,0,0,0,0,0,0,0,0,0,0,0,0,0,0,0,0,0,0,0,0,0,0,0,0,0,0,0,0,0,0,0,0,0,0,0,0,0,0,0,0.00282942121052258,0,0,0,0,0,0,0,0,0,0,0,0,0,0,0,0,0,0,0.00565884242104517,0,0.00565884242104517,0,0,0,0,0,0,0.00282942121052258,0,0.00282942121052258,0,0,0,0,0,0,0,0,0,0,0,0.00565884242104517,0,0,0,0,0,0,0,0,0,0,0,0.00282942121052258,0,0,0,0,0,0,0,0,0,0,0,0,0,0,0,0,0,0,0,0,0,0,0,0.00282942121052258,0.00565884242104517,0,0,0,0,0,0,0,0,0,0,0,0,10.6103295394597,0,0,0,0.00565884242104517,0,0,0,0,0,8.37508678314685,0,0,0,0,0,0,0,0,0,0,0,0,0,0,0,0,0,0,0,0,0,0,0,0,0,0,0,0,0,0,0,0,0,0,0,0.00282942121052258,0,0,0,0,0,0,0.00848826363156775,0,0,0,0,0,0,0,0,0,0,0,0,0,0,0,0,0,0,0,0,0,0,0,0,0,0,0,0,0,0.0113176848420903,0,0,0,0,0,0,0,0,0,0,0,0,0,0,0,0,0,0,0,0,0,0,0,0.130153375684039,0,0,0,0,0.0169765272631355,0,0,0,0,0,0,0,0,0,0,0,0,0,0,0,0.0113176848420903,0,0,0,0,0,0,0,0,0,0,0,4.97978133051975,0,0,0,0.113176848420903,0,0,0,0.0141471060526129,0,0,0,0,0.0424413181578388,1.30153375684039,0,0,0,0,0,0,0,0,0,0,0,0,0,0,0.565884242104517,0,0,0,0,0,0,0,0,0,0,0,0,0,0,0,0,0,0,0.0226353696841807,0,0,0,0,0,0,0.00282942121052258,0,0,0,0,0,0,0,0,0,0,0,0,0,0,0,0,0.00282942121052258,0,0,0,0,0,0,0,0,0,0,0,0,0,0,0,0,0,0,0,0,0,0,0,0,0,0,0,0,0,0,0,0,0,0,0,0,0,0,0,0,0,0,0,0,0,0,0,0,0,0,0,0,0,0,0,0,0.00565884242104517,0,0,0,0,0,0,0,0,0,0,0,0,0,0,0,0,0,0,0,0,0,0,3.13321433746291,0.245722484820414,0,0,0,0.326885030314252,0,0,0,0,0,0,0,0,0,0,0,0,0,0,0,0,0,0,0,0,0,0,0,0,0,0,0,0,0,0,0,0,0,0,1.16952145142104,0,0,0,0,0,0,0,0,0.329490906017824,0,0,0,0,0,0,0,0,0,0,1.15735240874251,0,0,0,0,0,0,0,0,0,0,0,0,0,0,0,0,0,0,0.0848934170449356,0,0,0,0,0,0,0,0,0,0,0,0,0,0,0,0,0,0,0,0,9.0295182481224,0,0,0,0.177385717012865,0,0,0,0,0.490430822122618,4.64317422625988,0,0,0,0,0,0,0,0,0,0.555926660766618,0,0,0,0,0,0,0,0,0,0,0,0,0,0,0,0,0,0,0,0,0,0,0,0,0,0,0,0,0,0,0,0,0,0,0,2.17938715219591,0,0,0,0,0,0,0,0,0,0,0,0,0,0,0,0,0,0,0,0,0,0,0,0,0,0,0,0,0,0,0,0,0,0,0,0,0,0,0,0,0,0,0,0,0,0,0,0,0,0,0,0,0,0,0,0,0,0,0,0,0,0,0,0,0.209655466282478,0.167167949811265,0.276993760608636,0.736134547707433,0,0,0,0,0,0,0,0,0,0,0,0,0,0,0,0,0,0,0,0,0,0,0,0,0,0,0,0,0,0,0,0,0,0,0,0,0,0,0,2.29687180157804,0,0,0,0,0,0,0,0,0,0,0,0,0,0,0,0,0,0,0.123056139448936,0,1.24445839922439,0,0,0,0,0,0,5.67227915707257,0,3.04219368555388,0,0,0,0,0,0,0,0,0,0,0,0.111522354241684,0,0,0,0,0,0,0,0,0,0,0,0.38706482159949,0,0,0,0,0,0,0,0,0,0,0,0,0,0,0,0,0,0,0,0,0,0,0,0.00785111761276115,0.0215011858886859,0,0,0,0,0,0,0,0,0,0,0,0,19.7468772323354,0,0,0,16.9293327035756,0,0,0,0,0,5.30798230737128,0,0,0,0,0,0,0,0,0,0,0,0,0,0,0,0,0,0,0,0,0,0,0,0,0,0,0,0,0,0,0,0,0,0,0,0.977365265145701,0,0,0,0,0,0,13.0695963286205,0,0,0,0,0,0,0,0,0,0,0,0,0,0,0,0,0,0,0,0,0,0,0,0,0,0,0,0,0,0.694992127332508,0,0,0,0,0,0,0,0,0,0,0,0,0,0,0,0,0,0,0,0,0,0,0,0.820837549533542,0,0,0,0,0.145924085837349,0,0,0,0,0,0,0,0,0,0,0,0,0,0,0,2.45091821750614,0,0,0,0,0,0,0,0,0,0,0,3.23818939045951,0,0,0,0.724682242323302,0,0,0,0.0455030348497452,0,0,0,0,0.782752949833413,0.758823675833125,0,0,0,0,0,0,0,0,0,0,0,0,0,0,11.7789936762539,0,0,0,0,0,0,0,0,0,0,0,0,0,0,0,0,0,0,5.85911734258959,0,0,0,0,0,0,2.26799524869105,0,0,0,0,0,0,0,0,0,0,0,0,0,0,0,0,1.07220622884655,0,0,0,0,0,0,0,0,0,0,0,0,0,0,0,0,0,0,0,0,0,0,0,0,0,0,0,0,0,0,0,0,0,0,0,0,0,0,0,0,0,0,0,0,0,0,0,0,0,0,0,0,0,0,0,0,1.67062694121601,0,0,0,0,0,0,101.3035018,93.09690157,94.0057016,93.70530157,112.5501019,123.8863022,114.072902,105.1264018,121.8628021,130.9346023,118.9698021,"JAR-00545"
"626",8702,"nSPC",2015,"PRIAs","Pacific Remote Island Areas","Jarvis","Jarvis",2015,"ForereefMid","Jarvis","2015-04-09","Forereef","Mid",-0.38207925,-159.9836678,7.8,10,0,17.5,12.5,58.5,1.5,0,0,NA,0.315,0.316379095149591,1.3,2,1,33.3505264065869,16.2379165058637,13.7310988615873,6.38094750817268,69.7004892822107,3.40295633490444,0,0,0,0,0,0,0,0,0,0,0,0,0,0,0,0,0.0848826363156775,0,0,0,0,0,0,0,0,0,0,0,0,0,0,0,0,0,0,0,0,0,0,0,0,0,0,0,0,0,0,0,0,0,0,0.00282942121052258,0,0,0,0,0,0,0,0,0,0,0,0,0,0.00282942121052258,0,0,0,0,0,0,0,0,0,0,0.00565884242104517,0,0,0,0,0.0509295817894065,0,0,0,0,0,0,0,0,0,0,0,0,0,0,0,0,0,0,0.00282942121052258,0,0,0,0,0,0,0,0,0,0,0,0,0,0,0,0.00565884242104517,0,0,0,0.00565884242104517,0,0,0,0,0,0,0,0,0,0,0,0,0,0,0,0.0282942121052258,0,0,0,0,0,0,0,0,0,0,0,0,0,0,0,0,0,0,0,0,0,0,0,0,0,0,0,0,0,0,0,0,0,0,0,0.0254647908947033,0,0,0,0,0,0,0,0,0,0,0,0,0,0,0.00565884242104517,0,0,0,0,0,0,0,0,0.00282942121052258,0,0,0,0,0,0,2.15036011999716,0,0,0,0,0,0,0,0,0.00282942121052258,0,0,0,0,0,0,0,0,0,0,0,0,0,0,0.00282942121052258,0,0,0,0,0,0.00282942121052258,0,0,0,0,0,0,0.0169765272631355,0,0,0,0,0,0,0,0,0,0,0,0,0,0,0,0,0,0,0,0,0,0,0,0,0,0,0,0,0,0,0,0,0,0,0,0,0,0,0,0,0,0,0,0,0,0,0,0,0,0,0,0,0,0,0,0,0,0,0.0169765272631355,0,0,0,0,0,0,0,0,0,0,0,0,0,0,0,0,0,0,0,0,0,0,0,0,0.067906109052542,0,0,0,0,0,0,0,0,0,0.00848826363156775,0,0,0,0,0,0,0,0,0,0,0,0,0,0,0,0,0,0,0,0,0,0,0,0,0.0141471060526129,0,0,0,0.00848826363156775,0,0,0,0,0,0,0,0,1.07518005999858,0,0,0,0.00565884242104517,0,0,0,0,0,0,0,0,0,0,0,0,0.00282942121052258,0,0,0,0.0169765272631355,0.00282942121052258,0,0,0,0,0,0,0,0,0,0,0,0,0,0,0,0,0,0,0,0,0,0,0,0,0,0,0,0,0,0,0,0,0,0,0,0,0,0,0,0,0,0,0,0,0,0,0,0,0,0,0,0,0,0,0.0141471060526129,0,0,0,0,0,0,0.00565884242104517,0,0.00282942121052258,0,0,0,0,0,0,0,0,0,0,0,0,0,0,0,0,0,0,0,0,0.288600963473304,0,0,0,0,0,0,0,0,0,0,0,0,0,0,0,0,0,0,0,0,0,0,0,0,0,0,0,0,0,0,0,0,0.452707393683613,0,0,0,0,0,0,0,0,0,0,0,0,0.033953054526271,3.25383439210097,0,0,0,0,0,0,0,0,0,0,0,0,0,0,0,0,0,0,0,0,0,0,0,0.00282942121052258,0,0,0,0,0,0,0,0,0,0,0,0,0,0,0,0,0,0,0,0,0,0,0,0,0,0,0,0,0.00282942121052258,0,0,0,0,0,0,0,0,0,0,0,0,0,0,0,0,0,0,0,0,0,0,0.0594178454209743,0,0.00282942121052258,0,0,0,0,0,0,0.00282942121052258,0,0,0,0,0,0,0,0,0,0,0.0820532151051549,0,0,0,0,0,0,0,0.280112699841736,0,0,0,0,0,0,0,0,0,0,0,0,0,0,0,0,0,0,0,0,0,0,0,0,0,0,0,0,0,0,0,0,0,7.84704102185417,0,0,0,0,0,0,0,0,0,0,0,0,0,0,0,0,0,0,0,0,0,0,0,0,0,0,0,0,0,0,0,0,0,0,0.00070228463784858,0,0,0,0,0,0,0,0,0,0,0,0,0,0.204882759234707,0,0,0,0,0,0,0,0,0,0,0.461604182500782,0,0,0,0,0.110209781818507,0,0,0,0,0,0,0,0,0,0,0,0,0,0,0,0,0,0,0.264317933362599,0,0,0,0,0,0,0,0,0,0,0,0,0,0,0,1.99243437741283,0,0,0,0.0160851003891877,0,0,0,0,0,0,0,0,0,0,0,0,0,0,0,1.84878177163192,0,0,0,0,0,0,0,0,0,0,0,0,0,0,0,0,0,0,0,0,0,0,0,0,0,0,0,0,0,0,0,0,0,0,0,0.0554062920286953,0,0,0,0,0,0,0,0,0,0,0,0,0,0,0.119323859908858,0,0,0,0,0,0,0,0,0.117514753182868,0,0,0,0,0,0,1.97097481525003,0,0,0,0,0,0,0,0,0.00917722976680384,0,0,0,0,0,0,0,0,0,0,0,0,0,0,0.951167548975928,0,0,0,0,0,0.00385508639933702,0,0,0,0,0,0,1.75434253377424,0,0,0,0,0,0,0,0,0,0,0,0,0,0,0,0,0,0,0,0,0,0,0,0,0,0,0,0,0,0,0,0,0,0,0,0,0,0,0,0,0,0,0,0,0,0,0,0,0,0,0,0,0,0,0,0,0,0,0.179162978932586,0,0,0,0,0,0,0,0,0,0,0,0,0,0,0,0,0,0,0,0,0,0,0,0,0.168434312893925,0,0,0,0,0,0,0,0,0,0.638802104947257,0,0,0,0,0,0,0,0,0,0,0,0,0,0,0,0,0,0,0,0,0,0,0,0,0.0549833373742906,0,0,0,0.0067336786117882,0,0,0,0,0,0,0,0,1.43621052821369,0,0,0,28.385970182044,0,0,0,0,0,0,0,0,0,0,0,0,0.0198950752417895,0,0,0,6.1619177896845,0.387383452121338,0,0,0,0,0,0,0,0,0,0,0,0,0,0,0,0,0,0,0,0,0,0,0,0,0,0,0,0,0,0,0,0,0,0,0,0,0,0,0,0,0,0,0,0,0,0,0,0,0,0,0,0,0,0,0.162464962066151,0,0,0,0,0,0,1.12334007549817,0,0.0779808874143951,0,0,0,0,0,0,0,0,0,0,0,0,0,0,0,0,0,0,0,0,1.30015421097251,0,0,0,0,0,0,0,0,0,0,0,0,0,0,0,0,0,0,0,0,0,0,0,0,0,0,0,0,0,0,0,0,0.482445176490448,0,0,0,0,0,0,0,0,0,0,0,0,0.0649870933389876,5.85073705838365,0,0,0,0,0,0,0,0,0,0,0,0,0,0,0,0,0,0,0,0,0,0,0,0.223588252710959,0,0,0,0,0,0,0,0,0,0,0,0,0,0,0,0,0,0,0,0,0,0,0,0,0,0,0,0,3.40295633490444,0,0,0,0,0,0,0,0,0,0,0,0,0,0,0,0,0,0,0,0,0,0,0.323290418543968,0,0.0523869478314971,0,0,0,0,0,0,0.206264806247096,0,0,0,0,0,0,0,0,0,0,0.116925831524846,0,0,0,0,0,0,0,1.14565245408907,0,0,0,0,0,0,0,0,0,0,0,0,0,0,0,0,0,108.0492019,101.4751017,97.74340168,101.1411017,120.1411021,128.6883023,116.665702,112.867902,129.3556023,134.3713024,123.4022022,"JAR-00487"
"627",8703,"nSPC",2015,"PRIAs","Pacific Remote Island Areas","Jarvis","Jarvis",2015,"ForereefShallow","Jarvis","2015-04-09","Forereef","Shallow",-0.38183609,-160.00488843,5,2,0,11,0.5,85.5,1,0,0,NA,0.3875,0.283519271153368,1,2,1,17.5785565425823,3.4034243595808,21.5616015497035,9.91660516271419,52.4601876145809,4.03104859613035,0,0,0,0,0,0,0,0,0,0,0,0,0.00565884242104517,0,0,0,0.00282942121052258,0,0,0,0,0.00282942121052258,0,0,0,0,0.067906109052542,0,0,0,0,0,0,0,0,0,0,0,0,0,0,0.0113176848420903,0,0,0,0,0,0.00282942121052258,0,0,0,0,0,0,0,0,0,0,0,0,0,0,0,0,0,0.00848826363156775,0,0,0,0,0,0,0,0,0,0,0.00282942121052258,0,0,0,0,0.0226353696841807,0,0,0,0,0,0,0,0,0,0,0,0,0,0,0,0,0,0,0,0,0,0,0,0,0,0,0,0,0,0,0,0,0,0,0.00565884242104517,0,0,0,0,0,0,0,0,0,0,0,0,0,0,0,0,0,0,0,0.00565884242104517,0,0,0,0,0,0,0,0,0,0,0,0,0,0,0,0,0,0,0,0,0,0,0,0,0,0,0,0,0,0,0,0,0,0,0.00282942121052258,0,0,0,0,0,0,0,0,0,0,0,0,0,0,0,0,0,0,0,0,0,0,0,0,0,0,0,0,0,0,0,0.848826363156775,0,0,0,0,0,0,0,0,0,0,0,0,0,0,0.0113176848420903,0,0,0,0,0,0,0,0,0.00282942121052258,0,0,0,0,0,0.00282942121052258,0,0,0,0,0,0,0.0198059484736581,0,0,0,0,0,0,0,0,0,0,0,0,0,0,0,0,0,0,0,0,0,0,0,0,0,0,0,0,0,0,0,0,0,0,0,0,0,0,0,0,0,0,0,0,0,0,0,0,0,0,0,0,0,0,0,0,0,0,0.0169765272631355,0,0,0,0,0,0,0,0,0,0,0,0,0,0,0,0,0,0,0,0.00282942121052258,0,0,0,0,0,0,0,0,0,0,0,0,0,0,0,0,0,0,0,0,0,0,0,0,0,0,0,0,0,0,0,0,0,0,0,0,0,0,0,0.00565884242104517,0,0,0,0.00565884242104517,0,0,0,0,0,0,0,0,0,0,0,0,0.00282942121052258,0,0,0,0,0,0,0,0,0,0,0,0,0,0,0,0,0.00848826363156775,0.0396118969473162,0,0,0,0,0,0,0,0,0,0,0.00282942121052258,0,0,0,0,0,0,0,0,0,0,0,0,0,0,0,0,0,0,0,0,0,0,0,0,0,0,0,0,0,0,0,0,0,0,0,0,0,0,0,0,0,0,0,0.00282942121052258,0,0,0,0,0,0,0.00565884242104517,0,0,0,0,0,0,0,0,0,0,0,0,0,0,0,0,0,0,0,0,0,0,0.118835690841949,0,0,0,0.00565884242104517,0,0,0,0,0,0,0.00565884242104517,0,0,0,0,0,0,0,0,0,0,0,0,0,0,0,0,0,0,0,0,0,0,0,0,0,0,0,0,0,0,0,0,0,0,0,0,0,0,0,0,0,0,0,0,0,0.00565884242104517,0,0,0,0,0,0,0,0,0,0,0,0,0,0.00848826363156775,0,0,0,0,0,0,0,0,0,0,0,0,0,0,0,0,0,0,0,0,0,0,0,0,0,0,0,0,0,0,0,0,0,0.00848826363156775,0,0,0,0,0,0,0,0,0,0,0,0,0,0,0,0,0,0.0792237938946324,0,0,0.121665112052471,0,0,0,0,0,0,0,0,0,0,0,0,0,0,0,0,0.237671381683897,0,0,0,0,0,0,0.0141471060526129,0.113176848420903,0,0.00282942121052258,0,0,0,0,0,0,0,0,0,0,0,0,0,0,0,0,0,0,0,0,0,0,0,0,0,0,0,1.05821849140357,0,0,0,0.31014775456429,0,0,0,0,1.12811618212596,0,0,0,0,4.87164825903949,0,0,0,0,0,0,0,0,0,0,0,0,0,0,0.183422888814548,0,0,0,0,0,0.147487795396553,0,0,0,0,0,0,0,0,0,0,0,0,0,0,0,0,0,0.769844275712005,0,0,0,0,0,0,0,0,0,0,0.312297147030625,0,0,0,0,0.0976488885027975,0,0,0,0,0,0,0,0,0,0,0,0,0,0,0,0,0,0,0,0,0,0,0,0,0,0,0,0,0,0,0,0,0,0,2.25676911167118,0,0,0,0,0,0,0,0,0,0,0,0,0,0,0,0,0,0,0,0.505468796796752,0,0,0,0,0,0,0,0,0,0,0,0,0,0,0,0,0,0,0,0,0,0,0,0,0,0,0,0,0,0,0,0,0,0,0.140994330926856,0,0,0,0,0,0,0,0,0,0,0,0,0,0,0,0,0,0,0,0,0,0,0,0,0,0,0,0,0,0,0,0.698601073405289,0,0,0,0,0,0,0,0,0,0,0,0,0,0,0.766739760881336,0,0,0,0,0,0,0,0,0.951167548975928,0,0,0,0,0,0.179862911047468,0,0,0,0,0,0,2.12297870390852,0,0,0,0,0,0,0,0,0,0,0,0,0,0,0,0,0,0,0,0,0,0,0,0,0,0,0,0,0,0,0,0,0,0,0,0,0,0,0,0,0,0,0,0,0,0,0,0,0,0,0,0,0,0,0,0,0,0,0.658219225432673,0,0,0,0,0,0,0,0,0,0,0,0,0,0,0,0,0,0,0,0.000975313174545606,0,0,0,0,0,0,0,0,0,0,0,0,0,0,0,0,0,0,0,0,0,0,0,0,0,0,0,0,0,0,0,0,0,0,0,0,0,0,0,0.0708127738876847,0,0,0,0.00540243409826541,0,0,0,0,0,0,0,0,0,0,0,0,13.6929785586162,0,0,0,0,0,0,0,0,0,0,0,0,0,0,0,0,2.26403634036659,6.39192912827884,0,0,0,0,0,0,0,0,0,0,0.252155334786203,0,0,0,0,0,0,0,0,0,0,0,0,0,0,0,0,0,0,0,0,0,0,0,0,0,0,0,0,0,0,0,0,0,0,0,0,0,0,0,0,0,0,0,0.0839162577047264,0,0,0,0,0,0,1.12334007549817,0,0,0,0,0,0,0,0,0,0,0,0,0,0,0,0,0,0,0,0,0,0,0.336350597696426,0,0,0,0.00665905066360771,0,0,0,0,0,0,0.0263273595345241,0,0,0,0,0,0,0,0,0,0,0,0,0,0,0,0,0,0,0,0,0,0,0,0,0,0,0,0,0,0,0,0,0,0,0,0,0,0,0,0,0,0,0,0,0,0.051495466031511,0,0,0,0,0,0,0,0,0,0,0,0,0,0.713373407916699,0,0,0,0,0,0,0,0,0,0,0,0,0,0,0,0,0,0,0,0,0,0,0,0,0,0,0,0,0,0,0,0,0,4.03104859613035,0,0,0,0,0,0,0,0,0,0,0,0,0,0,0,0,0,0.48664220365765,0,0,1.13454487106033,0,0,0,0,0,0,0,0,0,0,0,0,0,0,0,0,0.291642591274615,0,0,0,0,0,0,3.67970953561884,0.542621589737963,0,0.114592983211246,0,0,0,0,0,0,0,0,0,0,0,0,0,0,0,77.00360139,73.33820123,74.17160127,73.40150126,89.17270154,86.95380152,87.13810153,88.08490152,97.9164017,112.441502,79.22820137,"JAR-00592"
"628",8704,"nSPC",2015,"PRIAs","Pacific Remote Island Areas","Jarvis","Jarvis",2015,"ForereefDeep","Jarvis","2015-04-09","Forereef","Deep",-0.38243975,-160.00333669,24,26.5,0,11.5,17.5,41,3.5,0,0,NA,0.44,0.290345137543729,1.05,2,1,33.6629265295235,99.879701088874,15.5737140741871,15.9271246372467,165.043466329831,2.01795396046562,0,0,0,0,0,0,0,0,0,0,0,0,0.00282942121052258,0,0,0.00282942121052258,0.0169765272631355,0,0,0,0,0.00282942121052258,0,0,0,0,0,0,0,0,0,0,0,0,0,0,0,0,0,0,0,0,0,0,0,0,0,0,0,0,0,0,0,0,0,0,0.00565884242104517,0.00565884242104517,0,0,0,0,0,0,0,0,0,0,0,0,0,0,0,0,0,0,0.0113176848420903,0,0,0,0,0,0,0,0,0,0,0,0,0,0.00282942121052258,0,0,0,0,0,0,0,0,0,0.00282942121052258,0,0,0,0,0,0,0.00282942121052258,0,0,0,0,0,0,0,0,0,0,0,0,0.0169765272631355,0,0,0,0.00282942121052258,0.124494533262994,0.0594178454209743,0,0,0,0,0,0,0,0,0,0.0367824757367936,0,0,0,0,0,0,0,0,0,0,0,0,0,0,0,0.00282942121052258,0,0,0,0,0,0,0,0,0,0,0,0,0,0,0,0,0,0,0,0.118835690841949,0,0,0,0,0,0,0,0.00282942121052258,0,0,0,0,0,0,0,0,0,0,0,0,0,0,0,0,0,0,0,0,0,0,0,0,0,0,0,0,0,0,0,0,0,0,0,0,0,0,0,0,0,0,0,0,0,0,0,0,0,0,0,0,0,0,0,0,0.0113176848420903,0.0226353696841807,0,0.0311236333157484,0,0,0,0,0,0,0,0,0,0,0,0,0,0,0,0,0,0,0,0,0,0,0,0,0,0,0,0,0,0,0,0,0,0,0,0,0.00282942121052258,0,0,0.00565884242104517,0,0,0,0,0,0,0,0,0,0,0,0,0,0,0,0,0,0,0.00282942121052258,0,0.00282942121052258,0,0,0,0,0.00282942121052258,0,0,0,0,0,0,0,0,0,0,0,0,0,0,0,0.00282942121052258,0,0,0,0,0,0,0,0,0,0,0,0.00282942121052258,0,0,0,0,0,0,0,0,0,0,0,0,0,0,0,0,0,0,0,0,0,0,0,0,0.00282942121052258,0,0,0,0,0,0,0,0,0,0,0,0,0,0,0,0,0.00282942121052258,0,0,0,0,0,25.4647908947033,0,0,0,0,0,0,0,0,0,0,0,0.00848826363156775,0,0,0,0,0,0,0,0,0,0,0,0,0,0,0,0,0,0,0,0,0,0,0.0282942121052258,0.00565884242104517,0,0,0,0,0,0,0.00282942121052258,0,0,0,0,0,0,0,0,0,0,0,0,0,0,0,0,0,0,0,0,0,0,0,0,0,0,0,0,0,0.00848826363156775,0,0,0.00282942121052258,0,0,0,0,0,0,0,0,0,0,0,0,0,0,0,0,0,0,0,0,0.0622472666314968,0,0,0,0,0.107518005999858,0,0,0,0,0,0,0,0,0,0,0,0,0,0,0,0.00565884242104517,0,0,0,0,0,0,0,0,0,0,0,22.6353696841807,0,0,0,0,0,0,0,0.0481001605788839,0,0,0,0,0.104688584789336,0.0565884242104517,0,0,0,0,0,0,0,0,0,0,0,0,0,0,0,0,0,0,0,0,0,0,0,0,0.00282942121052258,0,0,0,0,0,0,0,0,0.0282942121052258,0,0,0,0,0,0,0,0,0,0,0,0,0,0,0,0,0,0,0,0,0,0,0,0.00282942121052258,0,0,0,0,0,0,0,0,0,0,0,0,0,0,0,0,0,0.00565884242104517,0,0,0,0,0,0,0,0,0.00565884242104517,0,0,0,0,0,0,0,0,0,0,0,0,0,0,0,0,0,0,0,0,0,0,0,0,0,0.00565884242104517,0,0,0,0,0,0,0,0,0,0,0,0,0,0,0,0,0,0,0,0,0,0,0.780727471603912,0,0,1.17755531055302,1.65752759388102,0,0,0,0,0.864788240585189,0,0,0,0,0,0,0,0,0,0,0,0,0,0,0,0,0,0,0,0,0,0,0,0,0,0,0,0,0,0,0,0,0,0,2.18824041116364,0.994296755329349,0,0,0,0,0,0,0,0,0,0,0,0,0,0,0,0,0,0,0.860351111414368,0,0,0,0,0,0,0,0,0,0,0,0,0,0.164762709527785,0,0,0,0,0,0,0,0,0,0.49283255281021,0,0,0,0,0,0,0.0161758226695025,0,0,0,0,0,0,0,0,0,0,0,0,0.102083157056072,0,0,0,0.0421583760367865,0.417152018233527,12.1704020889627,0,0,0,0,0,0,0,0,0,2.03457457928545,0,0,0,0,0,0,0,0,0,0,0,0,0,0,0,0.000643033996891225,0,0,0,0,0,0,0,0,0,0,0,0,0,0,0,0,0,0,0,0.240458927460504,0,0,0,0,0,0,0,0.223531678154915,0,0,0,0,0,0,0,0,0,0,0,0,0,0,0,0,0,0,0,0,0,0,0,0,0,0,0,0,0,0,0,0,0,0,0,0,0,0,0,0,0,0,0,0,0,0,0,0,0,0,0,0,0,0,0,0,0.221576868858279,0.685743585033513,0,1.82788799038607,0,0,0,0,0,0,0,0,0,0,0,0,0,0,0,0,0,0,0,0,0,0,0,0,0,0,0,0,0,0,0,0,0,0,0,0,0.368956299498448,0,0,3.12861638556583,0,0,0,0,0,0,0,0,0,0,0,0,0,0,0,0,0,0,0.0087428844168392,0,1.5799729449026,0,0,0,0,1.05657708918289,0,0,0,0,0,0,0,0,0,0,0,0,0,0,0,0.0139391845523714,0,0,0,0,0,0,0,0,0,0,0,1.062105870469,0,0,0,0,0,0,0,0,0,0,0,0,0,0,0,0,0,0,0,0,0,0,0,0,0.0054076140822457,0,0,0,0,0,0,0,0,0,0,0,0,0,0,0,0,2.65115785732356,0,0,0,0,0,15.9277457030311,0,0,0,0,0,0,0,0,0,0,0,3.19677295885449,0,0,0,0,0,0,0,0,0,0,0,0,0,0,0,0,0,0,0,0,0,0,64.4141916537373,3.76513607406419,0,0,0,0,0,0,4.53603842015417,0,0,0,0,0,0,0,0,0,0,0,0,0,0,0,0,0,0,0,0,0,0,0,0,0,0,0,0,0,0.188267130116044,0,0,0.835403189273505,0,0,0,0,0,0,0,0,0,0,0,0,0,0,0,0,0,0,0,0,0.330732050032588,0,0,0,0,0.413988534520554,0,0,0,0,0,0,0,0,0,0,0,0,0,0,0,2.48723100932198,0,0,0,0,0,0,0,0,0,0,0,13.5399405550469,0,0,0,0,0,0,0,0.0773504341111453,0,0,0,0,0.73210507967701,0.0269516622246971,0,0,0,0,0,0,0,0,0,0,0,0,0,0,0,0,0,0,0,0,0,0,0,0,0.336525479189918,0,0,0,0,0,0,0,0,6.51385276719966,0,0,0,0,0,0,0,0,0,0,0,0,0,0,0,0,0,0,0,0,0,0,0,2.01795396046562,0,0,0,0,0,0,0,0,0,0,0,0,0,0,0,0,0,0.036364155165184,0,0,0,0,0,0,0,0,0.373965733163254,0,0,0,0,0,0,0,0,0,0,0,0,0,0,0,0,0,0,0,0,0,0,0,0,0,8.25400336748557,0,0,0,0,0,0,0,0,0,0,79.51860144,74.34490125,75.67710129,75.30800129,91.07040157,88.20650154,88.22840155,88.90810154,98.97010171,116.0003021,80.95380139,"JAR-00426"
"629",8705,"nSPC",2015,"PRIAs","Pacific Remote Island Areas","Jarvis","Jarvis",2015,"ForereefMid","Jarvis","2015-04-09","Forereef","Mid",-0.38160291,-160.00727559,11.8,35,0,4,22.5,38.5,0,0,0,NA,0.3525,0.236063247617472,0.85,2,1,35.4778235721194,25.0400416411342,35.9052936868008,13.5237320512454,109.9468909513,13.4019450774084,0,0,0,0,0,0,0,0,0,0,0,0,0.0254647908947033,0,0,0,0.0226353696841807,0,0,0,0,0,0,0,0,0,0,0,0,0,0,0,0,0,0,0,0,0,0,0,0,0,0,0,0,0,0,0,0,0,0,0,0,0,0,0,0.0141471060526129,0,0,0,0,0,0,0,0,0,0,0,0,0,0,0,0,0,0,0,0.00848826363156775,0,0,0,0,0.113176848420903,0,0,0,0,0,0,0,0,0,0,0,0,0,0,0,0,0,0,0.00282942121052258,0,0,0,0,0,0,0,0,0,0,0,0,0,0,0,0.00282942121052258,0,0,0,0.0452707393683613,0,0,0,0,0.124494533262994,0.0169765272631355,0,0,0,0,0,0,0,0,0,0.0226353696841807,0,0,0.00565884242104517,0,0,0,0,0.0113176848420903,0,0,0,0,0,0,0,0,0,0,0,0,0,0,0,0,0,0,0,0,0,0,0,0,0,0,0.00565884242104517,0.746967199577962,0,0,0,0,0,0,0,0.00565884242104517,0,0,0,0,0,0,0,0,0,0,0,0,0,0,0,0,0,0,0,0,0,0,0,0,0,0,0,0,0,0,0,0,0,0,0,0,0.067906109052542,0,0,0,0,0,0,0,0,0,0,0,0,0,0,0,0.00282942121052258,0,0,0,0.0169765272631355,0,0,0.0254647908947033,0,0,0,0,0,0,0,0,0,0,0,0,0,0,0,0,0,0,0,0,0,0,0,0,0,0,0,0,0,0,0,0,0,0,0,0,0,0,0,0,0,0,0,0,0,0,0,0,0,0,0,0,0,0,0,0,0,0,0.0113176848420903,0,0,0,0,0,0,0,0,0,0,0,0,0,0,0,0,0,0,0,0,0,0,0,0,0,0.00565884242104517,0,0,0,0,0,0,0,0,0.0113176848420903,0,0,0,0,0,0,0,0,0,0,0,0,0,0,0,0,0,0,0,0,0,0,0,0,0,0,0,0,0.00848826363156775,0,0,0,0,0,0,0,0,3.67824757367936,0,0,0,0.00848826363156775,0,0,0,0,0,22.6353696841807,0,0,0,0,0,0,0,0,0,0,0,0.0113176848420903,0,0,0,0,0,0,0,0,0,0,0,0,0,0,0,0,0,0,0,0,0,0,0,0.00282942121052258,0,0,0,0,0,0,0,0,0,0,0,0,0,0,0,0,0,0,0,0,0,0,0,0,0,0,0,0,0,0,0.0141471060526129,0,0,0,0,0,0.00282942121052258,0.00282942121052258,0,0.00282942121052258,0,0,0,0,0,0,0,0.00565884242104517,0,0,0,0.00565884242104517,0,0,0,0,0,0,0,0,0.294259805894349,0,0,0,0,0.0169765272631355,0,0,0,0,0,0,0,0,0,0,0,0,0,0,0,0.00565884242104517,0,0,0,0,0,0,0,0,0,0,0,11.3176848420903,0,0,0,0,0,0,0,0.067906109052542,0,0,0,0,0.0367824757367936,0.282942121052258,0,0,0,0,0,0,0,0,0,0,0,0,0,0,0,0,0,0,0,0,0,0,0,0,0,0,0,0,0,0,0,0,0,0.00565884242104517,0,0,0,0,0,0,0,0,0.0113176848420903,0,0,0,0,0,0.00282942121052258,0,0,0,0.00282942121052258,0,0,0,0,0.00848826363156775,0,0,0,0,0,0,0,0,0,0,0,0,0,0,0,0,0,0.0707355302630646,0,0,0,0,0,0,0,0,0.00282942121052258,0,0,0,0,0,0,0,0,0,0,0,0,0,0,0,0,0,0,0.00282942121052258,0,0,0,0,0,0,0,0,0,0,0,0,0,0,0,0,0,0,0,0,0,0,0,0,0,0,0,0,0,8.7141046315489,0,0,0,2.70077562758927,0,0,0,0,0,0,0,0,0,0,0,0,0,0,0,0,0,0,0,0,0,0,0,0,0,0,0,0,0,0,0,0,0,0,0,0,0,0,0,4.65369478013884,0,0,0,0,0,0,0,0,0,0,0,0,0,0,0,0,0,0,0,1.08781188421168,0,0,0,0,0.267609781284348,0,0,0,0,0,0,0,0,0,0,0,0,0,0,0,0,0,0,0.49283255281021,0,0,0,0,0,0,0,0,0,0,0,0,0,0,0,2.142852658729,0,0,0,0.38127371217465,0,0,0,0,0.617544617994086,5.45441883023075,0,0,0,0,0,0,0,0,0,2.09864630283515,0,0,0.0101406456185129,0,0,0,0,1.27630793108873,0,0,0,0,0,0,0,0,0,0,0,0,0,0,0,0,0,0,0,0,0,0,0,0,0,0,0.79881527712458,1.09951195064059,0,0,0,0,0,0,0,0.666401551833678,0,0,0,0,0,0,0,0,0,0,0,0,0,0,0,0,0,0,0,0,0,0,0,0,0,0,0,0,0,0,0,0,0,0,0,0,0.191395916989937,0,0,0,0,0,0,0,0,0,0,0,0,0,0,0,0.00385508639933702,0,0,0,0.910330134259009,0,0,3.31344772214644,0,0,0,0,0,0,0,0,0,0,0,0,0,0,0,0,0,0,0,0,0,0,0,0,0,0,0,0,0,0,0,0,0,0,0,0,0,0,0,0,0,0,0,0,0,0,0,0,0,0,0,0,0,0,0,0,0,0,0.253243456621145,0,0,0,0,0,0,0,0,0,0,0,0,0,0,0,0,0,0,0,0,0,0,0,0,0,0.0505388387202333,0,0,0,0,0,0,0,0,0.38662937367519,0,0,0,0,0,0,0,0,0,0,0,0,0,0,0,0,0,0,0,0,0,0,0,0,0,0,0,0,0.01739256562552,0,0,0,0,0,0,0,0,4.37131146977566,0,0,0,20.8759758236266,0,0,0,0,0,12.888720969233,0,0,0,0,0,0,0,0,0,0,0,4.43138079658506,0,0,0,0,0,0,0,0,0,0,0,0,0,0,0,0,0,0,0,0,0,0,0,0.761078923321089,0,0,0,0,0,0,0,0,0,0,0,0,0,0,0,0,0,0,0,0,0,0,0,0,0,0,0,0,0,0,0.0595759447424991,0,0,0,0,0,0.0310176353076178,0.221217541251428,0,0.740718469869592,0,0,0,0,0,0,0,0.146215325626045,0,0,0,0.0462396839972959,0,0,0,0,0,0,0,0,2.61709814261054,0,0,0,0,0.116688705547549,0,0,0,0,0,0,0,0,0,0,0,0,0,0,0,2.29973205631156,0,0,0,0,0,0,0,0,0,0,0,6.26798851345858,0,0,0,0,0,0,0,0.051598456963574,0,0,0,0,0.134981651184619,0.134758311123485,0,0,0,0,0,0,0,0,0,0,0,0,0,0,0,0,0,0,0,0,0,0,0,0,0,0,0,0,0,0,0,0,0,1.84006541821854,0,0,0,0,0,0,0,0,5.12859017125089,0,0,0,0,0,1.37509870831398,0,0,0,3.6816375113039,0,0,0,0,3.21661868653965,0,0,0,0,0,0,0,0,0,0,0,0,0,0,0,0,0,0.673412443773923,0,0,0,0,0,0,0,0,0.206264806247096,0,0,0,0,0,0,0,0,0,0,0,0,0,0,0,0,0,0,0.0393289548262639,0,0,0,0,0,0,0,0,0,0,0,0,0,0,0,0,0,77.5598014,74.04460124,75.11930129,73.31830126,89.60620154,86.88310152,87.58000154,88.72830153,99.04880171,111.998002,79.30000137,"JAR-00474"
"630",8706,"nSPC",2015,"PRIAs","Pacific Remote Island Areas","Jarvis","Jarvis",2015,"ForereefDeep","Jarvis","2015-04-09","Forereef","Deep",-0.38246306,-159.97920326,22.4,27.5,0,5,25,41.5,1,0,0,NA,0.4525,0.297846170354797,1.1,2,1,37.1271141536322,94.4266977193178,14.5567666343633,14.7891893678345,160.899767875148,5.02532037668068,0,0,0,0,0,0,0,0,0,0,0,0,0,0,0,0,0.0282942121052258,0,0,0,0,0,0,0,0,0,0,0,0,0,0,0,0,0,0,0,0,0,0,0,0,0,0,0,0,0,0,0,0,0,0,0,0,0,0,0,0.0113176848420903,0.00282942121052258,0,0,0,0,0,0,0,0,0,0,0,0,0,0,0,0,0,0,0.00282942121052258,0,0,0,0,0,0,0.00282942121052258,0,0,0,0,0,0,0.00848826363156775,0,0,0,0,0,0,0,0,0,0.00282942121052258,0,0,0,0,0,0,0,0,0,0,0,0,0,0,0,0.00848826363156775,0,0,0,0.00565884242104517,0,0,0,0,0.0848826363156775,0.033953054526271,0,0,0,0,0,0,0,0,0,0.0226353696841807,0,0.0650766878420194,0,0,0,0,0,0,0,0,0,0,0,0,0,0,0,0,0,0,0,0,0,0,0,0,0,0,0,0,0,0,0,0,0.00282942121052258,0.792237938946323,0,0,0,0,0,0,0,0.00282942121052258,0,0,0,0,0,0,0,0,0,0,0,0,0,0,0,0,0,0,0,0,0,0,0,0,0,0,0,0,0,0,0,0,0,0,0,0,0,0,0,0,0,0,0,0,0,0,0.00282942121052258,0,0,0,0,0,0,0,0,0,0.00282942121052258,0.0113176848420903,0,0.0169765272631355,0,0,0,0,0,0,0,0,0,0,0,0,0,0,0,0,0.00282942121052258,0,0,0,0,0,0,0,0,0,0,0,0,0,0,0.00282942121052258,0,0,0,0,0,0,0,0.00282942121052258,0,0,0,0,0,0,0,0,0.00565884242104517,0,0,0,0,0,0,0,0,0,0.0169765272631355,0,0.00848826363156775,0,0,0,0,0,0,0,0,0,0,0,0,0,0,0,0,0,0.00282942121052258,0,0,0,0,0,0.00282942121052258,0,0,0,0,0,0,0,0,0.00282942121052258,0,0,0,0,0,0,0,0,0,0,0,0,0,0,0,0,0,0,0,0,0,0,0,0,0.00565884242104517,0,0,0,0,0,0,0,0,0,0,0,0,0.0282942121052258,0,0,0,0.00848826363156775,0,0,0.00282942121052258,0.00282942121052258,0,11.3176848420903,0,0,0,0,0,0,0,0,0,0,0,0.0113176848420903,0,0,0,0,0,0,0,0,0.00565884242104517,0,0.00282942121052258,0,0,0,0,0,0,0,0,0,0,0,0,0,0,0,0,0,0,0,0.00282942121052258,0,0,0,0,0,0,0,0,0,0,0,0,0,0,0,0,0,0,0,0,0,0,0,0.00565884242104517,0,0,0,0,0,0.00565884242104517,0.00848826363156775,0,0.00565884242104517,0,0,0,0,0,0,0,0,0,0,0,0,0,0,0,0,0,0,0,0,0.0396118969473162,0,0,0,0,0.0282942121052258,0,0,0,0,0,0,0,0,0,0,0,0,0,0,0,0.00565884242104517,0,0,0,0,0,0,0,0,0,0,0,22.0694854420762,0,0,0,0,0,0,0,0.00282942121052258,0,0,0,0,0.033953054526271,0.707355302630646,0,0,0,0,0,0,0,0,0,0,0,0,0,0,0.792237938946324,0,0,0,0,0,0,0,0,0,0,0,0,0,0,0,0,0,0,0.00282942121052258,0,0,0,0,0,0,0,0,0,0,0,0,0,0,0,0,0,0,0.00282942121052258,0,0,0,0,0.00282942121052258,0,0,0,0,0,0,0,0,0,0,0,0,0,0,0,0,0,0,0,0,0,0,0,0,0,0,0,0,0,0,0,0,0,0,0,0,0,0,0,0,0,0,0,0,0,0.00848826363156775,0,0,0,0,0,0,0.00282942121052258,0,0,0,0,0,0,0,0,0,0,0,0,0,0,0,0,0,0,0,0,0,0,0,0,0,0,3.17228668725272,0,0,0,0,0,0,0,0,0,0,0,0,0,0,0,0,0,0,0,0,0,0,0,0,0,0,0,0,0,0,0,0,0,0,0,0,0,0,0,2.21848409448292,0.204882759234707,0,0,0,0,0,0,0,0,0,0,0,0,0,0,0,0,0,0,0.248286972602325,0,0,0,0,0,0,0.155725906230731,0,0,0,0,0,0,0.622560303911363,0,0,0,0,0,0,0,0,0,0.313066809210036,0,0,0,0,0,0,0,0,0,0,0,0,0,0,0,5.40823295597745,0,0,0,0.0550884068757413,0,0,0,0,0.157943432330295,6.12705603195787,0,0,0,0,0,0,0,0,0,0.971258386552753,0,0.0534353172134453,0,0,0,0,0,0,0,0,0,0,0,0,0,0,0,0,0,0,0,0,0,0,0,0,0,0,0,0,0,0,0,0,0.179111292414106,1.29573344335882,0,0,0,0,0,0,0,0.179111292414106,0,0,0,0,0,0,0,0,0,0,0,0,0,0,0,0,0,0,0,0,0,0,0,0,0,0,0,0,0,0,0,0,0,0,0,0,0,0,0,0,0,0,0,0,0,0,2.44210820708949,0,0,0,0,0,0,0,0,0,0.0543404474896412,0.463166732314856,0,1.58846870257889,0,0,0,0,0,0,0,0,0,0,0,0,0,0,0,0,2.87498843208707,0,0,0,0,0,0,0,0,0,0,0,0,0,0,3.1511954728865,0,0,0,0,0,0,0,0.904130052843972,0,0,0,0,0,0,0,0,0.122230996294576,0,0,0,0,0,0,0,0,0,0.249166637543741,0,2.33563052139688,0,0,0,0,0,0,0,0,0,0,0,0,0,0,0,0,0,0.135141328524186,0,0,0,0,0,0.0192672266751746,0,0,0,0,0,0,0,0,0.38706482159949,0,0,0,0,0,0,0,0,0,0,0,0,0,0,0,0,0,0,0,0,0,0,0,0,0.0287457496690599,0,0,0,0,0,0,0,0,0,0,0,0,0.058609762723249,0,0,0,13.6855148227792,0,0,0.338120489088871,1.18645183794633,0,8.09954359856011,0,0,0,0,0,0,0,0,0,0,0,4.04015184884045,0,0,0,0,0,0,0,0,0.510237125550873,0,0.492860277831265,0,0,0,0,0,0,0,0,0,0,0,0,0,0,0,0,0,0,0,3.27652299008064,0,0,0,0,0,0,0,0,0,0,0,0,0,0,0,0,0,0,0,0,0,0,0,0.0620352706152356,0,0,0,0,0,0.0252445508156762,0.769552420259074,0,0.497399987675807,0,0,0,0,0,0,0,0,0,0,0,0,0,0,0,0,0,0,0,0,0.204200814394288,0,0,0,0,0.139272172033488,0,0,0,0,0,0,0,0,0,0,0,0,0,0,0,1.08016889547698,0,0,0,0,0,0,0,0,0,0,0,14.7636906933888,0,0,0,0,0,0,0,0.00590641677696589,0,0,0,0,0.129999420575758,0.334308101387903,0,0,0,0,0,0,0,0,0,0,0,0,0,0,66.034616687054,0,0,0,0,0,0,0,0,0,0,0,0,0,0,0,0,0,0,0.386127717294564,0,0,0,0,0,0,0,0,0,0,0,0,0,0,0,0,0,0,3.6816375113039,0,0,0,0,1.34368286537678,0,0,0,0,0,0,0,0,0,0,0,0,0,0,0,0,0,0,0,0,0,0,0,0,0,0,0,0,0,0,0,0,0,0,0,0,0,0,0,0,0,0,0,0,0,0.140443697684588,0,0,0,0,0,0,3.49555847862017,0,0,0,0,0,0,0,0,0,0,117.9986021,109.9139019,102.6969018,109.5683019,122.9694021,135.6027024,121.2650021,119.7165021,136.4575024,137.6996024,126.8020022,"JAR-00436"
"631",8707,"nSPC",2015,"PRIAs","Pacific Remote Island Areas","Jarvis","Jarvis",2015,"ForereefMid","Jarvis","2015-04-09","Forereef","Mid",-0.37346089,-159.97366223,10.35,20,0,2,47.5,27,3.5,0,0,NA,0.44625,0.337323852335351,1.15,2,1,8.65958298342112,47.6076984161979,19.3441925581526,15.3791166449967,90.9905906027683,4.1642784601473,0,0,0,0,0,0,0,0,0,0,0,0,0,0,0,0,0.0933708999472453,0,0,0,0,0,0,0,0,0,0,0,0,0,0,0,0,0,0,0,0,0,0,0,0,0.00282942121052258,0,0,0,0,0,0.00282942121052258,0,0,0,0,0,0,0,0,0.00282942121052258,0,0,0,0,0,0,0,0,0.00565884242104517,0,0,0,0,0,0,0,0,0,0,0,0,0,0,0,0.033953054526271,0,0,0,0,0,0,0,0,0.00282942121052258,0,0,0,0,0,0,0,0,0,0.00282942121052258,0,0,0,0,0,0,0,0,0,0,0,0,0,0,0,0.00848826363156775,0,0,0,0.00565884242104517,0,0,0,0,0.0735649514735872,0.00565884242104517,0,0,0,0,0,0,0,0,0,0.0311236333157484,0,0.0282942121052258,0,0,0,0,0,0,0,0,0,0,0,0,0,0,0,0,0,0,0,0,0,0,0,0,0,0,0,0,0,0,0,0,0,1.07518005999858,0,0,0.00565884242104517,0,0,0,0,0,0,0,0,0,0,0,0,0,0,0,0,0,0,0,0,0,0,0,0,0,0,0,0.311236333157484,0,0,0,0,0,0,0,0,0,0,0,0,0,0.0141471060526129,0,0,0,0,0,0,0,0,0,0.00565884242104517,0,0.0311236333157484,0,0,0,0,0,0,0,0,0,0,0.0169765272631355,0,0,0,0,0,0,0,0,0,0,0,0,0,0,0,0,0,0,0,0,0,0,0,0,0,0,0,0,0,0,0,0,0,0,0,0,0,0,0,0,0,0,0,0,0,0,0,0,0,0,0,0,0,0,0,0,0,0,0.033953054526271,0,0,0,0,0,0,0,0,0,0,0,0,0,0,0,0,0,0,0,0,0,0,0,0,0,0.00282942121052258,0,0,0,0,0,0,0,0,0.00565884242104517,0,0,0,0,0,0,0,0,0,0,0,0,0,0,0,0,0,0,0,0,0,0,0,0,0.00282942121052258,0,0,0,0.00565884242104517,0,0,0,0,0,0,0,0,1.04688584789336,0,0,0,0,0,0,0,0,0,11.3176848420903,0,0,0,0,0,0,0,0,0,0,0.0226353696841807,0.00565884242104517,0,0,0,0,0,0,0,0,0,0,0,0,0,0,0,0,0,0,0,0,0,0,0,0,0,0,0,0,0,0,0,0,0,0,0,0,0,0,0,0,0,0,0,0,0,0,0,0,0,0,0,0,0,0,0.00282942121052258,0,0,0,0,0.00848826363156775,0.0254647908947033,0.00282942121052258,0,0.00565884242104517,0,0.00565884242104517,0,0,0,0,0,0.00282942121052258,0,0,0,0,0,0,0,0,0,0,0,0,0.877120575262001,0,0,0,0,0,0,0,0,0,0,0,0,0,0,0,0,0,0,0,0,0.00282942121052258,0,0,0.00282942121052258,0,0,0,0,0,0,0,0,19.8059484736581,0,0,0,0,0,0,0,0,0,0,0,0,0,1.83912378683968,0,0,0,0,0,0,0,0,0,0,0,0,0,0,0,0,0,0,0,0,0,0,0,0,0,0,0,0,0,0,0,0,0,0.00565884242104517,0,0,0,0,0,0,0,0,0.00282942121052258,0,0,0,0,0,0,0,0,0,0.00282942121052258,0,0,0,0,0,0,0,0,0,0,0,0,0,0,0,0,0,0,0,0,0,0,0.067906109052542,0,0,0,0,0,0,0,0,0.00282942121052258,0,0,0,0,0,0,0,0,0,0,0.650766878420194,0,0,0,0,0,0,0,0.0169765272631355,0,0,0,0,0,0,0,0,0,0,0,0,0,0,0,0,0,0,0,0,0,0,0,0,0,0,0,0,0,0,0,0,0,10.3377623759209,0,0,0,0,0,0,0,0,0,0,0,0,0,0,0,0,0,0,0,0,0,0,0,0,0.173262437247561,0,0,0,0,0,0.0825883722538425,0,0,0,0,0,0,0,0,1.06764955544678,0,0,0,0,0,0,0,0,0.455595550362258,0,0,0,0,0,0,0,0,0,0,0,0,0,0,0,0.0802829343853045,0,0,0,0,0,0,0,0,0.202206012651322,0,0,0,0,0,0,0,0,0,0.643084087169323,0,0,0,0,0,0,0,0,0,0,0,0,0,0,0,2.67120228238484,0,0,0,0.0623187866655328,0,0,0,0,0.352647254095464,1.0561742715945,0,0,0,0,0,0,0,0,0,1.58181516895906,0,0.0197097481525003,0,0,0,0,0,0,0,0,0,0,0,0,0,0,0,0,0,0,0,0,0,0,0,0,0,0,0,0,0,0,0,0,0,2.51299288944379,0,0,0.79881527712458,0,0,0,0,0,0,0,0,0,0,0,0,0,0,0,0,0,0,0,0,0,0,0,0,0,0,0,0.283236380858153,0,0,0,0,0,0,0,0,0,0,0,0,0,0.0504373578986663,0,0,0,0,0,0,0,0,0,1.99076161136707,0,0.778135099872756,0,0,0,0,0,0,0,0,0,0,2.35056863450951,0,0,0,0,0,0,0,0,0,0,0,0,0,0,0,0,0,0,0,0,0,0,0,0,0,0,0,0,0,0,0,0,0,0,0,0,0,0,0,0,0,0,0,0,0,0,0,0,0,0,0,0,0,0,0,0,0,0,1.29988236254298,0,0,0,0,0,0,0,0,0,0,0,0,0,0,0,0,0,0,0,0,0,0,0,0,0,0.0650268900287142,0,0,0,0,0,0,0,0,0.870847465496151,0,0,0,0,0,0,0,0,0,0,0,0,0,0,0,0,0,0,0,0,0,0,0,0,0.000575968651397952,0,0,0,0.00540243409826541,0,0,0,0,0,0,0,0,2.91475032950528,0,0,0,0,0,0,0,0,0,6.94634224868136,0,0,0,0,0,0,0,0,0,0,9.89780434967614,1.1648575987934,0,0,0,0,0,0,0,0,0,0,0,0,0,0,0,0,0,0,0,0,0,0,0,0,0,0,0,0,0,0,0,0,0,0,0,0,0,0,0,0,0,0,0,0,0,0,0,0,0,0,0,0,0,0,0.0310176353076178,0,0,0,0,0.517115206351465,1.04275101753307,0.543613952039408,0,0.704364705094342,0,0.590586868411363,0,0,0,0,0,0.0622990679213183,0,0,0,0,0,0,0,0,0,0,0,0,4.14199443872323,0,0,0,0,0,0,0,0,0,0,0,0,0,0,0,0,0,0,0,0,0.831523886570187,0,0,0.179261529111996,0,0,0,0,0,0,0,0,13.811282049136,0,0,0,0,0,0,0,0,0,0,0,0,0,9.41334873243412,0,0,0,0,0,0,0,0,0,0,0,0,0,0,0,0,0,0,0,0,0,0,0,0,0,0,0,0,0,0,0,0,0,1.2263130280744,0,0,0,0,0,0,0,0,1.02533339531968,0,0,0,0,0,0,0,0,0,3.13894506482762,0,0,0,0,0,0,0,0,0,0,0,0,0,0,0,0,0,0,0,0,0,0,0.911759448020498,0,0,0,0,0,0,0,0,0.206264806247096,0,0,0,0,0,0,0,0,0,0,1.72794875392522,0,0,0,0,0,0,0,0.168131281882278,0,0,0,0,0,0,0,0,0,0,0,0,0,0,0,0,0,141.5139025,143.9303025,143.7335024,143.2230024,139.7616024,153.8297027,141.5881025,142.4765025,154.4469027,159.0938028,145.6020026,"JAR-00479"
"632",8708,"nSPC",2015,"PRIAs","Pacific Remote Island Areas","Jarvis","Jarvis",2015,"ForereefMid","Jarvis","2015-04-09","Forereef","Mid",-0.37937986,-159.97496009,10.15,12.5,0,1,25,57,4.5,0,0,NA,0.33,0.258003262661886,1.25,2,1,9.4190045746891,385.495986110877,38.6475225959118,19.2057984446423,452.76831172612,2.6669991264569,0,0,0,0,0,0,0,0,0,0,0,0,0,0,0,0,0.132982796894561,0,0,0,0,0,0,0,0,0,0,0,0,0,0,0,0,0,0,0,0,0,0,0,0,0.00848826363156775,0,0,0,0,0,0,0,0,0,0,0,0,0,0,0.00565884242104517,0,0,0,0,0,0,0,0,0.00282942121052258,0,0,0,0,0,0,0,0,0,0,0.00282942121052258,0,0,0,0,0.0565884242104517,0,0,0,0,0,0,0,0,0,0,0,0,0,0,0,0,0,0,0,0,0,0,0,0,0,0,0,0,0,0,0,0,0,0,0.00282942121052258,0,0,0,0.0141471060526129,0,0,0,0,0,0,0,0,0,0,0,0,0,0,0,0.0113176848420903,0,0,0,0,0,0,0,0,0,0,0,0,0,0,0,0,0,0,0,0,0,0,0,0,0,0,0,0,0,0,0,0,0,0,0,0,0,0,0,0,0,0,0,0,0,0,0,0,0,0,0,0,0,0,0,0,0,0,0,0,0,0,0,0,0,0,0.509295817894065,0,0,0,0,0,0,0,0,0.00565884242104517,0,0,0,0,0.0113176848420903,0,0,0,0,0,0,0,0,0,0.00848826363156775,0,0.0254647908947033,0,0,0,0.00282942121052258,0,0,0,0,0,0,0.0169765272631355,0,0,0,0,0,0,0,0,0,0,0,0,0,0,0,0,0,0,0,0,0,0,0,0,0,0,0,0,0,0,0,0,0,0,0,0,0,0,0,0,0,0,0,0,0,0,0,0,0,0,0,0,0,0,0,0,0,0,0.0113176848420903,0,0,0,0,0,0,0,0,0,0,0,0,0,0,0,0,0,0,0,0.0113176848420903,0,0,0,0,0,0.00565884242104517,0,0,0,0,0,0,0,0,0,0,0,0,0,0,0,0,0,0,0,0,0,0,0,0,0,0,0,0,0,0,0,0,0,0,0,0,0,0,0,0,0,0,0,0,0,0,2.97089227104871,0,0,0,0.00282942121052258,0,0,0,0,0,0,0.00282942121052258,0,0,0,0,0,0,0,0,0,0,0.0282942121052258,0,0,0,0,0,0,0,0,0.00282942121052258,0,0.00848826363156775,0,0,0,0,0,0,0,0,0,0,0,0,0,0,0,0,0,0,0,0,0,0,0,0,0,0,0,0,0,0,0,0,0,0,0,0,0,0,0,0,0,0,0,0,0,0,0,0,0,0,0.00565884242104517,0,0,0,0,0,0,0,0,0,0,0,0,0,0.00282942121052258,0,0.00282942121052258,0,0,0,0,0,0,0.24050080289442,0,0,0,0.00282942121052258,0,0,0,0,0,0,0,0,0,0,0,0,0,0,0,0,0.00282942121052258,0,0,0,0,0,0,0,0,0,0,0,3.81971863420549,0,0,0,0,0,0,0,0,0,0,0,0,0,1.5278874536822,0,0,0,0,0,0,0,0,0,0,0,0,0,0,0,0,0,0,0,0,0,0,0,0,0,0,0,0,0,0,0,0,0,0,0,0,0,0,0,0,0,0,0.00282942121052258,0,0,0,0,0,0,0,0,0,0.00282942121052258,0,0,0,0,0,0,0,0,0,0,0,0,0,0,0,0,0,0,0,0,0,0,0.135812218105084,0,0.00282942121052258,0,0,0,0,0,0,0.00282942121052258,0,0,0,0,0,0,0,0,0,0,0.0792237938946324,0,0,0,0,0,0,0,0.0424413181578388,0,0,0,0,0,0,0,0,0,0,0,0,0,0,0,0,0,0,0,0,0,0,0,0,0,0,0,0,0,0,0,0,0,21.9738867020538,0,0,0,0,0,0,0,0,0,0,0,0,0,0,0,0,0,0,0,0,0,0,0,0,0.3189847031425,0,0,0,0,0,0,0,0,0,0,0,0,0,0,2.36557297082254,0,0,0,0,0,0,0,0,0.302549411351547,0,0,0,0,0,0,0,0,0,0,2.91618141396069,0,0,0,0,0.133804890642174,0,0,0,0,0,0,0,0,0,0,0,0,0,0,0,0,0,0,0,0,0,0,0,0,0,0,0,0,0,0,0,0,0,0,1.178205719604,0,0,0,0.12184660190038,0,0,0,0,0,0,0,0,0,0,0,0,0,0,0,0.744304226534071,0,0,0,0,0,0,0,0,0,0,0,0,0,0,0,0,0,0,0,0,0,0,0,0,0,0,0,0,0,0,0,0,0,0,0,0,0,0,0,0,0,0,0,0,0,0,0,0,0,0,0,0,0,0,0,0,0,0,0,0,0,0,0,0,0,0,0.692396152690613,0,0,0,0,0,0,0,0,0.0183544595336077,0,0,0,0,0.0234487526777128,0,0,0,0,0,0,0,0,0,9.26504285991696,0,0.604262810975572,0,0,0,0.211536300904421,0,0,0,0,0,0,4.01633384625545,0,0,0,0,0,0,0,0,0,0,0,0,0,0,0,0,0,0,0,0,0,0,0,0,0,0,0,0,0,0,0,0,0,0,0,0,0,0,0,0,0,0,0,0,0,0,0,0,0,0,0,0,0,0,0,0,0,0,0.620692383105666,0,0,0,0,0,0,0,0,0,0,0,0,0,0,0,0,0,0,0,1.19780641149954,0,0,0,0,0,0.100174526190068,0,0,0,0,0,0,0,0,0,0,0,0,0,0,0,0,0,0,0,0,0,0,0,0,0,0,0,0,0,0,0,0,0,0,0,0,0,0,0,0,0,0,0,0,0,0,4.10132668315699,0,0,0,4.44660902460953,0,0,0,0,0,0,371.220062820563,0,0,0,0,0,0,0,0,0,0,8.35830983794244,0,0,0,0,0,0,0,0,0.492860277831265,0,1.07750391149484,0,0,0,0,0,0,0,0,0,0,0,0,0,0,0,0,0,0,0,0,0,0,0,0,0,0,0,0,0,0,0,0,0,0,0,0,0,0,0,0,0,0,0,0,0,0,0,0,0,0,0.684312633118956,0,0,0,0,0,0,0,0,0,0,0,0,0,0.0323698521090901,0,0.301050416799603,0,0,0,0,0,0,1.80207379794773,0,0,0,0.0131636797672621,0,0,0,0,0,0,0,0,0,0,0,0,0,0,0,0,0.38366612084141,0,0,0,0,0,0,0,0,0,0,0,4.24785108996511,0,0,0,0,0,0,0,0,0,0,0,0,0,4.18762357570815,0,0,0,0,0,0,0,0,0,0,0,0,0,0,0,0,0,0,0,0,0,0,0,0,0,0,0,0,0,0,0,0,0,0,0,0,0,0,0,0,0,0,1.1617565495922,0,0,0,0,0,0,0,0,0,1.50524257686471,0,0,0,0,0,0,0,0,0,0,0,0,0,0,0,0,0,0,0,0,0,0,1.51014648130286,0,0.0249319482703874,0,0,0,0,0,0,0.0813447280340401,0,0,0,0,0,0,0,0,0,0,0.0940782552498759,0,0,0,0,0,0,0,0.23664232118963,0,0,0,0,0,0,0,0,0,0,0,0,0,0,0,0,0,140.1739025,135.4789023,138.5604024,136.5657023,137.1347023,150.9501027,135.9340024,137.6732024,150.2898027,154.5838027,143.7737025,"JAR-00482"
"633",8709,"nSPC",2015,"PRIAs","Pacific Remote Island Areas","Jarvis","Jarvis",2015,"ForereefShallow","Jarvis","2015-04-09","Forereef","Shallow",-0.37598653,-159.97763677,5.9,14,0,6.5,47.5,32,0,0,0,NA,0.3225,0.167568095160263,0.6,2,1,10.8398652758789,38.5880856832111,11.4390616989398,9.36996573263961,70.2369783906694,3.11260087142741,0,0,0,0,0,0,0,0,0,0,0,0,0,0,0,0,0.0763943726841098,0,0,0,0,0,0,0,0,0,0,0,0,0,0,0,0,0,0,0,0,0,0,0,0,0.00282942121052258,0,0,0,0,0,0,0,0,0,0,0,0,0,0,0,0,0,0,0,0,0,0,0,0.00282942121052258,0,0,0,0,0,0,0,0,0,0,0,0,0,0,0,0,0,0,0,0,0,0,0,0,0,0,0,0,0,0,0,0,0,0,0.00282942121052258,0,0,0,0,0,0,0,0,0,0,0,0,0,0,0,0.00565884242104517,0,0,0,0.00565884242104517,0,0,0,0,0,0,0,0,0,0,0,0,0,0,0,0.00848826363156775,0,0,0,0,0,0,0,0,0,0,0,0,0,0,0,0,0,0,0,0,0,0,0,0,0,0,0,0,0,0,0,0,0,0,0.00282942121052258,0,0,0,0,0,0,0,0,0,0,0,0,0,0,0,0,0,0,0,0,0,0,0,0,0.00282942121052258,0,0,0,0,0,0,0.899755944946182,0,0,0,0,0,0,0,0,0.033953054526271,0,0,0,0,0.0113176848420903,0,0,0,0,0,0,0,0,0,0.00282942121052258,0,0,0,0,0,0,0,0,0,0,0,0,0.00282942121052258,0,0,0,0,0,0,0,0,0,0,0,0,0,0,0,0,0,0,0,0,0,0,0,0,0,0,0,0,0,0,0,0,0,0,0,0,0,0,0,0,0,0,0,0,0,0,0,0,0,0,0,0,0,0,0,0,0,0,0.0254647908947033,0,0,0,0,0,0,0,0,0,0,0,0,0,0,0,0,0,0,0,0.00282942121052258,0,0,0,0,0,0,0,0,0,0,0,0,0,0,0.00282942121052258,0,0,0,0,0,0,0,0,0,0,0,0,0,0,0,0,0,0,0,0,0,0,0,0,0,0,0,0,0,0,0,0,0,0,0,0,0,0.396118969473162,0,0,0,0.00282942121052258,0,0,0,0,0,0,0,0,0,0,0,0,0,0,0,0,0.0594178454209743,0.00282942121052258,0,0,0,0,0,0,0,0,0,0,0,0,0,0,0,0,0,0,0,0,0,0,0,0,0,0,0,0,0,0,0,0,0,0,0,0,0,0,0,0,0,0,0,0,0,0,0,0,0,0,0,0,0,0,0,0,0,0,0,0,0,0.00565884242104517,0,0,0,0,0,0,0,0,0,0,0,0,0,0,0,0,0,0,0,0,0,0,0.384801284631071,0,0,0,0,0,0,0,0,0,0,0.067906109052542,0,0,0,0,0,0,0,0,0,0,0,0,0,0,0,0,0,0,0,0,0,1.69765272631355,0,0,0,0,0,0,0,0,0,0,0,0,0,3.53677651315323,0,0,0,0.0226353696841807,0,0,0,0,0,0,0,0,0,0,0.138641639315607,0,0,0,0,0,0,0,0,0,0,0,0,0,0,0,0,0,0,0,0,0,0,0,0,0,0,0,0.00565884242104517,0,0,0,0,0,0,0,0,0,0.00282942121052258,0,0,0,0,0,0,0,0,0,0,0,0,0,0,0,0,0,0,0,0,0,0,0.0282942121052258,0,0.00565884242104517,0,0,0,0,0,0,0,0,0,0,0,0,0,0,0,0,0,0.067906109052542,0,0,0,0,0,0,0.00282942121052258,0.186741799894491,0,0,0,0,0,0,0,0,0,0,0,0,0,0,0.00282942121052258,0.00565884242104517,0,0,0,0,0,0,0,0,0,0,0,0,0,0,0,0,0,6.10840352943302,0,0,0,0,0,0,0,0,0,0,0,0,0,0,0,0,0,0,0,0,0,0,0,0,0.121687747422155,0,0,0,0,0,0,0,0,0,0,0,0,0,0,0,0,0,0,0,0,0,0,0,0.302549411351547,0,0,0,0,0,0,0,0,0,0,0,0,0,0,0,0,0,0,0,0,0,0,0,0,0,0,0,0,0,0,0,0,0,0,0.643084087169323,0,0,0,0,0,0,0,0,0,0,0,0,0,0,0,3.23372070814669,0,0,0,0.0506087762480694,0,0,0,0,0,0,0,0,0,0,0,0,0,0,0,0.534024021539241,0,0,0,0,0,0,0,0,0,0,0,0,0,0,0,0,0,0,0,0,0,0,0,0,0,0,0,0,0,0,0,0,0,0,0.27473509157586,0,0,0,0,0,0,0,0,0,0,0,0,0,0,0,0,0,0,0,0,0,0,0,0,0.979680883165817,0,0,0,0,0,0,1.32361908704124,0,0,0,0,0,0,0,0,0.182253114924039,0,0,0,0,0.040349886318933,0,0,0,0,0,0,0,0,0,0.56674907181873,0,0,0,0,0,0,0,0,0,0,0,0,0.274258411104502,0,0,0,0,0,0,0,0,0,0,0,0,0,0,0,0,0,0,0,0,0,0,0,0,0,0,0,0,0,0,0,0,0,0,0,0,0,0,0,0,0,0,0,0,0,0,0,0,0,0,0,0,0,0,0,0,0,0,0.722620017637963,0,0,0,0,0,0,0,0,0,0,0,0,0,0,0,0,0,0,0,0.109390817412507,0,0,0,0,0,0,0,0,0,0,0,0,0,0,0.282170254946028,0,0,0,0,0,0,0,0,0,0,0,0,0,0,0,0,0,0,0,0,0,0,0,0,0,0,0,0,0,0,0,0,0,0,0,0,0,0.532100669908756,0,0,0,6.13740939183666,0,0,0,0,0,0,0,0,0,0,0,0,0,0,0,0,20.3668786461233,0.575196051615958,0,0,0,0,0,0,0,0,0,0,0,0,0,0,0,0,0,0,0,0,0,0,0,0,0,0,0,0,0,0,0,0,0,0,0,0,0,0,0,0,0,0,0,0,0,0,0,0,0,0,0,0,0,0,0,0,0,0,0,0,0,0.934711154356269,0,0,0,0,0,0,0,0,0,0,0,0,0,0,0,0,0,0,0,0,0,0,2.76518782160039,0,0,0,0,0,0,0,0,0,0,0.31592831441429,0,0,0,0,0,0,0,0,0,0,0,0,0,0,0,0,0,0,0,0,0,1.0419513373022,0,0,0,0,0,0,0,0,0,0,0,0,0,7.02125745146445,0,0,0,0.0248283940185314,0,0,0,0,0,0,0,0,0,0,8.21129272103818,0,0,0,0,0,0,0,0,0,0,0,0,0,0,0,0,0,0,0,0,0,0,0,0,0,0,0,2.80507707206649,0,0,0,0,0,0,0,0,0,0.30752379936092,0,0,0,0,0,0,0,0,0,0,0,0,0,0,0,0,0,0,0,0,0,0,0.259937807229776,0,0.0576551884730157,0,0,0,0,0,0,0,0,0,0,0,0,0,0,0,0,0,0.033330581859956,0,0,0,0,0,0,1.01305049728944,1.34162863598834,0,0,0,0,0,0,0,0,0,0,0,0,0,0,0.387627671435247,0.354500266031522,0,138.5778024,135.7496023,137.7459023,137.3474023,135.8456023,150.4052026,136.0910024,136.6673024,148.1027026,153.5854027,143.0443025,"JAR-00528"
"634",8719,"nSPC",2015,"PRIAs","Pacific Remote Island Areas","Jarvis","Jarvis",2015,"ForereefDeep","Jarvis","2015-04-10","Forereef","Deep",-0.36716357,-159.97937811,15.4,35,0,10,20,33.5,1.5,0,0,NA,0.38125,0.297887244807618,1.05,2,1,59.7015713232729,104.95814197223,21.8815722500218,22.5321001647342,209.073385710259,8.57503907820924,0,0,0,0,0,0,0,0,0,0,0,0,0,0,0,0,0.00565884242104517,0,0,0,0,0,0,0,0,0.00565884242104517,0,0.00565884242104517,0,0,0,0,0,0,0,0,0,0,0,0,0,0,0,0,0,0,0,0,0,0,0,0,0.0226353696841807,0,0,0,0.0113176848420903,0.00565884242104517,0,0,0,0,0,0,0,0,0,0,0,0,0,0,0,0,0,0,0.00848826363156775,0,0,0,0,0,0,0,0,0,0,0,0,0,0.00565884242104517,0,0,0,0,0,0,0,0,0,0,0,0,0,0,0,0,0,0,0,0,0,0,0,0,0,0,0,0,0,0.0282942121052258,0,0,0,0,0.124494533262994,0.0565884242104517,0,0,0,0,0,0,0,0,0,0.0367824757367936,0,0,0,0,0,0,0,0,0,0,0,0,0,0,0,0,0,0,0,0,0,0,0,0,0,0,0,0,0,0,0,0,0,0,0,1.24494533262994,0,0,0.00565884242104517,0,0,0,0,0,0,0,0,0,0,0,0,0,0,0,0,0,0,0,0,0,0,0,0,0,0,0,0,0,0,0,0,0,0,0,0,0,0,0,0,0,0,0,0,0,0,0,0,0,0,0,0.00565884242104517,0,0,0,0,0,0,0,0,0,0.00848826363156775,0.00565884242104517,0,0.0311236333157484,0,0,0,0,0,0,0,0,0,0,0,0,0,0,0,0,0,0,0,0,0,0,0,0,0,0,0,0,0,0,0,0,0,0,0,0,0,0,0,0.00848826363156775,0,0,0,0,0,0,0,0,0,0,0,0,0,0,0,0,0,0,0.0113176848420903,0,0.00565884242104517,0,0,0,0,0,0,0,0,0,0,0,0,0,0,0,0,0,0,0,0,0,0,0,0.00848826363156775,0,0,0,0,0,0,0,0,0.00282942121052258,0,0,0,0,0,0,0,0,0,0,0,0,0,0,0,0,0,0,0,0,0,0,0,0.00282942121052258,0.00848826363156775,0,0,0,0.00565884242104517,0,0,0,0,0,0,0,0,1.41471060526129,0,0,0,0.00565884242104517,0,0,0.00282942121052258,0,0,14.1471060526129,0,0,0,0,0,0,0,0,0,0,0,0.00565884242104517,0.00282942121052258,0,0,0,0,0,0,0,0,0,0,0,0,0,0.198059484736581,0,0,0,0,0,0,0,0.00848826363156775,0,0,0,0,0,0,0,0.00848826363156775,0,0,0,0,0,0,0,0,0,0,0,0,0,0,0,0.00282942121052258,0,0,0,0,0,0,0,0,0,0,0,0,0,0.00565884242104517,0.00282942121052258,0,0.0141471060526129,0,0,0,0,0,0,0,0.00565884242104517,0,0,0,0,0,0,0,0,0,0,0,0,0,0,0,0,0,0.0565884242104517,0,0,0,0,0,0,0,0,0,0,0,0,0,0,0,0.00848826363156775,0,0,0,0,0,0,0,0,0,0,0,15.5618166578742,0,0,0,0,0,0,0,0.0113176848420903,0,0,0,0,0.0424413181578388,0,0,0,0,0,0,0,0,0,0,0,0,0,0,0,0,0,0,0,0,0,0,0,0,0,0,0,0,0,0,0,0,0,0,0.0141471060526129,0,0,0,0,0,0,0,0,0,0,0,0,0,0,0,0,0,0,0.00848826363156775,0,0,0,0,0.00282942121052258,0,0,0,0,0,0,0,0,0,0,0,0,0,0,0,0,0,0,0,0,0,0,0,0,0,0,0,0,0,0,0,0,0,0,0,0,0,0,0,0,0,0,0,0,0,0,0,0,0,0,0,0,0.00565884242104517,0,0,0,0,0,0,0,0,0,0,0,0,0,0,0,0,0,0,0,0,0,0,0,0,0,0,0.434328302368032,0,0,0,0,0,0,0,0,0.465152602878097,0,7.49872885971414,0,0,0,0,0,0,0,0,0,0,0,0,0,0,0,0,0,0,0,0,0,0,0,0,0.0469108380818398,0,0,0,3.57410223776244,0.663249754417801,0,0,0,0,0,0,0,0,0,0,0,0,0,0,0,0,0,0,0.936891441091874,0,0,0,0,0,0,0,0,0,0,0,0,0,0.264737591348151,0,0,0,0,0,0,0,0,0,0,0,0,0,0,0,0,0,0,0,0,0,0,0,0,0,0,0,0,0,0.112077577347126,0,0,0,0,0.301563306120774,11.735250873289,0,0,0,0,0,0,0,0,0,2.14416738486462,0,0,0,0,0,0,0,0,0,0,0,0,0,0,0,0,0,0,0,0,0,0,0,0,0,0,0,0,0,0,0,0,0,0,0,2.69512556218634,0,0,0.447063356309831,0,0,0,0,0,0,0,0,0,0,0,0,0,0,0,0,0,0,0,0,0,0,0,0,0,0,0,0,0,0,0,0,0,0,0,0,0,0,0,0,0,0,0,0,0,0,0,0,0,0,0,6.23783266714379,0,0,0,0,0,0,0,0,0,0.501012837937231,0.517726982853436,0,2.77623770667839,0,0,0,0,0,0,0,0,0,0,0,0,0,0,0,0,0,0,0,0,0,0,0,0,0,0,0,0,0,0,0,0,0,0,0,0,0,0,0,5.96620946169191,0,0,0,0,0,0,0,0,0,0,0,0,0,0,0,0,0,0,0.709370431168029,0,2.62671285849001,0,0,0,0,0,0,0,0,0,0,0,0,0,0,0,0,0,0,0,0,0,0,0,0.0945298308750753,0,0,0,0,0,0,0,0,2.07442552825976,0,0,0,0,0,0,0,0,0,0,0,0,0,0,0,0,0,0,0,0,0,0,0,0.0174192156537166,0.0385271011692509,0,0,0,0.0075167372981692,0,0,0,0,0,0,0,0,1.68367397082296,0,0,0,25.3913786282515,0,0,0.460756935916457,0,0,6.67500075459225,0,0,0,0,0,0,0,0,0,0,0,1.1648575987934,2.71758932289062,0,0,0,0,0,0,0,0,0,0,0,0,0,44.9512119401787,0,0,0,0,0,0,0,14.802194936533,0,0,0,0,0,0,0,23.6128031603639,0,0,0,0,0,0,0,0,0,0,0,0,0,0,0,0.272803799051074,0,0,0,0,0,0,0,0,0,0,0,0,0,0.167832515409453,0.463095091867528,0,1.68541192033558,0,0,0,0,0,0,0,0.0896407867368694,0,0,0,0,0,0,0,0,0,0,0,0,0,0,0,0,0,0.240583026581916,0,0,0,0,0,0,0,0,0,0,0,0,0,0,0,2.36650073803747,0,0,0,0,0,0,0,0,0,0,0,10.0260682065928,0,0,0,0,0,0,0,0.0236256671078636,0,0,0,0,0.194709760949648,0,0,0,0,0,0,0,0,0,0,0,0,0,0,0,0,0,0,0,0,0,0,0,0,0,0,0,0,0,0,0,0,0,0,2.98891455239126,0,0,0,0,0,0,0,0,0,0,0,0,0,0,0,0,0,0,6.74306622776274,0,0,0,0,1.8319728504465,0,0,0,0,0,0,0,0,0,0,0,0,0,0,0,0,0,0,0,0,0,0,0,0,0,0,0,0,0,0,0,0,0,0,0,0,0,0,0,0,0,0,0,0,0,0,0,0,0,0,0,0,7.63282227164631,0,0,0,0,0,0,0,0,0,0,138.4139024,140.9664024,138.7713023,138.7996024,137.7800023,151.5538026,138.6737024,139.5303024,149.4910026,156.5259028,140.1612025,"JAR-00428"
"635",8720,"nSPC",2015,"PRIAs","Pacific Remote Island Areas","Jarvis","Jarvis",2015,"ForereefShallow","Jarvis","2015-04-10","Forereef","Shallow",-0.36843376,-159.98321224,5.35,15,0,17.5,40,27.5,0,0,0,NA,0.4125,0.311435501390963,1.15,2,1,3.87858793620539,7.21643466032516,4.93818467083854,7.08489087673877,23.1180981441079,3.53483925065474,0,0,0,0,0,0,0,0,0,0,0,0,0,0,0,0,0.00282942121052258,0,0,0,0,0,0,0,0,0,0,0,0,0,0,0,0,0,0,0,0,0,0,0,0,0,0,0,0,0,0,0,0,0,0,0,0,0,0,0,0,0,0,0,0,0,0,0,0,0,0,0,0,0,0,0,0,0,0,0,0.00282942121052258,0,0,0,0,0.033953054526271,0,0,0,0,0,0,0,0,0,0,0,0,0,0,0,0,0,0,0,0,0,0,0,0,0,0,0,0,0,0,0,0,0,0,0.00282942121052258,0,0,0,0,0,0,0,0,0,0,0,0,0,0,0,0,0,0,0,0.0169765272631355,0,0,0,0,0,0,0,0,0,0,0,0,0,0,0,0,0,0,0,0,0,0,0,0,0,0,0,0,0,0,0,0,0,0,0,0.0396118969473162,0,0,0,0,0,0,0,0,0,0,0,0,0,0,0,0,0,0,0,0,0,0,0,0.00565884242104517,0,0,0,0,0,0,1.69765272631355,0,0,0,0,0,0,0,0,0.00565884242104517,0,0,0,0,0.0113176848420903,0,0,0,0,0,0,0,0,0,0.00282942121052258,0,0,0,0,0,0,0,0,0,0,0,0,0,0,0,0,0,0,0,0,0,0,0,0,0,0,0,0,0,0,0,0,0,0,0,0,0,0,0,0,0,0,0,0,0,0,0,0,0,0,0,0,0,0,0,0,0,0,0,0,0,0,0,0,0,0,0,0,0,0,0,0.0113176848420903,0,0,0,0,0,0,0,0,0,0,0,0,0,0,0,0,0,0,0,0,0,0,0,0,0,0,0,0,0,0,0,0,0,0,0,0,0,0,0,0,0,0,0,0,0,0,0,0,0,0,0,0,0,0,0,0,0,0,0,0,0,0,0,0.00282942121052258,0,0,0,0,0,0,0,0,0,0,0,0,0,0,0,0,0,0,0,0,0,0,0,0,0,0,0,0,0,0.00282942121052258,0.00565884242104517,0,0,0,0,0,0,0,0,0,0,0,0,0,0,0,0,0,0,0,0,0,0,0,0,0,0,0,0,0,0,0,0,0,0,0,0,0,0,0,0,0,0,0,0,0,0,0,0,0,0,0,0,0,0,0,0,0,0,0,0,0,0,0,0,0,0,0,0,0,0,0,0,0,0,0,0,0,0,0,0,0,0,0,0,0.32821286042062,0,0,0,0,0,0,0,0,0,0,0.0169765272631355,0,0,0,0,0,0,0,0,0,0,0,0,0,0,0,0,0,0,0,0,0,0,0,0,0,0,0,0,0,0,0,0,0,0.00282942121052258,0,1.92400642315536,0,0,0,0.0226353696841807,0,0,0,0,0,0,0,0,0,0,0,0,0,0,0,0,0,0,0,0,0,0,0,0,0,0,0,0,0,0,0,0,0,0,0,0,0,0,0.00282942121052258,0,0,0,0,0,0,0,0,0,0.00282942121052258,0,0,0,0,0,0,0,0,0,0,0,0,0,0,0,0,0,0,0,0,0,0,0.15278874536822,0,0,0,0,0,0,0,0,0,0,0,0,0,0,0,0,0,0,0,0.418754339157342,0,0,0,0,0,0,0,0.135812218105084,0,0,0,0,0,0,0.00282942121052258,0,0,0,0,0,0,0,0,0,0,0,0,0,0,0,0,0,0,0,0,0,0,0,0,0,0,0.261071808710051,0,0,0,0,0,0,0,0,0,0,0,0,0,0,0,0,0,0,0,0,0,0,0,0,0,0,0,0,0,0,0,0,0,0,0,0,0,0,0,0,0,0,0,0,0,0,0,0,0,0,0,0,0,0,0,0,0,0,0,0.312297147030625,0,0,0,0,0.0165102872421872,0,0,0,0,0,0,0,0,0,0,0,0,0,0,0,0,0,0,0,0,0,0,0,0,0,0,0,0,0,0,0,0,0,0,1.31235695922621,0,0,0,0,0,0,0,0,0,0,0,0,0,0,0,0,0,0,0,1.24450179670344,0,0,0,0,0,0,0,0,0,0,0,0,0,0,0,0,0,0,0,0,0,0,0,0,0,0,0,0,0,0,0,0,0,0,0,0.127748367655095,0,0,0,0,0,0,0,0,0,0,0,0,0,0,0,0,0,0,0,0,0,0,0,1.63579005111176,0,0,0,0,0,0,2.2994706177917,0,0,0,0,0,0,0,0,0.0303755191540065,0,0,0,0,0.040349886318933,0,0,0,0,0,0,0,0,0,1.83302631167601,0,0,0,0,0,0,0,0,0,0,0,0,0,0,0,0,0,0,0,0,0,0,0,0,0,0,0,0,0,0,0,0,0,0,0,0,0,0,0,0,0,0,0,0,0,0,0,0,0,0,0,0,0,0,0,0,0,0,0,0,0,0,0,0,0,0,0,0,0,0,0,0.244163227695195,0,0,0,0,0,0,0,0,0,0,0,0,0,0,0,0,0,0,0,0,0,0,0,0,0,0,0,0,0,0,0,0,0,0,0,0,0,0,0,0,0,0,0,0,0,0,0,0,0,0,0,0,0,0,0,0,0,0,0,0,0,0,0,0.00133124451352279,0,0,0,0,0,0,0,0,0,0,0,0,0,0,0,0,0,0,0,0,0,0,0,0,0,0,0,0,0,1.52547252215334,0.397594008072482,0,0,0,0,0,0,0,0,0,0,0,0,0,0,0,0,0,0,0,0,0,0,0,0,0,0,0,0,0,0,0,0,0,0,0,0,0,0,0,0,0,0,0,0,0,0,0,0,0,0,0,0,0,0,0,0,0,0,0,0,0,0,0,0,0,0,0,0,0,0,0,0,0,0,0,0,0,0,0,0,0,0,0,0,1.94262425008116,0,0,0,0,0,0,0,0,0,0,0.0433255130327503,0,0,0,0,0,0,0,0,0,0,0,0,0,0,0,0,0,0,0,0,0,0,0,0,0,0,0,0,0,0,0,0,0,0.137248467199058,0,2.56344522682524,0,0,0,0.0248283940185314,0,0,0,0,0,0,0,0,0,0,0,0,0,0,0,0,0,0,0,0,0,0,0,0,0,0,0,0,0,0,0,0,0,0,0,0,0,0,2.02959667379003,0,0,0,0,0,0,0,0,0,1.50524257686471,0,0,0,0,0,0,0,0,0,0,0,0,0,0,0,0,0,0,0,0,0,0,0.701354090368518,0,0,0,0,0,0,0,0,0,0,0,0,0,0,0,0,0,0,0,0.683787638657598,0,0,0,0,0,0,0,0.882856377939972,0,0,0,0,0,0,1.32172918027574,0,0,0,0,0,0,0,0,0,0,115.968502,116.460902,115.9650019,116.256502,103.7914018,121.9000021,110.4483019,109.725802,116.9415021,118.4016021,116.949502,"JAR-00538"
"636",8721,"nSPC",2015,"PRIAs","Pacific Remote Island Areas","Jarvis","Jarvis",2015,"ForereefMid","Jarvis","2015-04-10","Forereef","Mid",-0.37300902,-159.98093479,7.45,25,0,7.5,47.5,20,0,0,0,NA,0.7575,0.454306202676622,2.15,2,1,49.4479562579493,15.2040450773096,7.87928784757287,26.5122755878731,99.0435647707049,1.1617565495922,0,0,0,0,0,0,0,0,0,0,0,0,0,0,0,0,0.0169765272631355,0,0,0,0,0,0,0,0,0,0,0,0,0,0,0,0,0,0,0,0,0,0,0,0,0,0,0,0,0,0,0,0,0,0,0,0,0,0,0,0.00282942121052258,0,0,0,0,0,0,0,0,0,0,0,0,0,0,0,0,0,0,0,0,0,0,0,0,0.0565884242104517,0,0,0,0,0,0,0,0,0,0,0,0,0,0,0,0,0,0,0.00848826363156775,0,0,0,0,0,0,0,0,0,0,0,0,0,0,0,0.00565884242104517,0,0,0,0.00282942121052258,0,0,0,0,0,0,0,0,0,0,0,0,0,0,0,0.0226353696841807,0,0,0,0,0,0,0,0,0,0,0,0,0,0,0,0,0,0,0,0,0,0,0,0,0,0,0,0,0,0,0,0,0,0,0,0.464025078525704,0,0,0,0,0,0,0,0,0,0,0,0,0,0,0,0,0,0,0,0,0,0,0,0.00282942121052258,0,0,0,0,0,0,1.754241150524,0,0,0,0,0,0,0,0,0.0198059484736581,0,0,0,0,0,0,0,0,0,0,0,0,0,0,0.00565884242104517,0,0,0,0,0,0,0,0,0,0,0,0,0.0311236333157484,0,0,0,0,0,0,0,0,0,0,0,0,0,0,0,0,0,0,0,0,0,0,0,0,0,0,0,0,0,0,0,0,0,0,0,0,0,0,0,0,0,0,0.00282942121052258,0,0,0,0,0,0,0,0,0,0,0,0,0,0,0,0.00565884242104517,0,0,0,0,0,0,0,0,0,0,0,0,0,0,0,0,0,0,0,0.00282942121052258,0,0,0,0,0,0,0,0,0,0,0,0,0,0,0.00565884242104517,0,0,0,0,0,0,0,0,0,0,0,0,0,0,0,0,0,0,0,0,0,0,0,0,0.00848826363156775,0,0,0,0.00848826363156775,0,0,0,0,0,0,0,0,0.141471060526129,0,0,0,0.0198059484736581,0,0,0.00282942121052258,0,0,0,0,0,0,0,0,0,0,0,0,0,0,0,0.00282942121052258,0,0,0,0,0,0,0.0198059484736581,0,0,0,0,0,0,0.0113176848420903,0,0,0,0,0,0,0,0,0,0,0,0,0,0,0,0,0,0,0,0,0,0,0,0,0,0,0,0,0,0,0,0.00282942121052258,0,0,0,0,0,0,0,0,0,0,0,0,0,0,0,0,0,0,0,0,0,0,0,0,0,0,0,0,0,0,0.0848826363156775,0,0,0,0,0,0,0.33953054526271,0,0,0,0,0,0,0,0,0,0,0,0,0,0,0,0,0,0,0,0,0.00282942121052258,0,0,0,0,0,0,0,0,0,0,0,0,0,0,0,0,0,0.00282942121052258,0,0,0,0,0,0,0,0.452707393683613,0,0,0,0,0,0,0,0,0,0,0,0,0,0,0,0,0,0,0,0,0,0,0,0,0,0,0,0,0,0,0,0,0,0,0,0,0,0,0,0,0,0,0.00282942121052258,0,0,0,0,0,0,0,0,0,0,0,0,0,0,0,0,0,0,0,0,0,0,0,0,0,0,0,0,0,0,0,0,0.0424413181578388,0,0,0,0,0,0,0,0,0,0,0,0,0,0,0,0,0,0,0,0.0141471060526129,0,0,0,0.00565884242104517,0,0,0,0.0311236333157484,0,0,0,0,0,0,0,0,0,0,0,0,0,0,0.00848826363156775,0,0,0,0,0,0,0,0,0,0,0,0,0,0,0,0,0,0,0.441259710007251,0,0,0,0,0,0,0,0,0,0,0,0,0,0,0,0,0,0,0,0,0,0,0,0,0,0,0,0,0,0,0,0,0,0,0,0,0,0,0,0.464201917351361,0,0,0,0,0,0,0,0,0,0,0,0,0,0,0,0,0,0,0,0,0,0,0,0,0.099756158110674,0,0,0,0,0,0,0,0,0,0,0,0,0,0,0,0,0,0,1.83881533619805,0,0,0,0,0,0,0,0,0,0,0,0,0,0,0,5.74955676246541,0,0,0,0.00804255019459387,0,0,0,0,0,0,0,0,0,0,0,0,0,0,0,1.55080469803166,0,0,0,0,0,0,0,0,0,0,0,0,0,0,0,0,0,0,0,0,0,0,0,0,0,0,0,0,0,0,0,0,0,0,0,0.902414469115589,0,0,0,0,0,0,0,0,0,0,0,0,0,0,0,0,0,0,0,0,0,0,0,1.84917208553301,0,0,0,0,0,0,2.19435196097837,0,0,0,0,0,0,0,0,0.0702511381778263,0,0,0,0,0,0,0,0,0,0,0,0,0,0,5.84127511207429,0,0,0,0,0,0,0,0,0,0,0,0,4.91824974262016,0,0,0,0,0,0,0,0,0,0,0,0,0,0,0,0,0,0,0,0,0,0,0,0,0,0,0,0,0,0,0,0,0,0,0,0,0,0,0,0,0,0,3.12407758427315,0,0,0,0,0,0,0,0,0,0,0,0,0,0,0,0.105436829888407,0,0,0,0,0,0,0,0,0,0,0,0,0,0,0,0,0,0,0,0.378899895341629,0,0,0,0,0,0,0,0,0,0,0,0,0,0,1.44917069206849,0,0,0,0,0,0,0,0,0,0,0,0,0,0,0,0,0,0,0,0,0,0,0,0,0.0619104582203769,0,0,0,0.0276923667527769,0,0,0,0,0,0,0,0,0.169588433805697,0,0,0,38.5593152958277,0,0,0.697805558122743,0,0,0,0,0,0,0,0,0,0,0,0,0,0,0,3.17327869517181,0,0,0,0,0,0,3.29489148305799,0,0,0,0,0,0,1.64725160862081,0,0,0,0,0,0,0,0,0,0,0,0,0,0,0,0,0,0,0,0,0,0,0,0,0,0,0,0,0,0,0,0.325362500833907,0,0,0,0,0,0,0,0,0,0,0,0,0,0,0,0,0,0,0,0,0,0,0,0,0,0,0,0,0,0,5.51324917675743,0,0,0,0,0,0,2.50948725862258,0,0,0,0,0,0,0,0,0,0,0,0,0,0,0,0,0,0,0,0,0.624736203283387,0,0,0,0,0,0,0,0,0,0,0,0,0,0,0,0,0,7.46577183464558,0,0,0,0,0,0,0,1.10984488224428,0,0,0,0,0,0,0,0,0,0,0,0,0,0,0,0,0,0,0,0,0,0,0,0,0,0,0,0,0,0,0,0,0,0,0,0,0,0,0,0,0,0,1.1617565495922,0,0,0,0,0,0,0,0,0,0,0,0,0,0,0,0,0,0,0,0,0,0,0,0,0,0,0,0,0,0,0,0,0.235880084775218,0,0,0,0,0,0,0,0,0,0,0,0,0,0,0,0,0,0,0,0.0118807396629843,0,0,0,0.260816164955829,0,0,0,0.0932096229382455,0,0,0,0,0,0,0,0,0,0,0,0,0,0,1.11409921038345,0,0,134.7960024,132.9332023,132.2932022,130.8835022,132.8656023,146.2747026,133.0961023,132.2426023,141.9283025,149.4827026,137.8139024,"JAR-00488"
"637",8722,"nSPC",2015,"PRIAs","Pacific Remote Island Areas","Jarvis","Jarvis",2015,"ForereefShallow","Jarvis","2015-04-10","Forereef","Shallow",-0.37527264,-159.97958262,5.05,7.5,0,20,35,37.5,0,0,0,NA,0.33,0.284149313216426,1.25,2,1,4.30855252079902,8.21117440830173,10.9151867622453,5.36186472455378,28.7967784158998,3.69080878352796,0,0,0,0,0,0.0254647908947033,0,0,0,0,0,0,0,0,0,0,0.0226353696841807,0,0,0,0,0.00282942121052258,0,0,0,0,0,0,0,0,0,0,0,0,0,0,0,0,0,0,0,0.00282942121052258,0,0,0,0,0,0,0,0,0,0,0,0,0,0,0,0,0,0,0,0,0,0,0,0.00282942121052258,0,0,0,0,0,0,0,0,0,0,0,0,0,0,0,0.0792237938946324,0,0,0,0,0,0,0,0,0,0,0,0,0,0,0,0,0,0,0,0,0,0,0,0,0,0,0,0,0,0,0,0,0,0,0.00565884242104517,0,0,0,0.00565884242104517,0,0,0,0.00282942121052258,0,0,0,0,0,0,0,0,0,0,0,0.0113176848420903,0,0,0,0,0,0,0,0,0,0,0,0,0,0,0,0,0,0,0,0,0,0,0,0,0,0,0,0,0,0,0,0,0,0,0,0,0,0,0,0,0,0,0,0,0,0,0,0,0,0,0,0,0,0,0,0,0,0,0,0,0,0,0,0,0,0,2.46159645315465,0,0,0,0,0,0,0,0,0.0226353696841807,0,0,0,0,0.0226353696841807,0,0,0,0,0,0,0,0,0,0.00565884242104517,0,0,0,0,0,0,0,0,0,0,0,0,0.0141471060526129,0,0,0,0,0,0,0,0,0,0,0,0,0,0,0,0,0,0,0,0,0,0,0,0,0,0,0,0,0,0,0,0,0,0,0,0,0,0,0,0,0,0,0,0,0,0,0,0,0,0,0,0,0,0,0,0,0,0,0.0226353696841807,0,0,0,0,0,0,0,0,0,0,0,0,0,0,0,0,0,0,0,0,0,0,0,0,0,0,0,0,0,0,0,0,0,0,0.00282942121052258,0,0,0,0,0,0,0,0,0,0,0,0,0,0,0,0,0,0,0,0,0,0,0,0,0.00565884242104517,0,0,0,0,0,0,0,0,0,0,0,0,0,0,0,0,0,0,0,0,0,0,0,0,0,0,0,0,0,0,0,0,0,0.00565884242104517,0,0,0,0,0,0,0,0,0,0,0,0,0,0,0,0,0,0,0,0,0,0,0,0,0,0,0,0,0,0,0,0,0,0,0,0,0,0,0,0,0,0,0,0,0,0,0,0,0,0,0,0,0,0,0,0,0,0,0,0,0.00565884242104517,0,0.00282942121052258,0,0.00565884242104517,0,0,0,0,0,0,0,0,0,0,0,0,0,0,0,0,0,0,0,0,0.169765272631355,0,0,0,0,0,0,0,0,0,0,0.067906109052542,0,0,0,0,0,0,0,0,0,0,0,0,0,0,0,0,0,0,0,0,0,0,0,0,0,0,0,0,0,0,0,0,0,0,0,0.962003211577679,0,0,0,0,0,0,0,0,0,0,0,0,0,0,0,0,0,0,0,0,0,0,0,0,0,0,0,0,0,0,0,0,0,0.00282942121052258,0,0,0,0,0,0,0,0.00282942121052258,0.00282942121052258,0,0,0,0,0,0,0,0,0,0.00565884242104517,0,0,0,0,0,0,0,0,0,0,0,0,0,0,0,0,0,0,0,0,0,0,0.107518005999858,0,0,0,0,0,0,0,0,0,0,0,0,0,0,0,0,0,0,0,0.481001605788839,0,0,0,0,0,0,0,0.234841960473374,0,0,0,0,0,0,0.00282942121052258,0,0,0,0,0,0,0,0,0,0,0,0,0,0,0,2.29642898999039,0,0,0,0,0,0,0,0,0,0,1.79192001632939,0,0,0,0,0.468452961248233,0,0,0,0,0,0,0,0,0,0,0,0,0,0,0,0,0,0,0,0.121687747422155,0,0,0,0,0,0,0,0,0,0,0,0,0,0,0,0,0,0,0,0,0,0,0,0.204882759234707,0,0,0,0,0,0,0,0,0,0,0,0,0,0,0,0.190595300107171,0,0,0,0,0,0,0,0,0,0,0,0,0,0,0,0,0,0,0,0,0,0,0,0,0,0,0,0,0,0,0,0,0,0,1.29850495651622,0,0,0,0.0506087762480694,0,0,0,0.337267008294292,0,0,0,0,0,0,0,0,0,0,0,0.637127752517993,0,0,0,0,0,0,0,0,0,0,0,0,0,0,0,0,0,0,0,0,0,0,0,0,0,0,0,0,0,0,0,0,0,0,0,0,0,0,0,0,0,0,0,0,0,0,0,0,0,0,0,0,0,0,0,0,0,0,0,0,0,0,0,0,0,0,3.510525143162,0,0,0,0,0,0,0,0,0.121502076616026,0,0,0,0,0.080699772637866,0,0,0,0,0,0,0,0,0,0.275550841595346,0,0,0,0,0,0,0,0,0,0,0,0,1.79838225766982,0,0,0,0,0,0,0,0,0,0,0,0,0,0,0,0,0,0,0,0,0,0,0,0,0,0,0,0,0,0,0,0,0,0,0,0,0,0,0,0,0,0,0,0,0,0,0,0,0,0,0,0,0,0,0,0,0,0,0.835463478419936,0,0,0,0,0,0,0,0,0,0,0,0,0,0,0,0,0,0,0,0,0,0,0,0,0,0,0,0,0,0,0,0,0,0,0.38706482159949,0,0,0,0,0,0,0,0,0,0,0,0,0,0,0,0,0,0,0,0,0,0,0,0,0.00291807973363697,0,0,0,0,0,0,0,0,0,0,0,0,0,0,0,0,0,0,0,0,0,0,0,0,0,0,0,0,0,0,0,0,0,1.64181026846223,0,0,0,0,0,0,0,0,0,0,0,0,0,0,0,0,0,0,0,0,0,0,0,0,0,0,0,0,0,0,0,0,0,0,0,0,0,0,0,0,0,0,0,0,0,0,0,0,0,0,0,0,0,0,0,0,0,0,0,0,0.469855949756349,0,0.463095091867528,0,0.972772413896646,0,0,0,0,0,0,0,0,0,0,0,0,0,0,0,0,0,0,0,0,0.623149983782248,0,0,0,0,0,0,0,0,0,0,0.142170904075098,0,0,0,0,0,0,0,0,0,0,0,0,0,0,0,0,0,0,0,0,0,0,0,0,0,0,0,0,0,0,0,0,0,0,0,2.64525135212662,0,0,0,0,0,0,0,0,0,0,0,0,0,0,0,0,0,0,0,0,0,0,0,0,0,0,0,0,0,0,0,0,0,0.386127717294564,0,0,0,0,0,0,0,1.07220622884655,0.900131336651796,0,0,0,0,0,0,0,0,0,1.71847121802961,0,0,0,0,0,0,0,0,0,0,0,0,0,0,0,0,0,0,0,0,0,0,0.676414073156321,0,0,0,0,0,0,0,0,0,0,0,0,0,0,0,0,0,0,0,0.222992344443706,0,0,0,0,0,0,0,1.35004503232116,0,0,0,0,0,0,1.10270176184664,0,0,0,0,0,0,0,0,0,0,133.8700024,128.6108022,126.4699022,129.4817022,132.9257023,145.2288025,132.2470023,130.8557023,143.2337025,148.2965026,138.6515025,"JAR-00514"
"638",8723,"nSPC",2015,"PRIAs","Pacific Remote Island Areas","Jarvis","Jarvis",2015,"ForereefMid","Jarvis","2015-04-10","Forereef","Mid",-0.37633035,-159.97629239,8.8,17.5,0,5,32.5,45,0,0,0,NA,0.195,0.151734949746879,0.65,2,1,3.25520544426364,49.611067250055,30.7034944401413,14.9811610759083,98.5509282103682,18.1655629241486,0,0,0,0,0,0,0,0,0,0,0,0,0,0,0,0,0.0707355302630646,0,0,0,0,0,0,0,0,0,0,0,0,0,0,0,0,0,0,0,0,0,0,0,0,0,0,0,0,0,0,0,0,0,0,0,0,0,0,0,0.00282942121052258,0,0,0,0,0,0,0,0,0.00282942121052258,0,0,0,0,0,0,0,0,0,0,0.00565884242104517,0,0,0,0,0.0169765272631355,0,0,0,0,0,0,0,0,0,0,0,0,0,0,0,0,0,0,0.00565884242104517,0,0,0,0,0,0,0,0,0,0,0,0,0,0,0,0.00282942121052258,0,0,0,0.0254647908947033,0,0,0,0,0,0,0,0,0,0,0,0,0,0,0,0.00565884242104517,0,0,0,0,0,0,0,0,0,0,0,0,0,0,0,0,0,0,0,0,0,0,0,0,0,0,0,0,0,0,0,0,0,0,0,0,0,0,0,0,0,0,0,0,0,0,0,0,0,0,0,0,0,0,0,0,0,0,0,0.00282942121052258,0,0,0,0,0,0,1.98059484736581,0,0,0,0,0,0,0,0,0.00282942121052258,0,0,0,0,0.0113176848420903,0,0,0,0,0,0,0,0,0,0.0113176848420903,0,0,0,0,0,0.00282942121052258,0,0,0,0,0,0,0.0226353696841807,0,0,0,0,0,0,0,0,0,0,0,0,0,0,0,0,0,0,0,0,0,0,0,0,0,0,0,0,0,0,0,0,0,0,0,0,0,0,0,0,0,0,0,0,0,0,0,0,0,0,0,0,0,0,0,0,0,0,0.00848826363156775,0,0,0,0,0,0,0,0,0.00282942121052258,0,0,0,0,0,0,0,0,0,0,0.00565884242104517,0,0,0,0,0.00565884242104517,0,0,0,0,0,0,0,0,0,0.00848826363156775,0,0,0,0,0,0,0,0,0,0,0,0,0,0,0,0,0,0,0,0,0,0,0,0,0,0,0,0,0.00565884242104517,0,0,0,0,0,0,0,0,10.7518005999858,0,0,0,0,0,0,0,0,0,0,0,0,0,0,0,0,0,0,0,0,0.0424413181578388,0,0,0,0,0,0,0,0,0,0.0396118969473162,0,0,0,0,0,0,0,0,0,0,0,0,0,0,0,0,0,0,0,0,0,0,0,0,0,0,0,0,0,0,0,0,0,0,0,0,0,0.00282942121052258,0,0,0,0,0,0,0,0,0,0,0,0,0,0,0.00282942121052258,0,0,0,0,0,0,0,0,0,0,0,0,0,0,0,0.0113176848420903,0,0,0,0,0,0,0.158447587789265,0,0,0,0,0,0,0,0,0,0,0,0,0,0,0,0,0,0,0,0,0.00565884242104517,0,0,0,0,0,0,0,0,0,0,0,3.16895175578529,0,0,0,0,0,0,0,0,0,0,0,0,0,7.63943726841098,0,0,0,0,0,0,0,0,0,0,0,0,0,0,0,0,0,0,0,0,0,0,0,0,0,0,0,0,0,0,0,0,0,0,0,0,0,0,0,0,0,0.00282942121052258,0.00848826363156775,0,0,0,0,0,0,0,0,0,0.00565884242104517,0,0,0,0,0,0,0,0,0,0,0,0,0,0,0,0,0,0,0,0,0,0,0.0424413181578388,0,0,0,0,0,0,0,0,0.00282942121052258,0,0,0,0,0,0,0,0,0,0,0.0565884242104517,0,0,0,0,0,0,0,0.033953054526271,0,0,0,0,0,0,0,0,0,0,0,0,0.00282942121052258,0,0.00282942121052258,0,0,0,0,0,0,0,0,0,0,0,0,0,0,0,0,0,0,8.1729019490349,0,0,0,0,0,0,0,0,0,0,0,0,0,0,0,0,0,0,0,0,0,0,0,0,0,0,0,0,0,0,0,0,0,0,0,0,0,0,0,0.652170271340614,0,0,0,0,0,0,0,0,0.204882759234707,0,0,0,0,0,0,0,0,0,0,1.70943962602468,0,0,0,0,0.0401414671926523,0,0,0,0,0,0,0,0,0,0,0,0,0,0,0,0,0,0,1.8378164660983,0,0,0,0,0,0,0,0,0,0,0,0,0,0,0,0.734847163315798,0,0,0,0.170678562444857,0,0,0,0,0,0,0,0,0,0,0,0,0,0,0,0.299950622063658,0,0,0,0,0,0,0,0,0,0,0,0,0,0,0,0,0,0,0,0,0,0,0,0,0,0,0,0,0,0,0,0,0,0,0,0,0,0,0,0,0,0,0,0,0,0,0,0,0,0,0,0,0,0,0,0,0,0,0,0.43901399551134,0,0,0,0,0,0,1.98557462869633,0,0,0,0,0,0,0,0,0.0487206774969806,0,0,0,0,0.040349886318933,0,0,0,0,0,0,0,0,0,2.89974283106823,0,0,0,0,0,0.328391679841125,0,0,0,0,0,0,3.23251705665868,0,0,0,0,0,0,0,0,0,0,0,0,0,0,0,0,0,0,0,0,0,0,0,0,0,0,0,0,0,0,0,0,0,0,0,0,0,0,0,0,0,0,0,0,0,0,0,0,0,0,0,0,0,0,0,0,0,0,0.547306840602777,0,0,0,0,0,0,0,0,1.02462343550416,0,0,0,0,0,0,0,0,0,0,0.371406399969705,0,0,0,0,0.012956485607225,0,0,0,0,0,0,0,0,0,3.01465436302762,0,0,0,0,0,0,0,0,0,0,0,0,0,0,0,0,0,0,0,0,0,0,0,0,0,0,0,0,0.00614676476255929,0,0,0,0,0,0,0,0,11.4451842206789,0,0,0,0,0,0,0,0,0,0,0,0,0,0,0,0,0,0,0,0,16.6955424679176,0,0,0,0,0,0,0,0,0,4.80184333885662,0,0,0,0,0,0,0,0,0,0,0,0,0,0,0,0,0,0,0,0,0,0,0,0,0,0,0,0,0,0,0,0,0,0,0,0,0,0.325362500833907,0,0,0,0,0,0,0,0,0,0,0,0,0,0,0.543613952039408,0,0,0,0,0,0,0,0,0,0,0,0,0,0,0,0.645452093618349,0,0,0,0,0,0,1.07218035073312,0,0,0,0,0,0,0,0,0,0,0,0,0,0,0,0,0,0,0,0,1.24947240656677,0,0,0,0,0,0,0,0,0,0,0,2.69225030435221,0,0,0,0,0,0,0,0,0,0,0,0,0,11.2855910901549,0,0,0,0,0,0,0,0,0,0,0,0,0,0,0,0,0,0,0,0,0,0,0,0,0,0,0,0,0,0,0,0,0,0,0,0,0,0,0,0,0,2.01795396046562,13.057894101545,0,0,0,0,0,0,0,0,0,3.08971486213807,0,0,0,0,0,0,0,0,0,0,0,0,0,0,0,0,0,0,0,0,0,0,0.331436391662741,0,0,0,0,0,0,0,0,0.206264806247096,0,0,0,0,0,0,0,0,0,0,0.0194876385874743,0,0,0,0,0,0,0,0.403043129059553,0,0,0,0,0,0,0,0,0,0,0,0,0.264009106903639,0,0.630397556191475,0,0,140.0763025,140.6484024,140.2575024,139.7071024,136.8495023,152.3387027,138.5548024,138.2300024,151.1380027,156.9853028,144.8698026,"JAR-00490"
"639",8724,"nSPC",2015,"PRIAs","Pacific Remote Island Areas","Jarvis","Jarvis",2015,"ForereefShallow","Jarvis","2015-04-10","Forereef","Shallow",-0.3771615,-159.98354986,3,6,0,12.5,51.5,22.5,7.5,0,0,NA,0.605,0.484461465379419,1.75,2,1,0.974783886988996,0.848589100942079,42.0328147024306,2.159795473245,46.0159831636067,4.89465714746729,0,0.00565884242104517,0,0,0.00848826363156775,0,0,0,0,0,0,0,0,0,0,0,0.0509295817894065,0,0,0,0,0.00282942121052258,0,0,0,0,0,0,0,0,0,0,0,0,0,0,0,0,0,0,0,0.00282942121052258,0,0,0,0,0,0,0,0,0,0,0,0,0,0,0,0,0,0,0,0,0,0,0,0,0,0,0,0,0,0,0,0,0,0,0,0,0,0,0,0.0226353696841807,0,0,0,0,0,0,0,0,0,0,0,0,0,0.00282942121052258,0,0,0,0,0,0,0,0,0,0,0,0,0,0,0,0,0,0,0,0,0,0,0,0,0,0,0,0,0,0,0,0,0,0,0,0,0,0,0,0,0,0,0,0,0,0,0,0,0,0,0,0,0,0,0,0,0,0,0,0,0,0,0,0,0,0,0,0,0,0,0,0,0,0,0,0,0,0,0,0,0,0,0,0,0,0,0,0,0,0,0,0,0,0,0,0,0,0,0,0,0.00282942121052258,0,0,0,0,0,0,0.333871702841665,0,0,0,0,0,0,0,0,0,0,0,0,0,0,0,0,0,0,0,0,0,0,0,0,0,0,0,0,0,0,0,0,0,0,0,0.00565884242104517,0.00565884242104517,0,0.132982796894561,0,0,0,0,0,0,0,0,0,0,0,0,0,0,0,0,0,0,0,0,0,0,0,0,0,0,0,0.00282942121052258,0,0,0,0,0,0,0,0,0,0,0,0,0,0,0,0,0,0,0,0,0,0,0,0,0,0,0,0,0.00282942121052258,0,0,0,0,0,0,0,0,0,0,0,0,0,0,0,0,0,0,0,0,0,0,0,0,0,0,0,0,0,0,0,0,0,0,0,0,0,0,0,0,0,0,0,0,0,0,0,0,0,0,0,0,0,0,0,0,0,0,0,0,0,0,0,0.00848826363156775,0,0,0,0,0,0,0,0,0,0,0,0,0,0,0,0,0,0,0,0,0,0,0,0,0,0,0,0,0,0,0,0,0,0,0,0,0,0,0,0,0,0,0,0,0,0,0,0,0,0,0,0,0,0,0,0,0,0,0,0,0,0,0,0,0,0,0,0,0,0,0,0,0,0,0,0,0,0,0,0,0,0,0,0,0,0,0,0,0,0,0,0,0.00282942121052258,0,0,0,0,0,0,0,0,0,0,0,0,0,0,0,0,0,0,0,0,0,0,0.0226353696841807,0,0,0,0,0,0,0,0,0,0,0.0452707393683613,0,0,0,0,0,0,0,0,0,0,0,0,0,0,0,0,0,0,0,0,0,0,0,0,0,0,0,0,0,0,0,0,0,0,0,0,0,0,0,0,0,0,0,0,0,0,0,0,0,0,0,0,0,0,0,0,0,0,0,0,0,0,0,0,0,0,0,0,0,0,0,0,0,0,0,0,0,0,0.00282942121052258,0,0,0,0,0,0,0,0,0,0,0,0,0,0,0,0,0,0,0,0,0,0,0,0,0,0,0,0,0,0,0,0,0,0,0.0141471060526129,0,0,0.311236333157484,0,0,0,0,0,0,0,0,0,0,0,0,0,0,0.0396118969473162,0,0,0,0,0,0,0,0.101859163578813,0,0,0,0,0,0,0,0,0,0,0,0,0,0,0,0,0,0,0.96275923292513,0,0,0.0972204367679886,0,0,0,0,0,0,0,0,0,0,0,6.12464435683468,0,0,0,0,0.646331202060811,0,0,0,0,0,0,0,0,0,0,0,0,0,0,0,0,0,0,0,0.237671381683897,0,0,0,0,0,0,0,0,0,0,0,0,0,0,0,0,0,0,0,0,0,0,0,0,0,0,0,0,0,0,0,0,0,0,0,0,0,0,0,0.0976488885027975,0,0,0,0,0,0,0,0,0,0,0,0,0,0.0240346918877175,0,0,0,0,0,0,0,0,0,0,0,0,0,0,0,0,0,0,0,0,0,0,0,0,0,0,0,0,0,0,0,0,0,0,0,0,0,0,0,0,0,0,0,0,0,0,0,0,0,0,0,0,0,0,0,0,0,0,0,0,0,0,0,0,0,0,0,0,0,0,0,0,0,0,0,0,0,0,0,0,0,0,0,0,0,0,0,0,0,0,0,0,0,0,0,0,0,0,0,0,0.43901399551134,0,0,0,0,0,0,0.551288955732157,0,0,0,0,0,0,0,0,0,0,0,0,0,0,0,0,0,0,0,0,0,0,0,0,0,0,0,0,0,0,0,0,0,0,0,0.887438641147893,0.935477606959817,0,24.2075299697037,0,0,0,0,0,0,0,0,0,0,0,0,0,0,0,0,0,0,0,0,0,0,0,0,0,0,0,0.242541013807686,0,0,0,0,0,0,0,0,0,0,0,0,0,0,0,0,0,0,0,0,0,0,0,0,0,0,0,0,0.0347730779455959,0,0,0,0,0,0,0,0,0,0,0,0,0,0,0,0,0,0,0,0,0,0,0,0,0,0,0,0,0,0,0,0,0,0,0,0,0,0,0,0,0,0,0,0,0,0,0,0,0,0,0,0,0,0,0,0,0,0,0,0,0,0,0,0.0270502561517896,0,0,0,0,0,0,0,0,0,0,0,0,0,0,0,0,0,0,0,0,0,0,0,0,0,0,0,0,0,0,0,0,0,0,0,0,0,0,0,0,0,0,0,0,0,0,0,0,0,0,0,0,0,0,0,0,0,0,0,0,0,0,0,0,0,0,0,0,0,0,0,0,0,0,0,0,0,0,0,0,0,0,0,0,0,0,0,0,0,0,0,0,0.73224287318131,0,0,0,0,0,0,0,0,0,0,0,0,0,0,0,0,0,0,0,0,0,0,0.133971412579112,0,0,0,0,0,0,0,0,0,0,0.186847832562312,0,0,0,0,0,0,0,0,0,0,0,0,0,0,0,0,0,0,0,0,0,0,0,0,0,0,0,0,0,0,0,0,0,0,0,0,0,0,0,0,0,0,0,0,0,0,0,0,0,0,0,0,0,0,0,0,0,0,0,0,0,0,0,0,0,0,0,0,0,0,0,0,0,0,0,0,0,0,4.89465714746729,0,0,0,0,0,0,0,0,0,0,0,0,0,0,0,0,0,0,0,0,0,0,0,0,0,0,0,0,0,0,0,0,0,0,0.0685088890461807,0,0,3.16309402088123,0,0,0,0,0,0,0,0,0,0,0,0,0,0,0.0339219308929553,0,0,0,0,0,0,0,1.28731534937327,0,0,0,0,0,0,0,0,0,0,0,0,0,0,0,0,0,106.2386019,99.54730169,92.32500158,98.50350166,116.088602,125.7386022,113.994802,108.0074019,124.6564022,130.2916023,118.6056021,"JAR-00526"
"640",8725,"nSPC",2015,"PRIAs","Pacific Remote Island Areas","Jarvis","Jarvis",2015,"ForereefMid","Jarvis","2015-04-10","Forereef","Mid",-0.37844737,-159.9784198,6.85,14,0,4.5,67.5,14,0,0,0,NA,0.395,0.317136299322622,1.1,2,1,47.0337072307784,34.6783155569965,31.4510039638785,15.9559904424786,129.119017194132,17.2532047439593,0,0,0,0,0,0.0141471060526129,0,0,0,0,0,0,0,0,0,0,0.101859163578813,0,0,0,0,0,0,0,0,0,0,0,0,0,0,0,0,0,0,0,0,0,0,0,0,0.00282942121052258,0,0,0,0,0,0,0,0,0,0,0,0,0,0,0.00282942121052258,0,0,0,0,0,0,0,0,0.00282942121052258,0,0,0,0,0,0,0,0,0,0,0.00282942121052258,0,0,0,0,0.0452707393683613,0,0,0,0,0,0,0,0,0,0,0,0,0,0,0,0,0,0,0.00282942121052258,0,0,0,0,0,0,0,0,0,0,0,0,0,0,0,0.0113176848420903,0,0,0,0.0226353696841807,0,0,0,0,0,0,0,0,0,0,0,0,0,0,0,0.0141471060526129,0,0,0,0,0,0,0,0,0,0,0,0,0,0,0,0,0,0,0,0,0,0,0,0,0,0,0,0,0,0,0,0,0,0,0,0,0,0,0,0,0,0,0,0,0,0,0,0,0,0,0,0,0,0,0,0,0,0,0,0.00565884242104517,0,0,0,0,0,0,0.735649514735872,0,0,0,0,0,0,0,0,0,0,0,0,0,0,0.00282942121052258,0,0,0,0,0,0,0,0,0.0113176848420903,0,0,0,0,0,0,0,0,0,0,0,0,0.0169765272631355,0,0,0,0,0,0,0,0,0,0,0,0,0,0,0,0,0,0,0,0,0,0,0,0,0,0,0,0,0,0,0,0,0,0,0,0,0,0,0,0,0,0,0,0,0,0,0,0,0,0,0,0,0,0,0,0,0,0,0.0198059484736581,0,0,0,0,0,0,0,0,0,0,0,0,0,0,0,0,0,0,0,0.00282942121052258,0,0,0,0,0.0113176848420903,0,0,0,0,0,0,0,0,0,0.00565884242104517,0,0,0,0,0,0,0,0,0,0,0,0,0,0,0,0,0,0,0,0,0,0,0,0,0,0,0,0,0.00848826363156775,0,0,0,0,0,0,0,0,3.53677651315323,0,0,0,0.00848826363156775,0,0,0,0,0,0,0,0,0,0,0,0,0,0,0,0,0.0481001605788839,0,0,0,0,0,0,0,0,0,0.0169765272631355,0,0,0,0,0,0.0169765272631355,0,0,0,0,0,0,0,0,0,0,0,0,0,0,0,0,0,0,0,0,0,0,0,0,0,0,0,0,0,0,0,0,0,0,0,0,0,0,0,0,0,0,0,0,0,0,0,0,0,0,0,0,0,0,0,0,0,0,0,0,0,0,0.0282942121052258,0,0,0,0,0,0,0.067906109052542,0,0,0,0,0,0,0,0,0,0,0.0311236333157484,0,0,0,0,0,0,0,0,0,0,0,0,0,0,0,0,0,0,0,0,0,0,0,0,0,0,0,0,0,0,0,0,0,0,0,2.00888905947103,0,0,0,0,0,0,0,0,0,0,0,0,0,0,0,0,0,0,0,0,0,0,0,0,0,0,0,0,0,0,0,0,0,0.00282942121052258,0,0,0,0,0,0,0,0,0.00848826363156775,0,0,0,0,0,0,0,0,0,0.00848826363156775,0,0,0,0,0,0,0,0,0,0,0,0,0,0,0,0,0,0,0,0,0,0,0.067906109052542,0,0,0,0,0,0,0,0,0.00282942121052258,0,0,0,0,0,0,0,0,0,0,0.0848826363156775,0,0,0,0,0,0,0.00282942121052258,0.0763943726841098,0,0,0,0,0,0,0,0,0,0,0,0,0,0,0.00848826363156775,0,0,0,0,0,0,0,1.44866365978756,0,0,0,0,0,0,0,0,0,0,8.17293396819955,0,0,0,0,0,0,0,0,0,0,0,0,0,0,0,0,0,0,0,0,0,0,0,0,0.237671381683897,0,0,0,0,0,0,0,0,0,0,0,0,0,0,0.584760725710518,0,0,0,0,0,0,0,0,0.302549411351547,0,0,0,0,0,0,0,0,0,0,0.312297147030625,0,0,0,0,0.123931858734467,0,0,0,0,0,0,0,0,0,0,0,0,0,0,0,0,0,0,0.819923672365924,0,0,0,0,0,0,0,0,0,0,0,0,0,0,0,8.49911694266125,0,0,0,0.0750526403964625,0,0,0,0,0,0,0,0,0,0,0,0,0,0,0,0.556251773591003,0,0,0,0,0,0,0,0,0,0,0,0,0,0,0,0,0,0,0,0,0,0,0,0,0,0,0,0,0,0,0,0,0,0,0,0,0,0,0,0,0,0,0,0,0,0,0,0,0,0,0,0,0,0,0,0,0,0,0,1.35493408297726,0,0,0,0,0,0,0.782550000721494,0,0,0,0,0,0,0,0,0,0,0,0,0,0,0.166148140555823,0,0,0,0,0,0,0,0,6.58265269148219,0,0,0,0,0,0,0,0,0,0,0,0,3.01225180838838,0,0,0,0,0,0,0,0,0,0,0,0,0,0,0,0,0,0,0,0,0,0,0,0,0,0,0,0,0,0,0,0,0,0,0,0,0,0,0,0,0,0,0,0,0,0,0,0,0,0,0,0,0,0,0,0,0,0,0.989916722181696,0,0,0,0,0,0,0,0,0,0,0,0,0,0,0,0,0,0,0,0.0682112336509005,0,0,0,0,0.0149959324157697,0,0,0,0,0,0,0,0,0,0.847042978967783,0,0,0,0,0,0,0,0,0,0,0,0,0,0,0,0,0,0,0,0,0,0,0,0,0,0,0,0,0.00536370607617829,0,0,0,0,0,0,0,0,6.03734824348283,0,0,0,37.3935777888156,0,0,0,0,0,0,0,0,0,0,0,0,0,0,0,0,16.3980637601914,0,0,0,0,0,0,0,0,0,1.53071137665262,0,0,0,0,0,2.25550773108319,0,0,0,0,0,0,0,0,0,0,0,0,0,0,0,0,0,0,0,0,0,0,0,0,0,0,0,0,0,0,0,0,0,0,0,0,0,0,0,0,0,0,0,0,0,0,0,0,0,0,0,0,0,0,0,0,0,0,0,0,0,0,1.8173284723129,0,0,0,0,0,0,0.788829463750012,0,0,0,0,0,0,0,0,0,0,0.0853728681551793,0,0,0,0,0,0,0,0,0,0,0,0,0,0,0,0,0,0,0,0,0,0,0,0,0,0,0,0,0,0,0,0,0,0,0,5.71110171760263,0,0,0,0,0,0,0,0,0,0,0,0,0,0,0,0,0,0,0,0,0,0,0,0,0,0,0,0,0,0,0,0,0,0.529667650609828,0,0,0,0,0,0,0,0,7.04716636039856,0,0,0,0,0,0,0,0,0,10.2060383835608,0,0,0,0,0,0,0,0,0,0,0,0,0,0,0,0,0,0,0,0,0,0,0.433568476390699,0,0,0,0,0,0,0,0,0.300260442397625,0,0,0,0,0,0,0,0,0,0,0.0217723962149713,0,0,0,0,0,0,1.97861425251844,0.656911532463086,0,0,0,0,0,0,0,0,0,0,0,0,0,0,0.969955798601349,0,0,128.6765023,122.7644021,114.3418019,119.967702,126.9113022,140.6291025,128.0160022,125.5185022,140.9339025,139.2354025,132.7228023,"JAR-00467"
"641",8726,"nSPC",2015,"PRIAs","Pacific Remote Island Areas","Jarvis","Jarvis",2015,"ForereefDeep","Jarvis","2015-04-10","Forereef","Deep",-0.3699135,-159.97616759,22.5,31,0,1,23.5,43,1.5,0,0,NA,0.40375,0.234322861289248,0.9,2,1,81.3195887484784,113.466297972759,23.3229588279438,16.7959687668827,234.904814316064,16.6482068174865,0,0,0,0,0,0,0,0,0,0,0,0,0,0,0,0,0.033953054526271,0,0,0,0,0,0,0,0,0,0,0,0,0,0,0,0,0,0,0,0,0,0,0,0,0,0,0,0,0,0,0.00282942121052258,0,0,0,0,0,0,0,0,0.00565884242104517,0.00848826363156775,0,0,0,0,0,0,0,0,0,0,0,0,0,0,0,0,0,0,0.00848826363156775,0,0,0,0,0.0254647908947033,0,0,0,0,0,0,0,0,0,0,0,0,0,0,0,0,0,0,0.00282942121052258,0,0,0,0,0,0,0,0,0,0,0,0,0,0,0,0.00565884242104517,0,0,0,0.0254647908947033,0,0,0,0,0.144300481736652,0.0735649514735872,0,0,0,0,0,0,0,0,0.00282942121052258,0.0481001605788839,0,0,0,0,0,0,0,0,0,0,0,0,0,0,0,0,0,0,0,0,0,0,0,0,0,0,0,0,0,0,0,0,0,0,0,1.21665112052471,0,0,0,0,0,0,0,0,0,0,0,0,0,0,0,0,0,0,0,0,0,0,0,0,0,0,0,0,0,0,0,0,0,0,0,0,0,0,0,0,0,0,0,0,0.00282942121052258,0,0,0,0,0,0,0,0,0,0.00282942121052258,0,0,0,0,0,0,0,0,0,0.00282942121052258,0,0,0.0254647908947033,0,0,0,0,0,0,0,0,0,0,0,0,0,0,0,0,0,0,0,0,0,0,0,0,0,0,0,0,0,0,0,0,0,0,0,0,0,0,0,0.0113176848420903,0.00565884242104517,0,0,0,0,0,0,0,0,0,0,0,0,0,0,0,0,0,0.0198059484736581,0,0.00848826363156775,0,0,0,0,0,0,0,0,0,0,0,0,0,0,0,0,0,0.00282942121052258,0,0,0,0,0,0,0,0,0,0,0,0,0,0,0.00848826363156775,0,0,0,0,0,0,0,0,0,0,0,0,0,0,0,0,0,0,0,0,0,0,0,0,0.0113176848420903,0,0,0,0,0,0,0,0,0,0,0,0,9.39367841893498,0,0,0,0.0113176848420903,0,0,0.00565884242104517,0,0,25.7477330157555,0,0,0,0,0,0,0,0,0,0,0.0282942121052258,0.00282942121052258,0,0,0,0,0,0,0,0,0.00848826363156775,0,0,0,0,0,0,0,0,0,0,0,0,0,0,0,0,0,0,0,0,0,0.00282942121052258,0,0,0,0,0,0,0,0,0,0,0,0.367824757367936,0,0,0,0,0,0,0,0,0,0,0,0.00565884242104517,0,0,0,0,0,0.0198059484736581,0,0,0.00282942121052258,0,0,0,0,0,0,0,0,0,0,0,0,0,0,0,0,0,0,0,0,0.138641639315607,0,0,0,0,0.0254647908947033,0,0,0,0,0,0,0,0,0,0,0,0,0,0,0,0.00565884242104517,0,0,0,0,0,0,0,0,0,0,0,11.8835690841949,0,0,0,0.33953054526271,0,0,0,0,0,0,0,0,0.0707355302630646,0,0,0,0,0,0,0,0,0,0,0,0,0,0,0,0,0,0,0,0,0,0,0,0,0,0.00282942121052258,0,0,0,0,0,0,0,0,0.0113176848420903,0,0,0,0,0,0,0,0,0,0,0,0,0,0,0,0,0,0,0.00565884242104517,0,0,0,0,0.00565884242104517,0,0,0,0,0,0,0,0,0,0,0,0,0,0,0,0,0,0,0,0,0,0,0,0,0,0,0,0,0,0,0,0,0,0,0,0,0,0,0,0,0,0,0,0,0,0.00282942121052258,0,0,0,0,0,0,0.00282942121052258,0,0,0,0.00565884242104517,0,0,0,0,0.00282942121052258,0,0,0,0,0,0,0,0,0,0,0,0,0,0,0,0,0,3.24318044874624,0,0,0,0,0,0,0,0,0,0,0,0,0,0,0,0,0,0,0,0,0,0,0,0,0,0,0,0,0,0,0.101578406061071,0,0,0,0,0,0,0,0,1.21283706073293,0.926283445367215,0,0,0,0,0,0,0,0,0,0,0,0,0,0,0,0,0,0,0.899277213030179,0,0,0,0,0.0397829612700783,0,0,0,0,0,0,0,0,0,0,0,0,0,0,0,0,0,0,0.728060981137984,0,0,0,0,0,0,0,0,0,0,0,0,0,0,0,7.22071884076422,0,0,0,0.0938074294307679,0,0,0,0,0.377795200112045,15.8119381122179,0,0,0,0,0,0,0,0,0.542606388351268,2.54947908184175,0,0,0,0,0,0,0,0,0,0,0,0,0,0,0,0,0,0,0,0,0,0,0,0,0,0,0,0,0,0,0,0,0,0,0,2.20676180240772,0,0,0,0,0,0,0,0,0,0,0,0,0,0,0,0,0,0,0,0,0,0,0,0,0,0,0,0,0,0,0,0,0,0,0,0,0,0,0,0,0,0,0,0,0.0100874715797333,0,0,0,0,0,0,0,0,0,5.51705082642552,0,0,0,0,0,0,0,0,0,0.167167949811265,0,0,2.09689919581752,0,0,0,0,0,0,0,0,0,0,0,0,0,0,0,0,0,0,0,0,0,0,0,0,0,0,0,0,0,0,0,0,0,0,0,0,0,0,0,3.06730837259295,2.67848592062424,0,0,0,0,0,0,0,0,0,0,0,0,0,0,0,0,0,0.396498125836962,0,3.57469956634291,0,0,0,0,0,0,0,0,0,0,0,0,0,0,0,0,0,0.109390817412507,0,0,0,0,0,0,0,0,0,0,0,0,0,0,0.721827509180348,0,0,0,0,0,0,0,0,0,0,0,0,0,0,0,0,0,0,0,0,0,0,0,0,0.044543714433446,0,0,0,0,0,0,0,0,0,0,0,0,13.6870076448432,0,0,0,39.9147051792852,0,0,1.0327350769342,0,0,22.9202160057076,0,0,0,0,0,0,0,0,0,0,13.4442411977135,0.474639722654202,0,0,0,0,0,0,0,0,1.07750391149484,0,0,0,0,0,0,0,0,0,0,0,0,0,0,0,0,0,0,0,0,0,3.87089599264038,0,0,0,0,0,0,0,0,0,0,0,40.9899948421133,0,0,0,0,0,0,0,0,0,0,0,0.0758380286760525,0,0,0,0,0,0.783064833052583,0,0,0.653547673221794,0,0,0,0,0,0,0,0,0,0,0,0,0,0,0,0,0,0,0,0,0.817773910598287,0,0,0,0,0.123100294486187,0,0,0,0,0,0,0,0,0,0,0,0,0,0,0,1.4632102801151,0,0,0,0,0,0,0,0,0,0,0,12.9104282887601,0,0,0,1.01918782378755,0,0,0,0,0,0,0,0,0.409102239869916,0,0,0,0,0,0,0,0,0,0,0,0,0,0,0,0,0,0,0,0,0,0,0,0,0,0.237597456124828,0,0,0,0,0,0,0,0,2.46050486245163,0,0,0,0,0,0,0,0,0,0,0,0,0,0,0,0,0,0,12.0048485900186,0,0,0,0,4.64335822746783,0,0,0,0,0,0,0,0,0,0,0,0,0,0,0,0,0,0,0,0,0,0,0,0,0,0,0,0,0,0,0,0,0,0,0,0,0,0,0,0,0,0,0,0,0,0.067960433939784,0,0,0,0,0,0,3.9637453926724,0,0,0,1.30027750202101,0,0,0,0,0.221262063885302,0,141.3543025,144.0190025,142.5485024,142.6961024,139.3485024,152.4403027,141.6487025,141.8363025,153.6713027,159.1357028,144.5048025,"JAR-00435"
"642",8727,"nSPC",2015,"PRIAs","Pacific Remote Island Areas","Jarvis","Jarvis",2015,"ForereefShallow","Jarvis","2015-04-10","Forereef","Shallow",-0.37119828,-159.9826178,5.5,25,0,9,52.5,9,4.5,0,0,NA,1.23625,0.746334157072887,2.8,2,1,12.1817472918019,12.7566104736594,21.8126220307344,23.9375053789552,70.6884851751509,15.8705509385069,0,0,0,0,0,0,0,0,0,0,0,0,0,0,0,0,0.0282942121052258,0,0,0,0,0,0,0,0,0,0,0,0,0,0,0,0,0,0,0,0,0,0,0,0,0,0,0,0,0,0,0,0,0,0,0,0,0,0,0,0,0,0,0,0,0,0,0,0,0,0,0,0,0,0,0,0,0,0,0,0.00282942121052258,0,0,0,0,0.0226353696841807,0,0,0,0,0,0,0,0,0,0,0,0,0,0,0,0,0,0,0.00848826363156775,0,0,0,0,0,0,0,0,0,0,0,0,0,0,0,0.00282942121052258,0,0,0,0.0113176848420903,0,0,0,0,0,0,0,0,0,0,0,0,0,0,0,0.00565884242104517,0,0.0424413181578388,0,0,0,0,0,0,0,0,0,0,0,0,0,0,0,0,0,0,0,0,0,0,0,0,0,0,0,0,0,0,0,0,0,0.16410643021031,0,0,0.00282942121052258,0,0,0,0,0,0,0,0,0,0,0,0,0,0,0,0,0,0,0,0,0,0,0,0,0,0,0,0.594178454209743,0,0,0,0,0,0,0,0,0.00282942121052258,0,0,0,0,0.00282942121052258,0,0,0,0,0,0,0,0,0,0.00848826363156775,0,0,0,0,0,0,0,0,0,0,0,0,0.0254647908947033,0,0.00282942121052258,0,0,0,0,0,0,0,0,0,0,0,0,0,0,0,0,0,0,0,0,0,0,0,0,0,0,0,0,0,0,0,0,0,0,0,0,0,0,0,0,0,0,0,0,0,0,0,0,0,0,0,0,0,0,0,0,0.0113176848420903,0,0,0,0,0,0,0,0,0,0,0,0,0,0,0,0,0,0,0,0.00565884242104517,0,0,0,0,0,0,0,0,0,0,0,0,0,0,0.00282942121052258,0,0,0,0,0,0,0,0,0,0,0,0,0,0,0,0,0,0,0,0,0,0,0,0.00282942121052258,0.00848826363156775,0,0,0,0.00565884242104517,0,0,0,0,0,0,0,0,0,0,0,0,0.00565884242104517,0,0,0.00282942121052258,0,0,0,0,0,0,0,0,0,0,0,0,0,0.0113176848420903,0.00565884242104517,0,0,0,0,0,0,0,0.0141471060526129,0.0141471060526129,0,0,0,0,0,0,0,0,0,0,0,0,0,0,0,0,0,0,0,0,0,0,0,0,0,0,0,0,0,0,0,0,0,0,0,0,0,0,0,0,0,0,0,0,0,0,0,0,0,0,0,0,0,0,0.00565884242104517,0,0,0,0,0,0,0,0,0,0,0,0,0,0.0367824757367936,0,0,0,0,0,0,0.169765272631355,0,0,0,0,0,0,0,0,0,0,0.00282942121052258,0,0,0,0,0,0,0,0,0,0,0,0,0,0,0,0,0,0,0,0,0,0,0,0,0,0,0,0,0,0,0,0,0,0,0,0,0,0,0,0,0,0,0,0,0,0,0,0,0,0,0,0,0,0,0,0,0,0,0,0,0,0,0,0,0,0,0,0,0.00282942121052258,0.00565884242104517,0,0,0,0,0,0,0,0,0.0169765272631355,0,0,0,0,0,0,0,0,0,0.00565884242104517,0,0,0,0,0,0,0,0,0,0,0,0,0,0,0,0,0,0,0,0,0,0,0.158447587789265,0,0,0,0,0,0,0,0,0,0,0,0,0,0,0,0,0,0,0,0.0594178454209743,0,0,0,0.0141471060526129,0,0,0,0.0396118969473162,0,0,0,0,0,0,0,0,0,0,0,0,0,0,0.00848826363156775,0,0,0,0,0,0,0,0,0,0,0,0,0,0,0,0,0,0,0.8254433682887,0,0,0,0,0,0,0,0,0,0,0,0,0,0,0,0,0,0,0,0,0,0,0,0,0,0,0,0,0,0,0,0,0,0,0,0,0,0,0,0,0,0,0,0,0,0,0,0,0,0,0,0,0,0,0,0,0,0,0,0.312297147030625,0,0,0,0,0.0399024632442696,0,0,0,0,0,0,0,0,0,0,0,0,0,0,0,0,0,0,1.65340351845699,0,0,0,0,0,0,0,0,0,0,0,0,0,0,0,0.36136947706839,0,0,0,0.112927562913602,0,0,0,0,0,0,0,0,0,0,0,0,0,0,0,0.265966365760042,0,0.0295646222287505,0,0,0,0,0,0,0,0,0,0,0,0,0,0,0,0,0,0,0,0,0,0,0,0,0,0,0,0,0,0,0,0,0,0.159575960968021,0,0,0.223531678154915,0,0,0,0,0,0,0,0,0,0,0,0,0,0,0,0,0,0,0,0,0,0,0,0,0,0,0,0.827079431732699,0,0,0,0,0,0,0,0,0.0151877595770033,0,0,0,0,0.0058621881694282,0,0,0,0,0,0,0,0,0,16.6141673793606,0,0,0,0,0,0,0,0,0,0,0,0,2.03423975495761,0,0.126744701598381,0,0,0,0,0,0,0,0,0,0,0,0,0,0,0,0,0,0,0,0,0,0,0,0,0,0,0,0,0,0,0,0,0,0,0,0,0,0,0,0,0,0,0,0,0,0,0,0,0,0,0,0,0,0,0,0,0.741279274867562,0,0,0,0,0,0,0,0,0,0,0,0,0,0,0,0,0,0,0,0.110366130587052,0,0,0,0,0,0,0,0,0,0,0,0,0,0,0.132763233808625,0,0,0,0,0,0,0,0,0,0,0,0,0,0,0,0,0,0,0,0,0,0,0,0.0174192156537166,0.0574345142834619,0,0,0,0.0222347359027531,0,0,0,0,0,0,0,0,0,0,0,0,11.5544114489734,0,0,0.611180975320903,0,0,0,0,0,0,0,0,0,0,0,0,0,3.58820018986471,0.83952491160935,0,0,0,0,0,0,0,3.25030855765689,2.95434197977147,0,0,0,0,0,0,0,0,0,0,0,0,0,0,0,0,0,0,0,0,0,0,0,0,0,0,0,0,0,0,0,0,0,0,0,0,0,0,0,0,0,0,0,0,0,0,0,0,0,0,0,0,0,0,0.199359540910661,0,0,0,0,0,0,0,0,0,0,0,0,0,1.60791027612668,0,0,0,0,0,0,0.698737853779996,0,0,0,0,0,0,0,0,0,0,0.0131636797672621,0,0,0,0,0,0,0,0,0,0,0,0,0,0,0,0,0,0,0,0,0,0,0,0,0,0,0,0,0,0,0,0,0,0,0,0,0,0,0,0,0,0,0,0,0,0,0,0,0,0,0,0,0,0,0,0,0,0,0,0,0,0,0,0,0,0,0,0,1.01240940190879,1.40997528592336,0,0,0,0,0,0,0,0,6.06215994235266,0,0,0,0,0,0,0,0,0,9.80839099615421,0,0,0,0,0,0,0,0,0,0,0,0,0,0,0,0,0,0,0,0,0,0,0.802689297219841,0,0,0,0,0,0,0,0,0,0,0,0,0,0,0,0,0,0,0,0.0231970097944694,0,0,0,0.276529982271479,0,0,0,0.0998955452587103,0,0,0,0,0,0,0,0,0,0,0,0,0,0,1.1873378158728,0,0,129.9653023,125.4877022,123.4145021,121.9090021,123.5845021,137.0418024,124.6138022,125.0775022,129.7608023,141.4285025,127.5704023,"JAR-00523"
"643",8728,"nSPC",2015,"PRIAs","Pacific Remote Island Areas","Jarvis","Jarvis",2015,"ForereefMid","Jarvis","2015-04-10","Forereef","Mid",-0.37238709,-159.97595762,9.3,1,0,0,34,65,0,0,0,NA,0.10375,0.0299373429638327,0.325,2,1,12.9894683255587,6.20526236153855,1.26699421792188,3.08876005321671,23.5504849582359,0.0190434675455915,0,0,0,0,0,0,0,0,0,0,0,0,0,0,0,0,0.00282942121052258,0,0,0,0,0,0,0,0,0,0,0,0,0,0,0,0,0,0,0,0,0,0,0,0,0,0,0,0,0,0,0,0,0,0,0,0,0,0,0,0.00565884242104517,0,0,0,0,0,0,0,0,0,0,0,0,0,0,0,0,0,0,0,0,0,0,0,0,0.0367824757367936,0,0,0,0,0,0,0,0,0,0,0,0,0,0,0,0,0,0,0,0,0,0,0,0,0,0,0,0,0,0,0,0,0,0,0.00282942121052258,0,0,0,0,0,0,0,0,0,0,0,0,0,0,0,0,0,0,0,0.0169765272631355,0,0.735649514735872,0,0,0,0,0,0,0,0,0,0,0,0,0,0,0,0,0,0,0,0,0,0,0,0,0,0,0,0,0,0,0,0,0,0,0,0,0,0,0,0,0,0,0,0,0,0,0,0,0,0,0,0,0,0,0,0,0,0,0,0,0,0,0,0,0.367824757367936,0,0,0,0,0,0,0,0,0,0,0,0,0,0.033953054526271,0,0,0,0,0,0,0,0,0,0,0,0.0962003211577678,0,0,0,0,0,0,0,0,0,0,0.00565884242104517,0,0,0,0,0,0,0,0,0,0,0,0,0,0,0,0,0,0,0,0,0,0,0,0,0,0,0,0,0,0,0,0,0,0,0,0,0,0,0,0,0,0,0,0,0,0,0,0,0,0,0,0,0,0,0,0,0,0,0.0198059484736581,0,0,0,0,0,0,0,0,0,0,0,0,0,0,0,0,0,0,0,0,0,0,0,0,0,0,0,0,0,0,0,0,0,0,0,0,0,0,0,0,0,0,0,0,0,0,0,0,0,0,0,0,0,0,0,0,0,0,0,0,0,0,0,0,0,0,0,0,0,0,0,0,0.565884242104517,0,0,0,0.00282942121052258,0,0,0,0,0,0,0,0,0,0,0,0,0,0,0,0,0.00282942121052258,0.00282942121052258,0,0,0,0,0,0,0,0,0,0,0,0,0,0,0,0,0,0,0,0,0,0,0,0,0,0,0,0,0,0,0,0,0,0,0,0,0,0,0,0,0,0,0,0,0,0,0,0,0,0,0,0,0,0,0,0,0,0,0,0.00282942121052258,0,0,0,0.00282942121052258,0,0,0,0,0,0.00282942121052258,0,0,0,0,0,0,0,0,0,0,0,0,0,0,0,0,0,0,0,0,0,0,0,0,0,0,0,0,0,0,0,0,0,0,0,0.00282942121052258,0,0,0,0,0,0,0,0,0,0,0,1.13176848420903,0,0,0,0,0,0,0,0.0254647908947033,0,0,0,0,0,4.54122104288875,0,0,0,0,0,0,0,0,0,0,0,0,0,0,0,0,0,0,0,0,0,0,0,0,0,0,0,0,0,0,0,0,0,0,0,0,0,0,0,0,0,0,0,0,0,0,0,0,0,0,0,0,0,0,0,0,0,0,0,0,0,0,0,0,0,0,0,0,0,0,0,0,0,0,0,0.00848826363156775,0,0.00565884242104517,0,0,0,0,0,0,0,0,0,0,0,0,0,0,0,0,0,0.749796620788485,0,0,0,0,0,0,0,0.158447587789265,0,0,0,0,0,0,0,0,0,0,0,0,0,0,0,0,0,0,0,0,0,0,0,0,0,0,0,0,0,0,0,0,0,0.31014775456429,0,0,0,0,0,0,0,0,0,0,0,0,0,0,0,0,0,0,0,0,0,0,0,0,0,0,0,0,0,0,0,0,0,0,0,0,0,0,0,1.94652861599112,0,0,0,0,0,0,0,0,0,0,0,0,0,0,0,0,0,0,0,0,0,0,0,0,0.00866080604133162,0,0,0,0,0,0,0,0,0,0,0,0,0,0,0,0,0,0,0,0,0,0,0,0,0,0,0,0,0,0,0,0,0,0,1.61140260315431,0,0,0,0,0,0,0,0,0,0,0,0,0,0,0,0,0,0,0,0.203215359586681,0,0.346015578677228,0,0,0,0,0,0,0,0,0,0,0,0,0,0,0,0,0,0,0,0,0,0,0,0,0,0,0,0,0,0,0,0,0,0,0,0,0,0,0,0,0,0,0,0,0,0,0,0,0,0,0,0,0,0,0,0,0,0,0,0,0,0,0,0,0.322655877163153,0,0,0,0,0,0,0,0,0,0,0,0,0,0.0395314619423586,0,0,0,0,0,0,0,0,0,0,0,0.952822792678297,0,0,0,0,0,0,0,0,0,0,0.6601630123907,0,0,0,0,0,0,0,0,0,0,0,0,0,0,0,0,0,0,0,0,0,0,0,0,0,0,0,0,0,0,0,0,0,0,0,0,0,0,0,0,0,0,0,0,0,0,0,0,0,0,0,0,0,0,0,0,0,0,0.0546270494051153,0,0,0,0,0,0,0,0,0,0,0,0,0,0,0,0,0,0,0,0,0,0,0,0,0,0,0,0,0,0,0,0,0,0,0,0,0,0,0,0,0,0,0,0,0,0,0,0,0,0,0,0,0,0,0,0,0,0,0,0,0,0,0,0,0,0,0,0,0,0,0,0,0.759756183449524,0,0,0,8.68012138728788,0,0,0,0,0,0,0,0,0,0,0,0,0,0,0,0,0.690217876139193,0.248286972602325,0,0,0,0,0,0,0,0,0,0,0,0,0,0,0,0,0,0,0,0,0,0,0,0,0,0,0,0,0,0,0,0,0,0,0,0,0,0,0,0,0,0,0,0,0,0,0,0,0,0,0,0,0,0,0,0,0,0,0,0.548200359538751,0,0,0,0.37361170425437,0,0,0,0,0,0.0190434675455915,0,0,0,0,0,0,0,0,0,0,0,0,0,0,0,0,0,0,0,0,0,0,0,0,0,0,0,0,0,0,0,0,0,0,0,0.831523886570187,0,0,0,0,0,0,0,0,0,0,0,0.759756183449524,0,0,0,0,0,0,0,0.0248542017974725,0,0,0,0,0,2.82485883270318,0,0,0,0,0,0,0,0,0,0,0,0,0,0,0,0,0,0,0,0,0,0,0,0,0,0,0,0,0,0,0,0,0,0,0,0,0,0,0,0,0,0,0,0,0,0,0,0,0,0,0,0,0,0,0,0,0,0,0,0,0,0,0,0,0,0,0,0,0,0,0,0,0,0,0,0.0293530108189707,0,0.0367926909385261,0,0,0,0,0,0,0,0,0,0,0,0,0,0,0,0,0,0.456548332976898,0,0,0,0,0,0,0,0.811788956568913,0,0,0,0,0,0,0,0,0,0,0,0,0,0,0,0,0,140.8843025,143.6403025,142.3875024,142.2743024,139.0872024,152.2967027,141.1634024,141.8678025,153.1430027,158.3204028,144.7096025,"JAR-00443"
"644",8729,"nSPC",2015,"PRIAs","Pacific Remote Island Areas","Jarvis","Jarvis",2015,"ForereefMid","Jarvis","2015-04-10","Forereef","Mid",-0.37565175,-159.97338689,7.3,8,0,2.5,21,68.5,0,0,0,NA,0.2425,0.179949527055802,0.6,2,1,15.8844914965926,27.1831761929959,20.0901297736308,7.1417312619984,70.2995287252178,4.44884206580146,0,0,0,0,0,0.00848826363156775,0,0,0,0,0,0,0,0,0,0,0.124494533262994,0,0,0,0,0,0,0,0,0,0,0,0,0,0,0,0,0,0,0,0,0,0,0,0,0.00565884242104517,0,0,0,0,0,0,0,0,0,0,0,0,0,0,0.00282942121052258,0,0,0,0,0,0,0,0,0.00565884242104517,0,0,0,0,0,0,0,0,0,0,0,0,0,0,0,0.0594178454209743,0,0,0,0,0,0,0,0,0,0,0,0,0,0,0,0,0,0,0,0,0,0,0,0,0,0,0,0,0,0,0,0,0,0,0.00565884242104517,0,0,0,0.0169765272631355,0,0,0,0,0,0,0,0,0,0,0,0,0,0,0,0.0226353696841807,0,0,0,0,0,0,0,0,0,0,0,0,0,0,0,0,0,0,0,0,0,0,0,0,0,0,0,0,0,0,0,0,0,0,0,0,0,0,0.00282942121052258,0,0,0,0,0,0,0,0,0,0,0,0,0,0,0,0,0,0,0,0,0.00282942121052258,0,0,0,0,0,0,1.81082957473445,0,0,0,0,0,0,0,0,0,0,0,0,0,0,0,0,0,0,0,0,0,0,0,0.00282942121052258,0,0,0,0,0,0,0,0,0,0,0,0,0.0226353696841807,0,0,0,0,0,0,0,0,0,0,0,0,0,0,0,0,0,0,0,0,0,0,0,0,0,0,0,0,0,0.00282942121052258,0,0,0,0,0,0,0,0,0,0,0,0,0,0,0,0,0,0,0,0,0,0,0,0,0,0,0,0,0.0254647908947033,0,0,0,0,0,0,0,0,0,0,0,0,0,0,0,0,0,0,0,0,0,0,0,0,0,0,0,0,0,0,0,0,0,0,0.00282942121052258,0,0,0,0,0,0,0,0,0,0,0,0,0,0,0,0,0,0,0,0,0,0,0,0,0,0,0,0,0,0,0,0,0,0,0,0,0,3.25383439210097,0,0,0,0.00282942121052258,0,0,0,0,0,0,0,0,0,0,0,0,0,0,0,0,0.00565884242104517,0,0,0,0,0,0,0,0,0,0,0,0,0,0,0,0,0,0,0,0,0,0,0,0,0,0,0,0,0,0,0,0,0,0,0,0,0,0,0,0,0,0,0.00282942121052258,0,0,0,0,0,0,0,0,0,0,0,0,0.00282942121052258,0,0,0,0,0,0,0.00565884242104517,0,0.00282942121052258,0,0,0,0,0,0,0,0,0,0,0,0,0,0,0,0,0,0,0,0,0.149959324157697,0,0,0,0,0,0,0,0,0,0,0,0,0,0,0,0,0,0,0,0,0,0,0,0,0,0,0,0,0,0,0,0,0.0282942121052258,0,0,0,0,0,0,0,0,0,0,0,0,0,6.93208196578033,0,0,0,0,0,0,0,0,0,0,0,0,0,0,0,0,0,0,0,0,0,0,0,0,0,0,0,0,0,0,0,0,0,0,0,0,0,0,0,0,0,0,0.00282942121052258,0,0,0,0,0,0,0,0,0,0.00282942121052258,0,0,0,0,0,0,0,0,0,0,0,0,0,0,0,0,0,0,0,0,0,0,0.0367824757367936,0,0,0,0,0,0,0,0,0,0,0,0,0,0,0,0,0,0,0,0.00565884242104517,0,0,0,0,0,0,0,0.0990297423682904,0,0,0,0,0,0,0,0,0,0,0,0,0.00565884242104517,0,0,0,0,0,0,0,0,0,1.21714626923655,0,0,0,0,0,0,0,0,0,0,10.5912769225639,0,0,0,0,0,0,0,0,0,0,0,0,0,0,0,0,0,0,0,0,0,0,0,0,0.821392295099548,0,0,0,0,0,0,0,0,0,0,0,0,0,0,0.802140913183153,0,0,0,0,0,0,0,0,0.280128222148299,0,0,0,0,0,0,0,0,0,0,0,0,0,0,0,0.116661022402233,0,0,0,0,0,0,0,0,0,0,0,0,0,0,0,0,0,0,0,0,0,0,0,0,0,0,0,0,0,0,0,0,0,0,3.20251101251735,0,0,0,0.111433834495659,0,0,0,0,0,0,0,0,0,0,0,0,0,0,0,0.822856232704933,0,0,0,0,0,0,0,0,0,0,0,0,0,0,0,0,0,0,0,0,0,0,0,0,0,0,0,0,0,0,0,0,0,0,0,0,0,0,0.223531678154915,0,0,0,0,0,0,0,0,0,0,0,0,0,0,0,0,0,0,0,0,0.673258100020243,0,0,0,0,0,0,3.00172164455857,0,0,0,0,0,0,0,0,0,0,0,0,0,0,0,0,0,0,0,0,0,0,0,1.07058249271299,0,0,0,0,0,0,0,0,0,0,0,0,3.38499760992085,0,0,0,0,0,0,0,0,0,0,0,0,0,0,0,0,0,0,0,0,0,0,0,0,0,0,0,0,0,0.334010284138542,0,0,0,0,0,0,0,0,0,0,0,0,0,0,0,0,0,0,0,0,0,0,0,0,0,0,0,0,0.452492959543976,0,0,0,0,0,0,0,0,0,0,0,0,0,0,0,0,0,0,0,0,0,0,0,0,0,0,0,0,0,0,0,0,0,0,0.850381413054078,0,0,0,0,0,0,0,0,0,0,0,0,0,0,0,0,0,0,0,0,0,0,0,0,0,0,0,0,0,0,0,0,0,0,0,0,0,7.08879653307815,0,0,0,9.66361284311112,0,0,0,0,0,0,0,0,0,0,0,0,0,0,0,0,1.93698296696254,0,0,0,0,0,0,0,0,0,0,0,0,0,0,0,0,0,0,0,0,0,0,0,0,0,0,0,0,0,0,0,0,0,0,0,0,0,0,0,0,0,0,0.538157640885508,0,0,0,0,0,0,0,0,0,0,0,0,0.0204346147065911,0,0,0,0,0,0,1.05936021093753,0,0.319224740674853,0,0,0,0,0,0,0,0,0,0,0,0,0,0,0,0,0,0,0,0,0.520052430644657,0,0,0,0,0,0,0,0,0,0,0,0,0,0,0,0,0,0,0,0,0,0,0,0,0,0,0,0,0,0,0,0,0.0339176867611395,0,0,0,0,0,0,0,0,0,0,0,0,0,15.0016557630413,0,0,0,0,0,0,0,0,0,0,0,0,0,0,0,0,0,0,0,0,0,0,0,0,0,0,0,0,0,0,0,0,0,0,0,0,0,0,0,0,0,0,1.30989700097384,0,0,0,0,0,0,0,0,0,3.13894506482762,0,0,0,0,0,0,0,0,0,0,0,0,0,0,0,0,0,0,0,0,0,0,0.336433071612383,0,0,0,0,0,0,0,0,0,0,0,0,0,0,0,0,0,0,0,0.00344057619199546,0,0,0,0,0,0,0,0.624937092189334,0,0,0,0,0,0,0,0,0,0,0,0,0.747157582163409,0,0,0,0,141.9089025,143.1734025,142.7471024,143.5166024,139.2756024,154.0118027,141.2054024,141.3816025,155.1140027,158.9080028,146.0668026,"JAR-00459"
"645",8730,"nSPC",2015,"PRIAs","Pacific Remote Island Areas","Jarvis","Jarvis",2015,"ForereefShallow","Jarvis","2015-04-10","Forereef","Shallow",-0.37677174,-159.98102381,5.75,17.5,0,11,60,11.5,0,0,0,NA,0.49625,0.253444803134642,0.85,2,1,23.2809965299616,48.1021252632172,4.14761604071451,4.67941954946916,80.2101573833625,1.66678667306079,0,0,0,0,0,0,0,0,0,0,0,0,0,0,0,0,0.0141471060526129,0,0,0,0,0,0,0,0,0,0,0,0,0,0,0,0,0,0,0,0,0,0,0,0,0,0,0,0,0,0,0,0,0,0,0,0,0,0,0,0,0,0,0,0,0,0,0,0,0,0,0,0,0,0,0,0,0,0,0,0.00282942121052258,0,0,0,0,0.0282942121052258,0,0,0,0,0,0,0,0,0,0,0,0,0,0,0,0,0,0,0.00565884242104517,0,0,0,0,0,0,0,0,0,0,0,0,0,0,0,0.00565884242104517,0,0,0,0.0226353696841807,0,0,0,0,0,0,0,0,0,0,0,0,0,0,0,0.0198059484736581,0,0,0,0,0,0,0,0,0,0,0,0,0,0,0,0,0,0,0,0,0,0,0,0,0,0,0,0,0,0,0,0,0,0,0,0.226353696841807,0,0,0,0,0,0,0,0,0,0,0,0,0,0,0,0,0,0,0,0,0,0,0,0,0,0,0,0,0,0,0.67906109052542,0,0,0,0,0,0,0,0,0.00848826363156775,0,0,0,0,0,0,0,0,0,0,0,0,0,0,0.00282942121052258,0,0,0,0,0,0,0,0,0,0,0,0.00282942121052258,0.0141471060526129,0,0,0,0,0,0,0,0,0,0,0,0,0,0,0,0,0,0,0,0,0,0,0,0,0,0,0,0,0,0,0,0,0,0,0,0,0,0,0,0,0,0,0,0.00282942121052258,0,0,0,0,0,0,0,0,0,0,0,0,0,0,0.033953054526271,0,0,0,0,0,0,0,0,0,0,0,0,0,0,0,0,0,0,0,0.00848826363156775,0,0,0,0,0,0,0,0,0,0,0,0,0,0,0.00282942121052258,0,0,0,0,0,0,0,0,0,0,0,0,0,0,0,0,0,0,0,0,0,0,0,0.00282942121052258,0.00565884242104517,0,0,0,0,0,0,0,0,0,0,0,0,2.29183118052329,0,0,0,0.0113176848420903,0,0,0,0,0,0,0,0,0,0,0,0,0,0,0,0,0.0141471060526129,0.00282942121052258,0,0,0,0,0,0,0,0,0,0,0,0,0,0,0,0,0,0,0,0,0,0,0,0,0,0,0,0,0,0,0,0,0,0,0,0,0,0,0,0,0,0,0,0,0,0,0,0,0,0,0,0,0,0,0,0,0,0,0,0,0,0,0,0,0,0,0,0,0,0,0,0,0,0,0,0,0,0,0,0,0,0,0,0,0.155618166578742,0,0,0,0,0,0,0,0,0,0,0,0,0,0,0,0,0,0,0,0,0.00282942121052258,0,0,0,0,0,0,0,0,0,0,0,0,0,0,0,0,0,0,0,0,0,0,0,0,0,4.24413181578388,0,0,0,0,0,0,0,0,0,0,0,0,0,0,0.778090832893711,0,0,0,0,0,0,0,0,0,0,0,0,0,0,0,0,0,0,0,0,0,0,0,0,0,0,0,0,0,0,0,0,0,0,0,0,0,0.00282942121052258,0,0,0,0,0,0,0,0,0,0,0,0,0,0,0,0,0,0,0,0,0,0,0.0707355302630646,0,0,0,0,0,0,0,0,0,0,0,0,0,0,0,0,0,0,0,0.0311236333157484,0,0,0,0,0,0,0,0.0650766878420194,0,0,0,0,0,0,0,0,0,0,0,0,0,0,0,0,0,0,0,0,0,0,0,0,0,0,0,0,0,0,0,0,0,0.335891981476903,0,0,0,0,0,0,0,0,0,0,0,0,0,0,0,0,0,0,0,0,0,0,0,0,0,0,0,0,0,0,0,0,0,0,0,0,0,0,0,0,0,0,0,0,0,0,0,0,0,0,0,0,0,0,0,0,0,0,0,0.387383452121338,0,0,0,0,0.0669024453210871,0,0,0,0,0,0,0,0,0,0,0,0,0,0,0,0,0,0,0.626133618420072,0,0,0,0,0,0,0,0,0,0,0,0,0,0,0,2.44388612466565,0,0,0,0.0964930053622606,0,0,0,0,0,0,0,0,0,0,0,0,0,0,0,1.1854676348225,0,0,0,0,0,0,0,0,0,0,0,0,0,0,0,0,0,0,0,0,0,0,0,0,0,0,0,0,0,0,0,0,0,0,0,0.265716604722597,0,0,0,0,0,0,0,0,0,0,0,0,0,0,0,0,0,0,0,0,0,0,0,0,0,0,0,0,0,0,0.864673951356912,0,0,0,0,0,0,0,0,0.0395527489208104,0,0,0,0,0,0,0,0,0,0,0,0,0,0,0.0578960056561789,0,0,0,0,0,0,0,0,0,0,0,0.159938242368366,1.19334721898919,0,0,0,0,0,0,0,0,0,0,0,0,0,0,0,0,0,0,0,0,0,0,0,0,0,0,0,0,0,0,0,0,0,0,0,0,0,0,0,0,0,0,0,1.62416972314365,0,0,0,0,0,0,0,0,0,0,0,0,0,0,1.35828646473178,0,0,0,0,0,0,0,0,0,0,0,0,0,0,0,0,0,0,0,0.324494075058317,0,0,0,0,0,0,0,0,0,0,0,0,0,0,0.0104507501831862,0,0,0,0,0,0,0,0,0,0,0,0,0,0,0,0,0,0,0,0,0,0,0,0.0048155202490365,0.0289404263066379,0,0,0,0,0,0,0,0,0,0,0,0,2.33218014169595,0,0,0,18.0274730473298,0,0,0,0,0,0,0,0,0,0,0,0,0,0,0,0,2.80435492024099,0.387383452121338,0,0,0,0,0,0,0,0,0,0,0,0,0,0,0,0,0,0,0,0,0,0,0,0,0,0,0,0,0,0,0,0,0,0,0,0,0,0,0,0,0,0,0,0,0,0,0,0,0,0,0,0,0,0,0,0,0,0,0,0,0,0,0,0,0,0,0,0,0,0,0,0,0,0,0,0,0,0,0,0,0,0,0,0,0.442970729633771,0,0,0,0,0,0,0,0,0,0,0,0,0,0,0,0,0,0,0,0,0.95014567316862,0,0,0,0,0,0,0,0,0,0,0,0,0,0,0,0,0,0,0,0,0,0,0,0,0,8.81445843294716,0,0,0,0,0,0,0,0,0,0,0,0,0,0,32.9349155978766,0,0,0,0,0,0,0,0,0,0,0,0,0,0,0,0,0,0,0,0,0,0,0,0,0,0,0,0,0,0,0,0,0,0,0,0,0,1.66678667306079,0,0,0,0,0,0,0,0,0,0,0,0,0,0,0,0,0,0,0,0,0,0,0.307775467335665,0,0,0,0,0,0,0,0,0,0,0,0,0,0,0,0,0,0,0,0.018923169055975,0,0,0,0,0,0,0,0.448350085019409,0,0,0,0,0,0,0,0,0,0,0,0,0,0,0,0,0,119.0323021,112.2316019,101.5669017,107.9246018,120.219202,133.4896023,120.9821021,117.510502,131.1762023,134.5581024,126.2646022,"JAR-00513"
"646",8731,"nSPC",2015,"PRIAs","Pacific Remote Island Areas","Jarvis","Jarvis",2015,"ForereefShallow","Jarvis","2015-04-10","Forereef","Shallow",-0.37978747,-159.98046281,6,3.5,0,31,30.5,35,0,0,0,NA,0.19125,0.157961681077341,0.6,2,1,29.7112615980571,7.44078274621762,11.5306660256993,2.25873338824469,50.9414437582187,4.75811416147243,0,0,0,0,0,0,0,0,0,0,0,0,0,0,0,0,0.0565884242104517,0.00282942121052258,0,0,0,0,0,0,0,0,0,0,0,0,0,0,0,0,0,0,0,0,0,0,0,0.00282942121052258,0,0,0,0,0,0,0,0,0,0,0,0,0,0,0,0,0,0,0,0,0,0,0,0.00282942121052258,0,0,0,0,0,0,0,0,0,0,0,0,0,0,0,0.0763943726841098,0,0,0,0,0,0,0,0,0,0,0,0,0,0,0,0,0,0,0,0,0,0,0,0,0,0,0,0,0,0,0,0,0,0,0.00282942121052258,0,0,0,0.00565884242104517,0,0,0,0,0,0,0,0,0,0,0,0,0,0,0,0.00565884242104517,0,0,0,0,0,0,0,0,0,0,0,0,0,0,0,0,0,0,0,0,0,0,0,0,0,0,0,0,0,0,0,0,0,0,0,0.0141471060526129,0,0,0,0,0,0,0,0,0,0,0,0,0,0,0,0,0,0,0,0,0,0,0,0,0,0,0,0,0,0,0.905414787367227,0,0,0,0,0,0,0,0,0,0,0,0,0,0.0198059484736581,0,0,0,0,0,0,0,0,0,0.00565884242104517,0,0,0,0,0,0,0,0,0,0,0,0.00282942121052258,0.0113176848420903,0,0,0,0,0,0,0,0,0,0,0,0,0,0,0,0,0,0,0,0,0,0,0,0,0,0,0,0,0,0,0,0,0,0,0,0,0,0,0,0,0,0,0,0,0,0,0,0,0,0,0,0,0,0,0,0,0,0,0.0141471060526129,0,0,0,0,0,0,0,0,0,0,0,0,0,0,0,0,0,0,0,0,0,0,0,0,0,0,0,0,0,0,0,0,0,0,0.00282942121052258,0,0,0,0,0,0,0,0,0,0,0,0,0,0,0,0,0,0,0,0,0,0,0,0,0,0,0,0,0.00282942121052258,0,0,0,0,0,0,0,0,0,0,0,0,0.00565884242104517,0,0,0,0,0,0,0,0,0,0,0,0,0,0,0,0,0.00565884242104517,0,0,0,0,0,0,0,0,0,0,0,0,0,0,0,0.00282942121052258,0,0,0,0,0,0,0,0,0,0,0,0,0,0,0,0,0,0,0,0,0,0,0,0,0,0,0,0,0,0,0,0,0,0,0,0,0,0,0,0,0,0,0,0,0.00282942121052258,0,0.00282942121052258,0,0.00282942121052258,0,0,0,0,0,0,0,0,0,0,0,0,0,0,0,0,0,0,0,0,0.116006269631426,0,0,0,0,0.00565884242104517,0,0,0,0,0,0.0848826363156775,0,0,0,0,0,0,0,0,0,0.00282942121052258,0,0,0,0,0,0,0,0,0,0,0,0,0,0,0,0,0,0,0,0,0,0,0,0,0,3.3953054526271,0,0,0,0,0,0,0,0,0,0,0,0,0,0,0,0,0,0,0,0,0,0,0,0,0,0,0,0,0,0,0,0,0,0,0,0,0,0,0,0,0,0,0.00282942121052258,0,0,0,0,0,0,0,0,0,0.00282942121052258,0,0,0,0,0,0,0,0,0,0,0,0,0,0,0,0,0,0,0,0,0,0,0.0594178454209743,0,0,0,0,0,0,0,0,0,0,0,0,0,0,0,0,0,0,0,0.169765272631355,0,0,0,0,0,0,0,0.0933708999472453,0,0,0,0,0,0,0.00565884242104517,0,0,0,0,0,0,0,0,0,0,0,0,0,0,0,0,0,0,0,0,0,0,0,0,0,0,4.73168387115757,0.05986044153658,0,0,0,0,0,0,0,0,0,0,0,0,0,0,0,0,0,0,0,0,0,0,0,0.0297089227104871,0,0,0,0,0,0,0,0,0,0,0,0,0,0,0,0,0,0,0,0,0,0,0,0.0752454629135916,0,0,0,0,0,0,0,0,0,0,0,0,0,0,0,0.115944010557085,0,0,0,0,0,0,0,0,0,0,0,0,0,0,0,0,0,0,0,0,0,0,0,0,0,0,0,0,0,0,0,0,0,0,0.489340134096332,0,0,0,0.0380222770384222,0,0,0,0,0,0,0,0,0,0,0,0,0,0,0,0.25223134870186,0,0,0,0,0,0,0,0,0,0,0,0,0,0,0,0,0,0,0,0,0,0,0,0,0,0,0,0,0,0,0,0,0,0,0,0.00846789179885199,0,0,0,0,0,0,0,0,0,0,0,0,0,0,0,0,0,0,0,0,0,0,0,0,0,0,0,0,0,0,0.65334165172177,0,0,0,0,0,0,0,0,0,0,0,0,0,0.0281887770048831,0,0,0,0,0,0,0,0,0,0.520407382849338,0,0,0,0,0,0,0,0,0,0,0,0.0101213310703423,1.57232404343883,0,0,0,0,0,0,0,0,0,0,0,0,0,0,0,0,0,0,0,0,0,0,0,0,0,0,0,0,0,0,0,0,0,0,0,0,0,0,0,0,0,0,0,0,0,0,0,0,0,0,0,0,0,0,0,0,0,0,0.476090204417479,0,0,0,0,0,0,0,0,0,0,0,0,0,0,0,0,0,0,0,0,0,0,0,0,0,0,0,0,0,0,0,0,0,0,0.237706183564786,0,0,0,0,0,0,0,0,0,0,0,0,0,0,0,0,0,0,0,0,0,0,0,0,0,0,0,0,0.0048155202490365,0,0,0,0,0,0,0,0,0,0,0,0,27.8961528535153,0,0,0,0,0,0,0,0,0,0,0,0,0,0,0,0,1.07760132826053,0,0,0,0,0,0,0,0,0,0,0,0,0,0,0,0.642160170573982,0,0,0,0,0,0,0,0,0,0,0,0,0,0,0,0,0,0,0,0,0,0,0,0,0,0,0,0,0,0,0,0,0,0,0,0,0,0,0,0,0,0,0,0,0.28067858408384,0,0.543613952039408,0,0.0597154731853263,0,0,0,0,0,0,0,0,0,0,0,0,0,0,0,0,0,0,0,0,0.261101915588273,0,0,0,0,0.0133630963520719,0,0,0,0,0,0.138799695023994,0,0,0,0,0,0,0,0,0,0.1715681798267,0,0,0,0,0,0,0,0,0,0,0,0,0,0,0,0,0,0,0,0,0,0,0,0,0,4.89999169589045,0,0,0,0,0,0,0,0,0,0,0,0,0,0,0,0,0,0,0,0,0,0,0,0,0,0,0,0,0,0,0,0,0,0,0,0,0,0,0,0,0,0,3.25287158460772,0,0,0,0,0,0,0,0,0,1.50524257686471,0,0,0,0,0,0,0,0,0,0,0,0,0,0,0,0,0,0,0,0,0,0,0.221740204961116,0,0,0,0,0,0,0,0,0,0,0,0,0,0,0,0,0,0,0,0.0432759974149429,0,0,0,0,0,0,0,0.380822269582713,0,0,0,0,0,0,0.249244725620342,0,0,0,0,0,0,0,0,0,0,117.3621021,109.2403019,101.6644017,108.4995018,121.4984021,134.6713024,120.5029021,118.2787021,135.0782024,136.7732024,125.7511022,"JAR-00510"
"647",8732,"nSPC",2015,"PRIAs","Pacific Remote Island Areas","Jarvis","Jarvis",2015,"ForereefMid","Jarvis","2015-04-10","Forereef","Mid",-0.38203038,-159.97515304,10.65,12.5,0,8.5,36.5,42.5,0,0,0,NA,0.50625,0.342878285483938,1.15,2,1,63.3577536394646,2126.91430442695,39.3723803148868,12.4264521725334,2242.07089055383,24.6201036599683,0,0,0,0,0,0,0,0,0,0,0,0,0,0,0,0,0.113176848420903,0,0,0,0,0,0,0,0,0,0,0,0,0,0,0,0,0,0,0,0,0,0,0,0,0.00282942121052258,0,0,0,0,0,0.00282942121052258,0,0,0,0,0,0,0,0,0.00565884242104517,0,0,0,0,0,0,0,0,0.00565884242104517,0,0,0,0,0,0,0,0,0,0,0.00282942121052258,0,0,0,0,0,0,0.00282942121052258,0,0,0,0,0,0,0.0113176848420903,0,0,0,0,0,0,0,0,0,0,0,0,0,0,0,0,0,0,0,0,0,0,0,0,0,0.00848826363156775,0,0,0,0.0226353696841807,0,0,0,0,0.0735649514735872,0,0,0,0,0,0,0,0,0,0,0.0282942121052258,0,0,0,0,0,0,0,0,0,0,0,0,0,0,0,0,0,0,0,0,0,0,0,0,0,0,0,0,0,0,0,0,0,0,0,0.254647908947033,0,0,0,0,0,0,0,0.00565884242104517,0,0,0,0,0,0,0,0,0,0,0,0,0,0,0,0.00848826363156775,0,0,0,0,0,0,0.650766878420194,0,0,0,0,0,0,0,0,0,0,0,0,0,0.0113176848420903,0,0,0,0,0,0,0,0,0,0.00565884242104517,0,0,0,0,0,0.00282942121052258,0,0,0,0,0,0,0.00565884242104517,0,0,0,0,0,0,0,0,0,0,0,0,0,0,0,0,0,0,0,0,0,0,0,0,0,0,0,0,0,0,0,0,0,0,0,0,0.00282942121052258,0,0,0,0,0,0,0,0,0,0,0,0,0,0,0,0,0,0,0,0,0,0.0198059484736581,0,0,0,0,0,0,0,0,0,0,0,0,0,0,0,0,0,0,0,0.00282942121052258,0,0,0,0,0,0.00282942121052258,0,0,0,0,0,0,0,0,0.00282942121052258,0,0,0,0,0,0,0,0,0,0,0,0,0,0,0,0,0,0,0,0,0,0,0,0.00565884242104517,0.0113176848420903,0,0,0,0.00282942121052258,0,0,0,0,0,0,0,0,7.61114305630575,0,0,0,0.0169765272631355,0,0,0,0,0,0,0.00565884242104517,0,0,0,0,0,0,0,0,0,0.0141471060526129,0.0113176848420903,0,0,0,0,0,0,0,0.0113176848420903,0.00565884242104517,0,0.00848826363156775,0.0113176848420903,0,0,0,0,0,0,0,0,0,0,0.00848826363156775,0,0,0,0,0,0,0,0,0,0,0,0,0,0,0,0,0,0,0,0,0,0,0,0,0,0,0,0,0,0,0,0,0,0,0,0,0,0,0.00282942121052258,0,0.00282942121052258,0,0,0,0,0,0,0,0,0,0,0,0.00565884242104517,0,0.0169765272631355,0,0,0,0,0,0,0.144300481736652,0,0,0,0,0,0,0,0,0,0,0,0,0,0,0,0,0,0,0,0,0.00282942121052258,0,0,0,0,0,0,0,0,0,0,0,5.43248872420336,0,0,0,0,0,0,0,0.00565884242104517,0,0,0,0,0.00565884242104517,6.22472666314968,0,0,0,0,0,0,0,0,0,0,0,0,0,0,0,0,0,0,0,0,0,0,0,0,0,0,0,0,0,0,0,0,0,0.00848826363156775,0,0,0,0,0,0,0,0,0.00565884242104517,0,0,0,0,0,0,0,0,0,0.00565884242104517,0,0,0,0,0,0,0,0,0,0,0,0,0,0,0,0,0,0,0,0,0,0,0.0396118969473162,0,0,0,0,0,0,0,0,0,0,0,0,0,0,0,0,0,0,0,0.0820532151051549,0,0,0,0,0,0,0,0.0877120575262001,0,0,0,0,0,0,0.00565884242104517,0,0,0,0,0,0,0,0.00565884242104517,0,0,0,0,0,0,0,0,0,0,0,0,0,0,0,0,0,0,10.5834642248964,0,0,0,0,0,0,0,0,0,0,0,0,0,0,0,0,0,0,0,0,0,0,0,0,0.275134333221821,0,0,0,0,0,0.101578406061071,0,0,0,0,0,0,0,0,1.7379719785635,0,0,0,0,0,0,0,0,0.329490906017824,0,0,0,0,0,0,0,0,0,0,0.575196051615958,0,0,0,0,0,0,0.0070997735881334,0,0,0,0,0,0,1.22536736553821,0,0,0,0,0,0,0,0,0,0,0,0,0,0,0,0,0,0,0,0,0,0,0,0,0,3.83012728222163,0,0,0,0.149335073760676,0,0,0,0,0.147462782723377,0,0,0,0,0,0,0,0,0,0,1.69825241936496,0,0,0,0,0,0,0,0,0,0,0,0,0,0,0,0,0,0,0,0,0,0,0,0,0,0,0,0,0,0,0,0,0,0,0,0.162787919926206,0,0,0,0,0,0,0,0.447063356309831,0,0,0,0,0,0,0,0,0,0,0,0,0,0,0,2.22295774339124,0,0,0,0,0,0,0.586912500541121,0,0,0,0,0,0,0,0,0,0,0,0,0,0.0188677618445927,0,0,0,0,0,0,0,0,0,2.76361450631212,0,0,0,0,0,0.0410489599801406,0,0,0,0,0,0,0.499425118038868,0,0,0,0,0,0,0,0,0,0,0,0,0,0,0,0,0,0,0,0,0,0,0,0,0,0,0,0,0,0,0,0,0,0,0,0,0.368956299498448,0,0,0,0,0,0,0,0,0,0,0,0,0,0,0,0,0,0,0,0,0,0.674784920474281,0,0,0,0,0,0,0,0,0,0,0,0,0,0,0,0,0,0,0,0.570442416355386,0,0,0,0,0,0.012907536620283,0,0,0,0,0,0,0,0,0.198177188658939,0,0,0,0,0,0,0,0,0,0,0,0,0,0,0,0,0,0,0,0,0,0,0,0.00540243409826541,0.0837366243970189,0,0,0,0.00785111761276115,0,0,0,0,0,0,0,0,5.63901893016,0,0,0,45.4953518268387,0,0,0,0,0,0,2085.09669035525,0,0,0,0,0,0,0,0,0,1.92049311316726,2.15520265652106,0,0,0,0,0,0,0,1.51316717949802,1.31241428273929,0,0.623173630946536,1.33070807101074,0,0,0,0,0,0,0,0,0,0,21.67971716198,0,0,0,0,0,0,0,0,0,0,0,0,0,0,0,0,0,0,0,0,0,0,0,0,0,0,0,0,0,0,0,0,0,0,0,0,0,0,0.961071597579071,0,0.37361170425437,0,0,0,0,0,0,0,0,0,0,0,0.0462396839972959,0,0.398289701425875,0,0,0,0,0,0,0.459812484871766,0,0,0,0,0,0,0,0,0,0,0,0,0,0,0,0,0,0,0,0,0.134943019909211,0,0,0,0,0,0,0,0,0,0,0,3.00809180347194,0,0,0,0,0,0,0,0.00255157204764927,0,0,0,0,0.0553387841312727,4.24502051710408,0,0,0,0,0,0,0,0,0,0,0,0,0,0,0,0,0,0,0,0,0,0,0,0,0,0,0,0,0,0,0,0,0,0.688634154249102,0,0,0,0,0,0,0,0,13.5707267414547,0,0,0,0,0,0,0,0,0,11.0493769185136,0,0,0,0,0,0,0,0,0,0,0,0,0,0,0,0,0,0,0,0,0,0,0.297521199825745,0,0,0,0,0,0,0,0,0,0,0,0,0,0,0,0,0,0,0,0.0209928906714723,0,0,0,0,0,0,0,0.481425736028297,0,0,0,0,0,0,9.26602223539825,0,0,0,0,0,0,0,0.919865599152384,0,0,134.1137024,126.0327022,123.2297021,128.8409022,134.6223023,146.4953026,132.0289023,130.8261023,146.4693026,146.4175026,138.7223025,"JAR-00447"
"648",8744,"nSPC",2015,"PRIAs","Pacific Remote Island Areas","Jarvis","Jarvis",2015,"ForereefDeep","Jarvis","2015-04-11","Forereef","Deep",-0.36425354,-159.98602278,24.55,8.5,0,19,32.5,40,0,0,0,NA,0.26375,0.234265616418651,0.7,2,1,59.3443761771539,38.2655076794342,25.1470732174152,21.4074021560866,144.16435923009,13.4509443114547,0,0,0,0,0,0,0,0,0,0,0,0,0,0,0,0,0.0452707393683613,0,0,0,0,0,0,0,0,0.00565884242104517,0,0,0,0,0,0,0,0,0,0,0,0,0,0,0,0,0,0,0,0,0,0,0,0,0,0,0.033953054526271,0,0,0,0.0113176848420903,0,0,0,0,0,0,0,0,0.00565884242104517,0,0,0,0,0,0,0,0,0,0,0.0141471060526129,0,0,0,0,0,0,0,0,0,0,0,0,0,0,0,0,0,0,0,0,0,0,0,0.00565884242104517,0,0,0,0,0,0,0,0,0,0,0,0,0,0,0,0.00565884242104517,0,0,0,0.0311236333157484,0,0,0,0,0.121665112052471,0.0509295817894065,0,0,0,0,0,0,0,0,0,0.0594178454209743,0,0,0,0,0,0,0,0,0,0,0,0,0,0,0,0,0,0,0,0,0,0,0,0,0,0,0,0,0,0,0,0,0,0,0,1.32982796894561,0,0,0,0,0,0,0,0,0,0,0,0,0,0,0,0,0,0,0,0,0,0,0,0,0,0,0,0,0,0,0,0,0,0,0,0,0,0,0,0,0,0,0,0,0,0,0,0,0,0,0,0,0,0,0.00848826363156775,0,0,0,0,0,0,0,0,0,0.0141471060526129,0,0.00282942121052258,0.0282942121052258,0,0,0,0,0,0,0,0,0,0,0,0,0,0,0,0,0,0,0,0,0,0,0,0,0,0,0.00282942121052258,0,0,0,0,0,0,0,0,0,0,0,0,0.0113176848420903,0,0,0,0,0,0,0,0,0.00282942121052258,0,0,0,0,0,0,0,0,0,0,0,0.00565884242104517,0,0,0,0,0.0113176848420903,0,0,0,0,0,0,0,0,0,0,0,0,0,0,0,0,0,0,0,0,0,0,0,0,0,0,0,0,0,0,0,0,0,0,0,0,0,0,0,0,0,0,0,0,0,0,0,0,0,0,0,0.00282942121052258,0,0,0,0,0.00565884242104517,0,0,0,0,0,0,0,0,4.24413181578388,0,0,0,0.00565884242104517,0,0,0,0,0,12.4494533262994,0,0,0,0,0,0,0,0,0,0,0,0.00848826363156775,0,0,0,0,0,0,0,0,0,0,0,0,0,0,0,0,0,0,0,0,0,0,0,0,0,0,0,0,0,0,0,0,0,0,0,0,0,0,0,0,0,0,0.0848826363156775,0,0,0,0,0,0,0,0,0,0,0,0,0,0,0,0,0,0.00282942121052258,0,0,0,0,0,0,0,0,0,0,0,0,0,0,0,0,0,0,0,0,0,0,0,0,0,0,0,0,0.00565884242104517,0,0,0,0,0,0,0,0,0,0,0,0,0,0,0,0.00848826363156775,0,0,0,0,0,0,0,0,0,0,0,12.7323954473516,0,0,0,0,0,0.00282942121052258,0,0.0169765272631355,0,0,0,0,0.0537590029999291,0,0,0,0,0,0,0,0,0,0,0,0,0,0,0,0,0,0,0,0,0,0,0,0,0,0.00282942121052258,0,0,0,0,0,0,0,0,0.00565884242104517,0,0,0,0,0,0,0,0.00282942121052258,0,0,0,0,0,0,0,0,0,0,0.00282942121052258,0,0,0,0,0.00282942121052258,0,0,0,0,0,0,0,0,0,0,0,0,0,0,0,0,0,0,0,0,0,0,0,0,0,0,0,0,0,0,0,0,0,0,0,0,0,0,0,0,0,0,0,0,0,0,0,0,0,0,0,0,0.00282942121052258,0,0,0,0,0,0,0,0,0,0,0,0,0,0,0,0,0,0,0,0,0,0,0,0,0,0,5.87294098730225,0,0,0,0,0,0,0,0,0.323420669716358,0,0,0,0,0,0,0,0,0,0,0,0,0,0,0,0,0,0,0,0,0,0,0,0,0,0,0.296008257495477,0,0,0,3.88857118465295,0,0,0,0,0,0,0,0,0.663249754417801,0,0,0,0,0,0,0,0,0,0,2.0173154204848,0,0,0,0,0,0,0,0,0,0,0,0,0,0,0,0,0,0,0,0,0,0,0,0.985665105620421,0,0,0,0,0,0,0,0,0,0,0,0,0,0,0,5.41965024964324,0,0,0,0.301849962469804,0,0,0,0,0.277729982241145,13.6275588062119,0,0,0,0,0,0,0,0,0,4.67686079953463,0,0,0,0,0,0,0,0,0,0,0,0,0,0,0,0,0,0,0,0,0,0,0,0,0,0,0,0,0,0,0,0,0,0,0,2.19435196097837,0,0,0,0,0,0,0,0,0,0,0,0,0,0,0,0,0,0,0,0,0,0,0,0,0,0,0,0,0,0,0,0,0,0,0,0,0,0,0,0,0,0,0,0,0,0,0,0,0,0,0,0,0,0,8.0708589788198,0,0,0,0,0,0,0,0,0,0.776107384493467,0,0.380456733928957,2.34378546780093,0,0,0,0,0,0,0,0,0,0,0,0,0,0,0,0,0,0,0,0,0,0,0,0,0,0,1.37436257571848,0,0,0,0,0,0,0,0,0,0,0,0,6.82597196521907,0,0,0,0,0,0,0,0,0.119366207318922,0,0,0,0,0,0,0,0,0,0,0,2.95709327491672,0,0,0,0,1.71090036018698,0,0,0,0,0,0,0,0,0,0,0,0,0,0,0,0,0,0,0,0,0,0,0,0,0,0,0,0,0,0,0,0,0,0,0,0,0,0,0,0,0,0,0,0,0,0,0,0,0,0,0,0.0174192156537166,0,0,0,0,0.00266248902704558,0,0,0,0,0,0,0,0,5.33186035885113,0,0,0,16.856867016609,0,0,0,0,0,8.89457417624122,0,0,0,0,0,0,0,0,0,0,0,1.74325838772394,0,0,0,0,0,0,0,0,0,0,0,0,0,0,0,0,0,0,0,0,0,0,0,0,0,0,0,0,0,0,0,0,0,0,0,0,0,0,0,0,0,0,11.9318460835994,0,0,0,0,0,0,0,0,0,0,0,0,0,0,0,0,0,0.0126222754078381,0,0,0,0,0,0,0,0,0,0,0,0,0,0,0,0,0,0,0,0,0,0,0,0,0,0,0,0,0.0388962351825164,0,0,0,0,0,0,0,0,0,0,0,0,0,0,0,2.22726265673068,0,0,0,0,0,0,0,0,0,0,0,9.29344617255222,0,0,0,0,0,5.49245015543763,0,0.0325089179404203,0,0,0,0,0.425335180343394,0,0,0,0,0,0,0,0,0,0,0,0,0,0,0,0,0,0,0,0,0,0,0,0,0,0.459462042568811,0,0,0,0,0,0,0,0,0.854949796540588,0,0,0,0,0,0,0,3.140041191717,0,0,0,0,0,0,0,0,0,0,9.35941517313073,0,0,0,0,0.951487946606965,0,0,0,0,0,0,0,0,0,0,0,0,0,0,0,0,0,0,0,0,0,0,0,0,0,0,0,0,0,0,0,0,0,0,0,0,0,0,0,0,0,0,0,0,0,0,0,0,0,0,0,0,1.99391766905318,0,0,0,0,0,0,0,0,0,0,99.28780171,100.0133018,105.1026017,107.4487018,90.25200153,109.4001019,95.48480164,99.52140179,104.1816018,102.3991017,104.2022018,"JAR-00437"
"649",8745,"nSPC",2015,"PRIAs","Pacific Remote Island Areas","Jarvis","Jarvis",2015,"ForereefShallow","Jarvis","2015-04-11","Forereef","Shallow",-0.36590268,-159.98351114,6,9,0,11,32.5,46.5,1,0,0,NA,0.34625,0.271943188209428,1.05,2,1,1.33042582143158,4.37229342266543,3.37272187895589,8.4673653252173,17.5428064482702,2.02959667379003,0,0,0,0,0,0,0,0,0,0,0,0,0,0,0,0,0.00282942121052258,0,0,0,0,0,0,0,0,0,0,0,0,0,0,0,0,0,0,0,0,0,0,0,0,0,0,0,0,0,0,0,0,0,0,0,0,0,0,0,0,0,0,0,0,0,0,0,0,0,0,0,0,0,0,0,0,0,0,0,0.00282942121052258,0,0,0,0,0.0282942121052258,0,0,0,0,0,0,0,0,0,0,0,0,0,0,0,0,0,0,0,0,0,0,0,0,0,0,0,0,0,0,0,0,0,0,0.00282942121052258,0,0,0,0,0,0,0,0,0,0,0,0,0,0,0,0,0,0,0,0,0,0,0,0,0,0,0,0,0,0,0,0,0,0,0,0,0,0,0,0,0,0,0,0,0,0,0,0,0,0,0,0,0,0,0,0,0,0,0,0,0,0,0,0,0,0,0,0,0,0,0.00565884242104517,0,0,0,0,0,0,0,0,0,0,0,0,0,0,0,0.212206590789194,0,0,0,0,0,0,0,0,0.0226353696841807,0,0,0,0,0.00282942121052258,0,0,0,0,0,0,0,0,0,0.00282942121052258,0,0.00565884242104517,0,0,0,0.00282942121052258,0,0,0,0,0,0.00282942121052258,0,0,0.00282942121052258,0,0,0,0,0,0,0,0,0,0,0,0,0,0,0,0,0,0,0,0,0,0,0,0,0,0,0,0,0,0,0,0,0,0,0,0,0,0,0,0,0,0,0,0,0,0,0,0,0,0,0,0,0,0,0,0,0.00848826363156775,0,0,0,0,0,0,0,0,0,0,0,0,0,0,0,0,0,0,0,0,0,0,0,0,0.00565884242104517,0,0,0,0,0,0,0,0,0,0,0,0,0,0,0,0,0,0,0,0,0,0,0,0,0,0,0,0,0,0,0,0,0,0,0,0,0,0,0.00282942121052258,0,0,0,0,0,0,0,0,0,0,0,0,0,0,0,0,0,0,0,0,0,0,0,0,0,0.00282942121052258,0,0,0,0,0,0,0,0,0,0,0,0,0,0,0,0,0,0,0,0,0,0,0,0,0,0,0,0,0,0,0,0,0,0,0,0,0,0,0,0,0,0,0,0,0,0,0,0,0,0,0,0,0,0,0,0,0,0,0,0.00848826363156775,0,0,0,0,0,0.00282942121052258,0.00282942121052258,0,0,0,0,0,0,0,0,0,0,0,0,0,0,0,0,0,0,0,0,0,0,0.166935851420832,0,0,0,0.0141471060526129,0,0,0,0,0,0,0.00848826363156775,0,0,0,0,0,0,0,0,0,0.00282942121052258,0,0,0,0,0,0,0,0,0,0,0,0,0,0,0,0,0,0,0,0,0,0,0,0,0,0,0,0,0,0,0,0,0,0,0,0,0,0,0,0,0,0,0,0.316895175578529,0,0,0,0,0,0.0113176848420903,0,0,0,0,0,0,0,0,0,0,0,0,0,0,0,0,0,0,0.00282942121052258,0,0,0,0,0,0,0,0,0,0,0,0,0,0,0,0,0,0,0,0,0,0,0,0,0,0,0,0,0,0,0,0,0.0396118969473162,0,0.00848826363156775,0,0,0,0,0,0,0,0,0,0,0,0,0,0,0,0,0,2.26353696841807,0,0,0,0,0,0,0.00282942121052258,0.226353696841807,0,0,0,0,0,0,0,0.00565884242104517,0,0,0,0,0,0,0,0,0,0,0,0,0,0,0,0,0,0,0,0,0,0,0,0,0,0.562628161060953,0,0,0,0,0,0,0,0,0,0,0,0,0,0,0,0,0,0,0,0,0,0,0,0,0,0,0,0,0,0,0,0,0,0,0,0,0,0,0,0,0,0,0,0,0,0,0,0,0,0,0,0,0,0,0,0,0,0,0,0.474639722654202,0,0,0,0,0.053282952308487,0,0,0,0,0,0,0,0,0,0,0,0,0,0,0,0,0,0,0,0,0,0,0,0,0,0,0,0,0,0,0,0,0,0,0.645366508516866,0,0,0,0,0,0,0,0,0,0,0,0,0,0,0,0,0,0,0,0,0,0,0,0,0,0,0,0,0,0,0,0,0,0,0,0,0,0,0,0,0,0,0,0,0,0,0,0,0,0,0,0,0,0,0,0,0,0,0,0,0,0,0,0,0,0,0,0,0,0,0.358222584828211,0,0,0,0,0,0,0,0,0,0,0,0,0,0,0,0.309881040397644,0,0,0,0,0,0,0,0,0.0771997037748824,0,0,0,0,0.0100874715797333,0,0,0,0,0,0,0,0,0,0.56674907181873,0,0.168493701407084,0,0,0,0.246725529557569,0,0,0,0,0,0.159938242368366,0,0,0.126744701598381,0,0,0,0,0,0,0,0,0,0,0,0,0,0,0,0,0,0,0,0,0,0,0,0,0,0,0,0,0,0,0,0,0,0,0,0,0,0,0,0,0,0,0,0,0,0,0,0,0,0,0,0,0,0,0,0,0.290392732072398,0,0,0,0,0,0,0,0,0,0,0,0,0,0,0,0,0,0,0,0,0,0,0,0,0.0671817772226482,0,0,0,0,0,0,0,0,0,0,0,0,0,0,0,0,0,0,0,0,0,0,0,0,0,0,0,0,0,0,0,0,0,0,0,0,0,0,0.00785111761276115,0,0,0,0,0,0,0,0,0,0,0,0,0,0,0,0,0,0,0,0,0,0,0,0,0,0.029697605025645,0,0,0,0,0,0,0,0,0,0,0,0,0,0,0,0,0,0,0,0,0,0,0,0,0,0,0,0,0,0,0,0,0,0,0,0,0,0,0,0,0,0,0,0,0,0,0,0,0,0,0,0,0,0,0,0,0,0,0,0.113751317935527,0,0,0,0,0,0.141445360875306,0.543613952039408,0,0,0,0,0,0,0,0,0,0,0,0,0,0,0,0,0,0,0,0,0,0,0.848730381458566,0,0,0,0.0363159355299357,0,0,0,0,0,0,0.0177713630093873,0,0,0,0,0,0,0,0,0,0.455432692193589,0,0,0,0,0,0,0,0,0,0,0,0,0,0,0,0,0,0,0,0,0,0,0,0,0,0,0,0,0,0,0,0,0,0,0,0,0,0,0,0,0,0,0,0.336471375049893,0,0,0,0,0,1.15148956104574,0,0,0,0,0,0,0,0,0,0,0,0,0,0,0,0,0,0,2.02959667379003,0,0,0,0,0,0,0,0,0,0,0,0,0,0,0,0,0,0,0,0,0,0,0,0,0,0,0,0,0,0,0,0,0.476042737128775,0,0.0444629424441877,0,0,0,0,0,0,0,0,0,0,0,0,0,0,0,0,0,3.62819511246521,0,0,0,0,0,0,1.14503139613336,2.36099581613028,0,0,0,0,0,0,0,0.0583772072364444,0,0,0,0,0,0,0,0,0,113.706402,108.9022019,113.7036019,112.4025019,98.52380168,118.1993021,106.4474019,105.5736019,112.493802,109.8167019,112.608402,"JAR-00521"
"650",8746,"nSPC",2015,"PRIAs","Pacific Remote Island Areas","Jarvis","Jarvis",2015,"ForereefMid","Jarvis","2015-04-11","Forereef","Mid",-0.36716759,-159.98153762,8.7,30,0,5,40,25,0,0,0,NA,0.36125,0.214348546188094,0.9,2,1,40.8638672249183,26.6952848730385,14.0605724520132,7.28235217445648,88.9020767244265,5.48156576971284,0,0,0,0,0,0,0,0,0,0,0,0,0,0,0,0,0.0622472666314969,0,0,0,0,0,0,0,0,0,0,0,0,0,0,0,0,0,0,0,0,0,0,0,0,0,0,0,0,0,0,0,0,0,0,0,0,0,0,0,0.00282942121052258,0,0,0,0,0,0,0,0,0,0,0,0,0,0,0,0,0,0,0,0.00565884242104517,0,0,0,0,0.0481001605788839,0,0,0,0,0,0.00282942121052258,0,0,0,0,0,0,0,0,0,0,0,0,0.00282942121052258,0,0,0,0,0,0,0,0,0,0,0,0,0,0,0,0.0141471060526129,0,0,0,0.00848826363156775,0,0,0,0,0,0,0,0,0,0,0,0,0,0,0,0.00848826363156775,0,0,0,0,0,0,0,0,0,0,0,0,0,0,0,0,0,0,0,0,0,0,0,0,0,0,0,0,0,0,0,0,0,0,0,0.00282942121052258,0,0,0,0,0,0,0,0,0,0,0,0,0,0,0,0,0,0,0,0,0,0,0,0,0,0,0,0,0,0,1.49959324157697,0,0,0,0,0,0,0,0,0,0,0,0,0,0,0,0,0,0,0,0,0,0,0,0,0,0,0,0,0,0,0,0,0,0,0,0,0.0113176848420903,0,0.0282942121052258,0,0,0,0,0,0,0,0,0,0,0,0,0,0,0,0,0,0,0,0,0,0,0,0,0,0,0,0,0,0,0,0,0,0,0,0,0,0,0.00282942121052258,0,0,0,0,0,0,0,0,0,0,0,0,0,0,0,0,0,0.0113176848420903,0,0,0,0,0,0,0,0,0,0,0,0,0,0,0,0,0,0,0,0.00282942121052258,0,0,0,0,0,0,0,0,0,0,0,0,0,0,0,0,0,0,0,0,0,0,0,0,0,0,0,0,0,0,0,0,0,0,0,0,0,0,0,0.00282942121052258,0,0,0,0.00565884242104517,0,0,0,0,0,0,0,0,0,0,0,0,0.00848826363156775,0,0,0,0,0,0,0,0,0,0,0,0,0,0,0,0,0.0311236333157484,0.00282942121052258,0,0,0,0,0,0,0,0.0169765272631355,0.00282942121052258,0,0,0,0,0,0,0,0,0,0,0,0,0,0,0,0,0,0,0,0,0,0,0,0,0,0,0,0,0,0,0,0,0,0,0,0,0,0,0,0,0,0,0,0,0,0.00282942121052258,0,0,0,0,0,0.00282942121052258,0.00565884242104517,0,0.00565884242104517,0,0,0,0,0,0,0,0,0,0,0,0,0,0,0,0,0,0,0,0,0.1754241150524,0,0,0,0,0,0,0,0,0,0,0,0,0,0,0,0,0,0,0,0,0,0,0,0,0,0,0,0,0,0,0,0,0,0,0,0,0,0,0,0,0,0,0,0,0,0,2.68795014999646,0,0,0,0,0,0,0,0,0,0,0,0,0,0,0,0,0,0,0,0,0,0,0,0,0,0,0,0,0,0,0,0,0,0.00282942121052258,0,0,0,0,0,0,0,0,0.00565884242104517,0,0,0,0,0,0,0,0,0,0,0,0,0,0,0,0,0,0,0,0,0,0,0,0,0,0,0,0,0,0,0,0,0.0396118969473162,0,0,0,0,0,0,0,0,0,0,0,0,0,0,0,0,0,0,0,0.155618166578742,0,0,0,0,0,0,0,0.0848826363156775,0,0,0,0,0,0,0,0,0,0,0,0,0,0,0,0,0,0,0,0,0,0,0,0,0,0,0,0,0,0,0,0,0,4.8513652253482,0,0,0,0,0,0,0,0,0,0,0,0,0,0,0,0,0,0,0,0,0,0,0,0,0,0,0,0,0,0,0,0,0,0,0,0,0,0,0,0.652170271340614,0,0,0,0,0,0,0,0,0,0,0,0,0,0,0,0,0,0,0,0.699680599151962,0,0,0,0,0.122178130156212,0,0,0,0,0,0.279531420198572,0,0,0,0,0,0,0,0,0,0,0,0,0.220734610090885,0,0,0,0,0,0,0,0,0,0,0,0,0,0,0,9.73439920272954,0,0,0,0.0829478360697739,0,0,0,0,0,0,0,0,0,0,0,0,0,0,0,0.33752176343463,0,0,0,0,0,0,0,0,0,0,0,0,0,0,0,0,0,0,0,0,0,0,0,0,0,0,0,0,0,0,0,0,0,0,0,0.00912488340393533,0,0,0,0,0,0,0,0,0,0,0,0,0,0,0,0,0,0,0,0,0,0,0,0,0,0,0,0,0,0,1.66291875153318,0,0,0,0,0,0,0,0,0,0,0,0,0,0,0,0,0,0,0,0,0,0,0,0,0,0,0,0,0,0,0,0,0,0,0,0,0.722764547834765,0,2.31276995796611,0,0,0,0,0,0,0,0,0,0,0,0,0,0,0,0,0,0,0,0,0,0,0,0,0,0,0,0,0,0,0,0,0,0,0,0,0,0,1.39774872382195,0,0,0,0,0,0,0,0,0,0,0,0,0,0,0,0,0,1.14917202371973,0,0,0,0,0,0,0,0,0,0,0,0,0,0,0,0,0,0,0,0.0871699903121249,0,0,0,0,0,0,0,0,0,0,0,0,0,0,0,0,0,0,0,0,0,0,0,0,0,0,0,0,0,0,0,0,0,0,0,0,0,0,0,0.0054076140822457,0,0,0,0.0075167372981692,0,0,0,0,0,0,0,0,0,0,0,0,27.5763246413812,0,0,0,0,0,0,0,0,0,0,0,0,0,0,0,0,9.0095034568406,0.194296347802044,0,0,0,0,0,0,0,2.07675412530047,0.359167970498281,0,0,0,0,0,0,0,0,0,0,0,0,0,0,0,0,0,0,0,0,0,0,0,0,0,0,0,0,0,0,0,0,0,0,0,0,0,0,0,0,0,0,0,0,0,0.0448203933684347,0,0,0,0,0,0.141445360875306,1.02425726133506,0,1.79618406633285,0,0,0,0,0,0,0,0,0,0,0,0,0,0,0,0,0,0,0,0,1.70138162375746,0,0,0,0,0,0,0,0,0,0,0,0,0,0,0,0,0,0,0,0,0,0,0,0,0,0,0,0,0,0,0,0,0,0,0,0,0,0,0,0,0,0,0,0,0,0,13.351345089486,0,0,0,0,0,0,0,0,0,0,0,0,0,0,0,0,0,0,0,0,0,0,0,0,0,0,0,0,0,0,0,0,0,0.704987642961681,0,0,0,0,0,0,0,0,5.48156576971284,0,0,0,0,0,0,0,0,0,0,0,0,0,0,0,0,0,0,0,0,0,0,0,0,0,0,0,0,0,0,0,0,0.414862767279437,0,0,0,0,0,0,0,0,0,0,0,0,0,0,0,0,0,0,0,0.104292465819862,0,0,0,0,0,0,0,0.585765453182375,0,0,0,0,0,0,0,0,0,0,0,0,0,0,0,0,0,131.8184023,132.7853023,130.5146022,129.2847022,124.4185021,136.8004024,129.7110023,128.4176023,137.4528024,145.2438025,128.6419023,"JAR-00470"
"651",8747,"nSPC",2015,"PRIAs","Pacific Remote Island Areas","Jarvis","Jarvis",2015,"ForereefMid","Jarvis","2015-04-11","Forereef","Mid",-0.37758898,-159.97200991,11.45,20,0,0,42.5,37.5,0,0,0,NA,0.355,0.262437221056521,0.9,2,1,43.7389720971019,101.067452284348,55.827925187284,46.9300232001454,247.56437276888,12.2486023147237,0,0,0,0,0,0,0,0,0,0,0,0,0,0,0,0.00565884242104517,0.0877120575262001,0.00282942121052258,0,0,0,0,0,0,0,0,0,0.0113176848420903,0,0,0,0,0,0,0,0,0,0,0,0,0,0,0,0,0,0,0.00565884242104517,0,0,0,0,0,0,0,0,0,0.0141471060526129,0,0,0,0,0,0,0,0,0,0,0,0,0,0,0,0,0,0,0,0,0,0,0,0,0.0226353696841807,0,0,0,0,0,0.00282942121052258,0,0,0,0,0,0,0,0,0,0,0,0,0.00282942121052258,0,0,0,0,0,0,0,0,0,0,0,0,0,0,0,0.00565884242104517,0,0,0,0.0113176848420903,0,0,0,0,0.113176848420903,0.00565884242104517,0,0,0,0,0,0,0,0,0,0.0141471060526129,0,0,0,0,0,0,0,0.00565884242104517,0,0,0,0,0,0,0,0,0,0,0,0,0,0,0,0,0,0,0,0,0,0,0,0,0,0,0.00565884242104517,1.27323954473516,0,0,0.00565884242104517,0,0,0,0,0,0,0,0,0,0,0,0,0,0,0,0,0,0,0,0,0,0,0,0.00565884242104517,0,0,0,0.933708999472453,0,0,0,0,0,0,0,0,0.00565884242104517,0,0,0,0,0.0169765272631355,0,0,0,0,0,0,0,0,0,0.00848826363156775,0,0.00848826363156775,0,0,0,0,0,0,0,0,0,0,0.0254647908947033,0,0,0,0,0,0,0,0,0,0,0,0,0,0,0,0,0,0,0,0,0,0,0,0,0,0,0,0,0,0,0,0,0,0,0,0,0,0,0,0.00565884242104517,0,0,0.00282942121052258,0,0,0,0,0,0,0,0,0,0,0,0,0,0,0,0.0113176848420903,0,0,0,0,0,0,0,0,0.00282942121052258,0,0,0,0,0,0,0,0,0,0,0.00282942121052258,0,0,0,0,0,0.00282942121052258,0,0,0,0,0,0,0,0,0.00282942121052258,0,0,0,0,0,0,0,0,0,0,0,0,0,0,0,0,0,0,0,0,0,0,0,0,0.00565884242104517,0,0,0,0.00565884242104517,0,0,0,0,0,0,0,0,7.63943726841098,0,0,0,0.00565884242104517,0,0,0.00848826363156775,0,0,16.9765272631355,0,0,0,0,0,0,0,0,0,0,0.033953054526271,0.0198059484736581,0,0,0,0,0,0,0,0.00565884242104517,0,0,0.124494533262994,0,0,0,0,0,0,0,0,0,0,0,0.0282942121052258,0,0,0,0,0,0,0,0,0,0,0,0,0,0,0,0,0,0,0,0,0,0,0,0,0,0,0,0,0,0,0,0.00848826363156775,0,0,0,0,0.00282942121052258,0.0113176848420903,0.00282942121052258,0,0.00848826363156775,0,0.00848826363156775,0,0,0,0,0,0,0,0,0,0,0,0,0,0,0,0,0,0,0.387630705841594,0,0,0,0,0,0,0,0,0,0,0,0,0,0,0,0,0,0,0,0,0.00848826363156775,0,0,0,0,0,0,0,0,0,0,0,9.33708999472453,0,0,0,0,0,0,0,0,0,0,0,0,0,0.565884242104517,0,0,0,0,0,0,0,0,0,0,0,0,0,0,0,0,0,0,0,0,0,0,0,0,0,0,0,0,0,0,0,0,0,0.00282942121052258,0,0,0,0,0,0,0,0,0,0,0,0,0,0,0,0,0,0,0.00565884242104517,0,0,0,0,0,0,0,0,0,0,0,0,0,0,0,0,0,0,0,0,0,0,0.0311236333157484,0,0,0,0,0,0,0,0,0.00282942121052258,0,0,0,0,0,0,0,0,0,0,0.0424413181578388,0,0,0,0,0,0,0,0.00565884242104517,0,0,0,0,0,0,0.00565884242104517,0,0,0,0,0,0.00565884242104517,0,0,0,0,0,0,0,0,0,0,0,0,0,0,0,0,0,0,0,2.28654195806498,11.6982734126209,0.0798899743770001,0,0,0,0,0,0,0,0,0,18.3120299624119,0,0,0,0,0,0,0,0,0,0,0,0,0,0,0,0,0,0,0.0790851522553167,0,0,0,0,0,0,0,0,0,3.33482657425218,0,0,0,0,0,0,0,0,0,0,0,0,0,0,0,0,0,0,0,0,0,0,0,0,0.0535219562568697,0,0,0,0,0,0.610824827898017,0,0,0,0,0,0,0,0,0,0,0,0,0.918908233049149,0,0,0,0,0,0,0,0,0,0,0,0,0,0,0,3.45520961795521,0,0,0,0.0701757356871772,0,0,0,0,0.384981817455151,1.08023238020153,0,0,0,0,0,0,0,0,0,1.34125405207962,0,0,0,0,0,0,0,0.486157350780733,0,0,0,0,0,0,0,0,0,0,0,0,0,0,0,0,0,0,0,0,0,0,0,0,0,0,0.28781209437737,1.79906201191989,0,0,0.447063356309831,0,0,0,0,0,0,0,0,0,0,0,0,0,0,0,0,0,0,0,0,0,0,0,4.53077276890547,0,0,0,1.73518782809234,0,0,0,0,0,0,0,0,0.0183544595336077,0,0,0,0,0.00768718401784836,0,0,0,0,0,0,0,0,0,9.60834195429145,0,0.255145016329976,0,0,0,0,0,0,0,0,0,0,2.835063352755,0,0,0,0,0,0,0,0,0,0,0,0,0,0,0,0,0,0,0,0,0,0,0,0,0,0,0,0,0,0,0,0,0,0,0,0,0,0,0,2.23222836206298,0,0,0.641102028457507,0,0,0,0,0,0,0,0,0,0,0,0,0,0,0,0.753975711990506,0,0,0,0,0,0,0,0,0.55629750318379,0,0,0,0,0,0,0,0,0,0,0.198307920911827,0,0,0,0,0,0.0274332192308638,0,0,0,0,0,0,0,0,0.952324610442844,0,0,0,0,0,0,0,0,0,0,0,0,0,0,0,0,0,0,0,0,0,0,0,0,0.0177965605695409,0,0,0,0.009631040498073,0,0,0,0,0,0,0,0,8.08054969397387,0,0,0,23.3141046205797,0,0,2.71419015354235,0,0,11.0707329588359,0,0,0,0,0,0,0,0,0,0,10.031450973542,5.32128048143088,0,0,0,0,0,0,0,1.06678892904267,0,0,20.9244614408587,0,0,0,0,0,0,0,0,0,0,0,59.2633276023865,0,0,0,0,0,0,0,0,0,0,0,0,0,0,0,0,0,0,0,0,0,0,0,0,0,0,0,0,0,0,0,0.134461180105304,0,0,0,0,0.172371735450488,0.372531508487482,0.221217541251428,0,1.63604099241452,0,0.753971597213026,0,0,0,0,0,0,0,0,0,0,0,0,0,0,0,0,0,0,1.91022254936138,0,0,0,0,0,0,0,0,0,0,0,0,0,0,0,0,0,0,0,0,2.22859022116266,0,0,0,0,0,0,0,0,0,0,0,5.49466525530459,0,0,0,0,0,0,0,0,0,0,0,0,0,0.174736918821115,0,0,0,0,0,0,0,0,0,0,0,0,0,0,0,0,0,0,0,0,0,0,0,0,0,0,0,0,0,0,0,0,0,0.271189837112232,0,0,0,0,0,0,0,0,0,0,0,0,0,0,0,0,0,0,12.2486023147237,0,0,0,0,0,0,0,0,0,0,0,0,0,0,0,0,0,0,0,0,0,0,0.346855366916861,0,0,0,0,0,0,0,0,0.300260442397625,0,0,0,0,0,0,0,0,0,0,0.0108861981074856,0,0,0,0,0,0,0,0.146225054044049,0,0,0,0,0,0,7.01759617314002,0,0,0,0,0,1.23156103944663,0,0,0,0,142.6295025,143.3351025,143.1841024,144.2490025,139.7672024,154.5706027,141.4111024,141.5818025,155.6485027,159.7432028,146.6362026,"JAR-00552"
"652",8748,"nSPC",2015,"PRIAs","Pacific Remote Island Areas","Jarvis","Jarvis",2015,"ForereefMid","Jarvis","2015-04-11","Forereef","Mid",-0.38153107,-159.9733019,11.05,22.5,0,1.5,40,36,0,0,0,NA,0.47875,0.302620171513668,1,2,1,11.2576215680355,122.05138124032,31.9731120190102,18.5849169879771,183.867031815342,11.9942974398327,0,0,0,0,0,0,0,0,0,0,0,0,0,0,0,0,0.166935851420832,0,0,0,0,0,0,0,0,0,0,0,0,0,0,0,0,0,0,0,0,0,0,0,0,0,0,0,0,0,0.00282942121052258,0.00282942121052258,0,0,0,0,0,0,0,0,0.00282942121052258,0,0,0,0,0,0,0,0,0.00565884242104517,0,0,0,0,0,0,0,0,0,0,0.00282942121052258,0,0,0,0,0.033953054526271,0,0,0,0,0,0,0,0,0,0,0,0,0,0,0,0,0,0,0.00565884242104517,0,0,0,0,0,0,0,0,0,0,0,0,0,0,0,0.00565884242104517,0,0,0,0.0169765272631355,0,0,0,0,0.0226353696841807,0,0,0,0,0,0,0,0,0,0,0.0169765272631355,0,0,0,0,0,0,0,0,0,0,0,0,0,0,0,0,0,0,0,0,0,0,0,0,0,0,0,0,0,0,0,0,0,0,0,0.877120575262001,0,0,0,0,0,0,0,0,0,0,0,0,0,0,0,0,0,0,0,0,0,0,0,0,0,0,0,0,0,0,0.282942121052258,0,0,0,0,0,0,0,0,0,0,0,0,0,0,0,0,0,0,0,0,0,0,0,0.00848826363156775,0,0,0,0,0,0,0,0,0,0,0,0,0.00848826363156775,0,0,0,0,0,0,0,0,0,0,0,0,0,0,0,0,0,0,0,0,0,0,0,0,0,0,0,0,0,0,0,0,0,0,0,0,0,0,0,0,0,0,0,0,0,0,0,0,0.00282942121052258,0,0,0,0,0,0,0,0,0,0.0113176848420903,0,0,0,0,0,0,0,0,0,0,0,0,0,0,0,0,0,0,0,0,0,0,0,0,0,0,0,0,0,0,0,0,0,0,0.00565884242104517,0,0,0,0,0,0,0,0,0,0,0,0,0,0,0,0,0,0,0,0,0,0,0,0,0,0,0,0,0.00565884242104517,0,0,0,0,0,0,0,0,3.3953054526271,0,0,0,0.00565884242104517,0,0,0,0,0,0,0,0,0,0,0,0,0,0,0,0,0.00848826363156775,0,0,0,0,0,0,0,0,0.00282942121052258,0.00282942121052258,0,0.0424413181578388,0,0,0,0,0,0,0,0,0,0,0,0.0594178454209743,0,0,0,0,0,0,0,0,0,0,0,0,0,0,0,0,0,0,0,0,0,0,0,0,0,0,0,0,0,0,0,0,0,0,0,0,0,0.00565884242104517,0.00282942121052258,0,0,0,0,0,0,0,0,0,0,0,0,0,0,0,0.0113176848420903,0,0,0,0,0,0,0.282942121052258,0,0,0,0,0,0,0,0,0,0,0,0,0,0,0,0,0,0,0,0,0,0,0,0,0,0,0,0,0,0,0,0,16.9765272631355,0,0,0,0,0,0,0,0,0,0,0,0,0,1.18835690841949,0,0,0,0,0,0,0,0,0,0,0,0,0,0,0,0,0,0,0,0,0,0,0,0,0,0,0,0,0,0,0,0,0,0.00282942121052258,0,0,0,0,0,0,0,0,0.00565884242104517,0,0,0,0,0,0,0,0,0,0.00565884242104517,0,0,0,0,0.00565884242104517,0,0,0,0,0,0,0,0,0,0,0,0,0,0,0,0,0,0.0396118969473162,0,0,0,0,0,0,0,0,0,0,0,0,0,0,0,0,0,0,0,0.00848826363156775,0,0,0,0,0,0,0,0.0367824757367936,0,0,0,0,0,0,0,0,0,0,0,0,0,0,0.00282942121052258,0,0,0,0,0,0,0,0,0,0,0,0,0,0,0,0,0,0,17.730491909914,0,0,0,0,0,0,0,0,0,0,0,0,0,0,0,0,0,0,0,0,0,0,0,0,0,0,0,0,0,0.100267614147894,0.147487795396553,0,0,0,0,0,0,0,0,0.652170271340614,0,0,0,0,0,0,0,0,0.507432170586254,0,0,0,0,0,0,0,0,0,0,0.387383452121338,0,0,0,0,0.0598536948664044,0,0,0,0,0,0,0,0,0,0,0,0,0,0,0,0,0,0,1.8378164660983,0,0,0,0,0,0,0,0,0,0,0,0,0,0,0,2.63219279282533,0,0,0,0.128854330511432,0,0,0,0,0.0595998456479244,0,0,0,0,0,0,0,0,0,0,1.18638524782543,0,0,0,0,0,0,0,0,0,0,0,0,0,0,0,0,0,0,0,0,0,0,0,0,0,0,0,0,0,0,0,0,0,0,0,2.67103586999995,0,0,0,0,0,0,0,0,0,0,0,0,0,0,0,0,0,0,0,0,0,0,0,0,0,0,0,0,0,0,0.332145755903246,0,0,0,0,0,0,0,0,0,0,0,0,0,0,0,0,0,0,0,0,0,0,0,5.33213212286369,0,0,0,0,0,0,0,0,0,0,0,0,1.20255960849081,0,0,0,0,0,0,0,0,0,0,0,0,0,0,0,0,0,0,0,0,0,0,0,0,0,0,0,0,0,0,0,0,0,0,0,0,0,0,0,0,0,0,0,0,0,0,0,0,0.144866365978756,0,0,0,0,0,0,0,0,0,0.316659038563061,0,0,0,0,0,0,0,0,0,0,0,0,0,0,0,0,0,0,0,0,0,0,0,0,0,0,0,0,0,0,0,0,0,0,1.04855860171302,0,0,0,0,0,0,0,0,0,0,0,0,0,0,0,0,0,0,0,0,0,0,0,0,0,0,0,0,0.00918236212628394,0,0,0,0,0,0,0,0,8.26234849501358,0,0,0,6.20299281266592,0,0,0,0,0,0,0,0,0,0,0,0,0,0,0,0,4.57641756646001,0,0,0,0,0,0,0,0,0.313959580225651,0.492860277831265,0,6.06047029596431,0,0,0,0,0,0,0,0,0,0,0,78.809204279562,0,0,0,0,0,0,0,0,0,0,0,0,0,0,0,0,0,0,0,0,0,0,0,0,0,0,0,0,0,0,0,0,0,0,0,0,0,0.362662902126735,0.221217541251428,0,0,0,0,0,0,0,0,0,0,0,0,0,0,0,0.678040801236906,0,0,0,0,0,0,1.34664193647906,0,0,0,0,0,0,0,0,0,0,0,0,0,0,0,0,0,0,0,0,0,0,0,0,0,0,0,0,0,0,0,0,23.633844135162,0,0,0,0,0,0,0,0,0,0,0,0,0,2.21637552226303,0,0,0,0,0,0,0,0,0,0,0,0,0,0,0,0,0,0,0,0,0,0,0,0,0,0,0,0,0,0,0,0,0,0.529667650609828,0,0,0,0,0,0,0,0,4.50233201906758,0,0,0,0,0,0,0,0,0,3.18293634096182,0,0,0,0,4.30902907980326,0,0,0,0,0,0,0,0,0,0,0,0,0,0,0,0,0,0.533990285079585,0,0,0,0,0,0,0,0,0,0,0,0,0,0,0,0,0,0,0,0.00529526179549302,0,0,0,0,0,0,0,0.81635111532876,0,0,0,0,0,0,0,0,0,0,0,0,0,0,0.323318599533783,0,0,139.7595025,134.8148023,137.2422023,136.1491023,137.8295023,150.9481027,135.7722024,137.7477024,150.6035027,154.1100027,143.8312025,"JAR-00481"
"653",8749,"nSPC",2015,"PRIAs","Pacific Remote Island Areas","Jarvis","Jarvis",2015,"ForereefShallow","Jarvis","2015-04-11","Forereef","Shallow",-0.37977817,-159.98338751,5.35,25,0,22.5,22.5,30,0,0,0,NA,0.1975,0.114195398029069,0.45,2,1,13.8477168703882,1992.5558742396,4.25311208528387,1.91284606679499,2012.56954926207,0,0,0,0,0,0,0,0,0,0,0,0,0,0.00282942121052258,0,0,0,0.0311236333157484,0,0,0.00848826363156775,0,0,0,0,0,0,0.0141471060526129,0,0,0,0,0,0,0,0,0,0,0,0,0,0,0,0,0,0,0,0,0,0,0,0,0,0,0,0,0,0,0,0,0,0,0,0,0,0,0,0,0,0,0,0,0,0,0,0,0,0,0,0,0,0,0.0622472666314969,0,0,0,0,0,0,0,0,0,0,0,0,0,0,0,0,0,0,0,0,0,0,0,0,0,0,0,0,0,0,0,0,0,0,0,0,0,0,0,0,0,0,0,0,0,0,0,0,0,0,0,0,0,0,0.00282942121052258,0,0,0,0,0,0,0,0,0,0,0,0,0,0,0,0,0,0,0,0,0,0,0,0,0,0,0,0,0,0,0,0,0,0,0,0,0,0,0,0,0,0,0,0,0,0,0,0,0,0,0,0,0,0,0,0,0,0,0,0,0,0,0,0,0,0,0.622472666314968,0,0,0,0,0,0,0,0,0.00282942121052258,0,0,0,0,0.00848826363156775,0,0,0,0,0,0,0,0,0,0,0,0.00565884242104517,0,0,0,0,0,0,0,0,0,0,0,0,0,0,0,0,0,0,0,0,0,0,0,0,0,0,0,0,0,0,0,0,0,0,0,0,0,0,0,0,0,0,0,0,0,0,0,0,0,0,0,0,0,0,0,0,0,0,0,0,0,0,0,0,0,0,0,0,0,0.00565884242104517,0,0,0,0,0,0,0,0,0,0,0,0,0,0,0,0,0,0,0,0,0,0,0,0,0,0,0,0,0,0,0,0,0,0,0,0,0,0,0,0,0,0,0,0,0,0,0,0,0,0,0,0,0,0,0,0,0,0,0,0.00282942121052258,0,0,0,0,0,0,0,0,0,0,0,0,0,0,0,0,0.00282942121052258,0,0,0,0,0,0,0.00282942121052258,0,0,0,0,0,0.00282942121052258,0,0,0,0.00282942121052258,0,0,0,0,0,0,0,0,0,0,0,0,0,0,0,0,0,0,0,0,0,0,0,0,0,0,0,0,0,0,0,0,0,0,0,0,0,0,0,0,0,0,0,0,0,0,0,0,0,0,0,0,0,0,0,0,0,0,0,0,0,0,0.00282942121052258,0,0,0,0,0,0,0,0,0,0,0,0,0,0,0,0,0,0,0,0,0,0,0.0820532151051549,0,0,0,0.0198059484736581,0,0,0,0,0,0,0.033953054526271,0,0,0,0,0,0,0,0,0,0.00282942121052258,0,0,0,0,0,0,0,0,0,0,0,0,0,0,0,0,0,0,0,0,0,0,0,0,0,0.608325560262356,0,0,0,0,0,0,0,0,0,0,0,0,0,0,0,0,0,0,0,0,0,0,0,0.00282942121052258,0,0,0,0,0,0,0,0,0,0,0,0,0,0,0,0,0,0,0,0,0,0,0,0,0,0,0,0,0,0,0,0,0,0,0,0,0,0,0,0,0,0,0,0,0,0,0,0,0,0,0,0.1754241150524,0,0,0.0169765272631355,0,0,0,0,0,0,0,0,0,0,0,0,0,0,0,0,0.486660448209884,0,0,0,0,0,0,0,0.147129902947174,0,0,0,0,0,0,0,0,0,0,0,0,0,0,0,0,0,0,0,0,0,0,0,0,0,0,0,0,0,0.0436919354961429,0,0,0,2.75333675581506,0,0,0.103567003934674,0,0,0,0,0,0,0.172434712837832,0,0,0,0,0,0,0,0,0,0,0,0,0,0,0,0,0,0,0,0,0,0,0,0,0,0,0,0,0,0,0,0,0,0,0,0,0,0,0,0,0,0,0,0,0,0,0,0,0,0,0,0,0,0,0.0711429703413486,0,0,0,0,0,0,0,0,0,0,0,0,0,0,0,0,0,0,0,0,0,0,0,0,0,0,0,0,0,0,0,0,0,0,0,0,0,0,0,0,0,0,0,0,0,0,0,0,0,0,0,0,0,0,0.109917918403555,0,0,0,0,0,0,0,0,0,0,0,0,0,0,0,0,0,0,0,0,0,0,0,0,0,0,0,0,0,0,0,0,0,0,0,0,0,0,0,0,0,0,0,0,0,0,0,0,0,0,0,0,0,0,0,0,0,0,0,0,0,0,0,0,0,0,0.621222062139917,0,0,0,0,0,0,0,0,0.0151877595770033,0,0,0,0,0.00905065271257492,0,0,0,0,0,0,0,0,0,0,0,0.0900187037023188,0,0,0,0,0,0,0,0,0,0,0,0,0,0,0,0,0,0,0,0,0,0,0,0,0,0,0,0,0,0,0,0,0,0,0,0,0,0,0,0,0,0,0,0,0,0,0,0,0,0,0,0,0,0,0,0,0,0,0,0,0,0,0,0,0,0,0,0,0,0.0839252063281262,0,0,0,0,0,0,0,0,0,0,0,0,0,0,0,0,0,0,0,0,0,0,0,0,0,0,0,0,0,0,0,0,0,0,0,0,0,0,0,0,0,0,0,0,0,0,0,0,0,0,0,0,0,0,0,0,0,0,0,0.00889828028477043,0,0,0,0,0,0,0,0,0,0,0,0,0,0,0,0,13.6929785586162,0,0,0,0,0,0,1989.50752417896,0,0,0,0,0,0.00725039185196412,0,0,0,1.13424357440872,0,0,0,0,0,0,0,0,0,0,0,0,0,0,0,0,0,0,0,0,0,0,0,0,0,0,0,0,0,0,0,0,0,0,0,0,0,0,0,0,0,0,0,0,0,0,0,0,0,0,0,0,0,0,0,0,0,0,0,0,0,0,0.0448203933684347,0,0,0,0,0,0,0,0,0,0,0,0,0,0,0,0,0,0,0,0,0,0,0.227472094885061,0,0,0,0.0427636448575663,0,0,0,0,0,0,0.0671940585305613,0,0,0,0,0,0,0,0,0,0.624736203283387,0,0,0,0,0,0,0,0,0,0,0,0,0,0,0,0,0,0,0,0,0,0,0,0,0,0.547334761120626,0,0,0,0,0,0,0,0,0,0,0,0,0,0,0,0,0,0,0,0,0,0,0,0.104588944139853,0,0,0,0,0,0,0,0,0,0,0,0,0,0,0,0,0,0,0,0,0,0,0,0,0,0,0,0,0,0,0,0,0,0,0,0,0,0,0,0,0,0,0,0,0,0,0,0,0,0,0,1.04907270320794,0,0,0.0638149154616679,0,0,0,0,0,0,0,0,0,0,0,0,0,0,0,0,0.67440669263411,0,0,0,0,0,0,0,0.698954185172362,0,0,0,0,0,0,0,0,0,0,0,0,0,0,0,0,0,108.0686019,100.9408017,96.68690165,100.9708017,118.354802,128.5604023,115.788302,111.5189019,129.2930023,133.6638024,122.5633022,"JAR-00507"
"654",8750,"nSPC",2015,"PRIAs","Pacific Remote Island Areas","Jarvis","Jarvis",2015,"ForereefDeep","Jarvis","2015-04-11","Forereef","Deep",-0.36258294,-159.99244868,21.8,7,0,19.5,17.5,56,0,0,0,NA,0.14375,0.0946339276783928,0.4,2,1,35.5583309941722,53.0886276752553,9.12350822448146,3.55928674265209,101.329753636561,0,0,0,0,0,0,0,0,0,0,0,0,0,0.00848826363156775,0.00282942121052258,0,0,0.033953054526271,0,0,0,0,0,0,0,0,0,0,0,0,0,0,0,0,0,0,0,0,0,0,0,0,0,0,0,0,0,0,0,0,0,0,0,0.113176848420903,0,0,0,0.00565884242104517,0.0113176848420903,0,0,0,0,0,0,0,0.00282942121052258,0,0,0,0.00282942121052258,0,0,0,0,0,0,0.0113176848420903,0,0,0,0,0,0,0,0,0,0,0,0,0,0,0,0,0,0,0,0,0,0,0,0,0,0,0,0,0,0,0,0,0,0,0,0,0,0,0,0.00565884242104517,0,0,0,0.0622472666314969,0,0,0,0,0.118835690841949,0.0113176848420903,0,0,0,0,0,0,0,0,0.00282942121052258,0.0226353696841807,0,0.565884242104517,0,0,0,0,0,0,0,0,0,0,0,0,0,0,0,0,0,0,0,0,0,0,0,0,0,0,0,0,0,0,0,0,0,0.877120575262001,0,0,0,0,0,0,0,0.00282942121052258,0,0,0,0,0,0,0,0,0,0,0,0,0,0,0,0,0,0,0,0,0,0,0,0,0,0,0,0,0,0,0,0,0,0,0,0,0.0226353696841807,0,0,0,0,0,0,0,0,0,0,0,0,0,0,0,0,0,0,0,0.00565884242104517,0.00848826363156775,0.0169765272631355,0.00848826363156775,0,0,0,0,0,0,0,0,0,0,0,0,0,0,0,0,0,0,0,0,0,0,0,0,0,0,0,0,0,0,0,0,0,0,0,0,0,0,0,0.0113176848420903,0,0,0,0,0,0,0,0,0,0,0,0,0,0,0,0,0,0,0.00565884242104517,0,0.00565884242104517,0,0,0,0,0.00282942121052258,0,0,0,0,0,0,0,0,0,0,0,0,0,0,0,0,0,0,0,0,0,0,0,0,0,0,0,0,0,0,0,0,0,0,0,0,0,0,0,0,0,0,0,0,0,0,0,0,0,0,0,0.00282942121052258,0.0113176848420903,0,0,0,0.0113176848420903,0,0,0,0,0,0,0,0,3.67824757367936,0,0,0,0.00565884242104517,0,0,0.00282942121052258,0,0,19.5230063526058,0,0,0,0,0,0,0,0,0,0,0,0.00565884242104517,0,0,0,0,0,0,0,0,0,0,0,0,0,0,0,0,0,0,0,0,0,0,0,0,0,0,0,0,0,0,0.00848826363156775,0,0,0,0,0,0,0,0,0,0,0,0.00282942121052258,0,0,0,0,0,0,0,0,0,0,0,0,0,0,0,0,0,0.00848826363156775,0,0,0,0,0,0,0,0,0,0,0,0,0,0,0,0,0,0,0,0,0,0,0,0.0848826363156775,0,0,0,0,0.0169765272631355,0,0,0,0,0,0,0,0,0,0,0,0,0,0,0,0.00565884242104517,0,0,0.00282942121052258,0,0,0,0,0,0,0,0,6.50766878420194,0,0,0,0,0,0,0,0.0141471060526129,0,0,0,0,0.0707355302630646,0.565884242104517,0,0,0,0.0254647908947033,0,0,0,0,0,0,0,0,0,0,0,0,0,0,0,0,0,0,0,0,0,0,0,0,0,0,0,0,0,0,0,0,0,0,0,0,0,0,0,0,0,0,0,0,0,0,0,0,0,0,0,0,0,0,0,0,0,0,0,0,0,0,0,0,0,0,0,0,0,0,0,0.00282942121052258,0,0,0,0,0,0,0,0,0,0,0,0,0,0,0,0,0,0,0,0,0,0,0,0,0,0,0,0,0,0,0,0,0,0,0,0,0,0,0,0,0.00282942121052258,0,0.00565884242104517,0,0,0,0,0,0,0,0,0,0,0,0,0,0,1.14413209050877,0.704421230818454,0,0,2.87013690598415,0,0,0,0,0,0,0,0,0,0,0,0,0,0,0,0,0,0,0,0,0,0,0,0,0,0,0,0,0,0,0,0,0,0,0,0.264795569407434,0,0,0,2.15235203252937,0.750261347579314,0,0,0,0,0,0,0,0.129980258696445,0,0,0,0.222116217632335,0,0,0,0,0,0,0.832667257495351,0,0,0,0,0,0,0,0,0,0,0,0,0,0,0,0,0,0,0,0,0,0,0,0,0,0,0,0,0,0,0,0,0,0,0,0,0,0,0,4.33424238072148,0,0,0,0.264013051883174,0,0,0,0,0.192353441048259,1.32149357236163,0,0,0,0,0,0,0,0,0.542606388351268,0.888540828164287,0,0.310976026406116,0,0,0,0,0,0,0,0,0,0,0,0,0,0,0,0,0,0,0,0,0,0,0,0,0,0,0,0,0,0,0,0,0,1.04169668939326,0,0,0,0,0,0,0,0.140994330926856,0,0,0,0,0,0,0,0,0,0,0,0,0,0,0,0,0,0,0,0,0,0,0,0,0,0,0,0,0,0,0,0,0,0,0,0,0.0241350739001998,0,0,0,0,0,0,0,0,0,0,0,0,0,0,0,0,0,0,0,0.0758291543594969,0.154532760245574,1.34491140889406,0.261810216123055,0,0,0,0,0,0,0,0,0,0,0,0,0,0,0,0,0,0,0,0,0,0,0,0,0,0,0,0,0,0,0,0,0,0,0,0,0,0,0,5.0749856402749,0,0,0,0,0,0,0,0,0,0,0,0,0,0,0,0,0,0,0.016183820691697,0,2.62671285849001,0,0,0,0,1.05657708918289,0,0,0,0,0,0,0,0,0,0,0,0,0,0,0,0,0,0,0,0,0,0,0,0,0,0,0,0,0,0,0,0,0,0,0,0,0,0,0,0,0,0,0,0,0,0,0,0,0,0,0,0.0027012170491327,0.00713552003643956,0,0,0,0.0159547687601593,0,0,0,0,0,0,0,0,5.14734814287053,0,0,0,17.2004847803094,0,0,0.0834850364260287,0,0,10.9567695313185,0,0,0,0,0,0,0,0,0,0,0,1.1648575987934,0,0,0,0,0,0,0,0,0,0,0,0,0,0,0,0,0,0,0,0,0,0,0,0,0,0,0,0,0,0,28.9824010298685,0,0,0,0,0,0,0,0,0,0,0,0.358519356890769,0,0,0,0,0,0,0,0,0,0,0,0,0,0,0,0,0,0.240345188077922,0,0,0,0,0,0,0,0,0,0,0,0,0,0,0,0,0,0,0,0,0,0,0,0.168164759787045,0,0,0,0,0.0507844953623353,0,0,0,0,0,0,0,0,0,0,0,0,0,0,0,0.613725227700517,0,0,0.119990235709117,0,0,0,0,0,0,0,0,5.80399455856619,0,0,0,0,0,0,0,0.0208850897233514,0,0,0,0,0.179712435703672,0.222126770534043,0,0,0,0.036390778277569,0,0,0,0,0,0,0,0,0,0,0,0,0,0,0,0,0,0,0,0,0,0,0,0,0,0,0,0,0,0,0,0,0,0,0,0,0,0,0,0,0,0,0,0,0,0,0,0,0,0,0,0,0,0,0,0,0,0,0,0,0,0,0,0,0,0,0,0,0,0,0,0.018182077582592,0,0,0,0,0,0,0,0,0,0,0,0,0,0,0,0,0,0,0,0,0,0,0,0,0,0,0,0,0,0,0,0,0,0,0,0,0,0,0,0,0.264009106903639,0,0.928328288240481,0,0,95.67760164,95.66370168,100.1935016,101.1843017,87.09880148,103.6914018,87.47020149,90.66340163,102.0777018,97.33270167,98.63950175,"JAR-00433"
"655",8751,"nSPC",2015,"PRIAs","Pacific Remote Island Areas","Jarvis","Jarvis",2015,"ForereefShallow","Jarvis","2015-04-11","Forereef","Shallow",-0.36352758,-159.99371585,4.9,5.5,0,7,20,56,11.5,0,0,NA,0.9275,0.727088192894837,2.5,2,1,19.6279162365476,8.51850403356438,78.0150937116649,16.789538660728,122.951052642505,3.35651847028293,0,0.00282942121052258,0,0,0.00282942121052258,0,0,0,0,0,0,0,0.0113176848420903,0,0,0,0.0367824757367936,0,0,0,0,0.0113176848420903,0,0,0,0,1.04688584789336,0,0,0,0,0,0,0,0,0,0,0,0,0,0,0.0141471060526129,0,0,0,0,0,0,0,0,0,0,0,0,0,0,0,0,0,0,0,0,0,0,0,0.00282942121052258,0,0.00282942121052258,0,0,0,0,0,0,0,0,0.00565884242104517,0,0,0,0,0.067906109052542,0,0,0,0,0,0,0,0,0,0,0,0,0,0,0,0,0,0,0,0,0,0,0,0,0,0,0,0,0,0,0,0,0,0,0.00565884242104517,0,0,0,0,0,0,0,0,0,0,0,0,0,0,0,0,0,0,0,0.00565884242104517,0,0,0.033953054526271,0,0,0,0,0,0,0,0,0,0,0,0,0,0,0,0,0,0,0,0,0,0,0,0,0,0,0,0,0,0,0,0.00565884242104517,0,0,0,0,0,0,0,0,0,0,0,0,0,0,0,0,0,0,0,0,0,0,0,0,0,0,0,0,0,0,0,0.311236333157484,0,0,0,0,0,0,0,0,0.00565884242104517,0,0,0,0,0,0.0141471060526129,0,0,0,0,0,0,0,0,0.00282942121052258,0,0.00282942121052258,0,0,0,0.00282942121052258,0,0,0,0,0,0,0.0113176848420903,0,0,0,0,0,0,0,0,0,0,0,0,0,0,0,0,0,0,0,0,0,0,0,0,0,0,0,0,0,0,0,0,0,0,0,0,0,0,0,0,0,0,0,0,0,0,0,0,0,0,0,0,0,0,0,0,0,0,0.00565884242104517,0,0,0,0,0,0,0,0,0,0,0,0,0,0,0,0,0,0,0,0.00282942121052258,0,0,0,0,0.00565884242104517,0,0,0,0,0,0,0,0,0,0.00282942121052258,0,0,0,0,0,0,0,0,0,0,0,0,0,0,0,0,0,0,0,0,0,0,0,0,0,0,0,0,0.00565884242104517,0,0,0,0,0,0,0,0,0,0,0,0,0.00282942121052258,0,0,0,0,0,0,0,0,0,0,0,0,0,0,0,0,0.0169765272631355,0.0198059484736581,0,0,0,0,0,0,0,0,0,0,0,0,0,0,0,0,0,0,0,0,0,0,0,0,0,0,0,0,0,0,0,0,0,0,0,0,0,0,0,0,0,0,0,0,0,0,0.00282942121052258,0,0,0,0,0,0,0,0.0226353696841807,0,0,0,0,0,0,0.00848826363156775,0,0.0113176848420903,0,0.00565884242104517,0,0,0,0,0,0,0,0,0,0,0,0,0,0,0,0,0,0,0.0792237938946324,0,0,0,0.0226353696841807,0,0,0,0,0,0,0.0622472666314969,0,0,0,0,0,0,0,0,0,0,0,0,0,0,0,0,0,0,0,0,0,0,0,0,0,0,0,0,0,0,0,0,0,0.00282942121052258,0,0,0,0,0,0,0,0,0,0,0,0,0,0,0,0,0,0,0,0,0,0,0,0,0,0.0113176848420903,0,0,0,0,0,0,0,0,0,0.00282942121052258,0,0,0,0,0,0,0,0,0,0,0,0,0,0,0,0,0,0,0.00848826363156775,0,0,0,0,0,0,0,0,0.0226353696841807,0,0,0,0,0,0,0,0,0,0,0,0,0,0.192400642315536,0,0,0.0509295817894065,0,0.00282942121052258,0,0,0,0,0,0,0,0,0,0,0,0,0,0,0.169765272631355,0,0,0,0,0,0,0.00282942121052258,0.396118969473162,0,0.00848826363156775,0,0,0,0,0.00282942121052258,0,0,0,0,0,0.00282942121052258,0,0.00565884242104517,0,0,0,0.47741220204117,0,0,0.199689307553035,0,0,0,0,0,0,0,2.80804498334936,0,0,0,4.91814708463323,0,0,0,0,2.22956832661809,0,0,0,0,57.9839830302595,0,0,0,0,0,0,0,0,0,0,0,0,0,0,1.22281925876365,0,0,0,0,0,0,0,0,0,0,0,0,0,0,0,0,0,0,0,0,0,0,0,0.164745453008912,0,2.74554586183209,0,0,0,0,0,0,0,0,0.581679799923381,0,0,0,0,0.226756267139501,0,0,0,0,0,0,0,0,0,0,0,0,0,0,0,0,0,0,0,0,0,0,0,0,0,0,0,0,0,0,0,0,0,0,0.903835701442306,0,0,0,0,0,0,0,0,0,0,0,0,0,0,0,0,0,0,0,0.332759733172894,0,0,0.0184591439774493,0,0,0,0,0,0,0,0,0,0,0,0,0,0,0,0,0,0,0,0,0,0,0,0,0,0,0,0,0,0,0,0.666401551833678,0,0,0,0,0,0,0,0,0,0,0,0,0,0,0,0,0,0,0,0,0,0,0,0,0,0,0,0,0,0,0,0.297836194304449,0,0,0,0,0,0,0,0,0.0303755191540065,0,0,0,0,0,1.22401044509328,0,0,0,0,0,0,0,0,0.841572110997997,0,0.0450093518511594,0,0,0,0.179862911047468,0,0,0,0,0,0,1.43985126549575,0,0,0,0,0,0,0,0,0,0,0,0,0,0,0,0,0,0,0,0,0,0,0,0,0,0,0,0,0,0,0,0,0,0,0,0,0,0,0,0,0,0,0,0,0,0,0,0,0,0,0,0,0,0,0,0,0,0,0.180679742439479,0,0,0,0,0,0,0,0,0,0,0,0,0,0,0,0,0,0,0,0.0682112336509005,0,0,0,0,0.012956485607225,0,0,0,0,0,0,0,0,0,0.515183277548921,0,0,0,0,0,0,0,0,0,0,0,0,0,0,0,0,0,0,0,0,0,0,0,0,0,0,0,0,0.0075167372981692,0,0,0,0,0,0,0,0,0,0,0,0,17.176695228743,0,0,0,0,0,0,0,0,0,0,0,0,0,0,0,0,7.73221832816001,1.97689058654269,0,0,0,0,0,0,0,0,0,0,0,0,0,0,0,0,0,0,0,0,0,0,0,0,0,0,0,0,0,0,0,0,0,0,0,0,0,0,0,0,0,0,0,0,0,0,0.225766961511564,0,0,0,0,0,0,0,0.174559642861824,0,0,0,0,0,0,1.11732976737996,0,1.65600689058677,0,0.235277859321637,0,0,0,0,0,0,0,0,0,0,0,0,0,0,0,0,0,0,0.263619558835358,0,0,0,0.0266362026544309,0,0,0,0,0,0,0.230173345595062,0,0,0,0,0,0,0,0,0,0,0,0,0,0,0,0,0,0,0,0,0,0,0,0,0,0,0,0,0,0,0,0,0,0.166673115073471,0,0,0,0,0,0,0,0,0,0,0,0,0,0,0,0,0,0,0,0,0,0,0,0,0,0.972000527105336,0,0,0,0,0,0,0,0,0,0.223453540101021,0,0,0,0,0,0,0,0,0,0,0,0,0,0,0,0,0,0,3.35651847028293,0,0,0,0,0,0,0,0,0.101996797286512,0,0,0,0,0,0,0,0,0,0,0,0,0,1.17115751078858,0,0,0.492022049778662,0,0.0114592571274304,0,0,0,0,0,0,0,0,0,0,0,0,0,0,0.0435447924299426,0,0,0,0,0,0,1.60868666930685,1.55907842722275,0,0.88354818719122,0,0,0,0,0.0972958058094588,0,0,0,0,0,0.205664541618939,0,0.919865599152384,0,0,92.49320159,92.67970163,97.37100159,99.52570168,83.06730141,98.97510173,79.86980136,84.82450153,93.99270166,90.11260154,94.00990166,"JAR-00503"
"656",8752,"nSPC",2015,"PRIAs","Pacific Remote Island Areas","Jarvis","Jarvis",2015,"ForereefMid","Jarvis","2015-04-11","Forereef","Mid",-0.36377979,-159.98862041,10.65,14,0,17.5,8.5,60,0,0,0,NA,0.25625,0.200835928709515,0.85,2,1,27.9508351908594,16.7298181587395,24.2598916729753,17.9706901511845,86.9112351737587,11.6365627795138,0,0,0,0,0,0,0,0.00565884242104517,0,0,0,0,0,0,0,0,0.0792237938946324,0,0,0,0,0,0,0,0,0,0,0,0,0,0,0,0,0,0,0,0,0,0,0,0,0.00282942121052258,0,0,0,0,0,0,0,0,0,0,0,0,0,0,0.00282942121052258,0,0,0,0,0,0,0,0,0,0,0,0,0,0,0,0,0,0,0,0.00848826363156775,0,0,0,0,0.0141471060526129,0,0,0,0,0,0,0,0,0.0113176848420903,0,0,0,0,0,0,0,0,0,0,0,0,0,0,0,0,0,0,0,0,0,0,0,0,0,0,0,0,0,0.0367824757367936,0,0,0,0,0.0254647908947033,0.00565884242104517,0,0,0,0,0,0,0,0,0,0.0396118969473162,0,0,0,0,0,0,0,0,0,0,0,0,0,0,0,0.0169765272631355,0,0,0,0,0,0,0,0,0,0,0,0,0,0,0,0,0,0,0.00565884242104517,0.33953054526271,0,0,0,0,0,0,0,0,0,0,0,0,0,0,0,0,0,0,0,0,0,0,0,0,0,0,0,0,0,0,1.10347427210381,0,0,0,0,0,0,0,0,0.00282942121052258,0,0,0,0,0.0282942121052258,0,0,0,0,0,0,0,0,0,0.0113176848420903,0,0.00282942121052258,0,0,0,0,0,0,0,0,0,0,0.00565884242104517,0,0,0,0,0,0,0,0,0,0,0,0,0,0,0,0,0,0,0,0,0,0,0,0,0,0,0,0,0,0,0,0,0,0,0,0,0.00282942121052258,0,0,0,0,0,0.00282942121052258,0,0,0,0,0,0.00282942121052258,0,0,0,0,0,0,0,0,0,0.0141471060526129,0,0,0,0,0,0,0,0,0,0,0,0,0,0,0,0,0,0,0,0,0,0,0,0,0,0.00565884242104517,0,0,0,0,0,0,0,0,0,0,0,0,0,0,0,0,0,0,0,0,0,0,0,0,0,0,0,0,0,0,0,0,0.00565884242104517,0.00282942121052258,0,0,0,0.00565884242104517,0,0,0,0,0,0,0,0,2.68795014999646,0,0,0,0.00565884242104517,0,0,0,0,0,0,0,0,0,0,0,0,0.00282942121052258,0,0,0,0.0113176848420903,0.0141471060526129,0,0,0,0,0,0,0,0,0,0,0,0,0,0,0.0509295817894065,0,0,0,0,0,0,0,0,0,0,0,0,0,0,0,0,0,0,0,0,0,0,0,0,0,0.00565884242104517,0,0,0,0,0,0,0,0,0,0,0,0,0,0.0169765272631355,0,0,0,0,0,0.00848826363156775,0.0113176848420903,0,0.0169765272631355,0,0,0,0,0,0,0,0.00282942121052258,0,0,0,0,0,0,0,0,0,0,0,0,0.243330224104942,0,0,0,0,0.0169765272631355,0,0,0,0,0,0,0,0,0,0,0,0,0,0,0,0.00565884242104517,0,0,0,0,0,0,0,0,0,0,0,2.65965593789123,0,0,0,0,0,0,0,0.0198059484736581,0,0,0,0,0,0.848826363156775,0,0,0,0,0,0,0,0,0,0,0,0,0,0,0,0,0,0,0,0,0,0,0,0,0.00282942121052258,0,0,0,0,0,0,0,0,0.00565884242104517,0,0,0,0,0,0,0,0,0.00282942121052258,0,0,0,0,0,0,0,0,0,0.00565884242104517,0,0,0,0,0.00282942121052258,0,0,0,0,0,0,0,0,0,0,0,0,0,0,0,0,0,0.147129902947174,0,0,0,0,0,0,0,0,0.00565884242104517,0,0,0,0,0,0,0,0,0,0,0.0650766878420194,0,0,0,0,0,0,0,0.033953054526271,0,0,0,0,0,0,0,0,0,0,0,0,0.00282942121052258,0,0,0,0,0,0,0,0,0,0,0,0.825059224988386,0,0,0,0,0,0,0,0,7.37527449336192,0,0,0,0,0,0,0,0,0,0,0,0,0,0,0,0,0,0,0,0,0,0,0,0,0.0815212839175767,0,0,0,0,0,0,0,0,0,0,0,0,0,0,1.38609949798049,0,0,0,0,0,0,0,0,0,0,0,0,0,0,0,0,0,0,0,1.03522384228715,0,0,0,0,0.0107520196306049,0,0,0,0,0,0,0,0,0.486276832130957,0,0,0,0,0,0,0,0,0,0,0,0,0,0,0,0,0,0,0,0,0,0,0,0,0,0,0,0,0,0.230910219185913,0,0,0,0,0.0343202284259503,0.746457771395887,0,0,0,0,0,0,0,0,0,1.94238927063585,0,0,0,0,0,0,0,0,0,0,0,0,0,0,0,0.0127626965352986,0,0,0,0,0,0,0,0,0,0,0,0,0,0,0,0,0,0,0.358222584828211,0.289806296908986,0,0,0,0,0,0,0,0,0,0,0,0,0,0,0,0,0,0,0,0,0,0,0,0,0,0,0,0,0,0,0.567567747724778,0,0,0,0,0,0,0,0,0.00917722976680384,0,0,0,0,0.0511955869292586,0,0,0,0,0,0,0,0,0,8.30546910288509,0,0.0597402087934514,0,0,0,0,0,0,0,0,0,0,0.456621342922102,0,0,0,0,0,0,0,0,0,0,0,0,0,0,0,0,0,0,0,0,0,0,0,0,0,0,0,0,0,0,0,0,0,0,0,0,1.24522751080726,0,0,0,0,0,0.56598783091662,0,0,0,0,0,0.0470744953900695,0,0,0,0,0,0,0,0,0,0.141365732328569,0,0,0,0,0,0,0,0,0,0,0,0,0,0,0,0,0,0,0,0,0,0,0,0,0,0.0547911758575277,0,0,0,0,0,0,0,0,0,0,0,0,0,0,0,0,0,0,0,0,0,0,0,0,0,0,0,0,0,0,0,0,0.0146913485763873,0.00889828028477043,0,0,0,0.0075167372981692,0,0,0,0,0,0,0,0,6.36024462144887,0,0,0,20.3830704678834,0,0,0,0,0,0,0,0,0,0,0,0,0.012528677120194,0,0,0,4.16314357271155,2.32700795515741,0,0,0,0,0,0,0,0,0,0,0,0,0,0,1.84156220869257,0,0,0,0,0,0,0,0,0,0,0,0,0,0,0,0,0,0,0,0,0,0,0,0,0,0.292795802755913,0,0,0,0,0,0,0,0,0,0,0,0,0,0.187952684926324,0,0,0,0,0,0.151939854658188,1.52966298658167,0,2.2992744818224,0,0,0,0,0,0,0,0.0622990679213183,0,0,0,0,0,0,0,0,0,0,0,0,1.06965451001869,0,0,0,0,0.094431806761062,0,0,0,0,0,0,0,0,0,0,0,0,0,0,0,0.718993277953767,0,0,0,0,0,0,0,0,0,0,0,2.32756733629644,0,0,0,0,0,0,0,0.0240509291158051,0,0,0,0,0,1.07679457534749,0,0,0,0,0,0,0,0,0,0,0,0,0,0,0,0,0,0,0,0,0,0,0,0,0.196338603095246,0,0,0,0,0,0,0,0,1.09111536025625,0,0,0,0,0,0,0,0,4.89465714746729,0,0,0,0,0,0,0,0,0,5.08403829260983,0,0,0,0,1.65786733943665,0,0,0,0,0,0,0,0,0,0,0,0,0,0,0,0,0,1.37413542941987,0,0,0,0,0,0,0,0,0.384599829840882,0,0,0,0,0,0,0,0,0,0,0.079617083442895,0,0,0,0,0,0,0,0.461446626976554,0,0,0,0,0,0,0,0,0,0,0,0,0.414044051346115,0,0,0,0,95.96550164,96.8315017,100.2645016,101.4480017,87.8930015,106.6170019,91.56470157,91.53360165,102.5176018,98.12090167,100.5224018,"JAR-00496"
"657",8753,"nSPC",2015,"PRIAs","Pacific Remote Island Areas","Jarvis","Jarvis",2015,"ForereefMid","Jarvis","2015-04-11","Forereef","Mid",-0.37237971,-159.97421293,10.7,22.5,0,2,26.5,49,0,0,0,NA,0.26,0.184721935853075,0.75,2,1,31.3391537409299,52.5106748249653,25.6584694253493,35.5808049166779,145.089102907922,14.6532507684249,0,0,0,0,0,0,0,0,0,0,0,0,0,0,0,0,0.0877120575262001,0,0,0,0,0,0,0,0,0,0,0,0,0,0,0,0,0,0,0,0,0,0,0,0,0.00565884242104517,0,0,0,0,0,0,0,0,0,0,0,0,0,0,0.00565884242104517,0,0,0,0,0,0,0,0,0,0,0,0,0,0,0,0,0,0,0,0.00282942121052258,0,0,0,0,0.0565884242104517,0,0,0,0,0,0.00282942121052258,0,0,0.00282942121052258,0,0,0,0,0,0,0,0,0,0.00282942121052258,0,0,0,0,0.00565884242104517,0,0,0,0,0,0,0,0,0,0,0.00565884242104517,0,0,0,0.0198059484736581,0,0,0,0,0.209377169578671,0.0113176848420903,0,0,0,0,0,0,0,0,0,0.0565884242104517,0,0,0,0,0,0,0,0.00565884242104517,0,0,0,0,0,0,0,0,0,0,0,0,0,0,0,0,0,0,0,0,0,0,0,0,0,0,0.00565884242104517,0.735649514735872,0,0,0.00565884242104517,0,0,0,0,0.00565884242104517,0,0,0,0,0,0,0,0,0,0,0,0,0,0,0,0,0,0,0,0,0,0,0.254647908947033,0,0,0,0,0,0,0,0,0,0,0,0,0,0.0367824757367936,0.00282942121052258,0,0,0,0,0,0,0,0,0.00282942121052258,0,0.033953054526271,0,0,0,0.00848826363156775,0,0,0,0,0,0,0.0254647908947033,0,0,0,0,0,0,0,0,0,0,0,0,0,0,0,0,0,0,0,0,0,0,0,0,0,0,0,0,0,0,0,0,0,0,0,0,0.00282942121052258,0,0,0,0,0,0,0,0,0,0.0113176848420903,0,0.00848826363156775,0,0,0,0,0,0,0,0,0,0.0367824757367936,0,0,0,0,0,0,0,0,0,0,0,0,0,0,0,0,0,0,0,0,0,0,0,0,0.00282942121052258,0,0,0,0,0,0,0,0,0,0.0141471060526129,0,0,0,0,0,0,0,0,0,0.00282942121052258,0,0,0,0,0,0,0,0,0,0,0,0,0,0,0.00848826363156775,0,0,0,0,0,0,0,0,0,0,0,0,14.1471060526129,0,0,0,0.00565884242104517,0,0,0,0,0,19.2400642315536,0,0,0,0,0,0,0,0,0,0,0.0537590029999291,0.00282942121052258,0,0,0,0,0,0,0,0,0.0113176848420903,0,0,0,0,0,0,0,0,0,0,0,0,0,0,0,0,0,0,0,0,0,0,0,0,0,0,0,0,0,0,0,0,0.00282942121052258,0,0,0,0,0,0,0,0,0,0,0,0,0.0452707393683613,0,0,0,0,0.00848826363156775,0.0198059484736581,0.00565884242104517,0,0,0,0,0,0,0,0,0,0,0,0,0,0,0,0,0,0,0,0,0,0,0.237671381683897,0,0,0,0,0,0,0,0,0,0,0,0,0,0,0,0,0,0,0,0,0.00282942121052258,0,0,0,0,0,0,0,0,0,0,0,9.62003211577678,0,0,0,0,0,0.00848826363156775,0,0,0,0,0,0,0,0,0,0,0,0,0,0,0,0,0,0,0,0,0,0,0,0,0,0,0,0,0,0,0,0,0,0,0,0,0,0,0,0,0,0.00565884242104517,0,0,0,0,0,0,0,0.00282942121052258,0.00565884242104517,0,0,0,0,0,0,0,0,0,0.00282942121052258,0,0,0,0,0,0,0,0,0,0,0,0,0,0,0,0,0,0,0,0,0,0,0.0707355302630646,0,0,0,0,0,0,0,0,0.00282942121052258,0,0,0,0,0,0,0,0,0,0,0.0707355302630646,0,0,0,0,0,0,0,0.0141471060526129,0,0,0,0,0,0,0,0,0,0,0,0,0,0,0,0,0,0,0,0,0,0,0,0,0,0,0,0,0,0,0,0,0,7.587289949399,0,0,0,0,0,0,0,0,0,0,0,0,0,0,0,0,0,0,0,0,0,0,0,0,0.752437885488508,0,0,0,0,0,0,0,0,0,0,0,0,0,0,1.11848152220442,0,0,0,0,0,0,0,0,0,0,0,0,0,0,0,0,0,0,0,0.312297147030625,0,0,0,0,0.133804890642174,0,0,0,0,0,0.232952954294329,0,0,0.045511522092742,0,0,0,0,0,0,0,0,0,0.427074550338689,0,0,0,0,0.0238378736986528,0,0,0,0,0,0,0,0,0,0,1.9130528829198,0,0,0,0.0777344996070689,0,0,0,0,0.453167407773407,2.53753580002689,0,0,0,0,0,0,0,0,0,2.94516238806385,0,0,0,0,0,0,0,0.486157350780733,0,0,0,0,0,0,0,0,0,0,0,0,0,0,0,0,0,0,0,0,0,0,0,0,0,0,0.666401551833678,0.938038013924552,0,0,0.281988661853712,0,0,0,0,0.217401603926528,0,0,0,0,0,0,0,0,0,0,0,0,0,0,0,0,0,0,0,0,0,0,0.204397388248151,0,0,0,0,0,0,0,0,0,0,0,0,0,0.0392194950878247,0.166148140555823,0,0,0,0,0,0,0,0,3.75879198021752,0,0.174652147002707,0,0,0,0.628409923783129,0,0,0,0,0,0,2.29677613909449,0,0,0,0,0,0,0,0,0,0,0,0,0,0,0,0,0,0,0,0,0,0,0,0,0,0,0,0,0,0,0,0,0,0,0,0,0.561136411999702,0,0,0,0,0,0,0,0,0,3.37484582531113,0,0.291147442562774,0,0,0,0,0,0,0,0,0,1.16506146620785,0,0,0,0,0,0,0,0,0,0,0,0,0,0,0,0,0,0,0,0,0,0,0,0,0.0518259424289001,0,0,0,0,0,0,0,0,0,4.63311753144319,0,0,0,0,0,0,0,0,0,0.496841550703334,0,0,0,0,0,0,0,0,0,0,0,0,0,0,0.0303974448845877,0,0,0,0,0,0,0,0,0,0,0,0,18.6682947933312,0,0,0,16.1364596819091,0,0,0,0,0,10.4629280120763,0,0,0,0,0,0,0,0,0,0,13.364921462073,0.248286972602325,0,0,0,0,0,0,0,0,1.00862133914481,0,0,0,0,0,0,0,0,0,0,0,0,0,0,0,0,0,0,0,0,0,0,0,0,0,0,0,0,0,0,0,0,0.224718198475024,0,0,0,0,0,0,0,0,0,0,0,0,0.468726553888108,0,0,0,0,1.57151939228542,0.648417273017505,0.532542563192167,0,0,0,0,0,0,0,0,0,0,0,0,0,0,0,0,0,0,0,0,0,0,0.849289230506446,0,0,0,0,0,0,0,0,0,0,0,0,0,0,0,0,0,0,0,0,0.535633202290094,0,0,0,0,0,0,0,0,0,0,0,7.71152526201267,0,0,0,0,0,16.8710509034258,0,0,0,0,0,0,0,0,0,0,0,0,0,0,0,0,0,0,0,0,0,0,0,0,0,0,0,0,0,0,0,0,0,0,0,0,0,0,0,0,0,1.42063484739188,0,0,0,0,0,0,0,1.34368286537678,9.02488627760707,0,0,0,0,0,0,0,0,0,4.28468162544102,0,0,0,0,0,0,0,0,0,0,0,0,0,0,0,0,0,0,0,0,0,0,0.341963688448128,0,0,0,0,0,0,0,0,0.0813447280340401,0,0,0,0,0,0,0,0,0,0,0.0181436635124761,0,0,0,0,0,0,0,0.247733086450636,0,0,0,0,0,0,0,0,0,0,0,0,0,0,0,0,0,141.4994025,144.0594025,143.4957024,142.9961024,139.7729024,153.1815027,141.8093025,142.6297025,154.4051027,159.1294028,145.3324026,"JAR-00563"
"658",8754,"nSPC",2015,"PRIAs","Pacific Remote Island Areas","Jarvis","Jarvis",2015,"ForereefMid","Jarvis","2015-04-11","Forereef","Mid",-0.37299134,-159.97644343,9.25,16.5,0,7,55,21.5,0,0,0,NA,0.33875,0.214910286262948,0.875,2,1,22.6586293285242,23.2678055401806,19.0453067430641,7.36438055999773,72.3361221717666,10.080628396712,0,0,0,0,0,0,0,0,0,0,0,0,0,0,0,0,0.0707355302630646,0,0,0,0,0,0,0,0,0,0,0,0,0,0,0,0,0,0,0,0,0,0,0,0,0,0,0,0,0,0,0,0,0,0,0,0,0,0,0,0.00565884242104517,0,0,0,0,0,0,0,0,0,0,0,0,0,0,0,0,0,0,0,0.0113176848420903,0,0,0,0,0.033953054526271,0,0,0,0,0,0,0,0,0,0,0,0,0,0,0,0,0,0,0,0,0,0,0,0,0,0,0,0,0,0,0,0,0,0,0.0169765272631355,0,0,0,0.00282942121052258,0,0,0,0,0,0,0,0,0,0,0,0,0,0,0,0.0198059484736581,0,0,0,0,0,0,0,0,0,0,0,0,0,0,0,0,0,0,0,0,0,0,0,0,0,0,0,0,0,0,0,0,0,0,0,0.110347427210381,0,0,0,0,0,0,0,0,0,0,0,0,0,0,0,0,0,0,0,0,0,0,0,0.00282942121052258,0,0,0,0,0,0,0.820532151051549,0,0,0,0,0,0,0,0,0,0,0,0,0,0,0,0,0,0,0,0,0,0,0,0,0,0,0,0,0,0,0,0,0,0,0,0,0.0282942121052258,0,0,0,0,0,0,0,0,0,0,0,0,0,0,0,0,0,0,0,0,0,0,0,0,0,0,0,0,0,0,0,0,0,0,0,0,0,0,0,0,0,0,0,0,0,0,0,0,0,0,0,0,0,0,0,0,0,0,0.0226353696841807,0,0,0,0,0,0,0,0,0,0,0,0,0,0,0,0,0,0,0,0.0113176848420903,0,0,0,0,0.0226353696841807,0,0,0,0,0,0,0,0,0,0,0,0,0,0,0,0,0,0,0,0,0,0,0,0,0,0,0,0,0,0,0,0,0,0,0.00848826363156775,0,0,0,0.00848826363156775,0,0,0,0,0,0,0,0,2.54647908947033,0,0,0,0.00282942121052258,0,0,0,0,0,0,0,0,0,0,0,0,0,0,0,0,0.00848826363156775,0,0,0,0,0,0,0,0,0,0.0198059484736581,0,0,0,0,0,0.0254647908947033,0,0,0,0,0,0,0,0,0,0,0,0,0,0,0,0,0,0,0,0,0,0,0,0,0,0,0,0,0,0,0,0.00282942121052258,0,0,0,0,0,0,0,0,0,0,0,0,0,0,0.00565884242104517,0,0,0,0,0,0,0,0,0,0,0,0,0,0,0,0.0311236333157484,0,0,0,0,0,0,0.407436654315252,0,0,0,0,0,0,0,0,0,0,0,0,0,0,0,0,0,0,0,0,0.00282942121052258,0,0,0,0,0,0,0,0,0,0,0,0,0,0,0,0,0,0,0,0,0,0,0,0,0,2.97089227104871,0,0,0,0,0,0,0,0,0,0,0,0,0,0,0,0,0,0,0,0,0,0,0,0,0,0,0,0,0,0,0,0,0,0,0,0,0,0,0,0,0,0,0,0,0,0,0,0,0,0,0,0,0.00565884242104517,0,0,0,0,0.00565884242104517,0,0,0,0,0,0,0,0,0,0,0,0,0,0,0,0,0,0.0452707393683613,0,0,0,0,0,0,0,0,0.00565884242104517,0,0,0,0,0,0,0,0,0,0,0.0650766878420194,0,0,0,0,0,0.00282942121052258,0,0.0622472666314969,0,0,0,0,0,0,0,0,0,0,0,0,0,0,0,0,0,0,0,0,0,0,0,0,0,0,0,0,0,0,0,0,0,5.0744619675368,0,0,0,0,0,0,0,0,0,0,0,0,0,0,0,0,0,0,0,0,0,0,0,0,0,0,0,0,0,0,0,0,0,0,0,0,0,0,0,1.16952145142104,0,0,0,0,0,0,0,0,0,0,0,0,0,0,0,0,0,0,0,1.85236823250321,0,0,0,0,0.0802829343853045,0,0,0,0,0,0,0,0,0,0,0,0,0,0,0,0,0,0,0,0,0,0,0,0,0,0,0,0,0,0,0,0,0,0,10.052217464279,0,0,0,0.00804255019459387,0,0,0,0,0,0,0,0,0,0,0,0,0,0,0,1.03952643313892,0,0,0,0,0,0,0,0,0,0,0,0,0,0,0,0,0,0,0,0,0,0,0,0,0,0,0,0,0,0,0,0,0,0,0,0.248999818326587,0,0,0,0,0,0,0,0,0,0,0,0,0,0,0,0,0,0,0,0,0,0,0,0.221812025689268,0,0,0,0,0,0,1.05775648418418,0,0,0,0,0,0,0,0,0,0,0,0,0,0,0,0,0,0,0,0,0,0,0,0,0,0,0,0,0,0,0,0,0,0,0,0,3.56964999852489,0,0,0,0,0,0,0,0,0,0,0,0,0,0,0,0,0,0,0,0,0,0,0,0,0,0,0,0,0,0,0,0,0,0,0,0,0,0,0,0,0,0,0,0,0,0,0,0,0,0,0,0,0,0,0,0,0,0,0.415017444389586,0,0,0,0,0,0,0,0,0,0,0,0,0,0,0,0,0,0,0,0.55039771276669,0,0,0,0,0.0299918648315394,0,0,0,0,0,0,0,0,0,0,0,0,0,0,0,0,0,0,0,0,0,0,0,0,0,0,0,0,0,0,0,0,0,0,0.0245137593453389,0,0,0,0.008847981811692,0,0,0,0,0,0,0,0,4.90449750566077,0,0,0,9.66361284311112,0,0,0,0,0,0,0,0,0,0,0,0,0,0,0,0,3.39545202118126,0,0,0,0,0,0,0,0,0,2.19313788635173,0,0,0,0,0,2.27233267699394,0,0,0,0,0,0,0,0,0,0,0,0,0,0,0,0,0,0,0,0,0,0,0,0,0,0,0,0,0,0,0,0.225766961511564,0,0,0,0,0,0,0,0,0,0,0,0,0,0,0.733751136574117,0,0,0,0,0,0,0,0,0,0,0,0,0,0,0,2.41171488898162,0,0,0,0,0,0,2.06733656056056,0,0,0,0,0,0,0,0,0,0,0,0,0,0,0,0,0,0,0,0,1.07954415927369,0,0,0,0,0,0,0,0,0,0,0,0,0,0,0,0,0,0,0,0,0,0,0,0,0,6.68395552901727,0,0,0,0,0,0,0,0,0,0,0,0,0,0,0,0,0,0,0,0,0,0,0,0,0,0,0,0,0,0,0,0,0,0,0,0,0,0,0,0,0,0,0,0,0,0,0,0,0,0,0,0,4.89628661118876,0,0,0,0,5.18434178552328,0,0,0,0,0,0,0,0,0,0,0,0,0,0,0,0,0,0.312523830095817,0,0,0,0,0,0,0,0,0.335401853832316,0,0,0,0,0,0,0,0,0,0,0.019675795097974,0,0,0,0,0,0.357995755905398,0,0.195386247576879,0,0,0,0,0,0,0,0,0,0,0,0,0,0,0,0,0,140.5224025,143.0257025,141.5818024,141.8339024,138.5359024,151.9951027,140.8045024,141.2656025,152.6111027,157.8265028,144.5238025,"JAR-00571"
"659",8755,"nSPC",2015,"PRIAs","Pacific Remote Island Areas","Jarvis","Jarvis",2015,"ForereefShallow","Jarvis","2015-04-11","Forereef","Shallow",-0.37175719,-159.98070287,5.25,8.5,0,4,80.5,7,0,0,0,NA,0.26125,0.156804492683763,0.575,2,1,8.82676036824624,208.207017540475,3.11347626376317,2.26107052957699,222.408324702062,1.2489353737711,0,0,0,0,0,0,0,0,0,0,0,0,0,0,0,0,0.0141471060526129,0,0,0,0,0,0,0,0,0,0,0,0,0,0,0,0,0,0,0,0,0,0,0,0,0,0,0,0,0,0,0,0,0,0,0,0,0,0,0,0.00282942121052258,0,0,0,0,0,0,0,0,0,0,0,0,0,0,0,0,0,0,0,0.00282942121052258,0,0,0,0,0.0396118969473162,0,0,0,0,0,0,0,0,0,0,0,0,0,0.00282942121052258,0,0,0,0,0,0,0,0,0,0,0,0,0,0,0,0,0,0,0,0,0.00565884242104517,0,0,0,0.0169765272631355,0,0,0,0,0,0,0,0,0,0,0,0,0,0,0,0.033953054526271,0,0,0,0,0,0,0,0,0,0,0,0,0,0,0,0,0,0,0,0,0,0,0,0,0,0,0,0,0,0,0,0,0,0,0,0.166935851420832,0,0,0,0,0,0,0,0,0,0,0,0,0,0,0,0,0,0,0,0,0,0,0,0,0,0,0,0,0,0,2.17865433210239,0,0,0,0,0,0,0,0,0.00848826363156775,0,0,0,0,0.00282942121052258,0,0,0,0,0,0,0,0,0,0.00282942121052258,0,0,0,0,0,0,0,0,0,0,0,0.00565884242104517,0.00565884242104517,0,0,0,0,0,0,0,0,0,0,0,0,0,0,0,0,0,0,0,0,0,0,0,0,0,0,0,0,0,0,0,0,0,0,0,0,0,0,0,0,0,0,0,0,0,0,0,0,0,0,0,0,0,0,0,0,0,0,0.0396118969473162,0,0,0,0,0,0,0,0,0,0,0,0,0,0,0,0,0,0,0,0,0,0,0,0,0,0,0,0,0,0,0,0,0,0,0.00565884242104517,0,0,0,0,0,0,0,0,0,0,0,0,0,0,0,0,0,0,0,0,0,0,0,0.00282942121052258,0.00848826363156775,0,0,0,0.00282942121052258,0,0,0,0,0,0,0,0,0.622472666314968,0,0,0,0.00282942121052258,0,0,0,0,0,0,0,0,0,0,0,0,0,0,0,0,0,0.00282942121052258,0,0,0,0,0,0,0,0,0,0,0,0,0,0,0.00848826363156775,0,0,0,0,0,0,0,0,0,0,0,0,0,0,0,0,0,0,0,0,0,0,0,0,0,0,0,0,0,0,0,0,0,0,0,0,0,0,0,0,0,0,0,0,0,0,0.00282942121052258,0,0,0,0,0,0,0,0,0,0,0,0,0,0.00282942121052258,0,0.00282942121052258,0,0,0,0,0,0,0.0877120575262001,0,0,0,0,0,0,0,0,0,0,0,0,0,0,0,0,0,0,0,0,0,0,0,0,0,0,0,0,0,0,0,0,0.254647908947033,0,0,0,0,0,0,0,0,0,0,0,0,0,1.13176848420903,0,0,0,0,0,0,0,0,0,0,0,0,0,0,6.7906109052542,0,0,0,0,0,0,0,0,0,0,0,0,0,0,0,0,0,0,0,0,0,0,0,0,0,0,0,0.00282942121052258,0,0,0,0,0,0,0,0,0,0.00282942121052258,0,0,0,0,0,0,0,0,0,0,0,0,0,0,0,0,0,0,0,0,0,0,0.0622472666314969,0,0,0.00282942121052258,0,0,0,0,0,0,0,0,0,0,0,0,0,0,0,0,0.0650766878420194,0,0,0,0,0,0,0,0.189571221105013,0,0,0,0,0,0,0,0,0,0,0,0,0,0,0.00282942121052258,0,0,0,0,0,0,0,0,0,0,0,0,0,0,0,0,0,0,0.113143106616542,0,0,0,0,0,0,0,0,0,0,0,0,0,0,0,0,0,0,0,0,0,0,0,0,0,0,0,0,0,0,0,0,0,0,0,0,0,0,0,0.802140913183153,0,0,0,0,0,0,0,0,0,0,0,0,0,0,0,0,0,0,0,0.149307035470157,0,0,0,0,0.0596146909180218,0,0,0,0,0,0,0,0,0,0,0,0,0,0.00610012763045208,0,0,0,0,0,0,0,0,0,0,0,0,0,0,0,0,0,0,0,0,3.76613772501057,0,0,0,0.0550742858008801,0,0,0,0,0,0,0,0,0,0,0,0,0,0,0,1.68430198701864,0,0,0,0,0,0,0,0,0,0,0,0,0,0,0,0,0,0,0,0,0,0,0,0,0,0,0,0,0,0,0,0,0,0,0,0.291631273589773,0,0,0,0,0,0,0,0,0,0,0,0,0,0,0,0,0,0,0,0,0,0,0,0,0,0,0,0,0,0,3.23166870633774,0,0,0,0,0,0,0,0,0.0455632787310098,0,0,0,0,0.0100874715797333,0,0,0,0,0,0,0,0,0,0.217570841349232,0,0,0,0,0,0,0,0,0,0,0,0.163327864048865,0.667339421964209,0,0,0,0,0,0,0,0,0,0,0,0,0,0,0,0,0,0,0,0,0,0,0,0,0,0,0,0,0,0,0,0,0,0,0,0,0,0,0,0,0,0,0,0,0,0,0,0,0,0,0,0,0,0,0,0,0,0,1.04102476265575,0,0,0,0,0,0,0,0,0,0,0,0,0,0,0,0,0,0,0,0,0,0,0,0,0,0,0,0,0,0,0,0,0,0,0.0748486598768013,0,0,0,0,0,0,0,0,0,0,0,0,0,0,0,0,0,0,0,0,0,0,0,0.0048155202490365,0.0537828232245823,0,0,0,0.00785111761276115,0,0,0,0,0,0,0,0,1.02567084765686,0,0,0,2.24706240527766,0,0,0,0,0,0,0,0,0,0,0,0,0,0,0,0,0,0.312297147030625,0,0,0,0,0,0,0,0,0,0,0,0,0,0,0.603548557402667,0,0,0,0,0,0,0,0,0,0,0,0,0,0,0,0,0,0,0,0,0,0,0,0,0,0,0,0,0,0,0,0,0,0,0,0,0,0,0,0,0,0,0,0,0,0,0.327117337756217,0,0,0,0,0,0,0,0,0,0,0,0,0,0.00810593741542926,0,0.21946575384691,0,0,0,0,0,0,0.347954498178448,0,0,0,0,0,0,0,0,0,0,0,0,0,0,0,0,0,0,0,0,0,0,0,0,0,0,0,0,0,0,0,0,0.329679915318276,0,0,0,0,0,0,0,0,0,0,0,0,0,0.907640957495738,0,0,0,0,0,0,0,0,0,0,0,0,0,0,201.519980053898,0,0,0,0,0,0,0,0,0,0,0,0,0,0,0,0,0,0,0,0,0,0,0,0,0,0,0,1.1617565495922,0,0,0,0,0,0,0,0,0,0.0871788241789062,0,0,0,0,0,0,0,0,0,0,0,0,0,0,0,0,0,0,0,0,0,0,0.355378723305906,0,0,0.018182077582592,0,0,0,0,0,0,0,0,0,0,0,0,0,0,0,0,0.0181167840109761,0,0,0,0,0,0,0,0.300158583234046,0,0,0,0,0,0,0,0,0,0,0,0,0,0,0.173698136011996,0,0,136.7914024,139.4829024,136.4159023,137.3098023,135.3224023,149.4331026,136.4913024,135.6728024,145.8655026,153.2279027,140.4714025,"JAR-00530"
"660",8764,"nSPC",2015,"PRIAs","Pacific Remote Island Areas","Jarvis","Jarvis",2015,"ForereefDeep","Jarvis","2015-04-12","Forereef","Deep",-0.36327537,-160.00495238,21.1,22.5,0,1.5,27.5,46,2.5,0,0,NA,0.22375,0.185875828634611,0.7,2,1,52.6195022693296,141.988849421381,29.8714889840057,38.2589484147062,262.738789089423,11.5902519494326,0,0,0,0,0,0,0,0,0,0,0,0,0,0,0,0.0367824757367936,0.0396118969473162,0,0,0,0,0,0,0,0,0.067906109052542,0,0,0,0,0,0,0,0,0,0,0,0,0,0,0,0,0,0,0,0,0,0,0,0,0,0,0,0,0,0,0.00565884242104517,0,0,0,0,0,0,0,0,0,0,0,0,0,0,0,0,0,0,0,0.0113176848420903,0.00282942121052258,0,0,0,0.0452707393683613,0,0,0,0,0,0,0,0,0.00282942121052258,0,0,0,0,0,0,0,0,0,0,0,0,0,0,0,0,0,0,0,0,0,0,0,0,0,0,0,0,0,0.0650766878420194,0,0,0,0.00565884242104517,0.311236333157484,0.0311236333157484,0,0,0,0,0,0,0,0,0,0.0452707393683613,0,0,0,0,0,0,0,0,0,0,0,0,0,0,0,0,0,0,0,0,0,0,0,0,0,0,0,0,0,0,0,0,0,0,0,0.305577490736439,0,0,0.00565884242104517,0,0,0,0,0,0,0,0,0,0,0,0,0,0,0,0,0,0,0,0,0,0,0,0,0,0,0,0,0,0,0,0,0,0,0,0,0,0,0,0,0,0.0452707393683613,0,0,0,0,0,0,0,0,0,0,0,0,0,0,0,0,0,0,0,0.0311236333157484,0.00848826363156775,0.00848826363156775,0.0367824757367936,0,0,0,0,0,0,0,0,0,0,0,0,0,0,0,0,0,0,0,0,0,0,0,0,0,0,0,0,0,0,0,0,0,0,0,0,0.00282942121052258,0,0,0,0.00282942121052258,0,0,0,0,0,0,0,0,0,0,0,0,0,0,0,0,0,0.00565884242104517,0,0.00282942121052258,0,0,0,0,0.0169765272631355,0,0,0,0,0,0,0,0,0,0,0,0,0,0,0,0.00848826363156775,0,0,0,0,0,0,0,0,0,0,0,0.00282942121052258,0,0,0,0,0,0,0,0,0,0,0,0,0,0,0,0,0,0,0,0,0,0,0,0,0.0141471060526129,0,0,0,0.00848826363156775,0,0,0,0,0,0,0,0,0.226353696841807,0,0,0,0.00565884242104517,0,0,0,0,0,26.8795014999645,0,0,0,0,0,0,0,0,0,0,0.00848826363156775,0.0254647908947033,0,0,0,0,0,0,0,0,0.0169765272631355,0,0,0,0,0,0,0,0,0,0,0,0.00565884242104517,0,0.0226353696841807,0,0,0,0,0,0,0,0,0,0,0,0,0,0,0,0,0,0,0,0,0,0,0,0,0,0,0,0,0,0,0,0,0,0,0,0,0,0.00848826363156775,0.00282942121052258,0,0,0,0.00282942121052258,0,0,0,0,0,0,0,0,0,0,0,0,0,0,0,0,0,0,0,0,0,0,0,0.067906109052542,0,0,0,0,0,0,0,0,0,0,0,0,0,0,0,0.00848826363156775,0,0,0,0,0,0,0,0,0,0,0,11.3176848420903,0,0,0,0,0,0,0,0.067906109052542,0,0,0,0,0.124494533262994,0.565884242104517,0,0,0,0.0226353696841807,0,0,0,0,0,0,0,0,0,0,0,0,0,0,0,0,0,0,0,0,0.0594178454209743,0,0,0,0,0,0,0,0,0.0452707393683613,0,0,0,0,0,0,0,0.00282942121052258,0,0,0,0,0,0,0,0,0,0,0.00565884242104517,0,0,0,0,0.00282942121052258,0,0,0,0,0,0,0,0,0,0,0,0,0,0,0,0,0,0.0254647908947033,0,0,0,0,0,0,0,0,0.00848826363156775,0,0,0,0,0,0,0,0,0,0,0,0,0,0,0,0,0,0,0,0,0,0,0,0,0,0.00282942121052258,0,0,0,0.00848826363156775,0,0,0,0,0,0,0,0,0,0,0,0,0,0,0,0,0,0,0,0,0,46.479168670693,4.59855073333843,0,0,0,0,0,0,0,0,4.88105037503129,0,0,0,0,0,0,0,0,0,0,0,0,0,0,0,0,0,0,0,0,0,0,0,0,0,0,0,0,0,0,1.55826270508776,0,0,0,0,0,0,0,0,0,0,0,0,0,0,0,0,0,0,0,2.38163605487699,8.2016279857277,0,0,0,0.107043912513739,0,0,0,0,0,0,0,0,0.164762709527785,0,0,0,0,0,0,0,0,0,0,0,0,0,0,0,0,0,0,0,0,0,0,0,0,0,0,0,0,0,0.265587107463447,0,0,0,0.115008049828354,0.639333701653273,6.39592637721983,0,0,0,0,0,0,0,0,0,3.38363660008801,0,0,0,0,0,0,0,0,0,0,0,0,0,0,0,0,0,0,0,0,0,0,0,0,0,0,0,0,0,0,0,0,0,0,0,0.736122593962271,0,0,0.54947018315172,0,0,0,0,0,0,0,0,0,0,0,0,0,0,0,0,0,0,0,0,0,0,0,0,0,0,0,0,0,0,0,0,0,0,0,0,0,0,0,0,0,0.0937950107108512,0,0,0,0,0,0,0,0,0,0,0,0,0,0,0,0,0,0,0,0.51878648588661,0.280857925481517,1.55624957477389,4.01012950660696,0,0,0,0,0,0,0,0,0,0,0,0,0,0,0,0,0,0,0,0,0,0,0,0,0,0,0,0,0,0,0,0,0,0,0,0,1.65739781688447,0,0,0,1.70189647189575,0,0,0,0,0,0,0,0,0,0,0,0,0,0,0,0,0,0.160948564812165,0,2.22856874750884,0,0,0,0,6.33946253509736,0,0,0,0,0,0,0,0,0,0,0,0,0,0,0,0.104247674293533,0,0,0,0,0,0,0,0,0,0,0,0.850381413054078,0,0,0,0,0,0,0,0,0,0,0,0,0,0,0,0,0,0,0,0,0,0,0,0,0.0517353486704663,0,0,0,0.0123322575472057,0,0,0,0,0,0,0,0,0.370109797937554,0,0,0,26.8403080718541,0,0,0,0,0,11.4777451999696,0,0,0,0,0,0,0,0,0,0,2.90547445044381,6.24716454719609,0,0,0,0,0,0,0,0,2.95716166698759,0,0,0,0,0,0,0,0,0,0,0,12.8749317214485,0,52.6745831932554,0,0,0,0,0,0,0,0,0,0,0,0,0,0,0,0,0,0,0,0,0,0,0,0,0,0,0,0,0,0,0,0,0,0,0,0,0,0.134461180105304,0.27065604470659,0,0,0,0.204600587358282,0,0,0,0,0,0,0,0,0,0,0,0,0,0,0,0,0,0,0,0,0,0,0,0.305270536771119,0,0,0,0,0,0,0,0,0,0,0,0,0,0,0,1.80337914280291,0,0,0,0,0,0,0,0,0,0,0,4.63722613398299,0,0,0,0,0,0,0,0.0725780493553569,0,0,0,0,0.34321644203373,0.174736918821115,0,0,0,0.0248283940185314,0,0,0,0,0,0,0,0,0,0,0,0,0,0,0,0,0,0,0,0,10.2825067434438,0,0,0,0,0,0,0,0,11.9388412616582,0,0,0,0,0,0,0,0.84025350213479,0,0,0,0,0,0,0,0,0,0,9.79851050069088,0,0,0,0,0.951487946606965,0,0,0,0,0,0,0,0,0,0,0,0,0,0,0,0,0,0.164577452172874,0,0,0,0,0,0,0,0,0.712790054891818,0,0,0,0,0,0,0,0,0,0,0,0,0,0,0,0,0,0,0,0,0,0,0,0,0,1.99391766905318,0,0,0,1.71349478633455,0,0,0,0,0,0,86.1636015,86.74990152,93.42500155,94.34390158,72.64530123,90.6632016,72.94210125,75.69500137,85.66220149,76.74490131,90.31370161,"JAR-00430"
"661",8765,"nSPC",2015,"PRIAs","Pacific Remote Island Areas","Jarvis","Jarvis",2015,"ForereefShallow","Jarvis","2015-04-12","Forereef","Shallow",-0.36619747,-160.00653824,2.5,3.5,0,0.5,4,89.5,2.5,0,0,NA,1.35475,1.34106607725718,4.65,2,1,7.62867852341266,11.4360862017647,44.7674964239876,13.4382198182746,77.2704809674395,11.4727132089211,0,0,0,0,0,0.0113176848420903,0,0,0,0,0,0,0.0565884242104517,0,0,0,0.0254647908947033,0,0,0,0,0,0,0,0,0,0,0,0,0,0,0,0,0,0,0,0,0,0,0,0,0.00282942121052258,0,0,0,0,0,0,0,0,0,0,0,0,0,0,0,0,0,0,0,0,0,0,0,0,0,0,0,0,0,0,0,0,0,0,0.00565884242104517,0,0,0,0,0.0113176848420903,0,0,0,0,0,0,0,0,0,0,0,0,0,0.00282942121052258,0,0,0,0,0,0,0,0,0,0,0,0,0,0,0,0,0,0,0,0,0.00282942121052258,0,0,0,0.00565884242104517,0,0,0,0,0,0,0,0,0,0,0,0,0,0,0,0.00282942121052258,0,0,0,0,0,0,0,0,0,0,0,0,0,0,0,0,0,0,0,0,0,0,0,0,0,0,0,0,0,0,0,0,0,0,0.0141471060526129,0.00848826363156775,0,0,0,0,0,0,0,0,0,0,0,0,0,0,0,0,0,0,0,0,0,0,0,0,0,0,0,0,0,0,0.0848826363156775,0,0,0,0,0,0,0,0,0.0169765272631355,0,0,0,0,0,0.0113176848420903,0,0,0,0,0,0,0,0,0.00282942121052258,0,0,0,0,0,0,0,0,0,0,0,0,0.0254647908947033,0,0,0,0,0,0,0,0,0,0,0,0,0,0,0,0,0,0,0,0,0,0,0,0,0,0,0,0,0,0.00565884242104517,0,0,0,0,0,0,0,0,0,0,0,0,0,0,0,0,0,0,0,0,0,0,0,0,0,0,0,0,0.00848826363156775,0,0,0,0,0,0,0,0,0,0,0,0,0,0,0,0,0,0,0,0,0,0,0,0,0,0,0,0,0,0,0,0,0,0,0,0,0,0,0,0,0,0,0,0,0,0,0,0,0,0,0,0,0,0,0,0,0,0,0,0.00282942121052258,0,0,0,0.00282942121052258,0,0,0,0,0,0,0,0,0,0,0,0,0.00282942121052258,0,0,0,0,0,0,0,0,0,0,0,0,0,0,0,0,0.0113176848420903,0.00848826363156775,0,0,0,0,0,0,0,0,0,0,0,0,0,0,0.0226353696841807,0,0,0,0,0,0,0,0,0,0,0,0,0,0,0,0,0,0,0,0,0,0,0,0,0,0,0,0,0,0,0,0,0,0,0,0,0,0,0,0,0,0,0,0,0,0,0.00565884242104517,0,0.0113176848420903,0,0,0,0,0,0,0,0,0,0,0,0,0,0,0,0,0,0,0,0,0.0198059484736581,0,0,0,0.0198059484736581,0,0,0,0,0,0,0.0226353696841807,0,0,0,0,0,0,0,0,0,0,0,0,0,0,0,0,0,0,0,0,0,0,0,0,0,0,0,0,0,0,0,0,0,0.00282942121052258,0,0,0,0,0,0,0,0,0,0,0,0,0,0,0,0,0,0,0,0,0,0,0,0,0,0.00282942121052258,0,0,0,0,0,0,0,0,0,0.0254647908947033,0,0,0,0,0,0,0,0,0.00282942121052258,0,0,0,0,0,0,0,0,0,0.00565884242104517,0,0,0,0,0,0,0,0,0,0,0,0,0,0,0,0,0,0,0,0,0,0,0.130153375684039,0,0,0.0565884242104517,0,0,0,0,0,0,0,0,0,0,0,0,0,0,0,0,0.144300481736652,0,0,0,0,0,0,0.00282942121052258,0.169765272631355,0,0,0,0,0,0,0,0,0,0,0,0,0,0,0,0,0,0,0,0,0,0,1.8034730795871,0,0,0,0,0,0,18.06037270475,0,0,0,3.3314885513528,0,0,0,0,0,0,0,0,0,0,0,0,0,0,0,0,0,0,0,0,0,0,0,0,0.173262437247561,0,0,0,0,0,0,0,0,0,0,0,0,0,0,0,0,0,0,0,0,0,0,0,0,0,0,0,0,0,0,0,0,0,0,0.722926695256528,0,0,0,0,0.0131414851158348,0,0,0,0,0,0,0,0,0,0,0,0,0,0.0240346918877175,0,0,0,0,0,0,0,0,0,0,0,0,0,0,0,0,0,0,0,0,0.645366508516866,0,0,0,0.0412580988084822,0,0,0,0,0,0,0,0,0,0,0,0,0,0,0,0.0877238271159633,0,0,0,0,0,0,0,0,0,0,0,0,0,0,0,0,0,0,0,0,0,0,0,0,0,0,0,0,0,0,0,0,0,0,1.35782491257873,0.0140158209084447,0,0,0,0,0,0,0,0,0,0,0,0,0,0,0,0,0,0,0,0,0,0,0,0,0,0,0,0,0,0,0.113148554208798,0,0,0,0,0,0,0,0,0.0851160276518201,0,0,0,0,0,0.525873396766517,0,0,0,0,0,0,0,0,0.260203691424669,0,0,0,0,0,0,0,0,0,0,0,0,5.91984763495286,0,0,0,0,0,0,0,0,0,0,0,0,0,0,0,0,0,0,0,0,0,0,0,0,0,0,0,0,0,0.537897971618453,0,0,0,0,0,0,0,0,0,0,0,0,0,0,0,0,0,0,0,0,0,0,0,0,0,0,0,0,0.0884150348665699,0,0,0,0,0,0,0,0,0,0,0,0,0,0,0,0,0,0,0,0,0,0,0,0,0,0,0,0,0,0,0,0,0,0,0,0,0,0,0,0,0,0,0,0,0,0,0,0,0,0,0,0,0,0,0,0,0,0,0,0.0136985311808475,0,0,0,0.0027012170491327,0,0,0,0,0,0,0,0,0,0,0,0,6.13740939183666,0,0,0,0,0,0,0,0,0,0,0,0,0,0,0,0,6.58038563043522,2.48431797107155,0,0,0,0,0,0,0,0,0,0,0,0,0,0,4.49291307718119,0,0,0,0,0,0,0,0,0,0,0,0,0,0,0,0,0,0,0,0,0,0,0,0,0,0,0,0,0,0,0,0,0,0,0,0,0,0,0,0,0,0,0,0,0,0,0.220280824324715,0,2.45423637997633,0,0,0,0,0,0,0,0,0,0,0,0,0,0,0,0,0,0,0,0,0.0767693031786705,0,0,0,0.0349808578435906,0,0,0,0,0,0,0.0579786920463109,0,0,0,0,0,0,0,0,0,0,0,0,0,0,0,0,0,0,0,0,0,0,0,0,0,0,0,0,0,0,0,0,0,0.434625479681048,0,0,0,0,0,0,0,0,0,0,0,0,0,0,0,0,0,0,0,0,0,0,0,0,0,0.223588252710959,0,0,0,0,0,0,0,0,0,5.64360881724772,0,0,0,0,0,0,0,0,5.68278900661536,0,0,0,0,0,0,0,0,0,5.78992420230573,0,0,0,0,0,0,0,0,0,0,0,0,0,0,0,0,0,0,0,0,0,0,1.0755498498971,0,0,0.496461940712531,0,0,0,0,0,0,0,0,0,0,0,0,0,0,0,0,0.222481633915207,0,0,0,0,0,0,0.586256074820279,0.75413270879361,0,0,0,0,0,0,0,0,0,0,0,0,0,0,0,0,0,69.8619012,75.12240132,81.13020135,77.3485013,57.26190099,71.88650128,57.77210099,65.51840121,74.19390129,52.25110089,75.15500134,"JAR-00539"
"662",8766,"nSPC",2015,"PRIAs","Pacific Remote Island Areas","Jarvis","Jarvis",2015,"ForereefDeep","Jarvis","2015-04-12","Forereef","Deep",-0.36118266,-159.99860628,21.8,2,0.5,17.5,16,64,0,0,0,NA,0.16875,0.0897431183971292,0.45,2,1,45.5445214239983,46.6964453585499,13.6050653327558,7.57453968850812,113.420571803812,7.66146601674403,0,0,0,0,0,0,0,0,0,0,0,0,0,0,0,0,0.0169765272631355,0,0,0,0,0,0,0,0,0,0,0,0,0,0,0,0,0,0,0,0,0,0,0,0,0,0,0,0,0,0,0,0,0,0,0,0.0565884242104517,0,0,0,0.00848826363156775,0,0,0,0,0,0,0,0,0,0,0,0,0,0,0,0,0,0,0,0.00848826363156775,0,0,0,0,0.0226353696841807,0,0,0,0,0,0,0,0,0,0,0,0,0,0,0,0,0,0,0,0,0,0,0,0,0,0,0,0,0,0,0,0,0,0,0.00848826363156775,0,0,0,0.0565884242104517,0,0,0,0.00282942121052258,0.158447587789265,0.0282942121052258,0,0,0,0,0,0,0,0,0,0.0763943726841098,0,0.113176848420903,0,0,0,0,0,0,0,0,0,0,0,0,0,0,0,0,0,0,0,0,0,0,0,0,0,0,0,0,0,0,0,0,0,1.04688584789336,0,0,0,0,0,0,0,0,0,0,0,0,0,0,0,0,0,0,0,0,0,0,0,0,0,0,0,0,0,0,0,0,0,0,0,0,0,0,0,0,0,0,0,0,0.0226353696841807,0,0,0,0,0,0,0,0,0,0,0,0,0,0,0,0,0,0,0,0.0311236333157484,0.0254647908947033,0.00282942121052258,0.0169765272631355,0,0,0,0,0,0,0,0,0,0,0,0,0,0,0,0,0,0,0,0,0,0,0,0,0,0,0,0,0,0,0,0,0,0,0,0,0,0,0,0.00565884242104517,0,0,0,0,0,0,0,0,0,0,0,0,0,0,0,0,0,0,0.00848826363156775,0,0.00848826363156775,0,0,0,0,0,0,0,0,0,0,0,0,0,0,0,0,0,0,0,0,0,0,0,0,0,0,0,0,0,0,0,0,0.00282942121052258,0,0,0,0,0,0,0,0,0,0,0,0,0,0,0,0,0,0,0,0,0,0,0,0,0.0169765272631355,0,0,0,0.00282942121052258,0,0,0,0,0,0,0,0,3.3953054526271,0,0,0,0.00565884242104517,0,0,0,0,0,33.953054526271,0,0,0,0,0,0,0,0,0,0,0.00565884242104517,0.00282942121052258,0,0,0,0,0,0,0,0,0,0,0,0,0,0,0,0,0,0,0,0,0.00282942121052258,0,0,0,0,0,0,0,0,0,0,0,0,0,0,0,0,0,0,0,0,0,0,0,0,0,0,0,0,0,0,0,0,0,0,0,0,0,0,0,0.0141471060526129,0.00282942121052258,0,0,0,0,0,0,0,0,0,0,0,0,0,0,0,0,0,0,0,0,0,0,0,0,0,0,0,0,0,0,0,0,0,0,0,0,0,0,0,0,0,0,0,0.00565884242104517,0,0,0,0,0,0,0,0,0,0,0,12.1948054173523,0,0,0,0,0,0,0,0.00282942121052258,0,0,0,0,0.16410643021031,1.69765272631355,0,0,0,0.0226353696841807,0,0,0,0,0,0,0,0,0,0,0,0,0,0,0,0,0,0,0,0,0,0,0,0,0,0,0,0,0,0.00848826363156775,0,0,0,0,0,0,0,0.00565884242104517,0,0,0,0,0,0,0,0,0,0,0.00565884242104517,0,0,0,0,0,0,0,0,0,0,0,0,0,0,0,0,0,0,0,0,0,0,0,0,0,0,0,0,0,0,0,0.00282942121052258,0,0,0,0,0,0,0,0,0,0,0,0,0,0,0,0,0,0,0,0,0,0,0,0,0,0.00565884242104517,0,0,0,0,0,0,0,0.00282942121052258,0,0,0,0,0,0,0,0,0,0,0,0,0,0,0,0,0,0,1.66975103229699,0,0,0,0,0,0,0,0,0,0,0,0,0,0,0,0,0,0,0,0,0,0,0,0,0,0,0,0,0,0,0,0,0,0,0,0.27117789587706,0,0,0,2.9374400240767,0,0,0,0,0,0,0,0,0,0,0,0,0,0,0,0,0,0,0,1.27487665076792,0,0,0,0,0.0262829702316695,0,0,0,0,0,0,0,0,0,0,0,0,0,0,0,0,0,0,0,0,0,0,0,0,0,0,0,0,0,0,0,0,0,0,3.71894709233874,0,0,0,0.312381068967364,0,0,0,0.0728496737915671,0.323346904968247,6.25756700745804,0,0,0,0,0,0,0,0,0,4.52306842112907,0,0.0788389926100013,0,0,0,0,0,0,0,0,0,0,0,0,0,0,0,0,0,0,0,0,0,0,0,0,0,0,0,0,0,0,0,0,0,2.15347248332874,0,0,0,0,0,0,0,0,0,0,0,0,0,0,0,0,0,0,0,0,0,0,0,0,0,0,0,0,0,0,0,0,0,0,0,0,0,0,0,0,0,0,0,0,0.0241350739001998,0,0,0,0,0,0,0,0,0,0,0,0,0,0,0,0,0,0,0,0.653098408365327,0.765520349943685,0.579622692329796,0.683122243629138,0,0,0,0,0,0,0,0,0,0,0,0,0,0,0,0,0,0,0,0,0,0,0,0,0,0,0,0,0,0,0,0,0,0,0,0,0,0,0,2.72670044738772,0,0,0,0,0,0,0,0,0,0,0,0,0,0,0,0,0,0,0.251265707454376,0,4.60906509775378,0,0,0,0,0,0,0,0,0,0,0,0,0,0,0,0,0,0,0,0,0,0,0,0,0,0,0,0,0,0,0,0,0.952324610442844,0,0,0,0,0,0,0,0,0,0,0,0,0,0,0,0,0,0,0,0,0,0,0,0,0.0312842201918032,0,0,0,0.0027012170491327,0,0,0,0,0,0,0,0,5.05780544982112,0,0,0,13.0570592115195,0,0,0,0,0,21.788721975356,0,0,0,0,0,0,0,0,0,0,1.93698296696254,0.690217876139193,0,0,0,0,0,0,0,0,0,0,0,0,0,0,0,0,0,0,0,0,6.92413933177926,0,0,0,0,0,0,0,0,0,0,0,0,0,0,0,0,0,0,0,0,0,0,0,0,0,0,0,0,0,0,0,0,0,0,0,0,0,0,0,0.485382042017865,0.327117337756217,0,0,0,0,0,0,0,0,0,0,0,0,0,0,0,0,0,0,0,0,0,0,0,0,0,0,0,0,0,0,0,0,0,0,0,0,0,0,0,0,0,0,0,1.45626008985357,0,0,0,0,0,0,0,0,0,0,0,7.65047342584262,0,0,0,0,0,0,0,0.0102062881905971,0,0,0,0,0.879653491864187,0.808549866740913,0,0,0,0.0248283940185314,0,0,0,0,0,0,0,0,0,0,0,0,0,0,0,0,0,0,0,0,0,0,0,0,0,0,0,0,0,2.41667486436367,0,0,0,0,0,0,0,2.49812084157144,0,0,0,0,0,0,0,0,0,0,5.1633451751726,0,0,0,0,0,0,0,0,0,0,0,0,0,0,0,0,0,0,0,0,0,0,0,0,0,0,0,0,0,0,0,0.250329080411291,0,0,0,0,0,0,0,0,0,0,0,0,0,0,0,0,0,0,0,0,0,0,0,0,0,6.82932506876908,0,0,0,0,0,0,0,0.26653873937201,0,0,95.87640165,94.77100166,102.0724017,103.7756017,86.24070146,102.8805018,81.9592014,88.7149016,100.5184018,94.16540161,98.15570174,"JAR-00423"
"663",8767,"nSPC",2015,"PRIAs","Pacific Remote Island Areas","Jarvis","Jarvis",2015,"ForereefMid","Jarvis","2015-04-12","Forereef","Mid",-0.36221866,-159.99578501,10.5,5,0,5,12.5,74,3.5,0,0,NA,0.23375,0.199074551921921,0.65,2,1,21.8580479062457,21.8433455770473,39.9573061897729,23.3640021894167,107.022701862483,17.1104736638794,0,0,0,0,0,0,0,0,0,0,0,0,0.0113176848420903,0,0,0,0.0763943726841098,0,0,0,0,0,0,0,0,0,0,0,0,0,0,0,0,0,0,0,0,0,0,0,0,0.0169765272631355,0,0,0,0,0,0,0,0,0,0,0,0,0,0,0.00282942121052258,0,0,0,0,0,0,0,0,0.00282942121052258,0,0,0,0.00282942121052258,0,0,0,0,0,0,0.0113176848420903,0,0,0,0,0.033953054526271,0,0,0,0,0.00282942121052258,0.00282942121052258,0,0,0.00282942121052258,0,0,0,0,0,0,0,0,0,0,0,0,0,0,0.0169765272631355,0,0,0,0,0,0,0,0,0,0,0.00565884242104517,0,0,0,0.107518005999858,0,0,0,0,0,0.00282942121052258,0,0,0,0,0,0,0,0,0,0.0198059484736581,0,0,0,0,0,0,0,0,0,0,0,0,0,0,0,0.0848826363156775,0,0,0,0,0,0,0,0,0,0,0,0,0,0,0,0,0,0,0,0.254647908947033,0,0,0,0,0,0,0,0,0,0,0,0,0,0,0,0,0,0,0,0,0,0,0,0,0,0,0,0,0,0,1.10347427210381,0,0,0,0,0,0,0,0,0.0282942121052258,0,0,0,0,0.0113176848420903,0,0,0,0,0,0,0,0,0,0.0141471060526129,0,0.00282942121052258,0,0,0,0,0,0,0,0,0,0,0.0367824757367936,0,0,0,0,0,0,0,0,0,0,0,0,0,0,0,0,0,0,0,0,0,0,0,0,0,0,0,0,0,0,0,0,0,0,0,0,0,0,0,0,0,0,0,0,0,0,0,0,0,0,0,0,0,0,0,0,0,0,0.0141471060526129,0,0,0,0,0,0,0,0,0,0,0,0,0,0,0,0,0,0,0,0.00565884242104517,0,0,0,0,0.0113176848420903,0.00282942121052258,0,0,0,0,0,0,0,0,0.00848826363156775,0,0,0,0,0,0,0,0,0,0,0,0,0,0,0,0,0,0,0,0,0,0,0,0,0.00565884242104517,0,0,0,0.00848826363156775,0,0,0,0,0,0,0,0,2.26353696841807,0,0,0,0.00282942121052258,0,0,0,0,0,4.52707393683613,0,0,0,0,0,0,0,0,0,0,0.0254647908947033,0.0141471060526129,0,0,0,0,0,0,0,0,0,0,0,0,0,0,0,0,0,0,0,0,0,0,0,0,0,0,0,0,0,0,0,0,0,0,0,0,0,0,0,0,0,0,0,0,0,0,0,0,0,0,0,0,0,0,0.00565884242104517,0,0,0,0,0,0.00282942121052258,0.00848826363156775,0,0.00848826363156775,0,0.00282942121052258,0,0,0,0,0,0,0,0,0,0,0,0,0,0,0,0,0,0,0.113176848420903,0,0,0,0,0,0,0,0,0,0,0,0,0,0,0,0,0,0,0,0,0.00565884242104517,0,0,0,0,0,0,0,0,0,0,0,4.52707393683613,0,0,0,0,0,0,0,0,0,0,0,0,0,2.57477330157555,0,0,0,0,0,0,0,0,0,0,0,0,0,0,0,0,0,0,0,0,0,0,0,0,0,0,0,0,0,0,0,0,0,0,0,0,0,0,0,0,0,0.00565884242104517,0.00565884242104517,0,0,0,0,0,0,0,0,0,0.00565884242104517,0,0,0,0,0,0,0,0,0,0,0,0,0,0,0,0,0,0,0,0,0,0,0.135812218105084,0,0,0.033953054526271,0,0,0,0,0,0.00848826363156775,0,0,0,0,0,0,0,0,0,0,0.067906109052542,0,0,0,0,0,0,0,0.130153375684039,0,0,0,0,0,0,0.00282942121052258,0,0,0,0,0,0,0,0.00565884242104517,0,0,0,0,0,0,0,0,0,0,0,0,0,0,2.58964305772099,0,0,0,8.48791849085798,0,0,0,0,0,0,0,0,0,0,0,0,0,0,0,0,0,0,0,0,0,0,0,0,0.754606636846373,0,0,0,0,0,0,0,0,0,0,0,0,0,0,1.06764955544678,0,0,0,0,0,0,0,0,0.497148377664675,0,0,0,1.74243479957323,0,0,0,0,0,0,1.77498639729317,0,0,0,0,0.0394244553475043,0,0,0,0,0.78419346426328,0.699616852110782,0,0,0.164762709527785,0,0,0,0,0,0,0,0,0,0,0,0,0,0,0.0715136210959583,0,0,0,0,0,0,0,0,0,0,4.80036246386759,0,0,0,0.374406511811961,0,0,0,0,0,0.289481889230257,0,0,0,0,0,0,0,0,0,1.21188551233446,0,0,0,0,0,0,0,0,0,0,0,0,0,0,0,0.0922499376683538,0,0,0,0,0,0,0,0,0,0,0,0,0,0,0,0,0,0,0,0.477778895030054,0,0,0,0,0,0,0,0,0,0,0,0,0,0,0,0,0,0,0,0,0,0,0,0,0,0,0,0,0,0,1.05228155414182,0,0,0,0,0,0,0,0,0.151877595770033,0,0,0,0,0.040349886318933,0,0,0,0,0,0,0,0,0,9.44984766727259,0,0.0775144428683062,0,0,0,0,0,0,0,0,0,0,5.95573292205114,0,0,0,0,0,0,0,0,0,0,0,0,0,0,0,0,0,0,0,0,0,0,0,0,0,0,0,0,0,0,0,0,0,0,0,0,0,0,0,0,0,0,0,0,0,0,0,0,0,0,0,0,0,0,0,0,0,0,0.265381869612239,0,0,0,0,0,0,0,0,0,0,0,0,0,0,0,0,0,0,0,0.232901599045745,0,0,0,0,0.0204544518151099,0.0376313020999504,0,0,0,0,0,0,0,0,1.71740661343693,0,0,0,0,0,0,0,0,0,0,0,0,0,0,0,0,0,0,0,0,0,0,0,0,0.0225968114656179,0,0,0,0.0102179543473019,0,0,0,0,0,0,0,0,1.64975628406182,0,0,0,10.7194576247723,0,0,0,0,0,1.57378066571687,0,0,0,0,0,0,0,0,0,0,10.120298906519,3.12048940268774,0,0,0,0,0,0,0,0,0,0,0,0,0,0,0,0,0,0,0,0,0,0,0,0,0,0,0,0,0,0,0,0,0,0,0,0,0,0,0,0,0,0,0,0,0,0,0,0,0,0,0,0,0,0,0.122762687570196,0,0,0,0,0,0.0839162577047264,0.819714926792901,0,1.50140283791144,0,0.468203291434068,0,0,0,0,0,0,0,0,0,0,0,0,0,0,0,0,0,0,0.477187735318241,0,0,0,0,0,0,0,0,0,0,0,0,0,0,0,0,0,0,0,0,1.08016889547698,0,0,0,0,0,0,0,0,0,0,0,1.90481728850559,0,0,0,0,0,0,0,0,0,0,0,0,0,4.89914317716937,0,0,0,0,0,0,0,0,0,0,0,0,0,0,0,0,0,0,0,0,0,0,0,0,0,0,0,0,0,0,0,0,0,0,0,0,0,0,0,0,0,2.86067265406985,8.75047028448363,0,0,0,0,0,0,0,0,0,5.49933072532588,0,0,0,0,0,0,0,0,0,0,0,0,0,0,0,0,0,0,0,0,0,0,1.05703312065121,0,0,0.341743420960109,0,0,0,0,0,0.662858692905484,0,0,0,0,0,0,0,0,0,0,0.0338144128869554,0,0,0,0,0,0,0,0.535974996372325,0,0,0,0,0,0,2.86557967609668,0,0,0,0,0,0,0,0.919865599152384,0,0,94.52210162,94.45400166,99.66860163,101.4637017,85.77360146,100.7739018,82.76030142,88.26730159,99.08550174,93.20610159,96.1282017,"JAR-00572"
"664",8768,"nSPC",2015,"PRIAs","Pacific Remote Island Areas","Jarvis","Jarvis",2015,"ForereefShallow","Jarvis","2015-04-12","Forereef","Shallow",-0.36268394,-159.99760766,4.25,5,0,4.5,17.5,70.5,2.5,0,0,NA,1.125,0.92343672238948,3.15,2,1,2.25847756793314,5.52912587405235,19.3882413973393,12.132192689403,39.3080375287278,5.2772716949527,0,0.00282942121052258,0,0,0.0198059484736581,0.0113176848420903,0,0,0,0,0,0,0.00848826363156775,0,0,0,0.0169765272631355,0,0,0,0,0.00282942121052258,0,0,0,0,0,0,0,0,0,0,0,0,0,0,0,0,0,0,0,0.00565884242104517,0,0,0,0,0,0,0,0,0,0,0,0,0,0,0,0,0,0,0,0,0,0,0,0,0,0,0,0,0,0,0,0,0,0,0.00282942121052258,0,0,0,0,0.0905414787367227,0,0,0,0,0,0,0,0,0,0,0,0,0,0,0,0,0,0,0,0,0,0,0,0,0,0,0,0,0,0,0,0,0,0,0.00282942121052258,0,0,0,0,0,0,0,0,0,0,0,0,0,0,0,0,0,0,0,0.00282942121052258,0,0,0,0,0,0,0,0,0,0,0,0,0,0,0,0,0,0,0,0,0,0,0,0,0,0,0,0,0,0,0,0,0,0,0,0,0,0,0,0,0,0,0,0,0,0,0,0,0,0,0,0,0,0,0,0,0,0,0,0.00282942121052258,0,0,0,0,0,0,0.0226353696841807,0,0,0,0,0,0,0,0,0.00565884242104517,0,0,0,0,0,0.00848826363156775,0,0,0,0,0,0,0,0,0.00848826363156775,0,0,0,0,0,0,0,0,0,0,0,0,0,0,0,0,0,0,0,0,0,0,0,0,0,0,0,0,0,0,0,0,0,0,0,0,0,0,0,0,0,0,0.00282942121052258,0,0,0,0,0,0,0,0,0,0,0,0,0,0,0,0.00282942121052258,0,0,0,0,0,0,0,0,0,0,0,0,0,0,0,0,0,0,0,0,0,0,0,0,0,0,0,0,0,0,0,0,0.00565884242104517,0,0,0,0,0,0,0,0,0,0,0,0,0,0,0.00282942121052258,0,0,0,0,0,0,0,0,0,0,0,0,0,0,0,0,0,0,0,0,0,0,0,0,0.00282942121052258,0,0,0,0.0141471060526129,0,0,0,0,0,0,0,0,0,0,0,0,0,0,0,0,0,0,0,0,0,0,0,0,0,0,0,0,0,0.0113176848420903,0.0169765272631355,0,0,0,0,0,0,0,0,0,0,0,0,0,0,0,0,0,0,0,0,0,0,0,0,0,0,0,0,0,0,0,0,0,0,0,0,0,0,0,0,0,0,0,0,0,0,0.00282942121052258,0,0,0,0,0,0,0,0.00282942121052258,0,0,0,0,0,0,0.0113176848420903,0,0.00282942121052258,0,0,0,0,0,0,0,0,0,0,0,0,0,0,0,0,0,0,0,0,0.0113176848420903,0,0,0,0.00565884242104517,0,0,0,0,0,0,0.16410643021031,0,0,0,0,0,0,0,0,0,0,0,0,0,0,0,0,0,0,0,0,0,0,0,0,0,0,0,0,0,0,0,0,0,0,0,0,0,0,0,0,0,0,0,0,0,0,0,0,0,0,0,0,0,0,0,0,0,0,0,0.0113176848420903,0,0,0,0,0,0,0,0,0,0.00282942121052258,0,0,0,0,0,0,0,0,0.00282942121052258,0,0,0,0,0,0,0,0,0,0.00282942121052258,0,0,0,0,0,0,0,0,0,0,0,0,0,0,0,0,0,0,0,0,0,0,0.181082957473445,0,0,0.0735649514735872,0,0,0,0,0,0,0,0,0,0,0,0,0,0,0,0,0,0,0,0,0,0,0,0.00565884242104517,0.69037877536751,0,0.00282942121052258,0,0,0,0,0,0,0,0,0,0,0,0,0,0,0,0,0.152919464628146,0,0,0.236573131198371,1.79540922913711,0,0,0,0,0,0,2.65852291632464,0,0,0,2.23267013645664,0,0,0,0,0.990574227785197,0,0,0,0,0,0,0,0,0,0,0,0,0,0,0,0,0,0,0,0.739336250573183,0,0,0,0,0,0,0,0,0,0,0,0,0,0,0,0,0,0,0,0,0,0,0,0,0,0,0,0,0,0,0,0,0,0,0.387383452121338,0,0,0,0,0.141757177182523,0,0,0,0,0,0,0,0,0,0,0,0,0,0,0,0,0,0,0,0,0,0,0,0,0,0,0,0,0,0,0,0,0,0,1.31235695922621,0,0,0,0,0,0,0,0,0,0,0,0,0,0,0,0,0,0,0,0.234073399475583,0,0,0,0,0,0,0,0,0,0,0,0,0,0,0,0,0,0,0,0,0,0,0,0,0,0,0,0,0,0,0,0,0,0,0,0,0,0,0,0,0,0,0,0,0,0,0,0,0,0,0,0,0,0,0,0,0,0,0,0.979680883165817,0,0,0,0,0,0,0.0373755224225191,0,0,0,0,0,0,0,0,0.0303755191540065,0,0,0,0,0,0.31388919848447,0,0,0,0,0,0,0,0,2.68291807675049,0,0,0,0,0,0,0,0,0,0,0,0,0,0,0,0,0,0,0,0,0,0,0,0,0,0,0,0,0,0,0,0,0,0,0,0,0,0,0,0,0,0,0.242541013807686,0,0,0,0,0,0,0,0,0,0,0,0,0,0,0,0.0334903497378648,0,0,0,0,0,0,0,0,0,0,0,0,0,0,0,0,0,0,0,0,0,0,0,0,0,0,0,0,0,0,0,0,0.0212369463676381,0,0,0,0,0,0,0,0,0,0,0,0,0,0,0.668848011723918,0,0,0,0,0,0,0,0,0,0,0,0,0,0,0,0,0,0,0,0,0,0,0,0,0.0054076140822457,0,0,0,0.028034492772728,0,0,0,0,0,0,0,0,0,0,0,0,0,0,0,0,0,0,0,0,0,0,0,0,0,0,0,0,0,5.11342004324893,2.96696256278534,0,0,0,0,0,0,0,0,0,0,0,0,0,0,0,0,0,0,0,0,0,0,0,0,0,0,0,0,0,0,0,0,0,0,0,0,0,0,0,0,0,0,0,0,0,0,0.184029903042103,0,0,0,0,0,0,0,0.0622990679213183,0,0,0,0,0,0,0.46950619542366,0,0.500467612637146,0,0,0,0,0,0,0,0,0,0,0,0,0,0,0,0,0,0,0,0,0.0312153216605868,0,0,0,0.0144418376775834,0,0,0,0,0,0,0.775465080039454,0,0,0,0,0,0,0,0,0,0,0,0,0,0,0,0,0,0,0,0,0,0,0,0,0,0,0,0,0,0,0,0,0,0,0,0,0,0,0,0,0,0,0,0,0,0,0,0,0,0,0,0,0,0,0,0,0,0,0,1.01082428523609,0,0,0,0,0,0,0,0,0,0.704987642961681,0,0,0,0,0,0,0,0,3.25287158460772,0,0,0,0,0,0,0,0,0,2.02440011034498,0,0,0,0,0,0,0,0,0,0,0,0,0,0,0,0,0,0,0,0,0,0,1.74891640287007,0,0,0.789529682359997,0,0,0,0,0,0,0,0,0,0,0,0,0,0,0,0,0,0,0,0,0,0,0,2.02610099457889,1.63474733630849,0,0.0724778924454289,0,0,0,0,0,0,0,0,0,0,0,0,0,0,0,92.01750158,90.7937016,97.82250161,99.08970167,82.01550139,96.29360169,76.58950131,82.15000148,90.46630159,83.98330145,91.88190163,"JAR-00593"
"665",8769,"nSPC",2015,"PRIAs","Pacific Remote Island Areas","Jarvis","Jarvis",2015,"ForereefMid","Jarvis","2015-04-12","Forereef","Mid",-0.37081355,-160.00998689,11.95,32.5,0.5,7.5,20,38,1.5,0,0,NA,0.645,0.380080733556488,1.2,2,1,24.5020469211192,42.5569700291672,13.1953868519561,16.4628488930761,96.7172526953185,3.13894506482762,0,0,0,0,0,0,0,0,0,0,0,0,0,0,0,0,0.0169765272631355,0,0,0,0,0,0,0,0,0,0,0,0,0,0,0,0,0,0,0,0,0,0,0,0,0,0,0,0,0,0,0,0,0,0,0,0.0226353696841807,0,0,0,0.00565884242104517,0,0,0,0,0,0,0,0,0,0,0,0,0,0,0,0,0,0,0,0.00565884242104517,0,0,0,0,0.0481001605788839,0,0,0,0,0,0,0,0,0.00565884242104517,0,0,0,0,0,0,0,0,0,0.00282942121052258,0,0,0,0,0,0,0,0,0,0,0,0,0,0,0,0.00565884242104517,0,0,0,0.0509295817894065,0,0,0,0.00565884242104517,0.067906109052542,0.0396118969473162,0,0,0,0,0,0,0,0,0,0.0311236333157484,0,0,0.0141471060526129,0,0,0,0,0,0,0,0,0,0,0,0,0,0,0,0,0,0,0,0,0,0,0,0,0,0,0,0,0,0,0,0,0.226353696841807,0,0,0,0,0,0,0,0,0,0,0,0,0,0,0,0,0,0,0,0,0,0,0,0,0,0,0,0,0,0,0,0,0,0,0,0,0,0,0,0,0,0,0,0,0.00282942121052258,0,0,0,0,0,0,0,0,0,0,0,0,0,0,0,0,0,0,0,0.0113176848420903,0,0,0.0396118969473162,0,0,0,0,0,0,0,0,0,0,0,0,0,0,0,0,0,0,0,0,0,0,0,0,0,0,0,0,0,0,0,0,0,0,0,0,0.00282942121052258,0,0,0,0,0,0,0.00282942121052258,0,0,0,0,0,0,0,0,0,0,0,0,0,0,0,0,0.00282942121052258,0,0,0,0,0.00282942121052258,0,0,0,0,0,0,0,0,0,0,0,0,0,0,0,0,0,0,0.00565884242104517,0,0.00282942121052258,0,0,0,0,0,0,0.00565884242104517,0,0,0,0,0,0,0,0,0,0,0,0,0,0,0,0,0,0,0,0,0,0,0,0.00282942121052258,0.00848826363156775,0,0,0,0.00565884242104517,0,0,0,0,0,0,0,0,3.67824757367936,0,0,0,0,0,0,0,0,0,31.1236333157484,0,0,0,0,0,0,0,0,0,0,0,0.0113176848420903,0,0,0,0,0,0,0,0,0,0,0,0,0,0,0,0,0,0,0,0,0,0,0.00565884242104517,0,0,0,0,0,0,0,0,0,0,0,0,0,0,0,0,0,0,0,0,0,0,0,0,0,0,0,0,0,0,0,0.0198059484736581,0,0,0,0,0,0.0282942121052258,0,0,0,0,0,0,0,0,0,0,0,0,0,0,0,0,0,0,0,0,0,0,0,0.113176848420903,0,0,0,0,0.0848826363156775,0,0,0,0,0,0,0,0,0,0,0,0,0,0,0,0.00565884242104517,0,0,0,0,0,0,0,0,0,0,0,6.50766878420194,0,0,0,0,0,0.00282942121052258,0,0.0169765272631355,0,0,0,0,0.0367824757367936,0.848826363156775,0,0,0,0.0226353696841807,0,0,0,0,0,0,0,0,0,0,0,0,0,0,0,0,0,0,0,0,0,0,0,0,0,0,0,0,0,0.00565884242104517,0,0,0,0,0,0,0,0,0,0,0,0,0,0,0,0,0,0,0.00282942121052258,0,0,0,0,0,0,0,0,0,0,0,0,0,0,0,0,0,0,0,0,0,0,0.0650766878420194,0,0,0,0,0,0,0,0,0.00282942121052258,0,0,0,0,0,0,0,0,0,0,0.00282942121052258,0,0,0,0,0,0,0,0.00565884242104517,0,0,0,0,0,0,0,0,0,0,0,0,0,0,0.00848826363156775,0,0,0,0,0,0,0,0,0,0,0,0,0,0,0,0,0,0,1.92615160367251,0,0,0,0,0,0,0,0,0,0,0,0,0,0,0,0,0,0,0,0,0,0,0,0,0,0,0,0,0,0,0,0,0,0,0,0.134072217107324,0,0,0,1.62567225071786,0,0,0,0,0,0,0,0,0,0,0,0,0,0,0,0,0,0,0,1.07760132826053,0,0,0,0,0.0660659315017478,0,0,0,0,0,0,0,0,0.264737591348151,0,0,0,0,0,0,0,0,0,0.728060981137984,0,0,0,0,0,0,0,0,0,0,0,0,0,0,0,5.36699111207207,0,0,0,0.21202597210536,0,0,0,0.393379806799255,0.131185684545123,10.9206965349925,0,0,0,0,0,0,0,0,0,1.62777542854569,0,0,0.00889287086467248,0,0,0,0,0,0,0,0,0,0,0,0,0,0,0,0,0,0,0,0,0,0,0,0,0,0,0,0,0,0,0,0,0.376383190645525,0,0,0,0,0,0,0,0,0,0,0,0,0,0,0,0,0,0,0,0,0,0,0,0,0,0,0,0,0,0,0,0,0,0,0,0,0,0,0,0,0,0,0,0,0.0058621881694282,0,0,0,0,0,0,0,0,0,0,0,0,0,0,0,0,0,0,0,0.205150998548386,0,0,3.38343790626612,0,0,0,0,0,0,0,0,0,0,0,0,0,0,0,0,0,0,0,0,0,0,0,0,0,0,0,0,0,0,0,0,0,0,0,0,1.01241608582374,0,0,0,0,0,0,0.753988728936702,0,0,0,0,0,0,0,0,0,0,0,0,0,0,0,0,1.30924780051743,0,0,0,0,1.05657708918289,0,0,0,0,0,0,0,0,0,0,0,0,0,0,0,0,0,0,0.0693544897702085,0,0.0225942549895322,0,0,0,0,0,0,1.42483399141042,0,0,0,0,0,0,0,0,0,0,0,0,0,0,0,0,0,0,0,0,0,0,0,0.0119901315272546,0.00503539104110912,0,0,0,0.0040324615626555,0,0,0,0,0,0,0,0,6.3846653559169,0,0,0,0,0,0,0,0,0,17.3929897711123,0,0,0,0,0,0,0,0,0,0,0,2.32971519758679,0,0,0,0,0,0,0,0,0,0,0,0,0,0,0,0,0,0,0,0,0,0,11.1144297739925,0,0,0,0,0,0,0,0,0,0,0,0,0,0,0,0,0,0,0,0,0,0,0,0,0,0,0,0,0,0,0,0.184950281736657,0,0,0,0,0,0.43530208353098,0,0,0,0,0,0,0,0,0,0,0,0,0,0,0,0,0,0,0,0,0,0,0,0.577437732416629,0,0,0,0,0.364678875330472,0,0,0,0,0,0,0,0,0,0,0,0,0,0,0,1.24947240656677,0,0,0,0,0,0,0,0,0,0,0,6.66143367988779,0,0,0,0,0,8.36164660199246,0,0.0310913779139485,0,0,0,0,0.102990545501153,0.404274933370456,0,0,0,0.0248283940185314,0,0,0,0,0,0,0,0,0,0,0,0,0,0,0,0,0,0,0,0,0,0,0,0,0,0,0,0,0,1.61111657624244,0,0,0,0,0,0,0,0,0,0,0,0,0,0,0,0,0,0,3.13894506482762,0,0,0,0,0,0,0,0,0,0,0,0,0,0,0,0,0,0,0,0,0,0,0.463121525342238,0,0,0,0,0,0,0,0,0.300260442397625,0,0,0,0,0,0,0,0,0,0,0.0137623047679818,0,0,0,0,0,0,0,0.0402728497420942,0,0,0,0,0,0,0,0,0,0,0,0,0,0,1.40565289906197,0,0,57.69500098,68.1944012,73.44760123,73.32390128,50.78100087,51.81580088,44.98050077,58.29000105,67.06840118,48.61020083,52.60850093,"JAR-00492"
"666",8770,"nSPC",2015,"PRIAs","Pacific Remote Island Areas","Jarvis","Jarvis",2015,"ForereefDeep","Jarvis","2015-04-12","Forereef","Deep",-0.36647483,-160.00688315,23.25,15,0,2,16.5,65,1.5,0,0,NA,0.5125,0.387157227762976,1.3,2,1,33.6509900392918,120.718149849025,10.8870783477704,12.7289110770387,177.985129313126,5.33950485074054,0,0,0,0,0,0,0,0,0,0,0,0,0,0,0,0.0254647908947033,0.00565884242104517,0,0,0,0,0,0,0,0,0.0509295817894065,0,0,0,0,0,0,0,0,0,0,0,0,0,0,0,0,0,0,0,0,0,0,0,0,0,0,0.0113176848420903,0,0,0,0.00848826363156775,0,0,0,0,0,0,0,0,0,0,0,0,0,0,0,0,0,0,0,0.00282942121052258,0,0,0,0,0,0,0,0,0,0,0,0,0,0.00282942121052258,0,0,0,0,0,0,0,0,0,0,0,0,0,0,0,0,0,0,0,0,0,0,0,0,0,0.00565884242104517,0,0,0,0.033953054526271,0,0,0,0.00282942121052258,0.0962003211577679,0.0452707393683613,0,0,0,0,0,0,0,0,0,0.0198059484736581,0,0,0,0,0,0,0,0,0,0,0,0,0,0,0,0.00282942121052258,0,0,0,0,0,0,0,0,0,0,0,0,0,0,0,0,0,0,0.00848826363156775,0.260306751368078,0,0,0,0,0,0,0,0,0,0,0,0,0,0,0,0,0,0,0,0,0,0,0,0,0,0,0,0,0,0,0,0,0,0,0,0,0,0,0,0,0,0,0,0,0.0141471060526129,0,0,0,0,0,0,0,0,0,0,0,0,0,0,0,0,0,0,0,0.00565884242104517,0,0.00282942121052258,0.0141471060526129,0,0.00848826363156775,0,0,0,0,0,0,0,0,0,0,0,0,0,0,0,0,0,0,0,0,0,0,0,0,0,0,0,0,0,0,0,0,0,0,0,0,0,0,0,0,0,0,0,0,0,0,0.00282942121052258,0,0,0,0,0,0,0,0,0,0,0,0.00848826363156775,0,0,0,0,0.0226353696841807,0,0,0,0,0,0,0,0,0,0,0,0,0.00282942121052258,0,0,0.00565884242104517,0,0,0,0,0,0,0,0,0,0,0,0,0,0,0,0,0.118835690841949,0,0,0,0,0,0,0,0,0,0,0,0,0,0,0,0,0,0,0.00282942121052258,0.00848826363156775,0,0,0,0.00848826363156775,0,0,0,0,0,0,0,0,8.48826363156775,0,0,0,0.00282942121052258,0,0,0,0,0,8.77120575262001,0,0,0,0,0,0,0,0,0,0,0,0.00565884242104517,0,0,0,0,0,0,0,0.0282942121052258,0,0,0.0367824757367936,0,0,0,0.0848826363156775,0,0,0,0,0,0.00282942121052258,0,0.0226353696841807,0.00282942121052258,0,0,0,0,0,0,0,0,0,0,0,0,0,0,0,0,0,0,0,0,0,0,0,0,0,0,0,0,0,0,0,0,0,0,0,0,0.00848826363156775,0,0,0,0,0,0,0,0,0,0,0,0,0,0,0,0,0,0,0,0,0,0,0,0.0933708999472453,0,0,0,0,0.0226353696841807,0,0,0,0,0,0,0,0,0,0,0,0,0,0,0,0.00565884242104517,0,0,0,0,0,0,0,0,0,0,0,5.09295817894065,0,0,0,0,0,0,0,0.00848826363156775,0,0,0,0,0.0933708999472453,0.282942121052258,0,0,0,0,0,0,0,0,0,0,0,0,0,0,0,0,0,0,0,0,0,0,0,0,0.00848826363156775,0,0,0,0,0,0,0,0,0.0254647908947033,0,0,0,0,0,0,0,0.00282942121052258,0,0,0,0,0,0,0,0,0,0,0.00282942121052258,0,0,0,0,0,0,0,0,0,0,0,0,0,0,0,0,0,0,0,0,0,0,0.00565884242104517,0,0,0,0,0,0,0,0,0.00565884242104517,0,0,0,0,0,0,0,0,0,0,0,0,0,0,0,0,0,0,0,0,0,0,0,0,0,0,0,0,0,0.00565884242104517,0,0,0,0,0,0,0,0,0,0,0,0,0,0,0,0,0,0,0,0,0,15.2382055231893,0.376927639321606,0,0,0,0,0,0,0,0,1.55151877963248,0,0,0,0,0,0,0,0,0,0,0,0,0,0,0,0,0,0,0,0,0,0,0,0,0,0,0.0234554190409199,0,0,0,2.23054591710337,0,0,0,0,0,0,0,0,0,0,0,0,0,0,0,0,0,0,0,0.194296347802044,0,0,0,0,0,0,0,0,0,0,0,0,0,0.0811640022164465,0,0,0,0,0,0,0,0,0,0,0,0,0,0,0,0,0,0,0,0,0,0,0,0,0,3.00788477438721,0,0,0,0.136151793775776,0,0,0,0.0926219521528199,0.190570704389771,8.53474042526129,0,0,0,0,0,0,0,0,0,1.33811802842384,0,0,0,0,0,0,0,0,0,0,0,0,0,0,0,0.000643033996891225,0,0,0,0,0,0,0,0,0,0,0,0,0,0,0,0,0,0,0.422982992780568,0.261263661621476,0,0,0,0,0,0,0,0,0,0,0,0,0,0,0,0,0,0,0,0,0,0,0,0,0,0,0,0,0,0,0,0,0,0,0,0,0,0,0,0,0,0,0,0,0.0064059866815403,0,0,0,0,0,0,0,0,0,0,0,0,0,0,0,0,0,0,0,0.261790264166041,0,0.380456733928957,0.75909427313351,0,0.272521785426025,0,0,0,0,0,0,0,0,0,0,0,0,0,0,0,0,0,0,0,0,0,0,0,0,0,0,0,0,0,0,0,0,0,0,0,0,0,0,0,0,0,0,0,0,0,0,0.0970491475209246,0,0,0,0,0,0,0,0,0,0,0,3.39006601967763,0,0,0,0,8.80952812900552,0,0,0,0,0,0,0,0,0,0,0,0,0.109390817412507,0,0,0.128579519072811,0,0,0,0,0,0,0,0,0,0,0,0,0,0,0,0,14.8534189964696,0,0,0,0,0,0,0,0,0,0,0,0,0,0,0,0,0,0,0.0048155202490365,0.0100502175875663,0,0,0,0.0144465607471095,0,0,0,0,0,0,0,0,9.90939136413451,0,0,0,6.13740939183666,0,0,0,0,0,5.70359820575321,0,0,0,0,0,0,0,0,0,0,0,0.86202317477554,0,0,0,0,0,0,0,5.18111027406599,0,0,3.60907962853161,0,0,0,10.6902698778055,0,0,0,0,0,3.67010388735583,0,47.4135951292804,2.2716729729474,0,0,0,0,0,0,0,0,0,0,0,0,0,0,0,0,0,0,0,0,0,0,0,0,0,0,0,0,0,0,0,0,0,0,0,0,0.110075401443461,0,0,0,0,0,0,0,0,0,0,0,0,0,0,0,0,0,0,0,0,0,0,0,0.29003912282323,0,0,0,0,0.0784366263181568,0,0,0,0,0,0,0,0,0,0,0,0,0,0,0,0.796304383110087,0,0,0,0,0,0,0,0,0,0,0,4.82445176490448,0,0,0,0,0,0,0,0.00907225616941961,0,0,0,0,0.54608651741446,0.096846429753143,0,0,0,0,0,0,0,0,0,0,0,0,0,0,0,0,0,0,0,0,0,0,0,0,0.852659404876283,0,0,0,0,0,0,0,0,4.82136599813228,0,0,0,0,0,0,0,1.65786733943665,0,0,0,0,0,0,0,0,0,0,3.6816375113039,0,0,0,0,0,0,0,0,0,0,0,0,0,0,0,0,0,0,0,0,0,0,0.036364155165184,0,0,0,0,0,0,0,0,0.656686027592608,0,0,0,0,0,0,0,0,0,0,0,0,0,0,0,0,0,0,0,0,0,0,0,0,0,0,0,0,0,1.30027750202101,0,0,0,0,0,0,68.75960118,74.17550131,80.90200135,76.7075013,55.91600096,71.51940127,56.93640098,64.92980119,73.95180129,51.60980088,74.66820133,"JAR-00540"
"667",8771,"nSPC",2015,"PRIAs","Pacific Remote Island Areas","Jarvis","Jarvis",2015,"ForereefShallow","Jarvis","2015-04-12","Forereef","Shallow",-0.3633374,-160.00472431,3.05,3.5,0,11.5,4.5,80.5,0,0,0,NA,0.15125,0.127741874608338,0.7,2,1,11.7130720260564,1.76302825427041,32.0117765109989,10.7117454882058,56.1996222795315,11.6240300716031,0,0,0,0,0,0.00282942121052258,0,0,0,0,0,0,0.0707355302630646,0,0,0,0,0,0,0,0,0,0,0,0,0,0,0,0,0,0,0,0,0,0,0,0,0,0,0,0,0,0,0,0,0,0,0,0,0,0,0,0,0,0,0,0.00282942121052258,0,0,0,0,0,0,0,0,0,0,0,0,0,0,0,0,0,0,0,0.00565884242104517,0,0,0,0,0.0367824757367936,0,0,0,0,0,0,0,0,0,0,0,0,0,0,0,0,0,0,0,0,0,0,0,0,0,0,0,0,0,0,0,0,0,0,0.00282942121052258,0,0,0,0.0282942121052258,0,0,0,0,0,0,0,0,0,0,0,0,0,0,0,0.00282942121052258,0,0,0,0,0,0,0,0,0,0,0,0,0,0,0,0,0,0,0,0,0,0,0,0,0,0,0,0,0,0,0,0,0,0,0.00565884242104517,0,0,0,0.00565884242104517,0,0,0,0,0,0,0,0,0,0,0,0,0,0,0,0,0,0,0,0,0,0,0,0,0,0,0,0.65642572084124,0,0,0,0,0,0,0,0,0.00282942121052258,0,0,0,0,0.00565884242104517,0.00848826363156775,0,0,0,0,0,0,0,0,0,0,0,0,0,0,0,0,0,0,0,0,0,0.0141471060526129,0,0,0,0,0,0,0,0,0,0,0,0,0,0,0,0,0,0,0,0,0,0,0,0,0,0,0,0,0,0.00282942121052258,0,0,0,0,0,0,0.00282942121052258,0,0,0,0,0,0,0,0,0,0,0,0,0,0,0,0,0,0,0,0,0,0.00848826363156775,0,0,0,0,0,0,0,0,0,0,0,0,0,0,0,0,0,0,0,0,0,0,0,0,0,0,0,0,0,0,0,0,0,0,0,0,0,0,0,0,0,0,0,0,0,0,0,0,0,0,0,0,0,0,0,0,0,0,0.00282942121052258,0.00565884242104517,0,0,0,0.00282942121052258,0,0,0,0,0,0,0,0,0.113176848420903,0,0,0,0.00565884242104517,0,0,0,0,0,0,0,0,0,0,0,0,0,0,0,0,0,0.0141471060526129,0,0,0,0,0,0,0,0,0,0,0,0,0,0,0,0,0,0,0,0,0,0,0,0,0,0,0,0,0,0,0,0,0,0,0,0,0,0,0,0,0,0,0,0,0,0,0,0,0,0,0,0,0,0,0.00282942121052258,0,0,0,0,0,0,0,0,0.00565884242104517,0,0.0113176848420903,0,0,0,0,0,0,0,0,0,0,0,0,0,0,0,0,0,0,0.0622472666314968,0,0,0,0.00282942121052258,0,0,0,0,0,0,0.0537590029999291,0,0,0,0,0,0,0,0,0,0.00282942121052258,0,0,0,0,0,0,0,0,0,0,0,0.848826363156775,0,0,0,0,0,0,0,0,0,0,0,0,0,0.113176848420903,0,0,0,0,0,0,0,0,0,0,0,0,0,0,0,0,0,0,0,0,0,0,0,0.00565884242104517,0,0,0,0,0,0,0,0,0,0.0141471060526129,0,0,0,0,0,0,0,0,0.00282942121052258,0,0,0,0,0,0,0,0,0,0.00565884242104517,0,0,0,0,0,0,0,0,0,0,0,0,0,0,0,0,0,0,0,0,0,0,0.0877120575262001,0,0,0.0396118969473162,0,0,0,0,0,0,0,0,0,0,0,0,0,0,0,0,0.113176848420903,0,0,0,0,0,0.00282942121052258,0,0.155618166578742,0,0.00565884242104517,0,0,0,0,0,0,0,0,0,0,0,0,0,0,0,0,0,0,0,0,0.238732414637843,0,0,0,0,0,0,15.0987228974115,0,0,0,0,0,0,0,0,0,0,0,0,0,0,0,0,0,0,0,0,0,0,0,0,0,0,0,0,0,0,0,0,0,0,0,0,0,0,0,0,0,0,0,0.464201917351361,0,0,0,0,0,0,0,0,0,0,0,0,0,0,0,0,0,0,0,0.884514223941237,0,0,0,0,0.0384766438445073,0,0,0,0,0,0,0,0,0,0,0,0,0,0,0,0,0,0,0,0,0,0,0,0,0,0,0,0,0,0,0,0,0,0,1.31235695922621,0,0,0,0.178006673359511,0,0,0,0,0,0,0,0,0,0,0,0,0,0,0,0.370025696318991,0,0,0,0,0,0,0,0,0,0,0,0,0,0,0,0,0,0,0,0,0,0,0,0,0,0,0,0,0,0,0,0,0,0,0.281988661853712,0,0,0,0.447063356309831,0,0,0,0,0,0,0,0,0,0,0,0,0,0,0,0,0,0,0,0,0,0,0,0,0,0,0,0.710718918565715,0,0,0,0,0,0,0,0,0.034528510154655,0,0,0,0,0.0131043558172582,0.761108646788154,0,0,0,0,0,0,0,0,0,0,0,0,0,0,0,0,0,0,0,0,0,1.23074833393281,0,0,0,0,0,0,0,0,0,0,0,0,0,0,0,0,0,0,0,0,0,0,0,0,0,0,0,0,0,0.169599570221816,0,0,0,0,0,0,1.01241608582374,0,0,0,0,0,0,0,0,0,0,0,0,0,0,0,0,0,0,0,0,0,0.259002030901988,0,0,0,0,0,0,0,0,0,0,0,0,0,0,0,0,0,0,0,0,0,0,0,0,0,0,0,0,0,0,0,0,0,0,0,0,0,0,0,0,0,0,0,0,0,0,0,0,0,0,0,0,0,0,0,0,0,0,0.0048155202490365,0.027397062361695,0,0,0,0.0048155202490365,0,0,0,0,0,0,0,0,0.135670747044558,0,0,0,8.38447179711432,0,0,0,0,0,0,0,0,0,0,0,0,0,0,0,0,0,2.30450969199122,0,0,0,0,0,0,0,0,0,0,0,0,0,0,0,0,0,0,0,0,0,0,0,0,0,0,0,0,0,0,0,0,0,0,0,0,0,0,0,0,0,0,0,0,0,0,0,0,0,0,0,0,0,0,0.0204346147065911,0,0,0,0,0,0,0,0,2.03643492356529,0,1.09874201970949,0,0,0,0,0,0,0,0,0,0,0,0,0,0,0,0,0,0,0.303711884103126,0,0,0,0.00332952533180386,0,0,0,0,0,0,0.171225338758337,0,0,0,0,0,0,0,0,0,0.214284517726202,0,0,0,0,0,0,0,0,0,0,0,0.520975668651102,0,0,0,0,0,0,0,0,0,0,0,0,0,0.249157559636171,0,0,0,0,0,0,0,0,0,0,0,0,0,0,0,0,0,0,0,0,0,0,0,0.560219277181643,0,0,0,0,0,0,0,0,0,2.13138262605395,0,0,0,0,0,0,0,0,2.02959667379003,0,0,0,0,0,0,0,0,0,9.59443339781303,0,0,0,0,0,0,0,0,0,0,0,0,0,0,0,0,0,0,0,0,0,0,0.900016708387999,0,0,0.265784380916585,0,0,0,0,0,0,0,0,0,0,0,0,0,0,0,0,0.108028716528358,0,0,0,0,0,0.0144133771430532,0,1.35043832186942,0,0.260016512188585,0,0,0,0,0,0,0,0,0,0,0,0,0,0,0,85.26280148,85.2259015,92.36180153,92.92340156,71.33630121,88.68260156,72.05950124,74.65130136,84.90910148,75.50540129,88.71250158,"JAR-00532"
"668",8772,"nSPC",2015,"PRIAs","Pacific Remote Island Areas","Jarvis","Jarvis",2015,"ForereefDeep","Jarvis","2015-04-12","Forereef","Deep",-0.36170888,-160.00288163,24.85,6,0,12.5,30,51.5,0,0,0,NA,0.19625,0.201887549970677,1,2,1,52.7282255973799,31.6678163706144,11.3784754936005,8.73908637276329,104.513603834358,6.96761911180866,0,0,0,0,0,0,0,0,0,0,0,0,0,0,0,0,0.0169765272631355,0,0,0,0,0,0,0,0,0,0,0,0,0,0,0,0,0,0,0,0,0,0,0,0,0.00282942121052258,0,0,0,0,0,0,0,0,0,0,0.067906109052542,0,0,0,0.0113176848420903,0,0,0,0,0,0,0,0,0,0,0,0,0,0,0,0,0,0,0,0.0169765272631355,0,0,0,0,0.0282942121052258,0,0,0,0,0,0,0,0,0,0,0,0,0,0,0,0,0,0,0,0,0,0,0,0,0,0,0,0,0,0,0,0,0,0,0.00848826363156775,0,0,0,0.0254647908947033,0,0,0,0.00282942121052258,0.141471060526129,0.0594178454209743,0,0,0,0,0,0,0,0,0,0.0311236333157484,0,0.0565884242104517,0,0,0,0,0,0,0,0,0,0,0,0,0,0,0,0,0,0,0,0,0,0,0,0,0,0,0,0,0,0,0,0,0,0.452707393683613,0,0,0,0,0,0,0,0,0,0,0,0,0,0,0,0,0,0,0,0,0,0,0,0,0,0,0,0,0,0,0,0,0,0,0,0,0,0,0,0,0,0,0,0,0.0226353696841807,0,0,0,0,0,0,0,0,0,0.00282942121052258,0,0,0,0,0,0,0,0,0,0.0113176848420903,0.0141471060526129,0.0113176848420903,0.0141471060526129,0,0,0,0,0,0,0,0,0,0,0,0,0,0,0,0,0,0,0,0,0,0,0,0,0,0,0,0,0,0,0,0,0,0,0,0,0,0,0,0.00848826363156775,0,0,0,0,0,0,0,0,0,0,0,0,0,0,0,0,0,0,0.00565884242104517,0,0.00565884242104517,0,0,0,0,0,0,0,0,0,0,0,0,0,0,0,0,0,0,0,0,0,0,0,0,0,0,0,0,0,0,0,0,0,0,0,0,0,0,0,0,0,0,0,0,0,0,0,0,0,0,0,0,0,0,0,0,0,0.0113176848420903,0,0,0,0.00565884242104517,0,0.00565884242104517,0,0,0,0,0,0,4.24413181578388,0,0,0,0.00848826363156775,0,0,0,0,0,6.7906109052542,0,0,0,0,0,0,0,0,0,0,0,0.00282942121052258,0,0,0,0,0,0,0,0,0.00282942121052258,0,0.0141471060526129,0,0,0,0,0,0,0,0,0,0,0,0.0141471060526129,0,0,0,0,0,0,0,0,0,0,0,0,0,0,0,0,0,0,0,0,0,0,0,0,0,0,0,0,0,0,0,0,0,0,0,0,0,0.00565884242104517,0.00282942121052258,0,0,0,0,0,0,0,0,0,0,0,0,0,0,0,0,0,0,0,0,0,0,0.00565884242104517,0,0,0,0,0.00848826363156775,0,0,0,0,0,0,0,0,0,0,0,0,0,0,0,0.00848826363156775,0,0,0,0,0,0,0,0,0,0,0,8.48826363156775,0,0,0,0,0,0,0,0.0198059484736581,0,0,0,0,0.104688584789336,0.282942121052258,0,0,0,0,0,0,0,0,0,0,0,0,0,0,0,0,0,0,0,0,0,0,0,0,0,0,0,0,0,0,0,0,0,0.0113176848420903,0,0,0,0,0,0,0,0,0,0,0,0,0,0,0,0,0,0,0.00282942121052258,0,0,0,0,0.00282942121052258,0,0,0,0,0,0,0,0,0,0,0,0,0,0,0,0,0,0,0,0,0,0,0,0,0,0,0.00282942121052258,0,0,0,0,0,0,0,0,0,0,0,0,0,0,0,0,0,0,0,0,0,0,0,0,0,0.00282942121052258,0,0,0,0,0,0,0,0,0,0,0,0,0,0,0,0,0,0,0,0,0,0,0,0,0,0,1.49835035101521,0,0,0,0,0,0,0,0,0,0,0,0,0,0,0,0,0,0,0,0,0,0,0,0,0.100267614147894,0,0,0,0,0,0,0,0,0,0,0.442192126889271,0,0,0,2.69474783445474,0,0,0,0,0,0,0,0,0,0,0,0,0,0,0,0,0,0,0,2.74980746882546,0,0,0,0,0.0846435106762271,0,0,0,0,0,0,0,0,0,0,0,0,0,0,0,0,0,0,0,0,0,0,0,0,0,0,0,0,0,0,0,0,0,0,9.4474254630398,0,0,0,0.243733426069326,0,0,0,0.0215850885308347,0.423439171303812,16.5708449361429,0,0,0,0,0,0,0,0,0,2.77275841612797,0,0.0116798507570372,0,0,0,0,0,0,0,0,0,0,0,0,0,0,0,0,0,0,0,0,0,0,0,0,0,0,0,0,0,0,0,0,0,0.630346945543853,0,0,0,0,0,0,0,0,0,0,0,0,0,0,0,0,0,0,0,0,0,0,0,0,0,0,0,0,0,0,0,0,0,0,0,0,0,0,0,0,0,0,0,0,0.0102495786904645,0,0,0,0,0,0,0,0,0,0.56674907181873,0,0,0,0,0,0,0,0,0,0.410959055773282,0.316964707907883,1.09802974702027,0.270072887231855,0,0,0,0,0,0,0,0,0,0,0,0,0,0,0,0,0,0,0,0,0,0,0,0,0,0,0,0,0,0,0,0,0,0,0,0,0,0,0,2.71239015853192,0,0,0,0,0,0,0,0,0,0,0,0,0,0,0,0,0,0,0.0916905359686552,0,2.37268899832753,0,0,0,0,0,0,0,0,0,0,0,0,0,0,0,0,0,0,0,0,0,0,0,0,0,0,0,0,0,0,0,0,0,0,0,0,0,0,0,0,0,0,0,0,0,0,0,0,0,0,0,0,0,0,0,0,0,0.0266188797190507,0,0,0,0.0198412491400157,0,0.00636565439673549,0,0,0,0,0,0,3.93987849417396,0,0,0,13.6855148227792,0,0,0,0,0,3.36463452670504,0,0,0,0,0,0,0,0,0,0,0,0.149307035470157,0,0,0,0,0,0,0,0,0.207724543648845,0,1.51256290951014,0,0,0,0,0,0,0,0,0,0,0,18.2418921936068,0,0,0,0,0,0,0,0,0,0,0,0,0,0,0,0,0,0,0,0,0,0,0,0,0,0,0,0,0,0,0,0,0,0,0,0,0,0.0652550080750258,0.39109720231686,0,0,0,0,0,0,0,0,0,0,0,0,0,0,0,0,0,0,0,0,0,0,0.0475401455972619,0,0,0,0,0.0509253865116122,0,0,0,0,0,0,0,0,0,0,0,0,0,0,0,0.933277795679969,0,0,0,0,0,0,0,0,0,0,0,4.53682978117002,0,0,0,0,0,0,0,0.0228223944261962,0,0,0,0,0.782278384654692,0.20799439744336,0,0,0,0,0,0,0,0,0,0,0,0,0,0,0,0,0,0,0,0,0,0,0,0,0,0,0,0,0,0,0,0,0,1.51782886127879,0,0,0,0,0,0,0,0,0,0,0,0,0,0,0,0,0,0,5.30975177237201,0,0,0,0,1.65786733943665,0,0,0,0,0,0,0,0,0,0,0,0,0,0,0,0,0,0,0,0,0,0,0,0,0,0,0.300260442397625,0,0,0,0,0,0,0,0,0,0,0,0,0,0,0,0,0,0,0,0,0,0,0,0,0,1.99391766905318,0,0,0,0,0,0,0,0,0,0,94.69370163,92.21310162,102.1985017,101.5410017,82.33020139,98.08950173,77.56260134,84.06660152,92.81890162,83.95740146,94.51170168,"JAR-00434"
"669",8773,"nSPC",2015,"PRIAs","Pacific Remote Island Areas","Jarvis","Jarvis",2015,"ForereefMid","Jarvis","2015-04-12","Forereef","Mid",-0.36348752,-159.99096609,9.25,5.5,0,6,9.5,78.5,0.5,0,0,NA,0.2375,0.217430619444488,0.85,2,1,18.7864415406295,4.31421059785782,21.5596229407034,12.9503036059085,57.6105786850993,7.18803158348006,0,0,0,0,0,0.00282942121052258,0,0,0,0,0,0,0.0254647908947033,0,0,0,0.0254647908947033,0,0,0,0,0,0,0,0,0,0,0,0,0,0,0,0,0,0,0,0,0,0,0,0,0.00565884242104517,0,0,0,0,0,0,0,0,0,0,0,0,0,0,0.0113176848420903,0,0,0,0,0,0,0,0,0,0,0,0,0,0,0,0,0,0,0,0,0,0,0,0,0.00282942121052258,0,0,0,0,0,0,0,0,0.00282942121052258,0,0,0,0,0,0,0,0,0,0,0,0,0,0,0,0,0,0,0,0,0,0,0,0,0,0.00565884242104517,0,0,0,0.00565884242104517,0,0,0,0,0,0,0,0,0,0,0,0,0,0,0,0.0141471060526129,0,0,0,0,0,0,0,0,0,0,0,0,0,0,0,0.0254647908947033,0,0,0,0,0,0,0,0,0,0,0,0,0,0,0,0,0,0,0,0,0,0,0,0,0,0,0,0,0,0,0,0,0,0,0,0,0,0,0,0,0,0,0,0,0,0,0,0,0,0,0.962003211577679,0,0,0,0,0,0,0,0,0,0,0,0,0,0,0,0,0,0,0,0,0,0,0,0.00565884242104517,0,0.0169765272631355,0,0,0,0.00282942121052258,0,0,0,0,0,0.00565884242104517,0.0141471060526129,0,0.0282942121052258,0,0,0,0,0,0,0,0,0,0,0,0,0,0,0,0,0,0,0,0,0,0,0,0,0,0,0,0,0,0,0,0,0,0,0,0,0,0,0,0,0,0,0,0,0,0,0.00282942121052258,0,0,0,0,0,0,0,0,0,0.0282942121052258,0,0,0,0,0,0,0,0,0,0,0,0,0,0,0,0,0,0,0,0.00565884242104517,0,0,0,0,0,0,0,0,0,0,0,0,0,0,0.00565884242104517,0,0,0,0,0,0,0,0,0,0,0,0,0,0,0,0,0,0,0,0,0,0,0,0,0.00848826363156775,0,0,0,0.00282942121052258,0,0,0,0,0,0,0,0,0,0,0,0,0.00565884242104517,0,0,0,0,0,0,0,0,0,0,0,0,0,0,0,0,0.0226353696841807,0.00565884242104517,0,0,0,0,0,0,0,0,0,0,0,0,0,0,0,0,0,0,0,0,0,0,0,0,0,0,0,0,0,0,0,0,0,0,0,0,0,0,0,0,0,0,0,0,0,0,0,0,0,0,0,0,0,0,0.00282942121052258,0,0,0,0,0,0.0113176848420903,0.00565884242104517,0,0.0141471060526129,0,0.0141471060526129,0,0,0,0,0,0,0,0,0,0.00282942121052258,0,0,0,0,0,0,0,0,0.0848826363156775,0,0,0,0,0,0,0,0,0,0,0,0,0,0,0,0,0,0,0,0,0,0,0,0,0,0,0,0,0,0,0,0,0.424413181578388,0,0,0,0,0,0,0,0,0,0,0,0,0,0.282942121052258,0,0,0,0,0,0,0,0,0,0.00565884242104517,0,0,0,0,0,0,0,0,0,0,0,0,0,0,0,0,0,0,0,0,0,0,0,0.00565884242104517,0,0,0,0,0,0,0,0,0.00282942121052258,0,0,0,0,0,0,0,0,0,0.00282942121052258,0,0,0,0,0,0,0,0,0,0,0,0,0,0,0,0,0,0,0,0,0,0,0.135812218105084,0,0,0,0,0,0,0,0,0.00565884242104517,0,0,0,0,0,0,0,0,0,0,0.291430384683826,0,0,0,0,0,0,0,0.118835690841949,0,0,0,0,0,0,0,0,0,0,0,0,0,0,0.00848826363156775,0,0,0,0,0,0,0,0.347523660182436,0,0,0,0,0,0,4.09039023267959,0,0,0,2.58508058086512,0,0,0,0,0,0,0,0,0,0,0,0,0,0,0,0,0,0,0,0,0,0,0,0,0.355883185148925,0,0,0,0,0,0,0,0,0,0,0,0,0,0,1.6427845901991,0,0,0,0,0,0,0,0,0,0,0,0,0,0,0,0,0,0,0,0,0,0,0,0,0.00669024453210871,0,0,0,0,0,0,0,0,0.104631780866806,0,0,0,0,0,0,0,0,0,0,0,0,0,0,0,0,0,0,0,0,0,0,0,0,0,1.35220925261131,0,0,0,0.0153232152137176,0,0,0,0,0,0,0,0,0,0,0,0,0,0,0,0.509663981822971,0,0,0,0,0,0,0,0,0,0,0,0,0,0,0,0.00727138806434624,0,0,0,0,0,0,0,0,0,0,0,0,0,0,0,0,0,0,0,0,0,0,0,0,0,0,0,0,0,0,0,0,0,0,0,0,0,0,0,0,0,0,0,0,0,0,0,0,0,0,0.809559655597143,0,0,0,0,0,0,0,0,0,0,0,0,0,0,0,0,0,0,0,0,0,0,0,5.47538884818077,0,0.154499827833097,0,0,0,0.00197380423646055,0,0,0,0,0,0.553987521217273,1.24838831243469,0,2.93935483631407,0,0,0,0,0,0,0,0,0,0,0,0,0,0,0,0,0,0,0,0,0,0,0,0,0,0,0,0,0,0,0,0,0,0,0,0,0,0,0,0,0,0,0,0,0,0,0.0611154981472878,0,0,0,0,0,0,0,0,0,0.731205419308144,0,0,0,0,0,0,0,0,0,0,0,0,0,0,0,0,0,0,0,0.838383055873035,0,0,0,0,0,0,0,0,0,0,0,0,0,0,0.170695586325375,0,0,0,0,0,0,0,0,0,0,0,0,0,0,0,0,0,0,0,0,0,0,0,0,0.0266948408543113,0,0,0,0.0027012170491327,0,0,0,0,0,0,0,0,0,0,0,0,13.8209540311052,0,0,0,0,0,0,0,0,0,0,0,0,0,0,0,0,2.89170678102611,0.699680599151962,0,0,0,0,0,0,0,0,0,0,0,0,0,0,0,0,0,0,0,0,0,0,0,0,0,0,0,0,0,0,0,0,0,0,0,0,0,0,0,0,0,0,0,0,0,0,0,0,0,0,0,0,0,0,0.0839162577047264,0,0,0,0,0,0.454120640983982,1.00670904390694,0,0.743619548087394,0,2.19805307731463,0,0,0,0,0,0,0,0,0,0.0138698318882058,0,0,0,0,0,0,0,0,0.223830733340991,0,0,0,0,0,0,0,0,0,0,0,0,0,0,0,0,0,0,0,0,0,0,0,0,0,0,0,0,0,0,0,0,0.160091481512578,0,0,0,0,0,0,0,0,0,0,0,0,0,0.208511932727522,0,0,0,0,0,0,0,0,0,0.0111230206628064,0,0,0,0,0,0,0,0,0,0,0,0,0,0,0,0,0,0,0,0,0,0,0,0.772255434589129,0,0,0,0,0,0,0,0,5.68278900661536,0,0,0,0,0,0,0,0,0,1.50524257686471,0,0,0,0,0,0,0,0,0,0,0,0,0,0,0,0,0,0,0,0,0,0,0.61482764390549,0,0,0,0,0,0,0,0,0.456593886658387,0,0,0,0,0,0,0,0,0,0,0.219256093735211,0,0,0,0,0,0,0,0.534991772501668,0,0,0,0,0,0,0,0,0,0,0,0,0,0,1.27703475525904,0,0,94.95720163,95.21910168,99.47040163,100.5747017,86.41950147,104.1641018,88.1042015,89.70860161,101.6564018,96.85800166,98.36830174,"JAR-00480"
"670",8774,"nSPC",2015,"PRIAs","Pacific Remote Island Areas","Jarvis","Jarvis",2015,"ForereefMid","Jarvis","2015-04-12","Forereef","Mid",-0.36555927,-159.98269273,13.25,23.5,0,5.5,26,45,0,0,0,NA,0.23,0.186292622373318,0.9,2,1,34.6717171749333,47.1882285971556,23.2371646888622,19.2879512618735,124.385061722825,8.99138928367591,0,0,0,0,0,0,0,0,0,0,0,0,0,0,0,0,0.0565884242104517,0,0,0,0,0,0,0,0,0,0,0.00282942121052258,0,0,0,0,0,0,0,0,0,0,0,0,0,0.00848826363156775,0,0,0,0,0,0,0,0,0,0,0,0,0,0,0.00565884242104517,0,0,0,0,0,0,0,0,0,0,0,0,0,0,0,0,0,0,0,0.00282942121052258,0,0,0,0,0.0282942121052258,0,0,0,0,0,0,0,0,0,0,0,0,0,0,0,0,0,0,0.00848826363156775,0,0,0,0,0,0,0,0,0,0,0,0,0,0,0,0.00282942121052258,0,0,0,0.0254647908947033,0,0,0,0,0.0877120575262001,0.00848826363156775,0,0,0,0,0,0,0,0,0,0.0650766878420194,0,0.198059484736581,0,0,0,0,0,0,0,0,0,0,0,0,0,0,0,0,0,0,0,0,0,0,0,0,0,0,0,0,0,0,0,0,0,1.13176848420903,0,0,0,0,0,0,0,0,0,0,0,0,0,0,0,0,0,0,0,0,0,0,0,0,0,0,0,0,0,0,0,0,0,0,0,0,0,0,0,0,0,0,0,0,0,0,0,0,0,0,0,0,0,0,0.00848826363156775,0,0,0,0,0,0.00282942121052258,0,0,0,0.00565884242104517,0.00282942121052258,0.00565884242104517,0.00848826363156775,0,0,0,0,0,0,0,0,0,0,0,0,0,0,0,0,0,0,0,0,0,0,0,0,0,0,0,0,0.00282942121052258,0,0,0,0,0,0,0,0,0,0,0,0,0,0.00282942121052258,0,0,0,0,0,0,0,0,0,0,0,0,0,0,0,0.0141471060526129,0,0,0,0,0,0,0,0,0,0,0,0,0,0,0,0,0,0,0,0.00282942121052258,0,0,0,0,0,0,0,0,0,0,0,0,0,0,0,0,0,0,0,0,0,0,0,0,0,0,0,0,0,0,0,0,0,0,0,0,0,0,0.00282942121052258,0.0113176848420903,0,0,0,0,0,0,0,0,0,0,0,0,5.37590029999291,0,0,0,0.00565884242104517,0,0,0.00848826363156775,0,0,11.8835690841949,0,0,0,0,0,0,0,0,0,0,0.0141471060526129,0.00848826363156775,0,0,0,0,0,0,0,0,0,0,0,0,0,0,0,0,0,0,0,0,0,0,0.00565884242104517,0,0,0,0,0,0,0,0,0,0,0,0,0,0,0,0,0,0,0,0,0,0,0,0,0,0,0,0,0,0,0,0.0141471060526129,0,0,0,0,0,0.00565884242104517,0.00565884242104517,0,0.0141471060526129,0,0,0,0,0,0,0,0,0,0,0,0.00282942121052258,0,0,0,0,0,0,0,0,0.1754241150524,0,0,0,0,0.0169765272631355,0,0,0,0,0,0,0,0,0,0,0,0,0,0,0,0.00282942121052258,0,0,0,0,0,0,0,0,0,0,0,7.35649514735872,0,0,0,0,0,0,0,0.0141471060526129,0,0,0,0,0,3.67824757367936,0,0,0,0.00282942121052258,0,0,0,0,0,0,0,0,0,0,0,0,0,0,0,0,0,0,0,0,0,0,0,0,0,0.00282942121052258,0,0,0,0.00282942121052258,0,0,0,0,0,0,0,0,0,0,0,0,0,0,0,0,0,0,0.00565884242104517,0,0,0,0,0,0,0,0,0,0,0,0,0,0,0,0,0,0,0,0,0,0,0.0424413181578388,0,0,0,0,0,0,0,0,0.00282942121052258,0,0,0,0,0,0,0,0,0,0,0.00565884242104517,0,0,0,0,0,0,0,0.00848826363156775,0,0,0,0,0,0,0.00565884242104517,0,0,0,0,0,0,0,0,0,0,0,0,0,0,0,0,0,0,0,0,0,0,0,0,0,0,8.29598950725401,0,0,0,0,0,0,0,0,0,0,1.27833886058302,0,0,0,0,0,0,0,0,0,0,0,0,0,0.28722586476499,0,0,0,0,0,0,0,0,0,0,0,0,0,0,0.995456873260292,0,0,0,0,0,0,0,0,0,0,0,0,0,0,0,0,0,0,0,0.387383452121338,0,0,0,0,0.0328537127895869,0,0,0,0,0,0,0,0,0,0,0,0,0,0,0,0,0,0,2.48090055326762,0,0,0,0,0,0,0,0,0,0,0,0,0,0,0,2.142852658729,0,0,0,0.223064154396519,0,0,0,0,0.260753439645255,1.61924191686034,0,0,0,0,0,0,0,0,0,4.57511402070794,0,0.0963587687455571,0,0,0,0,0,0,0,0,0,0,0,0,0,0,0,0,0,0,0,0,0,0,0,0,0,0,0,0,0,0,0,0,0,2.30604053384254,0,0,0,0,0,0,0,0,0,0,0,0,0,0,0,0,0,0,0,0,0,0,0,0,0,0,0,0,0,0,0,0,0,0,0,0,0,0,0,0,0,0,0,0,0,0,0,0,0,0,0,0,0,0,9.16933567322329,0,0,0,0,0,0.246725529557569,0,0,0,0.574163353583677,0.100333377594546,0.337112178205391,0.941597833068712,0,0,0,0,0,0,0,0,0,0,0,0,0,0,0,0,0,0,0,0,0,0,0,0,0,0,0,0,0.35359787922812,0,0,0,0,0,0,0,0,0,0,0,0,0,0.906094476643551,0,0,0,0,0,0,0,0,0,0,0,0,0,0,0,0.681929639347898,0,0,0,0,0,0,0,0,0,0,0,0,0,0,0,0,0,0,0,0.109390817412507,0,0,0,0,0,0,0,0,0,0,0,0,0,0,0,0,0,0,0,0,0,0,0,0,0,0,0,0,0,0,0,0,0,0,0,0,0,0,0.0048155202490365,0.0504395909064551,0,0,0,0,0,0,0,0,0,0,0,0,6.93277517397691,0,0,0,17.8782962426197,0,0,2.30263158366797,0,0,7.92045821246129,0,0,0,0,0,0,0,0,0,0,2.80435492024099,1.85507547493259,0,0,0,0,0,0,0,0,0,0,0,0,0,0,0,0,0,0,0,0,0,0,19.8112209829777,0,0,0,0,0,0,0,0,0,0,0,0,0,0,0,0,0,0,0,0,0,0,0,0,0,0,0,0,0,0,0,0.265492386006529,0,0,0,0,0,0.0620352706152356,0.782194404633721,0,1.10257848025656,0,0,0,0,0,0,0,0,0,0,0,0.0138698318882058,0,0,0,0,0,0,0,0,0.650538127309749,0,0,0,0,0.061479701668455,0,0,0,0,0,0,0,0,0,0,0,0,0,0,0,0.319864936081094,0,0,0,0,0,0,0,0,0,0,0,5.67103722646252,0,0,0,0,0,0,0,0.026838757834533,0,0,0,0,0,1.60968848946653,0,0,0,0.00627676278629307,0,0,0,0,0,0,0,0,0,0,0,0,0,0,0,0,0,0,0,0,0,0,0,0,0,0.159409578822073,0,0,0,0.32528214593076,0,0,0,0,0,0,0,0,0,0,0,0,0,0,0,0,0,0,8.99138928367591,0,0,0,0,0,0,0,0,0,0,0,0,0,0,0,0,0,0,0,0,0,0,0.379347225922592,0,0,0,0,0,0,0,0,0.488923985178303,0,0,0,0,0,0,0,0,0,0,0.00344057619199546,0,0,0,0,0,0,0,0.146618343592312,0,0,0,0,0,0,5.35683343163544,0,0,0,0,0,0,0,0,0,0,116.186602,115.392002,117.412402,116.690902,104.1410018,123.0111021,110.7752019,110.282002,117.8409021,117.3051021,117.4530021,"JAR-00449"
"671",8775,"nSPC",2015,"PRIAs","Pacific Remote Island Areas","Jarvis","Jarvis",2015,"ForereefMid","Jarvis","2015-04-12","Forereef","Mid",-0.36256953,-159.9928925,12.15,17.5,0,3.5,25,52.5,1.5,0,0,NA,0.425,0.325937558562476,1.35,2,1,38.3098896900139,20.5823043201306,38.3719479944706,18.0414333499987,115.305575354614,22.2096814605266,0,0,0,0,0,0,0,0,0,0,0,0,0,0,0,0,0.0735649514735872,0,0,0,0,0,0,0,0,0,0,0,0,0,0,0,0,0,0,0,0,0,0,0,0,0.00565884242104517,0,0,0,0,0,0,0,0,0,0,0,0,0,0,0.00565884242104517,0,0,0,0,0,0,0,0,0.00282942121052258,0,0,0,0,0,0,0,0,0,0,0.00282942121052258,0,0,0,0,0,0,0,0,0,0,0,0,0,0.00565884242104517,0,0,0,0,0,0,0,0,0,0.00282942121052258,0,0,0,0,0,0,0,0,0,0,0,0,0,0,0,0.00565884242104517,0,0,0,0.0452707393683613,0,0,0,0,0.0763943726841098,0.00848826363156775,0,0,0,0,0,0,0,0,0,0.0169765272631355,0,0,0,0,0,0,0,0,0,0,0,0,0,0,0,0.0141471060526129,0,0,0,0,0,0,0,0,0,0,0,0,0,0,0,0,0,0,0,0.806385044998936,0,0,0,0,0,0,0,0,0,0,0,0,0,0,0,0,0,0,0,0,0,0,0,0.00282942121052258,0,0,0,0,0,0,0.367824757367936,0,0,0,0,0.0141471060526129,0,0,0,0,0,0,0,0,0,0,0,0,0,0,0,0,0,0,0.00282942121052258,0,0.00282942121052258,0,0,0,0,0,0,0,0.0169765272631355,0,0,0.0141471060526129,0,0,0,0,0,0,0,0,0,0,0,0,0,0,0,0,0,0,0,0,0,0,0,0,0,0,0,0,0,0,0,0,0,0,0,0,0,0,0,0,0,0,0,0,0,0,0,0,0,0,0,0,0,0,0,0,0,0,0.0226353696841807,0,0,0,0,0,0,0,0,0,0,0,0,0,0,0,0,0,0,0,0,0,0,0,0,0,0.00282942121052258,0,0,0,0,0,0,0,0,0.0113176848420903,0,0,0,0,0,0,0,0,0,0,0,0,0,0,0,0,0,0,0,0,0,0,0,0,0,0,0,0,0.00848826363156775,0,0,0,0,0,0,0,0,1.47129902947174,0,0,0,0.00848826363156775,0,0,0.00565884242104517,0,0,3.67824757367936,0,0,0,0,0,0,0,0,0,0,0.0367824757367936,0.00848826363156775,0,0,0,0,0,0,0,0,0.0141471060526129,0,0.0198059484736581,0,0,0,0,0,0,0,0,0,0,0,0,0,0,0,0,0,0,0,0,0,0,0,0,0,0,0,0,0,0,0,0,0,0,0,0,0,0,0,0,0,0,0,0.00848826363156775,0,0,0,0,0.00282942121052258,0.00565884242104517,0.00282942121052258,0,0.00848826363156775,0,0.00282942121052258,0,0,0,0,0,0,0,0,0,0,0,0,0,0,0,0,0,0,0.135812218105084,0,0,0,0,0,0,0,0,0,0,0,0,0,0,0,0,0,0,0,0,0.00848826363156775,0,0,0,0,0,0,0,0,0,0,0,3.3953054526271,0,0,0,0,0,0,0,0,0,0,0,0,0.0113176848420903,0.481001605788839,0,0,0,0.00848826363156775,0,0,0,0,0,0,0,0,0,0,0,0,0,0,0,0,0,0,0,0,0.00565884242104517,0,0,0,0,0,0,0,0,0.0198059484736581,0,0,0,0,0,0,0,0,0.0113176848420903,0,0,0,0,0,0,0,0,0,0.00282942121052258,0,0,0,0,0,0,0,0,0,0,0,0,0,0,0,0,0,0,0,0,0,0,0.124494533262994,0,0,0,0,0,0,0,0,0,0,0,0,0,0,0,0,0,0,0,0,0,0,0,0,0,0,0,0.0311236333157484,0,0,0,0,0,0,0,0,0,0,0,0,0,0,0.00282942121052258,0,0,0,0,0,0,0,0,0,0,0,0,0,0,0,0,0,0,10.0543291987665,0,0,0,0,0,0,0,0,0,0,0,0,0,0,0,0,0,0,0,0,0,0,0,0,0.461736076766391,0,0,0,0,0,0,0,0,0,0,0,0,0,0,1.21117336106114,0,0,0,0,0,0,0,0,0.360700343066254,0,0,0,0,0,0,0,0,0,0,0.690217876139193,0,0,0,0,0,0,0,0,0,0,0,0,0,0.366968722179108,0,0,0,0,0,0,0,0,0,0.918908233049149,0,0,0,0,0,0,0,0,0,0,0,0,0,0,0,8.80624170303297,0,0,0,0.278457890604621,0,0,0,0,0.263237349103827,1.98843205323436,0,0,0,0,0,0,0,0,0,1.35129371539517,0,0,0,0,0,0,0,0,0,0,0,0,0,0,0,0.0106355804460822,0,0,0,0,0,0,0,0,0,0,0,0,0,0,0,0,0,0,0,1.55962507140063,0,0,0,0,0,0,0,0,0,0,0,0,0,0,0,0,0,0,0,0,0,0,0,0.766886358194644,0,0,0,0,0,0,0.403684841790099,0,0,0,0,0.156269792175427,0,0,0,0,0,0,0,0,0,0,0,0,0,0,0,0,0,0,1.07058249271299,0,0.0330073730414875,0,0,0,0,0,0,0,1.27809432371395,0,0,1.20647301783806,0,0,0,0,0,0,0,0,0,0,0,0,0,0,0,0,0,0,0,0,0,0,0,0,0,0,0,0,0,0,0,0,0,0,0,0,0,0,0,0,0,0,0,0,0,0,0,0,0,0,0,0,0,0,0,0,0,0,0.449635979546632,0,0,0,0,0,0,0,0,0,0,0,0,0,0,0,0,0,0,0,0,0,0,0,0,0,0.0500872630950339,0,0,0,0,0,0,0,0,1.32448743641075,0,0,0,0,0,0,0,0,0,0,0,0,0,0,0,0,0,0,0,0,0,0,0,0,0,0,0,0,0.0146526205543002,0,0,0,0,0,0,0,0,1.64758555210911,0,0,0,23.3807500488904,0,0,1.1585624940392,0,0,1.95637217238252,0,0,0,0,0,0,0,0,0,0,10.8021680574318,1.43285764534904,0,0,0,0,0,0,0,0,1.89325830136861,0,2.06723082619837,0,0,0,0,0,0,0,0,0,0,0,0,0,0,0,0,0,0,0,0,0,0,0,0,0,0,0,0,0,0,0,0,0,0,0,0,0,0,0,0,0,0,0,0.124334338536554,0,0,0,0,0.143707435050926,0.194056669867084,1.23423470348187,0,1.11445891906242,0,0.0505686467461576,0,0,0,0,0,0,0,0,0,0,0,0,0,0,0,0,0,0,0.495063366731877,0,0,0,0,0,0,0,0,0,0,0,0,0,0,0,0,0,0,0,0,1.39206844496621,0,0,0,0,0,0,0,0,0,0,0,1.58192091053955,0,0,0,0,0,0,0,0,0,0,0,0,0.0821297999483327,0.570784040486785,0,0,0,0.0205400881761722,0,0,0,0,0,0,0,0,0,0,0,0,0,0,0,0,0,0,0,0,0.568439603250855,0,0,0,0,0,0,0,0,4.16504157057038,0,0,0,0,0,0,0,0,20.5428947874659,0,0,0,0,0,0,0,0,0,1.66678667306079,0,0,0,0,0,0,0,0,0,0,0,0,0,0,0,0,0,0,0,0,0,0,1.26118943713268,0,0,0,0,0,0,0,0,0,0,0,0,0,0,0,0,0,0,0,0,0,0,0,0,0,0,0,0.295124477016284,0,0,0,0,0,0,0,0,0,0,0,0,0,0,0.387627671435247,0,0,95.40160164,95.49510168,99.95690164,101.1407017,86.85180148,102.9449018,86.27460148,90.34690162,101.6682018,96.98480166,98.35520174,"JAR-00494"
"672",8787,"nSPC",2015,"PRIAs","Pacific Remote Island Areas","Jarvis","Jarvis",2015,"ForereefMid","Jarvis","2015-04-13","Forereef","Mid",-0.38222057,-160.00262188,12,30,0,0,22.5,47,0.5,0,0,NA,0.3625,0.247332992148627,0.7,2,1,23.4456450684605,47.7154081707541,45.8105087572736,14.457651394738,131.429213391226,19.3810538979902,0,0,0,0,0,0,0,0,0,0,0,0,0.0198059484736581,0,0,0.0226353696841807,0.0565884242104517,0,0,0,0,0,0,0,0,0,0,0,0,0,0,0,0,0,0,0,0,0,0,0,0,0,0,0,0,0,0,0,0,0,0,0,0,0,0,0,0.00848826363156775,0,0,0,0,0,0,0,0,0,0,0,0,0,0,0,0,0,0,0,0.00565884242104517,0,0,0,0,0.033953054526271,0,0.00282942121052258,0,0,0,0,0,0,0,0,0,0,0,0,0,0,0,0,0.00565884242104517,0,0,0,0,0,0,0,0,0,0,0,0,0,0,0,0.00282942121052258,0,0,0,0.0877120575262001,0,0,0,0,0.254647908947033,0.0141471060526129,0,0,0,0,0,0,0,0,0,0.0254647908947033,0,0.0848826363156775,0,0,0,0,0,0,0,0,0,0,0,0,0,0,0,0.00565884242104517,0,0,0,0,0,0,0,0,0,0,0,0,0,0,0,0,0,0.650766878420194,0,0,0,0,0,0,0,0,0,0,0,0,0,0,0,0,0,0,0,0,0,0,0,0,0,0,0,0,0,0,0,0,0,0,0,0,0,0,0,0,0,0,0,0,0,0,0,0,0,0,0,0,0,0,0,0,0,0,0,0,0,0,0,0,0.0141471060526129,0.00282942121052258,0.00565884242104517,0.0226353696841807,0,0.00282942121052258,0,0,0,0,0,0,0,0,0,0,0,0,0,0,0,0,0,0,0,0,0,0,0,0,0,0,0,0,0,0,0,0,0,0,0,0,0,0,0,0,0,0,0,0,0,0,0,0,0,0,0,0,0,0,0,0,0.0141471060526129,0,0,0,0,0,0,0,0,0,0,0,0,0,0,0,0,0,0,0,0.00282942121052258,0,0,0,0,0,0.00565884242104517,0,0,0,0,0,0,0,0,0.00848826363156775,0,0,0,0,0,0,0,0,0,0,0,0,0,0,0,0,0,0,0,0,0,0,0,0,0,0,0,0,0.00282942121052258,0,0,0,0,0,0,0,0,1.27323954473516,0,0,0,0.00565884242104517,0,0,0,0,0,22.6353696841807,0,0,0,0,0,0,0,0,0,0,0.00565884242104517,0.0113176848420903,0,0,0,0,0,0,0,0,0.0509295817894065,0,0.0509295817894065,0,0,0,0,0,0,0,0,0,0.00565884242104517,0,0,0.00282942121052258,0,0,0,0,0,0,0,0,0,0,0,0,0,0,0,0,0,0,0,0,0,0,0,0,0,0,0,0,0,0,0.00565884242104517,0,0,0,0,0,0.00282942121052258,0.00565884242104517,0,0,0,0,0,0,0,0,0,0,0,0,0,0.00848826363156775,0,0,0,0,0,0,0,0,0.237671381683897,0,0,0,0,0.0113176848420903,0,0,0,0,0,0,0,0,0,0,0,0,0,0.00565884242104517,0,0.00282942121052258,0,0,0,0,0,0,0,0,0,0,0,16.9765272631355,0,0,0,0,0,0,0,0.0254647908947033,0,0,0,0,0.0311236333157484,0.0565884242104517,0,0,0,0,0,0,0,0,0,0,0,0,0,0,0,0,0,0,0,0,0,0,0,0,0.00282942121052258,0,0,0,0,0,0,0,0,0.00565884242104517,0,0,0,0,0,0,0,0,0.00565884242104517,0,0,0,0,0,0.00282942121052258,0,0,0,0.00565884242104517,0,0,0,0,0.00848826363156775,0,0,0,0,0,0,0,0,0,0,0,0,0,0,0,0,0,0.0962003211577679,0,0,0,0,0,0,0,0,0.00565884242104517,0,0,0,0,0,0,0,0,0,0,0,0,0,0,0,0,0,0,0.0141471060526129,0,0,0,0,0,0,0,0,0,0,0,0,0,0,0,0,0,0,0,0,0,0,0,0,0,0,0,0,0,5.83655662684925,0,0,11.0920835119343,7.28437522298643,0,0,0,0,0,0,0,0,0,0,0,0,0,0,0,0,0,0,0,0,0,0,0,0,0,0,0,0,0,0,0,0,0,0,0,0,0,0,0,1.73054474788588,0,0,0,0,0,0,0,0,0,0,0,0,0,0,0,0,0,0,0,0.49972379546669,0,0,0,0,0.0473154063337751,0,0.232429000294309,0,0,0,0,0,0,0,0,0,0,0,0,0,0,0,0,1.8378164660983,0,0,0,0,0,0,0,0,0,0,0,0,0,0,0,1.61140260315431,0,0,0,0.644635149769864,0,0,0,0,0.665809529246463,4.11022707192924,0,0,0,0,0,0,0,0,0,2.03822517952083,0,0.0175197761355558,0,0,0,0,0,0,0,0,0,0,0,0,0,0,0,1.63593290608434,0,0,0,0,0,0,0,0,0,0,0,0,0,0,0,0,0,1.34975275311011,0,0,0,0,0,0,0,0,0,0,0,0,0,0,0,0,0,0,0,0,0,0,0,0,0,0,0,0,0,0,0,0,0,0,0,0,0,0,0,0,0,0,0,0,0,0,0,0,0,0,0,0,0,0,0,0,0,0,0,0,0,0,0,0,0.609493040014306,0.100333377594546,2.58092254113681,2.63282663152467,0,0.288297667657029,0,0,0,0,0,0,0,0,0,0,0,0,0,0,0,0,0,0,0,0,0,0,0,0,0,0,0,0,0,0,0,0,0,0,0,0,0,0,0,0,0,0,0,0,0,0,0,0,0,0,0,0,0,0,0,0,0.0957103270754648,0,0,0,0,0,0,0,0,0,0,0,0,0,0,0,0,0,0,0,0.0871699903121249,0,0,0,0,0,0.0239711394376684,0,0,0,0,0,0,0,0,0.859187137745467,0,0,0,0,0,0,0,0,0,0,0,0,0,0,0,0,0,0,0,0,0,0,0,0,0,0,0,0,0.0048155202490365,0,0,0,0,0,0,0,0,2.02013742349347,0,0,0,13.0570592115195,0,0,0,0,0,13.8926844973627,0,0,0,0,0,0,0,0,0,0,0.949279445308405,3.2048972028263,0,0,0,0,0,0,0,0,5.4452264742365,0,5.4452264742365,0,0,0,0,0,0,0,0,0,1.81465701200603,0,0,1.37647632095751,0,0,0,0,0,0,0,0,0,0,0,0,0,0,0,0,0,0,0,0,0,0,0,0,0,0,0,0,0,0,0.0758380286760525,0,0,0,0,0,0.0839162577047264,0.814269996745998,0,0,0,0,0,0,0,0,0,0,0,0,0,0.0971095563272703,0,0,0,0,0,0,0,0,1.00959529761968,0,0,0,0,0.0427690021633233,0,0,0,0,0,0,0,0,0,0,0,0,0,0.00802319045772304,0,0.455432692193589,0,0,0,0,0,0,0,0,0,0,0,11.0707329588359,0,0,0,0,0,0,0,0.0387460940568963,0,0,0,0,0.129089576929389,0.00799572153952588,0,0,0,0,0,0,0,0,0,0,0,0,0,0,0,0,0,0,0,0,0,0,0,0,0.459462042568811,0,0,0,0,0,0,0,0,0.854949796540588,0,0,0,0,0,0,0,0,5.49667852056597,0,0,0,0,0,0.795774715459477,0,0,0,9.59443339781303,0,0,0,0,3.49416726415171,0,0,0,0,0,0,0,0,0,0,0,0,0,0,0,0,0,1.20483154872024,0,0,0,0,0,0,0,0,0.506525248644721,0,0,0,0,0,0,0,0,0,0,0,0,0,0,0,0,0,0,0.0661513020177759,0,0,0,0,0,0,0,0,0,0,0,0,0,0,0,0,0,78.06430141,73.68710124,74.64840127,74.22320127,90.00420155,87.47390153,87.71890154,88.42130153,97.7473017,114.254102,79.82630138,"JAR-00557"
"673",8788,"nSPC",2015,"PRIAs","Pacific Remote Island Areas","Jarvis","Jarvis",2015,"ForereefMid","Jarvis","2015-04-13","Forereef","Mid",-0.38178261,-159.99446226,8.6,9,0,4,2,85,0,0,0,NA,0.2725,0.28498675359758,1.05,2,1,20.4128945497898,6.42164628316857,64.5768020562888,37.5043614297985,128.915704319046,19.1468718796447,0,0,0,0,0,0.00282942121052258,0.0141471060526129,0,0,0,0,0,0,0.00848826363156775,0,0.00282942121052258,0.0905414787367227,0,0,0,0,0.0113176848420903,0,0,0,0,0,0,0,0,0,0,0,0,0,0,0,0,0,0,0,0,0,0,0,0,0,0,0,0,0,0,0,0,0,0,0.00282942121052258,0,0,0,0,0,0,0,0,0,0,0,0,0.00565884242104517,0,0,0,0,0,0,0.00282942121052258,0,0,0,0,0,0,0,0,0,0,0,0,0,0,0,0,0,0,0,0,0,0,0,0,0,0,0,0,0,0,0,0,0,0,0,0,0,0,0,0.00282942121052258,0,0,0,0.0565884242104517,0,0,0,0,0,0,0,0,0,0,0,0,0,0,0,0.00282942121052258,0,0,0,0,0,0,0,0,0,0,0,0,0,0,0,0.0226353696841807,0,0,0,0,0,0,0,0,0,0,0,0,0,0,0,0,0,0,0.00565884242104517,0,0,0,0.00565884242104517,0,0,0,0,0.00282942121052258,0,0,0,0,0,0,0.00565884242104517,0,0,0,0,0,0,0,0,0,0,0,0,0,0,0,2.26353696841807,0,0,0,0,0,0,0,0,0.00282942121052258,0,0,0,0,0,0,0,0,0,0,0,0,0,0,0.00282942121052258,0,0.00565884242104517,0,0,0,0,0,0,0,0,0,0.00848826363156775,0.0141471060526129,0,0.0396118969473162,0,0,0,0,0,0,0,0,0,0,0,0,0,0,0,0,0,0,0,0,0,0,0,0,0,0,0,0,0,0,0,0,0,0,0,0,0,0,0,0,0,0,0,0,0,0,0,0,0,0,0,0,0,0,0,0,0.0254647908947033,0,0,0,0,0,0,0,0,0,0,0,0,0,0,0,0,0,0,0,0.0113176848420903,0,0,0,0,0,0.00848826363156775,0,0,0,0,0,0,0,0,0.00565884242104517,0,0,0,0,0,0,0,0,0,0,0,0,0,0,0,0,0,0,0,0,0,0,0,0.00282942121052258,0.00282942121052258,0,0,0,0.00565884242104517,0,0,0,0,0,0,0,0,0,0,0,0,0.00565884242104517,0,0,0,0,0,0,0,0,0,0,0,0,0.00282942121052258,0,0,0,0,0.0141471060526129,0,0,0,0,0,0,0,0,0.0141471060526129,0,0.0707355302630646,0,0,0,0,0,0,0,0,0,0,0,0,0.00565884242104517,0,0,0,0,0,0,0,0,0,0,0,0,0,0,0,0,0,0,0,0,0,0,0,0,0,0,0,0,0,0,0,0,0,0,0,0,0,0.00565884242104517,0,0.00565884242104517,0,0.00282942121052258,0,0,0,0,0,0,0,0,0,0,0,0,0,0,0,0,0,0,0.181082957473445,0,0,0,0,0.00282942121052258,0,0,0,0,0,0,0,0,0,0,0,0,0,0.0113176848420903,0,0.00565884242104517,0,0,0,0,0,0,0,0,0,0,0,0,0,0,0,0,0,0,0,0.00282942121052258,0,0,0,0,0,0.565884242104517,0,0,0,0,0,0,0,0,0,0,0,0,0,0,0,0,0,0,0,0,0,0,0,0,0.00282942121052258,0,0,0,0,0,0,0,0.00282942121052258,0.0198059484736581,0,0,0,0,0,0,0,0,0.00282942121052258,0,0,0,0,0,0,0,0,0,0.00565884242104517,0,0,0,0,0.00282942121052258,0,0,0,0,0,0,0,0,0,0,0,0,0,0,0,0,0,0.311236333157484,0,0,0,0,0,0,0,0,0.00565884242104517,0,0,0,0,0,0,0,0,0,0,0.0481001605788839,0,0,0,0,0,0,0,0.0763943726841098,0,0,0,0,0,0,0,0.00848826363156775,0,0,0,0,0,0,0,0,0,0,0,0,0,0,0.565884242104517,9.89932386033396,0,0,0,0,0,0,1.44842582236751,0,1.17755531055302,13.9918251229585,0,0,0,0,2.22956832661809,0,0,0,0,0,0,0,0,0,0,0,0,0,0,0,0,0,0,0,0,0,0,0,0,0,0,0,0,0,0,0,0,0,0,0.410696147549774,0,0,0,0,0,0,0,0,0,0,0,0,10.7218864842662,0,0,0,0,0,0,0.248286972602325,0,0,0,0,0,0,0,0,0,0,0,0,0,0,0,0,0,0,0,0,0,0,0,0,0,0,0,0,0,0,0,0,0,0,0,0,0,0,0,0.215502057552413,0,0,0,0.28671599598835,0,0,0,0,0,0,0,0,0,0,0,0,0,0,0,0.0877238271159633,0,0,0,0,0,0,0,0,0,0,0,0,0,0,0,0.0110806003444306,0,0,0,0,0,0,0,0,0,0,0,0,0,0,0,0,0,0,0.447063356309831,0,0,0,0.666401551833678,0,0,0,0,0.179111292414106,0,0,0,0,0,0,0.163500585259839,0,0,0,0,0,0,0,0,0,0,0,0,0,0,0,2.71921525437273,0,0,0,0,0,0,0,0,0.0151877595770033,0,0,0,0,0,0,0,0,0,0,0,0,0,0,2.02231804284303,0,0.0489759339507286,0,0,0,0,0,0,0,0,0,0.699544199728879,2.99140437239689,0,4.77489919424447,0,0,0,0,0,0,0,0,0,0,0,0,0,0,0,0,0,0,0,0,0,0,0,0,0,0,0,0,0,0,0,0,0,0,0,0,0,0,0,0,0,0,0,0,0,0,0,0,0,0,0,0,0,0,0,0,0.314995591928572,0,0,0,0,0,0,0,0,0,0,0,0,0,0,0,0,0,0,0,0.421707468528017,0,0,0,0,0,0.138182141311018,0,0,0,0,0,0,0,0,1.69340859449777,0,0,0,0,0,0,0,0,0,0,0,0,0,0,0,0,0,0,0,0,0,0,0,0.00785111761276115,0.00300038252289269,0,0,0,0.0126666378617977,0,0,0,0,0,0,0,0,0,0,0,0,18.9341410242808,0,0,0,0,0,0,0,0,0,0,0,0,0.00371220062820563,0,0,0,0,3.77749745281707,0,0,0,0,0,0,0,0,1.51256290951014,0,12.3215069457816,0,0,0,0,0,0,0,0,0,0,0,0,3.13621885760938,0,0,0,0,0,0,0,0,0,0,0,0,0,0,0,0,0,0,0,0,0,0,0,0,0,0,0,0,0,0,0,0,0,0,0,0,0,0.764831493290837,0,0.453911573055572,0,0.109690165036044,0,0,0,0,0,0,0,0,0,0,0,0,0,0,0,0,0,0,0.602045195822917,0,0,0,0,0.00668154817603593,0,0,0,0,0,0,0,0,0,0,0,0,0,0.0224516656137913,0,1.0084023241248,0,0,0,0,0,0,0,0,0,0,0,0,0,0,0,0,0,0,0,0.00590641677696589,0,0,0,0,0,0.942036264224005,0,0,0,0,0,0,0,0,0,0,0,0,0,0,0,0,0,0,0,0,0,0,0,0,0.196338603095246,0,0,0,0,0,0,0,1.40625826774346,3.44191281057531,0,0,0,0,0,0,0,0,2.97676252184934,0,0,0,0,0,0,0,0,0,15.2186214111884,0,0,0,0,0.951487946606965,0,0,0,0,0,0,0,0,0,0,0,0,0,0,0,0,0,1.62862272947657,0,0,0,0,0,0,0,0,0.506525248644721,0,0,0,0,0,0,0,0,0,0,0.0367442785504515,0,0,0,0,0,0,0,0.318446547228259,0,0,0,0,0,0,0,0.0184796697897528,0,0,0,0,0,0,0,0,0,79.59060144,74.33350124,75.17270128,75.34850129,90.96700156,88.72310155,88.54120156,89.23290154,98.50290173,117.0091021,81.1867014,"JAR-00458"
"674",8789,"nSPC",2015,"PRIAs","Pacific Remote Island Areas","Jarvis","Jarvis",2015,"ForereefShallow","Jarvis","2015-04-13","Forereef","Shallow",-0.3799158,-160.01416275,6,4.5,0,2.5,4,87.5,1.5,0,0,NA,1.155,0.797010037577947,3,2,1,4.06877530864438,0.27198215514503,16.4275151066133,7.13464998273915,27.9029225531419,7.54676261769586,0,0,0,0,0,0.00282942121052258,0,0,0,0,0,0,0,0.00282942121052258,0,0,0.00565884242104517,0,0,0.00282942121052258,0,0,0,0,0,0,0.00848826363156775,0,0,0,0,0,0,0,0,0,0,0,0,0,0,0.00565884242104517,0,0,0,0,0,0,0,0,0,0,0,0,0,0,0,0,0,0,0,0,0,0,0,0.00282942121052258,0,0,0,0,0,0,0,0,0,0,0.00282942121052258,0,0,0,0,0.0113176848420903,0,0,0,0,0,0,0,0,0,0,0,0,0,0.00282942121052258,0,0,0,0,0,0,0,0,0,0,0,0,0,0,0,0,0,0,0,0,0.00282942121052258,0,0,0,0,0,0,0,0,0,0,0,0,0,0,0,0,0,0,0,0.00282942121052258,0,0.0509295817894065,0,0,0,0,0,0,0,0,0,0,0,0,0,0,0,0,0,0,0,0,0,0,0,0,0,0,0,0,0,0,0,0,0,0,0,0,0,0,0,0,0,0.0113176848420903,0,0,0,0,0,0,0.00565884242104517,0,0,0,0,0,0,0,0,0.00282942121052258,0,0,0,0,0,0,0.0565884242104517,0,0,0,0,0,0,0,0,0.00848826363156775,0,0,0,0,0.00282942121052258,0.0141471060526129,0,0,0,0,0,0,0,0,0.00565884242104517,0,0.00282942121052258,0,0,0,0,0,0,0,0,0,0.00565884242104517,0.0169765272631355,0,0.0169765272631355,0,0,0,0,0,0,0,0,0,0,0,0,0,0,0,0,0,0,0,0,0,0,0,0,0,0,0.00848826363156775,0,0,0,0,0,0,0,0,0,0,0,0,0,0,0,0,0,0,0,0,0,0,0,0,0,0,0,0,0,0,0,0,0,0,0,0,0,0,0,0,0,0,0,0,0,0,0,0,0,0.00282942121052258,0,0,0,0,0,0,0,0,0,0,0,0,0,0,0.00282942121052258,0,0,0,0,0,0,0,0,0,0,0,0,0,0,0,0,0,0,0,0,0,0,0,0,0.00282942121052258,0,0,0,0,0,0,0,0,0,0,0,0,0,0,0,0,0,0,0,0,0,0,0,0,0,0,0,0,0,0,0,0,0,0,0.00565884242104517,0,0,0,0,0,0,0,0,0,0,0,0,0,0,0,0,0,0,0,0,0,0,0,0,0,0,0,0,0,0,0,0,0,0,0,0,0,0,0,0,0,0,0,0,0,0,0,0,0,0,0,0,0,0,0.00565884242104517,0,0,0,0,0.00282942121052258,0,0.0169765272631355,0,0.00848826363156775,0,0,0,0,0,0,0,0,0,0,0,0,0,0,0,0,0,0,0,0,0.0226353696841807,0,0,0,0.0282942121052258,0,0,0,0,0,0,0.135812218105084,0,0,0,0,0,0,0,0,0,0.00565884242104517,0,0,0,0,0,0,0,0,0,0,0,0,0,0,0,0,0,0,0,0,0,0,0,0,0,0,0,0,0,0,0,0,0,0,0,0,0,0,0,0,0,0,0,0,0,0,0,0,0,0.0113176848420903,0,0,0,0,0,0,0,0,0,0,0,0,0,0,0,0,0,0,0.00282942121052258,0,0,0,0,0,0,0,0,0,0.00282942121052258,0,0,0,0,0.0141471060526129,0,0,0,0,0,0,0,0,0,0,0,0,0,0,0,0,0,0.0820532151051549,0,0,0.0452707393683613,0,0,0,0,0,0,0,0,0,0,0,0,0,0,0,0,0.274453857420691,0,0,0,0,0,0,0.00282942121052258,0.212206590789194,0,0.00282942121052258,0,0,0,0,0,0,0,0,0,0,0.00282942121052258,0,0,0,0,0,0,0,0,0,0.289732731957513,0,0,0,0,0,0,0,1.41990407765237,0,0,0.488339349411594,0,0,0.208086578137422,0,0,0,0,0,0,0.237897227773532,0,0,0,0,0,0,0,0,0,0,0,0,0,0,0.0203803209793942,0,0,0,0,0,0,0,0,0,0,0,0,0,0,0,0,0,0,0,0,0,0,0,0.10025908173497,0,0,0,0,0,0,0,0,0,0,0.248286972602325,0,0,0,0,0.00932245709828192,0,0,0,0,0,0,0,0,0,0,0,0,0,0.0103834646543676,0,0,0,0,0,0,0,0,0,0,0,0,0,0,0,0,0,0,0,0,0.56365779320042,0,0,0,0,0,0,0,0,0,0,0,0,0,0,0,0,0,0,0,0.197316632695133,0,0.0353315485400376,0,0,0,0,0,0,0,0,0,0,0,0,0,0,0,0,0,0,0,0,0,0,0,0,0,0,0,0,0,0,0,0,0,0,0,0,0,0,0,0,0,0.805285941138042,0,0,0,0,0,0,0.163500585259839,0,0,0,0,0,0,0,0,0.375253199811446,0,0,0,0,0,0,0.0772330131309087,0,0,0,0,0,0,0,0,0.0395527489208104,0,0,0,0,0.0100874715797333,0.91502576533513,0,0,0,0,0,0,0,0,0.151501371319389,0,0.00626202980325584,0,0,0,0,0,0,0,0,0,0.602982119461077,2.07264066877432,0,1.36251481355885,0,0,0,0,0,0,0,0,0,0,0,0,0,0,0,0,0,0,0,0,0,0,0,0,0,0,1.26998003309846,0,0,0,0,0,0,0,0,0,0,0,0,0,0,0,0,0,0,0,0,0,0,0,0,0,0,0,0,0,0,0,0,0,0,0,0,0,0,0,0,0,0,0,0,0,0,0,0,0,0.164690365394844,0,0,0,0,0,0,0,0,0,0,0,0,0,0,0.0352712818682535,0,0,0,0,0,0,0,0,0,0,0,0,0,0,0,0,0,0,0,0,0,0,0,0,0.00300038252289269,0,0,0,0,0,0,0,0,0,0,0,0,0,0,0,0,0,0,0,0,0,0,0,0,0,0,0,0,0,0,0,0,0,0,0.786936869684827,0,0,0,0,0,0,0,0,0,0,0,0,0,0,0,0,0,0,0,0,0,0,0,0,0,0,0,0,0,0,0,0,0,0,0,0,0,0,0,0,0,0,0,0,0,0,0,0,0,0,0,0,0,0,0.0514522500142089,0,0,0,0,0.28067858408384,0,1.75714226556653,0,0.680867359583358,0,0,0,0,0,0,0,0,0,0,0,0,0,0,0,0,0,0,0,0,0.0472632085534375,0,0,0,0.028872609129491,0,0,0,0,0,0,0.363437726305817,0,0,0,0,0,0,0,0,0,0.801302272736354,0,0,0,0,0,0,0,0,0,0,0,0,0,0,0,0,0,0,0,0,0,0,0,0,0,0,0,0,0,0,0,0,0,0,0,0,0,0,0,0,0,0,0,0,0,0,0,0,0,0.814177460403481,0,0,0,0,0,0,0,0,0,0,0,0,0,0,0,0,0,0,3.54571933311287,0,0,0,0,0,0,0,0,0,0.573889961213685,0,0,0,0,3.42715332336931,0,0,0,0,0,0,0,0,0,0,0,0,0,0,0,0,0,0.615174336111802,0,0,0.42272252543399,0,0,0,0,0,0,0,0,0,0,0,0,0,0,0,0,0.150095136375802,0,0,0,0,0,0,0.586256074820279,0.651680781471193,0,0.170411340853387,0,0,0,0,0,0,0,0,0,0,0.264009106903639,0,0,0,0,114.993602,121.4803021,122.4208021,121.7376021,114.047802,111.8860019,111.2363019,123.5006022,131.9899023,134.5758024,102.4667018,"JAR-00504"
"675",8790,"nSPC",2015,"PRIAs","Pacific Remote Island Areas","Jarvis","Jarvis",2015,"ForereefMid","Jarvis","2015-04-13","Forereef","Mid",-0.37440159,-160.01279105,7.7,22.5,0.5,4,12.5,60,0.5,0,0,NA,0.33,0.284149313216426,0.95,2,1,23.2052585253163,20.6571663789399,25.0038131118457,15.4533884150196,84.3196264311214,15.4141440687958,0,0,0,0,0,0,0,0,0,0,0,0,0,0,0,0,0.0367824757367936,0,0,0,0,0,0,0,0,0,0,0,0,0,0,0,0,0,0,0,0,0,0,0,0,0.00282942121052258,0,0,0,0,0,0,0,0,0,0,0.00848826363156775,0,0,0,0.00848826363156775,0,0,0,0,0,0.00282942121052258,0,0,0,0,0,0,0,0,0,0,0,0,0,0,0,0,0,0,0.0452707393683613,0,0,0,0,0,0,0,0,0.00565884242104517,0,0,0,0,0,0,0,0,0,0,0,0,0,0,0,0,0,0,0,0,0,0,0,0,0,0.00282942121052258,0,0,0,0.0424413181578388,0,0,0,0,0.0594178454209743,0.0169765272631355,0,0,0,0,0,0,0,0,0,0.0226353696841807,0,0.282942121052258,0,0,0,0,0,0,0,0,0,0,0,0,0,0,0,0,0,0,0,0,0,0,0,0,0,0,0,0,0,0,0,0,0.00565884242104517,0.254647908947033,0,0,0,0,0,0,0,0,0,0,0,0,0,0,0,0,0,0,0,0,0,0,0,0,0,0,0,0,0,0,0.254647908947033,0,0,0,0,0,0,0,0,0.00848826363156775,0,0,0,0,0.0198059484736581,0,0,0,0,0,0,0,0,0,0,0,0,0,0,0,0,0,0,0,0,0,0.00565884242104517,0.0169765272631355,0,0.00282942121052258,0,0,0,0,0,0,0,0,0,0,0,0,0,0,0,0,0,0,0,0,0,0,0,0,0,0,0.00848826363156775,0,0,0,0,0,0,0,0,0,0,0,0,0,0,0,0,0,0,0,0,0,0,0,0,0,0,0,0,0,0.0311236333157484,0,0,0,0,0,0,0.00282942121052258,0,0,0,0,0,0,0,0,0,0,0,0,0.0113176848420903,0,0,0,0,0,0.0226353696841807,0,0,0,0,0,0,0,0,0.00565884242104517,0,0,0,0,0,0,0,0,0,0,0,0,0,0,0,0,0,0,0,0,0,0,0,0,0.00565884242104517,0,0,0,0,0,0,0,0,0,0,0,0,7.56870173814791,0,0,0,0.00282942121052258,0,0,0,0,0,12.7323954473516,0,0,0,0,0,0,0,0,0,0,0.00565884242104517,0.00848826363156775,0.00282942121052258,0,0,0,0,0,0,0,0,0,0,0,0,0,0,0,0,0,0,0,0,0,0,0,0,0,0,0,0,0,0,0,0,0,0,0,0,0,0,0,0,0,0,0,0,0,0,0,0,0,0,0,0,0,0.00565884242104517,0,0,0,0,0,0,0.0113176848420903,0,0.00282942121052258,0,0.00282942121052258,0,0,0,0,0,0,0,0,0,0,0,0,0,0,0,0,0,0,0.135812218105084,0,0,0,0,0,0,0,0,0,0,0,0,0,0,0,0,0,0,0,0,0.00565884242104517,0,0,0,0,0,0,0,0,0,0,0,8.48826363156775,0,0,0,0,0,0,0,0.0282942121052258,0,0,0,0.00282942121052258,0.0226353696841807,0.33953054526271,0,0,0,0,0,0,0,0,0,0,0,0,0,0,0,0,0,0,0,0,0,0,0,0,0,0,0,0,0,0,0,0,0,0.00565884242104517,0,0,0,0,0,0,0,0,0,0,0,0,0,0,0,0,0,0,0.00282942121052258,0,0,0,0,0.00282942121052258,0,0,0,0,0,0,0,0,0,0,0,0,0,0,0,0,0,0.118835690841949,0,0,0,0,0,0,0,0,0.00282942121052258,0,0,0,0,0,0,0,0,0,0,0.00282942121052258,0,0,0,0,0,0,0,0.147129902947174,0,0,0,0,0,0,0,0,0,0,0,0,0,0,0.00282942121052258,0,0,0,0,0,0,0,0,0,0,0,0,0,0,0,0,0,0,3.68296795982405,0,0,0,0,0,0,0,0,0,0,0,0,0,0,0,0,0,0,0,0,0,0,0,0,0.0297089227104871,0,0,0,0,0,0,0,0,0,0,0.0502770814152463,0,0,0,2.57778380574355,0,0,0,0,0,0.049244266035668,0,0,0,0,0,0,0,0,0,0,0,0,0,0,0,0,0,0,0.0645288144183278,0,0,0,0,0,0,0,0,0.49603931697479,0,0,0,0,0,0,0,0,0,0,0,0,0,0,0,0,0,0,0,0,0,0,0,0,0,1.05377224459221,0,0,0,0.0999985836065202,0,0,0,0,0.131456976639677,5.90791914581538,0,0,0,0,0,0,0,0,0,1.09200773676245,0,0.0583992537851861,0,0,0,0,0,0,0,0,0,0,0,0,0,0,0,0,0,0,0,0,0,0,0,0,0,0,0,0,0,0,0,0,0.666401551833678,0.216807229677504,0,0,0,0,0,0,0,0,0,0,0,0,0,0,0,0,0,0,0,0,0,0,0,0,0,0,0,0,0,0,0.298931180312922,0,0,0,0,0,0,0,0,0.0455632787310098,0,0,0,0,0.0324994053902877,0,0,0,0,0,0,0,0,0,0,0,0,0,0,0,0,0,0,0,0,0,0.510175160518263,1.72112427261265,0,0.343468910881727,0,0,0,0,0,0,0,0,0,0,0,0,0,0,0,0,0,0,0,0,0,0,0,0,0,0,3.19145210587767,0,0,0,0,0,0,0,0,0,0,0,0,0,0,0,0,0,0,0,0,0,0,0,0,0,0,0,0,0,0.506612740211071,0,0,0,0,0,0,0.178124787679187,0,0,0,0,0,0,0,0,0,0,0,0,0.699616847644879,0,0,0,0,0,0.228835948069798,0,0,0,0,0,0,0,0,0.550454559417174,0,0,0,0,0,0,0,0,0,0,0,0,0,0,0,0,0,0,0,0,0,0,0,0,0.0118986628076631,0,0,0,0,0,0,0,0,0,0,0,0,6.56375074201571,0,0,0,7.33477639013331,0,0,0,0,0,6.81067150163681,0,0,0,0,0,0,0,0,0,0,2.00011224480754,1.87074090850128,5.50569505284195,0,0,0,0,0,0,0,0,0,0,0,0,0,0,0,0,0,0,0,0,0,0,0,0,0,0,0,0,0,0,0,0,0,0,0,0,0,0,0,0,0,0,0,0,0,0,0,0,0,0,0,0,0,0.051959970727155,0,0,0,0,0,0,1.86942230871254,0,0.835403189273505,0,0.403241318685689,0,0,0,0,0,0,0,0,0,0,0,0,0,0,0,0,0,0,0.998849420840324,0,0,0,0,0,0,0,0,0,0,0,0,0,0,0,0,0,0,0,0,0.799193788050272,0,0,0,0,0,0,0,0,0,0,0,4.47170782258863,0,0,0,0,0,0,0,0.0336429499615977,0,0,0,0.326238805641032,0.0697461556954231,0.0669302699223265,0,0,0,0,0,0,0,0,0,0,0,0,0,0,0,0,0,0,0,0,0,0,0,0,0,0,0,0,0,0,0,0,0,2.32735965677958,0,0,0,0,0,0,0,0,0,0,0,0,0,0,0,0,0,0,12.9869973128153,0,0,0,0,2.42714675598044,0,0,0,0,0,0,0,0,0,0,0,0,0,0,0,0,0,0.906417670931968,0,0,0,0,0,0,0,0,0.206264806247096,0,0,0,0,0,0,0,0,0,0,0.00580597232399234,0,0,0,0,0,0,0,0.628162066485087,0,0,0,0,0,0,0,0,0,0,0,0,0,0,0.323318599533783,0,0,92.34150163,103.8800018,100.4952017,98.84290173,89.95750155,84.69240147,81.31540142,92.77230163,104.0357018,98.34310174,80.56730139,"JAR-00454"
"676",8791,"nSPC",2015,"PRIAs","Pacific Remote Island Areas","Jarvis","Jarvis",2015,"ForereefMid","Jarvis","2015-04-13","Forereef","Mid",-0.37703971,-160.01475016,13.5,14,0,1.5,21,60.5,3,0,0,NA,0.3275,0.267018796507535,1,2,1,46.47875535121,47.5777162965858,67.8141801980762,6.33210204292284,168.202753888795,37.0910336373026,0,0,0,0,0,0,0,0,0,0,0,0,0,0.0198059484736581,0,0,0.033953054526271,0.00282942121052258,0,0.0226353696841807,0,0,0,0,0,0.00848826363156775,0,0,0,0,0,0,0,0,0,0,0,0,0,0,0,0,0,0,0,0,0,0,0,0,0,0.0226353696841807,0.0452707393683613,0,0,0,0.00565884242104517,0.00565884242104517,0,0,0,0,0,0,0,0,0,0,0,0,0,0,0,0,0,0,0.00282942121052258,0,0,0,0,0.067906109052542,0,0,0,0,0,0,0,0,0,0,0,0,0,0,0,0.00282942121052258,0,0,0.00282942121052258,0,0,0,0,0,0,0,0,0,0,0,0,0,0,0,0.00565884242104517,0,0,0,0.0622472666314969,0,0,0,0,0.203718327157626,0.0282942121052258,0,0,0,0,0,0,0,0,0,0.0282942121052258,0,0.0565884242104517,0,0,0,0,0,0,0,0,0,0,0.00282942121052258,0,0,0.0226353696841807,0,0,0,0,0,0,0,0,0,0,0,0,0,0,0,0,0,0,0,0.509295817894065,0,0,0,0,0,0,0,0,0,0,0,0,0,0,0,0,0,0,0,0,0,0,0,0,0,0,0,0,0,0,0,0,0,0,0,0,0,0,0,0,0,0,0.0565884242104517,0,0.118835690841949,0,0,0,0,0,0,0,0,0,0,0,0,0,0,0,0,0,0,0,0,0,0.00282942121052258,0.0396118969473162,0,0,0,0,0,0,0,0,0,0,0,0,0,0,0,0,0,0,0,0,0,0,0,0,0,0,0,0,0,0,0,0,0,0,0,0,0,0,0,0,0.00282942121052258,0,0,0,0,0,0,0,0,0,0,0,0,0,0,0,0,0,0.00282942121052258,0,0.00282942121052258,0,0,0,0,0.00282942121052258,0,0,0,0,0,0,0,0,0,0,0,0,0,0,0,0,0,0,0.0141471060526129,0,0,0,0,0,0,0,0,0,0,0,0,0,0,0,0,0,0,0,0,0,0,0,0,0,0,0,0,0,0,0,0,0,0.0113176848420903,0,0,0,0.0113176848420903,0,0,0,0,0,0,0,0,3.73483599788981,0,0,0,0.00848826363156775,0,0,0,0,0,16.6935851420832,0,0,0,0,0,0,0,0,0,0,0.0254647908947033,0.0113176848420903,0,0,0,0,0,0,0,0,0,0,0,0,0,0,0,0,0,0,0,0,0,0,0.00848826363156775,0.00282942121052258,0,0,0,0,0,0,0,0,0,0,0,0,0,0,0,0,0,0,0,0,0,0,0,0,0,0,0,0,0,0.00282942121052258,0,0,0,0,0,0,0.00565884242104517,0,0,0.00282942121052258,0,0,0,0,0,0,0,0,0,0,0,0,0,0,0,0,0,0,0,0,0.135812218105084,0,0,0,0,0.0169765272631355,0,0,0,0,0,0,0,0,0,0,0,0,0,0,0,0.00565884242104517,0,0,0,0,0,0,0,0,0,0,0,10.7518005999858,0,0,0,0,0,0,0,0.0282942121052258,0,0,0,0,0.0990297423682904,0.226353696841807,0,0,0,0.033953054526271,0,0,0,0,0,0,0,0,0,0,0,0,0,0,0,0,0,0,0,0,0,0,0,0,0,0,0,0,0,0.00565884242104517,0,0,0,0,0,0,0,0.00848826363156775,0.00565884242104517,0,0,0,0,0.00565884242104517,0,0,0,0,0.00848826363156775,0,0,0,0,0.00848826363156775,0,0,0,0,0,0,0,0,0,0,0,0,0,0,0,0,0,0.127323954473516,0,0,0,0,0,0,0,0,0.00565884242104517,0,0,0,0,0,0,0,0,0,0,0,0,0,0,0,0,0,0,0.0198059484736581,0,0,0,0,0,0,0,0,0,0,0,0,0,0,0.0141471060526129,0,0,0,0,0,0,0,0,0,0,0,0,0,0,0,6.01837905822936,0,0,3.38310623141227,0.05986044153658,0,1.3766752592504,0,0,0,0,0,0.43831271327508,0,0,0,0,0,0,0,0,0,0,0,0,0,0,0,0,0,0,0,0,0,0,0,0,0,0.0771817463563892,0.165740199188648,0,0,0,1.16952145142104,0.565583102300961,0,0,0,0,0,0,0,0,0,0,0,0,0,0,0,0,0,0,0.474639722654202,0,0,0,0,0.160565868770609,0,0,0,0,0,0,0,0,0,0,0,0,0,0,0,1.47731087516172,0,0,0.49283255281021,0,0,0,0,0,0,0,0,0,0,0,0,0,0,0,6.34134356703868,0,0,0,0.153186230672895,0,0,0,0,0.413119611768851,6.07897746657395,0,0,0,0,0,0,0,0,0,1.20266436720487,0,0.0394194963050006,0,0,0,0,0,0,0,0,0,0,10.3517292349955,0,0,0.0170169287137315,0,0,0,0,0,0,0,0,0,0,0,0,0,0,0,0,0,0,0,0.451134235490563,0,0,0,0,0,0,0,0,0,0,0,0,0,0,0,0,0,0,0,0,0,0,0,0,0,0,0,0,0,0,0,0,0,0,0,0,0,0,0,0,0,0,0.00638066015775854,0,0.222481666439212,0,0,0,0,0,0,0,0,0,0,0,0,0,0,0,0,0,0,0,0,0,0.506981907218936,3.47626346614858,0,0,0,0,0,0,0,0,0,0,0,0,0,0,0,0,0,0,0,0,0,0,0,0,0,0,0,0,0,0,0,0,0,0,0,0,0,0,0,0,1.70189647189575,0,0,0,0,0,0,0,0,0,0,0,0,0,0,0,0,0,0.0132614543853153,0,1.0713917401805,0,0,0,0,1.05657708918289,0,0,0,0,0,0,0,0,0,0,0,0,0,0,0,0,0,0,0.0314973998576585,0,0,0,0,0,0,0,0,0,0,0,0,0,0,0,0,0,0,0,0,0,0,0,0,0,0,0,0,0,0,0,0,0,0.0202580825658891,0,0,0,0.0136635020607285,0,0,0,0,0,0,0,0,3.93852178670352,0,0,0,27.5139325897215,0,0,0,0,0,9.7275925630948,0,0,0,0,0,0,0,0,0,0,5.34964827131277,1.28351081488948,0,0,0,0,0,0,0,0,0,0,0,0,0,0,0,0,0,0,0,0,0,0,21.341828435366,1.09998881411292,0,0,0,0,0,0,0,0,0,0,0,0,0,0,0,0,0,0,0,0,0,0,0,0,0,0,0,0,0,0.278705006201077,0,0,0,0,0,0,0.0637456017897086,0,0,1.04859980178363,0,0,0,0,0,0,0,0,0,0,0,0,0,0,0,0,0,0,0,0,0.486916321441498,0,0,0,0,0.0870128404988996,0,0,0,0,0,0,0,0,0,0,0,0,0,0,0,1.08016889547698,0,0,0,0,0,0,0,0,0,0,0,5.78500065397995,0,0,0,0,0,0,0,0.0312803832508114,0,0,0,0,0.339685693102695,0.0793727378710316,0,0,0,0.0372425910277971,0,0,0,0,0,0,0,0,0,0,0,0,0,0,0,0,0,0,0,0,0,0,0,0,0,0,0,0,0,0.983791452551429,0,0,0,0,0,0,0,5.97837180429516,6.92425382125732,0,0,0,0,3.29706642197394,0,0,0,0,15.9302398260276,0,0,0,0,3.48379088858684,0,0,0,0,0,0,0,0,0,0,0,0,0,0,0,0,0,0.718520149023595,0,0,0,0,0,0,0,0,0.340535555676688,0,0,0,0,0,0,0,0,0,0,0,0,0,0,0,0,0,0,0.0626510250382384,0,0,0,0,0,0,0,0,0,0,0,0,0,0,1.88182534151425,0,0,98.42470174,108.9910019,108.4012018,106.6433019,95.47770165,93.08070161,92.60750162,105.3633018,108.0080019,105.8621019,87.86070153,"JAR-00570"
"677",8792,"nSPC",2015,"PRIAs","Pacific Remote Island Areas","Jarvis","Jarvis",2015,"ForereefShallow","Jarvis","2015-04-13","Forereef","Shallow",-0.37108915,-160.00948129,2.55,10,0,5,35,47.5,2.5,0,0,NA,1.49,1.58871798220187,5.75,2,1,12.1590900101078,33.5090773572466,75.9502675540503,17.4361591155729,139.054594036978,21.6270138119327,0,0.0113176848420903,0,0,0,0.00282942121052258,0,0,0,0,0.0396118969473162,0,0,0,0,0,0.237671381683897,0,0,0,0,0,0,0,0,0,0.0169765272631355,0,0,0,0,0,0,0,0,0,0,0,0,0,0,0.00848826363156775,0,0,0,0,0,0,0,0,0,0,0,0,0,0,0,0,0,0,0,0,0,0,0,0,0,0,0,0.00282942121052258,0,0,0,0,0,0,0.00848826363156775,0,0,0,0,0.200888905947103,0,0,0,0,0,0,0,0,0,0,0,0,0,0,0,0,0,0,0,0,0,0,0,0,0,0,0,0,0,0,0,0,0,0,0,0,0,0,0.00565884242104517,0,0,0,0.00282942121052258,0,0,0,0,0,0,0,0,0,0,0,0.00282942121052258,0,0,0.0282942121052258,0,0,0,0,0,0,0,0,0,0,0,0,0,0,0,0,0,0,0,0,0,0,0,0,0,0,0,0,0,0,0,0.00565884242104517,0.0282942121052258,0,0,0,0,0,0,0,0.00282942121052258,0,0,0,0,0,0,0,0,0,0,0,0,0,0,0,0.00565884242104517,0,0,0.00848826363156775,0,0,0,0.537590029999291,0,0,0,0,0,0.00848826363156775,0,0,0.0169765272631355,0,0,0,0,0.0367824757367936,0.00848826363156775,0,0,0,0,0,0,0,0,0,0,0,0,0,0,0,0,0,0,0,0,0,0.0424413181578388,0,0,0,0,0,0,0,0,0,0,0,0,0,0,0,0,0,0,0,0,0,0,0,0,0,0,0,0,0,0,0,0,0,0,0,0,0,0,0,0,0,0,0,0,0,0,0,0,0,0,0,0,0,0,0,0,0,0,0.00282942121052258,0,0,0,0,0,0,0,0,0,0,0,0,0,0,0,0,0,0,0,0.00282942121052258,0,0,0,0,0,0,0,0,0,0,0,0,0,0,0.00565884242104517,0,0,0,0,0,0,0,0,0,0,0,0,0,0,0,0,0,0,0,0,0,0,0,0,0.00565884242104517,0,0,0,0.00848826363156775,0,0,0,0,0,0,0,0,0,0,0,0,0.00282942121052258,0,0,0,0,0,0,0,0,0,0,0,0,0,0,0,0,0.0367824757367936,0.00565884242104517,0,0,0,0,0,0,0,0,0.0990297423682904,0,0,0,0,0,0,0,0,0,0,0,0,0,0,0,0,0,0,0,0,0,0,0,0,0,0,0,0,0,0,0,0,0,0,0,0,0,0,0,0,0,0,0,0,0,0,0,0,0,0,0.0113176848420903,0,0.00848826363156775,0,0.00565884242104517,0,0.00848826363156775,0,0,0,0,0,0,0,0,0,0,0,0,0,0,0,0,0,0,0.0792237938946324,0,0,0,0.0282942121052258,0.00565884242104517,0,0,0,0,0,0.0792237938946324,0,0,0,0,0,0,0,0,0,0.00282942121052258,0,0,0,0,0,0,0,0,0,0,0,0,0,0,0,0,0,0,0,0,0,0,0,0,0,0,0,0,0,0,0,0,0,0,0,0,0,0,0,0,0,0,0,0,0,0,0,0,0,0,0,0,0,0,0,0,0,0,0,0.0141471060526129,0,0.00282942121052258,0,0,0,0,0,0.00282942121052258,0.00565884242104517,0,0,0,0,0,0,0,0,0,0.00565884242104517,0,0,0,0,0,0,0,0,0,0,0,0,0,0,0,0,0,0,0,0,0,0,0.0905414787367227,0,0,0.113176848420903,0,0,0,0,0,0,0.00282942121052258,0,0,0,0,0,0,0,0,0,0.520613502736155,0,0,0,0,0,0,0.00282942121052258,0.3508482301048,0,0.00282942121052258,0,0.033953054526271,0,0,0,0,0,0,0,0,0.00565884242104517,0,0,0,0,0,1.62371655477714,0,0,0,0.412529612494193,0,0,0,0,0.669948090690569,0,0,0,0,0,27.8344045061914,0,0,0,0,0,0,0,0,0,0.718294545647172,0,0,0,0,0,0,0,0,0,0,0,0,0,0,0.559716103865578,0,0,0,0,0,0,0,0,0,0,0,0,0,0,0,0,0,0,0,0,0,0,0,0,0,0,0,2.07448282268359,0,0,0,0,0,0,1.47715474582402,0,0,0,0,0.205653677518389,0,0,0,0,0,0,0,0,0,0,0,0,0,0,0,0,0,0,0,0,0,0,0,0,0,0,0,0,0,0,0,0,0,0,0,0,0,0,0.0177048696346609,0,0,0,0.142284519124154,0,0,0,0,0,0,0,0,0,0,0,0.0877238271159633,0,0,0.00633790351157059,0,0,0,0,0,0,0,0,0,0,0,0,0,0,0,0,0,0,0,0,0,0,0,0,0,0,0,0,0,0,0,0.666401551833678,0.0467194030281489,0,0,0,0,0,0,0,0.27473509157586,0,0,0,0,0,0,0,0,0,0,0,0,0,0,0,1.11227209553158,0,0,14.3341374884441,0,0,0,0.671591418529641,0,0,0,0,0,0.0150881821125243,0,0,0.0911265574620195,0,0,0,0,0.0477554068835343,0.667983340601982,0,0,0,0,0,0,0,0,0,0,0,0,0,0,0,0,0,0,0,0,0,5.93061244309631,0,0,0,0,0,0,0,0,0,0,0,0,0,0,0,0,0,0,0,0,0,0,0,0,0,0,0,0,0,0,0,0,0,0,0,0,0,0,0,0,0,0,0,0,0,0,0,0,0,0,0,0,0,0,0,0,0,0,0.170280760392431,0,0,0,0,0,0,0,0,0,0,0,0,0,0,0,0,0,0,0,0.0282516368521179,0,0,0,0,0,0,0,0,0,0,0,0,0,0,0.975742032149613,0,0,0,0,0,0,0,0,0,0,0,0,0,0,0,0,0,0,0,0,0,0,0,0,0.0191061452630932,0,0,0,0.00399373354056837,0,0,0,0,0,0,0,0,0,0,0,0,8.21468339950854,0,0,0,0,0,0,0,0,0,0,0,0,0,0,0,0,8.97283238980951,1.07760132826053,0,0,0,0,0,0,0,0,22.9672499479376,0,0,0,0,0,0,0,0,0,0,0,0,0,0,0,0,0,0,0,0,0,0,0,0,0,0,0,0,0,0,0,0,0,0,0,0,0,0,0,0,0,0,0,0,0,0,0,0,0,0,1.01440748770201,0,0.633318946833324,0,1.02715937747616,0,1.32588130590808,0,0,0,0,0,0,0,0,0,0,0,0,0,0,0,0,0,0,0.489318729207858,0,0,0,0.0349753247307526,0.0240583026581916,0,0,0,0,0,0.273498858627812,0,0,0,0,0,0,0,0,0,0.263560585760179,0,0,0,0,0,0,0,0,0,0,0,0,0,0,0,0,0,0,0,0,0,0,0,0,0,0,0,0,0,0,0,0,0,0,0,0,0,0,0,0,0,0,0,0,0,0,0,0,0,0,0,0,0,0,0,0,0,0,0,3.15317773253663,0,5.3328818028401,0,0,0,0,0,1.49523721348204,6.83257565886567,0,0,0,0,0,0,0,0,0,7.96631913674492,0,0,0,0,0,0,0,0,0,0,0,0,0,0,0,0,0,0,0,0,0,0,0.49197387695483,0,0,0.938831567298836,0,0,0,0,0,0,0.177412658647018,0,0,0,0,0,0,0,0,0,0.623604434799177,0,0,0,0,0,0,1.01305049728944,0.789804070821032,0,0.140670403385625,0,2.06667182982377,0,0,0,0,0,0,0,0,0.82808810269223,0,0,0,0,54.72040093,63.94870114,67.90480114,67.88350118,43.97760075,44.26170075,39.72380068,54.11530098,59.66900103,45.23240076,46.20300081,"JAR-00519"
"678",8793,"nSPC",2015,"PRIAs","Pacific Remote Island Areas","Jarvis","Jarvis",2015,"ForereefShallow","Jarvis","2015-04-13","Forereef","Shallow",-0.36826411,-160.00744566,2.7,9,0,0,27.5,60,3.5,0,0,NA,1.785,1.79441013623723,6.25,2,1,26.2814087294825,32.0615488819446,79.370140918164,14.8144405348796,152.527539064471,44.2242668084652,0,0.00848826363156775,0,0,0,0.0509295817894065,0,0,0,0,0.0113176848420903,0,0.00565884242104517,0.00282942121052258,0,0,0.033953054526271,0,0,0.00848826363156775,0,0,0,0,0,0,0.033953054526271,0,0,0,0,0,0,0,0,0,0,0,0,0,0,0.00565884242104517,0,0,0,0,0,0,0,0,0,0,0,0,0,0,0,0,0,0,0,0,0,0,0,0,0,0,0,0,0,0,0,0,0,0,0,0,0,0,0,0.0848826363156775,0,0,0,0,0,0,0,0,0,0,0,0,0,0.00282942121052258,0,0.00282942121052258,0,0,0,0,0,0,0,0,0,0,0,0,0,0,0,0,0,0,0.0141471060526129,0,0,0,0.0113176848420903,0,0,0,0,0.0113176848420903,0,0,0,0,0,0,0,0,0,0,0.00282942121052258,0,0,0,0,0,0,0,0,0,0,0,0,0,0,0,0,0,0,0,0,0,0,0,0,0,0,0,0,0,0,0,0,0,0,0.00282942121052258,0,0,0,0,0,0,0,0,0,0,0,0,0,0,0,0,0,0,0,0,0,0,0,0,0.00565884242104517,0,0,0.00282942121052258,0,0,0,0.311236333157484,0,0,0,0,0,0,0,0,0.00848826363156775,0,0,0,0,0,0.00848826363156775,0,0,0,0,0,0,0,0,0.00282942121052258,0,0,0,0,0,0,0,0,0,0,0,0.00848826363156775,0.0509295817894065,0,0.0367824757367936,0,0,0,0,0,0,0,0,0,0,0,0,0,0,0,0,0,0,0,0,0,0,0,0,0,0,0,0,0,0,0,0,0,0,0.00282942121052258,0,0,0,0.00282942121052258,0,0,0,0,0,0,0,0,0,0,0,0,0,0,0,0,0,0.00848826363156775,0,0,0,0,0,0,0,0,0,0,0,0,0,0,0,0,0,0,0,0.00282942121052258,0,0,0,0,0,0,0,0,0,0,0,0,0,0,0.00565884242104517,0,0,0,0,0,0,0,0,0,0,0,0,0,0,0,0,0,0,0,0,0,0,0,0,0.00565884242104517,0,0,0,0.00848826363156775,0,0,0,0,0,0,0,0,0,0,0,0,0.00282942121052258,0,0,0,0.00282942121052258,0,0,0,0,0,0,0,0,0,0,0,0,0.0169765272631355,0.00848826363156775,0.00282942121052258,0,0,0,0,0,0,0.00565884242104517,0.00565884242104517,0,0,0,0,0,0.141471060526129,0,0,0,0,0,0,0,0,0.00565884242104517,0,0,0,0,0,0,0,0,0,0,0,0,0,0,0,0,0,0,0,0,0,0,0,0,0,0,0,0,0,0,0.00282942121052258,0,0,0,0,0,0,0.00565884242104517,0,0.0141471060526129,0,0,0,0,0,0,0,0,0,0,0,0,0,0,0,0,0,0,0,0,0.0282942121052258,0,0,0,0,0,0,0,0,0,0,0.0396118969473162,0,0,0,0,0,0,0,0,0,0,0,0,0,0,0,0,0,0,0,0,0,0,0,0,0,0,0,0,0,0,0,0,0,0,0,0,0,0,0,0,0,0,0,0,0,0,0,0,0,0,0,0,0,0,0,0,0,0,0,0,0,0,0,0,0,0,0,0,0,0.0311236333157484,0,0,0,0,0,0,0,0,0.00848826363156775,0,0,0,0,0,0,0,0,0,0.00848826363156775,0,0,0,0,0.00282942121052258,0,0,0,0,0,0,0,0,0,0,0,0,0,0,0,0,0,0.0650766878420194,0,0,0.141471060526129,0,0,0,0,0,0.00282942121052258,0.00282942121052258,0,0,0,0,0,0,0,0,0,0.113176848420903,0,0,0,0,0,0,0,0.557395978472949,0,0.00282942121052258,0,0,0,0,0,0,0,0,0,0,0.00282942121052258,0,0,0,0,0,1.09695528563476,0,0,0,5.79133006922789,0,0,0,0,0.262570288336496,0,1.03569637246627,0.801172909214841,0,0,2.46138892885912,0,0,0.624259734412266,0,0,0,0,0,0,1.20277718628485,0,0,0,0,0,0,0,0,0,0,0,0,0,0,0.106684741453359,0,0,0,0,0,0,0,0,0,0,0,0,0,0,0,0,0,0,0,0,0,0,0,0,0,0,0,0,0,0,0,0,0,0,0,0,0,0,0,0.0851405469915539,0,0,0,0,0,0,0,0,0,0,0,0,0,0.0784453487716901,0,2.67991445972462,0,0,0,0,0,0,0,0,0,0,0,0,0,0,0,0,0,0,9.9973875061179,0,0,0,0.0658173878450733,0,0,0,0,0.0680554380373814,0,0,0,0,0,0,0,0,0,0,0.234073399475583,0,0,0,0,0,0,0,0,0,0,0,0,0,0,0,0,0,0,0,0,0,0,0,0,0,0,0,0,0,0,0,0,0,0,0.179111292414106,0,0,0,0,0,0,0,0,0,0,0,0,0,0,0,0,0,0,0,0,0,0,0,0,0.556528748694207,0,0,2.69884296828062,0,0,0,0.294332239077338,0,0,0,0,0,0,0,0,0.0455632787310098,0,0,0,0,0,0.613064840789981,0,0,0,0,0,0,0,0,0.119463735183107,0,0,0,0,0,0,0,0,0,0,0,0.920851710226279,9.3641310841834,0,3.98678352125158,0,0,0,0,0,0,0,0,0,0,0,0,0,0,0,0,0,0,0,0,0,0,0,0,0,0,0,0,0,0,0,0,0,0,0.268969142334369,0,0,0,0.481579815876362,0,0,0,0,0,0,0,0,0,0,0,0,0,0,0,0,0,0.322301575771931,0,0,0,0,0,0,0,0,0,0,0,0,0,0,0,0,0,0,0,0.198307920911827,0,0,0,0,0,0,0,0,0,0,0,0,0,0,0.27297746543304,0,0,0,0,0,0,0,0,0,0,0,0,0,0,0,0,0,0,0,0,0,0,0,0,0.0254497601041131,0,0,0,0.0123322575472057,0,0,0,0,0,0,0,0,0,0,0,0,11.8502996150997,0,0,0,2.36187134649979,0,0,0,0,0,0,0,0,0,0,0,0,5.14571710089532,0.456359936036427,2.11954779428196,0,0,0,0,0,0,0.75658358974901,1.31241428273929,0,0,0,0,0,24.4234131375397,0,0,0,0,0,0,0,0,2.75295264191503,0,0,0,0,0,0,0,0,0,0,0,0,0,0,0,0,0,0,0,0,0,0,0,0,0,0,0,0,0,0,0.0448203933684347,0,0,0,0,0,0,1.08722790407882,0,2.36202119526985,0,0,0,0,0,0,0,0,0,0,0,0,0,0,0,0,0,0,0,0,0.190876419811363,0,0,0,0,0,0,0,0,0,0,0.144954898999836,0,0,0,0,0,0,0,0,0,0,0,0,0,0,0,0,0,0,0,0,0,0,0,0,0,0,0,0,0,0,0,0,0,0,0,0,0,0,0,0,0,0,0,0,0,0,0,0,0,0,0,0,0,0,0,0,0,0,0,0,0,0,0,0,0,0,0,0,0,5.92168433381787,0,0,0,0,0,0,0,0,14.1632453475338,0,0,0,0,0,0,0,0,0,25.5491341507603,0,0,0,0,1.8319728504465,0,0,0,0,0,0,0,0,0,0,0,0,0,0,0,0,0,0.333754932395887,0,0,0.998773467319081,0,0,0,0,0,0.206264806247096,0.270255923103076,0,0,0,0,0,0,0,0,0,0.043947984952442,0,0,0,0,0,0,0,0.891233445317966,0,0.0919414997244951,0,0,0,0,0,0,0,0,0,0,0.264009106903639,0,0,0,0,57.96620098,65.33570117,69.50860116,69.9562012,48.18740084,54.78410096,43.14640075,56.40910102,62.35530108,46.01490077,51.67020092,"JAR-00511"
"679",8799,"nSPC",2015,"PRIAs","Pacific Remote Island Areas","Palmyra","Palmyra",2015,"ForereefDeep","Palmyra","2015-04-15","Forereef","Deep",5.87021585,-162.00069023,23.05,32.5,15,6.5,20,26,0,0,0,NA,0.475,0.319509878296802,1.2,2,1,13.7664312206706,59.8156464143262,7.32536074282665,13.9106339365107,94.8180723143342,1.72619434563385,0,0,0,0,0,0,0,0,0,0,0,0,0,0.00282942121052258,0,0,0.0198059484736581,0,0,0,0,0,0,0,0,0.00282942121052258,0,0.00282942121052258,0,0,0,0,0,0,0,0,0,0,0,0,0,0,0,0,0,0,0,0,0,0,0,0,0,0,0,0,0.00565884242104517,0,0,0,0,0,0,0,0,0,0,0,0,0,0,0,0,0,0,0,0.0198059484736581,0,0,0,0,0,0,0.00282942121052258,0,0,0.00565884242104517,0,0,0,0,0,0,0,0,0,0,0,0,0,0,0,0,0,0,0,0,0,0,0,0,0,0,0,0,0,0.00565884242104517,0,0,0,0.0141471060526129,0,0,0,0,0.00282942121052258,0,0,0,0,0,0,0,0,0,0,0.00848826363156775,0,0.226353696841807,0,0,0,0,0,0,0,0,0,0,0,0,0,0,0,0,0,0,0,0,0,0,0,0,0,0,0,0,0,0,0,0,0.00848826363156775,0.381971863420549,0,0,0,0,0,0,0,0.00565884242104517,0,0,0,0,0,0,0,0,0.00282942121052258,0,0.00848826363156775,0,0,0,0,0,0.00282942121052258,0,0,0,0.0141471060526129,0,0.00282942121052258,0,0,0,0,0.00282942121052258,0,0,0,0,0,0,0,0,0,0,0,0,0,0,0,0,0,0,0,0,0,0,0,0,0,0,0,0,0.0141471060526129,0,0.00282942121052258,0,0,0,0,0,0,0,0,0,0,0,0,0,0,0,0,0,0,0,0,0,0,0,0,0,0,0,0,0,0,0,0,0.00565884242104517,0,0,0,0,0,0,0,0,0,0,0,0,0,0,0,0,0,0,0,0,0,0,0,0,0,0,0.00565884242104517,0,0,0,0,0,0,0,0,0,0,0,0,0,0,0,0,0,0,0,0,0,0,0,0,0,0,0,0,0,0,0,0,0,0,0,0,0,0,0,0,0,0,0,0,0,0,0,0,0,0,0,0,0,0,0,0,0,0,0.00282942121052258,0.00282942121052258,0,0,0,0.00282942121052258,0,0,0,0,0,0,0,0,0,0,0,0,0.0113176848420903,0,0.00282942121052258,0,0,0,0,0,0,0,0,0,0,0,0,0,0,0.00282942121052258,0.00565884242104517,0.00565884242104517,0,0,0,0,0,0.0169765272631355,0.0226353696841807,0.0141471060526129,0,0,0.0113176848420903,0,0,0,0,0,0,0,0,0,0,0.0198059484736581,0,0,0,0,0,0,0,0.00565884242104517,0,0,0,0,0,0,0,0,0.00282942121052258,0,0,0,0,0,0,0,0,0,0,0,0,0,0,0.00565884242104517,0,0,0,0,0,0.00282942121052258,0.00565884242104517,0,0,0,0,0,0,0,0,0,0,0,0,0,0,0,0.0481001605788839,0,0,0,0,0,0,0.00282942121052258,0,0,0,0,0.0282942121052258,0,0,0,0,0,0,0,0,0,0,0,0,0,0,0,0,0,0,0,0,0,0,0,0,0,0,0,0,0,0,0,0,0,0,0,0.00848826363156775,0,0,0,0,0.0113176848420903,0.0565884242104517,0,0,0,0,0,0,0,0,0,0,0,0,0,0,0,0,0,0,0,0,0,0,0,0,0,0,0,0,0,0,0,0,0,0.00565884242104517,0,0,0,0,0,0,0,0,0,0,0,0,0,0,0,0,0,0,0,0,0,0,0,0.00282942121052258,0,0,0,0,0,0,0,0,0,0,0,0,0,0,0,0,0,0,0,0,0,0,0,0,0,0,0,0,0,0,0,0,0,0,0,0,0,0.0113176848420903,0,0,0,0,0,0.00565884242104517,0,0,0,0,0,0,0,0,0.00282942121052258,0,0,0,0,0,0,0,0,0,0,0,0,0,0,0,0,0,0,0,0,0,0,0,1.27694839775712,0,0,1.45724243632154,0,0,0,0,0,0,0,0,0.118788156565612,0,1.04044960778661,0,0,0,0,0,0,0,0,0,0,0,0,0,0,0,0,0,0,0,0,0,0,0,0,0,0,0,0,1.26634283053451,0,0,0,0,0,0,0,0,0,0,0,0,0,0,0,0,0,0,0,2.99594402561365,0,0,0,0,0,0,0.124690269762281,0,0,2.11342067336158,0,0,0,0,0,0,0,0,0,0,0,0,0,0,0,0,0,0,0,0,0,0,0,0,0,0,0,0,0,1.12731558640084,0,0,0,0.131197279339967,0,0,0,0,0.00804255019459387,0,0,0,0,0,0,0,0,0,0,0.508498839465035,0,0.157677985220003,0,0,0,0,0,0,0,0,0,0,0,0,0,0,0,0,0,0,0,0,0,0,0,0,0,0,0,0,0,0,0,0,0.581754262983126,1.02965184330006,0,0,0,0,0,0,0,0.447063356309831,0,0,0,0,0,0,0,0,0.140994330926856,0,1.24395366186043,0,0,0,0,0,0.116722873863301,0,0,0,0.700798373438954,0,0.00467194030281489,0,0,0,0,0.0250328161400584,0,0,0,0,0,0,0,0,0,0,0,0,0,0,0,0,0,0,0,0,0,0,0,0,0,0,0,0,0.471804568293948,0,0.325988358852441,0,0,0,0,0,0,0,0,0,0,0,0,0,0,0,0,0,0,0,0,0,0,0,0,0,0,0,0,0,0,0,0,0.412948094912985,0,0,0,0,0,0,0,0,0,0,0,0,0,0,0,0,0,0,0,0,0,0,0,0,0,0,0.132598633409424,0,0,0,0,0,0,0,0,0,0,0,0,0,0,0,0,0,0,0,0,0,0,0,0,0,0,0,0,0,0,0,0,0,0,0,0,0,0,0,0,0,0,0,0,0,0,0,0,0,0,0,0,0,0,0,0,0,0,0.0174192156537166,0.0136985311808475,0,0,0,0.0048155202490365,0,0,0,0,0,0,0,0,0,0,0,0,8.63741173981892,0,1.10750287977166,0,0,0,0,0,0,0,0,0,0,0,0,0,0,0.96849148348127,0.887493198646583,3.73622705597766,0,0,0,0,0,4.61710725593029,3.02910578193564,1.94287196089838,0,0,1.20455821635349,0,0,0,0,0,0,0,0,0,0,36.7136767243776,0,0,0,0,0,0,0,6.05574802539495,0,0,0,0,0,0,0,0,0.463142249141052,0,0,0,0,0,0,0,0,0,0,0,0,0,0,0.0694386452800387,0,0,0,0,0,0.110140412162358,0.548334879007645,0,0,0,0,0,0,0,0,0,0,0,0,0,0,0,3.7123279521601,0,0,0,0,0,0,0.00354079769381063,0,0,0,0,0.0579603288964396,0,0,0,0,0,0,0,0,0,0,0,0,0,0,0,0,0,0,0,0,0,0,0,0,0,0,0,0,0,0,0,0,0,0,0,0.0102062881905971,0,0,0,0,0.0586264908635896,0.233033286103989,0,0,0,0,0,0,0,0,0,0,0,0,0,0,0,0,0,0,0,0,0,0,0,0,0,0,0,0,0,0,0,0,0,0.548735686031782,0,0,0,0,0,0,0,0,0,0,0,0,0,0,0,0,0,0,0,0,0,0,0,0.482240683773416,0,0,0,0,0,0,0,0,0,0,0,0,0,0,0,0,0,0,0,0,0,0,0,0,0,0,0,0,0,0,0,0,0,0,0,0,0,0.00290298616199617,0,0,0,0,0,0.0523853529984216,0,0,0,0,0,0,0,0,1.56838693328132,0,0,0,0,0,0,0,0,0,0,170.135203,179.6777031,152.5441026,172.208803,168.322503,198.3332034,167.0651029,171.139703,204.1760037,166.7752029,185.1654032,"PAL-00464"
"680",8800,"nSPC",2015,"PRIAs","Pacific Remote Island Areas","Palmyra","Palmyra",2015,"ForereefMid","Palmyra","2015-04-15","Forereef","Mid",5.86844224,-162.00556573,12.3,42.5,7.5,5,12.5,30,2.5,0,0,NA,0.3025,0.188244565147071,0.6,2,1,32.14485606171,10.6718070995224,21.5687769153606,16.0730939319565,80.4585340085495,17.4112857160764,0,0,0,0,0,0.00848826363156775,0,0,0,0,0,0,0,0.00848826363156775,0,0,0,0,0,0,0,0,0,0,0,0,0,0,0,0,0,0,0,0,0,0,0,0,0,0,0,0,0,0,0,0,0,0,0,0,0,0,0,0,0,0,0.00282942121052258,0,0,0,0,0,0,0,0,0.00565884242104517,0,0,0,0,0,0,0,0,0,0,0,0,0,0,0,0,0,0,0,0,0,0,0,0,0,0,0,0,0,0,0,0,0,0,0,0,0,0,0,0,0,0,0,0,0,0,0,0,0,0,0.00565884242104517,0,0,0,0.0198059484736581,0,0,0,0,0,0,0,0,0,0,0,0,0,0,0,0.00565884242104517,0,0,0,0,0,0,0,0,0,0,0,0,0,0,0,0,0,0.00282942121052258,0,0,0.0113176848420903,0,0,0,0,0,0,0,0,0,0,0,0,0,0,0.127323954473516,0,0,0,0,0,0,0,0.00565884242104517,0,0,0,0,0,0,0.0113176848420903,0,0.00565884242104517,0,0.00848826363156775,0,0,0,0,0.00565884242104517,0,0,0,0,0,0,0.537590029999291,0,0,0,0,0,0,0,0,0,0,0,0,0,0,0,0,0,0,0,0,0,0,0,0,0,0,0,0,0,0,0,0,0,0,0,0,0.00282942121052258,0,0,0,0,0,0,0,0.00282942121052258,0,0,0,0,0,0,0,0,0,0,0,0,0,0,0,0,0,0,0,0,0,0,0,0.00282942121052258,0,0,0,0,0,0,0,0,0,0,0,0,0,0,0,0,0,0,0,0,0,0,0,0,0,0,0.00282942121052258,0,0,0,0,0,0,0,0,0,0,0.00282942121052258,0,0,0,0,0,0,0,0,0,0,0,0,0,0,0.00282942121052258,0,0,0,0,0,0,0,0,0,0,0,0,0,0,0,0,0,0,0,0,0,0,0,0,0,0,0,0,0,0,0,0,0,0.00282942121052258,0,0,0,0,0,0,0,0,0,0,0,0,0,0,0,0,0.0254647908947033,0,0.0311236333157484,0,0,0,0,0,0,0,0,0,0,0.00282942121052258,0,0,0,0.0396118969473162,0.00565884242104517,0,0,0,0,0,0,0,0,0,0,0,0,0,0,0,0,0,0,0,0,0.00282942121052258,0,0,0,0,0,0,0,0,0,0,0,0,0,0,0,0,0,0,0,0,0,0,0,0,0,0,0,0,0,0,0,0,0,0.0452707393683613,0,0,0,0,0,0,0,0,0,0,0,0,0,0,0,0,0,0,0,0,0,0,0,0,0,0,0,0,0,0.0424413181578388,0,0,0,0,0.0452707393683613,0,0,0,0,0,0,0,0,0,0,0,0,0,0,0,0,0,0,0,0,0,0,0,0,0,0,0,0,0,0,0,0,0,0,0,0.00565884242104517,0,0,0,0,0.00282942121052258,0.0537590029999291,0,0,0,0,0,0,0,0,0,0,0,0,0,0,0,0,0,0,0,0,0,0,0,0,0,0,0,0,0,0,0,0,0,0,0,0,0,0,0,0,0,0,0,0,0.00282942121052258,0,0,0,0,0,0,0,0,0,0,0,0,0.00282942121052258,0,0,0,0,0,0,0,0,0,0,0,0,0,0,0,0,0,0.033953054526271,0,0,0,0,0,0,0,0,0.00565884242104517,0,0,0,0,0,0,0,0,0,0,0,0,0,0,0,0,0.00565884242104517,0,0.0537590029999291,0,0,0,0,0,0,0,0,0,0,0,0,0.00282942121052258,0,0,0,0,0,0,0,0,0,0.984780052322385,0,0,0,0,0,0,0,1.54517750076389,0,0,0,0,0,0,0,0,0,0,0,0,0,0,0,0,0,0,0,0,0,0,0,0,0,0,0,0,0,0,0,0,0,0,0,0,0,0,0,0,0,0,0.237671381683897,0,0,0,0,0,0,0,0,0.409765518469415,0,0,0,0,0,0,0,0,0,0,0,0,0,0,0,0,0,0,0,0,0,0,0,0,0,0,0,0,0,0,0,0,0,0,0,0,0,0,0,0,0,0,0,0,0,0,0,0,0,0,0.850709611164722,0,0,0,0.1320628838999,0,0,0,0,0,0,0,0,0,0,0,0,0,0,0,0.187924404101294,0,0,0,0,0,0,0,0,0,0,0,0,0,0,0,0,0,0.253284327047767,0,0,13.6217038913052,0,0,0,0,0,0,0,0,0,0,0,0,0,0,0.303749118750199,0,0,0,0,0,0,0,0.54947018315172,0,0,0,0,0,0,0.640211246681923,0,0.281988661853712,0,2.32348836286494,0,0,0,0,1.45655275046239,0,0,0,0,0,0,1.09133605511067,0,0,0,0,0,0,0,0,0,0,0,0,0,0,0,0,0,0,0,0,0,0,0,0,0,0,0,0,0,0,0,0,0,0,0,0,0.33008150619535,0,0,0,0,0,0,0,0.0239844558386228,0,0,0,0,0,0,0,0,0,0,0,0,0,0,0,0,0,0,0,0,0,0,0,0.225701375147013,0,0,0,0,0,0,0,0,0,0,0,0,0,0,0,0,0,0,0,0,0,0,0,0,0,0,0.0706637519428109,0,0,0,0,0,0,0,0,0,0,2.03803209793942,0,0,0,0,0,0,0,0,0,0,0,0,0,0,0.0376313020999504,0,0,0,0,0,0,0,0,0,0,0,0,0,0,0,0,0,0,0,0,0,0,0,0,0,0,0,0,0,0,0,0,0,0.0136985311808475,0,0,0,0,0,0,0,0,0,0,0,0,0,0,0,0,28.8305185668206,0,10.0365984688805,0,0,0,0,0,0,0,0,0,0,0.0198950752417895,0,0,0,5.71791600757345,0.86202317477554,0,0,0,0,0,0,0,0,0,0,0,0,0,0,0,0,0,0,0,0,3.35806836577831,0,0,0,0,0,0,0,0,0,0,0,0,0,0,0,0,0,0,0,0,0,0,0,0,0,0,0,0,0,0,0,0,0,0.291162524722035,0,0,0,0,0,0,0,0,0,0,0,0,0,0,0,0,0,0,0,0,0,0,0,0,0,0,0,0,0,0.115546434866005,0,0,0,0,0.144337992887994,0,0,0,0,0,0,0,0,0,0,0,0,0,0,0,0,0,0,0,0,0,0,0,0,0,0,0,0,0,0,0,0,0,0,0,0.00604817077961307,0,0,0,0,0.00627676278629307,0.176753096471172,0,0,0,0,0,0,0,0,0,0,0,0,0,0,0,0,0,0,0,0,0,0,0,0,0,0,0,0,0,0,0,0,0,0,0,0,0,0,0,0,0,0,0,0,0.514605515299309,0,0,0,0,0,0,0,0,0,0,0,0,0.951487946606965,0,0,0,0,0,0,0,0,0,0,0,0,0,0,0,0,0,0.303366081327181,0,0,0,0,0,0,0,0,0.60052088479525,0,0,0,0,0,0,0,0,0,0,0,0,0,0,0,0,0.0874498131244714,0,0.412246104488898,0,0,0,0,0,0,0,0,0,0,0,0,0.414044051346115,0,0,0,0,128.3780023,132.2515024,114.003602,126.8609022,148.1896027,171.035903,138.0112024,138.5426024,165.552303,145.4090025,161.1891028,"PAL-00501"
"681",8801,"nSPC",2015,"PRIAs","Pacific Remote Island Areas","Palmyra","Palmyra",2015,"ForereefDeep","Palmyra","2015-04-15","Forereef","Deep",5.86420183,-162.03498714,22.7,40,22.5,4,9,24.5,0,0,0,NA,0.5175,0.351339274139307,1.2,2,1,12.686654844844,55.9920834961147,9.03213388466064,11.1052179565367,88.816090182156,3.26384509230326,0,0,0,0,0,0,0,0,0,0,0,0,0,0,0,0,0.0113176848420903,0,0.00282942121052258,0,0,0,0,0,0,0.033953054526271,0,0,0,0,0.00282942121052258,0,0,0,0,0,0,0,0,0,0,0,0,0,0,0,0,0,0,0,0.00282942121052258,0,0,0,0,0,0.00282942121052258,0,0,0,0,0,0,0,0,0,0,0,0,0,0,0,0,0,0,0,0.00848826363156775,0,0,0,0,0,0,0,0,0,0,0,0,0,0,0,0,0,0,0,0,0,0,0,0,0,0,0,0,0,0,0,0,0,0,0,0,0,0,0,0.00565884242104517,0,0,0,0.00565884242104517,0,0,0,0,0.00282942121052258,0,0,0,0,0,0,0,0,0,0,0,0,0.15278874536822,0,0,0,0,0,0.00282942121052258,0,0,0,0,0,0,0,0,0,0,0,0,0,0,0,0,0,0,0,0,0,0,0,0,0,0.0113176848420903,0,0.359336493736368,0,0,0,0,0,0,0,0.00282942121052258,0,0,0,0.00565884242104517,0,0,0,0,0.00565884242104517,0,0.00282942121052258,0,0,0,0,0,0,0,0,0,0,0,0.0396118969473162,0,0,0,0,0.118835690841949,0,0,0,0,0,0,0,0,0,0,0,0,0,0,0,0,0,0,0,0,0,0,0,0,0,0,0,0,0.00848826363156775,0,0.0113176848420903,0.00282942121052258,0,0,0,0,0,0,0,0,0,0,0,0,0,0,0,0,0,0,0,0,0,0,0,0,0,0,0,0,0,0,0,0.00565884242104517,0,0,0,0,0,0,0,0,0,0,0,0,0,0,0,0,0,0,0,0,0,0,0,0,0,0,0.00848826363156775,0,0,0,0,0,0,0,0,0,0,0,0,0,0,0,0,0,0,0,0,0,0,0,0,0,0,0,0,0,0,0,0,0,0,0,0,0,0,0,0,0,0,0,0,0,0,0,0,0,0,0,0,0,0,0,0,0,0,0,0.00282942121052258,0,0,0,0.00282942121052258,0,0,0,0,0,0,0,0,0,0,0,0,0.00565884242104517,0,0,0,0,0,0,0,0,0,0,0,0,0,0,0,0,0.0481001605788839,0.0113176848420903,0.00565884242104517,0,0,0,0,0,0,0.104688584789336,0.00565884242104517,0,0,0,0,0,0,0,0,0,0,0,0,0,0,0,0,0,0,0,0,0,0.00565884242104517,0,0,0,0,0,0,0,0,0,0,0,0,0,0,0,0,0,0,0,0,0,0,0.00282942121052258,0,0,0,0,0,0,0.00282942121052258,0,0,0,0,0.00282942121052258,0,0,0,0,0,0,0,0,0,0,0,0.15278874536822,0,0,0,0,0,0,0,0,0,0,0,0.033953054526271,0,0,0,0,0,0,0,0,0,0,0,0,0,0,0,0.00282942121052258,0,0,0,0,0,0,0,0,0,0,0,0,0,0,0,0,0,0,0,0,0,0,0,0,0.00282942121052258,0.0848826363156775,0,0,0,0,0,0,0,0,0,0,0,0,0,0,0.0396118969473162,0,0,0,0,0,0,0,0,0,0,0,0,0,0,0,0,0,0,0.00282942121052258,0,0,0,0,0,0,0,0.00282942121052258,0,0,0,0,0,0,0.00282942121052258,0,0,0,0,0,0,0,0,0.00565884242104517,0,0,0,0,0,0,0,0,0,0,0,0,0,0,0,0,0,0,0,0,0,0,0,0,0,0,0,0,0,0,0,0,0,0,0,0,0,0.0282942121052258,0,0,0,0,0,0,0,0,0,0,0,0,0,0,0,0,0,0,0,0,0.00565884242104517,0,0,0,0,0,0,0,0,0,0,0,0,0,0,0,0,0,0,0,0,1.05462381149661,0,0.361348519144622,0,0,0,0,0,0,1.83125969352715,0,0,0,0,0.39838250644158,0,0,0,0,0,0,0,0,0,0,0,0,0,0,0,0,0,0,0,0.0553596065787217,0,0,0,0,0,0.410696147549774,0,0,0,0,0,0,0,0,0,0,0,0,0,0,0,0,0,0,0,0.818890641863293,0,0,0,0,0,0,0,0,0,0,0,0,0,0,0,0,0,0,0,0,0,0,0,0,0,0,0,0,0,0,0,0,0,0,0,0,0,0,0,3.22280520630863,0,0,0,0.0599594536876566,0,0,0,0,0.00804255019459387,0,0,0,0,0,0,0,0,0,0,0,0,0.303530121548505,0,0,0,0,0,0.243078675390366,0,0,0,0,0,0,0,0,0,0,0,0,0,0,0,0,0,0,0,0,0,0,0,0,0,0.434803207853057,0,1.4266937699721,0,0,0,0,0,0,0,0.27473509157586,0,0,0,0.0839086681378492,0,0,0,0,0.281988661853712,0,0.66611874338277,0,0,0,0,0,0,0,0,0,0,0,0.109936595250613,0,0,0,0,1.58379863654392,0,0,0,0,0,0,0,0,0,0,0,0,0,0,0,0,0,0,0,0,0,0,0,0,0,0,0,0,0.776590474280154,0,1.44142616236517,0.33008150619535,0,0,0,0,0,0,0,0,0,0,0,0,0,0,0,0,0,0,0,0,0,0,0,0,0,0,0,0,0,0,0,0.412948094912985,0,0,0,0,0,0,0,0,0,0,0,0,0,0,0,0,0,0,0,0,0,0,0,0,0,0,0.154362342424615,0,0,0,0,0,0,0,0,0,0,0,0,0,0,0,0,0,0,0,0,0,0,0,0,0,0,0,0,0,0,0,0,0,0,0,0,0,0,0,0,0,0,0,0,0,0,0,0,0,0,0,0,0,0,0,0,0,0,0,0.0136985311808475,0,0,0,0.00785111761276115,0,0,0,0,0,0,0,0,0,0,0,0,8.5869258393151,0,0,0,0,0,0,0,0,0,0,0,0,0,0,0,0,12.0007696197466,1.73621631499323,5.48118702830171,0,0,0,0,0,0,13.0918447331625,0.852028248329546,0,0,0,0,0,0,0,0,0,0,0,0,0,0,0,0,0,0,0,0,0,8.40693441279456,0,0,0,0,0,0,0,0,0,0,0,0,0,0,0,0,0,0,0,0,0,0,0.382311393965811,0,0,0,0,0,0,0.0839162577047264,0,0,0,0,0.245816445914901,0,0,0,0,0,0,0,0,0,0,0,12.0421671971925,0,0,0,0,0,0,0,0,0,0,0,0.15263526838556,0,0,0,0,0,0,0,0,0,0,0,0,0,0,0,0.831523886570187,0,0,0,0,0,0,0,0,0,0,0,0,0,0,0,0,0,0,0,0,0,0,0,0,0.0181534692942321,0.254796955946887,0,0,0,0,0,0,0,0,0,0,0,0,0,0,4.08617315197979,0,0,0,0,0,0,0,0,0,0,0,0,0,0,0,0,0,0,0.529667650609828,0,0,0,0,0,0,0,0.738106651843045,0,0,0,0,0,0,0.895138329530609,0,0,0,0,0,0,0,0,0.964481367546832,0,0,0,0,0,0,0,0,0,0,0,0,0,0,0,0,0,0,0,0,0,0,0,0,0,0,0,0,0,0,0,0,0,0,0,0,0,0.00215036011999716,0,0,0,0,0,0,0,0,0,0,0,0,0,0,0,0,0,0,0,0,0.666227061634587,0,0,0,0,35.57270065,38.26460069,35.15070062,29.92080049,38.54850069,37.39010067,42.22180073,43.44440077,41.87080076,46.66630083,26.85000046,"PAL-00455"
"682",8802,"nSPC",2015,"PRIAs","Pacific Remote Island Areas","Palmyra","Palmyra",2015,"ForereefShallow","Palmyra","2015-04-15","Forereef","Shallow",5.86671665,-162.04380817,5,25,20,4,20,27.5,3,0,0.5,NA,0.4525,0.297425987637578,1.05,2,1,4.77899646089104,2.34851043076941,13.7129847385972,5.07227308511335,25.912764715371,5.06133989675117,0,0,0,0,0,0,0,0,0,0,0,0,0,0,0,0,0.0367824757367936,0,0,0,0,0,0,0,0,0,0,0,0,0,0,0,0,0,0,0,0,0,0,0,0,0,0,0,0,0,0,0,0,0,0,0,0,0,0,0,0,0,0,0,0,0,0,0,0,0,0,0,0,0,0,0,0,0,0,0,0.00565884242104517,0,0,0,0,0.00282942121052258,0,0,0,0,0,0,0,0,0,0,0,0,0,0,0,0,0,0,0,0,0,0,0,0,0,0,0,0,0,0,0,0,0,0,0.00565884242104517,0,0,0,0.0141471060526129,0,0,0,0,0,0,0,0,0,0,0,0,0,0,0,0.00282942121052258,0,0,0,0,0,0,0,0,0,0,0,0,0,0,0,0,0,0.00282942121052258,0,0,0.00282942121052258,0,0,0,0,0,0,0,0,0,0,0,0,0.00565884242104517,0.00282942121052258,0,0,0,0.00282942121052258,0,0,0,0,0.00282942121052258,0,0,0,0,0,0,0,0,0,0,0.00848826363156775,0,0,0,0,0.00282942121052258,0,0,0,0,0,0,0.0113176848420903,0,0,0,0,0.00282942121052258,0,0,0,0,0,0,0,0,0,0,0,0,0,0,0,0,0,0,0,0,0,0,0,0,0,0,0,0,0,0,0,0.0141471060526129,0,0.0396118969473162,0,0,0,0,0,0,0,0,0,0,0,0,0,0,0,0,0,0,0,0,0,0,0,0,0,0,0,0,0,0.00565884242104517,0,0,0,0,0,0,0,0,0,0,0,0,0,0,0,0,0,0,0,0,0,0,0,0,0,0,0.00565884242104517,0,0,0,0,0,0,0,0,0,0,0,0,0,0,0,0,0,0,0,0.00282942121052258,0,0,0,0,0,0,0,0,0,0,0,0,0,0,0.00282942121052258,0,0,0,0,0,0,0,0,0,0,0,0,0,0,0,0,0,0,0,0,0,0,0,0,0.00565884242104517,0,0,0,0,0,0,0,0,0,0,0,0,0,0,0,0,0.00848826363156775,0,0,0,0,0,0,0,0,0,0,0,0,0.00282942121052258,0,0,0,0.0113176848420903,0.00282942121052258,0,0,0,0,0,0,0,0,0,0,0,0.00282942121052258,0,0,0,0,0,0,0,0,0,0,0,0,0,0,0,0,0,0,0,0,0,0,0,0,0,0,0,0,0,0,0,0,0,0,0,0,0,0,0,0,0,0,0.00565884242104517,0,0,0,0,0,0.00282942121052258,0.00565884242104517,0,0,0,0,0,0,0,0,0,0,0,0,0,0,0,0,0,0,0,0,0,0,0.0735649514735872,0,0,0,0,0.0198059484736581,0,0,0,0,0,0.0113176848420903,0,0,0,0,0,0,0,0,0,0,0,0,0,0,0,0,0,0,0,0,0,0,0,0,0,0,0,0,0,0,0,0,0,0,0,0,0,0,0,0,0,0,0,0,0,0,0,0,0,0,0,0,0,0,0,0,0,0,0,0,0,0,0,0,0,0,0,0,0,0,0,0,0,0,0,0,0,0,0,0,0,0,0,0,0,0,0,0,0.00282942121052258,0,0,0,0,0,0,0,0,0,0,0,0,0,0,0,0,0,0,0,0,0,0,0.0226353696841807,0,0,0.00282942121052258,0,0,0,0,0,0,0,0,0,0,0,0,0,0,0,0,0.0198059484736581,0,0,0,0,0,0,0,0.147129902947174,0,0,0,0,0,0,0,0,0,0,0,0,0,0,0,0,0,0,0,0,0,0,0,0,0,0,0,0,0,0,0,0,0,2.87247379538481,0,0,0,0,0,0,0,0,0,0,0,0,0,0,0,0,0,0,0,0,0,0,0,0,0,0,0,0,0,0,0,0,0,0,0,0,0,0,0,0,0,0,0,0,0,0,0,0,0,0,0,0,0,0,0,0,0,0,0,0.506593494832668,0,0,0,0,0.00669024453210871,0,0,0,0,0,0,0,0,0,0,0,0,0,0,0,0,0,0,0,0,0,0,0,0,0,0,0,0,0,0,0,0,0,0,1.08339055589978,0,0,0,0.0886844874416225,0,0,0,0,0,0,0,0,0,0,0,0,0,0,0,0.0877238271159633,0,0,0,0,0,0,0,0,0,0,0,0,0,0,0,0,0,0.308604317414092,0,0,2.38066598782044,0,0,0,0,0,0,0,0,0,0,0,0,0.281988661853712,0.223531678154915,0,0,0,0.223531678154915,0,0,0,0,0.27473509157586,0,0,0,0,0,0,0,0,0,0,2.02173014027384,0,0,0,0,0.267016246208585,0,0,0,0,0,0,0.00788389926100013,0,0,0,0,0.0250328161400584,0,0,0,0,0,0,0,0,0,0,0,0,0,0,0,0,0,0,0,0,0,0,0,0,0,0,0,0,0,0,0,1.66476035012377,0,3.43483431669971,0,0,0,0,0,0,0,0,0,0,0,0,0,0,0,0,0,0,0,0,0,0,0,0,0,0,0,0,0,0.412948094912985,0,0,0,0,0,0,0,0,0,0,0,0,0,0,0,0,0,0,0,0,0,0,0,0,0,0,0.216570416436694,0,0,0,0,0,0,0,0,0,0,0,0,0,0,0,0,0,0,0,0.135141328524186,0,0,0,0,0,0,0,0,0,0,0,0,0,0,0.282170254946028,0,0,0,0,0,0,0,0,0,0,0,0,0,0,0,0,0,0,0,0,0,0,0,0,0.027397062361695,0,0,0,0,0,0,0,0,0,0,0,0,0,0,0,0,3.05540312153905,0,0,0,0,0,0,0,0,0,0,0,0,0.058003134815713,0,0,0,2.01820097173471,0.312297147030625,0,0,0,0,0,0,0,0,0,0,0,0.269602090424063,0,0,0,0,0,0,0,0,0,0,0,0,0,0,0,0,0,0,0,0,0,0,0,0,0,0,0,0,0,0,0,0,0,0,0,0,0,0,0,0,0,0,0.0620352706152356,0,0,0,0,0,0.0839162577047264,0.468562698631523,0,0,0,0,0,0,0,0,0,0,0,0,0,0,0,0,0,0,0,0,0,0,0.517238329443604,0,0,0,0,0.101113354937098,0,0,0,0,0,0.0467119581405779,0,0,0,0,0,0,0,0,0,0,0,0,0,0,0,0,0,0,0,0,0,0,0,0,0,0,0,0,0,0,0,0,0,0,0,0,0,0,0,0,0,0,0,0,0,0,0,0,0,0,0,0,0,0,0,0,0,0,0,0,0,0,0,0,0,0,0,0,0,0,0,0,0,0,0,0,0,0,0,0,0,0,0,0,0,0,0,0,0.658943768656901,0,0,0,0,0,0,0,0,0,0,0,0,0,0,0,0,0,0,0,0,0,0,0.213700709442296,0,0,0.018182077582592,0,0,0,0,0,0,0,0,0,0,0,0,0,0,0,0,0.0211004086774722,0,0,0,0,0,0,0,1.17365466992537,0,0,0,0,0,0,0,0,0,0,0,0,0,0,0,0,0,0,0,0,0,0,0,0,0,0,0,0,"PAL-00529"
"683",8803,"nSPC",2015,"PRIAs","Pacific Remote Island Areas","Palmyra","Palmyra",2015,"ForereefDeep","Palmyra","2015-04-15","Forereef","Deep",5.87271156,-162.00011021,19.55,32.5,22.5,2,7.5,35,0.5,0,0,NA,0.67875,0.472039237073271,1.65,2,1,72.976528581887,100.830732737211,15.4438695994046,25.8839643799209,215.135095298424,10.8310659177107,0,0,0,0,0,0,0,0,0,0,0,0,0,0,0,0,0.0113176848420903,0,0,0,0,0,0,0,0,0,0,0,0,0,0,0,0,0,0,0,0,0,0,0,0,0,0,0,0,0,0,0,0,0,0,0,0,0,0,0,0.00282942121052258,0,0,0,0,0,0,0,0,0,0,0,0,0,0,0,0,0,0,0,0.00848826363156775,0,0,0,0,0,0,0.00565884242104517,0,0,0.00282942121052258,0,0,0,0,0,0,0,0,0,0,0,0,0,0,0,0,0,0,0,0.00282942121052258,0,0,0,0,0.00848826363156775,0,0,0,0,0.00565884242104517,0,0,0,0.0141471060526129,0,0,0,0,0.0226353696841807,0,0,0,0,0,0,0,0,0,0,0.00282942121052258,0,0.0282942121052258,0,0,0,0,0,0,0.00282942121052258,0,0,0,0,0,0,0,0,0,0,0,0,0,0,0,0,0,0,0,0,0,0,0,0,0.00848826363156775,0.0113176848420903,0.268795014999645,0.00282942121052258,0,0,0,0,0,0,0.00565884242104517,0,0,0,0,0,0,0.00565884242104517,0,0.00848826363156775,0,0.00848826363156775,0,0,0,0,0,0,0,0,0,0.00848826363156775,0,0.311236333157484,0,0,0,0,0.183912378683968,0,0,0,0,0,0,0,0,0,0,0,0,0,0,0,0,0,0,0.00565884242104517,0,0,0,0,0,0,0,0,0,0.0169765272631355,0,0.00282942121052258,0.0282942121052258,0,0,0,0,0,0,0,0,0,0,0,0,0,0,0,0,0,0,0,0,0,0,0,0,0,0,0,0,0,0,0,0.00282942121052258,0,0,0,0,0,0,0,0,0,0,0.00282942121052258,0,0,0,0,0,0.00848826363156775,0,0,0,0,0,0,0,0,0,0.00282942121052258,0,0,0,0,0,0,0,0,0,0,0,0,0,0,0,0,0,0,0,0.00282942121052258,0,0,0,0,0,0,0,0,0,0,0,0,0,0,0,0,0,0,0,0,0,0,0,0,0,0,0,0,0,0,0,0,0,0,0,0,0,0,0,0.00848826363156775,0,0,0,0.00848826363156775,0,0,0,0,0,0,0,0,0,0,0.0169765272631355,0,0.0311236333157484,0,0.00565884242104517,0,0,0,0,0,0,0,0,0,0,0,0,0,0,0.00565884242104517,0.00848826363156775,0.00282942121052258,0,0,0,0,0,0.00565884242104517,0,0.0141471060526129,0,0,0,0,0,0.0169765272631355,0,0,0,0,0,0.00565884242104517,0,0.00565884242104517,0,0,0,0,0,0,0,0.00282942121052258,0,0,0,0,0,0,0,0,0,0,0,0,0,0,0,0,0,0,0,0,0,0,0,0.033953054526271,0,0,0,0,0,0,0,0,0,0,0,0,0,0,0,0,0,0,0,0,0,0,0.0537590029999291,0,0,0,0,0,0,0.0565884242104517,0,0,0,0,0.067906109052542,0,0,0,0,0,0,0,0,0,0,0,0,0,0,0,0.00282942121052258,0,0,0,0,0,0,0,0,0,0,0,0,0,0,0,0,0,0.00565884242104517,0,0.0141471060526129,0,0,0,0,0.0509295817894065,0.254647908947033,0,0,0,0.0226353696841807,0,0,0,0,0,0,0,0.495148711841452,0,0,0.268795014999645,0,0,0,0,0,0,0,0,0,0,0,0,0,0,0,0,0,0.00282942121052258,0,0,0,0,0,0,0,0,0,0,0,0,0,0,0,0,0,0,0,0,0,0,0,0,0.00282942121052258,0,0,0,0,0,0,0,0,0,0,0,0,0,0,0,0,0,0.0226353696841807,0,0,0,0,0,0,0,0,0,0,0,0,0,0,0,0,0,0,0,0.113176848420903,0,0,0,0,0,0,0,0,0,0,0,0,0,0,0,0,0,0,0,0,0,0,0,0,0,0,0,0,0,0,0,0,0,0,0,0,0,0,0,0,0,0.710616510071073,0,0,0,0,0,0,0,0,0,0,0,0,0,0,0,0,0,0,0,0,0,0,0,0,0,0,0,0,0,0,0,0,0,0,0,0,0,0,0,0.973501979377242,0,0,0,0,0,0,0,0,0,0,0,0,0,0,0,0,0,0,0,0.781276413801598,0,0,0,0,0,0,0.316215752849083,0,0,0.453881859319369,0,0,0,0,0,0,0,0,0,0,0,0,0,0,0,0,0,0,0,0.158766764997638,0,0,0,0,1.82737575596947,0,0,0,0,1.4151417216606,0,0,0,0.0835744053016268,0,0,0,0,0.0153963647941441,0,0,0,0,0,0,0,0,0,0,0.109917918403555,0,0.0197097481525003,0,0,0,0,0,0,0.26855490359679,0,0,0,0,0,0,0,0,0,0,0,0,0,0,0,0,0,0,0,0,0,0,0,0,0.363738954483632,0.96231586238442,0.359520406115052,7.84834293508884,0,0,0,0,0,0,0.281988661853712,0,0,0,0,0,0,0.163500585259839,0,0.728581475565825,0,2.3380710795572,0,0,0,0,0,0,0,0,0,0.197814201732403,0,0.18906758412954,0,0,0,0,0.807254055861799,0,0,0,0,0,0,0,0,0,0,0,0,0,0,0,0,0,0,1.51791662079466,0,0,0,0,0,0,0,0,0,0.663123774544224,0,0.0628347374713873,1.60541895450504,0,0,0,0,0,0,0,0,0,0,0,0,0,0,0,0,0,0,0,0,0,0,0,0,0,0,0,0,0,0,0,0.187246719765972,0,0,0,0,0,0,0,0,0,0,1.63899352131783,0,0,0,0,0,0.233108939981929,0,0,0,0,0,0,0,0,0,0.0706637519428109,0,0,0,0,0,0,0,0,0,0,0,0,0,0,0,0,0,0,0,0.164690365394844,0,0,0,0,0,0,0,0,0,0,0,0,0,0,0,0,0,0,0,0,0,0,0,0,0,0,0,0,0,0,0,0,0,0,0,0,0,0,0,0.0148990453305558,0,0,0,0.00399373354056837,0,0,0,0,0,0,0,0,0,0,25.0113543018185,0,43.8276191393093,0,2.46358361095735,0,0,0,0,0,0,0,0,0,0,0,0,0,0,1.52162702653006,1.19756641791073,2.3079083331299,0,0,0,0,0,2.44361677091364,0,2.53102437544001,0,0,0,0,0,1.83898726386827,0,0,0,0,0,9.29480364674964,0,8.71637864546885,0,0,0,0,0,0,0,2.50805857274212,0,0,0,0,0,0,0,0,0,0,0,0,0,0,0,0,0,0,0,0,0,0,0,0.148956778422215,0,0,0,0,0,0,0,0,0,0,0,0,0,0,0,0,0,0,0,0,0,0,4.74756507292974,0,0,0,0,0,0,0.139851804083553,0,0,0,0,0.135588611781918,0,0,0,0,0,0,0,0,0,0,0,0,0,0,0,0.455432692193589,0,0,0,0,0,0,0,0,0,0,0,0,0,0,0,0,0,12.2709734244186,0,0.00987552885108697,0,0,0,0,0.082571000181695,0.420388617583947,0,0,0,0.0248283940185314,0,0,0,0,0,0,0,47.2435833515846,0,0,16.2519690795449,0,0,0,0,0,0,0,0,0,0,0,0,0,0,0,0,0,1.13400635428448,0,0,0,0,0,0,0,0,0,0,0,0,0,0,0,0,0,0,0,0,0,0,0,0,0.644651903064651,0,0,0,0,0,0,0,0,0,0,0,0,0,0,0,0,0,0.115505752098031,0,0,0,0,0,0,0,0,0,0,0,0,0,0,0,0,0,0,0,0.109802763627355,0,0,0,0,0,0,0,0,0,0,0,0,0,0,0,0,0,0,0,0,0,0,0,0,0,170.420503,179.9441031,152.9166026,172.000403,168.465403,198.7491035,167.1529029,171.7278031,204.4714037,167.1160029,185.5131032,"PAL-00466"
"684",8804,"nSPC",2015,"PRIAs","Pacific Remote Island Areas","Palmyra","Palmyra",2015,"ForereefMid","Palmyra","2015-04-15","Forereef","Mid",5.87536301,-162.01011728,8.65,47,2.5,1.5,13,36,0,0,0,NA,0.12125,0.0621339276783928,0.45,2,1,1.6691327490146,10.1497337052244,1.70118695370634,4.92459459965313,18.4446480075984,0.580178375596695,0,0,0,0,0,0.00282942121052258,0,0,0,0,0,0,0,0,0,0,0,0,0,0,0,0,0,0,0,0,0,0,0,0,0,0,0,0,0,0,0,0,0,0,0,0,0,0,0,0,0,0,0,0,0,0,0,0,0,0,0,0,0,0,0,0,0,0,0,0,0,0,0,0,0,0,0,0,0,0,0,0,0,0,0,0,0,0,0,0,0,0,0,0,0,0,0,0,0,0,0,0,0,0,0,0,0,0,0,0,0,0,0,0,0,0,0,0,0,0,0.00848826363156775,0,0,0,0.0113176848420903,0,0,0,0,0,0,0,0,0,0,0,0,0,0,0,0,0,0,0,0,0,0,0,0,0,0,0,0,0,0,0,0,0,0,0,0,0,0,0,0,0,0,0,0,0,0,0,0,0,0,0,0,0,0,0,0,0,0,0,0.00565884242104517,0,0,0,0,0,0,0.00565884242104517,0,0,0,0.00282942121052258,0,0,0,0,0.00282942121052258,0,0,0,0,0,0,0.481001605788839,0,0,0,0,0,0,0,0,0,0,0,0,0,0.0113176848420903,0,0,0,0,0,0,0,0,0,0,0,0,0,0,0,0,0,0,0,0.0226353696841807,0,0,0,0,0,0,0,0,0,0,0,0,0,0,0,0,0,0,0,0,0,0,0,0,0,0,0,0,0,0,0,0,0,0,0,0,0,0,0,0,0,0,0,0,0,0.00282942121052258,0,0,0,0,0,0,0,0,0,0,0,0,0,0,0,0,0,0,0,0,0,0,0,0,0,0,0,0,0,0,0,0,0,0,0,0,0,0,0,0,0,0,0,0,0,0,0,0,0,0,0,0,0,0,0,0,0,0,0,0,0,0,0,0,0,0,0,0,0,0,0,0,0,0,0,0,0,0,0,0,0,0,0,0,0,0,0,0,0,0,0,0,0,0,0,0,0,0,0,0,0,0,0,0,0,0,0,0,0,0.0396118969473162,0.00282942121052258,0,0,0,0,0,0,0,0,0,0,0,0,0,0,0,0,0,0,0,0,0,0,0,0,0,0,0,0,0,0,0,0,0,0,0,0,0,0,0,0,0,0,0,0,0,0,0,0,0,0,0,0,0,0,0.0367824757367936,0,0,0,0,0,0.00282942121052258,0,0,0,0,0,0,0,0,0,0,0,0,0,0,0,0,0,0,0,0,0,0,0,0.0198059484736581,0,0,0,0.00282942121052258,0.033953054526271,0,0,0,0,0,0.0622472666314969,0,0,0,0,0,0,0,0,0,0,0,0,0,0,0,0,0,0,0,0,0,0,0,0,0,0,0,0,0,0,0,0,0,0,0,0,0,0,0,0,0,0,0,0,0,0,0,0,0,0,0,0,0,0,0,0,0,0,0,0,0,0,0,0,0,0,0,0,0,0,0,0,0,0,0,0,0,0,0,0,0,0,0,0,0,0,0,0,0,0,0,0,0,0,0,0,0,0,0,0,0,0,0,0,0,0,0,0,0,0,0,0.00282942121052258,0,0,0,0,0,0,0,0,0,0,0,0,0,0,0,0,0,0,0,0.147129902947174,0,0,0,0,0,0.00282942121052258,0,0.203718327157626,0,0,0,0,0,0,0,0,0,0,0,0,0.00282942121052258,0,0,0,0,0,0,0,0,0,0.412529612494193,0,0,0,0,0,0,0,0,0,0,0,0,0,0,0,0,0,0,0,0,0,0,0,0,0,0,0,0,0,0,0,0,0,0,0,0,0,0,0,0,0,0,0,0,0,0,0,0,0,0,0,0,0,0,0,0,0,0,0,0,0,0,0,0,0,0,0,0,0,0,0,0,0,0,0,0,0,0,0,0,0,0,0,0,0,0,0,0,0,0,0,0,0,0,0,0,0,0,0,0,0,0,0,0,0,0,0,0,0,0,1.31370606569926,0,0,0,0.017224800080845,0,0,0,0,0,0,0,0,0,0,0,0,0,0,0,0,0,0,0,0,0,0,0,0,0,0,0,0,0,0,0,0,0,0,0,0,0,0,0,0,0,0,0,0,0,0,0,0,0,0,0,0,0,0,0,0,0,0,0,0.79881527712458,0,0,0,0,0,0,0.217401603926528,0,0,0,0.580178375596695,0,0,0,0,0.766886358194644,0,0,0,0,0,0,0.524133302722046,0,0,0,0,0,0,0,0,0,0,0,0,0,0.0234487526777128,0,0,0,0,0,0,0,0,0,0,0,0,0,0,0,0,0,0,0,0.201687328453472,0,0,0,0,0,0,0,0,0,0,0,0,0,0,0,0,0,0,0,0,0,0,0,0,0,0,0,0,0,0,0,0,0,0,0,0,0,0,0,0,0,0,0,0,0,0.324409048007724,0,0,0,0,0,0,0,0,0,0,0,0,0,0,0,0,0,0,0,0,0,0,0,0,0,0,0,0,0,0,0,0,0,0,0,0,0,0,0,0,0,0,0,0,0,0,0,0,0,0,0,0,0,0,0,0,0,0,0,0,0,0,0,0,0,0,0,0,0,0,0,0,0,0,0,0,0,0,0,0,0,0,0,0,0,0,0,0,0,0,0,0,0,0,0,0,0,0,0,0,0,0,0,0,0,0,0,0,0,9.31086831943923,0.387383452121338,0,0,0,0,0,0,0,0,0,0,0,0,0,0,0,0,0,0,0,0,0,0,0,0,0,0,0,0,0,0,0,0,0,0,0,0,0,0,0,0,0,0,0,0,0,0,0,0,0,0,0,0,0,0,0.120227995908953,0,0,0,0,0,0.0310176353076178,0,0,0,0,0,0,0,0,0,0,0,0,0,0,0,0,0,0,0,0,0,0,0,0.0612281936545219,0,0,0,0.00332952533180386,0.0517730660784721,0,0,0,0,0,0.096597918341612,0,0,0,0,0,0,0,0,0,0,0,0,0,0,0,0,0,0,0,0,0,0,0,0,0,0,0,0,0,0,0,0,0,0,0,0,0,0,0,0,0,0,0,0,0,0,0,0,0,0,0,0,0,0,0,0,0,0,0,0,0,0,0,0,0,0,0,0,0,0,0,0,0,0,0,0,0,0,0,0,0,0,0,0,0,0,0,0,0,0,0,0,0,0,0,0,0,0,0,0,0,0,0,0,0,0,0,0,0,0,0,0.00558546661818937,0,0,0,0,0,0,0,0,0,0,0,0,0,0,0,0,0,0,0,0.314732083063085,0,0,0,0,0,0.0284153129042111,0,2.43902446250558,0,0,0,0,0,0,0,0,0,0,0,0,0.414044051346115,0,0,0,0,143.4496025,153.2104027,131.0634022,149.8498026,139.4579025,174.159503,137.3017023,138.5276025,180.0171032,136.0194024,167.1382029,"PAL-00511"
"685",8805,"nSPC",2015,"PRIAs","Pacific Remote Island Areas","Palmyra","Palmyra",2015,"ForereefDeep","Palmyra","2015-04-15","Forereef","Deep",5.8749973,-162.00065369,23.3,22,30.5,3.5,6,35.5,2.5,0,0,NA,0.72,0.426310568760968,1.7,2,1,19.3751630149001,13.3844751753252,9.38580119996637,9.20569210709213,51.3511314972838,5.50717367162436,0,0,0,0,0,0,0,0,0,0,0,0,0,0,0,0,0.0113176848420903,0,0,0,0,0,0,0,0,0,0,0.00282942121052258,0,0,0,0,0,0,0,0,0,0,0,0,0,0,0,0,0,0,0,0,0,0,0,0,0,0,0,0,0.00282942121052258,0,0,0,0,0,0,0,0,0.00282942121052258,0,0,0,0,0,0,0,0,0,0,0.0113176848420903,0,0,0,0,0,0,0,0,0,0.00282942121052258,0,0,0,0,0,0,0,0,0,0,0,0,0,0.00282942121052258,0,0,0,0,0,0,0,0,0,0,0,0,0,0,0,0.00848826363156775,0,0,0,0.00565884242104517,0,0,0,0,0.00565884242104517,0,0,0,0,0,0,0,0,0,0,0.00565884242104517,0,0.0282942121052258,0,0,0,0,0,0,0,0,0,0,0,0,0,0,0,0,0,0,0,0,0,0,0,0,0,0,0,0,0,0,0,0.00565884242104517,0,0.693208196578033,0.00282942121052258,0,0,0,0,0,0,0.00282942121052258,0,0,0,0.00282942121052258,0,0,0,0,0.00282942121052258,0,0.00848826363156775,0,0,0,0,0,0,0,0,0,0,0.00848826363156775,0,0,0,0,0,0.141471060526129,0,0,0,0,0,0,0,0,0,0,0,0,0,0,0,0,0,0,0,0,0,0,0,0,0,0,0,0,0.0141471060526129,0,0.00282942121052258,0.00282942121052258,0,0,0,0,0,0,0,0,0,0,0,0,0,0,0,0,0,0,0,0,0,0,0,0,0,0,0,0,0,0,0,0.00848826363156775,0,0,0,0,0,0,0,0,0,0,0,0,0,0,0,0,0,0,0,0,0,0,0,0,0,0,0,0,0.00282942121052258,0,0,0,0,0,0,0,0,0,0,0,0,0,0,0,0,0,0.00282942121052258,0,0,0,0,0,0,0,0,0,0,0,0,0.00565884242104517,0,0,0,0,0,0,0,0,0,0,0,0,0,0,0,0,0,0,0,0,0,0,0,0,0,0,0.00848826363156775,0,0,0,0,0,0,0,0,0,0,0,0,0,0,0,0,0.0226353696841807,0,0.00282942121052258,0,0.00282942121052258,0,0,0,0,0,0,0,0,0,0,0,0,0,0.00848826363156775,0.00282942121052258,0,0,0,0,0,0.0141471060526129,0,0.0141471060526129,0,0,0,0,0,0.00848826363156775,0,0,0,0,0,0,0,0,0,0,0,0,0,0,0,0,0,0,0,0,0,0,0,0,0,0,0,0,0,0,0,0,0,0,0.00282942121052258,0,0,0,0,0.00282942121052258,0,0,0,0,0,0,0,0,0,0,0,0,0,0,0,0,0,0,0,0,0,0,0.0452707393683613,0,0,0,0,0,0,0.0141471060526129,0,0,0,0,0.033953054526271,0,0,0,0,0,0,0,0,0,0,0,0,0,0,0,0.00565884242104517,0,0,0,0,0,0,0,0,0,0,0,0,0,0,0,0,0.00282942121052258,0,0,0.0169765272631355,0,0,0,0.00282942121052258,0.0198059484736581,0.104688584789336,0,0,0,0,0,0,0,0,0,0,0,0,0,0,0,0,0,0,0,0,0,0,0,0,0,0,0,0,0,0,0,0,0.00282942121052258,0,0,0,0,0,0,0,0,0,0,0,0,0,0,0,0,0,0,0,0,0,0,0,0,0.00282942121052258,0,0,0,0,0,0,0,0,0,0,0,0,0,0,0,0,0,0,0,0,0,0,0,0,0,0,0,0,0,0,0,0,0,0,0,0,0,0,0,0,0,0,0,0.00282942121052258,0,0,0,0,0,0,0,0,0,0,0,0,0,0,0.00848826363156775,0,0,0,0,0,0,0,0,0,0,0,0,0,0,0,0,0,0,0,0,0.832941245498611,0,0,0,0,0,0,0,0,0,0,1.54987772525226,0,0,0,0,0,0,0,0,0,0,0,0,0,0,0,0,0,0,0,0,0,0,0,0,0,0,0,0,0.316340609021267,0,0,0,0,0,0,0,0,0.129980258696445,0,0,0,0,0,0,0,0,0,0,0.614355886830211,0,0,0,0,0,0,0,0,0,0.453881859319369,0,0,0,0,0,0,0,0,0,0,0,0,0,0.49283255281021,0,0,0,0,0,0,0,0,0,0,0,0,0,0,0,2.67065089169299,0,0,0,0.0340277190186907,0,0,0,0,0.00861240004042249,0,0,0,0,0,0,0,0,0,0,0.107650347147764,0,0.0197097481525003,0,0,0,0,0,0,0,0,0,0,0,0,0,0,0,0,0,0,0,0,0,0,0,0,0,0,0,0,0,0,0,0.163500585259839,0,0.894968564257977,3.56152266133684,0,0,0,0,0,0,0.179111292414106,0,0,0,0.0419543340689246,0,0,0,0,0.179111292414106,0,1.84388014208751,0,0,0,0,0,0,0,0,0,0,0.403741261460114,0,0,0,0,0,0.343695542696767,0,0,0,0,0,0,0,0,0,0,0,0,0,0,0,0,0,0,0,0,0,0,0,0,0,0,0,0,0.542648189647558,0,0.194259936821447,0.393081010859707,0,0,0,0,0,0,0,0,0,0,0,0,0,0,0,0,0,0,0,0,0,0,0,0,0,0,0,0,0,0,0,0.941534041196302,0,0,0,0,0,0,0,0,0,0,0,0,0,0,0,0,0,0,0,0,0,0,0,0,0,0,0,0,0.300509456718873,0,0,0,0,0,0,0,0,0,0,0,0,0,0,0,0,0,0.0682112336509005,0,0,0,0,0,0,0,0,0,0,0,0,1.73669886210218,0,0,0,0,0,0,0,0,0,0,0,0,0,0,0,0,0,0,0,0,0,0,0,0,0,0,0.0378387065914083,0,0,0,0,0,0,0,0,0,0,0,0,0,0,0,0,14.7281413008387,0,0.706894436750569,0,0.970468908277384,0,0,0,0,0,0,0,0,0,0,0,0,0,0.323179301203311,1.33019287730988,0,0,0,0,0,4.13846907144842,0,2.31694792214944,0,0,0,0,0,0.449259159775661,0,0,0,0,0,0,0,0,0,0,0,0,0,0,0,0,0,0,0,0,0,0,0,0,0,0,0,0,0,0,0,0,0,0,0.281401501203129,0,0,0,0,0.0126222754078381,0,0,0,0,0,0,0,0,0,0,0,0,0,0,0,0,0,0,0,0,0,0,3.34798168522838,0,0,0,0,0,0,0.0390191520757336,0,0,0,0,0.11761180018385,0,0,0,0,0,0,0,0,0,0,0,0,0,0,0,0.855498138371187,0,0,0,0,0,0,0,0,0,0,0,0,0,0,0,0,0.00393802437649024,0,0,0.0325089179404203,0,0,0,0.23758515387886,0.0851121261196084,0.13674461951387,0,0,0,0,0,0,0,0,0,0,0,0,0,0,0,0,0,0,0,0,0,0,0,0,0,0,0,0,0,0,0,0,1.13400635428448,0,0,0,0,0,0,0,0,0,0,0,0,0,0,0,0,0,0,0,0,0,0,0,0,0.101770868200011,0,0,0,0,0,0,0,0,0,0,0,0,0,0,0,0,0,0,0,0,0,0,0,0,0,0,0,0,0,0,0,0,0,0,0,0,0,0,0,0,0,0,0,0.0144133771430532,0,0,0,0,0,0,0,0,0,0,0,0,0,0,0.930236168538226,0,0,0,0,169.850303,179.2784031,152.4263026,170.928703,167.999403,198.4094035,166.9904029,170.942503,203.6616037,166.5580029,184.8548032,"PAL-00440"
"686",8806,"nSPC",2015,"PRIAs","Pacific Remote Island Areas","Palmyra","Palmyra",2015,"ForereefMid","Palmyra","2015-04-15","Forereef","Mid",5.87034593,-162.00663744,10.6,52.5,1,0.5,10,36,0,0,0,NA,0.12125,0.0621339276783928,0.4,2,1,4.20525315482302,6.10795059291531,2.13500911498242,3.44882410276623,15.897036965487,1.12125161934276,0,0,0,0,0,0,0,0,0,0,0,0,0,0,0,0,0,0.00282942121052258,0,0,0,0,0,0,0,0,0,0,0,0,0,0,0,0,0,0,0,0,0,0,0,0,0,0,0,0,0,0,0,0,0,0,0,0,0,0,0,0,0,0,0,0,0,0,0,0.00282942121052258,0,0,0,0,0,0,0,0,0,0,0.00282942121052258,0,0,0,0,0,0,0,0,0,0,0,0,0,0,0,0,0,0,0,0,0,0,0,0,0,0,0,0,0,0.00282942121052258,0,0,0,0,0,0,0,0,0,0.00848826363156775,0,0,0,0.00565884242104517,0,0,0,0,0,0,0,0,0,0,0,0,0,0,0,0,0,0,0,0,0,0,0,0,0,0,0,0,0,0,0,0,0,0,0,0,0,0,0,0,0,0,0,0,0,0,0,0,0,0,0,0,0,0,0,0,0,0,0,0,0,0,0,0,0,0,0.00565884242104517,0,0,0,0.00565884242104517,0,0,0,0,0.00565884242104517,0,0,0,0,0,0,0.509295817894065,0,0,0,0,0,0,0,0,0,0,0,0,0,0,0,0,0,0,0,0,0,0,0,0,0,0,0,0,0,0,0,0,0,0.00565884242104517,0,0,0,0,0,0,0,0,0,0,0,0,0,0,0,0,0,0,0,0,0,0,0,0,0,0,0,0,0,0,0,0,0,0,0,0,0,0.00565884242104517,0,0,0,0,0,0,0,0,0,0,0,0,0,0,0,0,0,0,0,0,0,0,0,0,0,0,0,0,0,0,0,0,0,0,0,0,0,0,0,0,0,0,0,0,0,0,0,0,0,0,0,0,0,0,0,0,0,0,0,0,0,0,0,0,0,0,0,0,0,0,0,0,0,0,0,0,0,0,0,0,0,0,0,0,0,0,0,0,0,0,0,0,0,0,0,0,0,0,0,0,0,0,0,0,0,0,0,0,0,0,0,0,0,0,0,0,0,0.0537590029999291,0.00848826363156775,0,0,0,0,0,0,0,0,0,0,0,0,0,0,0,0,0,0,0,0,0,0,0,0,0,0,0,0,0,0,0,0,0,0,0,0,0,0,0,0,0,0,0,0,0,0,0,0,0,0,0,0,0,0.00282942121052258,0.033953054526271,0,0,0,0,0,0.00565884242104517,0.00282942121052258,0,0,0,0,0,0,0,0,0,0,0,0,0,0,0,0,0,0,0,0,0,0,0.0565884242104517,0,0,0,0,0.0141471060526129,0,0,0,0,0,0.0396118969473162,0,0,0,0,0,0,0,0,0,0,0,0,0,0,0,0,0,0,0,0,0,0,0,0,0,0,0,0,0,0,0,0,0,0,0,0,0,0,0,0,0,0,0,0,0,0,0,0,0,0,0,0,0,0,0,0,0,0,0,0,0,0,0,0,0,0,0,0,0,0,0,0,0,0,0,0,0,0,0,0,0,0,0,0,0,0,0,0,0,0,0,0,0,0,0,0,0,0,0,0,0,0,0,0,0,0,0,0,0,0,0,0.00565884242104517,0,0,0,0,0,0,0,0,0,0.00848826363156775,0,0,0,0,0,0,0,0,0,0.50363697547302,0,0,0,0,0,0,0,0.172594693841878,0,0,0,0,0,0,0.00282942121052258,0,0,0,0,0,0,0,0,0,0,0,0,0,0,0,0,0,0,0,0,0,0,0,0,0,0,0,0.0127438255574912,0,0,0,0,0,0,0,0,0,0,0,0,0,0,0,0,0,0,0,0,0,0,0,0,0,0,0,0,0,0,0,0,0,0,0,0,0,0,0,0,0,0,0,0,0,0,0,0.204882759234707,0,0,0,0,0,0,0,0,0,0,0.387383452121338,0,0,0,0,0,0,0,0,0,0,0,0,0,0,0,0,0,0,0,0,0,0,0,0,0,0,0,0,0,0.158766764997638,0,0,0,0,0,0,0,0,0,0.864020693275624,0,0,0,0.00861240004042249,0,0,0,0,0,0,0,0,0,0,0,0,0,0,0,0,0,0,0,0,0,0,0,0,0,0,0,0,0,0,0,0,0,0,0,0,0,0,0,0,0,0,0,0,0,0,0,0,0,0,0,0,0,0,0,0,0,0,0,0,0,0,0,0,0,0,0.24969513289012,0,0,0,1.12125161934276,0,0,0,0,0.809461083234541,0,0,0,0,0,0,0.543843050874546,0,0,0,0,0,0,0,0,0,0,0,0,0,0,0,0,0,0,0,0,0,0,0,0,0,0,0,0,0,0,0,0,0,0.0795513635463253,0,0,0,0,0,0,0,0,0,0,0,0,0,0,0,0,0,0,0,0,0,0,0,0,0,0,0,0,0,0,0,0,0,0,0,0,0,1.45767955949398,0,0,0,0,0,0,0,0,0,0,0,0,0,0,0,0,0,0,0,0,0,0,0,0,0,0,0,0,0,0,0,0,0,0,0,0,0,0,0,0,0,0,0,0,0,0,0,0,0,0,0,0,0,0,0,0,0,0,0,0,0,0,0,0,0,0,0,0,0,0,0,0,0,0,0,0,0,0,0,0,0,0,0,0,0,0,0,0,0,0,0,0,0,0,0,0,0,0,0,0,0,0,0,0,0,0,0,0,0,0,0,0,0,0,0,0,0,5.27402396185315,0.639556635760858,0,0,0,0,0,0,0,0,0,0,0,0,0,0,0,0,0,0,0,0,0,0,0,0,0,0,0,0,0,0,0,0,0,0,0,0,0,0,0,0,0,0,0,0,0,0,0,0,0,0,0,0,0,0.0636070581710619,0.213966019284081,0,0,0,0,0,0.107119461289753,0.39109720231686,0,0,0,0,0,0,0,0,0,0,0,0,0,0,0,0,0,0,0,0,0,0,0.117709313810909,0,0,0,0,0.022755673867445,0,0,0,0,0,0.103355572500544,0,0,0,0,0,0,0,0,0,0,0,0,0,0,0,0,0,0,0,0,0,0,0,0,0,0,0,0,0,0,0,0,0,0,0,0,0,0,0,0,0,0,0,0,0,0,0,0,0,0,0,0,0,0,0,0,0,0,0,0,0,0,0,0,0,0,0,0,0,0,0,0,0,0,0,0,0,0,0,0,0,0,0,0,0,0,0,0,0,0,0,0,0,0,0,0,0,0,0,0,0,0,0,0,0,0,0,0,0,0,0,0.0111709332363787,0,0,0,0,0,0,0,0,0,0.678297799636039,0,0,0,0,0,0,0,0,0,0.290083580187617,0,0,0,0,0,0,0,0.764672868687049,0,0,0,0,0,0,1.32172918027574,0,0,0,0,0,0,0,0,0,0,0,0,0,0,0,0,0,0,0,0,0,"PAL-00531"
"687",8807,"nSPC",2015,"PRIAs","Pacific Remote Island Areas","Palmyra","Palmyra",2015,"ForereefMid","Palmyra","2015-04-15","Forereef","Mid",5.87052883,-162.01739436,9.3,11,0.5,2,7.5,79,0,0,0,NA,0.11875,0.0647431183971292,0.45,2,1,0,3.42923279100747,1.57368716434167,2.71401922169503,7.71693917704417,0,0,0,0,0,0,0,0,0,0,0,0,0,0,0,0,0,0,0.0141471060526129,0,0,0,0,0,0,0,0,0.0141471060526129,0,0,0,0,0,0,0,0,0,0,0,0,0,0,0,0,0,0,0,0,0,0,0,0,0,0,0,0,0,0,0,0,0,0,0,0,0,0,0,0,0,0,0,0,0,0,0,0,0,0.00565884242104517,0,0,0,0,0,0,0,0,0,0,0,0,0,0,0,0,0,0,0,0,0,0,0,0,0,0,0,0,0,0,0,0,0,0,0,0,0,0,0,0,0,0,0,0.0282942121052258,0,0,0,0,0,0,0,0,0,0,0,0,0,0,0,0,0,0,0,0,0,0,0,0,0,0,0,0,0,0,0,0,0,0,0,0,0,0,0,0,0,0,0,0,0,0,0,0,0,0,0,0,0,0,0,0,0,0,0,0,0,0,0,0,0,0,0,0,0,0,0,0,0,0,0,0.00848826363156775,0,0,0,0,0,0,0.229183118052329,0,0,0,0,0,0,0,0,0.0113176848420903,0,0,0,0,0,0,0,0,0,0,0,0,0,0,0,0,0,0,0,0,0,0,0,0,0.0537590029999291,0,0,0,0,0,0,0,0,0,0,0,0,0,0,0,0,0,0,0,0,0,0,0,0,0,0,0,0,0,0,0,0,0,0,0,0,0,0,0,0,0,0,0,0,0,0,0,0,0,0,0,0,0,0,0,0,0,0,0,0,0,0,0,0,0,0,0,0,0,0,0,0,0,0,0,0,0,0,0,0,0,0,0,0,0,0,0,0,0,0,0,0,0,0,0,0,0,0,0,0,0,0,0,0,0,0,0,0,0,0,0,0,0,0,0,0,0,0,0,0,0,0,0,0,0,0,0,0,0,0,0,0,0,0,0,0,0,0,0,0,0,0,0,0,0,0,0,0,0,0,0,0,0,0,0,0.0141471060526129,0,0,0,0,0,0,0,0,0,0,0,0,0,0,0,0,0,0,0,0,0,0,0,0,0,0,0,0,0,0,0,0,0,0,0,0,0,0,0,0,0,0,0,0,0,0,0,0,0,0,0,0,0,0,0,0.0113176848420903,0,0,0,0,0,0,0,0,0,0,0,0,0,0,0,0,0,0,0,0,0,0,0,0,0,0,0,0,0,0.033953054526271,0,0,0,0.0226353696841807,0,0,0,0,0,0,0.0396118969473162,0,0,0,0,0,0,0,0,0,0,0,0,0,0,0,0,0,0,0,0,0,0,0,0,0,0,0,0,0,0,0,0,0,0,0,0,0,0,0,0,0,0,0,0,0,0,0,0,0,0,0,0,0,0,0,0,0,0,0,0.00282942121052258,0,0,0,0,0,0,0,0,0,0,0,0,0,0,0,0,0,0,0,0,0,0,0,0,0,0,0,0,0,0,0,0,0,0,0,0,0,0,0,0,0,0,0,0,0,0,0,0,0,0,0,0,0,0,0.0226353696841807,0,0,0,0,0,0,0,0,0,0,0,0,0,0,0,0,0.314065754368007,0,0,0,0,0,0,0,0.110347427210381,0,0,0,0,0,0,0,0,0,0,0,0,0,0,0,0,0,0,0,0,0,0,0,0,0,0,0,0,0,0,0,0,0,0,0.22579580567441,0,0,0,0,0,0,0,0,0.171907825477353,0,0,0,0,0,0,0,0,0,0,0,0,0,0,0,0,0,0,0,0,0,0,0,0,0,0,0,0,0,0,0,0,0,0,0,0,0,0,0,0,0,0,0,0,0,0,0,0,0,0.442583320404369,0,0,0,0,0,0,0,0,0,0,0,0,0,0,0,0,0,0,0,0,0,0,0,0,0,0,0,0,0,0,0,0,0,0,0,0,0,0,0,0,0,0,0,0.0804255019459387,0,0,0,0,0,0,0,0,0,0,0,0,0,0,0,0,0,0,0,0,0,0,0,0,0,0,0,0,0,0,0,0,0,0,0,0,0,0,0,0,0,0,0,0,0,0,0,0,0,0,0,0,0,0,0,0,0,0,0,0,0,0,0,0,0,0,0,0,0,0,0,0,0,0,0,0.954126483391389,0,0,0,0,0,0,0.252795769822624,0,0,0,0,0,0,0,0,0.0202305311073211,0,0,0,0,0,0,0,0,0,0,0,0,0,0,0,0,0,0,0,0,0,0,0,0,0.96534700858332,0,0,0,0,0,0,0,0,0,0,0,0,0,0,0,0,0,0,0,0,0,0,0,0,0,0,0,0,0,0,0,0,0,0,0,0,0,0,0,0,0,0,0,0,0,0,0,0,0,0,0,0,0,0,0,0,0,0,0,0,0,0,0,0,0,0,0,0,0,0,0,0,0,0,0,0,0,0,0,0,0,0,0,0,0,0,0,0,0,0,0,0,0,0,0,0,0,0,0,0,0,0,0,0,0,0,0,0,0,0,0,0,0,0,0,0,0,0,0,0,0,0,0,0,0,0,0,0,0,0,0,0,0,0,0,0,0,0,0,0,0,0,0,0,0,0,0,0,0,0,0,0,0,0,0,2.63220775431506,0,0,0,0,0,0,0,0,0,0,0,0,0,0,0,0,0,0,0,0,0,0,0,0,0,0,0,0,0,0,0,0,0,0,0,0,0,0,0,0,0,0,0,0,0,0,0,0,0,0,0,0,0,0,0,0.0817384588263644,0,0,0,0,0,0,0,0,0,0,0,0,0,0,0,0,0,0,0,0,0,0,0,0,0,0,0,0,0,0.12005148797574,0,0,0,0.0266362026544309,0,0,0,0,0,0,0.0855272897151327,0,0,0,0,0,0,0,0,0,0,0,0,0,0,0,0,0,0,0,0,0,0,0,0,0,0,0,0,0,0,0,0,0,0,0,0,0,0,0,0,0,0,0,0,0,0,0,0,0,0,0,0,0,0,0,0,0,0,0,0.188549386233282,0,0,0,0,0,0,0,0,0,0,0,0,0,0,0,0,0,0,0,0,0,0,0,0,0,0,0,0,0,0,0,0,0,0,0,0,0,0,0,0,0,0,0,0,0,0,0,0,0,0,0,0,0,0,0.044683732945515,0,0,0,0,0,0,0,0,0,0,0,0,0,0,0,0,0.544229266869782,0,0,0,0,0,0,0,0.880103351102134,0,0,0,0,0,0,0,0,0,0,0,0,0,0,0,0,0,0,0,0,0,0,0,0,0,0,0,0,"PAL-00488"
"688",8808,"nSPC",2015,"PRIAs","Pacific Remote Island Areas","Palmyra","Palmyra",2015,"ForereefMid","Palmyra","2015-04-15","Forereef","Mid",5.87079763,-162.02577844,7.4,11.5,2,1.5,7.5,66,11.5,0,0,NA,0.19875,0.170879532024884,0.6,2,1,13.3644045175067,3.77004703545247,3.37568289208942,3.32851524240014,23.8386496874488,1.21081557840505,0,0,0,0,0,0,0,0,0,0,0,0,0,0.00282942121052258,0,0,0.00282942121052258,0.0169765272631355,0,0,0,0.00282942121052258,0,0,0,0,0.0282942121052258,0,0,0,0,0,0,0,0,0,0,0,0,0,0,0,0,0,0,0,0,0,0,0,0,0,0,0,0,0,0,0,0,0,0,0,0,0,0.00565884242104517,0,0,0,0,0,0,0,0,0,0,0,0,0,0,0,0,0,0,0,0,0,0,0,0,0,0,0,0,0,0,0,0,0,0,0,0,0,0,0,0,0,0,0,0,0,0,0,0,0,0,0,0.00282942121052258,0,0,0,0.00565884242104517,0,0,0,0,0,0,0,0,0,0,0,0,0,0,0,0,0,0,0,0,0,0,0,0,0,0,0,0,0,0,0,0,0,0,0,0,0,0,0,0,0,0,0,0,0,0,0,0,0,0,0,0.00282942121052258,0,0,0,0,0,0,0,0,0,0,0,0,0,0,0,0,0,0,0,0,0,0,0,0.00565884242104517,0,0,0,0,0,0,0.0763943726841098,0,0,0,0,0,0,0,0,0,0,0,0,0,0,0,0,0,0,0,0,0,0,0,0,0,0,0,0,0,0,0,0,0,0,0,0,0,0,0,0,0,0,0,0,0,0,0,0,0,0,0,0,0,0,0,0,0,0,0,0,0,0,0,0,0,0,0,0,0,0,0,0,0,0,0,0,0,0,0,0,0,0,0,0,0,0,0,0,0,0,0,0,0,0,0,0,0,0,0,0,0,0,0,0,0,0,0,0,0,0,0,0,0,0,0,0,0,0,0,0,0,0,0,0,0,0,0,0,0,0,0,0,0,0,0,0,0,0,0,0,0,0,0,0,0,0,0,0,0,0,0,0,0,0,0,0,0,0,0,0,0,0,0,0,0,0,0,0,0,0,0,0,0,0.00565884242104517,0.00848826363156775,0,0,0,0,0,0,0,0,0,0,0.0226353696841807,0,0,0,0.0226353696841807,0.00282942121052258,0,0,0,0,0,0,0,0,0,0,0,0,0,0,0,0,0,0,0,0,0,0,0,0,0,0,0,0,0,0,0,0,0,0,0,0,0,0,0,0,0,0,0,0,0,0,0,0,0,0,0,0,0,0,0.00848826363156775,0,0,0,0,0,0,0,0,0,0,0,0,0,0,0,0,0,0,0,0,0,0,0,0,0,0,0,0,0,0,0,0,0,0,0,0,0,0,0,0,0.0452707393683613,0,0,0,0,0,0,0.00848826363156775,0,0,0,0,0,0,0,0,0,0,0,0,0,0,0,0,0,0,0,0,0,0,0,0,0,0,0,0,0,0,0,0,0,0,0,0,0,0,0,0,0,0,0,0,0,0,0,0,0,0,0,0,0.00565884242104517,0,0,0,0,0,0,0,0,0,0,0,0,0,0,0,0,0,0,0.00565884242104517,0,0,0,0,0,0,0,0,0,0,0,0,0,0,0,0,0,0,0,0,0,0,0,0,0,0,0,0,0,0,0,0,0.00565884242104517,0,0,0.0113176848420903,0,0,0,0,0,0,0,0,0,0,0,0,0,0,0,0,0.0141471060526129,0,0,0,0,0,0.00282942121052258,0,0.0905414787367227,0,0,0,0,0,0,0,0,0,0,0,0,0,0,0,0,0,0,0,0,0,0,0,0,0,0,0,0,0,0,0.335669217512441,0,0,0.261071808710051,0.416217713634758,0,0,0,0.268390588088126,0,0,0,0,0.450302610634955,0,0,0,0,0,0,0,0,0,0,0,0,0,0,0,0,0,0,0,0,0,0,0,0,0,0,0,0,0,0,0,0,0,0,0,0,0,13.0030350404383,0,0,0,0,0,0,0,0,0,0,0,0,0,0,0,0,0,0,0,0,0,0,0,0,0,0,0,0,0,0,0,0,0,0,0,0,0,0,0,0,0,0,0,0,0,0,0,0,0,0,0,0.36136947706839,0,0,0,0.0123487502148051,0,0,0,0,0,0,0,0,0,0,0,0,0,0,0,0,0,0,0,0,0,0,0,0,0,0,0,0,0,0,0,0,0,0,0,0,0,0,0,0,0,0,0,0,0,0,0,0,0,0,0,0.00467194030281489,0,0,0,0,0,0,0,0,0,0,0,0,0,0,0,0,0,0,0,0,0,0,0,0.53403249241717,0,0,0,0,0,0,0.0504423554569545,0,0,0,0,0,0,0,0,0,0,0,0,0,0,0,0,0,0,0,0,0,0,0,0,0,0,0,0,0,0,0,0,0,0,0,0,0,0,0,0,0,0,0,0,0,0,0,0,0,0,0,0,0,0,0,0,0,0,0,0,0,0,0,0,0,0,0,0,0,0,0,0,0,0,0,0,0,0,0,0,0,0,0,0,0,0,0,0,0,0,0,0,0,0,0,0,0,0,0,0,0,0,0,0,0,0,0,0,0,0,0,0,0,0,0,0,0,0,0,0,0,0,0,0,0,0,0,0,0,0,0,0,0,0,0,0,0,0,0,0,0,0,0,0,0,0,0,0,0,0,0,0,0,0,0,0,0,0,0,0,0,0,0,0,0,0,0,0,0,0,0,0,0,0.57154368955242,1.32759910648666,0,0,0,0,0,0,0,0,0,0,0.159450617608395,0,0,0,3.66250541545456,0.248286972602325,0,0,0,0,0,0,0,0,0,0,0,0,0,0,0,0,0,0,0,0,0,0,0,0,0,0,0,0,0,0,0,0,0,0,0,0,0,0,0,0,0,0,0,0,0,0,0,0,0,0,0,0,0,0,0.0456791655222673,0,0,0,0,0,0,0,0,0,0,0,0,0,0,0,0,0,0,0,0,0,0,0,0,0,0,0,0,0,0,0,0,0,0,0,0,0,0,0,0,0.123740171106598,0,0,0,0,0,0,0.0115704819581886,0,0,0,0,0,0,0,0,0,0,0,0,0,0,0,0,0,0,0,0,0,0,0,0,0,0,0,0,0,0,0,0,0,0,0,0,0,0,0,0,0,0,0,0,0,0,0,0,0,0,0,0,0.271665683823802,0,0,0,0,0,0,0,0,0,0,0,0,0,0,0,0,0,0,1.21081557840505,0,0,0,0,0,0,0,0,0,0,0,0,0,0,0,0,0,0,0,0,0,0,0,0,0,0,0,0,0,0,0,0,0.0213887208838317,0,0,0.0274507602964839,0,0,0,0,0,0,0,0,0,0,0,0,0,0,0,0,0.0408568422799461,0,0,0,0,0,0.00960201470593496,0,0.408942472283492,0,0,0,0,0,0,0,0,0,0,0,0,0,0,0,0,0,0,0,0,0,0,0,0,0,0,0,0,"PAL-00891"
"689",8809,"nSPC",2015,"PRIAs","Pacific Remote Island Areas","Palmyra","Palmyra",2015,"ForereefMid","Palmyra","2015-04-15","Forereef","Mid",5.86355592,-162.01928842,9.95,15,0,2,12.5,70,0.5,0,0,NA,0.19025,0.171907201976245,0.75,2,1,23.0311079333574,4.51370434768137,10.539361354007,14.6157074507084,52.6998810857542,7.94178571987292,0,0,0,0,0,0,0,0,0,0,0,0,0,0,0,0,0.00848826363156775,0.00282942121052258,0,0,0,0.00282942121052258,0,0,0,0,0.00565884242104517,0,0,0,0,0,0,0,0,0,0,0,0,0,0,0,0,0,0,0,0,0,0,0,0,0,0,0,0,0,0,0,0,0,0,0,0,0,0,0,0,0,0,0,0,0,0,0,0,0,0.00282942121052258,0,0,0,0,0,0,0,0,0,0,0,0,0,0,0,0,0,0,0,0,0,0,0,0,0,0,0,0,0,0,0,0,0,0,0,0,0,0,0,0.00282942121052258,0,0,0,0.00848826363156775,0,0,0,0,0,0,0,0,0,0,0,0,0,0,0,0,0,0,0,0,0,0,0,0,0,0,0,0,0,0,0,0,0,0,0,0,0,0,0,0,0,0,0,0,0,0,0,0,0,0,0,0,0.00282942121052258,0,0,0,0,0,0,0,0,0,0,0,0,0,0.00282942121052258,0,0,0,0.00848826363156775,0,0,0,0,0.00282942121052258,0,0,0,0,0,0,0.333871702841665,0,0,0,0,0,0,0,0,0,0,0,0,0,0,0,0,0,0,0,0,0,0,0,0,0,0,0,0,0,0,0,0,0,0,0,0,0.00565884242104517,0,0,0,0,0,0,0,0,0,0,0,0,0,0,0,0,0,0,0,0,0,0,0,0,0,0,0,0,0,0,0,0,0,0,0,0,0,0,0,0,0,0,0.00282942121052258,0,0,0,0,0,0,0,0,0,0,0,0,0,0,0,0.0113176848420903,0,0,0,0,0,0,0,0,0,0,0.00282942121052258,0,0,0,0,0,0,0,0,0,0,0,0,0,0,0,0,0,0,0,0,0,0,0,0,0,0,0,0,0,0,0,0,0,0,0,0,0,0,0,0,0,0,0,0,0,0,0,0,0,0,0,0,0,0,0,0,0,0,0,0,0,0,0,0.0169765272631355,0,0.00282942121052258,0,0.00565884242104517,0,0,0,0,0,0,0,0,0,0,0.0141471060526129,0,0,0,0.0282942121052258,0.00565884242104517,0,0,0,0,0,0,0,0,0,0,0,0,0,0,0,0,0,0,0,0,0,0,0,0,0,0,0,0,0,0,0,0,0,0,0,0,0,0,0,0,0,0,0,0,0,0,0,0,0,0,0,0,0,0,0.0226353696841807,0,0,0,0,0,0,0,0,0.00565884242104517,0,0.00282942121052258,0,0,0,0,0,0,0,0,0,0,0,0,0,0,0,0,0,0,0.0565884242104517,0,0,0,0,0.0113176848420903,0,0,0,0,0,0.00848826363156775,0,0,0,0,0,0,0,0,0,0,0,0,0,0,0,0,0,0,0,0,0,0,0,0,0,0,0,0.00565884242104517,0,0,0,0,0,0,0,0,0,0,0,0,0,0,0,0,0,0,0,0,0,0,0,0,0,0,0,0,0,0,0,0.00565884242104517,0,0,0,0,0,0,0,0,0,0,0,0,0,0,0,0,0,0,0.00282942121052258,0,0,0,0,0,0.00282942121052258,0,0,0,0.00282942121052258,0,0,0,0,0.00282942121052258,0,0,0,0,0,0,0,0,0,0,0,0,0,0,0,0,0,0.0198059484736581,0,0,0,0,0,0,0,0,0,0,0,0,0,0,0,0,0,0,0,0.537590029999291,0,0,0,0,0,0,0,0.104688584789336,0,0,0,0,0,0,0.00565884242104517,0,0,0,0,0,0,0,0,0,0,0,0,0,0,0,0,0,0,0,0,0,0,0,0,0,0,0.522793490934321,0.043508018469893,0,0,0,0.217385030496447,0,0,0,0,0.122006610031066,0,0,0,0,0,0,0,0,0,0,0,0,0,0,0,0,0,0,0,0,0,0,0,0,0,0,0,0,0,0,0,0,0,0,0,0,0,0,0,0,0,0,0,0,0,0,0,0,0,0.149307035470157,0,0,0,0,0,0,0,0,0,0,0,0,0,0,0,0,0,0,0,0,0,0,0,0,0,0,0,0,0,0,0,0,0,0,0,0,0,0,0,0.734847163315798,0,0,0,0.020391300409399,0,0,0,0,0,0,0,0,0,0,0,0,0,0,0,0,0,0,0,0,0,0,0,0,0,0,0,0,0,0,0,0,0,0,0,0,0,0,0,0,0,0,0,0,0,0,0,0,0,0,0,0,1.32886409576468,0,0,0,0,0,0,0,0,0,0,0,0,0,0.0596619299544288,0,0,0,1.74224569951188,0,0,0,0,0.375253199811446,0,0,0,0,0,0,0.333678736315107,0,0,0,0,0,0,0,0,0,0,0,0,0,0,0,0,0,0,0,0,0,0,0,0,0,0,0,0,0,0,0,0,0,0,0,0,0.723162517055057,0,0,0,0,0,0,0,0,0,0,0,0,0,0,0,0,0,0,0,0,0,0,0,0,0,0,0,0,0,0,0,0,0,0,0,0,0,0,0,0,0,0,0.497030882620982,0,0,0,0,0,0,0,0,0,0,0,0,0,0,0,0.0277921315789754,0,0,0,0,0,0,0,0,0,0,0.380274210694235,0,0,0,0,0,0,0,0,0,0,0,0,0,0,0,0,0,0,0,0,0,0,0,0,0,0,0,0,0,0,0,0,0,0,0,0,0,0,0,0,0,0,0,0,0,0,0,0,0,0,0,0,0,0,0,0,0,0,0,0,0,0,0,10.613633063746,0,6.13740939183666,0,1.2022903032717,0,0,0,0,0,0,0,0,0,0,0.06264338560097,0,0,0,3.57846236779705,0.86202317477554,0,0,0,0,0,0,0,0,0,0,0,0,0,0,0,0,0,0,0,0,0,0,0,0,0,0,0,0,0,0,0,0,0,0,0,0,0,0,0,0,0,0,0,0,0,0,0,0,0,0,0,0,0,0,0.0837066935655041,0,0,0,0,0,0,0,0,0.37689273653573,0,0.245816445914901,0,0,0,0,0,0,0,0,0,0,0,0,0,0,0,0,0,0,0.121972346532246,0,0,0,0,0.0374213990102634,0,0,0,0,0,0.0216627565163752,0,0,0,0,0,0,0,0,0,0,0,0,0,0,0,0,0,0,0,0,0,0,0,0,0,0,0,10.9568014880952,0,0,0,0,0,0,0,0,0,0,0,0,0,0,0,0,0,0,0,0,0,0,0,0,0,0,0,0,0,0,0,0.317758307685283,0,0,0,0,0,0,0,0,0,0,0,0,0,0,0,0,0,0,1.30989700097384,0,0,0,0,0,1.00244695836089,0,0,0,1.21464909988486,0,0,0,0,1.34368286537678,0,0,0,0,0,0,0,0,0,0,0,0,0,0,0,0,0,0.0646427354459579,0,0,0,0,0,0,0,0,0,0,0,0,0,0,0,0,0,0,0,0.601563243569207,0,0,0,0,0,0,0,0.598390047681605,0,0,0,0,0,0,4.66791322114378,0,0,0,0,0,0,0,0,0,0,49.07140089,50.64370089,46.82400081,43.97720075,50.71440091,51.71590091,49.96850085,53.42480093,57.15420104,67.14790118,35.6683006,"PAL-00485"
"690",8816,"nSPC",2015,"PRIAs","Pacific Remote Island Areas","Palmyra","Palmyra",2015,"ForereefDeep","Palmyra","2015-04-16","Forereef","Deep",5.898855,-162.064242,20.8,15,45,7.5,4,18.5,10,0,0,NA,0.44,0.370762445487921,1.35,2,1,11.4300678372767,11.6563755711722,15.7413251196621,10.2088375243584,49.0366060524694,8.41821869280553,0,0,0,0,0,0,0,0,0,0,0,0,0,0,0,0,0.00848826363156775,0.00282942121052258,0,0,0,0,0,0,0,0.00565884242104517,0,0.00565884242104517,0,0,0,0,0,0,0,0,0,0,0,0,0,0.00282942121052258,0,0,0,0,0,0,0,0,0,0,0,0,0,0,0,0,0,0,0,0,0,0,0,0,0,0,0,0,0,0,0,0,0,0,0.00565884242104517,0,0,0,0,0,0,0,0,0,0,0,0,0,0,0,0,0,0,0,0,0,0,0,0,0,0,0,0,0,0,0,0,0,0,0,0,0,0,0,0.00565884242104517,0,0,0,0.00282942121052258,0,0,0,0,0,0,0,0,0,0,0,0,0,0,0,0.00848826363156775,0,0.135812218105084,0,0,0,0,0,0.00282942121052258,0,0,0,0,0,0,0,0,0,0,0,0,0,0,0,0,0,0,0,0,0,0,0,0,0,0,0,0.424413181578388,0,0,0,0,0,0,0,0,0,0.00282942121052258,0,0,0,0,0,0,0,0,0.00848826363156775,0,0,0,0,0,0,0,0,0,0.0113176848420903,0,0.282942121052258,0,0,0,0,0.16410643021031,0,0,0,0,0,0,0,0,0,0,0,0,0,0,0,0,0,0,0,0,0,0,0,0,0,0,0,0,0.0141471060526129,0,0,0.0198059484736581,0,0,0,0,0,0,0,0,0,0,0,0,0,0,0,0,0,0,0,0,0,0,0,0,0,0,0,0,0,0,0,0.0113176848420903,0,0,0,0,0,0,0,0,0,0,0,0,0,0,0,0,0,0,0,0,0,0,0,0,0,0,0.00282942121052258,0,0,0,0,0,0,0,0,0,0,0,0,0,0,0,0,0,0,0,0.00565884242104517,0,0,0,0,0,0.00282942121052258,0,0,0,0,0,0,0,0,0,0,0,0,0,0,0,0,0,0,0,0,0,0,0,0,0,0,0,0,0,0,0,0,0.00282942121052258,0.00848826363156775,0,0,0,0.00282942121052258,0,0,0,0,0,0,0,0,0,0,0,0,0.0113176848420903,0,0.00282942121052258,0,0,0,0,0,0,0,0,0,0,0,0,0,0,0,0.00565884242104517,0.00282942121052258,0,0,0,0,0,0,0,0.0226353696841807,0,0,0,0,0,0,0,0,0,0,0,0,0,0,0,0,0,0,0,0,0,0.00282942121052258,0,0,0,0,0,0,0,0,0,0,0,0,0,0,0,0,0,0,0,0,0,0,0,0.00565884242104517,0,0,0,0,0,0,0.00282942121052258,0,0.00282942121052258,0,0.00282942121052258,0,0,0,0,0,0,0,0,0,0,0,0.0113176848420903,0,0,0,0,0,0,0,0,0,0,0,0.0169765272631355,0,0,0,0,0,0,0,0,0,0,0,0,0,0.0113176848420903,0,0,0,0,0,0,0,0,0,0,0,0,0,0.0198059484736581,0,0,0,0,0,0,0,0.00282942121052258,0,0,0,0,0.033953054526271,0,0,0,0,0,0,0,0,0,0,0,0,0,0,0,0,0,0,0,0,0,0,0,0,0,0.00282942121052258,0,0,0,0,0,0,0,0.00282942121052258,0,0,0,0,0,0,0,0,0.00282942121052258,0,0,0,0,0,0,0.0169765272631355,0,0,0,0,0,0,0,0,0,0,0,0,0,0,0,0,0,0,0,0,0,0,0,0,0,0,0,0,0,0,0,0,0,0,0,0,0,0,0,0,0,0,0,0,0,0,0.209377169578671,0,0,0,0,0,0,0,0,0,0,0,0,0,0,0,0,0,0,0,0,0.00282942121052258,0,0,0,0,0,0,0,0,0,0,0,0,0,0,0,0,0,0,0,0,0.886763694649475,0.05986044153658,0,0,0,0,0,0,0,0.29220847551672,0,2.08011221850089,0,0,0,0,0,0,0,0,0,0,0,0,0,0.0815212839175767,0,0,0,0,0,0,0,0,0,0,0,0,0,0,0,0,0,0,0,0,0,0,0,0,0,0,0,0,0,0,0,0,0,0,0.786936869684827,0,0,0,0,0,0,0,0,0,0,0,0,0,0,0,0,0,0,0,0,0,0,0,0,0,0,0,0,0,0,0,0,0,0,0,0,0,0,0,1.80169709332255,0,0,0,0.0299797268438283,0,0,0,0,0,0,0,0,0,0,0,0,0,0,0,0.406329301433283,0,0.11621451503252,0,0,0,0,0,0.162145055343946,0,0,0,0,0,0,0,0,0,0,0,0,0,0,0,0,0,0,0,0,0,0,0,0,0,0,0,0.797879804840106,0,0,0,0,0,0,0,0,0,0.0253325251943979,0,0,0,0,0,0,0,0,2.69863719609385,0,0,0,0,0,0,0,0,0,0.769796188899481,0,0.448214272801304,0,0,0,0,0.925899298224561,0,0,0,0,0,0,0,0,0,0,0,0,0,0,0,0,0,0,0,0,0,0,0,0,0,0,0,0,1.17459109021893,0,0,1.92694165631348,0,0,0,0,0,0,0,0,0,0,0,0,0,0,0,0,0,0,0,0,0,0,0,0,0,0,0,0,0,0,0,1.08275430748587,0,0,0,0,0,0,0,0,0,0,0,0,0,0,0,0,0,0,0,0,0,0,0,0,0,0,0.0347730779455959,0,0,0,0,0,0,0,0,0,0,0,0,0,0,0,0,0,0,0,0.187389579099793,0,0,0,0,0,0.0376313020999504,0,0,0,0,0,0,0,0,0,0,0,0,0,0,0,0,0,0,0,0,0,0,0,0,0,0,0,0,0,0,0,0,0.0119901315272546,0.0138156106873841,0,0,0,0.0027012170491327,0,0,0,0,0,0,0,0,0,0,0,0,9.04373152505817,0,1.10750287977166,0,0,0,0,0,0,0,0,0,0,0,0,0,0,0,1.1648575987934,3.67745317264307,0,0,0,0,0,0,0,4.92370743677914,0,0,0,0,0,0,0,0,0,0,0,0,0,0,0,0,0,0,0,0,0,3.87089599264038,0,0,0,0,0,0,0,0,0,0,0,0,0,0,0,0,0,0,0,0,0,0,0,0.0574426687762728,0,0,0,0,0,0,0.178309917462687,0,0.188446368267865,0,0.292418272683837,0,0,0,0,0,0,0,0,0,0,0,0.150525208399801,0,0,0,0,0,0,0,0,0,0,0,0.0507844953623353,0,0,0,0,0,0,0,0,0,0,0,0,0,0.0160463809154461,0,0,0,0,0,0,0,0,0,0,0,0,0,0.0410268339062743,0,0,0,0,0,0,0,0.0102062881905971,0,0,0,0,0.315523088859563,0,0,0,0,0,0,0,0,0,0,0,0,0,0,0,0,0,0,0,0,0,0,0,0,0,0.284219801625427,0,0,0,0,0,0,0,0.614009287896458,0,0,0,0,0,0,0,0,1.07220622884655,0,0,0,0,0,0,4.64737526786513,0,0,0,0,0,0,0,0,0,0,0,0,0,0,0,0,0,0,0,0,0,0,0,0,0,0,0,0,0,0,0,0,0,0,0,0,0,0,0,0,0,0,0,0,0,0,0.0737573521159027,0,0,0,0,0,0,0,0,0,0,0,0,0,0,0,0,0,0,0,0,0.414044051346115,0,0,0,0,138.9277024,146.2222025,127.2517022,145.1804025,134.2405024,165.3504029,129.6115022,133.6465024,171.5448031,136.4899024,164.8585029,"PAL-00574"
"691",8817,"nSPC",2015,"PRIAs","Pacific Remote Island Areas","Palmyra","Palmyra",2015,"ForereefMid","Palmyra","2015-04-16","Forereef","Mid",5.895119,-162.056146,13.95,19,37.5,6.5,15,13.5,8.5,0,0,NA,0.53625,0.352616087907931,1.2,2,1,26.4911703140991,5.44068389426445,40.5291963641846,156.287363250383,228.748413822932,4.65020868219952,0,0,0,0,0,0,0,0,0,0,0,0,0,0,0,0,0.0254647908947033,0,0,0,0,0,0,0,0,0.0113176848420903,0,0.00282942121052258,0,0,0,0,0,0,0,0,0,0,0,0,0,0,0,0,0,0,0,0,0,0,0,0,0,0,0,0,0.00565884242104517,0,0,0,0,0,0,0,0,0,0,0,0,0,0,0,0,0,0,0,0.00565884242104517,0.00565884242104517,0,0,0,0.00565884242104517,0,0.00282942121052258,0,0,0,0,0,0,0,0,0,0,0,0,0,0,0,0,0,0,0,0,0,0,0,0,0,0,0,0,0,0,0,0,0.00565884242104517,0,0,0,0.00848826363156775,0,0,0,0,0,0,0,0,0,0,0,0,0,0,0,0.00565884242104517,0,0.113176848420903,0,0,0,0,0,0,0,0,0,0,0,0,0,0,0,0,0,0,0,0,0,0,0,0,0,0,0,0,0,0,0,0,0,0.268795014999645,0,0,0,0,0,0,0,0,0,0,0,0,0,0,0,0,0,0,0.0113176848420903,0,0,0,0,0.00282942121052258,0,0,0,0.00282942121052258,0.00848826363156775,0,0.410266075525775,0,0.00565884242104517,0,0,0.0622472666314968,0,0,0,0,0,0,0,0,0,0,0,0,0,0,0,0,0,0,0,0,0,0,0,0,0,0,0,0.00282942121052258,0.0169765272631355,0,0,0.0169765272631355,0,0,0,0,0,0,0,0,0,0,0,0,0,0,0,0,0,0,0,0,0,0,0,0,0,0,0,0,0,0,0,0.00282942121052258,0,0,0,0,0,0,0,0,0,0,0,0,0,0,0,0,0,0,0,0,0,0,0,0,0,0,0.0113176848420903,0,0,0,0,0,0,0,0,0,0,0,0,0,0,0,0,0,0,0,0.00848826363156775,0,0,0,0,0,0.00848826363156775,0,0,0,0,0,0,0,0,0,0,0,0,0,0,0,0,0,0,0,0,0,0,0,0,0,0,0,0,0,0,0,0,0.00282942121052258,0.0141471060526129,0,0,0,0.00282942121052258,0,0,0,0,0,0,0,0,0,0,0,0,0.0254647908947033,0,0,0,0,0,0,0,0,0,0,0,0,0.0141471060526129,0,0,0,0,0.0169765272631355,0.0169765272631355,0,0,0,0,0,0,0,0,0,0,0,0,0,0,0,0,0,0,0,0,0,0,0,0,0,0,0,0,0.00848826363156775,0.00282942121052258,0,0,0,0,0,0,0,0,0,0,0,0,0,0,0,0,0,0,0,0,0,0,0,0.00282942121052258,0,0,0,0,0,0.00565884242104517,0.00565884242104517,0,0,0,0,0,0,0,0,0,0,0,0,0,0,0,0,0,0,0,0,0,0,0.033953054526271,0,0,0,0,0.033953054526271,0,0,0,0,0,0,0,0,0,0,0,0,0,0.0141471060526129,0,0,0,0,0,0,0,0,0,0,0,0,0,0,0,0,0,0,0.0113176848420903,0.0282942121052258,0,0.00282942121052258,0,0,0,0.00282942121052258,0.0141471060526129,0.0565884242104517,0,0,0,0,0,0,0,0,0,0,0,0,0,0,0,0,0,0,0,0,0,0,0,0,0.00565884242104517,0,0,0,0,0,0,0,0,0.00282942121052258,0,0,0,0,0,0,0,0,0.00282942121052258,0,0,0,0,0,0.00282942121052258,0,0,0,0.00282942121052258,0,0,0,0,0,0,0,0,0,0,0,0,0,0,0,0,0,0,0,0,0,0,0.0848826363156775,0,0,0,0,0,0,0,0,0,0,0,0,0,0,0,0,0,0,0,0.130153375684039,0,0,0,0,0,0.00282942121052258,0,0.0282942121052258,0,0,0,0,0,0,0,0,0,0,0,0,0,0,0,0,0,0,0,0,0,0,0,0,0,0,0,0,0,0,0,0,0,1.58922670788198,0,0,0,0,0,0,0,0,0.475152626262447,0,1.8572736232569,0,0,0,0,0,0,0,0,0,0,0,0,0,0,0,0,0,0,0,0,0,0,0,0,0,0,0,0,1.32430493874267,0,0,0,0,0,0,0,0,0,0,0,0,0,0,0,0,0,0,0,0.668936070456246,18.5541235767138,0,0,0,0.0244122221256994,0,0.0290697402550864,0,0,0,0,0,0,0,0,0,0,0,0,0,0,0,0,0,0,0,0,0,0,0,0,0,0,0,0,0,0,0,0,1.15416419037303,0,0,0,0.068487076490191,0,0,0,0,0,0,0,0,0,0,0,0,0,0,0,0.274425439989452,0,0.0510993470620379,0,0,0,0,0,0,0,0,0,0,0,0,0,0,0,0,0,0,0,0,0,0,0,0,0,0,0,0,0,0,0,0,0,0.370470266199775,0,0,0,0,0,0,0,0,0,0,0,0,0,0,0,0,0,0,2.47390483631638,0,0,0,0,0.587649057545273,0,0,0,6.3966583589057,0.396142082499831,0,0.446754291456674,0,0.254126134323723,0,0,0.503375635702691,0,0,0,0,0,0,0,0,0,0,0,0,0,0,0,0,0,0,0,0,0,0,0,0,0,0,0,0.0145779472526207,1.0774583923914,0,0,2.40944150352066,0,0,0,0,0,0,0,0,0,0,0,0,0,0,0,0,0,0,0,0,0,0,0,0,0,0,0,0,0,0,0,0.153481897719969,0,0,0,0,0,0,0,0,0,0,0,0,0,0,0,0,0,0,0,0,0,0,0,0,0,0,0.150552715917852,0,0,0,0,0,0,0,0,0,0,0,0,0,0,0,0,0,0,0,0.162990774734162,0,0,0,0,0,0.0450446686136406,0,0,0,0,0,0,0,0,0,0,0,0,0,0,0,0,0,0,0,0,0,0,0,0,0,0,0,0,0,0,0,0,0.0174192156537166,0.0495035901476809,0,0,0,0.0027012170491327,0,0,0,0,0,0,0,0,0,0,0,0,23.1537348593284,0,0,0,0,0,0,0,0,0,0,0,0,0.0573651003327401,0,0,0,0,2.90107391378663,26.0836014330591,0,0,0,0,0,0,0,0,0,0,0,0,0,0,0,0,0,0,0,0,0,0,0,0,0,0,0,0,25.4028733873076,3.27652299008064,0,0,0,0,0,0,0,0,0,0,0,0,0,0,0,0,0,0,0,0,0,0,0,0.0310176353076178,0,0,0,0,0,0.172439480083676,0.412101405581896,0,0,0,0,0,0,0,0,0,0,0,0,0,0,0,0,0,0,0,0,0,0,0.210321980503657,0,0,0,0,0.116406923248995,0,0,0,0,0,0,0,0,0,0,0,0,0,0.00941235357704692,0,0,0,0,0,0,0,0,0,0,0,0,0,0,0,0,0,0,0.0819972959121014,100.838305886495,0,0.0102062881905971,0,0,0,0.137248467199058,0.138346960328182,0.216822998077531,0,0,0,0,0,0,0,0,0,0,0,0,0,0,0,0,0,0,0,0,0,0,0,0,0.433936059220074,0,0,0,0,0,0,0,0,0.386127717294564,0,0,0,0,0,0,0,0,1.02533339531968,0,0,0,0,0,0.297021320995819,0,0,0,0.853949129567643,0,0,0,0,0,0,0,0,0,0,0,0,0,0,0,0,0,0,0,0,0,0,0.55857513009715,0,0,0,0,0,0,0,0,0,0,0,0,0,0,0,0,0,0,0,0.0666611637199121,0,0,0,0,0,0.0284153129042111,0,0.265667089851413,0,0,0,0,0,0,0,0,0,0,0,0,0,0,0,0,0,139.9025024,147.4421026,128.3529022,145.8055025,134.6885024,165.0973028,130.4554022,133.3679024,171.0812031,135.7597024,164.3558028,"PAL-00507"
"692",8818,"nSPC",2015,"PRIAs","Pacific Remote Island Areas","Palmyra","Palmyra",2015,"ForereefShallow","Palmyra","2015-04-16","Forereef","Shallow",5.891557,-162.052391,5.2,17.5,2.5,5,42.5,25,7.5,0,0,NA,1.215,0.767644440032326,2.85,2,1,97.9108119894831,24.0286926143877,47.042588493329,259.285648774629,428.267741871828,12.6276276756196,0,0,0,0,0.00848826363156775,0,0,0,0.00848826363156775,0,0,0,0.00848826363156775,0.00282942121052258,0.00282942121052258,0,0.0452707393683613,0,0,0,0,0,0,0,0,0,0,0.0282942121052258,0,0,0,0,0,0,0,0,0,0,0,0,0,0,0,0,0,0,0,0,0,0,0,0,0,0,0,0,0,0,0,0,0,0,0,0,0,0,0,0,0,0,0,0,0,0,0,0,0,0,0,0,0,0.00565884242104517,0,0,0,0,0,0,0,0,0,0,0,0,0,0,0,0,0,0,0,0,0,0,0,0,0,0,0,0,0,0,0,0,0,0,0.00282942121052258,0,0,0,0,0,0,0,0,0,0,0,0,0,0,0,0,0,0,0,0,0,0,0,0,0,0,0,0,0,0,0,0,0.00848826363156775,0,0,0,0,0,0,0,0,0,0,0,0,0,0,0,0,0,0,0,0,0,0,0,0,0,0,0,0,0,0,0,0,0,0,0,0,0,0,0,0,0,0.00282942121052258,0,0,0,0,0.00282942121052258,0,0,0,0.0113176848420903,0,0,0.212206590789194,0,0,0,0,0.0141471060526129,0,0,0,0,0,0,0,0,0,0,0,0,0,0,0,0,0,0,0,0,0,0,0,0,0,0,0,0,0,0,0,0.00565884242104517,0,0.00565884242104517,0,0,0,0,0,0,0,0,0,0,0,0,0,0,0,0,0,0,0,0,0,0,0,0,0,0,0,0,0,0,0,0,0,0,0,0,0,0,0,0,0,0,0,0,0,0,0,0,0,0,0,0,0,0,0,0,0,0,0,0,0,0,0,0,0,0,0,0,0,0,0,0,0,0,0,0,0.00282942121052258,0,0,0,0,0,0,0,0,0,0,0,0,0,0,0,0,0,0,0,0,0,0,0,0,0,0,0,0,0,0,0,0,0,0,0,0,0,0,0,0.00282942121052258,0,0,0,0,0,0,0,0,0,0,0.0141471060526129,0,0,0,0.00565884242104517,0,0.0169765272631355,0.00565884242104517,0.260306751368078,0,0.00848826363156775,0,0,0,0,0,0,0,0,0,0,0,0,0.0905414787367227,0.00565884242104517,0.00282942121052258,0,0,0,0,0,0,0,0.00565884242104517,0,0,0,0,0,0,0,0,0,0,0,0,0,0,0.00282942121052258,0,0,0,0,0,0,0,0,0,0,0,0,0,0,0,0,0,0,0,0,0,0,0,0,0,0,0,0,0,0,0.0226353696841807,0,0,0,0,0,0,0,0,0,0,0,0,0,0,0,0,0,0,0,0,0,0,0,0,0,0,0,0,0,0.0848826363156775,0,0,0,0,0,0,0,0,0,0,0.0565884242104517,0,0,0,0,0,0,0,0,0,0,0,0,0,0,0,0,0,0,0,0,0,0,0,0,0,0,0,0,0,0,0,0,0,0,0,0,0,0,0,0,0,0,0,0,0,0,0,0,0,0,0,0,0,0,0,0,0,0,0,0,0,0,0,0,0,0,0,0,0,0,0,0,0,0,0,0,0,0,0.00565884242104517,0,0,0,0,0,0.00848826363156775,0,0,0,0.00565884242104517,0,0,0,0,0,0,0,0,0,0,0,0,0,0,0,0,0,0,0,0,0,0,0.144300481736652,0,0,0.0424413181578388,0,0,0,0,0,0,0,0,0,0,0,0,0,0,0,0,0,0,0,0,0,0,0,0,0.132982796894561,0,0,0,0,0,0,0,0,0,0,0,0,0,0,0,0,0,0,0,0,0,0.267699526630921,0,0,0,1.67053769455007,0,0,0,1.43948248860285,0.335669217512441,0.299419229393115,0,5.25925856714313,0,0,0,0,0,0,0,0,0,0,14.7375916342769,0,0,0,0,0,0,0,0,0,0,0,0,0,0,0,0,0,0,0,0,0,0,0,0,0,0,0,0,0,0,0,0,0,0,0,0,0,0,0,0,0,0,0,0,0,0,0,0,0,0,0,0,0,0.0244122221256994,0,0,0,0,0,0,0,0,0,0,0,0,0,0,0,0,0,0,0,0,0,0,0,0,0,0,0,0,0,0,0,0,0,0,0.306970080114006,0,0,0,0,0,0,0,0,0,0,0,0,0,0,0,0,0,0,0,0,0,0,0,0,0,0,0,0,0,0,0,0,5.99140820244223,0,0,0,0,0,0,0,0,0,0,0,0,0,0,0,0,0,0,0,0,0,0,0,0,0,0,0,0,0,0,0,0,0,0,0,0,0,0,0,0,0,1.09389862280372,0,0,0,0,0.587649057545273,0,0,0,188.467589008459,0,0,0.371930247544404,0,0,0,0,0.10826347574414,0,0,0,0,0,0,0,0,0,0,0,0,0,0,0,0,0,0,0,0,0,0,0,0,0,0,0,0,0,0,0,0.935477606959817,0,0.582901474202761,0,0,0,0,0,0,0,0,0,0,0,0,0,0,0,0,0,0,0,0,0,0,0,0,0,0,0,0,0,0,0,0,0,0,0,0,0,0,0,0,0,0,0,0,0,0,0,0,0,0,0,0,0,0,0,0,0,0,0,0,0,0,0,0,0,0,0,0,0,0,0,0,0,0,0,0,0.164690365394844,0,0,0,0,0,0,0,0,0,0,0,0,0,0,0,0,0,0,0,0,0,0,0,0,0,0,0,0,0,0,0,0,0,0,0,0,0,0,0,0.0136985311808475,0,0,0,0,0,0,0,0,0,0,35.2422798737799,0,0,0,4.91343264598478,0,54.8293328296892,1.3448023721417,64.9799595054959,0,2.61879655991522,0,0,0,0,0,0,0,0,0,0,0,0,22.7520764727702,0.769492399418002,2.71758932289062,0,0,0,0,0,0,0,0.504310669572406,0,0,0,0,0,0,0,0,0,0,0,0,0,0,1.37647632095751,0,0,0,0,0,0,0,0,0,0,0,0,0,0,0,0,0,0,0,0,0,0,0,0,0,0,0,0,0,0,0.163476917652729,0,0,0,0,0,0,0,0,0,0,0,0,0,0,0,0,0,0,0,0,0,0,0,0,0,0,0,0,0,0.407439873826257,0,0,0,0,0,0,0,0,0,0,0.156303898632775,0,0,0,0,0,0,0,0,0,0,0,0,0,0,0,0,0,0,0,0,0,0,0,0,0,0,0,0,0,0,0,0,0,0,0,0,0,0,0,0,0,0,0,0,0,0,0,0,0,0,0,0,0,0,0,0,0,0,0,0,0,0,0,0,0,0,0,0,0,0,0,0,0,0,0,0,0,0,3.28664104494859,0,0,0,0,0,1.9879343659859,0,0,0,6.25915364188139,0,0,0,0,0,0,0,0,0,0,0,0,0,0,0,0,0,0,0,0,0,0,0.604298743947765,0,0,0.256643339670052,0,0,0,0,0,0,0,0,0,0,0,0,0,0,0,0,0,0,0,0,0,0,0,0,0.4387538200418,0,0,0,0,0,0,0,0,0,0,0,0,0,0,0,0,0,0,0,0,0,0,0,0,0,0,0,0,"PAL-00527"
"693",8819,"nSPC",2015,"PRIAs","Pacific Remote Island Areas","Palmyra","Palmyra",2015,"ForereefShallow","Palmyra","2015-04-16","Forereef","Shallow",5.889989,-162.049989,5.75,9,17.5,3.5,30,31,9,0,0,NA,0.79125,0.595586349558926,2,2,1,71.2301973926766,29.7776070401533,36.7773491304724,19.8398823629936,157.625035926296,10.7898618873562,0,0,0,0,0.00565884242104517,0,0,0,0,0,0,0,0.00565884242104517,0.0113176848420903,0.00565884242104517,0,0.0650766878420194,0,0,0,0,0,0,0,0,0,0,0.0113176848420903,0,0,0,0,0,0,0,0,0,0,0,0,0,0,0,0,0,0,0,0,0,0,0,0,0,0,0,0,0,0,0,0,0,0,0,0,0,0,0,0,0,0,0,0,0,0,0,0,0.00282942121052258,0,0,0,0,0,0,0,0,0,0,0,0,0,0,0,0,0,0,0,0,0,0,0,0,0,0,0,0,0,0,0,0,0,0,0,0,0,0,0,0.00565884242104517,0,0,0,0,0,0,0,0,0,0,0,0,0,0,0,0,0,0,0,0,0,0,0,0,0,0,0,0.00565884242104517,0,0,0,0,0,0,0,0,0,0,0,0,0,0,0,0,0,0,0,0,0,0,0,0,0,0,0,0,0,0,0,0,0,0,0,0,0,0,0,0,0,0,0,0,0,0,0.0113176848420903,0,0,0,0,0.00282942121052258,0,0,0,0,0,0,0.0848826363156775,0,0,0,0,0.00282942121052258,0,0,0,0,0,0,0,0,0,0,0,0,0,0,0,0,0,0,0,0,0,0,0,0,0,0,0,0,0,0,0,0.0141471060526129,0,0,0,0,0,0,0,0,0,0,0,0,0,0,0,0,0,0,0,0,0,0,0,0,0,0,0,0,0,0,0,0.00282942121052258,0,0,0,0,0,0,0,0,0,0,0,0,0,0,0,0,0,0,0,0,0,0,0,0,0,0,0.00282942121052258,0,0,0,0,0,0,0,0,0,0,0,0,0,0,0,0,0,0,0,0,0,0,0,0,0.00282942121052258,0,0,0,0,0,0,0,0,0,0.00282942121052258,0,0,0,0,0,0,0,0,0,0,0,0,0,0,0,0,0,0,0,0,0,0,0,0,0,0,0,0,0.00848826363156775,0,0,0,0,0,0,0.00565884242104517,0,0,0,0.0113176848420903,0,0.0169765272631355,0.00282942121052258,0.0962003211577679,0,0,0,0,0,0,0,0,0,0,0,0,0,0,0.135812218105084,0.00282942121052258,0,0,0,0,0,0,0,0,0,0,0,0,0,0,0,0,0,0,0,0,0,0,0,0.00848826363156775,0,0,0,0,0,0,0,0,0,0,0,0,0,0,0,0,0,0,0,0,0,0,0,0,0,0,0,0,0,0,0,0,0,0,0,0,0,0,0,0,0,0,0,0,0,0,0,0,0,0,0,0,0,0,0,0,0,0,0,0,0.0282942121052258,0,0,0,0,0,0,0,0,0,0,0.033953054526271,0,0,0,0,0,0,0,0,0,0,0,0,0,0,0,0,0,0,0,0,0,0,0,0,0,0,0,0,0,0,0,0,0,0,0,0,0,0,0,0,0,0,0,0,0,0,0,0,0,0,0,0,0,0,0,0,0,0,0,0.00565884242104517,0,0,0,0,0,0,0,0,0,0,0,0,0,0,0,0,0,0,0.00282942121052258,0,0,0,0,0,0.00848826363156775,0,0,0,0.00282942121052258,0,0,0,0,0.00282942121052258,0,0,0,0,0,0,0,0,0,0,0,0,0.00282942121052258,0,0,0,0,0.169765272631355,0,0,0.033953054526271,0,0,0,0,0,0,0,0,0,0,0,0,0,0,0,0,0.0226353696841807,0,0,0,0,0,0,0,0.161277008999787,0,0,0,0,0,0,0,0,0,0,0,0,0,0,0,0,0,0,0,0,0,0.223300780831092,0,0,0,0,0,0,0,0.829113073882676,2.96439390860484,1.38421138178886,0,5.2571805535917,0,0,0,0,0,0,0,0,0,0,8.2021412150134,0,0,0,0,0,0,0,0,0,0,0,0,0,0,0,0,0,0,0,0,0,0,0,0,0,0,0,0,0,0,0,0,0,0,0,0,0,0,0,0,0,0,0,0,0,0,0,0,0.248286972602325,0,0,0,0,0,0,0,0,0,0,0,0,0,0,0,0,0,0,0,0,0,0,0,0,0,0,0,0,0,0,0,0,0,0,0,0,0,0,0,0.924290881133045,0,0,0,0,0,0,0,0,0,0,0,0,0,0,0,0,0,0,0,0,0,0,0,0,0,0,0,0.583555502051457,0,0,0,0,0,0,0,0,0,0,0,0,0,0,0,0,0,0,0,0,0,0,0,0,0,0,0,0,0,0,0,0,0,0,0,0,0,0,0,0,0,0,0,0,0,0,2.35651503424603,0,0,0,0,0.318042161130463,0,0,0,0,0,0,0.0861388993331496,0,0,0,0,0.00813221118390594,0,0,0,0,0,0,0,0,0,0,0,0,0,0,0,0,0,0,0,0,0,0,0,0,0,0,0,0,0,0,0,2.26403622477934,0,0,0,0,0,0,0,0,0,0,0,0,0,0,0,0,0,0,0,0,0,0,0,0,0,0,0,0,0,0,0,0.372388196362932,0,0,0,0,0,0,0,0,0,0,0,0,0,0,0,0,0,0,0,0,0,0,0,0,0,0,0.0863340103006628,0,0,0,0,0,0,0,0,0,0,0,0,0,0,0,0,0,0,0,0,0,0,0,0,0.0153558347937482,0,0,0,0,0,0,0,0,0,0.282170254946028,0,0,0,0,0,0,0,0,0,0,0,0,0,0,0,0,0,0,0,0,0,0,0,0,0,0,0,0,0.0132535517110266,0,0,0,0,0,0,7.87143089797111,0,0,0,16.9192262080819,0,36.1023136800472,0.335629376542124,15.9270617546723,0,0,0,0,0,0,0,0,0,0,0,0,0,0,29.4331556473052,0.248286972602325,0,0,0,0,0,0,0,0,0,0,0,0,0,0,0,0,0,0,0,0,0,0,0,3.93872669257796,0,0,0,0,0,0,0,0,0,0,0,0,0,0,0,0,0,0,0,0,0,0,0,0,0,0,0,0,0,0,0,0,0,0,0,0,0,0,0,0,0,0,0,0,0,0,0,0,0,0,0,0,0,0,0,0,0,0,0,0,0.0912410656484569,0,0,0,0,0,0,0,0,0,0,0.110422069779382,0,0,0,0,0,0,0,0,0,0,0,0,0,0,0,0,0,0,0,0,0,0,0,0,0,0,0,0,0,0,0,0,0,0,0,0,0,0,0,0,0,0,0,0,0,0,0,0,0,0,0,0,0,0,0,0,0,0,0,0.377098772466564,0,0,0,0,0,0,0,0,0,0,0,0,0,0,0,0,0,0,1.30989700097384,0,0,0,0,0,2.40993688069293,0,0,0,3.97540631960031,0,0,0,0,0.738106651843045,0,0,0,0,0,0,0,0,0,0,0,0,9.41293572544335,0,0,0,0,0.651127531924913,0,0,0.137847618570789,0,0,0,0,0,0,0,0,0,0,0,0,0,0,0,0,0.0268795014999645,0,0,0,0,0,0,0,1.18946490976553,0,0,0,0,0,0,0,0,0,0,0,0,0,0,0,0,0,0,0,0,0,0,0,0,0,0,0,0,"PAL-00897"
"694",8820,"nSPC",2015,"PRIAs","Pacific Remote Island Areas","Palmyra","Palmyra",2015,"ForereefShallow","Palmyra","2015-04-16","Forereef","Shallow",5.881852,-162.035741,5.15,17.5,6,5,20,44,7.5,0,0,NA,0.5975,0.387803195932182,1.4,2,1,11.1512669470034,1.6305995837245,19.0547665984285,20.3088941675188,52.1455272966751,3.01367711430627,0,0,0,0,0,0,0,0,0,0,0,0,0,0.00282942121052258,0,0,0.0169765272631355,0.00282942121052258,0,0,0,0.0113176848420903,0,0,0,0,0.0537590029999291,0,0,0,0,0,0,0,0,0,0,0,0,0,0,0.00282942121052258,0,0,0,0,0,0,0,0,0,0,0,0,0,0,0,0,0,0,0,0,0,0,0,0,0,0,0,0,0,0,0,0,0,0,0.00282942121052258,0.00282942121052258,0,0,0,0.00565884242104517,0,0,0,0,0,0,0,0,0,0,0,0,0,0,0,0,0,0,0,0,0,0,0,0,0,0,0,0,0,0,0,0,0,0,0.00565884242104517,0,0,0,0,0,0,0,0,0,0,0,0,0,0,0,0,0,0,0,0,0,0,0,0,0,0,0,0,0,0,0,0,0,0,0,0,0,0,0,0,0,0,0,0,0,0,0,0,0,0,0,0,0,0,0,0,0,0,0,0,0,0,0,0,0,0,0,0,0,0,0,0,0,0,0.00848826363156775,0,0,0,0,0,0,0,0,0,0,0,0.0735649514735872,0,0,0,0,0,0,0,0,0,0,0,0,0,0,0,0,0,0,0,0,0,0,0,0,0,0,0,0,0,0,0,0,0.0113176848420903,0.00565884242104517,0,0,0.0113176848420903,0,0,0,0,0,0,0,0,0,0,0,0,0,0,0,0,0,0,0,0,0,0,0,0,0,0,0,0,0,0,0,0,0,0,0,0,0,0,0,0,0,0,0,0,0,0,0,0,0,0,0,0,0,0,0,0,0,0,0.00565884242104517,0,0,0,0,0,0,0,0,0,0,0,0,0,0,0,0,0,0,0,0,0,0,0,0,0,0,0,0,0,0,0,0,0,0,0.00282942121052258,0,0,0,0,0,0,0,0,0,0,0,0,0,0,0,0,0,0,0,0,0,0,0,0,0,0,0,0,0,0,0,0,0,0,0,0,0,0,0,0,0,0.00565884242104517,0,0.00282942121052258,0,0,0,0,0,0,0,0,0,0,0.0226353696841807,0,0,0,0.00848826363156775,0.00848826363156775,0,0,0,0,0,0,0,0,0,0,0,0,0,0,0,0,0,0,0,0,0,0,0,0,0,0,0,0,0,0.00282942121052258,0,0,0,0,0,0,0,0,0,0,0,0,0,0,0,0,0,0,0,0,0,0,0,0.00282942121052258,0,0,0,0,0,0,0,0,0,0,0,0.00565884242104517,0,0,0,0,0,0,0,0,0,0,0,0,0,0,0,0,0,0,0.00282942121052258,0,0,0,0,0.00565884242104517,0,0,0,0,0,0.101859163578813,0,0,0,0,0,0,0,0,0,0,0,0,0,0,0,0,0,0,0,0,0,0,0,0,0,0,0,0.00282942121052258,0,0,0,0,0,0,0,0,0,0,0,0,0,0,0,0,0,0,0,0,0,0,0,0,0,0,0,0,0,0,0,0.00565884242104517,0,0,0,0,0,0,0,0,0,0,0,0,0,0,0,0,0,0.00282942121052258,0.00282942121052258,0,0,0,0,0,0,0,0,0,0,0,0,0,0,0,0,0,0,0,0,0,0,0,0,0,0,0,0,0,0,0,0,0.144300481736652,0,0,0.0226353696841807,0,0,0,0,0,0,0,0,0,0,0,0,0,0,0,0,0,0,0,0,0,0,0,0,0.149959324157697,0,0,0,0,0,0,0,0,0,0,0,0,0,0,0,0,0,0,0,0,0,0,0,0,0,0,0,0,0,0,0.395292295750094,0,0,1.32367806780983,0.0304551357616731,0,0,0,1.97122931872795,0,0,0,0,2.76968497072174,0,0,0,0,0,0,0,0,0,0,0,0,0,0,0.0513370184437218,0,0,0,0,0,0,0,0,0,0,0,0,0,0,0,0,0,0,0,0,0,0,0,0,0,0,0,0,0,0,0,0,0,0,0.248286972602325,10.4429172461224,0,0,0,0.0244122221256994,0,0,0,0,0,0,0,0,0,0,0,0,0,0,0,0,0,0,0,0,0,0,0,0,0,0,0,0,0,0,0,0,0,0,0.747809327021773,0,0,0,0,0,0,0,0,0,0,0,0,0,0,0,0,0,0,0,0,0,0,0,0,0,0,0,0,0,0,0,0,0,0,0,0,0,0,0,0,0,0,0,0,0,0,0,0,0,0,0,0,0,0,0,0,0,0,0,0,0,0,0,0,0,0,0,0,0,0,0,0,0,0,1.20726866164942,0,0,0,0,0,0,0,0,0,0,0,0.0539463106840657,0,0,0,0,0,0,0,0,0,0,0,0,0,0,0,0,0,0,0,0,0,0,0,0,0,0,0,0,0,0,0,0,0.223542656183363,0.44619499423998,0,0,1.53981752425967,0,0,0,0,0,0,0,0,0,0,0,0,0,0,0,0,0,0,0,0,0,0,0,0,0,0,0,0,0,0,0,0,0,0,0,0,0,0,0,0,0,0,0,0,0,0,0,0,0,0,0,0,0,0,0,0,0,0,0.113834916046119,0,0,0,0,0,0,0,0,0,0,0,0,0,0,0,0,0,0,0,0,0,0,0,0,0,0,0,0,0,0,0,0,0,0,0.132763233808625,0,0,0,0,0,0,0,0,0,0,0,0,0,0,0,0,0,0,0,0,0,0,0,0,0,0,0,0,0,0,0,0,0,0,0,0,0,0,0,0,0,10.0211462260158,0,0.706894436750569,0,0,0,0,0,0,0,0,0,0,0.256605868424714,0,0,0,1.55224105091473,0.748010768069015,0,0,0,0,0,0,0,0,0,0,0,0,0,0,0,0,0,0,0,0,0,0,0,0,0,0,0,0,0,5.66988235339004,0,0,0,0,0,0,0,0,0,0,0,0,0,0,0,0,0,0,0,0,0,0,0,0.382311393965811,0,0,0,0,0,0,0,0,0,0,0,0.584836545367673,0,0,0,0,0,0,0,0,0,0,0,0,0,0,0,0,0,0,0.0144052111636416,0,0,0,0,0.0240583026581916,0,0,0,0,0,0.343151731195087,0,0,0,0,0,0,0,0,0,0,0,0,0,0,0,0,0,0,0,0,0,0,0,0,0,0,0,6.23716964565529,0,0,0,0,0,0,0,0,0,0,0,0,0,0,0,0,0,0,0,0,0,0,0,0,0,0,0,0,0,0,0,0.380730243241237,0,0,0,0,0,0,0,0,0,0,0,0,0,0,0,0,0,0.644651903064651,1.1617565495922,0,0,0,0,0,0,0,0,0,0,0,0,0,0,0,0,0,0,0,0,0,0,0,0,0,0,0,0,0,0,0,0,0.464643915915725,0,0,0.115505752098031,0,0,0,0,0,0,0,0,0,0,0,0,0,0,0,0,0,0,0,0,0,0,0,0,1.11505452723423,0,0,0,0,0,0,0,0,0,0,0,0,0,0,0,0,0,0,0,0,0,0,0,0,0,0,0,0,"PAL-00540"
"695",8821,"nSPC",2015,"PRIAs","Pacific Remote Island Areas","Palmyra","Palmyra",2015,"ForereefDeep","Palmyra","2015-04-16","Forereef","Deep",5.880539,-162.02569739,24.15,10,32.5,7.5,16,30,4,0,0,NA,0.42625,0.324825055049816,1.25,2,1,22.4319760930731,16.1142036565681,7.63123971841751,8.53503797231044,54.7124574403692,2.6647101191865,0,0,0,0,0,0,0,0,0,0,0,0,0,0.00282942121052258,0,0,0.0169765272631355,0,0,0,0,0,0,0,0,0.00282942121052258,0,0,0,0,0.00565884242104517,0,0,0,0,0,0,0,0,0,0,0,0,0,0,0,0,0,0,0,0.00282942121052258,0,0,0,0,0,0.00565884242104517,0,0,0,0,0,0,0,0,0,0,0,0,0,0,0,0,0,0,0,0.0169765272631355,0,0,0,0,0,0,0,0,0,0,0,0,0,0,0,0,0,0,0,0,0,0,0,0,0,0,0,0,0,0,0,0,0,0,0,0,0,0,0,0.0169765272631355,0,0,0,0.0141471060526129,0,0,0,0,0.00565884242104517,0,0,0,0,0,0,0,0,0,0,0.00565884242104517,0,0.169765272631355,0,0,0,0,0,0,0,0,0,0,0,0,0,0,0,0,0,0,0,0,0,0,0,0,0,0,0,0,0,0,0,0,0,1.07518005999858,0,0,0,0,0,0,0,0.00565884242104517,0,0.00565884242104517,0,0.00282942121052258,0,0,0,0,0,0,0.00848826363156775,0,0,0,0,0.00565884242104517,0,0,0,0,0,0,0.0565884242104517,0,0,0,0,0.523442923946678,0,0,0,0,0,0,0,0,0,0,0,0,0,0,0,0,0,0,0,0,0,0,0,0,0,0,0,0,0.0282942121052258,0,0.00282942121052258,0.00848826363156775,0,0,0,0,0,0,0,0,0,0,0,0,0,0,0,0,0,0,0,0,0,0,0,0,0,0,0,0,0,0,0,0.00565884242104517,0,0,0,0,0,0.00282942121052258,0,0,0,0,0,0.00282942121052258,0,0,0,0,0,0,0,0,0,0,0,0,0,0,0.00565884242104517,0,0,0,0,0,0,0,0,0,0,0,0,0,0,0,0,0,0,0,0,0,0,0.00848826363156775,0,0,0.0113176848420903,0,0,0,0,0,0,0,0,0,0,0,0,0,0,0,0,0,0,0,0,0,0,0,0,0,0,0,0,0,0,0,0,0.00565884242104517,0.00565884242104517,0,0,0,0.00565884242104517,0,0,0,0,0,0,0,0,0,0,0,0,0.0141471060526129,0,0.00282942121052258,0,0,0,0,0,0,0,0,0,0,0,0,0,0,0,0.0113176848420903,0.00282942121052258,0,0,0,0,0,0,0,0.0169765272631355,0,0.00282942121052258,0,0,0,0,0,0,0,0,0,0.00282942121052258,0,0,0,0,0,0,0,0,0,0.00565884242104517,0,0,0,0,0,0,0,0,0.00282942121052258,0,0,0,0,0,0,0,0,0,0,0,0,0,0.00282942121052258,0.00282942121052258,0,0,0,0,0,0.00848826363156775,0.00282942121052258,0,0,0,0,0,0,0,0,0,0,0,0,0,0,0,0.0311236333157484,0,0,0,0,0,0,0,0,0,0,0,0.0509295817894065,0,0,0,0,0,0,0,0,0,0,0,0,0,0,0,0,0,0,0,0,0,0,0,0,0,0,0,0,0,0,0,0,0,0,0,0,0,0,0,0,0.033953054526271,0.00282942121052258,0,0,0,0,0,0,0,0,0,0,0,0,0,0,0,0,0,0,0,0,0,0,0,0,0,0,0,0,0,0,0,0,0,0.00282942121052258,0,0,0,0,0,0,0,0,0,0,0,0,0,0,0,0,0,0,0,0,0.00282942121052258,0,0,0.00282942121052258,0,0,0,0,0,0,0,0,0,0,0,0,0,0,0,0,0,0,0,0,0,0,0,0,0,0,0.00282942121052258,0,0,0,0,0,0,0,0,0,0,0,0,0,0,0,0,0.00282942121052258,0,0,0,0,0,0,0,0,0,0,0,0,0,0,0,0,0,0,0,0,0,0,0,0,0,0,0,0,0,0,0,0,0.461617396886538,0,0,1.27246823527197,0,0,0,0,0,0,0,0,0.0432901445209955,0,0,0,0,0.965610723621095,0,0,0,0,0,0,0,0,0,0,0,0,0,0,0,0,0,0,0,0.0553596065787217,0,0,0,0,0,1.23693099705113,0,0,0,0,0,0,0,0,0,0,0,0,0,0,0,0,0,0,0,2.52315318467806,0,0,0,0,0,0,0,0,0,0,0,0,0,0,0,0,0,0,0,0,0,0,0,0,0,0,0,0,0,0,0,0,0,0,0,0,0,0,0,6.64724107858105,0,0,0,0.095914867231414,0,0,0,0,0.0214412198090435,0,0,0,0,0,0,0,0,0,0,0.332759733172894,0,0.172277798666299,0,0,0,0,0,0,0,0,0,0,0,0,0,0,0,0,0,0,0,0,0,0,0,0,0,0,0,0,0,0,0,0,0,2.25530618211666,0,0,0,0,0,0,0,0.666401551833678,0,0.123848147203125,0,0.0596619299544288,0,0,0,0,0,0,1.21749174822867,0,0,0,0,0.586435373380206,0,0,0,0,0,0,0.0934388060562978,0,0,0,0,3.10783508006082,0,0,0,0,0,0,0,0,0,0,0,0,0,0,0,0,0,0,0,0,0,0,0,0,0,0,0,0,1.00691539821989,0,0.0343302788151369,0.941597833068712,0,0,0,0,0,0,0,0,0,0,0,0,0,0,0,0,0,0,0,0,0,0,0,0,0,0,0,0,0,0,0,1.02545094119235,0,0,0,0,0,4.03660871839593,0,0,0,0,0,1.02960289117717,0,0,0,0,0,0,0,0,0,0,0,0,0,0,0.0186028208457239,0,0,0,0,0,0,0,0,0,0,0,0,0,0,0,0,0,0,0,0,0,0,0.0383698755763461,0,0,0.0114399158383849,0,0,0,0,0,0,0,0,0,0,0,0,0,0,0,0,0,0,0,0,0,0,0,0,0,0,0,0,0,0,0,0,0.0201204327028493,0.0177965605695409,0,0,0,0.00540243409826541,0,0,0,0,0,0,0,0,0,0,0,0,8.65666619052031,0,0.481166856812081,0,0,0,0,0,0,0,0,0,0,0,0,0,0,0,1.13224436992831,0.390594687530355,0,0,0,0,0,0,0,2.14916014016218,0,0.359167970498281,0,0,0,0,0,0,0,0,0,1.85911873765529,0,0,0,0,0,0,0,0,0,4.27777381314429,0,0,0,0,0,0,0,0,0.219935326485243,0,0,0,0,0,0,0,0,0,0,0,0,0,0.0825792610966153,0.00713957735872033,0,0,0,0,0,0.0824698853218267,0.327117337756217,0,0,0,0,0,0,0,0,0,0,0,0,0,0,0,2.15281153053396,0,0,0,0,0,0,0,0,0,0,0,0.138150730070026,0,0,0,0,0,0,0,0,0,0,0,0,0,0,0,0,0,0,0,0,0,0,0,0,0,0,0,0,0,0,0,0,0,0,0,0,0,0,0,0,0.110135125331366,0.00319142365133577,0,0,0,0,0,0,0,0,0,0,0,0,0,0,0,0,0,0,0,0,0,0,0,0,0,0,0,0,0,0,0,0,0,0.386127717294564,0,0,0,0,0,0,0,0,0,0,0,0,0,0,0,0,0,0,0,0,0.244413056324627,0,0,1.2028053146332,0,0,0,0,0,0,0,0,0,0,0,0,0,0,0,0,0,0,0,0,0,0,0,0,0,0,0.206264806247096,0,0,0,0,0,0,0,0,0,0,0,0,0,0,0,0,0.118701676609934,0,0,0,0,0,0,0,0,0,0,0,0,0,0,0,0,0,0,0,139.7911025,147.8263026,124.8551021,145.2072025,135.5278024,164.6340028,129.6214022,132.5698024,170.3545031,129.8029022,162.4248028,"PAL-00444"
"696",8822,"nSPC",2015,"PRIAs","Pacific Remote Island Areas","Palmyra","Palmyra",2015,"ForereefDeep","Palmyra","2015-04-16","Forereef","Deep",5.88003273,-162.02309799,21,16,34,7,9,34,0,0,0,NA,0.54625,0.291228061127866,1.2,2,1,15.1270529331964,11.7651049139636,12.2296652760571,13.058866008205,52.1806891314222,6.59793785871154,0,0,0,0,0,0,0,0,0,0,0,0,0,0.00565884242104517,0,0,0.0198059484736581,0.0141471060526129,0,0,0,0,0,0,0,0,0,0,0,0,0,0,0,0,0,0,0,0,0,0,0,0,0,0,0,0,0,0,0,0,0.00282942121052258,0,0,0,0,0,0,0,0,0,0,0,0,0,0,0,0,0,0,0,0,0,0,0,0,0,0.0113176848420903,0.00282942121052258,0,0,0,0,0,0.00282942121052258,0,0,0,0,0,0,0,0,0,0,0,0,0,0,0,0,0.00282942121052258,0,0,0,0,0,0,0,0,0,0,0,0,0,0,0,0.00565884242104517,0,0,0,0.0113176848420903,0,0,0,0,0.033953054526271,0,0,0,0,0,0,0,0,0,0,0.00848826363156775,0,0.0848826363156775,0,0,0,0,0,0,0,0,0,0,0,0,0,0,0,0,0,0,0,0,0,0,0,0,0,0,0,0,0,0,0,0.00565884242104517,0.00565884242104517,0.908244208577749,0.00282942121052258,0,0,0,0,0,0,0.00565884242104517,0,0,0,0,0,0,0,0,0,0,0.0141471060526129,0,0,0,0,0,0,0,0,0,0,0,0,0,0,0,0,1.04688584789336,0,0,0,0,0,0,0,0,0,0,0,0,0,0,0,0,0,0,0,0,0,0,0,0,0,0,0,0,0.00282942121052258,0,0,0.00565884242104517,0,0,0,0,0,0,0,0.00848826363156775,0,0,0,0,0,0,0,0,0,0,0,0,0,0,0,0,0,0,0,0,0,0,0,0.00848826363156775,0,0,0,0,0,0,0,0,0,0,0,0,0,0,0,0,0,0,0,0,0,0,0,0,0,0,0,0,0,0,0,0,0,0,0,0,0.00282942121052258,0,0,0,0,0,0,0,0,0,0,0,0,0,0,0,0,0,0,0,0,0,0,0,0,0,0,0,0,0,0,0,0,0,0,0,0,0,0,0,0,0,0,0,0,0,0,0,0,0.00282942121052258,0.00282942121052258,0,0,0,0,0,0,0,0,0,0,0,0,0,0,0,0,0.0113176848420903,0,0,0,0,0,0,0,0,0,0,0,0,0,0,0,0,0.00282942121052258,0.0113176848420903,0.00282942121052258,0,0,0,0,0,0,0,0.00848826363156775,0,0.00282942121052258,0.00565884242104517,0,0,0.0169765272631355,0,0,0,0,0,0,0,0,0,0,0,0,0,0,0,0.00282942121052258,0,0,0,0,0,0,0,0,0,0,0,0,0,0,0,0,0,0,0,0,0,0,0,0.00848826363156775,0,0,0,0,0,0,0.00282942121052258,0,0,0,0,0,0,0,0,0,0,0,0,0,0,0,0,0,0,0,0,0,0,0.00848826363156775,0,0,0,0,0.0311236333157484,0,0,0,0,0,0,0,0,0,0,0,0,0,0,0,0,0,0,0,0,0,0,0,0,0,0,0,0,0,0,0,0,0,0,0,0.00565884242104517,0,0,0,0.00565884242104517,0.0169765272631355,0.260306751368078,0,0,0,0,0,0,0,0,0,0,0,0,0,0,0,0,0,0,0,0,0,0,0,0,0,0,0,0,0,0,0,0,0.00282942121052258,0.00282942121052258,0,0,0,0,0,0,0,0,0,0,0,0,0,0,0,0,0,0,0,0,0,0,0,0,0,0,0,0,0,0,0,0,0,0,0,0,0,0,0,0,0,0,0,0,0,0,0,0,0,0,0,0,0,0,0,0,0,0,0,0,0,0.0481001605788839,0,0,0,0,0,0,0,0,0,0,0,0,0,0,0.00282942121052258,0,0,0,0,0,0,0,0,0,0,0,0,0,0,0,0,0,0,0,0,0,0,0,0.618056412174955,0,0,1.20287212425004,0.27800733650729,0,0,0,0,0,0,0,0,0,0,0,0,0,0,0,0,0,0,0,0,0,0,0,0,0,0,0,0,0,0,0,0,0.0303209265183232,0,0,0,0,0,0,0,0,0,0,0,0,0,0,0,0,0,0,0,0,0,0,0,0,0,0.724404482157395,6.74996514947593,0,0,0,0,0,0.232429000294309,0,0,0,0,0,0,0,0,0,0,0,0,0,0,0,0,0.427074550338689,0,0,0,0,0,0,0,0,0,0,0,0,0,0,0,2.36612920381843,0,0,0,0.0867567929165559,0,0,0,0,0.109965567982348,0,0,0,0,0,0,0,0,0,0,0.703858975059814,0,0.0748970429795012,0,0,0,0,0,0,0,0,0,0,0,0,0,0,0,0,0,0,0,0,0,0,0,0,0,0,0,0,0,0,0,0.358222584828211,0.28781209437737,2.23574243209862,4.64938743922611,0,0,0,0,0,0,0.447063356309831,0,0,0,0,0,0,0,0,0,0,1.94855041948544,0,0,0,0,0,0,0,0,0,0,0,0,0,0,0,0,2.94797601290107,0,0,0,0,0,0,0,0,0,0,0,0,0,0,0,0,0,0,0,0,0,0,0,0,0,0,0,0,0.100333377594546,0,0,0.499425118038868,0,0,0,0,0,0,0,0.0719533675158685,0,0,0,0,0,0,0,0,0,0,0,0,0,0,0,0,0,0,0,0,0,0,0,0.807286771369785,0,0,0,0,0,0,0,0,0,0,0,0,0,0,0,0,0,0,0,0,0,0,0,0,0,0,0,0,0,0,0,0,0,0,0,0,1.75803062144486,0,0,0,0,0,0,0,0,0,0,0,0,0,0,0,0,0,0,0,0,0,0,0,0,0,0,0,0,0,0,0,0,0,0,0,0,0,0,0,0,0,0,0,0,0,0,0,0,0.0048155202490365,0.0136985311808475,0,0,0,0,0,0,0,0,0,0,0,0,0,0,0,0,8.08389892256871,0,0,0,0,0,0,0,0,0,0,0,0,0,0,0,0,0.312297147030625,2.73631068788099,0.766673903571517,0,0,0,0,0,0,0,0.717961669199719,0,0.207724543648845,0.665354035505368,0,0,3.34634005971487,0,0,0,0,0,0,0,0,0,0,0,0,0,0,0,0.840275224867501,0,0,0,0,0,0,0,0,0,0,0,0,0,0,0,0,0,0,0,0,0,0,0,0.113751317935527,0,0,0,0,0,0,0.221217541251428,0,0,0,0,0,0,0,0,0,0,0,0,0,0,0,0,0,0,0,0,0,0,0.0366142527424299,0,0,0,0,0.105582648854754,0,0,0,0,0,0,0,0,0,0,0,0,0,0,0,0,0,0,0,0,0,0,0,0,0,0,0,0,0,0,0,0,0,0,0,0.0204125763811941,0,0,0,0.116542827939039,0.0883368984529655,0.534002981629004,0,0,0,0,0,0,0,0,0,0,0,0,0,0,0,0,0,0,0,0,0,0,0,0,0,0,0,0,0,0,0,0,1.13400635428448,0.386127717294564,0,0,0,0,0,0,0,0,0,0,0,0,0,0,0,0,0,0,0,0,0,0,0,0,0,0,0,0,0,0,0,0,0,0,0,0,0,0,0,0,0,0,0,0,0,0,0,0,0,0,0,0,0,0,0,0,0,0,0,0,0,0.0183049405214759,0,0,0,0,0,0,0,0,0,0,0,0,0,0,1.99391766905318,0,0,0,0,0,0,0,0,0,0,140.3002025,148.4115026,125.9008022,146.0442025,136.0290024,166.3432029,130.4788022,134.3158024,172.0598031,130.8713023,163.0210028,"PAL-00437"
"697",8823,"nSPC",2015,"PRIAs","Pacific Remote Island Areas","Palmyra","Palmyra",2015,"ForereefDeep","Palmyra","2015-04-16","Forereef","Deep",5.87554959,-162.00135416,21.55,22.5,27.5,3,5.5,36.5,5,0,0,NA,0.46625,0.346039002653329,1.55,2,1,18.0673318158259,34.0973927725012,15.8832455198333,12.7492970746347,80.7972671827951,9.21585692166549,0,0,0,0,0,0.0113176848420903,0,0,0,0,0,0,0,0.00282942121052258,0,0,0.0141471060526129,0,0,0,0,0,0,0,0,0,0,0.00565884242104517,0,0,0,0,0,0,0,0,0,0,0,0,0,0,0,0,0,0,0,0,0,0,0,0,0,0,0,0,0,0,0,0,0,0,0,0,0,0,0,0,0,0,0,0,0,0,0,0,0.0141471060526129,0,0,0,0,0,0,0.00282942121052258,0,0,0.00565884242104517,0,0,0,0,0,0,0,0,0,0,0,0,0,0,0,0,0,0,0,0,0,0,0,0,0.0113176848420903,0,0,0,0,0.00848826363156775,0,0,0,0.00565884242104517,0,0,0,0,0.033953054526271,0,0,0,0,0,0,0,0,0,0,0.00282942121052258,0,0.0594178454209743,0,0,0,0,0,0,0,0,0,0,0,0,0,0,0,0,0,0,0,0,0,0,0,0,0,0,0,0,0,0,0,0.0113176848420903,0,1.72594693841878,0.00282942121052258,0,0,0,0,0,0,0.00565884242104517,0,0,0,0.00565884242104517,0,0,0.00565884242104517,0,0,0,0.00565884242104517,0,0,0,0,0,0,0,0,0,0,0,0.0282942121052258,0,0,0,0,0.398948390683684,0,0,0,0,0,0,0,0,0,0,0,0,0,0,0,0,0,0,0,0,0,0,0,0,0,0,0,0,0.0113176848420903,0,0,0.0113176848420903,0,0,0,0,0,0,0,0,0,0,0,0,0,0,0,0,0,0,0,0,0,0,0,0,0,0,0,0,0,0,0,0.0113176848420903,0,0,0,0,0,0,0,0,0,0,0,0,0,0,0,0,0,0,0,0,0,0,0,0,0,0,0.00848826363156775,0,0,0,0,0,0,0,0,0,0,0,0,0,0,0,0,0,0,0,0.00282942121052258,0,0,0,0,0,0.00282942121052258,0,0,0,0,0,0,0,0,0,0,0,0,0,0,0,0,0,0,0,0,0,0,0,0,0,0,0,0,0,0,0,0,0,0.00565884242104517,0,0,0,0,0,0,0,0,0,0,0,0,0,0,0,0,0.0141471060526129,0,0.00848826363156775,0,0,0,0,0,0,0,0,0,0,0,0,0,0,0.00565884242104517,0.00282942121052258,0.00282942121052258,0,0,0,0,0,0.00565884242104517,0.0113176848420903,0.0141471060526129,0,0.00282942121052258,0,0,0,0,0,0,0,0,0,0,0,0.00848826363156775,0,0,0,0,0,0,0,0,0,0,0,0,0,0,0,0,0,0,0,0,0,0,0,0,0,0,0,0,0,0,0,0.0141471060526129,0,0,0,0,0,0,0,0,0,0,0,0,0,0,0,0,0,0,0,0,0,0,0.033953054526271,0,0,0,0,0,0,0.0113176848420903,0,0,0,0,0.0452707393683613,0,0,0,0,0,0,0,0,0,0,0,0,0,0,0,0.00282942121052258,0,0,0,0,0,0,0,0,0,0,0,0,0,0,0,0,0,0,0,0.00565884242104517,0,0,0,0.00282942121052258,0.0254647908947033,0.0282942121052258,0,0,0,0,0,0,0,0,0,0,0,0,0,0,0,0,0,0,0,0,0,0,0,0,0.00565884242104517,0,0,0,0,0,0,0,0.00282942121052258,0.00282942121052258,0,0,0,0,0,0,0,0,0.00282942121052258,0,0,0,0,0,0.00282942121052258,0,0,0,0,0,0,0,0,0,0,0,0,0,0,0,0,0,0,0,0,0,0,0,0,0,0,0,0,0,0,0,0,0,0,0,0,0,0,0,0,0,0,0,0,0,0,0.0141471060526129,0,0,0,0,0,0,0,0,0,0,0,0,0,0,0.00565884242104517,0,0,0,0,0,0,0,0,0,0,0,0,0,0,0,0.788276749251592,0,0,0,0,0,0,0,0.335669217512441,0,0,1.3647715660609,0,0,0,0,0,0,0,0,0,0,1.9351175105411,0,0,0,0,0,0,0,0,0,0,0,0,0,0,0,0,0,0,0,0,0,0,0,0,0,0,0,0,0,0,0,0,0,0,0,0,0,0,0,0,0,0,0,0,0,0,0,0,1.57256186581554,0,0,0,0,0,0,0.0980785542552974,0,0,1.72052219939373,0,0,0,0,0,0,0,0,0,0,0,0,0,0,0,0,0,0,0,0,0,0,0,0,5.03730271639924,0,0,0,0,4.47392891666029,0,0,0,0.0412580988084822,0,0,0,0,0.107222841174838,0,0,0,0,0,0,0,0,0,0,0.0877238271159633,0,0.0846059189212884,0,0,0,0,0,0,0,0,0,0,0,0,0,0,0,0,0,0,0,0,0,0,0,0,0,0,0,0,0,0,0,0.49939026578024,0,3.14771977902153,5.9360479971955,0,0,0,0,0,0,0.54947018315172,0,0,0,0.119323859908858,0,0,0.281988661853712,0,0,0,1.76001736618649,0,0,0,0,0,0,0,0,0,0,0,0.0332145755903246,0,0,0,0,2.45858217890963,0,0,0,0,0,0,0,0,0,0,0,0,0,0,0,0,0,0,0,0,0,0,0,0,0,0,0,0,0.411753057564537,0,0,1.2086798345997,0,0,0,0,0,0,0,0,0,0,0,0,0,0,0,0,0,0,0,0,0,0,0,0,0,0,0,0,0,0,0,1.30232973525287,0,0,0,0,0,0,0,0,0,0,0,0,0,0,0,0,0,0,0,0,0,0,0,0,0,0,0.0651811907898497,0,0,0,0,0,0,0,0,0,0,0,0,0,0,0,0,0,0,0,0.164690365394844,0,0,0,0,0,0.00240840333439682,0,0,0,0,0,0,0,0,0,0,0,0,0,0,0,0,0,0,0,0,0,0,0,0,0,0,0,0,0,0,0,0,0,0.0289404263066379,0,0,0,0,0,0,0,0,0,0,0,0,0,0,0,0,7.22479605917322,0,2.20954469118084,0,0,0,0,0,0,0,0,0,0,0,0,0,0,1.93698296696254,0.474639722654202,0.520984193367579,0,0,0,0,0,2.22319450535632,1.38450275020031,1.81622138263188,0,0.359167970498281,0,0,0,0,0,0,0,0,0,0,0,12.8953522556341,0,0,0,0,0,0,0,0,0,0,0,0,0,0,0,0,0,0,0,0,0,0,0,0,0,0,0,0,0,0,0,0.102173073532955,0,0,0,0,0,0,0,0,0,0,0,0,0,0,0,0,0,0,0,0,0,0,2.8044351576967,0,0,0,0,0,0,0.0226892562179147,0,0,0,0,0.181771214959413,0,0,0,0,0,0,0,0,0,0,0,0,0,0,0,0.624736203283387,0,0,0,0,0,0,0,0,0,0,0,0,0,0,0,0,0,0,0,0.00604817077961307,0,0,0,0.166673115073471,0.0809059318329859,0.26667714469736,0,0,0,0,0,0,0,0,0,0,0,0,0,0,0,0,0,0,0,0,0,0,0,0,0.743681844194238,0,0,0,0,0,0,0,0.796368047866512,0.529667650609828,0,0,0,0,0,0,0,0,0.900131336651796,0,0,0,0,0,0.619660221631709,0,0,0,0,0,0,0,0,0,0,0,0,0,0,0,0,0,0,0,0,0,0,0,0,0,0,0,0,0,0,0,0,0,0,0,0,0,0,0,0,0,0,0,0,0,0,0.00860144047998865,0,0,0,0,0,0,0,0,0,0,0,0,0,0,6.28088301287638,0,0,0,0,0,0,0,0,0,0,169.634103,179.0015031,152.2334026,170.696903,167.734203,198.1638035,166.9820029,170.063303,203.0118037,166.3015029,184.6201032,"PAL-00562"
"698",8824,"nSPC",2015,"PRIAs","Pacific Remote Island Areas","Palmyra","Palmyra",2015,"ForereefMid","Palmyra","2015-04-16","Forereef","Mid",5.87293276,-162.00327781,13.2,22.5,9,0,10,57.5,1,0,0,NA,0.215,0.177082650271388,0.5,2,1,17.82277642094,1.1274497277659,5.12210855838557,4.18821955088127,28.2605542579728,2.74857004543603,0,0,0,0,0,0,0,0,0,0,0,0,0,0,0,0,0,0.0141471060526129,0,0.00282942121052258,0,0.00282942121052258,0,0,0,0,0,0,0,0,0,0,0,0,0,0,0,0,0,0,0,0,0,0,0,0,0,0,0,0,0,0,0,0,0,0,0,0,0,0,0,0,0,0,0.00282942121052258,0.00282942121052258,0,0,0,0,0,0,0,0,0,0,0,0,0,0,0,0,0,0,0,0,0.00565884242104517,0,0,0,0,0,0,0,0,0,0,0,0,0,0,0,0,0,0,0,0,0,0,0,0,0,0,0,0,0,0.0141471060526129,0,0,0,0,0,0,0,0,0,0,0,0,0,0,0,0,0,0,0,0,0,0,0,0,0,0,0,0,0,0,0,0,0,0,0,0.0141471060526129,0,0,0,0,0,0,0,0,0,0,0,0,0,0,0,0,0,0,0,0.00282942121052258,0,0,0,0,0,0,0,0,0,0,0,0,0,0,0.00282942121052258,0,0,0,0.00282942121052258,0,0,0,0,0.0113176848420903,0,0,0,0,0,0,0.215036011999716,0,0,0,0,0,0.0198059484736581,0,0,0,0,0,0,0,0,0,0,0,0,0,0,0,0,0,0,0,0,0,0,0,0,0,0,0,0,0,0,0.00282942121052258,0,0,0,0,0,0,0,0,0,0,0,0,0,0,0,0,0,0,0,0,0,0,0,0,0,0,0,0,0.00282942121052258,0,0,0,0,0,0.00282942121052258,0,0,0,0,0,0,0,0,0,0,0,0,0,0,0,0,0,0,0,0,0,0,0,0,0,0,0,0,0,0,0,0,0,0,0,0,0,0,0,0,0,0,0,0,0,0,0,0,0,0.00848826363156775,0,0,0,0,0,0,0,0,0,0,0,0,0,0,0,0,0,0,0,0,0,0,0,0,0,0,0,0,0,0,0,0,0,0.00282942121052258,0,0,0,0,0,0,0,0,0,0,0,0,0,0,0,0,0.00565884242104517,0,0,0,0,0,0,0,0,0,0,0,0,0.00282942121052258,0,0,0,0.00565884242104517,0.0113176848420903,0,0,0,0,0,0,0,0,0,0,0,0,0,0,0,0,0,0,0,0,0,0,0,0,0,0,0,0,0,0,0,0,0,0,0,0,0,0,0,0,0,0,0,0,0,0,0,0,0,0,0,0,0,0.00282942121052258,0.0169765272631355,0,0,0,0,0,0.00282942121052258,0.00565884242104517,0,0,0,0,0,0,0,0,0,0,0,0,0,0,0,0,0,0,0,0,0,0,0.0198059484736581,0,0,0,0,0.00282942121052258,0,0,0,0,0,0,0,0,0,0,0,0,0,0.0113176848420903,0,0,0,0,0,0,0,0,0,0,0,0,0,0,0,0,0,0,0,0,0,0,0,0,0,0,0,0,0,0,0,0,0,0,0,0,0,0,0,0,0,0,0,0,0,0,0,0,0,0,0,0,0,0,0,0,0,0,0,0,0,0,0,0,0,0,0,0,0,0.00282942121052258,0,0,0,0,0,0,0.00282942121052258,0,0,0,0.00565884242104517,0,0,0,0,0,0,0,0,0,0,0,0,0,0,0,0,0,0,0,0,0,0,0,0,0,0,0,0,0,0,0,0.0113176848420903,0.00282942121052258,0,0,0,0,0,0,0,0,0,0.215036011999716,0,0,0,0,0,0,0,0.107518005999858,0,0,0,0,0,0,0,0,0,0,0,0,0,0,0,0,0,0,0,0,0,0,0,0,0,0,0,0,0,0,0,0,0,0,0.306528006286152,0,0.208086578137422,0,0.217385030496447,0,0,0,0,0,0,0,0,0,0,0,0,0,0,0,0,0,0,0,0,0,0,0,0,0,0,0,0,0,0,0,0,0,0,0,0,0,0,0,0,0,0,8.19120059714253,0.204882759234707,0,0,0,0,0,0,0,0,0,0,0,0,0,0,0,0,0,0,0,0,1.11510123022195,0,0,0,0,0,0,0,0,0,0,0,0,0,0,0,0,0,0,0,0,0,0,0,0,0,0,0,0,0,2.73421034470184,0,0,0,0,0,0,0,0,0,0,0,0,0,0,0,0,0,0,0,0,0,0,0,0,0,0,0,0,0,0,0,0,0,0,0,0.0106355804460822,0,0,0,0,0,0,0,0,0,0,0,0,0,0,0,0,0,0,0,0.00467194030281489,0,0,0,0,0,0,0,0,0,0,0,0,0,0,0.140994330926856,0,0,0,0.501930908636207,0,0,0,0,1.21334044968032,0,0,0,0,0,0,0.274038498386986,0,0,0,0,0,0.0425593228455231,0,0,0,0,0,0,0,0,0,0,0,0,0,0,0,0,0,0,0,0,0,0,0,0,0,0,0,0,0,0,0.33008150619535,0,0,0,0,0,0,0,0,0,0,0,0,0,0,0,0,0,0,0,0,0,0,0,0,0,0,0,0,0.35359787922812,0,0,0,0,0,0.32758889003573,0,0,0,0,0,0,0,0,0,0,0,0,0,0,0,0,0,0,0,0,0,0,0,0,0,0,0,0,0,0,0,0,0,0,0,0,0,0,0,0,0,0,0,0,0,0,0,0,0,0.0175361867785769,0,0,0,0,0,0,0,0,0,0,0,0,0,0,0,0,0,0,0,0,0,0,0,0,0,0,0,0,0,0,0,0,0,0.00889828028477043,0,0,0,0,0,0,0,0,0,0,0,0,0,0,0,0,5.09464857252789,0,0,0,0,0,0,0,0,0,0,0,0,0.012528677120194,0,0,0,0.446149380085282,1.31145739183417,0,0,0,0,0,0,0,0,0,0,0,0,0,0,0,0,0,0,0,0,0,0,0,0,0,0,0,0,0,0,0,0,0,0,0,0,0,0,0,0,0,0,0,0,0,0,0,0,0,0,0,0,0,0.382311393965811,0.130919732146368,0,0,0,0,0,0.141445360875306,0.597773382462807,0,0,0,0,0,0,0,0,0,0,0,0,0,0,0,0,0,0,0,0,0,0,0.0876337166485015,0,0,0,0,0.0120291513290958,0,0,0,0,0,0,0,0,0,0,0,0,0,0.0288569503121364,0,0,0,0,0,0,0,0,0,0,0,0,0,0,0,0,0,0,0,0,0,0,0,0,0,0,0,0,0,0,0,0,0,0,0,0,0,0,0,0,0,0,0,0,0,0,0,0,0,0,0,0,0,0,0,0,0,0,0,0,0,0,0,0,0,0,0,0,0,0.644651903064651,0,0,0,0,0,0,0.5422981868936,0,0,0,1.05968904684157,0,0,0,0,0,0,0,0,0,0,0,0,0,0,0,0,0,0,0,0,0,0,0,0,0,0,0,0,0,0,0,0.885991376641231,0.10913607313467,0,0,0,0,0,0,0,0,0,0.320538055387077,0,0,0,0,0,0,0,0.249227586734034,0,0,0,0,0,0,0,0,0,0,0,0,0,0,0,0,0,169.572803,179.0474031,152.2419026,170.761403,167.779703,198.1420034,166.8962029,169.988303,203.0407037,166.1981029,184.5581032,"PAL-00451"
"699",8825,"nSPC",2015,"PRIAs","Pacific Remote Island Areas","Palmyra","Palmyra",2015,"ForereefMid","Palmyra","2015-04-16","Forereef","Mid",5.87516704,-162.00593613,12.5,37,7,1.5,6.5,47,1,0,0,NA,0.3225,0.204434310207818,0.7,2,1,3.94795288040539,5.38711064580115,8.30478264867075,10.7661925930115,28.4060387678888,6.07312341117988,0,0,0,0,0,0,0,0,0,0,0,0,0,0,0,0,0,0.00848826363156775,0,0,0,0,0,0,0,0,0,0,0,0,0,0,0,0,0,0,0,0,0,0,0,0,0,0,0,0,0,0,0,0,0,0,0,0,0,0,0,0,0,0,0,0,0,0,0,0,0,0,0,0,0,0,0,0,0,0,0.00282942121052258,0,0,0,0,0,0,0,0,0,0,0,0,0,0,0,0,0,0,0,0,0,0,0,0,0,0,0,0,0,0,0,0,0,0,0,0,0,0,0,0.00565884242104517,0,0,0,0.00282942121052258,0,0,0,0,0,0,0,0,0,0,0,0,0,0,0,0.00565884242104517,0,0.33953054526271,0,0,0,0,0,0,0,0,0,0,0,0,0,0,0,0,0,0,0,0,0,0,0,0,0,0,0,0,0,0,0,0,0,0.0226353696841807,0,0,0.00282942121052258,0,0,0,0,0,0,0,0,0,0,0,0.0113176848420903,0,0.00282942121052258,0,0.00565884242104517,0,0,0,0,0.00565884242104517,0,0,0,0,0,0,0.565884242104517,0,0,0,0,0,0,0,0,0,0,0,0,0,0,0,0,0,0,0,0,0,0,0,0,0,0,0,0,0,0,0,0,0,0,0,0,0.00282942121052258,0,0,0,0,0,0,0,0,0,0,0,0,0,0,0,0,0,0,0,0,0,0,0,0,0,0,0,0,0.00565884242104517,0,0,0,0,0,0.00282942121052258,0,0,0,0,0,0,0,0,0,0,0,0,0,0,0,0,0,0,0,0,0,0,0,0,0,0,0,0,0,0,0,0,0,0,0,0,0,0,0,0,0,0,0,0,0,0,0,0,0,0.00565884242104517,0,0,0,0,0,0,0,0,0,0,0,0,0,0,0,0,0,0,0,0,0,0,0,0,0,0,0,0,0,0,0,0,0.00565884242104517,0,0,0,0,0,0,0,0,0,0,0,0,0,0,0,0,0,0,0,0.00282942121052258,0,0,0,0,0,0,0,0,0,0,0.00282942121052258,0,0,0,0.0254647908947033,0.00848826363156775,0,0,0,0,0,0,0,0,0,0,0,0,0,0,0,0,0,0,0,0,0,0,0,0,0,0,0,0,0,0,0,0,0,0,0,0,0,0,0,0,0,0,0,0,0,0,0,0,0,0,0,0,0,0,0.0169765272631355,0,0,0,0,0,0,0.00565884242104517,0,0,0,0,0,0,0,0.0141471060526129,0,0,0,0,0,0,0,0,0,0,0,0,0,0,0.033953054526271,0,0,0,0,0.0226353696841807,0,0,0,0,0,0,0,0,0,0,0,0,0,0,0,0,0,0,0,0,0,0,0,0,0,0,0,0,0,0,0,0,0,0.00282942121052258,0,0,0,0,0,0,0,0,0,0,0,0,0,0,0,0,0,0,0,0,0,0,0,0,0,0,0,0,0,0,0,0,0,0,0,0,0,0,0,0,0,0,0,0,0,0,0,0,0,0,0.00565884242104517,0,0,0,0,0,0,0,0,0,0,0,0,0,0,0,0,0,0,0,0,0,0,0,0,0,0,0,0,0,0,0,0,0.00848826363156775,0,0,0,0,0,0,0,0,0.00565884242104517,0,0,0,0,0,0,0,0,0,0,0.0424413181578388,0,0,0,0,0,0,0,0.132982796894561,0,0,0,0,0,0,0,0,0,0,0,0,0.00848826363156775,0,0,0,0,0,0,0,0,0,0,0,0,0,0,0,0,0,0,0,0,0,0.227373255474611,0,0,0,0,0,0,0,0,0,0,0,0,0,0,0,0,0,0,0,0,0,0,0,0,0,0,0,0,0,0,0,0,0,0,0,0,0,0,0,0,0,0,0,0,0,0,0,0,0,0,0,0,0,0,0,0,0,0,0.194296347802044,0,0,0,0,0,0,0,0,0,0,0,0,0,0,0,0,0,0,0,0,0,0,0,0,0,0,0,0,0,0,0,0,0,0,0,0,0,0,0,1.32182365560767,0,0,0,0.0133986696144496,0,0,0,0,0,0,0,0,0,0,0,0,0,0,0,0.197641745519518,0,0.684731250631307,0,0,0,0,0,0,0,0,0,0,0,0,0,0,0,0,0,0,0,0,0,0,0,0,0,0,0,0,0,0,0,0,0,0.04628140862476,0,0,0.140994330926856,0,0,0,0,0,0,0,0,0,0,0,0.369018992798978,0,0.140994330926856,0,1.47557405438435,0,0,0,0,0.539854186819731,0,0,0,0,0,0,0.664291511806492,0,0,0,0,0,0,0,0,0,0,0,0,0,0,0,0,0,0,0,0,0,0,0,0,0,0,0,0,0,0,0,0,0,0,0,0,0.33008150619535,0,0,0,0,0,0,0,0,0,0,0,0,0,0,0,0,0,0,0,0,0,0,0,0,0,0,0,0,1.05051326373169,0,0,0,0,0,0.644223078972394,0,0,0,0,0,0,0,0,0,0,0,0,0,0,0,0,0,0,0,0,0,0,0,0,0,0,0,0,0,0,0,0,0,0,0,0,0,0,0,0,0,0,0,0,0,0,0,0,0,0.0105367645879861,0,0,0,0,0,0,0,0,0,0,0,0,0,0,0,0,0,0,0,0,0,0,0,0,0,0,0,0,0,0,0,0,0.0239802630545091,0,0,0,0,0,0,0,0,0,0,0,0,0,0,0,0,0,0,0,0.418528844675151,0,0,0,0,0,0,0,0,0,0,0.058003134815713,0,0,0,3.96379803417562,1.62872272488071,0,0,0,0,0,0,0,0,0,0,0,0,0,0,0,0,0,0,0,0,0,0,0,0,0,0,0,0,0,0,0,0,0,0,0,0,0,0,0,0,0,0,0,0,0,0,0,0,0,0,0,0,0,0,0.203128307366314,0,0,0,0,0,0,0.733751136574117,0,0,0,0,0,0,0,0.0952173377279577,0,0,0,0,0,0,0,0,0,0,0,0,0,0,0.120465151308722,0,0,0,0,0.0950283336979116,0,0,0,0,0,0,0,0,0,0,0,0,0,0,0,0,0,0,0,0,0,0,0,0,0,0,0,0,0,0,0,0,0,6.23716964565529,0,0,0,0,0,0,0,0,0,0,0,0,0,0,0,0,0,0,0,0,0,0,0,0,0,0,0,0,0,0,0,0,0,0,0,0,0,0,0,0,0,0,0,0,0,0,0,0,0,0,4.50233201906758,0,0,0,0,0,0,0,0,0,0,0,0,0,0,0,0,0,0,0,0,0,0,0,0,0,0,0,0,0,0,0,0,0.0320830813257475,0,0,0,0,0,0,0,0,0.373965733163254,0,0,0,0,0,0,0,0,0,0,0.0280084405629631,0,0,0,0,0,0,0,0.804316455151923,0,0,0,0,0,0,0,0,0,0,0,0,1.03591177026024,0,0,0,0,143.7751025,152.7217026,129.4706022,149.0205026,140.2861025,175.621103,140.4201024,141.9770025,180.6503033,136.9975024,167.3704029,"PAL-00595"
"700",8826,"nSPC",2015,"PRIAs","Pacific Remote Island Areas","Palmyra","Palmyra",2015,"ForereefMid","Palmyra","2015-04-16","Forereef","Mid",5.86899787,-162.0117489,9.9,19,3,2,20,56,0,0,0,NA,0.15,0.1,0.45,2,1,1.34987667958233,10.0561545752152,46.5394517147045,2.58560832573936,60.5310912952413,0.309789611802869,0,0,0,0,0,0,0,0,0,0,0,0,0,0,0,0,0,0.0481001605788839,0,0.0282942121052258,0,0,0,0,0,0,0,0,0,0,0,0,0,0,0,0,0,0,0,0,0,0,0,0,0,0,0,0,0,0,0,0,0,0,0,0,0,0,0,0,0,0,0,0,0,0,0,0,0,0,0,0,0,0,0,0,0,0,0,0,0,0.00565884242104517,0,0,0,0,0,0,0,0,0,0,0,0,0,0,0,0,0,0,0,0,0,0,0,0,0,0,0,0,0,0,0,0,0,0,0.00565884242104517,0,0,0,0.0113176848420903,0,0,0,0,0,0,0,0,0,0,0,0,0,0,0,0,0,0,0,0,0,0,0,0,0,0,0,0,0.00282942121052258,0,0,0,0,0,0,0,0,0,0,0,0,0,0,0,0,0,0,0,0,0,0,0,0,0,0.00282942121052258,0,0,0,0,0,0,0,0,0,0,0,0.00565884242104517,0,0,0,0.00282942121052258,0,0,0,0,0,0,0,0,0,0,0,0.33953054526271,0,0,0,0,0,0,0,0,0,0,0,0,0,0.00282942121052258,0,0,0,0,0,0,0,0,0,0,0,0,0,0,0,0,0,0,0,0,0,0,0,0,0,0,0,0,0,0,0,0,0,0,0,0,0,0,0,0,0,0,0,0,0,0,0,0,0,0,0,0,0,0,0.00282942121052258,0,0,0,0,0,0,0,0,0,0,0,0,0,0,0,0,0,0,0,0,0,0,0,0,0,0,0.00282942121052258,0,0,0,0,0,0,0,0,0,0,0,0,0,0,0,0,0,0,0,0,0,0,0,0,0,0,0,0,0,0,0,0,0,0,0,0,0,0,0,0,0,0,0,0,0,0,0,0,0,0,0,0,0,0,0,0,0,0,0,0.00282942121052258,0,0,0,0,0,0,0,0,0,0,0,0,0,0,0,0,0,0,0.00565884242104517,0,0,0,0,0,0,0,0,0,0,0,0,0,0,0.0452707393683613,0,0,0,0,0,0,0,0,0,0,0,0,0,0,0,0,0,0,0,0,0,0,0,0,0,0,0,0,0,0,0,0,0,0,0,0,0,0,0,0,0,0,0,0,0,0,0,0,0,0,0,0,0,0,0,0.0254647908947033,0,0,0,0,0,0,0.00565884242104517,0,0,0,0.00565884242104517,0,0,0,0,0,0,0,0,0,0,0,0,0,0,0,0,0,0,0.00848826363156775,0,0,0,0.00848826363156775,0,0,0,0,0,0,0.00565884242104517,0,0,0,0,0,0,0,0,0,0,0,0,0,0,0,0,0,0,0,0,0,0,0,0,0,0,0,0,0,0,0,0,0,0,0,0,0,0,0,0,0,0,0,0,0,0,0,0,0,0,0,0,0,0,0,0,0,0,0,0.00282942121052258,0,0,0,0,0,0,0,0,0,0,0,0,0,0,0,0,0,0,0,0,0,0,0,0,0,0,0,0,0,0,0,0,0,0,0,0,0,0,0,0,0,0,0,0,0,0,0,0,0,0,0,0.0141471060526129,0,0,0,0,0,0,0,0,0,0,0,0,0,0,0,0,0,0,0,0.0735649514735872,0,0,0,0,0,0,0,0.0424413181578388,0,0,0,0,0,0,0,0,0,0,0,0,0,0,0,0,0,0,0,0,0,0,0,0,0,0,0,0,0,0,0,0,0,0,0.842015042767042,0,0.706972985242135,0,0,0,0,0,0,0,0,0,0,0,0,0,0,0,0,0,0,0,0,0,0,0,0,0,0,0,0,0,0,0,0,0,0,0,0,0,0,0,0,0,0,0,0,0,0,0,0,0,0,0,0,0,0,0,0,0,0,0,0,0,0.0133804890642174,0,0,0,0,0,0,0,0,0,0,0,0,0,0,0,0,0,0,0,0,0,0,0,0,0,0,0,0,0,0,0,0,0,0,0.95034922086821,0,0,0,0.0501128194078784,0,0,0,0,0,0,0,0,0,0,0,0,0,0,0,0,0,0,0,0,0,0,0,0,0,0,0,0,44.5728206304032,0,0,0,0,0,0,0,0,0,0,0,0,0,0,0,0,0,0,0,0,0,0,0,0,0,0.108700801963264,0,0,0,0,0,0,0,0,0,0,0,0.281988661853712,0,0,0,0.309789611802869,0,0,0,0,0,0,0,0,0,0,0,0.560632836337787,0,0,0,0,0,0,0,0,0,0,0,0,0,0.00301688423752497,0,0,0,0,0,0,0,0,0,0,0,0,0,0,0,0,0,0,0,0,0,0,0,0,0,0,0,0,0,0,0,0,0,0,0,0,0,0,0,0,0,0,0,0,0,0,0,0,0,0,0,0,0,0,0.372388196362932,0,0,0,0,0,0,0,0,0,0,0,0,0,0,0,0,0,0,0,0,0,0,0,0,0,0,0.0863340103006628,0,0,0,0,0,0,0,0,0,0,0,0,0,0,0,0,0,0,0,0,0,0,0,0,0,0,0,0,0,0,0,0,0,0,0,0,0,0,0,0,0,0,0,0,0,0,0,0,0,0,0,0,0,0,0,0,0,0,0,0.0136985311808475,0,0,0,0,0,0,0,0,0,0,0,0,0,0,0,0,0,0,0.736287767146896,0,0,0,0,0,0,0,0,0,0,0,0,0,0,9.40115331179379,0,0,0,0,0,0,0,0,0,0,0,0,0,0,0,0,0,0,0,0,0,0,0,0,0,0,0,0,0,0,0,0,0,0,0,0,0,0,0,0,0,0,0,0,0,0,0,0,0,0,0,0,0,0,0,0.121412817969296,0,0,0,0,0,0,0.399527458714115,0,0,0,0.176557436001391,0,0,0,0,0,0,0,0,0,0,0,0,0,0,0,0,0,0,0.0432156334909248,0,0,0,0.0216627565163752,0,0,0,0,0,0,0.0203845986060538,0,0,0,0,0,0,0,0,0,0,0,0,0,0,0,0,0,0,0,0,0,0,0,0,0,0,0,0,0,0,0,0,0,0,0,0,0,0,0,0,0,0,0,0,0,0,0,0,0,0,0,0,0,0,0,0,0,0,0,0.262412010841709,0,0,0,0,0,0,0,0,0,0,0,0,0,0,0,0,0,0,0,0,0,0,0,0,0,0,0,0,0,0,0,0,0,0,0,0,0,0,0,0,0,0,0,0,0,0,0,0,0,0,0,0.037356026475323,0,0,0,0,0,0,0,0,0,0,0,0,0,0,0,0,0,0,0,0.0809879380193932,0,0,0,0,0,0,0,0.357932817873828,0,0,0,0,0,0,0,0,0,0,0,0,0,0,0,0,0,0,0,0,0,0,0,0,0,0,0,0,"PAL-00491"
"701",8827,"nSPC",2015,"PRIAs","Pacific Remote Island Areas","Palmyra","Palmyra",2015,"ForereefMid","Palmyra","2015-04-16","Forereef","Mid",5.86413184,-162.02506305,10.1,6.5,0,1,3,89.5,0,0,0,NA,0.18875,0.165136285202545,0.7,2,1,26.7112563544533,0.745194513783682,11.5952287283614,3.20563402032669,42.257313616925,9.61089812696754,0,0,0,0,0,0,0,0,0,0,0,0,0,0,0,0,0.00565884242104517,0,0,0,0,0.00848826363156775,0,0,0,0,0.00848826363156775,0,0,0,0,0,0,0,0,0,0,0,0,0,0,0,0,0,0,0,0,0,0,0,0,0,0,0,0,0,0,0,0,0,0,0,0,0,0,0.00565884242104517,0,0,0,0,0,0,0,0,0,0,0,0,0,0,0,0,0,0,0,0,0,0,0,0,0,0,0,0,0,0,0,0,0,0,0.00282942121052258,0,0,0,0,0,0,0,0,0,0,0,0,0,0,0,0.00565884242104517,0,0,0,0.00848826363156775,0,0,0,0,0,0,0,0,0,0,0,0,0,0,0,0,0,0,0,0,0,0,0,0,0,0,0,0,0,0,0,0.0282942121052258,0,0,0,0,0,0,0,0,0,0,0,0,0,0,0,0,0,0,0,0,0.00282942121052258,0,0,0,0,0,0,0.00565884242104517,0,0,0,0,0,0,0,0,0,0,0.0169765272631355,0,0,0,0,0.00282942121052258,0,0,0,0,0,0,0.0848826363156775,0,0,0,0,0,0,0,0,0,0,0,0,0,0,0,0,0,0,0,0,0,0,0,0,0,0,0,0,0,0,0,0,0,0,0,0.00282942121052258,0,0,0,0,0,0,0,0,0,0,0,0,0,0,0,0,0,0,0,0,0,0,0,0,0,0,0,0,0,0,0,0,0.00282942121052258,0,0,0,0,0,0,0,0,0,0,0,0,0,0,0,0,0,0,0,0,0,0,0,0,0,0,0,0,0,0,0,0,0,0,0,0,0,0,0,0,0,0,0,0,0,0,0,0,0,0,0,0,0,0,0,0,0,0,0,0,0,0,0,0,0,0,0,0,0,0,0,0,0,0,0,0,0,0,0,0,0,0,0,0,0,0,0,0,0,0,0,0,0,0,0,0,0,0,0,0,0,0.00565884242104517,0,0.00848826363156775,0,0.00282942121052258,0,0,0,0,0,0,0,0,0,0,0,0,0,0,0.00282942121052258,0.00565884242104517,0,0,0,0,0,0,0,0,0,0,0,0,0,0,0,0,0,0,0,0,0,0,0,0,0,0,0,0,0,0,0,0,0,0,0,0,0,0,0,0,0,0,0,0,0,0,0,0,0,0,0,0,0,0,0.00282942121052258,0,0,0,0,0,0.00282942121052258,0.00565884242104517,0,0,0,0,0,0,0,0,0,0,0,0,0,0,0,0,0,0,0,0,0,0,0,0,0,0,0.00282942121052258,0.00282942121052258,0,0,0,0,0,0,0,0,0,0,0,0,0,0,0,0,0,0,0,0,0,0,0,0,0,0,0,0,0,0,0,0,0,0,0,0,0,0,0,0,0,0,0,0,0,0,0,0,0,0,0,0,0,0,0,0,0,0,0,0,0,0,0,0,0,0.00848826363156775,0,0,0,0,0,0,0,0,0,0,0,0,0,0,0,0,0,0,0.00565884242104517,0,0,0.00282942121052258,0,0,0,0,0,0,0,0,0,0,0,0.00282942121052258,0,0,0,0,0,0,0,0,0,0,0,0,0,0,0,0,0,0.0113176848420903,0,0,0,0,0,0,0,0,0,0,0,0,0,0,0,0,0,0,0,0.410266075525775,0,0,0,0,0,0,0,0.118835690841949,0,0,0,0,0,0,0,0,0,0,0,0,0.00282942121052258,0,0,0,0,0,0,0,0,0,0,0,0,0,0,0,0,0,0,0,0,0.287830723221435,0,0,0,0,0.980655090942757,0,0,0,0,0.229300408041121,0,0,0,0,0,0,0,0,0,0,0,0,0,0,0,0,0,0,0,0,0,0,0,0,0,0,0,0,0,0,0,0,0,0,0,0,0,0,0.259960517392889,0,0,0,0,0,0,0,0,0,0,0,0,0,0,0,0,0,0,0,0,0,0,0,0,0,0,0,0,0,0,0,0,0,0,0.313066809210036,0,0,0,0,0,0,0,0,0,0,0,0,0,0,0,0.634068557175502,0,0,0,0.0348398894234931,0,0,0,0,0,0,0,0,0,0,0,0,0,0,0,0,0,0,0,0,0,0,0,0,0,0,0,0,0,0,0,0.0497076158840252,0,0,0,0,0,0,0,0,0,0,0,0,0,0,0,0,0,0,0,0,3.08710261587805,0,0,0,0,0,0,0.358222584828211,0,0,0,0,0,0,0,0,0,0,0.535715867936579,0,0,0,0,0.509690325592484,0,0,0,0,0,0,0.0726340718953253,0,0,0,0,0,0,0,0,0,0,0,0,0,0,0,0,0,0,0,0,0,0,0,0,0,0,0,0,0,0,0,0,0,0,0,0.129925411583563,0,0,0,0,0,0,0,0,0,0,0,0,0,0,0,0,0,0,0,0,0,0,0,0,0,0,0,0,0,0,0,0,0.49949091960579,0,0,0,0,0,0,0,0,0,0,0,0,0,0,0,0,0,0,0,0,0,0,0,0,0,0,0,0,0,0,0,0,0,0,0,0,0,0,0,0,0,0,0,0,0,0,0,0,0,0,0,0,0,0,0,0,0,0,0,0,0,0,0,0,0,0,0,0,0,0,0,0,0,0,0,0,0,0,0,0,0,0,0,0,0,0,0,0,0,0,0,0,0,0,0,0,0,0,0,0,0,5.50459686118788,0,19.9583634229419,0,0.264217989217526,0,0,0,0,0,0,0,0,0,0,0,0,0,0,0.248286972602325,0.26164737881551,0,0,0,0,0,0,0,0,0,0,0,0,0,0,0,0,0,0,0,0,0,0,0,0,0,0,0,0,0,0,0,0,0,0,0,0,0,0,0,0,0,0,0,0,0,0,0,0,0,0,0,0,0,0,0.0204346147065911,0,0,0,0,0,0.0448203933684347,0.569407119779547,0,0,0,0,0,0,0,0,0,0,0,0,0,0,0,0,0,0,0,0,0,0,0,0,0,0,0.00722091883879172,0.0120291513290958,0,0,0,0,0,0,0,0,0,0,0,0,0,0,0,0,0,0,0,0,0,0,0,0,0,0,0,0,0,0,0,0,0,0,0,0,0,0,0,0,0,0,0,0,0,0,0,0,0,0,0,0,0,0,0,0,0,0,0,0,0,0,0,0,0,0.394615446358711,0,0,0,0,0,0,0,0,0,0,0,0,0,0,0,0,0,0,4.96931662422242,0,0,0.606265741621095,0,0,0,0,0,0,0,0,0,0,0,0.412497277309392,0,0,0,0,0,0,0,0,0,0,0,0,0,0,0,0,0,0.0601316993659653,0,0,0,0,0,0,0,0,0,0,0,0,0,0,0,0,0,0,0,0.374565853402006,0,0,0,0,0,0,0,0.302675636342927,0,0,0,0,0,0,0,0,0,0,0,0,0.264009106903639,0,0,0,0,35.04140064,37.50920068,34.72070061,29.52290049,37.93620068,37.12160067,42.04120072,43.05430076,40.96520075,45.76590082,26.45370045,"PAL-00480"
"702",8838,"nSPC",2015,"PRIAs","Pacific Remote Island Areas","Palmyra","Palmyra",2015,"ForereefDeep","Palmyra","2015-04-17","Forereef","Deep",5.89788501,-162.07765547,25.55,11,12.5,12.5,9,47.5,7.5,0,0,NA,0.5375,0.386048181159388,1.25,2,1,20.7235387889481,46.0470799232361,13.8545690021762,12.9758485923064,93.6010363066667,3.62035384389991,0,0,0,0,0,0,0,0,0,0,0,0,0,0,0,0,0.0254647908947033,0,0.00282942121052258,0,0,0.00282942121052258,0,0,0,0.110347427210381,0,0.00282942121052258,0,0,0,0,0,0,0,0,0,0,0,0,0,0.00282942121052258,0,0,0,0,0,0,0,0,0,0,0,0,0,0,0.00282942121052258,0,0,0,0,0,0,0,0,0,0,0,0,0,0,0,0,0,0,0,0.00848826363156775,0.00282942121052258,0,0,0,0,0,0.00282942121052258,0,0,0,0,0,0,0,0,0,0,0,0,0,0,0,0,0,0,0,0,0,0,0,0,0,0,0,0,0,0,0,0,0.00848826363156775,0,0,0,0.101859163578813,0,0,0,0.00565884242104517,0.0735649514735872,0.0169765272631355,0,0,0,0,0,0,0,0,0,0.0113176848420903,0,0,0,0,0,0,0,0,0,0,0,0,0,0,0,0,0,0,0,0,0,0,0,0,0,0,0,0,0,0,0,0,0,0,0,1.35812218105084,0,0,0,0,0,0,0,0,0,0,0,0,0.00282942121052258,0,0,0,0,0,0.00848826363156775,0,0,0,0,0,0,0,0,0,0,0,0,0,0,0,0,0.220694854420762,0,0,0,0,0,0,0,0,0,0,0,0,0,0,0,0,0,0,0,0,0,0,0,0,0,0,0,0,0.0877120575262001,0,0.00848826363156775,0.0254647908947033,0,0,0,0,0,0,0,0,0,0,0,0,0,0,0,0,0,0,0,0,0,0,0,0,0,0,0,0,0,0,0,0,0,0,0,0,0,0.00282942121052258,0,0,0,0,0,0,0,0,0,0,0.00282942121052258,0,0,0,0,0,0,0,0,0,0.00565884242104517,0,0.00282942121052258,0,0,0,0,0,0,0,0,0,0,0,0,0,0,0,0,0,0.00282942121052258,0,0,0,0,0,0.0198059484736581,0,0,0,0,0,0,0,0,0,0,0,0,0,0,0,0,0,0,0,0,0,0,0,0,0,0,0,0,0,0,0,0,0.00282942121052258,0.0141471060526129,0,0,0,0,0,0,0,0,0,0,0,0,0.0848826363156775,0,0,0,0.0113176848420903,0,0.00565884242104517,0,0.00282942121052258,0,0,0,0,0,0,0,0,0,0,0,0,0,0.00565884242104517,0.00282942121052258,0,0,0,0,0,0,0,0,0,0,0,0,0,0,0,0,0,0,0,0,0,0.0113176848420903,0,0,0,0,0,0,0,0.00565884242104517,0,0,0,0,0,0.0169765272631355,0,0,0,0,0,0.0141471060526129,0,0,0,0,0,0,0,0,0,0,0,0,0,0,0,0,0,0.00565884242104517,0.00282942121052258,0,0.0141471060526129,0,0,0,0,0,0,0,0,0,0,0,0,0,0,0,0,0,0,0,0,0,0,0,0,0,0.0113176848420903,0,0,0,0,0,0,0,0,0,0,0,0,0,0.0113176848420903,0,0,0,0,0,0,0,0,0,0,0,0,0,0.537590029999291,0,0,0,0,0,0,0,0.0141471060526129,0,0,0,0,0.101859163578813,0,0,0,0,0,0,0,0,0,0,0,0,0,0,0,0,0,0,0,0,0,0,0,0,0,0,0,0,0,0,0,0,0,0,0.00565884242104517,0,0,0,0,0,0,0,0,0,0,0,0,0,0,0,0,0,0,0,0,0,0,0,0,0,0,0,0,0,0,0,0,0,0,0,0,0,0,0,0,0,0,0,0,0,0,0,0,0,0,0,0,0,0,0,0,0,0,0,0,0,0.141471060526129,0,0,0,0,0,0.00282942121052258,0,0,0,0,0,0,0,0,0,0,0,0,0,0,0.00282942121052258,0,0,0,0,0,0,0,0,0,0,0,0,0,0,0,0,0,0,0,0,2.05499744547659,0,0.361348519144622,0,0,0.393396000525706,0,0,0,3.43793011727938,0,0.278317565323123,0,0,0,0,0,0,0,0,0,0,0,0,0,0.0297089227104871,0,0,0,0,0,0,0,0,0,0,0,0,0,0,0.100267614147894,0,0,0,0,0,0,0,0,0,0,0,0,0,0,0,0,0,0,0,0.251270017799316,8.2016279857277,0,0,0,0,0,0.0567667018323994,0,0,0,0,0,0,0,0,0,0,0,0,0,0,0,0,0,0,0,0,0,0,0,0,0,0,0,0,0,0,0,0,2.56173453221135,0,0,0,0.284814004029613,0,0,0,0.171795382349905,0.287355856559345,3.01523999175442,0,0,0,0,0,0,0,0,0,0.621213650594121,0,0,0,0,0,0,0,0,0,0,0,0,0,0,0,0,0,0,0,0,0,0,0,0,0,0,0,0,0,0,0,0,0,0,0,2.04689384517077,0,0,0,0,0,0,0,0,0,0,0,0,0.0159398925757653,0,0,0,0,0,3.62035384389991,0,0,0,0,0,0,0,0,0,0,0,0,0,0,0,0,1.28753154919753,0,0,0,0,0,0,0,0,0,0,0,0,0,0,0,0,0,0,0,0,0,0,0,0,0,0,0,0,2.61226091192038,0,1.04737688351626,1.96506852647223,0,0,0,0,0,0,0,0,0,0,0,0,0,0,0,0,0,0,0,0,0,0,0,0,0,0,0,0,0,0,0,0,0,0,0,0,0,6.37965731951289,0,0,0,0,0,0,0,0,0,0,0.0970491475209246,0,0,0,0,0,0,0,0,0,0.190896533668984,0,1.44036835932625,0,0,0,0,0,0,0,0,0,0,0,0,0,0,0,0,0,0.109390817412507,0,0,0,0,0,0.0329273893374566,0,0,0,0,0,0,0,0,0,0,0,0,0,0,0,0,0,0,0,0,0,0,0,0,0,0,0,0,0,0,0,0,0.0174192156537166,0.0410007352213274,0,0,0,0,0,0,0,0,0,0,0,0,0.101753060283418,0,0,0,5.19261101882543,0,1.04357504735321,0,0.970468908277384,0,0,0,0,0,0,0,0,0,0,0,0,0,0.949279445308405,0.863156111379449,0,0,0,0,0,0,0,0,0,0,0,0,0,0,0,0,0,0,0,0,0,17.8986237290326,0,0,0,0,0,0,0,18.9940342224766,0,0,0,0,0,0.00988712947805012,0,0,0,0,0,1.85825350364402,0,0,0,0,0,0,0,0,0,0,0,0,0,0,0,0,0,0.128736651073161,0.141445360875306,0,0.720034821852021,0,0,0,0,0,0,0,0,0,0,0,0,0,0,0,0,0,0,0,0,0,0,0,0,0,0.0481166053163831,0,0,0,0,0,0,0,0,0,0,0,0,0,0.00752988286163754,0,0,0,0,0,0,0,0,0,0,0,0,0,0.38367687264201,0,0,0,0,0,0,0,0.0208850897233514,0,0,0,0,0.366298753008614,0,0,0,0,0,0,0,0,0,0,0,0,0,0,0,0,0,0,0,0,0,0,0,0,0,0,0,0,0,0,0,0,0,0,0.567803721453735,0,0,0,0,0,0,0,0,0,0,0,0,0,0,0,0,0,0,0,0,0,0,0,0,0,0,0,0,0,0,0,0,0,0,0,0,0,0,0,0,0,0,0,0,0,0,0,0,0,0,0,0,0,0,0,0,0,0,0,0,0,0.0209660111699723,0,0,0,0,0,0.0379719758553684,0,0,0,0,0,0,0,0,0,0,0,0,0,0,0.264009106903639,0,0,0,0,107.9446019,118.9015021,96.56130168,117.663602,104.4904019,137.0976024,104.1275018,111.512502,129.4543024,91.00910161,135.8655024,"PAL-00563"
"703",8839,"nSPC",2015,"PRIAs","Pacific Remote Island Areas","Palmyra","Palmyra",2015,"ForereefMid","Palmyra","2015-04-17","Forereef","Mid",5.89886192,-162.07215954,11.75,21.5,32.5,4,9,29,4,0,0,NA,0.35125,0.207973767181735,0.9,2,1,9.88672200008699,4.27119157234187,13.7738675270016,5.04815557719821,32.9799366766286,7.24357653883416,0,0,0,0,0,0.00282942121052258,0,0,0,0,0,0,0,0,0,0,0.0141471060526129,0,0,0,0,0,0,0,0,0,0,0,0,0,0,0,0,0,0,0,0,0,0,0,0,0,0,0,0,0,0,0,0,0,0,0,0,0,0,0,0,0,0,0,0,0,0,0,0,0,0,0,0,0,0,0,0,0,0,0,0.00565884242104517,0,0,0,0,0,0,0.00282942121052258,0,0,0,0,0,0,0,0,0,0,0,0,0,0,0,0,0,0,0,0,0,0,0,0,0,0,0,0,0,0,0,0,0.00565884242104517,0,0,0,0.0481001605788839,0,0,0,0,0,0,0,0,0,0,0,0,0,0,0,0.00565884242104517,0,0,0,0,0,0,0,0,0,0,0,0,0,0,0,0,0,0,0,0,0,0,0,0,0,0,0,0,0,0,0,0,0,0.00565884242104517,0,0.0594178454209743,0,0,0,0,0,0,0,0,0,0,0,0.00282942121052258,0,0,0,0,0,0,0.0169765272631355,0,0,0,0,0.00565884242104517,0,0,0,0,0.0113176848420903,0,0.792237938946323,0,0,0,0,0.0113176848420903,0,0,0,0,0,0,0,0,0,0,0,0,0,0,0,0,0,0,0,0,0,0,0,0,0.00282942121052258,0,0,0,0.0311236333157484,0,0,0.0169765272631355,0,0,0,0,0,0,0,0,0,0,0,0,0,0,0,0,0,0,0,0,0,0,0,0,0,0,0,0,0,0,0,0,0,0,0,0,0,0,0,0,0,0,0,0,0,0,0,0,0,0,0,0,0,0,0,0,0,0,0.00848826363156775,0,0,0,0,0,0,0,0,0,0,0,0,0,0,0,0,0,0,0,0.00282942121052258,0,0,0,0,0.00282942121052258,0.00565884242104517,0,0,0,0,0,0,0,0,0,0,0,0,0,0,0,0,0,0,0,0,0,0,0,0,0,0,0,0,0,0,0,0,0,0.00565884242104517,0,0,0,0,0,0,0,0,0,0,0,0,0,0,0,0,0.00848826363156775,0,0,0,0,0,0,0,0,0,0,0,0,0.00848826363156775,0,0,0,0.0141471060526129,0.0113176848420903,0,0,0,0,0,0,0,0,0,0,0,0,0,0,0,0,0,0,0,0,0,0,0,0,0,0,0,0,0,0,0,0,0,0,0,0,0,0,0,0,0,0,0,0,0,0,0,0,0,0,0,0,0,0.00282942121052258,0.0141471060526129,0,0,0,0,0,0.00282942121052258,0.00565884242104517,0,0,0,0,0,0,0,0,0,0,0,0,0,0,0,0,0,0,0,0,0,0,0.0565884242104517,0,0,0,0,0.033953054526271,0,0,0,0,0,0,0,0,0,0,0,0,0,0,0,0,0,0,0,0,0,0,0,0,0,0,0,0,0,0,0,0,0,0,0,0.00848826363156775,0,0,0,0,0.0537590029999291,0.00565884242104517,0,0,0,0.0113176848420903,0,0,0,0,0,0,0,0,0,0,0,0,0,0,0,0,0,0,0,0,0.00282942121052258,0,0,0,0,0,0,0,0,0.00565884242104517,0,0,0,0,0,0,0,0,0.00565884242104517,0,0,0,0,0,0.00848826363156775,0,0,0,0,0,0,0,0,0,0,0,0,0,0,0,0,0,0,0,0,0,0,0,0,0,0,0.067906109052542,0,0,0,0,0,0,0,0,0.00565884242104517,0,0,0,0,0,0,0,0,0,0,0.285771542262781,0,0,0,0,0,0.00282942121052258,0,0.0452707393683613,0,0,0,0,0,0,0,0,0,0,0,0,0,0,0,0,0,0,0,0,0,0,0.194098295041849,0,0,0,0,0,0,0,0,0,0,1.10555556972706,0,0,0,0,0,0,0,0,0,0,0,0,0,0,0,0,0,0,0,0,0,0,0,0,0,0,0,0,0,0,0,0,0,0,0,0,0,0,0,0,0,0,0,0,0,0,0,0,0,0,0,0,0,0,0,0,0,0,0,0.884514223941237,0,0,0,0,0,0,0.124690269762281,0,0,0,0,0,0,0,0,0,0,0,0,0,0,0,0,0,0,0,0,0,0,0,0,0,0,0,0,0,0,0,0,1.32182365560767,0,0,0,0.173246907011191,0,0,0,0,0,0,0,0,0,0,0,0,0,0,0,0.274425439989452,0,0,0,0,0,0,0,0,0,0,0,0,0,0,0,0,0,0,0,0,0,0,0,0,0,0,0,0,0,0,0,0,0,0.163500585259839,0,0.0629981950207695,0,0,0,0,0,0,0,0,0,0,0,0.0419543340689246,0,0,0,0,0,0,2.7002803733054,0,0,0,0,0.642269446020031,0,0,0,0,0.503030833307913,0,0.875988806777792,0,0,0,0,0.0802630710933243,0,0,0,0,0,0,0,0,0,0,0,0,0,0,0,0,0,0,0,0,0,0,0,0,0.0677569985547475,0,0,0,0.565327627055232,0,0,2.23966346540304,0,0,0,0,0,0,0,0,0,0,0,0,0,0,0,0,0,0,0,0,0,0,0,0,0,0,0,0,0,0,0,0,0,0,0,0,0,0,0,0,0,0,0,0,0,0,0,0,0,0,0,0,0,0,0,0,0,0,0.105562846742752,0,0,0,0,0,0,0,0,0,0,0,0,0,0,0,0,0,0,0,0.0390161638343653,0,0,0,0,0.0153558347937482,0.0457596633535396,0,0,0,0,0,0,0,0,0,0,0,0,0,0,0,0,0,0,0,0,0,0,0,0,0,0,0,0,0,0,0,0,0,0.0143058943670161,0,0,0,0,0,0,0,0,0,0,0,0,0,0,0,0,7.62579022917026,0,0,0,0,0,0,0,0,0,0,0,0,0.0266234388804123,0,0,0,3.01993307372598,1.86453819794536,0,0,0,0,0,0,0,0,0,0,0,0,0,0,0,0,0,0,0,0,0,0,0,0,0,0,0,0,0,0,0,0,0,0,0,0,0,0,0,0,0,0,0,0,0,0,0,0,0,0,0,0,0,0.234786984819254,0.0859556739970284,0,0,0,0,0,0.110140412162358,0.319755278337993,0,0,0,0,0,0,0,0,0,0,0,0,0,0,0,0,0,0,0,0,0,0,0.14177648877773,0,0,0,0,0.0748741142527563,0,0,0,0,0,0,0,0,0,0,0,0,0,0,0,0,0,0,0,0,0,0,0,0,0,0,0,0,0,0,0,0,0,0,0,0.00845798882461516,0,0,0,0,0.18127425278939,0.0215150494777764,0,0,0,0.0124141970092657,0,0,0,0,0,0,0,0,0,0,0,0,0,0,0,0,0,0,0,0,0.160122508939768,0,0,0,0,0,0,0,0,0.915795367904392,0,0,0,0,0,0,0,0,1.92546473197147,0,0,0,0,0,2.61783143355728,0,0,0,0,0,0,0,0,0,0,0,0,0,0,0,0,0,0,0,0,0,0,0,0,0,0,0.38786092598369,0,0,0,0,0,0,0,0,0.418030007327449,0,0,0,0,0,0,0,0,0,0,0.210493376246222,0,0,0,0,0,0.063117845852256,0,0.311996598636752,0,0,0,0,0,0,0,0,0,0,0,0,0,0,0,0,0,129.7524023,136.7921024,117.561902,140.9416025,126.1884023,157.3806027,121.4632021,125.9049022,154.7784028,124.8661022,158.8441027,"PAL-00489"
"704",8840,"nSPC",2015,"PRIAs","Pacific Remote Island Areas","Palmyra","Palmyra",2015,"ForereefShallow","Palmyra","2015-04-17","Forereef","Shallow",5.89588207,-162.08007331,5.35,14,14,12.5,22.5,35.5,1.5,0,0,NA,0.50125,0.31928428761288,1,2,1,12.7075052298414,3.8005541866859,28.9875980212362,4.8469663167308,50.3426237544943,13.1224118362411,0,0,0,0,0,0,0,0,0,0,0,0,0,0,0,0,0.00565884242104517,0.0282942121052258,0.00282942121052258,0.0509295817894065,0,0.00282942121052258,0,0,0,0,0.00565884242104517,0,0,0,0,0,0,0,0,0,0,0,0,0,0,0,0,0,0,0,0,0,0,0,0,0,0,0,0,0,0,0,0,0,0,0,0,0,0,0,0,0,0,0,0,0,0,0,0,0,0.00565884242104517,0,0,0,0,0,0,0,0,0,0,0,0,0,0,0,0,0,0,0,0,0.00282942121052258,0,0,0,0,0,0,0,0,0,0,0,0,0,0,0,0,0,0,0.0113176848420903,0,0,0,0.033953054526271,0,0,0,0,0,0,0,0,0,0,0,0,0,0,0,0.00282942121052258,0,0,0,0,0,0,0,0.00565884242104517,0,0,0,0,0,0,0,0,0,0,0,0,0,0,0,0,0,0,0,0,0,0,0,0,0,0,0.00848826363156775,0,0,0,0,0,0,0,0,0,0,0,0,0,0,0,0,0,0,0,0.0169765272631355,0,0,0,0,0.00282942121052258,0,0,0,0,0,0,0.212206590789194,0,0,0,0,0,0,0,0,0,0,0,0,0,0,0,0,0,0,0,0,0,0,0,0,0,0,0,0,0,0.00565884242104517,0,0,0,0,0,0,0.0226353696841807,0,0.00848826363156775,0,0,0,0,0,0,0,0,0,0,0,0,0,0,0,0,0,0,0,0,0,0,0,0,0,0,0,0,0,0,0,0,0,0,0,0,0,0,0,0,0,0,0,0,0,0,0,0,0,0,0,0,0,0,0,0,0.00282942121052258,0,0,0,0,0,0,0,0,0,0,0,0,0,0,0,0,0,0,0,0,0,0,0,0,0,0.00282942121052258,0,0,0,0,0,0,0,0,0,0,0,0,0,0,0,0,0,0,0,0,0,0,0,0,0,0,0,0,0,0,0,0,0.00282942121052258,0.00282942121052258,0,0,0,0,0,0,0,0,0,0,0,0,0,0,0,0,0.00565884242104517,0,0,0,0,0,0,0,0,0,0,0,0,0,0,0,0,0.0198059484736581,0.0198059484736581,0,0,0,0,0,0,0,0,0,0,0,0,0,0,0,0,0,0,0,0,0,0,0,0,0,0,0,0,0,0.00282942121052258,0,0,0,0,0,0,0,0,0,0,0,0,0,0,0,0,0,0,0,0,0,0,0,0.00565884242104517,0,0,0,0,0,0,0,0,0,0,0,0,0,0,0,0.00282942121052258,0,0,0,0,0,0,0,0,0,0,0,0,0,0,0.0594178454209743,0,0,0,0,0,0,0,0,0,0,0,0,0,0,0,0,0,0,0,0,0,0,0,0,0,0,0,0,0,0,0,0,0,0,0,0,0,0,0,0,0.00282942121052258,0,0,0,0,0.00282942121052258,0.00282942121052258,0,0,0,0,0,0,0,0,0,0,0,0,0,0,0,0,0,0,0,0,0,0,0,0,0,0,0,0,0,0,0,0,0,0,0,0,0,0,0,0,0,0,0.00565884242104517,0,0,0.0198059484736581,0,0,0.00282942121052258,0,0,0,0.00282942121052258,0,0,0,0,0,0,0,0,0,0,0,0,0,0,0,0,0,0,0,0,0,0,0.0113176848420903,0,0,0,0,0,0,0,0,0,0,0,0,0,0,0,0,0,0,0,0.0877120575262001,0,0,0,0,0,0,0,0.220694854420762,0,0,0,0,0,0,0,0,0,0,0,0,0,0,0,0,0,0,0,0,0,0,0,0,0,0,0,0,0,0,0,0,0,0.454063116175008,0.601160389308693,0.42174315801288,2.20948565697849,0,0.326885030314252,0,0,0,0,0.122006610031066,0,0,0,0,0,0,0,0,0,0,0,0,0,0,0,0,0,0,0,0,0,0,0,0,0,0,0,0,0,0,0,0,0,0,0,0,0,0,0,0,0,0,0,0,0,0,0,0,0,1.44654072143935,0,0,0,0,0,0,0,0,0,0,0,0,0,0,0,0,0,0,0,0,1.64475209870772,0,0,0,0,0,0,0,0,0,0,0,0,0,0,0,0,0,0,2.39385920346483,0,0,0,0.164290235554293,0,0,0,0,0,0,0,0,0,0,0,0,0,0,0,0.0686497330649085,0,0,0,0,0,0,0,0.486157350780733,0,0,0,0,0,0,0,0,0,0,0,0,0,0,0,0,0,0,0,0,0,0,0,0,0,0,0.670595034464746,0,0,0,0,0,0,0,0,0,0,0,0,0,0,0,0,0,0,0,3.62452359597131,0,0,0,0,0.318042161130463,0,0,0,0,0,0,0.228852075770698,0,0,0,0,0,0,0,0,0,0,0,0,0,0,0,0,0,0,0,0,0,0,0,0,0,0,0,0,0,0.614007320995206,0,0,0,0,0,0,2.31636469445529,0,0.606392505212989,0,0,0,0,0,0,0,0,0,0,0,0,0,0,0,0,0,0,0,0,0,0,0,0,0,0,0,0,0,0,0,0,0,0,0,0,0,0,0,0,0,0,0,0,0,0,0,0,0,0,0,0,0,0,0,0,0.104031106789106,0,0,0,0,0,0,0,0,0,0,0,0,0,0,0,0,0,0,0,0,0,0,0,0,0,0.00812836125358928,0,0,0,0,0,0,0,0,0,0,0,0,0,0,0,0,0,0,0,0,0,0,0,0,0,0,0,0,0,0,0,0,0.0174192156537166,0.0136985311808475,0,0,0,0,0,0,0,0,0,0,0,0,0,0,0,0,9.96667359850455,0,0,0,0,0,0,0,0,0,0,0,0,0,0,0,0,3.53805621206441,2.85899796190878,0,0,0,0,0,0,0,0,0,0,0,0,0,0,0,0,0,0,0,0,0,0,0,0,0,0,0,0,0,5.66988235339004,0,0,0,0,0,0,0,0,0,0,0,0,0,0,0,0,0,0,0,0,0,0,0,0.278322694807111,0,0,0,0,0,0,0,0,0,0,0,0,0,0,0,0.0190434675455915,0,0,0,0,0,0,0,0,0,0,0,0,0,0,0.283308465600117,0,0,0,0,0,0,0,0,0,0,0,0,0,0,0,0,0,0,0,0,0,0,0,0,0,0,0,0,0,0,0,0,0,0,0,0,0,0,0,0,0.00302408538980654,0,0,0,0,0.0181534692942321,0.00319142365133577,0,0,0,0,0,0,0,0,0,0,0,0,0,0,0,0,0,0,0,0,0,0,0,0,0,0,0,0,0,0,0,0,0,0,0,0,0,0,0,0,0,0,2.47165355056604,0,0,3.89757298823423,0,0,0.250217035331354,0,0,0,1.21464909988486,0,0,0,0,0,0,0,0,0,0,0,0,0,0,0,0,0,0,0,0,0,0,0.11391447365337,0,0,0,0,0,0,0,0,0,0,0,0,0,0,0,0,0,0,0,0.0304544751994598,0,0,0,0,0,0,0,0.863860492758887,0,0,0,0,0,0,0,0,0,0,0,0,0,0,0,0,0,0,0,0,0,0,0,0,0,0,0,0,"PAL-00544"
"705",8841,"nSPC",2015,"PRIAs","Pacific Remote Island Areas","Palmyra","Palmyra",2015,"ForereefMid","Palmyra","2015-04-17","Forereef","Mid",5.8954442,-162.08686911,11.75,12,17.5,8,14,37.5,11,0,0,NA,0.44625,0.338233770155621,1.3,2,1,30.7501179541296,19.2130257947824,18.4590656177621,59.9148332065012,128.337042573175,2.66695265789263,0,0,0,0,0,0,0,0,0,0,0,0,0,0,0.0311236333157484,0,0.0367824757367936,0,0,0.00848826363156775,0,0,0,0,0,0,0,0.00565884242104517,0,0,0,0,0,0,0,0,0,0,0,0,0,0,0,0,0,0,0,0.00848826363156775,0,0,0,0,0,0,0,0,0,0,0,0,0,0,0,0,0,0,0,0,0,0,0,0,0,0,0,0,0.00282942121052258,0,0,0,0,0,0,0,0,0,0,0,0,0,0,0,0,0,0,0,0,0,0,0,0,0,0,0,0,0,0,0,0,0,0,0,0,0,0,0,0.00282942121052258,0,0,0,0.033953054526271,0,0,0,0,0,0,0,0,0,0,0,0,0,0,0,0.00282942121052258,0,0,0,0,0,0,0,0,0,0,0,0,0,0,0,0,0,0,0,0,0,0,0,0,0,0,0,0,0,0,0,0,0,0,0.0169765272631355,0.0707355302630646,0,0,0.00848826363156775,0,0,0,0,0,0,0,0,0,0,0,0,0,0,0,0.0141471060526129,0,0,0,0,0.00848826363156775,0,0,0,0,0.00565884242104517,0,0.311236333157484,0,0,0,0,0.0169765272631355,0,0,0,0,0,0,0,0,0,0,0,0,0,0,0,0,0,0,0,0,0,0,0,0,0.00848826363156775,0,0,0.00565884242104517,0.0169765272631355,0,0,0.0254647908947033,0,0,0,0,0,0,0,0,0,0,0,0,0,0,0,0,0,0,0,0,0,0,0,0,0,0,0,0,0,0,0,0.00282942121052258,0,0,0,0,0,0,0,0,0,0,0,0,0,0,0,0,0,0,0,0,0,0,0,0,0,0,0.00848826363156775,0,0,0,0,0,0,0,0,0,0.00282942121052258,0,0,0,0,0,0,0,0,0,0.00848826363156775,0,0,0,0,0,0.0169765272631355,0,0,0,0,0,0,0,0,0,0,0,0,0,0,0,0,0,0,0,0,0,0,0,0,0,0,0,0,0,0,0,0,0.00282942121052258,0.00282942121052258,0,0,0,0,0,0,0,0,0,0,0,0,0,0,0,0,0.0141471060526129,0,0.178253536262923,0,0,0,0,0,0,0,0,0,0,0.00848826363156775,0,0,0,0.0735649514735872,0.00565884242104517,0.00565884242104517,0,0,0,0,0,0,0,0,0,0,0,0,0,0,0,0,0,0,0,0.00282942121052258,0,0,0,0,0,0,0,0,0.00282942121052258,0,0,0,0,0,0,0,0,0,0,0,0,0,0,0,0,0,0,0,0,0,0,0,0.00282942121052258,0.0169765272631355,0,0,0,0,0,0.00565884242104517,0,0,0,0,0,0,0,0,0,0,0,0,0,0,0,0,0,0,0,0,0,0,0,0.0367824757367936,0,0,0,0,0.033953054526271,0,0,0,0,0,0,0,0,0,0,0,0,0,0,0,0,0,0,0,0,0,0,0,0,0,0,0,0,0,0,0,0,0,0,0,0.00848826363156775,0,0,0,0,0.0481001605788839,0.00565884242104517,0,0,0,0.00565884242104517,0,0,0,0,0,0,0,0,0,0,0,0,0,0,0,0,0,0,0,0,0,0,0,0,0,0,0,0,0,0.00282942121052258,0,0,0,0,0,0,0,0,0,0,0,0,0,0,0.00282942121052258,0,0,0,0,0,0,0,0,0,0,0,0,0,0,0,0,0,0,0,0,0,0,0,0,0,0,0,0,0,0,0,0,0,0,0,0.00565884242104517,0,0,0,0,0,0,0,0,0,0,0.198059484736581,0,0,0,0,0,0,0,0.0565884242104517,0,0,0,0,0,0,0.00565884242104517,0,0,0,0,0,0,0,0,0,0,0,0,0,0,0,0,0,0,0,0,0,0,0,0,4.42687668600599,0,2.82398366433604,0,0,0.31021385151147,0,0,0,0,0,0,0,1.9351175105411,0,0,0,0,0,0,0,0,0,0,0,0,0,0,0,0,0,0,0,0.242849285960105,0,0,0,0,0,0,0,0,0,0,0,0,0,0,0,0,0,0,0,0,0,0,0,0,0,0,0,0,0.312297147030625,0,0,0,0,0,0,0,0,0,0,0,0,0,0,0,0,0,0,0,0,0,0,0,0,0,0,0,0,0,0,0,0,0,0,0,0,0,0,0,0.734847163315798,0,0,0,0.0570931832562925,0,0,0,0,0,0,0,0,0,0,0,0,0,0,0,0.197316632695133,0,0,0,0,0,0,0,0,0,0,0,0,0,0,0,0,0,0,0,0,0,0,0,0,0,0,0,0,0,0,0,0,0,0,1.34119006892949,0.0762840252568994,0,0,0.537333877242317,0,0,0,0,0,0,0,0,0,0,0,0,0,0,0,2.25951600357738,0,0,0,0,0.808247399069474,0,0,0,0,0.222711483932331,0,0.385070079646071,0,0,0,0,0.109661517340079,0,0,0,0,0,0,0,0,0,0,0,0,0,0,0,0,0,0,0,0,0,0,0,0,0.0096839770351346,0,0,0.116587542012326,0.380611124393557,0,0,3.68057293588148,0,0,0,0,0,0,0,0,0,0,0,0,0,0,0,0,0,0,0,0,0,0,0,0,0,0,0,0,0,0,0,0.0987593485969018,0,0,0,0,0,0,0,0,0,0,0,0,0,0,0,0,0,0,0,0,0,0,0,0,0,0,0.0844166311908879,0,0,0,0,0,0,0,0,0,1.05657708918289,0,0,0,0,0,0,0,0,0,0.272783782788811,0,0,0,0,0,0.036389469130652,0,0,0,0,0,0,0,0,0,0,0,0,0,0,0,0,0,0,0,0,0,0,0,0,0,0,0,0,0,0,0,0,0.0119901315272546,0.0054076140822457,0,0,0,0,0,0,0,0,0,0,0,0,0,0,0,0,24.7690412388289,0,48.1556889088712,0,0,0,0,0,0,0,0,0,0,0.037586031360582,0,0,0,16.0516672793736,0.699680599151962,6.34655739034362,0,0,0,0,0,0,0,0,0,0,0,0,0,0,0,0,0,0,0,2.53245865764894,0,0,0,0,0,0,0,0,1.3613758627792,0,0,0,0,0,0,0,0,0,0,0,0,0,0,0,0,0,0,0,0,0,0,0,0.508856465368495,0.0666660499123546,0,0,0,0,0,0.167832515409453,0,0,0,0,0,0,0,0,0,0,0,0,0,0,0,0,0,0,0,0,0,0,0,0.101449795396907,0,0,0,0,0.121694420758549,0,0,0,0,0,0,0,0,0,0,0,0,0,0,0,0,0,0,0,0,0,0,0,0,0,0,0,0,0,0,0,0,0,0,0,0.00907225616941961,0,0,0,0,0.167161703456483,0.0124578779818086,0,0,0,0.0125535255725861,0,0,0,0,0,0,0,0,0,0,0,0,0,0,0,0,0,0,0,0,0,0,0,0,0,0,0,0,0,0.386127717294564,0,0,0,0,0,0,0,0,0,0,0,0,0,0,0.407436654315252,0,0,0,0,0,0,0,0,0,0,0,0,0,0,0,0,0,0,0,0,0,0,0,0,0,0,0,0,0,0,0,0,0,0,0,0.31187238704561,0,0,0,0,0,0,0,0,0,0,0.0454263575349401,0,0,0,0,0,0,0,0.214342803803138,0,0,0,0,0,0,3.31564684932891,0,0,0,0,0,0,0,0,0,0,0,0,0,0,0,0,0,0,0,0,0,"PAL-00499"
"706",8842,"nSPC",2015,"PRIAs","Pacific Remote Island Areas","Palmyra","Palmyra",2015,"ForereefDeep","Palmyra","2015-04-17","Forereef","Deep",5.89791686,-162.09368804,22.95,12.5,10,18.5,11.5,34,13.5,0,0,NA,0.37875,0.311179119289814,1.1,2,1,17.3411895770364,1.0014265850864,12.253535133436,5.28479123371849,35.8809425292774,4.44290743759219,0,0,0,0,0,0,0,0,0,0,0,0,0,0,0,0,0.00282942121052258,0,0.00565884242104517,0,0,0.0141471060526129,0,0,0,0,0,0,0,0,0,0,0,0,0,0,0,0,0,0,0,0,0,0,0,0,0,0,0,0,0,0,0,0,0,0,0,0,0,0,0,0,0,0,0,0.00282942121052258,0,0,0,0,0,0,0,0,0,0,0.00565884242104517,0,0,0,0,0,0,0,0,0,0,0,0,0,0,0,0,0,0,0,0,0,0,0,0,0,0,0,0,0,0,0,0,0,0,0,0,0,0,0,0.0169765272631355,0,0,0,0.00565884242104517,0,0,0,0,0.00282942121052258,0,0,0,0,0,0,0,0,0,0,0.00848826363156775,0,0.127323954473516,0,0,0,0,0,0,0,0,0,0,0,0,0,0,0,0,0,0,0,0,0,0,0,0,0,0,0,0,0,0,0,0.00565884242104517,0,0.24050080289442,0,0,0,0,0,0,0,0,0,0,0,0,0,0,0,0,0,0,0.00282942121052258,0,0,0,0,0.00565884242104517,0,0,0,0,0,0,0.127323954473516,0,0,0,0,0.00282942121052258,0.0141471060526129,0,0,0,0,0,0,0,0,0,0,0,0,0,0,0,0,0,0,0,0,0,0,0,0.00848826363156775,0,0,0.00848826363156775,0.0282942121052258,0,0,0.0198059484736581,0,0,0,0,0,0,0,0,0,0,0,0,0,0,0,0,0,0,0,0,0,0,0,0,0,0,0,0,0,0,0,0,0,0,0,0,0,0,0,0,0,0,0,0,0,0,0,0,0,0,0,0,0,0,0,0,0,0,0,0,0,0,0,0,0,0,0,0,0,0,0,0,0,0,0,0,0,0,0.00565884242104517,0,0,0,0,0,0.0198059484736581,0,0,0,0,0,0,0,0,0,0,0,0,0,0,0,0,0,0,0,0,0,0,0,0,0,0,0,0,0,0,0,0,0,0.00565884242104517,0,0,0,0,0,0,0,0,0,0,0,0,0,0,0,0,0.0113176848420903,0,0,0,0,0,0,0,0,0,0,0,0,0,0,0,0,0,0.00565884242104517,0.00282942121052258,0,0,0,0,0,0,0,0,0,0,0,0,0,0,0,0,0,0,0,0,0,0,0,0,0,0,0,0,0,0,0,0,0,0,0,0.0141471060526129,0,0,0,0,0,0,0,0,0,0,0,0,0,0,0,0,0,0.00282942121052258,0,0,0,0,0,0,0,0,0,0,0.00565884242104517,0,0,0,0,0,0,0,0,0,0,0,0,0,0,0,0,0,0,0,0,0,0,0,0,0,0,0,0,0,0,0,0,0,0,0,0,0,0.0509295817894065,0,0,0,0,0,0,0,0,0,0,0,0,0,0,0,0,0,0,0,0,0,0,0,0,0,0.00282942121052258,0.0905414787367227,0.121665112052471,0,0,0,0.0198059484736581,0,0,0,0,0,0,0,0,0,0,0,0,0,0,0,0,0,0,0,0,0,0,0,0,0,0,0,0,0,0.00282942121052258,0,0,0,0,0,0,0,0,0.00565884242104517,0,0.00282942121052258,0,0,0,0,0,0,0,0,0,0,0,0,0.00282942121052258,0,0,0,0,0,0,0,0,0,0,0,0,0,0,0,0,0,0.00848826363156775,0,0,0,0,0,0,0,0,0,0,0,0,0,0,0,0,0,0,0,0.144300481736652,0,0,0,0,0,0.00565884242104517,0,0,0,0,0,0,0,0,0.00565884242104517,0,0,0,0,0,0,0,0,0,0,0,0,0,0,0,0,0,0,0,0,0,0,0,0,0,0,0.261071808710051,0,0.783091677157502,0,0,2.66622717751913,0,0,0,0,0,0,0,0,0,0,0,0,0,0,0,0,0,0,0,0,0,0,0,0,0,0,0,0,0,0,0,0,0,0,0,0,0,0,0,0,0,0,0,0.302549411351547,0,0,0,0,0,0,0,0,0,0,0.699680599151962,0,0,0,0,0,0,0,0,0,0,0,0,0,0,0,0,0,0,0,0,0,0,0,0,0,0,0,0,0,0,0,0,0,0,0,0,0,0,0,5.66436998112952,0,0,0,0.0340277190186907,0,0,0,0,0.00804255019459387,0,0,0,0,0,0,0,0,0,0,0.563088442647377,0,0.0886938666862514,0,0,0,0,0,0,0,0,0,0,0,0,0,0,0,0,0,0,0,0,0,0,0,0,0,0,0,0,0,0,0,0.119323859908858,0,0.342365625315654,0,0,0,0,0,0,0,0,0,0,0,0,0,0,0,0,0,0,0.309789611802869,0,0,0,0,0.878027991022679,0,0,0,0,0,0,0.156218003875373,0,0,0,0,0.0250328161400584,0.01101588709868,0,0,0,0,0,0,0,0,0,0,0,0,0,0,0,0,0,0,0,0,0,0,0,0.0572403228573561,0,0,0.129965854207027,0.734817530616597,0,0,2.3210106534954,0,0,0,0,0,0,0,0,0,0,0,0,0,0,0,0,0,0,0,0,0,0,0,0,0,0,0,0,0,0,0,0,0,0,0,0,0,0,0,0,0,0,0,0,0,0,0,0,0,0,0,0,0,0,0,0,0,0,0,0,0,0,0,0,0,0,0,0,0,0,0,0,0,0,0,0,0,0,0.434572992357346,0,0,0,0,0,0.0798536230560947,0,0,0,0,0,0,0,0,0,0,0,0,0,0,0,0,0,0,0,0,0,0,0,0,0,0,0,0,0,0,0,0,0,0.0108152281644914,0,0,0,0,0,0,0,0,0,0,0,0,0,0,0,0,8.60446756324371,0,0,0,0,0,0,0,0,0,0,0,0,0,0,0,0,0,0.786936869684827,1.33019287730988,0,0,0,0,0,0,0,0,0,0,0,0,0,0,0,0,0,0,0,0,0,0,0,0,0,0,0,0,0,0,0,0,0,0,0,0.0160923331348472,0,0,0,0,0,0,0,0,0,0,0,0,0,0,0,0,0,0.00713957735872033,0,0,0,0,0,0,0,0,0,0,0.382707228655562,0,0,0,0,0,0,0,0,0,0,0,0,0,0,0,0,0,0,0,0,0,0,0,0,0,0,0,0,0,0,0,0,0,0,0,0,0,0.0946272105637155,0,0,0,0,0,0,0,0,0,0,0,0,0,0,0,0,0,0,0,0,0,0,0,0,0,0.434625479681048,0.198668740029839,0.224884350400376,0,0,0,0.0189694064495745,0,0,0,0,0,0,0,0,0,0,0,0,0,0,0,0,0,0,0,0,0,0,0,0,0,0,0,0,0,0.181676004159171,0,0,0,0,0,0,0,0,2.3235130991844,0,1.07149807476188,0,0,0,0,0,0,0,0,0,0,0,0,0.738106651843045,0,0,0,0,0,0,0,0,0,0,0,0,0,0,0,0,0,0.0854358552400272,0,0,0,0,0,0,0,0,0,0,0,0,0,0,0,0,0,0,0,0.0424964918714439,0,0,0,0,0,0.148747892204365,0,0,0,0,0,0,0,0,2.50926359001582,0,0,0,0,0,0,0,0,0,0,125.1875022,132.2135023,116.682402,139.1775024,125.8392023,156.4097027,119.536702,124.5593022,152.8834027,124.7033022,156.5384027,"PAL-00439"
"707",8843,"nSPC",2015,"PRIAs","Pacific Remote Island Areas","Palmyra","Palmyra",2015,"ForereefShallow","Palmyra","2015-04-17","Forereef","Shallow",5.89630804,-162.09885363,5.1,21.5,4.5,4.5,24.5,43.5,1.5,0,0,NA,0.69625,0.531405623820719,1.55,2,1,17.2529526230045,11.9565350938823,15.7524493340475,12.8672551178716,57.8291921688058,5.18680218378005,0,0,0,0,0,0,0,0,0,0,0,0,0.00282942121052258,0,0,0,0.0481001605788839,0,0.00282942121052258,0.00282942121052258,0,0.00282942121052258,0,0,0,0,0,0,0,0,0,0,0,0,0,0,0,0,0,0,0,0,0,0,0,0,0.00848826363156775,0,0,0,0,0,0,0,0,0,0,0,0,0,0,0,0,0,0,0,0,0,0,0,0,0,0,0,0,0,0.00848826363156775,0,0,0,0,0,0,0,0,0,0,0,0,0,0,0,0,0,0,0,0,0,0,0,0,0,0,0,0,0,0,0,0,0,0,0,0,0,0,0,0.00565884242104517,0,0,0,0.0141471060526129,0,0,0,0,0,0,0,0,0,0,0,0,0,0,0,0,0,0,0,0,0,0,0,0.00565884242104517,0,0,0,0,0,0,0,0,0,0,0,0,0,0,0,0,0,0,0,0,0,0,0,0,0,0,0.00848826363156775,0,0,0,0,0,0,0,0,0,0,0,0,0,0,0,0,0,0,0,0.00848826363156775,0,0,0,0,0.00565884242104517,0,0,0,0,0,0,0.325383439210097,0,0,0,0,0,0,0,0,0,0,0,0,0,0,0,0,0,0,0,0,0,0,0,0,0,0,0,0,0,0,0,0,0,0,0,0,0.0396118969473162,0,0.00848826363156775,0,0,0,0,0,0,0,0,0,0,0,0,0,0,0,0,0,0,0,0,0,0,0,0,0,0,0,0,0,0.00282942121052258,0,0,0,0,0,0,0,0,0,0,0,0,0,0,0,0,0,0,0,0,0,0,0,0,0,0,0.00282942121052258,0,0,0,0,0,0,0,0,0,0,0,0,0,0,0,0,0,0,0,0,0,0,0,0,0,0,0,0,0,0,0,0,0,0,0.00282942121052258,0,0,0,0,0,0,0,0,0,0,0,0,0,0,0,0,0,0,0,0,0,0,0,0,0,0,0,0,0,0,0,0,0,0,0,0.00565884242104517,0,0,0,0,0,0.0113176848420903,0,0.0311236333157484,0,0,0,0,0,0,0,0,0,0,0,0,0,0,0.0594178454209743,0.00848826363156775,0,0,0,0,0,0,0,0,0,0,0,0,0,0,0,0,0,0,0,0,0,0,0,0,0,0,0,0,0,0,0,0,0,0,0,0,0,0,0,0,0,0,0,0,0,0,0,0,0,0,0,0,0,0,0.0113176848420903,0,0,0,0,0,0,0.00565884242104517,0,0,0,0,0,0,0,0,0,0,0,0,0,0,0,0,0,0,0,0,0,0,0.0396118969473162,0,0,0,0,0,0,0,0,0,0,0.0198059484736581,0,0,0,0,0,0,0.00848826363156775,0,0,0,0,0,0,0,0,0,0,0,0,0,0,0,0,0,0,0,0,0,0,0.00282942121052258,0,0,0,0,0,0,0,0,0,0,0,0,0,0,0,0,0,0,0,0,0,0,0,0,0,0,0,0,0,0.00282942121052258,0,0,0,0,0,0,0,0,0,0,0,0,0,0,0,0,0,0,0,0,0,0,0,0,0.00565884242104517,0,0,0,0.00282942121052258,0,0,0,0,0,0,0,0,0,0,0,0,0,0,0,0,0,0,0,0,0,0,0.107518005999858,0,0,0.0367824757367936,0,0,0,0,0,0,0,0,0,0,0,0,0,0,0,0,0.155618166578742,0,0,0,0,0,0,0,0.215036011999716,0,0,0,0,0,0,0,0,0,0,0,0,0,0,0,0,0,0,0,0,0,0,0,0,0,0,0,0,0,0.315019016626091,0,0,0,3.38064121172754,0,0.488704925189857,0.0892250699974238,0,0.217385030496447,0,0,0,0,0,0,0,0,0,0,0,0,0,0,0,0,0,0,0,0,0,0,0,0,0.0280452230386999,0,0,0,0,0,0,0,0,0,0,0,0,0,0,0,0,0,0,0,0,0,0,0,0,0,0,0,0,0,1.06128095113376,0,0,0,0,0,0,0,0,0,0,0,0,0,0,0,0,0,0,0,0,0,0,0,0,0,0,0,0,0,0,0,0,0,0,0,0,0,0,0,2.31548200686339,0,0,0,0.0742237278620396,0,0,0,0,0,0,0,0,0,0,0,0,0,0,0,0,0,0,0,0,0,0,0,0.583555502051457,0,0,0,0,0,0,0,0,0,0,0,0,0,0,0,0,0,0,0,0,0,0,0,0,0,0,0.728581475565825,0,0,0,0,0,0,0,0,0,0,0,0,0,0,0,0,0,0,0,2.39166608893505,0,0,0,0,1.83587620627737,0,0,0,0,0,0,0.482158839063943,0,0,0,0,0,0,0,0,0,0,0,0,0,0,0,0,0,0,0,0,0,0,0,0,0,0,0,0,0,0,0,0,0,0,0,0,3.96993272611996,0,0.51457470711716,0,0,0,0,0,0,0,0,0,0,0,0,0,0,0,0,0,0,0,0,0,0,0,0,0,0,0,0,0,0.269163497623171,0,0,0,0,0,0,0,0,0,0,0,0,0,0,0,0,0,0,0,0,0,0,0,0,0,0,0.0569174580230593,0,0,0,0,0,0,0,0,0,0,0,0,0,0,0,0,0,0,0,0,0,0,0,0,0,0,0,0,0,0,0,0,0,0,0.668848011723918,0,0,0,0,0,0,0,0,0,0,0,0,0,0,0,0,0,0,0,0,0,0,0,0,0,0,0,0,0,0,0,0,0,0,0,10.3847532547907,0,0,0,0,0,3.9404026177821,0,6.32661130124562,0,0,0,0,0,0,0,0,0,0,0,0,0,0,11.3237012698268,0.78326901505006,0,0,0,0,0,0,0,0,0,0,0,0,0,0,0,0,0,0,0,0,0,0,0,0,0,0,0,0,0,0,0,0,0,0,0,0,0,0,0,0,0,0,0,0,0,0,0,0,0,0,0,0,0,0,0.130510016150052,0,0,0,0,0,0,0.612314743568289,0,0,0,0,0,0,0,0,0,0,0,0,0,0,0,0,0,0,0,0,0,0,0.176295739565467,0,0,0,0,0,0,0,0,0,0,0.0505464318715421,0,0,0,0,0,0,0.0055256768917072,0,0,0,0,0,0,0,0,0,0,0,0,0,0,0,0,0,0,0,0,0,0,0.00302408538980654,0,0,0,0,0,0,0,0,0,0,0,0,0,0,0,0,0,0,0,0,0,0,0,0,0,0,0,0,0,0.157141990530277,0,0,0,0,0,0,0,0,0,0,0,0,0,0,0,0,0,0,0,0,0,0,0,0,1.2898935179803,0,0,0,1.50524257686471,0,0,0,0,0,0,0,0,0,0,0,0,0,0,0,0,0,0,0,0,0,0,0.49614472349324,0,0,0.185980564716085,0,0,0,0,0,0,0,0,0,0,0,0,0,0,0,0,0.145149308099809,0,0,0,0,0,0,0,0.84140365955309,0,0,0,0,0,0,0,0,0,0,0,0,0,0,0,0,0,0,0,0,0,0,0,0,0,0,0,0,"PAL-00538"
"708",8844,"nSPC",2015,"PRIAs","Pacific Remote Island Areas","Palmyra","Palmyra",2015,"ForereefMid","Palmyra","2015-04-17","Forereef","Mid",5.89670694,-162.10725297,8,17.5,22,5,20,35,0.5,0,0,NA,0.2765,0.209172242623479,0.9,2,1,89.4101538580166,4.48487655479237,36.8184810120603,14.5427780660053,145.256289490875,5.3309776103363,0,0,0,0,0,0,0,0,0,0,0,0,0,0,0.00282942121052258,0,0.0424413181578388,0,0,0,0,0,0,0,0,0,0,0.0198059484736581,0,0,0,0,0,0,0,0,0,0,0,0,0,0,0,0,0,0,0,0,0,0,0,0,0,0,0,0,0,0,0,0,0,0,0,0,0,0,0,0,0,0,0,0,0,0,0,0,0,0,0,0,0,0.0452707393683613,0,0,0,0,0,0,0,0,0,0,0,0,0,0,0,0,0,0,0,0,0,0,0,0,0,0,0,0,0,0,0,0,0,0,0.00565884242104517,0,0,0,0.0424413181578388,0,0,0,0,0,0,0,0,0,0,0,0,0,0,0,0.00282942121052258,0,0,0,0,0,0,0,0,0,0,0,0,0,0,0,0,0,0,0,0,0,0,0,0,0,0,0,0,0,0,0,0,0,0,0,0.0792237938946324,0,0,0.00282942121052258,0,0,0,0,0,0,0,0,0,0,0,0,0,0,0,0.0198059484736581,0,0,0,0,0,0,0,0,0,0,0,0.396118969473162,0,0,0,0,0.0311236333157484,0,0,0,0,0,0,0,0,0,0,0,0,0,0,0,0,0,0,0,0,0,0,0,0,0,0,0,0,0.00282942121052258,0,0,0.0169765272631355,0,0,0,0,0,0,0,0,0,0,0,0,0,0,0,0,0,0,0,0,0,0,0,0,0,0,0,0,0,0,0,0.00848826363156775,0,0,0,0,0,0,0,0,0,0,0,0,0,0,0,0,0.00282942121052258,0,0,0,0,0,0,0,0,0,0.00565884242104517,0,0,0,0,0,0,0,0,0,0,0,0,0,0,0,0,0,0,0,0.00282942121052258,0,0,0,0,0,0.00282942121052258,0,0,0,0,0,0,0,0,0,0,0,0,0,0,0,0,0,0,0,0,0,0,0,0,0,0,0,0,0,0,0,0,0,0.00848826363156775,0,0,0,0.00848826363156775,0,0,0,0,0,0,0,0,0,0,0,0,0.0481001605788839,0,0.0169765272631355,0,0,0,0,0,0,0,0,0,0,0.0141471060526129,0,0,0,0.0169765272631355,0.00848826363156775,0,0,0,0,0,0,0,0,0,0,0,0,0,0,0,0,0,0,0,0,0,0,0,0,0,0,0,0,0,0,0,0,0,0,0,0,0.00565884242104517,0,0,0,0,0,0,0,0,0,0,0,0,0,0,0,0,0,0.0226353696841807,0,0,0,0,0,0,0.00565884242104517,0,0,0,0.00565884242104517,0,0,0,0,0,0,0,0,0,0,0,0,0,0,0,0,0,0,0.0424413181578388,0,0,0,0,0.0565884242104517,0,0,0,0,0,0,0,0,0,0,0,0,0,0,0,0,0,0,0,0,0,0,0,0,0,0,0,0,0,0,0,0,0,0.00282942121052258,0,0.00565884242104517,0,0,0,0,0.0311236333157484,0.0254647908947033,0,0,0,0.0226353696841807,0,0,0,0,0,0,0,0,0,0,0,0,0,0,0,0,0,0,0,0,0,0,0,0,0,0,0,0,0,0.00565884242104517,0,0,0,0,0,0,0,0,0,0,0,0,0,0,0,0,0,0,0,0,0,0,0,0,0,0,0,0,0,0,0,0,0,0,0,0,0,0,0,0,0,0.0735649514735872,0,0.00848826363156775,0,0,0,0,0,0,0.00282942121052258,0,0,0,0,0,0,0,0,0,0,0.268795014999645,0,0,0,0,0,0.00282942121052258,0,0.169765272631355,0,0,0,0,0,0,0.00565884242104517,0,0,0,0,0,0,0,0,0,0,0,0,0,0,0,0,0,0,0,0,0,0,0,0,0.185531828396635,0,3.52232971116926,0,0,0,0,0,0,0,0,0,0,24.5227078001297,0,0,0,0,0,0,0,0,0,0,0,0,0,0,0,0,0,0,0,0,0,0,0,0,0,0,0,0,0,0,0,0,0,0,0,0,0,0,0,0,0,0,0,0,0,0,0,0,0,0,0,0,0,0.123931858734467,0,0,0,0,0,0,0,0,0,0,0,0,0,0,0,0,0,0,0,0,0,0,0,0,0,0,0,0,0,0,0,0,0,0,2.89277466261561,0,0,0,0.0827779394916455,0,0,0,0,0,0,0,0,0,0,0,0,0,0,0,0.00744350259299582,0,0,0,0,0,0,0,0,0,0,0,0,0,0,0,0,0,0,0,0,0,0,0,0,0,0,0,0,0,0,0,0,0,0,0,0.0659911567772603,0,0,0.223531678154915,0,0,0,0,0,0,0,0,0,0,0,0,0,0,0,5.3309776103363,0,0,0,0,0,0,0,0,0,0,0,0.424489575951072,0,0,0,0,0.170652795689118,0,0,0,0,0,0,0,0,0,0,0,0,0,0,0,0,0,0,0,0,0,0,0,0,0,0,0,0,0.025210916056684,0,0,1.57055157520043,0,0,0,0,0,0,0,0,0,0,0,0,0,0,0,0,0,0,0,0,0,0,0,0,0,0,0,0,0,0,0,1.53914865113934,0,0,0,0,0,0,0,0,0,0,0,0,0,0,0,0,0.0777029799939765,0,0,0,0,0,0,0,0,0,0.0537981106054261,0,0,0,0,0,0,0,0,0,0,0,0,0,0,0,0,0,0,0,0.109390817412507,0,0,0,0,0,0.00240840333439682,0,0,0,0,0,0,0,0,0,0,0,0,0,0,0,0,0,0,0,0,0,0,0,0,0,0,0,0,0,0,0,0,0,0.0232041746517866,0,0,0,0.0067336786117882,0,0,0,0,0,0,0,0,0,0,0,0,83.7509975340136,0,8.06487379817539,0,0,0,0,0,0,0,0,0,0,0.0415302445280505,0,0,0,3.51085670633219,1.26157659233903,0,0,0,0,0,0,0,0,0,0,0,0,0,0,0,0,0,0,0,0,0,0,0,0,0,0,0,0,0,0,0,0,0,0,0,0,0.00643693325393888,0,0,0,0,0,0,0,0,0,0,0,0,0,0,0,0,0,0.0571166188697626,0,0,0,0,0,0,0.903816103724789,0,0,0,0.491632891829803,0,0,0,0,0,0,0,0,0,0,0,0,0,0,0,0,0,0,0.157079404051152,0,0,0,0,0.184697241181608,0,0,0,0,0,0,0,0,0,0,0,0,0,0,0,0,0,0,0,0,0,0,0,0,0,0,0,0,0,0,0,0,0,1.97203530929128,0,0.00604817077961307,0,0,0,0,0.197909724270466,0.0729255577031282,0,0,0,0.0174211613553694,0,0,0,0,0,0,0,0,0,0,0,0,0,0,0,0,0,0,0,0,0,0,0,0,0,0,0,0,0,0.452336173620793,0,0,0,0,0,0,0,0,0,0,0,0,0,0,0,0,0,0,0,0,0,0,0,0,0,0,0,0,0,0,0,0,0,0,0,0,0,0,0,0,0,0.316817038940661,0,0.0262655157013029,0,0,0,0,0,0,0.134270749429591,0,0,0,0,0,0,0,0,0,0,0.0833264546498901,0,0,0,0,0,0.049477837269103,0,0.680430247449192,0,0,0,0,0,0,1.85512205506964,0,0,0,0,0,0,0,0,0,0,0,0,0,0,0,0,0,0,0,0,0,"PAL-00486"
"709",8845,"nSPC",2015,"PRIAs","Pacific Remote Island Areas","Palmyra","Palmyra",2015,"ForereefDeep","Palmyra","2015-04-17","Forereef","Deep",5.86477691,-162.03891959,23.1,20,27.5,9,9,26,8.5,0,0,NA,0.59375,0.401530763323894,1.6,2,1,24.9522764071379,50.7909865736948,7.39813325659012,5.78237117397817,88.9237674114009,3.11924525697573,0,0,0,0,0,0,0,0,0,0,0,0,0,0.00282942121052258,0,0,0.00282942121052258,0.00282942121052258,0.00565884242104517,0,0,0,0,0,0,0.0113176848420903,0,0,0,0,0,0,0,0,0,0,0,0,0,0,0,0,0,0,0,0,0,0,0,0,0.00282942121052258,0,0,0,0,0,0.00282942121052258,0,0,0,0,0,0,0,0,0,0,0,0,0,0,0,0,0,0,0,0.00565884242104517,0,0,0,0,0,0,0.00565884242104517,0,0,0,0,0,0,0,0,0,0,0,0,0,0,0,0,0,0,0,0,0,0,0,0,0,0,0,0.0877120575262001,0,0,0,0,0.00848826363156775,0,0,0,0.00282942121052258,0,0,0,0,0.00282942121052258,0,0,0,0,0,0,0,0,0,0,0,0,0.172594693841878,0,0,0,0,0,0.00282942121052258,0,0,0,0,0,0,0,0,0,0,0,0,0,0,0,0,0,0,0,0,0,0,0,0,0,0.0113176848420903,0.00282942121052258,0.650766878420194,0,0,0,0,0,0,0,0.00565884242104517,0,0,0,0.0113176848420903,0,0,0.00565884242104517,0,0,0,0.00848826363156775,0,0,0,0,0,0,0,0,0,0,0,0,0,0,0,0,0.0198059484736581,0,0,0,0,0,0,0,0,0,0,0,0,0,0,0,0,0,0,0,0,0,0,0,0,0,0,0,0,0.00848826363156775,0,0,0.00848826363156775,0,0.0113176848420903,0,0,0,0,0,0,0,0,0,0,0,0,0,0,0,0,0,0,0,0,0,0,0,0,0,0,0,0,0,0.0113176848420903,0,0,0,0,0,0.00282942121052258,0,0,0,0,0,0,0,0,0,0,0,0,0,0,0,0,0,0,0,0,0.00282942121052258,0,0,0,0,0,0,0,0,0,0,0,0,0,0,0,0,0,0,0,0,0,0,0,0,0,0.00282942121052258,0,0,0,0,0,0,0,0,0,0,0,0,0,0,0,0,0,0,0,0,0,0,0,0,0,0,0,0,0,0,0,0,0.00565884242104517,0.00282942121052258,0,0,0,0.00565884242104517,0,0,0,0,0,0,0,0,0,0,0,0,0.00282942121052258,0,0,0,0,0,0,0,0,0,0,0,0,0,0,0,0,0,0.00565884242104517,0.00282942121052258,0,0,0,0,0,0,0.00282942121052258,0,0,0,0.00282942121052258,0,0,0.0481001605788839,0,0,0,0,0,0,0,0.00282942121052258,0,0,0,0,0,0,0,0,0,0,0,0,0,0,0,0,0,0,0,0,0,0,0,0,0,0,0,0,0,0,0.00282942121052258,0.00565884242104517,0,0,0,0,0,0.00565884242104517,0,0,0,0,0,0,0,0,0,0,0,0,0,0,0,0,0.0848826363156775,0,0,0,0,0,0,0,0,0,0,0,0.00282942121052258,0,0,0,0,0,0,0,0,0,0,0,0,0,0,0,0,0,0,0,0,0,0,0,0,0,0,0,0,0,0,0,0,0,0,0,0.00565884242104517,0,0,0,0,0.00282942121052258,0.0509295817894065,0,0,0,0,0,0,0,0,0,0,0,0,0,0,0,0,0,0,0,0,0,0,0,0,0,0,0,0,0,0,0,0,0,0.00282942121052258,0,0,0,0,0,0,0,0,0,0,0,0.00282942121052258,0,0,0,0,0,0,0,0,0,0,0,0.00282942121052258,0,0,0,0,0,0,0,0,0,0,0,0,0,0,0,0,0,0,0,0,0,0,0,0,0,0,0,0,0,0,0,0,0,0,0,0,0,0.0424413181578388,0,0,0,0,0,0,0,0.00282942121052258,0,0,0,0,0,0,0,0,0,0,0,0,0.00282942121052258,0,0,0,0,0,0,0,0,0,0,0,0,0,0,0,0,0,0.335669217512441,0,0,0.217164151184016,0.103975262627718,0.506611631355507,0,0,0,0,0,0,0.360130712270162,0,0,0,0,0,0,0,0,0,0,0,0,0,0,0,0,0,0,0,0,0,0,0,0,0.0553596065787217,0,0,0,0,0,0.410696147549774,0,0,0,0,0,0,0,0,0,0,0,0,0,0,0,0,0,0,0,0.668936070456246,0,0,0,0,0,0,0.347251389317533,0,0,0,0,0,0,0,0,0,0,0,0,0,0,0,0,0,0,0,0,0,0,0,0,0,0,0,30.2149960388585,0,0,0,0,2.30438908234214,0,0,0,0.0206290494042411,0,0,0,0,0.00804255019459387,0,0,0,0,0,0,0,0,0,0,0,0,0.219946189568457,0,0,0,0,0,0.243078675390366,0,0,0,0,0,0,0,0,0,0,0,0,0,0,0,0,0,0,0,0,0,0,0,0,0,0.434803207853057,0.140994330926856,1.9695148339054,0,0,0,0,0,0,0,0.447063356309831,0,0,0,0.219791706878591,0,0,0.163500585259839,0,0,0,2.17002557893282,0,0,0,0,0,0,0,0,0,0,0,0,0,0,0,0,0.131494406334649,0,0,0,0,0,0,0,0,0,0,0,0,0,0,0,0,0,0,0,0,0,0,0,0,0,0,0,0,0.373044478593533,0,0,1.06042043282392,0,0.878564321675745,0,0,0,0,0,0,0,0,0,0,0,0,0,0,0,0,0,0,0,0,0,0,0,0,0,0,0,0,0,1.21621053047122,0,0,0,0,0,11.1333156223132,0,0,0,0,0,0,0,0,0,0,0,0,0,0,0,0,0,0,0,0,0.0569174580230593,0,0,0,0,0,0,0,0,0,0,0,0,0,0,0,0,0,0,0,0,0,0,0,0,0,0.00240840333439682,0,0,0,0,0,0,0,0,0,0,0,0,0,0,0,0,0,0,0,0,0,0,0,0,0,0,0,0,0,0,0,0,0.0198412491400157,0.00889828028477043,0,0,0,0.0126666378617977,0,0,0,0,0,0,0,0,0,0,0,0,10.7194576247723,0,0,0,0,0,0,0,0,0,0,0,0,0,0,0,0,0,0.774766904242675,1.07983864398743,0,0,0,0,0,0,0.378291794874505,0,0,0,0.269602090424063,0,0,8.16257734207783,0,0,0,0,0,0,0,4.08744118672214,0,0,0,0,0,0,0,0,0,0,0,0,0,0,0,0,0,0,0,0,0,0,0,0,0,0,0,0,0,0,0.161287619329327,0.0408692294131822,0,0,0,0,0,0.223130310831122,0,0,0,0,0,0,0,0,0,0,0,0,0,0,0,0,4.87009259256718,0,0,0,0,0,0,0,0,0,0,0,0.0120291513290958,0,0,0,0,0,0,0,0,0,0,0,0,0,0,0,0,0,0,0,0,0,0,0,0,0,0,0,0,0,0,0,0,0,0,0,0.0192312930258009,0,0,0,0,0.0181534692942321,0.102842232249358,0,0,0,0,0,0,0,0,0,0,0,0,0,0,0,0,0,0,0,0,0,0,0,0,0,0,0,0,0,0,0,0,0,0.271189837112232,0,0,0,0,0,0,0,0,0,0,0,0.466978994269489,0,0,0,0,0,0,0,0,0,0,0,0.482240683773416,0,0,0,0,0,0,0,0,0,0,0,0,0,0,0,0,0,0,0,0,0,0,0,0,0,0,0,0,0,0,0,0,0,0,0,0,0,0.0240571538424683,0,0,0,0,0,0,0,0.0393289548262639,0,0,0,0,0,0,0,0,0,0,0,0,0.264009106903639,0,0,0,0,35.04140064,37.50920068,34.72070061,29.52290049,37.93620068,37.12160067,42.04120072,43.05430076,40.96520075,45.76590082,26.45370045,"PAL-00560"
"710",8846,"nSPC",2015,"PRIAs","Pacific Remote Island Areas","Palmyra","Palmyra",2015,"ForereefShallow","Palmyra","2015-04-17","Forereef","Shallow",5.86710826,-162.05882502,2.9,27.5,14,4.5,10.5,41,2.5,0,0,NA,0.5975,0.588507074329729,1.75,2,1,11.5557560997897,8.85877684654156,19.9527780185178,3.10303769289676,43.4703486577458,5.5001992182782,0,0,0,0,0,0,0,0,0,0,0,0,0,0,0.00282942121052258,0,0.00848826363156775,0,0,0,0,0,0,0,0,0,0.00565884242104517,0,0,0,0,0,0,0,0,0,0,0,0,0,0,0,0,0,0,0,0,0,0,0,0,0,0,0,0,0,0,0,0,0,0,0,0,0,0,0,0,0,0,0,0,0,0,0,0,0,0,0,0,0,0,0.00282942121052258,0,0,0,0,0,0,0,0,0,0,0,0,0,0,0,0,0,0,0,0,0,0,0,0,0,0,0,0,0,0,0,0,0,0,0.00282942121052258,0,0,0,0.0141471060526129,0,0,0,0,0,0,0,0,0,0,0,0,0,0,0,0,0,0,0,0,0,0,0,0,0,0,0,0,0,0,0,0,0,0.00848826363156775,0,0,0,0,0,0,0,0,0,0,0,0,0,0,0,0.00565884242104517,0.00565884242104517,0,0,0,0,0,0,0,0,0,0,0,0,0,0,0,0,0,0,0,0.00565884242104517,0,0,0,0,0,0,0,0,0,0,0,0.0367824757367936,0,0,0,0,0,0,0,0,0,0,0,0,0,0,0,0,0,0,0,0,0,0,0,0,0,0,0,0,0,0,0,0,0,0.00848826363156775,0,0.00565884242104517,0.0141471060526129,0,0.0367824757367936,0,0,0,0,0,0,0,0,0,0,0,0,0,0,0,0,0,0,0,0,0,0,0,0,0,0,0,0,0,0,0,0,0,0,0,0,0,0,0,0,0,0,0,0,0,0,0,0,0,0,0,0,0,0,0,0,0.00848826363156775,0,0,0,0,0,0,0,0,0,0,0,0,0,0,0,0,0,0,0,0.00282942121052258,0,0,0,0,0,0,0,0,0,0,0,0,0,0,0,0,0,0,0,0,0,0,0,0,0,0,0,0,0,0,0,0,0,0,0,0,0,0,0,0.00282942121052258,0,0,0,0,0,0,0,0,0,0,0,0,0,0,0.00565884242104517,0,0,0,0,0,0,0,0,0,0,0,0,0,0,0,0,0,0,0.0367824757367936,0.00282942121052258,0,0,0,0,0,0,0,0,0,0,0,0,0,0,0,0,0,0,0,0,0,0,0,0.00282942121052258,0,0,0,0,0,0.00282942121052258,0,0,0,0,0,0,0,0,0,0,0,0,0,0,0,0,0,0,0,0,0,0,0,0.00282942121052258,0.00848826363156775,0,0,0,0,0,0,0.00282942121052258,0,0,0,0.00282942121052258,0,0,0,0,0,0,0,0,0,0,0,0,0,0,0,0,0,0,0.0735649514735872,0,0,0,0,0,0,0,0,0,0,0.0735649514735872,0,0,0,0,0,0,0,0,0,0,0,0,0,0,0,0,0,0,0,0,0,0,0,0,0,0,0,0,0,0,0,0,0,0,0,0,0,0,0,0,0,0,0,0,0,0,0,0,0,0,0,0,0,0,0,0,0,0,0,0.00282942121052258,0,0,0,0,0,0,0,0,0,0,0,0,0,0,0,0,0,0,0.00282942121052258,0,0,0.00565884242104517,0,0,0.00282942121052258,0,0,0,0.00282942121052258,0,0,0,0,0,0,0,0,0,0,0,0,0,0,0,0,0,0,0,0,0,0,0.0594178454209743,0,0,0.00565884242104517,0,0,0,0,0,0,0,0,0,0,0,0,0,0,0,0,0.0113176848420903,0,0,0,0,0,0,0,0.141471060526129,0,0,0,0,0,0,0,0,0,0,0,0,0,0,0,0,0,0,0,0,0,0,0,0,0,0,0,0,0,0,0,0.299419229393115,0,0.483820934597609,0,0,0,0,0,0,0,0,0,0.131840986568296,0,0,0,0,0,0,0,0,0,0,0,0,0,0,0,0,0,0,0,0,0,0,0,0,0,0,0,0,0,0,0,0,0,0,0,0,0,0,0,0,0,0,0,0,0,0,0,0,0,0,0,0,0,0,0.0205486372411721,0,0,0,0,0,0,0,0,0,0,0,0,0,0,0,0,0,0,0,0,0,0,0,0,0,0,0,0,0,0,0,0,0,0,0.734847163315798,0,0,0,0.0728621664619153,0,0,0,0,0,0,0,0,0,0,0,0,0,0,0,0,0,0,0,0,0,0,0,0,0,0,0,0,0,0,0,0,0,0.460927072923712,0,0,0,0,0,0,0,0,0,0,0,0,0,0,0,0.217401603926528,0.358222584828211,0,0,0,0,0,0,0,0,0,0,0,0,0,0,0,0,0,0,0,1.52861576855562,0,0,0,0,0,0,0,0,0,0,0,0.065188167037714,0,0,0,0,0,0,0,0,0,0,0,0,0,0,0,0,0,0,0,0,0,0,0,0,0,0,0,0,0,0,0,0,0,0.367834705000356,0,0.388519873642894,2.14655719937968,0,3.79130715698762,0,0,0,0,0,0,0,0,0,0,0,0,0,0,0,0,0,0,0,0,0,0,0,0,0,0,0,0,0,0,0,0,0,0,0,0,0,0,0,0,0,0,0,0,0,0,0,0,0,0,0,0,0,0,0,0,0.126463613914251,0,0,0,0,0,0,0,0,0,0,0,0,0,0,0,0,0,0,0,0.135141328524186,0,0,0,0,0,0,0,0,0,0,0,0,0,0,0,0,0,0,0,0,0,0,0,0,0,0,0,0,0,0,0,0,0,0,0,0,0,0,0,0.0054076140822457,0,0,0,0,0,0,0,0,0,0,0,0,0,0,10.5600197579146,0,0,0,0,0,0,0,0,0,0,0,0,0,0,0,0,0,0,8.75960029151269,0.312297147030625,0,0,0,0,0,0,0,0,0,0,0,0,0,0,0,0,0,0,0,0,0,0,0,1.37647632095751,0,0,0,0,0,4.35380286173337,0,0,0,0,0,0,0,0,0,0,0,0,0,0,0,0,0,0,0,0,0,0,0,0.0825792610966153,0.203480631490542,0,0,0,0,0,0,0.178309917462687,0,0,0,0.292418272683837,0,0,0,0,0,0,0,0,0,0,0,0,0,0,0,0,0,0,0.430724660064618,0,0,0,0,0,0,0,0,0,0,0.27688530373564,0,0,0,0,0,0,0,0,0,0,0,0,0,0,0,0,0,0,0,0,0,0,0,0,0,0,0,0,0,0,0,0,0,0,0,0,0,0,0,0,0,0,0,0,0,0,0,0,0,0,0,0,0,0,0,0,0,0,0,0.157141990530277,0,0,0,0,0,0,0,0,0,0,0,0,0,0,0,0,0,0,1.30989700097384,0,0,0.907074242907198,0,0,1.00244695836089,0,0,0,0.752165247480652,0,0,0,0,0,0,0,0,0,0,0,0,0,0,0,0,0,0,0,0,0,0,0.404294218755026,0,0,0.0466606959959344,0,0,0,0,0,0,0,0,0,0,0,0,0,0,0,0,0.0134397507499823,0,0,0,0,0,0,0,0.715708319928351,0,0,0,0,0,0,0,0,0,0,0,0,0,0,0,0,0,0,0,0,0,0,0,0,0,0,0,0,"PAL-00539"
"711",8847,"nSPC",2015,"PRIAs","Pacific Remote Island Areas","Palmyra","Palmyra",2015,"ForereefMid","Palmyra","2015-04-17","Forereef","Mid",5.86654449,-162.06026704,10.35,25,7,10.5,35,22.5,0,0,0,NA,0.469,0.379179211329543,1.55,2,1,9.31141105668526,12.3545973344008,25.4455172625689,81.6354174344498,128.746943088105,14.175339167789,0,0,0,0,0,0,0,0,0,0,0,0,0,0.00565884242104517,0.00282942121052258,0,0.067906109052542,0.00565884242104517,0,0,0,0,0,0,0,0,0,0,0.00282942121052258,0,0,0,0,0,0,0,0,0,0,0,0,0,0,0,0,0,0,0,0,0,0,0,0,0,0,0,0,0,0,0,0,0,0,0,0,0,0,0,0,0,0,0,0,0,0,0,0.00565884242104517,0,0,0,0,0.00282942121052258,0,0.00282942121052258,0,0,0,0,0,0,0,0,0,0,0,0,0,0,0,0,0,0,0,0,0,0,0,0,0,0,0,0,0,0,0,0,0.0113176848420903,0,0,0,0.0198059484736581,0,0,0,0,0.00282942121052258,0,0,0,0,0,0,0,0,0,0,0.00565884242104517,0,0,0,0,0,0,0,0.00565884242104517,0,0,0,0,0,0,0,0,0,0,0,0,0.00848826363156775,0,0,0,0,0,0,0,0,0,0,0,0,0.00565884242104517,0.00565884242104517,0.118835690841949,0,0,0,0,0,0,0,0,0,0,0,0,0,0,0,0,0,0,0.00848826363156775,0,0,0,0,0.00282942121052258,0.00565884242104517,0,0,0.00282942121052258,0,0,0.297089227104871,0,0,0,0,0.0735649514735872,0,0,0,0,0,0,0,0,0,0,0,0,0,0,0,0,0.00282942121052258,0,0,0,0,0,0,0,0,0,0,0,0.00565884242104517,0,0.00282942121052258,0.00565884242104517,0,0.0282942121052258,0,0,0,0,0,0.00282942121052258,0,0,0,0,0,0,0,0,0,0,0,0,0,0,0,0,0,0,0,0,0,0,0,0.00282942121052258,0,0,0,0,0,0,0,0,0,0,0,0,0,0,0,0,0,0,0,0,0,0,0,0,0,0,0.0282942121052258,0,0,0,0,0,0,0,0,0,0,0,0,0,0,0,0,0,0,0,0,0,0,0,0,0,0,0,0,0,0,0,0,0,0,0.00282942121052258,0,0,0,0,0,0,0,0.00282942121052258,0,0,0,0,0,0,0,0,0,0,0,0,0,0,0,0,0.00565884242104517,0,0,0,0.0169765272631355,0,0,0,0,0,0,0,0,0,0,0,0,0.00565884242104517,0,0,0,0,0,0,0,0,0,0,0,0,0,0,0,0,0.00565884242104517,0.00565884242104517,0.00565884242104517,0,0,0,0,0,0,0.0198059484736581,0,0,0,0,0,0,0.0452707393683613,0,0,0,0,0,0,0,0,0.00282942121052258,0,0,0,0,0,0,0,0,0,0,0,0,0,0,0.00282942121052258,0,0,0,0,0,0,0,0,0,0,0,0,0,0,0,0.0141471060526129,0,0,0,0,0,0.00565884242104517,0.00282942121052258,0,0,0,0.00282942121052258,0,0,0,0,0,0,0,0,0,0,0,0.0226353696841807,0,0,0,0,0,0,0.0113176848420903,0,0,0,0,0.0282942121052258,0,0,0,0,0,0,0,0,0,0,0,0,0,0,0,0,0,0,0,0,0,0,0,0,0,0,0,0,0,0,0,0,0,0,0,0.00848826363156775,0,0,0,0,0.0113176848420903,0.0141471060526129,0,0,0,0,0,0,0.00282942121052258,0,0,0,0,0,0,0,0,0,0,0,0,0,0,0,0,0,0,0,0,0,0,0,0,0,0,0.00565884242104517,0,0,0,0,0,0,0,0,0,0,0,0,0,0,0.00282942121052258,0,0,0,0.00282942121052258,0,0,0,0,0,0,0,0,0,0,0,0,0,0,0,0,0,0,0,0,0,0,0.0113176848420903,0,0,0,0,0,0,0,0,0,0,0,0,0,0,0,0,0,0,0,0.0962003211577679,0,0,0,0,0,0.00282942121052258,0,0.0169765272631355,0,0,0,0,0,0,0,0,0,0,0,0,0,0,0,0,0,0,0,0,0,0,0,0,0,0,0,0,0,0,0.564774389325028,0.299419229393115,0,4.70670663815629,0.264991864813159,0,0,0,0,0,0,0,0,0,0,15.1084974559305,0,0,0,0,0,0,0,0,0,0,0,0,0,0,0,0,0,0,0,0,0,0,0,0,0,0,0,0,0,0,0,0,0,0,0,0,0,0,0,0,0,0,0,0,0,0,0,0.49657394520465,0,0,0,0,0.0122061110628497,0,0.124690269762281,0,0,0,0,0,0,0,0,0,0,0,0,0,0,0,0,0,0,0,0,0,0,0,0,0,0,0,0,0,0,0,0,4.41742652406171,0,0,0,0.0742404699916601,0,0,0,0,0.00804255019459387,0,0,0,0,0,0,0,0,0,0,0.219835836807109,0,0,0,0,0,0,0,0.486157350780733,0,0,0,0,0,0,0,0,0,0,0,0,4.7594744347494,0,0,0,0,0,0,0,0,0,0,0,0,0.217401603926528,0.447063356309831,0.22994706177917,0,0,0,0,0,0,0,0,0,0,0,0,0,0,0,0,0,0,3.17090272841235,0,0,0,0,0.221812025689268,0.158078371368832,0,0,59.9184002615504,0,0,0.435804431371952,0,0,0,0,0.312841120518469,0,0,0,0,0,0,0,0,0,0,0,0,0,0,0,0,0.00587752787039371,0,0,0,0,0,0,0,0,0,0,0,0.419310932564955,0,0.159938242368366,0.723162517055057,0,2.37937854805265,0,0,0,0,0,0.0239844558386228,0,0,0,0,0,0,0,0,0,0,0,0,0,0,0,0,0,0,0,0,0,0,0,0.225701375147013,0,0,0,0,0,0,0,0,0,0,0,0,0,0,0,0,0,0,0,0,0,0,0,0,0,0,0.450800357798933,0,0,0,0,0,0,0,0,0,0,0,0,0,0,0,0,0,0,0,0,0,0,0,0,0,0,0,0,0,0,0,0,0,0,0.10629767663176,0,0,0,0,0,0,0,2.40196640114288,0,0,0,0,0,0,0,0,0,0,0,0,0,0,0,0,0.0177965605695409,0,0,0,0.0307357098218607,0,0,0,0,0,0,0,0,0,0,0,0,4.1432869292636,0,0,0,0,0,0,0,0,0,0,0,0,0,0,0,0,0.786936869684827,0.506593494832668,1.85117707067746,0,0,0,0,0,0,2.16543086187379,0,0,0,0,0,0,6.90814178131908,0,0,0,0,0,0,0,0,1.09998881411292,0,0,0,0,0,0,0,0,0,0,0,0,0,0,0.130668896228596,0,0,0,0,0,0,0,0,0,0,0,0,0,0,0,0.15970573092098,0,0,0,0,0,0.203744428796624,0.327117337756217,0,0,0,0.204600587358282,0,0,0,0,0,0,0,0,0,0,0,1.23310250721117,0,0,0,0,0,0,0.0669857062895558,0,0,0,0,0.104248703831778,0,0,0,0,0,0,0,0,0,0,0,0,0,0,0,0,0,0,0,0,0,0,0,0,0,0,0,0,0,0,0,0,0,0,0,0.0234366617710007,0,0,0,0,0.0776583364063982,0.0213819831951826,0,0,0,0,0,0,0.151060502299197,0,0,0,0,0,0,0,0,0,0,0,0,0,0,0,0,0,0,0,0,0,0,0,0,0,0,0.650564291861521,0,0,0,0,0,0,0,0,0,0,0,0,0,0,0.704050538656756,0,0,0,3.13894506482762,0,0,0,0,0,0,0,0,0,0,0,0,0,0,0,0,0,0,0,0,0,0,0.0577528760490156,0,0,0,0,0,0,0,0,0,0,0,0,0,0,0,0,0,0,0,0.224820150545703,0,0,0,0,0,0.0975432900888749,0,0.107761336223963,0,0,0,0,0,0,0,0,0,0,0,0,0,0,0,0,0,32.35460058,35.86640065,32.34210056,28.07410046,35.84610064,35.29660064,41.0004007,41.22840073,38.6494007,42.84940076,24.86740042,"PAL-00863"
"712",8848,"nSPC",2015,"PRIAs","Pacific Remote Island Areas","Palmyra","Palmyra",2015,"ForereefShallow","Palmyra","2015-04-17","Forereef","Shallow",5.86842757,-162.06878222,5.1,30,5,6.5,6.5,22.5,5,0,24.5,NA,0.87,0.600890937098176,2.1,2,1,2.88748959208584,3.4309308308654,16.1474522952831,3.23314585494444,25.6990185731788,5.47077912225176,0,0,0,0,0,0,0,0,0.00282942121052258,0,0,0,0.00848826363156775,0,0.00282942121052258,0,0.0169765272631355,0,0,0,0,0,0,0,0,0,0.00282942121052258,0,0,0,0,0,0,0,0,0,0,0,0,0,0,0,0,0,0,0,0,0,0,0,0,0,0,0,0,0,0,0,0,0,0,0,0,0,0,0,0,0,0,0,0,0,0,0,0,0,0.00565884242104517,0,0,0,0,0,0,0,0,0,0,0,0,0,0,0,0,0,0,0,0,0,0,0,0,0,0,0,0,0,0,0,0,0,0,0,0,0,0,0,0.0113176848420903,0,0,0,0.0452707393683613,0,0,0,0,0,0,0,0,0,0,0,0,0,0,0,0.00565884242104517,0,0,0,0,0,0,0,0,0,0,0,0,0,0,0,0,0,0,0,0,0,0,0,0,0,0,0,0,0,0,0,0,0,0,0.0113176848420903,0,0,0,0,0,0,0,0,0,0,0,0,0,0,0,0,0,0,0,0.0113176848420903,0,0,0,0,0.00565884242104517,0,0,0,0,0,0,0.325383439210097,0,0,0,0,0,0,0,0,0,0,0,0,0,0,0,0,0,0,0,0,0,0,0,0,0,0,0,0,0,0,0,0,0,0.00848826363156775,0,0.00565884242104517,0.00565884242104517,0,0.0226353696841807,0,0,0,0,0,0,0,0,0,0,0,0,0,0,0,0,0,0,0,0,0,0,0,0,0,0,0,0,0,0,0,0,0,0,0,0,0,0,0,0,0,0,0,0,0,0,0,0,0,0,0,0,0,0,0,0,0.00848826363156775,0,0,0,0,0,0,0,0,0,0,0,0,0,0,0,0,0,0,0,0,0,0,0,0,0,0,0,0,0,0,0,0,0,0,0,0,0,0,0,0,0,0,0,0,0,0,0,0,0,0,0,0,0,0,0,0,0,0,0,0.00565884242104517,0,0,0,0.00282942121052258,0,0,0,0,0,0,0,0,0,0,0,0,0.00565884242104517,0,0.00282942121052258,0,0,0,0,0,0,0,0,0,0,0,0,0,0,0.0169765272631355,0.0198059484736581,0,0,0,0,0,0,0,0,0,0,0,0,0,0,0,0,0,0,0,0,0,0,0,0,0,0,0,0,0,0,0,0,0,0,0,0,0,0,0,0,0,0,0,0,0,0,0,0,0,0,0,0,0,0,0.0169765272631355,0,0,0,0,0,0.00282942121052258,0.00565884242104517,0,0,0,0,0,0,0,0,0,0,0,0,0,0,0,0,0,0,0,0,0,0,0.0622472666314969,0,0,0,0,0.0311236333157484,0,0,0,0,0,0,0,0,0,0,0,0,0,0,0,0,0,0,0,0,0,0,0,0,0,0,0,0,0,0,0,0,0.00282942121052258,0,0,0.0113176848420903,0,0,0,0,0,0,0,0,0,0,0,0,0,0,0,0,0,0,0,0,0,0,0,0,0,0,0,0,0,0,0,0,0,0,0,0,0,0,0,0,0,0,0,0,0,0,0,0,0.00565884242104517,0,0,0,0,0,0,0,0,0,0,0,0,0,0,0.00282942121052258,0,0,0,0,0,0,0,0,0,0,0,0,0,0,0,0,0,0.0509295817894065,0,0,0.0424413181578388,0,0,0,0,0,0,0,0,0,0,0,0,0,0,0,0,0.0226353696841807,0,0,0,0,0,0,0,0.107518005999858,0,0,0,0,0,0,0,0,0,0,0,0,0,0,0,0,0,0,0,0,0,0,0,0,0,0.580761106487433,0,0,0,1.09120576445424,0,0.257439809787334,0,1.1567261060467,0,0,0,0,0,0,0,0,0,0.0610033050155329,0,0,0,0,0,0,0,0,0,0,0,0,0,0,0,0,0,0,0,0,0,0,0,0,0,0,0,0,0,0,0,0,0,0,0,0,0,0,0,0,0,0,0,0,0,0,0,0,0,0.343603383272201,0,0,0,0,0,0,0,0,0,0,0,0,0,0,0,0,0,0,0,0,0,0,0,0,0,0,0,0,0,0,0,0,0,0,0,0,0,0,0,0.852113183972991,0,0,0,0.228746061999242,0,0,0,0,0,0,0,0,0,0,0,0,0,0,0,0.329015043171794,0,0,0,0,0,0,0,0,0,0,0,0,0,0,0,0,0,0,0,0,0,0,0,0,0,0,0,0,0,0,0,0,0,0,0.716445169656422,0,0,0,0,0,0,0,0,0,0,0,0,0,0,0,0,0,0,0,1.79186586058146,0,0,0,0,0.586435373380206,0,0,0,0,0,0,0.504788549905703,0,0,0,0,0,0,0,0,0,0,0,0,0,0,0,0,0,0,0,0,0,0,0,0,0,0,0,0,0,0,0,0,0,0.577090126323,0,0.466362799819253,0.555248213129716,0,1.8894712772308,0,0,0,0,0,0,0,0,0,0,0,0,0,0,0,0,0,0,0,0,0,0,0,0,0,0,0,0,0,0,0,0,0,0,0,0,0,0,0,0,0,0,0,0,0,0,0,0,0,0,0,0,0,0,0,0,0.1466062426257,0,0,0,0,0,0,0,0,0,0,0,0,0,0,0,0,0,0,0,0,0,0,0,0,0,0,0,0,0,0,0,0,0,0,0,0,0,0,0,0,0,0,0,0,0,0,0,0,0,0,0,0,0,0,0,0,0,0,0,0.0177965605695409,0,0,0,0.0048155202490365,0,0,0,0,0,0,0,0,0,0,0,0,1.12022888215944,0,0.310352334868047,0,0,0,0,0,0,0,0,0,0,0,0,0,0,2.91237997619172,2.9770722730897,0,0,0,0,0,0,0,0,0,0,0,0,0,0,0,0,0,0,0,0,0,0,0,0,0,0,0,0,0,0,0,0,0,0,0,0,0,0,0,0,0,0,0,0,0,0,0,0,0,0,0,0,0,0,0.231190002520224,0,0,0,0,0,0.0448203933684347,0.54131208941318,0,0,0,0,0,0,0,0,0,0,0,0,0,0,0,0,0,0,0,0,0,0,0.305400946014114,0,0,0,0,0.120420581379079,0,0,0,0,0,0,0,0,0,0,0,0,0,0,0,0,0,0,0,0,0,0,0,0,0,0,0,0,0,0,0,0,0.00746800454751827,0,0,0.0293430785479666,0,0,0,0,0,0,0,0,0,0,0,0,0,0,0,0,0,0,0,0,0,0,0,0,0,0,0,0,0,0,0,0,0,0,0,0,0,0,0,0,0,0,0,0,0,0,0,0,2.33523039629351,0,0,0,0,0,0,0,0,0,0,0,0,0,0,1.34368286537678,0,0,0,0,0,0,0,0,0,0,0,0,0,0,0,0,0,0.359105772908453,0,0,0.476440556739941,0,0,0,0,0,0,0,0,0,0,0,0,0,0,0,0,0.0137623047679818,0,0,0,0,0,0,0,0.413268657314381,0,0,0,0,0,0,0,0,0,0,0,0,0,0,0,0,0,0,0,0,0,0,0,0,0,0,0,0,"PAL-00860"
"713",8849,"nSPC",2015,"PRIAs","Pacific Remote Island Areas","Palmyra","Palmyra",2015,"ForereefMid","Palmyra","2015-04-17","Forereef","Mid",5.86987982,-162.07974541,11.75,22,1.5,10,17,29.5,0,0,20,NA,0.64,0.544867750699019,1.75,2,1,24.7768011640643,1.8960827047422,13.1038393550715,5.80856173504197,45.5852849589199,3.37518954548264,0,0,0,0,0,0,0,0,0,0,0,0,0.00565884242104517,0,0,0,0.0367824757367936,0.0141471060526129,0,0,0,0,0,0,0,0,0,0,0,0,0,0,0,0,0,0,0,0,0,0,0,0,0,0,0,0,0,0,0,0,0,0,0,0,0,0,0,0,0,0,0,0,0,0,0,0,0,0,0,0,0,0,0,0,0,0,0,0,0,0,0,0,0,0,0,0,0,0,0,0,0,0,0,0,0,0,0,0,0,0,0,0,0,0,0,0,0,0,0,0,0,0,0,0,0,0,0.00565884242104517,0,0,0,0.0141471060526129,0,0,0,0,0.00565884242104517,0,0,0,0,0,0,0,0,0,0,0.00282942121052258,0,0.113176848420903,0,0,0,0,0,0.00282942121052258,0,0,0,0,0,0,0,0,0,0,0,0,0,0,0,0,0,0,0,0,0,0,0,0,0,0.0113176848420903,0.00565884242104517,0.195230063526058,0,0,0,0,0,0,0,0,0,0,0,0,0,0,0,0,0,0,0.00282942121052258,0,0,0,0,0.00848826363156775,0,0,0,0,0,0,0.226353696841807,0,0,0,0,0.00848826363156775,0,0,0,0,0,0,0,0,0,0,0,0,0,0,0,0,0,0,0,0,0,0,0,0,0,0,0,0,0.0226353696841807,0,0,0.00848826363156775,0,0.0282942121052258,0,0,0,0,0,0,0,0,0,0,0,0,0,0,0,0,0,0,0,0,0,0,0,0,0,0,0,0,0,0.00282942121052258,0,0,0,0,0,0,0,0,0,0,0,0,0,0,0,0,0,0,0,0,0,0,0,0,0,0,0.0113176848420903,0,0,0,0,0,0,0,0,0,0,0,0,0,0,0,0,0,0,0,0,0,0,0,0,0,0,0,0,0,0,0,0,0,0,0,0,0,0,0,0,0,0,0,0,0,0,0,0,0,0,0,0,0,0,0,0,0,0,0,0,0,0,0,0.00565884242104517,0,0,0,0,0,0,0,0,0,0,0,0,0.00848826363156775,0,0.0226353696841807,0,0,0,0,0,0,0,0,0,0,0,0,0,0,0.00282942121052258,0.00282942121052258,0,0,0,0,0,0,0,0,0,0,0,0,0,0,0,0,0,0,0,0,0,0,0,0.00282942121052258,0,0,0,0,0,0.00282942121052258,0,0,0,0,0,0,0,0,0,0,0,0,0,0,0,0,0,0,0,0.00282942121052258,0,0,0,0.00282942121052258,0.00848826363156775,0,0,0,0,0,0,0,0,0.00282942121052258,0,0,0,0,0,0,0,0,0,0,0,0,0,0,0,0,0,0,0,0,0.0254647908947033,0,0,0,0,0.0282942121052258,0,0,0,0,0,0,0,0,0,0,0,0,0,0,0,0,0,0,0,0,0,0,0,0,0,0,0,0.0141471060526129,0,0,0,0,0,0,0,0.0198059484736581,0,0,0,0,0.00282942121052258,0.0226353696841807,0,0,0,0,0,0,0,0,0,0,0,0,0,0,0,0,0,0,0,0,0,0,0,0,0,0,0,0,0,0,0,0,0,0.00282942121052258,0,0,0,0,0,0,0,0,0,0,0,0,0,0,0.00565884242104517,0,0,0.00282942121052258,0,0,0,0,0,0.00282942121052258,0,0,0,0,0,0,0,0,0,0,0,0,0,0,0,0.00282942121052258,0,0,0,0,0,0,0,0,0,0,0,0,0,0,0,0,0,0,0,0,0,0.0877120575262001,0,0,0,0,0,0.00848826363156775,0,0.033953054526271,0,0,0,0,0,0,0,0,0,0,0,0,0,0,0,0,0,0,0,0,0,0,0,0,0,0,0,0,0,0.689452128086176,0,0,0,2.36405217210408,0.559038276361438,0,0,0,0,0,0,0,0,0,0,0,0,0,0,0,0,0,0,0,0,0,0,0,0,0,0,0,0,0,0,0,0,0,0,0,0,0,0,0,0,0,0,0,0,0,0,0,0,0,0,0,0,0,0,0,0,0,0,0,0,0,0,0,0,0,0,0,0,0,0,0,0,0,0,0,0,0,0,0,0,0,0,0,0,0,0,0,0,0,0,0,0,0,0,0,0,0,0,0.7413653567262,0,0,0,0.0835744053016268,0,0,0,0,0.0214412198090435,0,0,0,0,0,0,0,0,0,0,0.0877238271159633,0,0.132858302361298,0,0,0,0,0,0.162145055343946,0,0,0,0,0,0,0,0,0,0,0,0,0,0,0,0,0,0,0,0,0,0,0,0,0,0.380902189186368,0.358222584828211,0.414780700009285,0,0,0,0,0,0,0,0,0,0,0,0,0,0,0,0,0,0,0.862497025172855,0,0,0,0,0.551300744314648,0,0,0,0,0,0,0.507343517258805,0,0,0,0,0.0475795993280497,0,0,0,0,0,0,0,0,0,0,0,0,0,0,0,0,0,0,0,0,0,0,0,0,0,0,0,0,1.38706553728759,0,0,0.843414424728439,0,3.13598274927671,0,0,0,0,0,0,0,0,0,0,0,0,0,0,0,0,0,0,0,0,0,0,0,0,0,0,0,0,0,0.0987593485969018,0,0,0,0,0,0,0,0,0,0,0,0,0,0,0,0,0,0,0,0,0,0,0,0,0,0,0.16563127528553,0,0,0,0,0,0,0,0,0,0,0,0,0,0,0,0,0,0,0,0,0,0,0,0,0,0,0,0,0,0,0,0,0,0,0,0,0,0,0,0,0,0,0,0,0,0,0,0,0,0,0,0,0,0,0,0,0,0,0,0,0,0,0,0.0126666378617977,0,0,0,0,0,0,0,0,0,0,0,0,11.1355342961115,0,2.89352243258371,0,0,0,0,0,0,0,0,0,0,0,0,0,0,0.474639722654202,0.248286972602325,0,0,0,0,0,0,0,0,0,0,0,0,0,0,0,0,0,0,0,0,0,0,0,0.261673840546466,0,0,0,0,0,0.134668083484961,0,0,0,0,0,0,0,0,0,0,0,0,0,0,0,0,0,0,0,0.239267175246632,0,0,0,0.234786984819254,0.0507794880741763,0,0,0,0,0,0,0,0,0.188446368267865,0,0,0,0,0,0,0,0,0,0,0,0,0,0,0,0,0,0,0,0,0.118782487002944,0,0,0,0,0.0882058943725987,0,0,0,0,0,0,0,0,0,0,0,0,0,0,0,0,0,0,0,0,0,0,0,0,0,0,0,0.0327509183365563,0,0,0,0,0,0,0,0.0671441459205483,0,0,0,0,0.0111597761375627,0.134448917829702,0,0,0,0,0,0,0,0,0,0,0,0,0,0,0,0,0,0,0,0,0,0,0,0,0,0,0,0,0,0,0,0,0,0.386127717294564,0,0,0,0,0,0,0,0,0,0,0,0,0,0,1.33807290235308,0,0,0.762122340647314,0,0,0,0,0,0.412497277309392,0,0,0,0,0,0,0,0,0,0,0,0,0,0,0,12.3381235240447,0,0,0,0,0,0,0,0,0,0,0,0,0,0,0,0,0,0,0,0,0,0.1516810269643,0,0,0,0,0,0.0686818666809729,0,0.206083723289623,0,0,0,0,0,0,0,0,0,0,0,0,0,0,0,0,0,30.73740054,34.42210062,30.84860054,27.15100045,34.67620062,34.51930062,39.88570068,40.14490071,36.37370067,41.29430074,23.9237004,"PAL-00483"
"714",8858,"nSPC",2015,"PRIAs","Pacific Remote Island Areas","Palmyra","Palmyra",2015,"ForereefDeep","Palmyra","2015-04-18","Forereef","Deep",5.86859504,-162.13635528,22.15,22.5,0.5,3.5,12.5,46,15,0,0,NA,0.48875,0.363917415346491,1.25,2,1,31.3396310701159,3.13932971080438,27.3479036809863,19.0700027680809,80.8968672299875,20.7158682513803,0,0,0,0,0,0,0,0,0,0,0,0,0,0,0,0,0.0396118969473162,0,0,0,0,0,0,0,0,0,0,0,0,0,0,0,0,0,0,0,0,0,0,0,0,0,0,0,0,0,0,0,0,0,0,0,0,0,0,0,0.00282942121052258,0,0,0,0,0,0,0,0,0,0,0,0,0.00282942121052258,0,0,0,0,0,0,0.00565884242104517,0,0,0,0,0,0,0,0,0,0,0,0,0,0,0,0,0,0,0,0,0,0,0,0,0,0,0,0,0,0,0,0,0,0,0,0,0,0,0,0.0113176848420903,0,0,0,0.0113176848420903,0,0,0,0,0,0,0,0,0,0,0,0,0,0,0,0,0,0.0113176848420903,0,0,0,0,0,0,0,0,0,0,0,0,0,0,0,0,0,0,0,0,0,0,0,0,0,0,0,0,0,0,0,0.00565884242104517,0,0.311236333157484,0.00565884242104517,0,0,0,0,0,0,0.00565884242104517,0,0,0,0.00565884242104517,0,0,0,0,0,0,0.0169765272631355,0,0,0,0,0.00282942121052258,0,0,0,0,0,0,0.212206590789194,0,0,0,0,0.0877120575262001,0,0,0,0,0,0,0,0,0,0,0,0,0,0,0,0,0,0,0.00282942121052258,0,0,0,0,0,0.00282942121052258,0,0,0,0.0622472666314969,0,0,0.0113176848420903,0,0,0,0,0,0,0,0,0,0,0,0,0,0,0,0,0,0,0,0,0,0,0,0,0,0,0,0,0,0,0,0.00282942121052258,0,0,0,0,0,0,0,0,0,0,0,0,0,0,0,0,0,0,0,0,0,0,0,0,0,0,0.00282942121052258,0,0,0,0,0,0,0,0,0,0,0,0,0,0,0,0,0,0,0,0,0,0,0,0,0,0.00282942121052258,0,0,0,0,0,0,0,0,0,0,0,0,0,0,0,0,0,0,0,0,0,0,0,0,0,0,0,0,0,0,0,0,0,0.00565884242104517,0,0,0,0,0,0,0,0,0,0,0,0,0,0,0.00282942121052258,0,0.0141471060526129,0,0.00565884242104517,0,0,0,0,0,0,0,0,0,0,0,0,0,0,0,0,0.00848826363156775,0,0,0,0,0,0,0,0.00282942121052258,0,0,0.00565884242104517,0,0,0,0,0,0,0,0,0,0,0,0,0,0,0,0,0,0,0,0,0,0,0,0,0,0,0,0,0,0,0,0,0,0,0,0,0,0,0,0,0,0,0,0,0,0,0,0,0,0,0,0,0,0.00282942121052258,0,0,0,0,0,0,0,0,0,0,0,0,0,0,0,0,0,0,0.00848826363156775,0,0,0,0,0.0113176848420903,0,0,0,0,0,0,0,0,0,0,0,0,0,0.00565884242104517,0,0,0,0,0,0,0,0,0,0,0,0,0,0,0,0,0,0,0.00282942121052258,0.00282942121052258,0,0,0,0,0,0,0.00848826363156775,0.033953054526271,0,0,0,0,0,0,0,0,0,0,0,0,0,0,0,0,0,0,0,0,0,0,0,0,0.00282942121052258,0,0,0,0,0,0,0,0,0,0,0,0,0,0,0,0,0.00282942121052258,0.00282942121052258,0,0.00282942121052258,0,0,0,0,0,0,0,0.00282942121052258,0,0,0,0,0.00282942121052258,0,0,0,0,0,0,0,0,0,0,0,0,0,0,0,0,0,0.00282942121052258,0,0,0,0,0,0,0,0,0,0,0,0,0,0,0,0,0,0,0,0.0226353696841807,0,0,0,0,0,0,0,0.00848826363156775,0,0,0,0,0,0,0.00282942121052258,0,0,0,0,0,0,0,0,0,0,0,0,0,0,0,0,0,0,0,0,0,0,0,0,0,0,2.9905384091864,0,0,0,0,0,0,0,0,0,0,0,0,0,0,0,0,0,0,0,0,0,0,0,0,0,0,0,0,0,0,0,0,0,0,0,0,0,0,0,0.802140913183153,0,0,0,0,0,0,0,0,0,0,0,0,3.79165484803011,0,0,0,0,0,0,1.07760132826053,0,0,0,0,0,0,0,0,0,0,0,0,0,0,0,0,0,0,0,0,0,0,0,0,0,0,0,0,0,0,0,0,0,0,0,0,0,0,0,3.49062530822945,0,0,0,0.0720499960571129,0,0,0,0,0,0,0,0,0,0,0,0,0,0,0,0,0,0.0186877612112596,0,0,0,0,0,0,0,0,0,0,0,0,0,0,0,0,0,0,0,0,0,0,0,0,0,0,0,0,0,0,0,0.217401603926528,0,0.481428848391628,11.872095994391,0,0,0,0,0,0,0.447063356309831,0,0,0,0.119323859908858,0,0,0,0,0,0,3.74227131820327,0,0,0,0,0.182067340756513,0,0,0,0,0,0,0.295646222287505,0,0,0,0,0.984014159626089,0,0,0,0,0,0,0,0,0,0,0,0,0,0,0,0,0,0,2.02231804284303,0,0,0,0,0,0.126323471133476,0,0,0,2.6380222609357,0,0,0.913242685844205,0,0,0,0,0,0,0,0,0,0,0,0,0,0,0,0,0,0,0,0,0,0,0,0,0,0,0,0,0,0,0,0.372388196362932,0,0,0,0,0,0,0,0,0,0,0,0,0,0,0,0,0,0,0,0,0,0,0,0,0,0,0.0132614543853153,0,0,0,0,0,0,0,0,0,0,0,0,0,0,0,0,0,0,0,0,0,0,0,0,0,0.0192672266751746,0,0,0,0,0,0,0,0,0,0,0,0,0,0,0,0,0,0,0,0,0,0,0,0,0,0,0,0,0,0,0,0,0,0.0118986628076631,0,0,0,0,0,0,0,0,0,0,0,0,0,0,1.36682414924756,0,22.1844822208356,0,3.43264773897272,0,0,0,0,0,0,0,0,0,0,0,0,0,0,0,0,2.61318645113046,0,0,0,0,0,0,0,0.852184448781955,0,0,0.3393575189195,0,0,0,0,0,0,0,0,0,0,0,0,0,0,0,0,0,0,0,0,0,0,0,0,0,0,0,0,0,0,0,0,0,0,0,0,0,0,0,0,0,0,0,0,0,0,0,0,0,0,0,0,0,0.13689078274066,0,0,0,0,0,0,0,0,0,0,0,0,0,0,0,0,0,0,0.0234114912454401,0,0,0,0,0.0320737958572036,0,0,0,0,0,0,0,0,0,0,0,0,0,0.0144284751560682,0,0,0,0,0,0,0,0,0,0,0,0,0,0,0,0,0,0,0.00746800454751827,4.17366443099327,0,0,0,0,0,0,0.0402229176382225,0.139819971662393,0,0,0,0,0,0,0,0,0,0,0,0,0,0,0,0,0,0,0,0,0,0,0,0,0.196338603095246,0,0,0,0,0,0,0,0,0,0,0,0,0,0,0,0,1.65786733943665,0.785655411723411,0,0.670494926987822,0,0,0,0,0,0,0,1.50524257686471,0,0,0,0,0.482240683773416,0,0,0,0,0,0,0,0,0,0,0,0,0,0,0,0,0,0.018182077582592,0,0,0,0,0,0,0,0,0,0,0,0,0,0,0,0,0,0,0,0.0137623047679818,0,0,0,0,0,0,0,0.0135291604602348,0,0,0,0,0,0,3.49555847862017,0,0,0,0,0,0,0,0,0,0,49.94610087,59.88420107,73.59580127,58.45380098,51.2001009,52.70250094,57.57180099,59.38680102,56.11980104,70.79730128,41.2212007,"PAL-00436"
"715",8859,"nSPC",2015,"PRIAs","Pacific Remote Island Areas","Palmyra","Palmyra",2015,"ForereefMid","Palmyra","2015-04-18","Forereef","Mid",5.86885504,-162.14253936,14.75,14,0.5,0.5,0,67.5,17.5,0,0,NA,0.2525,0.201766194865592,0.85,2,1,23.8924149170151,4.45910321731735,3.01576174631754,5.12459842538378,36.4918783060337,0.309789611802869,0,0,0,0,0,0.00282942121052258,0,0,0,0,0,0,0,0,0.00282942121052258,0,0.00565884242104517,0,0,0,0,0,0,0,0,0,0,0,0,0,0,0,0,0,0,0,0,0,0,0,0,0,0,0,0,0,0,0,0,0,0,0,0,0,0,0,0,0,0,0,0,0,0,0,0.00565884242104517,0.00848826363156775,0,0,0,0,0,0,0,0,0,0,0,0,0,0,0,0.00282942121052258,0,0,0,0,0,0,0,0,0,0,0,0,0,0,0,0,0,0,0,0,0,0,0,0,0,0,0,0,0,0,0,0,0,0,0.00282942121052258,0,0,0,0,0,0,0,0,0,0,0,0,0,0,0,0,0,0,0,0.00848826363156775,0,0,0,0,0,0,0,0,0,0,0,0,0,0,0,0,0,0,0,0,0,0,0,0,0,0,0,0,0,0,0,0,0,0,0,0.0282942121052258,0,0,0,0,0,0,0,0.00565884242104517,0,0,0,0,0,0,0.00848826363156775,0,0,0,0.00282942121052258,0,0,0,0,0.00282942121052258,0,0,0,0,0,0,0.113176848420903,0,0,0,0,0.113176848420903,0.0622472666314969,0,0,0,0,0,0,0,0.0141471060526129,0,0,0,0,0,0,0,0,0,0,0,0,0,0,0,0,0,0,0,0,0,0,0.00848826363156775,0,0,0,0,0,0,0,0,0,0,0,0,0,0,0,0,0,0,0,0,0,0,0,0,0,0,0,0,0.0113176848420903,0,0,0.00565884242104517,0,0,0.00282942121052258,0,0,0,0,0,0,0,0.00565884242104517,0,0,0,0,0,0,0,0,0,0,0,0,0,0,0,0,0,0,0,0,0,0,0,0,0,0,0,0,0,0,0,0,0,0,0,0,0,0,0,0,0,0.0141471060526129,0,0,0,0,0,0,0,0,0,0,0,0,0,0,0,0,0,0,0,0,0,0,0,0,0,0,0,0,0,0,0,0,0,0,0,0,0,0,0,0,0,0,0,0,0,0,0,0,0,0,0,0,0,0,0,0,0,0,0,0,0,0,0,0.00282942121052258,0,0,0,0.0141471060526129,0.00565884242104517,0,0,0,0,0,0,0,0,0,0,0,0,0,0,0,0,0,0,0,0,0,0,0,0,0,0,0,0,0,0,0,0,0,0,0,0,0,0,0,0,0,0,0,0,0,0,0,0,0,0,0,0,0,0,0,0,0,0,0,0,0,0,0,0,0,0,0,0,0,0,0,0,0,0,0,0,0,0,0,0,0,0,0,0,0,0,0,0,0,0,0,0,0,0,0,0,0,0,0,0,0,0,0,0,0,0,0,0,0,0,0,0,0,0,0,0,0,0,0,0,0,0,0,0.00282942121052258,0,0,0,0,0,0,0.00848826363156775,0,0,0,0,0,0,0,0,0,0,0,0,0,0,0,0,0,0,0,0,0,0,0,0,0,0,0,0,0,0,0,0,0,0,0,0,0,0,0,0,0,0,0,0,0,0,0,0,0,0,0,0,0,0,0,0,0,0,0,0,0,0,0,0,0,0,0,0,0,0,0,0,0,0,0,0,0,0,0,0,0,0,0,0,0,0,0.00565884242104517,0,0,0,0,0,0,0,0,0,0.800726202577891,0,0,0,0,0,0,0,0.113176848420903,0,0,0,0,0,0,0,0,0,0,0,0,0.00282942121052258,0,0,0,0,0,0,0,0,0,0.347523660182436,0,0,0,0,0,0,0,0,0.155195705672858,0,0.404987170320768,0,0,0,0,0,0,0,0,0,0,0,0,0,0,0,0,0,0,0,0,0,0,0,0,0,0,0,0,0,0,0,0,0,0,0,0,0,0,0,0,0,0,0,0,0,0,0,20.5712734523852,0.666171035264014,0,0,0,0,0,0,0,0,0,0,0,0,0,0,0,0.0122061110628497,0,0,0,0,0,0,0,0,0,0,0,0,0,0,0,0,0,0,0,0,0,0,0,0,0,0,0,0,0,0,0,0,0,0,0.422035630905165,0,0,0,0,0,0,0,0,0,0,0,0,0,0,0,0,0,0,0,0.291231962784716,0,0,0,0,0,0,0,0,0,0,0,0,0,0,0,0,0,0,0,0,0,0,0,0,0,0,0,0,0,0,0,0,0,0,0,0.0197097481525003,0,0,0,0,0,0,0,0.217401603926528,0,0,0,0,0,0,0.304494916186695,0,0,0,0.309789611802869,0,0,0,0,0.509690325592484,0,0,0,0,0,0,0.275936474135004,0,0,0,0,0.0178143910109309,0.0819326395601981,0,0,0,0,0,0,0,0.0064059866815403,0,0,0,0,0,0,0,0,0,0,0,0,0,0,0,0,0,0,0,0,0,0,1.01132872865378,0,0,0,0,0,0,0,0,0,0,0,0,0,0,0,0,0,0,0,0,0,0,0,0,0,0,0,0,1.75770902218793,0,0,0.744776392725863,0,0,0.379793910402995,0,0,0,0,0,0,0,0.470370938349061,0,0,0,0,0,0,0,0,0,0,0,0,0,0,0,0,0,0,0,0,0,0,0,0,0,0,0,0,0,0,0,0,0,0,0,0,0,0,0,0,0,0.0120420166719841,0,0,0,0,0,0,0,0,0,0,0,0,0,0,0,0,0,0,0,0,0,0,0,0,0,0,0,0,0,0,0,0,0,0,0,0,0,0,0,0,0,0,0,0,0,0,0,0,0,0,0,0,0,0,0,0,0,0,0,0,0,0,0,0.012528677120194,0,0,0,3.42652856402019,0.786936869684827,0,0,0,0,0,0,0,0,0,0,0,0,0,0,0,0,0,0,0,0,0,0,0,0,0,0,0,0,0,0,0,0,0,0,0,0,0,0,0,0,0,0,0,0,0,0,0,0,0,0,0,0,0,0,0,0,0,0,0,0,0,0,0,0,0,0,0,0,0,0,0,0,0,0,0,0,0,0,0,0,0,0,0,0,0,0,0,0,0,0,0,0,0,0,0,0,0,0,0,0,0,0,0,0,0,0,0,0,0,0,0,0,0,0,0,0,0,0,0,0,0,0,0,1.78730892109782,0,0,0,0,0,0,0.0334793284126882,0,0,0,0,0,0,0,0,0,0,0,0,0,0,0,0,0,0,0,0,0,0,0,0,0,0,0,0,0,0,0,0,0,0,0,0,0,0,0,0,0,0,0,0,0,0,0,0,0,0,0,0,0,0,0,0,0,0,0,0,0,0,0,0,0,0,0,0,0,0,0,0,0,0,0,0,0,0,0,0,0,0,0,0,0,0,0.397922859189092,0,0,0,0,0,0,0,0,0,0.624975289375676,0,0,0,0,0,0,0,0.168367255611236,0,0,0,0,0,0,0,0,0,0,0,0,0.264009106903639,0,0,0,0,56.14700098,65.64320118,80.18700137,67.97310113,55.54530098,59.10950107,63.7069011,66.03700114,67.21740125,75.61710136,44.35470075,"PAL-00505"
"716",8860,"nSPC",2015,"PRIAs","Pacific Remote Island Areas","Palmyra","Palmyra",2015,"ForereefMid","Palmyra","2015-04-18","Forereef","Mid",5.86263307,-162.13436583,13.65,20,10,2.5,17.5,45,5,0,0,NA,0.49,0.343877484158176,1.25,2,1,18.364504294239,7.72739526029002,16.1289784420826,8.32273127090145,50.543609267513,8.8098164687597,0,0,0,0,0,0,0,0,0,0,0,0,0,0,0,0,0.0424413181578388,0,0,0,0,0,0,0,0,0.00848826363156775,0,0,0,0,0,0,0,0,0,0,0,0,0,0,0,0,0,0,0,0,0,0,0,0,0,0,0,0,0,0,0,0,0,0,0,0,0,0,0,0,0,0,0,0,0,0,0,0,0,0,0.00282942121052258,0,0,0,0,0,0,0,0,0,0.00565884242104517,0,0,0,0,0,0,0,0,0,0,0,0,0,0,0,0,0,0,0,0,0,0,0,0,0,0,0,0,0,0.00565884242104517,0,0,0,0.0254647908947033,0,0,0,0,0,0,0,0,0,0,0,0,0,0,0,0.0113176848420903,0,0,0,0,0,0,0,0.00282942121052258,0,0,0,0,0,0,0,0,0,0,0,0,0,0,0,0,0,0,0,0,0,0,0,0,0,0,0,0.33953054526271,0,0,0.00282942121052258,0,0,0,0,0,0,0,0,0,0,0,0.00282942121052258,0,0.00282942121052258,0,0.0113176848420903,0,0,0,0,0.00282942121052258,0,0,0,0,0.00565884242104517,0,0.353677651315323,0,0,0,0,0.0396118969473162,0.0282942121052258,0,0,0,0,0,0,0,0.0169765272631355,0,0,0,0,0,0,0,0,0,0,0,0,0,0,0,0,0,0,0,0.0424413181578388,0,0,0.0169765272631355,0,0.00282942121052258,0,0,0,0,0,0,0,0,0,0,0,0,0,0,0,0,0,0,0,0,0,0,0,0,0,0,0,0,0,0.00848826363156775,0,0,0,0,0,0,0,0,0,0,0,0,0,0,0,0,0,0,0,0,0,0,0,0,0,0,0.0198059484736581,0,0,0,0,0,0,0,0,0,0,0,0,0,0,0,0,0,0,0,0.00565884242104517,0,0,0,0,0,0.0169765272631355,0,0,0,0,0,0,0,0,0,0,0,0,0,0,0,0,0,0,0,0,0,0,0,0,0,0,0,0,0,0,0,0,0,0,0,0,0,0.00282942121052258,0,0,0,0,0,0,0,0,0,0,0,0,0.00565884242104517,0,0.00565884242104517,0,0,0,0,0,0,0,0,0,0,0,0,0,0,0.0311236333157484,0.00282942121052258,0,0,0,0,0,0,0,0,0,0,0,0.00565884242104517,0,0,0,0,0,0,0,0,0,0,0,0,0,0,0,0,0,0,0,0,0,0,0,0,0,0,0,0,0,0,0,0,0,0,0,0,0,0,0,0,0,0.00282942121052258,0.033953054526271,0,0,0,0,0,0,0.00282942121052258,0,0,0,0,0,0,0,0,0,0,0,0,0,0,0,0,0,0,0,0,0,0,0.00282942121052258,0,0,0,0,0.0481001605788839,0,0,0,0,0,0,0,0,0,0,0,0,0,0,0,0,0,0,0,0,0,0,0,0,0,0,0,0.141471060526129,0,0,0,0,0,0,0,0.00282942121052258,0,0,0,0,0.0198059484736581,0.169765272631355,0,0,0,0,0,0,0,0,0,0,0,0,0,0,0,0,0,0,0,0,0,0,0,0,0.00282942121052258,0,0,0,0,0,0,0,0,0,0,0,0,0,0,0,0,0,0,0,0.00282942121052258,0,0,0,0.00848826363156775,0,0,0,0.00282942121052258,0,0,0,0,0,0,0,0,0,0,0,0,0,0,0,0,0,0,0,0,0,0,0.0141471060526129,0,0,0,0,0,0,0,0,0,0,0,0,0,0,0,0,0,0,0,0.067906109052542,0,0,0,0,0,0,0,0.0707355302630646,0,0,0,0,0,0,0.00282942121052258,0,0,0,0,0,0,0,0,0,0,0,0,0,0,0,0,0,0,0,0,0,0,0,0,0,0,2.83087061349762,0,0,0,0,0,0,0,0,0.19004373444717,0,0,0,0,0,0,0,0,0,0,0,0,0,0,0,0,0,0,0,0,0,0,0,0,0,0,0,0,0,0,0,0,0,0,0,0,0,0,0,0,0,0,0,0,0,0,0,0,0,0,0.248286972602325,0,0,0,0,0,0,0,0,0,0.934978459687586,0,0,0,0,0,0,0,0,0,0,0,0,0,0,0,0,0,0,0,0,0,0,0,0,0,0,0,0,0,0.993316356241238,0,0,0,0.107771377326914,0,0,0,0,0,0,0,0,0,0,0,0,0,0,0,0.72739299856316,0,0,0,0,0,0,0,0.243078675390366,0,0,0,0,0,0,0,0,0,0,0,0,0,0,0,0,0,0,0,0,0,0,0,0,0,0,0,0.544938036883018,0,0,0.140994330926856,0,0,0,0,0,0,0,0,0,0,0,0.179111292414106,0,0.27473509157586,0,2.42693347329779,0,0,0,0,0.375253199811446,0,0,0,0,0.280319349375582,0,0.498583629191027,0,0,0,0,0.251118458626271,0.0108097955704419,0,0,0,0,0,0,0,0.00768718401784836,0,0,0,0,0,0,0,0,0,0,0,0,0,0,0,0,0,0,0,1.88085680922541,0,0,1.62922879332575,0,0.126744701598381,0,0,0,0,0,0,0,0,0,0,0,0,0,0,0,0,0,0,0,0,0,0,0,0,0,0,0,0,0,0.7675152291777,0,0,0,0,0,0,0,0,0,0,0,0,0,0,0,0,0,0,0,0,0,0,0,0,0,0,0.504621220408511,0,0,0,0,0,0,0,0,0,0,0,0,0,0,0,0,0,0,0,0.329380730789689,0,0,0,0,0,0.0459478198640394,0,0,0,0,0,0,0,0,0,0,0,0,0,0,0,0,0,0,0,0,0,0,0,0,0,0,0,0,0,0,0,0,0,0,0,0,0,0.0048155202490365,0,0,0,0,0,0,0,0,0,0,0,0,9.23890579816962,0,3.24601471610489,0,0,0,0,0,0,0,0,0,0,0,0,0,0,4.86688682137042,0.690217876139193,0,0,0,0,0,0,0,0,0,0,0,0.539204180848127,0,0,0,0,0,0,0,0,0,0,0,0,0,0,0,0,0,0,0,0,0,0,0,0,0,0,0,0,0,0,0,0,0,0,0,0,0,0,0,0,0,0.234786984819254,0.106178764409552,0,0,0,0,0,0,0.221217541251428,0,0,0,0,0,0,0,0,0,0,0,0,0,0,0,0,0,0,0,0,0,0,0.0144052111636416,0,0,0,0,0.168289564244515,0,0,0,0,0,0,0,0,0,0,0,0,0,0,0,0,0,0,0,0,0,0,0,0,0,0,0,0.36196955311488,0,0,0,0,0,0,0,0.00590641677696589,0,0,0,0,0.11999193385002,0.418468451706719,0,0,0,0,0,0,0,0,0,0,0,0,0,0,0,0,0,0,0,0,0,0,0,0,0.196338603095246,0,0,0,0,0,0,0,0,0,0,0,0,0,0,0,0,0,0,0,0.589093868187753,0,0,0,2.11215161597027,0,0,0,3.6816375113039,0,0,0,0,0,0,0,0,0,0,0,0,0,0,0,0,0,0,0,0,0,0,0.0534718022095792,0,0,0,0,0,0,0,0,0,0,0,0,0,0,0,0,0,0,0,0.0453725985319402,0,0,0,0,0,0,0,0.128880984965667,0,0,0,0,0,0,6.94888461519427,0,0,0,0,0,0,0,0,0,0,56.083801,65.76830117,79.30600137,62.28890104,56.900301,56.67460101,61.24760105,63.60710109,64.26180119,78.31050142,45.04910078,"PAL-00509"
"717",8861,"nSPC",2015,"PRIAs","Pacific Remote Island Areas","Palmyra","Palmyra",2015,"ForereefMid","Palmyra","2015-04-18","Forereef","Mid",5.86370311,-162.12715832,15.6,40,3,5,12.5,32.5,7,0,0,NA,0.46375,0.323533179370456,1,2,1,17.7384984547886,2.99747593515438,5.19552435144987,3.97829254519465,29.9097912865875,1.01800698107582,0,0,0,0,0,0.00565884242104517,0,0,0,0,0,0,0,0,0,0,0.0198059484736581,0,0,0,0,0,0,0,0,0.00282942121052258,0,0,0,0,0.00282942121052258,0,0,0,0,0,0,0,0,0,0,0,0,0,0,0,0,0,0,0,0,0,0,0,0,0,0,0,0,0,0,0,0,0,0,0.00282942121052258,0,0,0,0,0,0,0,0,0,0,0.00282942121052258,0,0,0,0,0,0,0,0,0,0,0,0,0,0,0,0,0,0,0,0,0,0,0,0,0,0,0,0,0,0,0,0,0,0,0,0,0,0,0,0.00565884242104517,0,0,0,0.0198059484736581,0,0,0,0,0,0,0,0,0,0,0,0,0,0,0,0.00565884242104517,0,0,0,0,0,0,0,0,0,0,0,0,0,0,0,0,0,0,0,0,0,0,0,0,0,0,0,0,0,0,0,0,0,0,0.00282942121052258,0.0848826363156775,0,0,0,0,0,0,0,0.00282942121052258,0,0,0,0,0,0,0.0113176848420903,0,0.00282942121052258,0,0.00848826363156775,0,0,0,0,0.00565884242104517,0,0,0,0,0,0,0.226353696841807,0,0,0,0,0.0113176848420903,0.00565884242104517,0,0,0,0,0,0,0,0,0,0,0,0,0,0,0,0.00565884242104517,0,0,0,0,0,0,0,0,0,0,0,0.00848826363156775,0,0,0.0198059484736581,0,0,0,0,0,0,0,0,0,0,0,0,0,0,0,0,0,0,0,0,0,0,0,0,0,0,0,0,0,0,0,0.00282942121052258,0,0,0,0,0,0,0,0,0,0,0,0,0,0,0,0,0,0,0,0,0,0,0,0,0,0,0.0113176848420903,0,0,0,0,0,0,0,0,0,0,0,0,0,0,0,0,0,0,0,0,0,0,0,0,0,0.0113176848420903,0,0,0,0,0,0,0,0,0,0,0,0,0,0,0,0,0,0,0,0,0,0,0,0,0,0,0,0,0,0,0,0,0,0.00848826363156775,0,0,0,0,0,0,0,0,0,0,0,0,0,0,0,0,0.00565884242104517,0,0,0,0,0,0,0,0,0,0,0,0,0.00848826363156775,0,0,0,0.00282942121052258,0.00282942121052258,0,0,0,0,0,0,0.00282942121052258,0,0.00848826363156775,0,0,0,0,0,0,0,0,0,0,0,0,0,0,0,0,0,0,0,0,0,0,0,0,0,0,0,0,0,0,0,0,0,0,0,0,0,0,0,0,0,0,0,0,0,0.0282942121052258,0,0,0,0,0,0,0,0,0,0,0,0,0,0,0,0,0,0,0,0,0,0,0,0,0,0,0,0,0,0.0226353696841807,0,0,0,0,0.0254647908947033,0,0,0,0,0,0,0,0,0,0,0,0,0,0,0,0,0,0,0,0,0,0,0,0,0,0,0,0,0,0,0,0,0,0,0,0,0,0,0,0,0.00848826363156775,0,0,0,0,0,0,0,0,0,0,0,0,0,0,0,0,0,0,0,0,0,0,0,0,0,0,0,0,0,0,0,0,0,0.00282942121052258,0.00282942121052258,0,0,0,0,0,0,0,0,0,0,0,0,0,0,0,0,0,0,0,0,0,0,0,0,0,0,0,0,0,0,0,0,0,0,0,0,0,0,0,0,0,0.0424413181578388,0,0,0,0,0,0,0,0,0.00282942121052258,0,0,0,0,0,0,0,0,0,0,0.226353696841807,0,0,0,0,0,0.00282942121052258,0,0.0424413181578388,0,0,0,0,0,0,0.00282942121052258,0,0,0,0,0,0,0,0,0,0,0,0,0,0,0,0.477464829275686,0,0,0,0,0,0,0,0,0,0,1.27551292936271,0,0,0,0,0,0,0,0,0.0951084475126272,0,0,0,0,0.136645199709462,0,0,0,0,0,0,0,0,0,0,0,0,0,0,0,0,0,0,0,0,0,0,0,0,0,0,0,0,0,0,0,0,0,0,0.129980258696445,0,0,0,0,0,0,0,0,0,0,0.312297147030625,0,0,0,0,0,0,0,0,0,0,0,0,0,0,0,0,0,0,0,0,0,0,0,0,0,0,0,0,0,0,0,0,0,0,0,0,0,0,0,1.52785901677863,0,0,0,0.0494179615913611,0,0,0,0,0,0,0,0,0,0,0,0,0,0,0,0.245361018881316,0,0,0,0,0,0,0,0,0,0,0,0,0,0,0,0,0,0,0,0,0,0,0,0,0,0,0,0,0,0,0,0,0,0,0.140994330926856,0.157677985220003,0,0,0,0,0,0,0,0.27473509157586,0,0,0,0,0,0,0.40131252176257,0,0.223531678154915,0,1.01800698107582,0,0,0,0,0.274472664692068,0,0,0,0,0,0,0.30477110569144,0,0,0,0,0.100131264560234,0.0137355703664994,0,0,0,0,0,0,0,0,0,0,0,0,0,0,0,0.0117550557407874,0,0,0,0,0,0,0,0,0,0,0,0.501012837937231,0,0,1.53324948064195,0,0,0,0,0,0,0,0,0,0,0,0,0,0,0,0,0,0,0,0,0,0,0,0,0,0,0,0,0,0,0,0.269163497623171,0,0,0,0,0,0,0,0,0,0,0,0,0,0,0,0,0,0,0,0,0,0,0,0,0,0,0.282680534213803,0,0,0,0,0,0,0,0,0,0,0,0,0,0,0,0,0,0,0,0,0,0,0,0,0,0.0201327466234734,0,0,0,0,0,0,0,0,0,0,0,0,0,0,0,0,0,0,0,0,0,0,0,0,0,0,0,0,0,0,0,0,0,0.0410955935425425,0,0,0,0,0,0,0,0,0,0,0,0,0,0,0,0,15.3003973772921,0,0,0,0,0,0,0,0,0,0,0,0,0.0111366018846169,0,0,0,0.474639722654202,0.149307035470157,0,0,0,0,0,0,0.638424855364036,0,1.02751842343558,0,0,0,0,0,0,0,0,0,0,0,0,0,0,0,0,0,0,0,0,0,0,0,0,0,0,0,0,0,0,0,0,0,0,0,0,0,0,0,0,0,0,0,0,0,0.0965094200025166,0,0,0,0,0,0,0,0,0,0,0,0,0,0,0,0,0,0,0,0,0,0,0,0,0,0,0,0,0,0.123532131968616,0,0,0,0,0.0815243461965627,0,0,0,0,0,0,0,0,0,0,0,0,0,0,0,0,0,0,0,0,0,0,0,0,0,0,0,0,0,0,0,0,0,0,0,0,0,0,0,0,0.0404730215693575,0,0,0,0,0,0,0,0,0,0,0,0,0,0,0,0,0,0,0,0,0,0,0,0,0,0,0,0,0,0,0,0,0,0.338371725898514,0.271189837112232,0,0,0,0,0,0,0,0,0,0,0,0,0,0,0,0,0,0,0,0,0,0,0,0,0,0,0,0,0,0,0,0,0,0,0,0,0,0,0,0,0,0.179797240354162,0,0,0,0,0,0,0,0,0.250329080411291,0,0,0,0,0,0,0,0,0,0,0.185468560349755,0,0,0,0,0,0.00600785725315117,0,0.252177258346004,0,0,0,0,0,0,0.664881041836579,0,0,0,0,0,0,0,0,0,0,53.44370095,62.25270112,73.63040129,58.88910098,56.23750098,55.589701,58.867201,62.31190108,61.90060114,76.90330139,44.33030077,"PAL-00510"
"718",8862,"nSPC",2015,"PRIAs","Pacific Remote Island Areas","Palmyra","Palmyra",2015,"ForereefDeep","Palmyra","2015-04-18","Forereef","Deep",5.87857998,-162.15737449,20.5,15.5,15,3.5,4.5,40,21.5,0,0,NA,0.36875,0.241753151603795,0.95,2,1,13.7995218221465,0.905147428675085,7.76935234849998,9.68510543940935,32.1591270387309,5.57665376270714,0,0,0,0,0,0,0,0,0,0,0,0,0,0,0,0,0.00565884242104517,0,0,0,0,0,0,0,0,0.00282942121052258,0,0,0,0,0.00565884242104517,0,0,0,0,0,0,0,0,0,0,0,0,0,0,0,0,0,0,0,0,0,0,0,0,0,0,0,0,0,0,0,0,0,0,0,0,0,0,0,0,0,0,0,0,0,0.00282942121052258,0,0,0,0,0,0,0,0,0,0.00848826363156775,0,0,0,0,0,0,0,0,0,0,0,0,0,0,0,0,0,0,0,0,0,0,0,0,0,0,0,0,0,0.00565884242104517,0,0,0,0.0113176848420903,0,0,0,0,0,0,0,0,0,0,0,0,0,0,0,0.00848826363156775,0,0,0,0,0,0,0,0.00565884242104517,0,0,0,0,0,0,0,0,0,0,0,0,0,0,0,0,0,0,0,0,0,0.00565884242104517,0,0,0,0,0.00565884242104517,0.00565884242104517,0.00282942121052258,0,0,0,0,0,0,0.00282942121052258,0,0,0,0,0,0,0.00565884242104517,0,0,0,0.00282942121052258,0,0,0,0,0.00282942121052258,0,0,0,0,0,0.00565884242104517,0.226353696841807,0,0,0,0,0.00848826363156775,0,0,0,0,0,0,0,0,0,0,0,0,0,0,0,0,0,0,0,0,0,0,0,0,0,0,0,0,0,0,0.00565884242104517,0.00565884242104517,0,0,0,0,0,0,0,0,0,0,0,0,0,0,0,0,0,0,0,0,0,0,0,0,0,0,0,0,0,0,0,0.00282942121052258,0,0,0,0,0,0,0,0,0,0,0,0,0,0,0,0,0,0,0,0,0,0,0,0,0,0,0,0,0,0,0,0,0,0,0,0,0,0,0,0,0,0,0,0,0,0,0.00282942121052258,0,0,0,0,0,0.0141471060526129,0,0,0,0,0,0,0,0,0,0,0,0,0,0,0,0,0,0,0,0,0,0,0,0,0,0,0,0,0,0,0,0,0,0.00565884242104517,0,0,0,0,0,0,0,0,0,0,0,0,0,0,0,0,0.0113176848420903,0,0.00282942121052258,0,0,0,0,0,0,0,0,0,0,0.00565884242104517,0,0,0,0,0,0,0,0,0,0,0,0,0,0.00282942121052258,0,0,0,0,0,0,0,0,0,0,0,0,0,0,0,0,0,0,0,0,0,0,0,0,0,0,0,0,0,0,0,0,0.00282942121052258,0,0,0,0,0,0,0,0,0,0,0,0,0.0113176848420903,0,0,0,0,0,0,0,0,0,0,0,0,0,0,0,0,0,0,0,0,0,0,0,0,0,0,0,0,0,0.00848826363156775,0,0,0,0,0,0,0,0,0,0,0,0,0,0,0,0,0,0,0.00565884242104517,0,0,0,0,0,0,0,0,0,0,0,0,0,0,0,0,0,0,0,0,0,0,0,0,0,0,0.00282942121052258,0.0763943726841098,0,0,0,0,0,0,0,0,0,0,0,0,0,0,0,0,0,0,0,0,0,0,0,0,0,0,0,0,0,0,0,0,0.00282942121052258,0,0,0,0,0,0,0,0,0,0,0,0,0,0,0,0,0,0,0,0,0,0,0,0,0,0,0,0,0,0,0,0,0,0,0,0,0,0,0,0,0,0,0.0707355302630646,0,0,0,0,0,0,0,0,0.00282942121052258,0,0,0,0,0,0,0,0,0,0,0.067906109052542,0,0,0,0,0,0,0,0.0282942121052258,0,0,0,0,0,0,0,0,0,0,0,0,0,0,0,0,0,0,0,0,0,0,0,0,0,0,0,0,0,0,0,0,0,0.434328302368032,0,0,0,0,0,0,0,0,0.14610423775836,0,0,0,0,1.49681644760096,0,0,0,0,0,0,0,0,0,0,0,0,0,0,0,0,0,0,0,0,0,0,0,0,0,0,0,0,0,0,0,0,0,0,0,0,0,0,0,0,0,0,0,0,0,0.387383452121338,0,0,0,0,0,0,0,0,0,2.43911818462716,0,0,0,0,0,0,0,0,0,0,0,0,0,0,0,0,0,0,0,0,0,0,0,0,0,0,0,0,0,2.8308701213132,0,0,0,0.0666938766372571,0,0,0,0,0,0,0,0,0,0,0,0,0,0,0,0.479434418356898,0,0,0,0,0,0,0,0.399942920496372,0,0,0,0,0,0,0,0,0,0,0,0,0,0,0,0,0,0,0,0,0,0.0839086681378492,0,0,0,0,0.447063356309831,0.00934388060562978,5.26686415090427,0,0,0,0,0,0,0.27473509157586,0,0,0,0,0,0,0.217401603926528,0,0,0,0.309789611802869,0,0,0,0,0.267016246208585,0,0,0,0,0,0.269160840973409,0.319735914473894,0,0,0,0,0.0243966335517178,0,0,0,0,0,0,0,0,0,0,0,0,0,0,0,0,0,0,0,0,0,0,0,0,0,0,0,0,0,0,0.559169758762067,0.6601630123907,0,0,0,0,0,0,0,0,0,0,0,0,0,0,0,0,0,0,0,0,0,0,0,0,0,0,0,0,0,0,0,0.124090881565124,0,0,0,0,0,0,0,0,0,0,0,0,0,0,0,0,0,0,0,0,0,0,0,0,0,0,0,0,0,0,0,0,0,0,0,0,0,0,0,0,0,0,0,0,0,0,0.0871699903121249,0,0,0,0,0,0.0269440123035645,0,0,0,0,0,0,0,0,0,0,0,0,0,0,0,0,0,0,0,0,0,0,0,0,0,0,0,0,0,0,0,0,0,0.027397062361695,0,0,0,0,0,0,0,0,0,0,0,0,0,0,0,0,10.4892172824764,0,1.35608073118569,0,0,0,0,0,0,0,0,0,0,0.025057354240388,0,0,0,0,0,0,0,0,0,0,0,0,0,0.106275255286486,0,0,0,0,0,0,0,0,0,0,0,0,0,0,0,0,0,0,0,0,0,0,0,0,0,0,0,0,0,0,0,0,0.258999606849509,0,0,0,0,0,0,0,0,0,0,0,0,0.0528187428809876,0,0,0,0,0,0,0,0,0,0,0,0,0,0,0,0,0,0,0,0,0,0,0,0,0,0,0,0,0,0.0432156334909248,0,0,0,0,0,0,0,0,0,0,0,0,0,0,0,0,0,0,0.0144284751560682,0,0,0,0,0,0,0,0,0,0,0,0,0,0,0,0,0,0,0,0,0,0,0,0,0,0,0.0111597761375627,0.151764875960146,0,0,0,0,0,0,0,0,0,0,0,0,0,0,0,0,0,0,0,0,0,0,0,0,0,0,0,0,0,0,0,0,1.13400635428448,0,0,0,0,0,0,0,0,0,0,0,0,0,0,0,0,0,0,0,0,0,0,0,0,0,0,0,0,0,0,0,0,0,0,0,0,0,0,0,0,0,0,0.472343635634792,0,0,0,0,0,0,0,0,0.250329080411291,0,0,0,0,0,0,0,0,0,0,0.0491894877449351,0,0,0,0,0,0,0,0.0891980695459666,0,0,0,0,0,0,0,0,0,0,0,0,0,0,0,0,0,63.60500111,72.10290129,81.44990138,72.89450121,58.71940104,61.7337011,62.02650109,66.92880116,67.02200124,72.52860131,48.46990083,"PAL-00432"
"719",8863,"nSPC",2015,"PRIAs","Pacific Remote Island Areas","Palmyra","Palmyra",2015,"ForereefMid","Palmyra","2015-04-18","Forereef","Mid",5.88491276,-162.16122773,15.35,16,32.5,3,3.5,45,0,0,0,NA,0.265,0.180191016103283,0.65,2,1,29.9021546007898,6.23823947003055,4.55293941475546,12.2489728885372,52.9423063741129,2.62251439135934,0,0,0,0,0,0.00282942121052258,0,0,0,0,0,0,0,0,0,0,0.00282942121052258,0.00282942121052258,0,0,0,0.00282942121052258,0,0,0,0.00282942121052258,0,0,0,0,0,0,0,0,0,0,0,0,0,0,0,0,0,0,0,0,0,0,0,0,0,0,0,0,0,0,0,0,0,0,0,0,0,0,0,0,0,0,0,0,0,0,0,0,0,0,0.00282942121052258,0,0,0,0,0,0,0,0,0,0,0,0,0,0,0,0,0,0,0,0,0,0,0,0,0,0,0,0,0,0,0,0,0,0,0,0,0,0,0,0.00848826363156775,0,0,0,0.0282942121052258,0,0,0,0,0,0,0,0,0,0,0,0,0,0,0,0.00848826363156775,0,0,0,0,0,0,0,0.00282942121052258,0,0,0,0,0,0,0,0,0,0,0,0,0,0,0,0,0,0,0,0,0,0,0,0,0,0,0.0141471060526129,0.169765272631355,0,0,0,0,0,0,0,0.00565884242104517,0,0,0,0,0,0,0,0,0,0,0.00848826363156775,0,0,0,0,0,0,0,0,0,0,0,0.735649514735872,0,0,0,0,0.0424413181578388,0,0,0,0,0,0,0,0,0,0,0,0,0,0,0,0,0,0,0.00282942121052258,0,0,0,0,0,0,0,0,0,0.00282942121052258,0,0.00565884242104517,0.00565884242104517,0,0,0,0,0,0,0,0.00282942121052258,0,0,0,0,0,0,0,0,0,0,0,0,0,0,0,0,0,0,0,0,0,0,0,0.00848826363156775,0,0,0,0,0,0,0,0,0,0,0,0,0,0,0,0,0,0,0,0,0,0,0,0,0,0,0.00848826363156775,0,0,0,0,0,0,0,0,0,0,0,0,0,0,0,0,0,0,0,0.00282942121052258,0,0,0,0,0,0.0169765272631355,0,0,0,0,0,0,0,0,0,0,0,0,0,0,0,0,0,0,0,0,0,0,0,0,0,0,0,0,0,0,0,0,0,0.00282942121052258,0,0,0,0.00282942121052258,0,0,0,0,0,0,0,0,0,0,0.00565884242104517,0,0.0113176848420903,0,0.00565884242104517,0,0,0,0,0,0,0,0,0,0,0.00282942121052258,0,0,0,0,0,0,0,0,0,0,0,0,0,0.00565884242104517,0,0,0.00565884242104517,0,0,0,0,0,0,0,0,0,0,0,0,0,0,0,0,0,0,0,0,0,0,0,0,0,0,0,0,0,0,0,0,0,0,0,0,0,0,0,0,0,0,0.00565884242104517,0,0,0,0,0,0,0,0,0,0,0,0,0,0,0,0,0,0,0,0,0,0,0,0,0,0,0,0,0,0.130153375684039,0,0,0,0,0.0509295817894065,0,0,0,0,0,0,0,0,0,0,0,0,0,0,0,0,0,0,0,0,0,0,0,0,0,0,0,0,0,0,0,0,0,0,0,0.00848826363156775,0,0,0,0,0.0396118969473162,0.33953054526271,0,0,0,0,0,0,0,0,0,0,0,0,0,0,0,0,0,0,0,0,0,0,0,0,0,0,0,0,0,0,0,0,0,0,0,0,0,0,0,0,0,0,0,0,0,0,0,0,0,0,0,0,0,0,0,0,0,0,0,0,0,0,0,0,0,0,0,0,0,0,0,0,0,0,0,0.0396118969473162,0,0,0,0,0,0,0,0,0,0,0,0,0,0,0,0,0,0,0,0.0565884242104517,0,0,0,0,0.0198059484736581,0.00282942121052258,0,0.00282942121052258,0,0,0,0,0,0,0.00282942121052258,0,0,0,0,0,0.00565884242104517,0,0,0,0,0,0,0,0,0,0.122230996294576,0,0,0,0,0,0,0,0,0,0,0.0341459402744874,0.0304551357616731,0,0,0,0.468452961248233,0,0,0,0.212684480031651,0,0,0,0,0,0,0,0,0,0,0,0,0,0,0,0,0,0,0,0,0,0,0,0,0,0,0,0,0,0,0,0,0,0,0,0,0,0,0,0,0,0,0,0,0,0,0,0,0,0,0.690217876139193,0,0,0,0,0,0,0,0,0,0,0,0,0,0,0,0,0,0,0,0,0,0,0,0,0,0,0,0,0,0,0,0,0,0,0,0,0,0,0,2.668270242356,0,0,0,0.0617437510740256,0,0,0,0,0,0,0,0,0,0,0,0,0,0,0,0.387674449179621,0,0,0,0,0,0,0,0.243078675390366,0,0,0,0,0,0,0,0,0,0,0,0,0,0,0,0,0,0,0,0,0,0,0,0,0,0,1.11765839077458,0.284331366866625,0,0,0,0,0,0,0,0.54947018315172,0,0,0,0,0,0,0,0,0,0,2.62251439135934,0,0,0,0,0,0,0,0,0,0,0,1.26580382579391,0,0,0,0,0.169100873909935,0,0,0,0,0,0,0,0,0,0,0,0,0,0,0,0,0,0,3.4625656671393,0,0,0,0,0,0,0,0,0,0.13089513208302,0,0.553987521217273,0.419663689845818,0,0,0,0,0,0,0,0.0872101444032979,0,0,0,0,0,0,0,0,0,0,0,0,0,0,0,0,0,0,0,0,0,0,0,0.618955754335307,0,0,0,0,0,0,0,0,0,0,0,0,0,0,0,0,0,0,0,0,0,0,0,0,0,0,0.139991126429221,0,0,0,0,0,0,0,0,0,0,0,0,0,0,0,0,0,0,0,0.109390817412507,0,0,0,0,0,0.0710478983647063,0,0,0,0,0,0,0,0,0,0,0,0,0,0,0,0,0,0,0,0,0,0,0,0,0,0,0,0,0,0,0,0,0,0.0136985311808475,0,0,0,0.0027012170491327,0,0,0,0,0,0,0,0,0,0,11.724821847496,0,12.8042504415541,0,3.45588958049875,0,0,0,0,0,0,0,0,0,0,0.012528677120194,0,0,0,0,0,0,0,0,0,0,0,0,0,1.31241428273929,0,0,1.62681662605678,0,0,0,0,0,0,0,0,0,0,0,0,0,0,0,0,0,0,0,0,0,0,0,0,0,0,0,0,0,0,0,0,0,0,0,0,0,0,0,0,0,0,0.114933893012344,0,0,0,0,0,0,0,0,0,0,0,0,0,0,0,0,0,0,0,0,0,0,0,0,0,0,0,0,0,0.435170725356296,0,0,0,0,0.120267867168647,0,0,0,0,0,0,0,0,0,0,0,0,0,0,0,0,0,0,0,0,0,0,0,0,0,0,0,0,0,0,0,0,0,0,0,0.0306188645717912,0,0,0,0,0.172746481853952,1.16313104011221,0,0,0,0,0,0,0,0,0,0,0,0,0,0,0,0,0,0,0,0,0,0,0,0,0,0,0,0,0,0,0,0,0,0,0,0,0,0,0,0,0,0,0,0,0,0,0,0,0,0,0,0,0,0,0,0,0,0,0,0,0,0,0,0,0,0,0,0,0,0,0,0,0,0,0,0.10884989559701,0,0,0,0,0,0,0,0,0,0,0,0,0,0,0,0,0,0,0,0.0671987537499114,0,0,0,0,0.0495480763669284,0.0206236040698263,0,0.0393289548262639,0,0,0,0,0,0,2.31713762020398,0,0,0,0,0,0.82808810269223,0,0,0,0,80.15130141,86.76470154,92.28510156,90.97360155,81.87900145,76.44830134,70.88320126,93.19210165,89.27990163,81.65390148,69.55410123,"PAL-00520"
"720",8864,"nSPC",2015,"PRIAs","Pacific Remote Island Areas","Palmyra","Palmyra",2015,"ForereefDeep","Palmyra","2015-04-18","Forereef","Deep",5.88889961,-162.1643401,21.95,32.5,35,5,9,18,0.5,0,0,NA,0.41875,0.217782724037163,0.9,2,1,41.1411362486801,8.23546355237325,13.3169809926808,71.2314871816725,133.925067975407,7.45626169055406,0,0,0,0,0,0,0,0,0,0,0,0,0,0,0,0,0.0396118969473162,0,0,0,0,0,0,0,0,0.0141471060526129,0,0,0,0,0.00565884242104517,0,0,0,0,0,0,0,0,0,0,0,0,0,0,0,0,0,0,0,0.00282942121052258,0,0,0,0,0,0.00282942121052258,0,0,0,0,0,0,0,0.00282942121052258,0,0,0,0,0,0,0,0,0,0,0,0.00565884242104517,0,0,0,0,0,0,0,0,0,0,0,0,0,0,0,0,0,0,0,0,0,0,0,0.00565884242104517,0,0,0,0,0,0,0,0,0,0,0,0,0,0,0,0.00565884242104517,0,0,0,0.00565884242104517,0,0,0,0,0,0,0,0,0,0,0,0,0,0,0,0.00565884242104517,0,0.00282942121052258,0,0,0,0,0,0.00565884242104517,0,0,0,0,0,0,0,0,0,0,0,0,0,0,0,0,0,0,0,0,0,0,0,0,0,0,0.00565884242104517,0.905414787367227,0.00282942121052258,0,0,0,0,0,0,0.00565884242104517,0,0,0,0,0,0,0,0,0.00848826363156775,0,0.00565884242104517,0,0,0,0,0,0,0,0,0.00282942121052258,0,0,0.141471060526129,0,0,0,0,0.169765272631355,0,0,0,0,0,0,0,0,0,0,0,0,0,0,0,0,0,0,0,0,0,0,0,0,0,0,0,0,0.0141471060526129,0,0,0.0113176848420903,0,0,0,0,0,0,0,0,0,0,0,0,0,0,0,0,0,0,0,0,0,0,0,0,0,0,0,0,0,0,0,0.00565884242104517,0,0,0,0,0,0.00282942121052258,0,0,0,0,0,0,0,0,0,0,0,0.00282942121052258,0,0,0,0,0,0,0,0,0.00282942121052258,0,0,0,0,0,0,0,0,0,0,0,0,0,0,0,0,0,0,0,0.00282942121052258,0,0,0,0,0,0.00848826363156775,0,0,0,0,0,0,0,0,0,0,0,0,0,0,0,0,0,0,0,0,0,0,0,0,0,0,0,0,0,0,0,0,0,0.00565884242104517,0,0,0,0.00282942121052258,0,0,0,0,0,0,0,0,0,0,0,0,0.00848826363156775,0,0,0,0,0,0,0,0,0,0,0,0,0,0,0,0,0,0.00565884242104517,0.00282942121052258,0,0,0,0,0,0,0,0.0169765272631355,0,0,0.00282942121052258,0,0,0,0,0,0,0,0,0,0,0,0,0,0,0,0,0,0,0,0,0,0,0,0,0,0,0,0,0,0,0,0,0,0,0,0,0,0,0,0,0,0,0.0113176848420903,0,0,0,0,0,0.00282942121052258,0,0,0,0,0,0,0,0,0,0,0,0,0,0,0,0,0,0,0,0,0,0,0,0.0254647908947033,0,0,0,0,0.00282942121052258,0,0,0,0,0,0,0,0,0,0,0,0,0,0,0,0,0,0,0,0,0,0,0,0,0,0,0,0,0,0,0,0,0,0,0,0.00565884242104517,0,0,0,0,0.0254647908947033,0.130153375684039,0,0,0,0.0113176848420903,0,0,0,0,0,0,0,0,0,0,0,0,0,0,0,0,0,0,0,0,0,0,0,0,0,0,0,0,0,0.00565884242104517,0,0,0,0,0,0,0,0,0,0,0,0,0,0,0,0,0,0,0,0,0,0,0,0,0,0,0,0,0,0,0,0,0,0,0,0,0,0,0,0,0,0,0,0,0,0,0,0,0,0,0,0,0,0,0,0,0,0,0,0,0,0.0594178454209743,0,0,0,0,0,0.00282942121052258,0,0.00565884242104517,0,0,0,0,0,0,0.00282942121052258,0,0,0,0,0,0,0,0,0,0,0,0,0,0,0,0,0,0,0,0,0,0,0,0,0,0,3.24179019571431,0,0,0,0,0,0,0,0,0.445325716687481,0,0,0,0,1.2168095681125,0,0,0,0,0,0,0,0,0,0,0,0,0,0,0,0,0,0,0,0.114129797484607,0,0,0,0,0,0.802140913183153,0,0,0,0,0,0,0,10.144747632967,0,0,0,0,0,0,0,0,0,0,0,1.01520148203316,0,0,0,0,0,0,0,0,0,0,0,0,0,0,0,0,0,0,0,0,0,0,0,2.5218477150353,0,0,0,0,0,0,0,0,0,0,0,0,0,0,0,2.356411439208,0,0,0,0.0506087762480694,0,0,0,0,0,0,0,0,0,0,0,0,0,0,0,0.329015043171794,0,0.00197097481525003,0,0,0,0,0,0.486157350780733,0,0,0,0,0,0,0,0,0,0,0,0,0,0,0,0,0,0,0,0,0,0,0,0,0,0,0.54947018315172,2.54766744637875,5.9360479971955,0,0,0,0,0,0,0.79881527712458,0,0,0,0,0,0,0,0,0.581754262983126,0,1.52021369335856,0,0,0,0,0,0,0,0,59.9184002615504,0,0,0.139063223075974,0,0,0,0,1.50495708135952,0,0,0,0,0,0,0,0,0,0,0,0,0,0,0,0,0,0,0,0,0,0,0,0,0,0,0,0,0.522007240437951,0,0,1.09703364441801,0,0,0,0,0,0,0,0,0,0,0,0,0,0,0,0,0,0,0,0,0,0,0,0,0,0,0,0,0,0,0,0.686737639371762,0,0,0,0,0,5.63474007401179,0,0,0,0,0,0,0,0,0,0,0,0.08578408991335,0,0,0,0,0,0,0,0,0.0190250326598301,0,0,0,0,0,0,0,0,0,0,0,0,0,0,0,0,0,0,0,0.236265071445519,0,0,0,0,0,0.0436899417380424,0,0,0,0,0,0,0,0,0,0,0,0,0,0,0,0,0,0,0,0,0,0,0,0,0,0,0,0,0,0,0,0,0,0.0177965605695409,0,0,0,0.0027012170491327,0,0,0,0,0,0,0,0,0,0,0,0,20.0300252881391,0,0,0,0,0,0,0,0,0,0,0,0,0,0,0,0,0,0.949279445308405,2.11954779428196,0,0,0,0,0,0,0,2.78761860528273,0,0,0.405604065804842,0,0,0,0,0,0,0,0,0,0,0,0,0,0,0,0,0,0,0,0,0,0,0,0,0,0,0,0,0,0,0,0,0,0,0,0,0,0,0,0,0,0,0.014218691492656,0,0,0,0,0,0.141445360875306,0,0,0,0,0,0,0,0,0,0,0,0,0,0,0,0,0,0,0,0,0,0,0,0.0702344737363204,0,0,0,0,0.0120291513290958,0,0,0,0,0,0,0,0,0,0,0,0,0,0,0,0,0,0,0,0,0,0,0,0,0,0,0,0,0,0,0,0,0,0,0,0.0204125763811941,0,0,0,0,0.107431678394734,0.384628944429229,0,0,0,0.0124141970092657,0,0,0,0,0,0,0,0,0,0,0,0,0,0,0,0,0,0,0,0,0,0,0,0,0,0,0,0,0,0.542379674224464,0,0,0,0,0,0,0,0,0,0,0,0,0,0,0,0,0,0,0,0,0,0,0,0,0,0,0,0,0,0,0,0,0,0,0,0,0,0,0,0,0,0,0,0,0,0,0,0,0,0,0,0,0,0,0,0,0,0,0,0,0,0.0186274945394754,0,0,0,0,0,0.00960201470593496,0,0.0286314791135201,0,0,0,0,0,0,1.70261049712394,0,0,0,0,0,0,0,0,0,0,130.0296023,141.9973025,134.6073023,142.9520024,140.2042025,165.7709029,135.3167023,142.9247025,158.1083029,132.8093023,157.2239028,"PAL-00442"
"721",8865,"nSPC",2015,"PRIAs","Pacific Remote Island Areas","Palmyra","Palmyra",2015,"ForereefMid","Palmyra","2015-04-18","Forereef","Mid",5.88446944,-162.16745314,16,17,30.5,3,3.5,39.5,6.5,0,0,NA,0.455,0.34509651273574,1.2,2,1,36.4341151092636,7.37471966554266,13.4427636218314,15.8189578018581,73.0705561984958,9.67128538961394,0,0,0,0,0,0,0,0,0.00282942121052258,0,0,0,0,0,0,0,0.00848826363156775,0.00282942121052258,0,0,0,0,0,0,0,0,0,0,0,0,0,0,0,0,0,0,0,0,0,0,0,0,0,0,0,0,0,0,0,0,0,0,0,0,0,0,0,0,0,0,0,0,0,0,0,0,0,0,0,0,0,0,0,0,0,0,0.00565884242104517,0,0,0,0,0,0,0,0,0,0.00282942121052258,0,0,0,0,0,0,0,0,0,0,0,0,0,0,0,0,0,0,0,0,0,0,0,0,0,0,0,0,0,0.00565884242104517,0,0,0,0.0113176848420903,0,0,0,0,0,0,0,0,0,0,0,0,0,0,0,0.00565884242104517,0,0,0,0,0,0,0,0.00282942121052258,0,0,0,0,0,0,0,0,0,0,0,0,0,0,0,0,0,0,0,0,0,0.00565884242104517,0,0,0.00282942121052258,0,0.00565884242104517,0.226353696841807,0,0,0.00282942121052258,0,0,0,0,0.00565884242104517,0,0,0,0,0,0,0,0,0,0,0,0,0,0,0,0.00565884242104517,0,0,0,0,0.00848826363156775,0.0113176848420903,0.0735649514735872,0,0,0,0,0.0311236333157484,0,0,0,0,0,0,0,0,0,0,0,0,0,0,0,0,0,0,0.00282942121052258,0,0,0,0,0,0,0,0,0,0,0,0.00282942121052258,0.00565884242104517,0,0,0,0,0,0,0,0,0,0,0,0,0,0,0,0,0,0,0,0,0,0,0,0,0,0,0,0,0,0,0,0.00565884242104517,0,0,0.00282942121052258,0,0,0,0,0,0.00282942121052258,0,0,0,0,0,0,0,0,0,0,0,0,0,0,0,0,0,0.00565884242104517,0,0,0,0,0,0,0,0,0,0,0,0,0,0,0,0,0,0,0,0.00282942121052258,0,0,0,0,0,0.0169765272631355,0,0,0,0,0,0,0,0,0,0,0,0,0,0,0,0,0,0,0,0,0,0,0,0,0,0,0,0,0,0,0,0,0,0,0,0,0,0,0,0,0,0,0,0,0,0,0,0,0,0,0.0113176848420903,0,0.00282942121052258,0,0,0,0,0,0,0,0,0,0,0.00282942121052258,0,0,0,0,0.00282942121052258,0,0,0,0,0,0,0,0,0.00282942121052258,0,0,0.00282942121052258,0,0,0,0,0,0,0,0,0.00565884242104517,0,0,0,0,0,0,0,0,0,0,0,0,0,0,0,0,0,0,0,0,0,0,0,0,0,0,0,0,0,0,0,0,0,0,0.00282942121052258,0,0,0,0,0,0,0,0.00565884242104517,0,0.00282942121052258,0,0,0,0,0,0,0,0,0,0,0,0,0,0,0,0,0,0,0.00282942121052258,0,0,0,0,0.00282942121052258,0,0,0,0,0,0,0,0,0,0,0,0,0,0,0,0.00565884242104517,0,0,0,0,0,0,0,0,0,0,0,0,0,0,0,0,0,0,0,0.0113176848420903,0,0,0,0,0,0.00848826363156775,0,0,0,0,0,0,0,0,0,0,0,0,0,0,0,0,0,0,0,0,0,0,0,0,0.00565884242104517,0,0,0,0,0,0,0,0.00282942121052258,0,0,0.00282942121052258,0,0,0,0,0,0,0,0,0,0,0,0,0,0,0,0,0.00282942121052258,0,0,0,0,0.00565884242104517,0,0,0,0,0,0,0,0,0,0,0,0,0,0,0,0,0,0.0141471060526129,0,0,0,0,0,0,0,0,0,0,0,0,0,0,0,0,0,0,0,0.0792237938946323,0,0,0,0,0.00282942121052258,0,0,0.0311236333157484,0,0,0,0,0,0,0,0,0,0,0,0,0.00565884242104517,0,0,0,0,0,0,0,0,0,0,0,0,1.38932236739325,0,0,0,0,0,0,0,0.671227267359024,0.13249593240658,0,0,0,0,0,0,0,0,0,0,0,0,0,0,0,0,0,0,0,0,0,0,0,0,0,0,0,0,0,0,0,0,0,0,0,0,0,0,0,0,0,0,0,0,0,0,0,0,0,0,0,0,0,0,0,0,0,0,0.786936869684827,0,0,0,0,0,0,0,0,0,0.996969167696771,0,0,0,0,0,0,0,0,0,0,0,0,0,0,0,0,0,0,0,0,0,0,0,0,0,0,0,0,0,3.72218117034564,0,0,0,0.0680554380373814,0,0,0,0,0,0,0,0,0,0,0,0,0,0,0,0.394633265390266,0,0,0,0,0,0,0,0.199971460248186,0,0,0,0,0,0,0,0,0,0,0,0,0,0,0,0,0,0,0,0,0,0.163500585259839,0,0,0.38272736635949,0,0.447063356309831,0.507343517258805,0,0,0.179111292414106,0,0,0,0,0.447063356309831,0,0,0,0,0,0,0,0,0,0,0,0,0,0,0,0.706030241719924,0,0,0,0,0.420479024063373,1.06607177718174,0.121470447873187,0,0,0,0,0.32381297594485,0,0,0,0,0,0,0,0,0,0,0,0,0,0,0,0,0,0,2.02231804284303,0,0,0,0,0,0,0,0,0,0,0,0.233181399909626,0.6601630123907,0,0,0,0,0,0,0,0,0,0,0,0,0,0,0,0,0,0,0,0,0,0,0,0,0,0,0,0,0,0,0,0.412948094912985,0,0,0.32758889003573,0,0,0,0,0,1.70189647189575,0,0,0,0,0,0,0,0,0,0,0,0,0,0,0,0,0,0.0916905359686552,0,0,0,0,0,0,0,0,0,0,0,0,0,0,0,0,0,0,0,0.135141328524186,0,0,0,0,0,0.0562587966394258,0,0,0,0,0,0,0,0,0,0,0,0,0,0,0,0,0,0,0,0,0,0,0,0,0,0,0,0,0,0,0,0,0,0,0,0,0,0,0,0,0,0,0,0,0,0,0,0,0,0,30.2878153115962,0,1.10750287977166,0,0,0,0,0,0,0,0,0,0,0.077202172439714,0,0,0,0,0.474639722654202,0,0,0,0,0,0,0,0,0.492860277831265,0,0,0.405604065804842,0,0,0,0,0,0,0,0,5.2171871034336,0,0,0,0,0,0,0,0,0,0,0,0,0,0,0,0,0,0,0,0,0,0,0,0,0,0,0,0,0,0,0,0,0,0,1.6111036240247,0,0,0,0,0,0,0,0.199359540910661,0,0.109690165036044,0,0,0,0,0,0,0,0,0,0,0,0,0,0,0,0,0,0,0.0144052111636416,0,0,0,0,0.0120291513290958,0,0,0,0,0,0,0,0,0,0,0,0,0,0,0,1.4632102801151,0,0,0,0,0,0,0,0,0,0,0,0,0,0,0,0,0,0,0,0.0336429499615977,0,0,0,0,0,0.0295322676013031,0,0,0,0,0,0,0,0,0,0,0,0,0,0,0,0,0,0,0,0,0,0,0,0,0.795987521758729,0,0,0,0,0,0,0,1.40625826774346,0,0,3.49211692377945,0,0,0,0,0,0,0,0,0,0,0,0,0,0,0,0,0.853949129567643,0,0,0,0,5.32521933626685,0,0,0,0,0,0,0,0,0,0,0,0,0,0,0,0,0,0.142393092066712,0,0,0,0,0,0,0,0,0,0,0,0,0,0,0,0,0,0,0,0.0910946305833799,0,0,0,0,0.022313793951594,0,0,0.109767112920103,0,0,0,0,0,0,0,0,0,0,0,0,0.528018213807278,0,0,0,0,102.2031018,113.148102,113.5383019,115.238102,111.371202,120.5074021,106.4681019,122.5278021,130.6211024,104.6521018,113.512602,"PAL-00523"
"722",8866,"nSPC",2015,"PRIAs","Pacific Remote Island Areas","Palmyra","Palmyra",2015,"ForereefDeep","Palmyra","2015-04-18","Forereef","Deep",5.87385485,-162.16298131,19.45,38.5,32.5,4.5,8.5,16,0,0,0,NA,0.40875,0.244076301539104,1,2,1,33.6890950261988,95.2244729900328,6.93053539736455,17.8522401605758,153.696343574172,3.65952979734424,0,0,0,0,0,0,0,0,0,0,0,0,0,0,0,0,0.0141471060526129,0,0,0,0,0,0,0,0,0,0,0,0,0,0,0,0,0,0,0,0,0,0,0,0,0,0,0,0,0,0,0,0,0,0,0,0,0,0,0,0.00282942121052258,0,0,0,0,0,0,0,0,0.00282942121052258,0,0,0,0,0,0,0,0,0,0,0.00565884242104517,0,0,0,0,0,0,0.00282942121052258,0,0,0.00282942121052258,0,0,0,0,0,0,0,0,0,0,0,0,0,0,0,0,0,0,0,0,0,0,0,0,0.0848826363156775,0,0,0,0,0.00848826363156775,0,0,0,0,0,0,0,0,0.0226353696841807,0.00282942121052258,0,0,0,0,0,0,0,0,0,0.0198059484736581,0,0,0,0,0,0,0,0,0,0,0,0,0,0,0,0,0,0,0,0,0,0,0,0,0,0,0,0,0,0,0,0,0,0.0113176848420903,0.0707355302630646,0.481001605788839,0,0,0,0,0,0,0,0.00282942121052258,0,0,0,0,0,0,0,0,0,0,0.00282942121052258,0,0,0,0,0.00565884242104517,0,0,0,0,0,0.0113176848420903,0.127323954473516,0,0,0,0,0.124494533262994,0,0,0,0,0,0,0,0,0,0,0,0,0,0,0,0,0,0,0,0,0,0,0,0,0.00282942121052258,0,0,0,0.0226353696841807,0,0,0.0113176848420903,0,0,0,0,0,0,0,0,0,0,0,0,0,0,0,0,0,0,0,0,0,0,0,0,0,0,0,0,0,0,0,0.0169765272631355,0,0,0,0,0,0,0,0,0,0,0,0,0,0,0.00282942121052258,0,0,0,0,0,0,0,0,0,0,0,0.00848826363156775,0,0,0,0,0,0,0,0,0,0,0,0,0,0,0,0,0,0,0,0.00282942121052258,0,0,0,0,0,0,0,0,0,0,0,0,0,0,0,0,0,0,0,0,0,0,0,0,0,0,0,0,0,0,0,0,0,0,0,0,0,0,0,0,0,0,0,0,0,0,0,0,0,0,0,0,0,0,0,0,0.0113176848420903,0,0.00565884242104517,0,0.00565884242104517,0,0,0,0,0,0,0,0,0,0,0,0,0.0113176848420903,0.00565884242104517,0.00282942121052258,0,0,0,0,0,0.0282942121052258,0,0.0226353696841807,0,0,0.067906109052542,0,0,0.0424413181578388,0,0,0,0,0,0,0,0,0,0,0,0,0,0,0,0,0,0,0,0,0,0,0,0,0,0,0,0,0,0,0,0,0,0,0,0,0,0,0.00565884242104517,0.0113176848420903,0,0,0,0,0,0.00565884242104517,0,0,0,0,0,0,0,0,0,0,0,0,0,0,0,0,0,0,0,0,0,0,0,0.0141471060526129,0,0,0,0,0.00282942121052258,0,0,0,0,0,0,0,0,0,0,0,0,0,0,0,0,0,0,0,0,0,0,0,0,0,0,0,0.933708999472453,0,0,0,0,0,0,0,0.0113176848420903,0,0,0,0,0,0.229183118052329,0,0,0,0,0,0,0,0,0,0,0,0.0141471060526129,0,0,0.594178454209743,0,0,0,0,0,0,0,0,0,0.00282942121052258,0,0,0,0,0,0,0,0,0.00848826363156775,0,0,0,0,0,0,0,0,0.00282942121052258,0,0,0,0,0,0.00565884242104517,0,0,0,0,0,0,0,0,0,0,0,0,0,0,0,0,0,0,0,0,0,0,0,0,0,0,0,0,0,0,0,0,0,0,0,0,0,0,0,0,0,0,0,0,0,0,0.0113176848420903,0,0,0,0,0,0,0,0,0,0,0,0,0,0,0.00565884242104517,0,0,0,0,0,0,0,0.00282942121052258,0,0,0,0,0,0,0,0,0,0,0,0,0,0,0,0,0,0,0.90998204472622,0,0,0,0,0,0,0,0,0,0,0,0,0,0,0,0,0,0,0,0,0,0,0,0,0,0,0,0,0,0,0,0,0,0,0,0,0,0,0,0.584760725710518,0,0,0,0,0,0,0,0,0.204882759234707,0,0,0,0,0,0,0,0,0,0,1.00251502316982,0,0,0,0,0,0,0.191525483086802,0,0,0.191525483086802,0,0,0,0,0,0,0,0,0,0,0,0,0,0,0,0,0,0,0,0,0,0,0,0,11.7510233957897,0,0,0,0,2.3129123622172,0,0,0,0,0,0,0,0,0.03444960016169,0.524821313315919,0,0,0,0,0,0,0,0,0,1.41240173404889,0,0,0,0,0,0,0,0,0,0,0,0,0,0,0,0,0,0,0,0,0,0,0,0,0,0,0,0,0,0,0,0,0,0.336725463835386,7.86775094741277,0.891318610896403,0,0,0,0,0,0,0,0.27473509157586,0,0,0,0,0,0,0,0,0,0,0.760106846679279,0,0,0,0,0.500109501886976,0,0,0,0,0,0.410927120782574,0.142713176437549,0,0,0,0,0.618211307222978,0,0,0,0,0,0,0,0,0,0,0,0,0,0,0,0,0,0,0,0,0,0,0,0,0.179862911047468,0,0,0,0.318205454185301,0,0,0.660942502724323,0,0,0,0,0,0,0,0,0,0,0,0,0,0,0,0,0,0,0,0,0,0,0,0,0,0,0,0,0,0,0,1.35870398360574,0,0,0,0,0,0,0,0,0,0,0,0,0,0,0.0719427456495751,0,0,0,0,0,0,0,0,0,0,0,0.0834403667936899,0,0,0,0,0,0,0,0,0,0,0,0,0,0,0,0,0,0,0,0.164690365394844,0,0,0,0,0,0,0,0,0,0,0,0,0,0,0,0,0,0,0,0,0,0,0,0,0,0,0,0,0,0,0,0,0,0,0,0,0,0,0,0,0,0,0,0,0,0,0,0,0,0,0,0,0,0,0,0,20.0852540271714,0,2.21500575954333,0,2.32775263902892,0,0,0,0,0,0,0,0,0,0,0,0,3.48067050205977,0.887493198646583,0.677688739433518,0,0,0,0,0,8.27693814289685,0,4.73625979943005,0,0,8.41830370528534,0,0,5.53222359309443,0,0,0,0,0,0,0,0,0,0,0,0,0,0,0,0,0,0,0,0,0,0,0,0,0,0,0,0,0,0,0,0,0,0,0,0,0,0,0.513491991020331,0.0285583094348813,0,0,0,0,0,0.124598135842637,0,0,0,0,0,0,0,0,0,0,0,0,0,0,0,0,0,0,0,0,0,0,0,0.0390191520757336,0,0,0,0,0.00668154817603593,0,0,0,0,0,0,0,0,0,0,0,0,0,0,0,0,0,0,0,0,0,0,0,0,0,0,0,1.54963127274294,0,0,0,0,0,0,0,0.0408251527623883,0,0,0,0,0,0.814376924813659,0,0,0,0,0,0,0,0,0,0,0,2.43391424737119,0,0,46.5759853258299,0,0,0,0,0,0,0,0,0,0.237597456124828,0,0,0,0,0,0,0,0,1.83946954211161,0,0,0,0,0,0,0,0,1.1617565495922,0,0,0,0,0,1.73766640107276,0,0,0,0,0,0,0,0,0,0,0,0,0,0,0,0,0,0,0,0,0,0,0,0,0,0,0,0,0,0,0,0,0,0,0,0,0,0,0,0,0,0,0,0,0,0,0.00290298616199617,0,0,0,0,0,0,0,0,0,0,0,0,0,0,5.73115935219337,0,0,0,0,0,0,0,0.459932799576192,0,0,68.1599012,75.05580134,87.18640148,75.98640128,61.8547011,66.93810119,67.03140117,71.98440124,74.68610138,77.52900139,51.22950088,"PAL-00430"
"723",8869,"nSPC",2015,"PRIAs","Pacific Remote Island Areas","Palmyra","Palmyra",2015,"ForereefDeep","Palmyra","2015-04-19","Forereef","Deep",5.87218652,-162.15377119,21.5,17,58.5,3.5,4,17,0,0,0,NA,0.64,0.333410680319752,1.25,2,1,265.327406270888,8.93108653296688,37.0226596738202,9.78119650437929,321.062348982054,31.4877641059607,0,0,0,0,0,0,0,0,0.00282942121052258,0,0,0,0,0,0,0,0.0282942121052258,0,0,0,0,0,0,0,0,0,0,0.00282942121052258,0,0,0.00282942121052258,0,0,0,0,0,0,0,0,0,0,0,0,0,0,0,0,0,0,0,0,0,0,0,0,0,0,0,0,0,0,0,0,0,0,0,0,0,0,0,0,0,0,0,0,0,0.00565884242104517,0,0,0,0,0,0,0.00282942121052258,0,0,0,0,0,0,0,0,0,0,0,0,0,0,0,0,0,0,0,0,0,0,0,0,0,0,0,0,0,0,0,0,0.0169765272631355,0,0,0,0.0254647908947033,0,0,0,0,0.0113176848420903,0,0,0,0,0,0,0,0,0,0,0.00565884242104517,0,0,0,0,0,0,0,0.00565884242104517,0,0,0,0,0,0,0,0,0,0,0,0,0,0,0,0,0,0,0,0,0,0,0,0,0,0.00282942121052258,0.0198059484736581,0.345189387683755,0.00565884242104517,0,0,0,0,0,0,0.00565884242104517,0,0,0,0,0,0,0,0,0,0,0,0,0,0,0,0,0,0,0,0,0.00565884242104517,0.00848826363156775,0.0848826363156775,0,0,0,0,0.135812218105084,0,0,0,0,0,0,0,0,0,0,0,0,0,0,0,0,0,0,0,0,0,0,0,0,0,0,0,0,0.0198059484736581,0,0,0.00848826363156775,0,0,0,0,0,0,0,0,0,0,0,0,0,0,0,0,0,0,0,0,0,0,0,0,0,0,0,0,0,0,0.00565884242104517,0.00565884242104517,0,0,0,0,0,0,0,0,0,0,0,0,0,0,0,0,0.00565884242104517,0,0,0,0,0,0,0,0,0,0,0,0,0,0,0,0,0,0,0,0,0,0,0,0,0,0,0,0,0,0.00565884242104517,0,0,0,0,0,0,0,0,0,0,0,0,0,0,0,0,0,0,0,0,0,0,0,0,0,0,0,0,0,0,0,0,0,0,0,0,0,0,0,0.00282942121052258,0,0,0,0.00565884242104517,0,0,0,0,0,0,0,0,0,0,0,0,0.00848826363156775,0,0.00565884242104517,0,0,0,0,0,0,0,0,0,0,0,0,0,0,0.00848826363156775,0.00282942121052258,0,0,0,0,0,0,0.00848826363156775,0,0.00565884242104517,0,0,0.00282942121052258,0,0,0.0198059484736581,0,0,0,0,0,0,0,0,0,0,0,0,0,0,0,0,0,0,0,0,0,0,0,0,0,0,0,0,0,0,0,0,0,0,0,0,0,0,0,0,0,0,0,0,0,0,0,0,0,0,0,0,0,0,0,0,0,0,0,0,0,0,0,0,0,0,0,0,0,0,0,0,0,0,0.00565884242104517,0,0,0,0,0,0,0,0,0,0,0,0,0,0,0,0,0,0,0,0,0,0,0,0,0,0,0,0.0226353696841807,0,0,0,0,0,0,0,0,0,0,0,0,0.0169765272631355,0.00848826363156775,0,0,0,0,0,0,0,0,0,0,0,0,0,0,0,0,0,0,0,0,0,0,0,0,0.00565884242104517,0,0,0,0,0,0,0,0.00282942121052258,0,0,0,0,0,0,0,0,0,0,0,0,0,0,0,0,0,0,0,0.00282942121052258,0,0,0,0,0.00565884242104517,0,0,0,0,0,0,0,0,0,0,0,0,0,0,0,0.033953054526271,0,0,0,0,0,0,0,0,0,0,0,0,0,0,0,0,0,0,0,0,0,0.00282942121052258,0,0,0,0,0,0,0,0.00282942121052258,0,0,0,0,0,0,0.00565884242104517,0,0,0,0,0,0.00848826363156775,0,0,0,0,0,0,0,0,0,0,0,0,0.668733033123445,0,0,0,0,0,0,0,2.40928094604955,0,0,0,0,0,0,0,0,0,0,0.381156552019341,0,0,0.315301079668521,0,0,0,0,0,0,0,0,0,0,0,0,0,0,0,0,0,0,0,0,0,0,0,0,0,0,0,0,0,0,0,0,0,0,0,0,0,0,0,0,0,0,0,0,0,0.56058411963295,0,0,0,0,0,0,0.0980785542552974,0,0,0,0,0,0,0,0,0,0,0,0,0,0,0,0,0,0,0,0,0,0,0,0,0,0,0,0,0,0,0,0,7.40291711857485,0,0,0,0.0842181481530931,0,0,0,0,0.017224800080845,0,0,0,0,0,0,0,0,0,0,0.307234551098688,0,0,0,0,0,0,0,0.399942920496372,0,0,0,0,0,0,0,0,0,0,0,0,0,0,0,0,0,0,0,0,0,0,0,0,0,0.0596619299544288,2.11306723589403,0.404998825000266,21.1762182588046,0,0,0,0,0,0,0.54947018315172,0,0,0,0,0,0,0,0,0,0,0,0,0,0,0,0,0,0,0,0,0.280319349375582,0.308195340586931,0.059129244457501,0,0,0,0,0.634184752361277,0,0,0,0,0,0,0,0,0,0,0,0,0,0,0,0,0,0,0,0,0,0,0,0,0,0,0,0,0.520487708412813,0,0,0.878598328404355,0,0,0,0,0,0,0,0,0,0,0,0,0,0,0,0,0,0,0,0,0,0,0,0,0,0,0,0,0,0,6.92012535618037,0.525870094082901,0,0,0,0,0,0,0,0,0,0,0,0,0,0,0,0,0.155405959987953,0,0,0,0,0,0,0,0,0,0,0,0,0,0,0,0,0,0,0,0,0,0,0,0,0,0,0,0,0,0.203352562175087,0,0,0,0,0,0,0,0,0,0,0,0,0,0,0,0,0,0,0,0,0,0,0,0,0,0,0,0,0,0,0,0,0,0,0,0,0,0,0,0.00889828028477043,0,0,0,0.00614676476255929,0,0,0,0,0,0,0,0,0,0,0,0,15.2250504326019,0,1.77741366854242,0,0,0,0,0,0,0,0,0,0,0,0,0,0,1.62503182588612,0.575196051615958,0,0,0,0,0,0,2.45774240205215,0,0.795372859733293,0,0,0.405604065804842,0,0,2.42176884251434,0,0,0,0,0,0,0,0,0,0,0,0,0,0,0,0,0,0,0,0,0,0,0,0,0,0,0,0,0,0,0,0,0,0,0,0,0,0,0,0,0,0,0,0,0,0,0,0,0,0,0,0,0,0,0,0,0,0,0,0,0,0,0,0,0,0,0,0,0,0,0,0,0,0,0.0133630963520719,0,0,0,0,0,0,0,0,0,0,0,0,0,0,0,0,0,0,0,0,0,0,0,0,0,0,0,0.0744561059780534,0,0,0,0,0,0,0,0,0,0,0,0,0.0376605767177584,0.0469916368550533,0,0,0,0,0,0,0,0,0,0,0,0,0,0,0,0,0,0,0,0,0,0,0,0,0.433936059220074,0,0,0,0,0,0,0,1.13400635428448,0,0,0,0,0,0,0,0,0,0,0,0,0,0,0,0,0,0,0,8.32321107871473,0,0,0,0,1.98833476844143,0,0,0,0,0,0,0,0,0,0,0,0,0,0,0,224.840709509548,0,0,0,0,0,0,0,0,0,0,0,0,0,0,0,0,0,0,0,0,0,0.00580597232399234,0,0,0,0,0,0,0,0.00849505424247301,0,0,0,0,0,0,10.6313693028847,0,0,0,0,0,0.792027320710917,0,0,0,0,63.50780111,71.90590129,82.92550142,73.93960123,58.98280103,63.60350114,64.49670111,69.3729012,72.39550135,76.37900137,49.67300085,"PAL-00475"
"724",8870,"nSPC",2015,"PRIAs","Pacific Remote Island Areas","Palmyra","Palmyra",2015,"ForereefMid","Palmyra","2015-04-19","Forereef","Mid",5.87523988,-162.16586896,16.95,11.5,5,1,10.5,72,0,0,0,NA,0.174,0.157478436450976,0.6,2,1,74.2691350718673,6.26318210016457,31.92607139097,10.7047856797532,123.163174242755,26.0115025452468,0,0,0,0,0,0,0,0,0,0,0,0,0,0,0,0,0.0311236333157484,0.00282942121052258,0,0,0,0,0,0,0,0,0,0,0,0,0,0,0,0,0,0,0,0,0,0,0,0,0,0,0,0,0,0,0,0,0,0,0,0,0,0,0,0,0,0,0,0,0,0,0,0,0,0,0,0,0,0,0,0,0,0,0.00282942121052258,0,0,0,0,0,0,0,0,0,0,0,0,0,0,0,0,0,0,0,0,0,0,0,0.00282942121052258,0,0,0,0,0,0,0,0,0,0,0,0,0,0,0,0.00282942121052258,0,0,0,0.0311236333157484,0,0,0,0,0.0141471060526129,0,0,0,0,0,0,0,0,0,0,0.00565884242104517,0,0,0,0,0,0,0,0.00282942121052258,0,0,0,0,0,0,0,0,0,0,0,0,0,0,0,0,0,0,0,0,0,0,0,0,0,0.00565884242104517,0.00565884242104517,0.608325560262356,0.0113176848420903,0,0,0,0,0,0,0.0113176848420903,0,0,0,0,0,0,0.00565884242104517,0,0,0,0.0198059484736581,0,0,0,0,0,0,0,0,0,0,0,0.155618166578742,0,0,0,0,0.0113176848420903,0,0,0,0,0,0,0,0,0,0,0,0,0,0,0,0,0,0,0,0,0,0,0,0,0,0,0,0.0169765272631355,0.0198059484736581,0,0,0.0282942121052258,0,0,0,0,0,0,0,0,0,0,0,0,0,0,0,0,0,0,0,0,0,0,0,0,0,0,0,0,0,0,0,0.00848826363156775,0,0,0,0,0,0,0,0,0,0,0,0,0,0,0,0,0,0,0,0,0,0,0,0,0,0,0.0113176848420903,0,0,0,0,0,0,0,0,0,0,0,0,0,0,0,0,0,0,0,0,0,0,0,0,0,0,0,0,0,0,0,0,0,0,0,0,0,0,0,0,0,0,0,0,0,0,0,0,0,0,0,0,0,0,0,0,0,0,0,0,0,0,0,0,0,0,0,0,0,0,0.00282942121052258,0,0.113176848420903,0,0,0,0.0169765272631355,0,0.0113176848420903,0,0,0,0,0,0,0,0,0,0,0,0,0,0,0,0.00282942121052258,0,0,0,0,0,0,0.00565884242104517,0,0.00282942121052258,0,0,0,0,0,0,0,0,0,0,0,0,0,0.00282942121052258,0,0,0,0,0,0,0,0,0,0,0,0,0,0,0,0,0,0,0,0,0,0,0,0,0,0,0,0,0,0,0.00282942121052258,0.0254647908947033,0,0,0,0,0,0,0,0,0,0,0.00565884242104517,0,0,0,0,0,0,0,0,0,0,0,0,0,0,0,0,0,0,0.00848826363156775,0,0,0,0,0.0169765272631355,0,0,0,0,0,0,0,0,0,0,0,0,0,0,0,0.00565884242104517,0,0,0,0,0,0,0,0,0,0,0,0.113176848420903,0,0,0,0,0,0,0,0,0,0,0,0,0.0424413181578388,0.237671381683897,0,0,0,0,0,0,0,0,0,0,0,0,0,0,0,0,0,0,0,0,0,0,0,0,0.00282942121052258,0,0,0,0,0,0,0,0,0,0,0,0,0,0,0,0,0,0,0,0,0,0,0,0,0,0,0,0.00282942121052258,0,0,0,0,0.00282942121052258,0,0,0,0,0,0,0,0,0,0,0,0,0,0,0,0.00848826363156775,0,0.0113176848420903,0,0,0,0,0,0,0,0,0,0,0,0,0,0,0,0,0,0,0,0,0,0,0,0,0,0,0,0.0113176848420903,0,0,0,0,0,0,0,0,0,0,0,0,0.00565884242104517,0,0,0,0,0,0,0,0,0,0,0,0,0,0,0,0,0,0,0,0,2.25231845326455,0.043508018469893,0,0,0,0,0,0,0,0,0,0,0,0,0,0,0,0,0,0,0,0,0,0,0,0,0,0,0,0,0,0,0,0,0,0,0,0,0,0,0,0,0,0,0,0,0,0,0,0,0,0,0,0,0,0,0,0,0,0,0.387383452121338,0,0,0,0,0,0,0,0,0,0,0,0,0,0,0,0,0,0,0,0,0,0,0,0.918908233049149,0,0,0,0,0,0,0,0,0,0,0,0,0,0,0,1.178205719604,0,0,0,0.136697468050212,0,0,0,0,0.0215310001010562,0,0,0,0,0,0,0,0,0,0,0.431390032170716,0,0,0,0,0,0,0,0.162145055343946,0,0,0,0,0,0,0,0,0,0,0,0,0,0,0,0,0,0,0,0,0,0,0,0,0,0.217401603926528,0.447063356309831,0.564647785035518,16.3356388230019,0,0,0,0,0,0,1.11346490814351,0,0,0,0,0,0,0.119323859908858,0,0,0,2.892325537773,0,0,0,0,0,0,0,0,0,0,0,0.108403614838752,0,0,0,0,0.060394877626415,0,0,0,0,0,0,0,0,0,0,0,0,0,0,0,0,0,0,0,0,0,0,0,0,0,0,0,0.499538942949504,0.734027023961427,0,0,1.90593265599386,0,0,0,0,0,0,0,0,0,0,0,0,0,0,0,0,0,0,0,0,0,0,0,0,0,0,0,0,0,0,0,0.530460791043155,0,0,0,0,0,0,0,0,0,0,0,0,0,0,0,0,0,0,0,0,0,0,0,0,0,0,0.389770263565029,0,0,0,0,0,0,0,0,0,0,0,0,0,0,0,0,0,0,0,0,0,0,0,0,0,0,0,0,0,0,0,0,0,0,0,0,0,0,0,0,0,0,0,0,0,0,0,0,0,0,0,0,0,0,0,0,0,0,0,0,0,0,0,0,0,0,0,0,0,0,4.72452502356959,0,0.234439050892996,0,0,0,24.924965943627,0,2.83649853752561,0,0,0,0,0,0,0,0,0,0,0,0,0,0,0,0.248286972602325,0,0,0,0,0,0,2.22319450535632,0,0.422493259631529,0,0,0,0,0,0,0,0,0,0,0,0,0,2.12719731737221,0,0,0,0,0,0,0,0,0,0,0,0,0,0,0,0,0,0,0,0,0,0,0,0,0,0,0,0,0,0,0.161287619329327,0.0642561962284829,0,0,0,0,0,0,0,0,0,0,0.172925269229324,0,0,0,0,0,0,0,0,0,0,0,0,0,0,0,0,0,0,0.0234114912454401,0,0,0,0,0.0400892890562156,0,0,0,0,0,0,0,0,0,0,0,0,0,0,0,2.43748638913554,0,0,0,0,0,0,0,0,0,0,0,0.102567084765686,0,0,0,0,0,0,0,0,0,0,0,0,0.218786065721926,0.419844604645155,0,0,0,0,0,0,0,0,0,0,0,0,0,0,0,0,0,0,0,0,0,0,0,0,0.160122508939768,0,0,0,0,0,0,0,0,0,0,0,0,0,0,0,0,0,0,0,0,0,0,0,0,0,0,0,6.48956400646798,0,0,0,0,0.293974178003895,0,0,0,0,0,0,0,0,0,0,0,0,0,0,0,42.8487607335667,0,0.0727283103303679,0,0,0,0,0,0,0,0,0,0,0,0,0,0,0,0,0,0,0,0,0,0,0,0,0,0,0,0.0539593260216341,0,0,0,0,0,0,0,0,0,0,0,0,0.411329083237877,0,0,0,0,72.67260128,75.68620135,87.39960149,76.13900129,63.10290112,68.65450122,67.51280118,74.61850129,74.97330138,78.55860141,52.78280089,"PAL-00516"
"725",8871,"nSPC",2015,"PRIAs","Pacific Remote Island Areas","Palmyra","Palmyra",2015,"ForereefDeep","Palmyra","2015-04-19","Forereef","Deep",5.87615292,-162.14345139,24.65,12,7,4.5,8,36,32.5,0,0,NA,0.43625,0.377968082452567,1.3,2,1,61.9395483594595,3.81365332066495,21.1223363520448,45.491708656259,132.367246688428,15.993627299756,0,0,0,0,0,0,0,0,0.00282942121052258,0,0,0,0,0.00282942121052258,0.00282942121052258,0,0.0254647908947033,0,0,0,0,0,0,0,0,0,0,0,0,0,0,0,0,0,0,0,0,0,0,0,0,0,0,0,0,0,0,0,0,0,0.00282942121052258,0,0,0,0,0,0,0,0,0,0,0,0,0,0,0.00282942121052258,0,0,0,0,0,0,0,0,0,0,0,0.00282942121052258,0,0,0,0,0,0,0,0,0,0,0,0,0,0,0,0,0,0,0,0,0,0,0,0,0,0,0,0,0,0,0,0,0,0,0,0,0,0,0.00848826363156775,0,0,0,0.0113176848420903,0,0,0,0,0,0,0,0,0,0,0,0,0,0,0,0.00848826363156775,0,0.0792237938946323,0,0,0,0,0,0,0,0,0,0,0,0,0,0.00282942121052258,0,0,0,0,0.00282942121052258,0,0,0,0,0,0,0,0,0,0,0,0,0,0.00565884242104517,0.116006269631426,0,0,0,0,0,0,0,0.00282942121052258,0,0,0,0.00565884242104517,0,0,0.0113176848420903,0,0,0,0.00848826363156775,0,0,0,0,0,0,0,0,0,0.00565884242104517,0,0.0848826363156775,0,0,0,0,0.0962003211577679,0.067906109052542,0,0,0,0,0,0,0,0,0,0,0,0,0,0,0,0,0,0,0,0,0,0,0,0,0,0,0.00848826363156775,0.0282942121052258,0,0,0.00565884242104517,0,0,0,0,0,0,0,0,0,0,0,0,0,0,0,0,0,0,0,0,0,0,0,0,0,0,0,0,0,0,0,0.00282942121052258,0,0,0,0,0,0,0,0,0,0,0,0,0,0,0,0,0,0,0,0,0,0,0,0,0,0,0.00282942121052258,0,0,0,0,0,0,0,0,0,0,0,0,0,0,0,0,0,0,0,0,0,0,0,0,0,0.00848826363156775,0,0,0,0,0,0,0,0,0,0,0,0,0,0,0,0,0,0,0,0,0,0,0,0,0,0,0,0,0,0,0,0,0,0.00848826363156775,0,0,0,0,0,0,0,0,0,0,0,0,0,0,0,0,0.0141471060526129,0,0.00565884242104517,0,0,0,0,0,0,0,0,0,0,0,0,0,0,0,0,0.00282942121052258,0,0,0,0,0,0,0,0,0,0,0,0,0,0,0,0,0,0,0,0,0,0,0,0,0,0,0,0,0,0.00282942121052258,0,0,0,0,0,0,0,0,0,0,0,0,0,0,0,0,0,0,0,0,0,0,0,0.00848826363156775,0,0,0,0,0,0,0,0,0,0,0,0,0,0,0,0,0,0,0,0,0,0,0,0,0,0,0,0,0,0,0,0,0,0,0.00565884242104517,0,0,0,0,0,0,0,0,0,0,0,0,0,0,0,0,0,0,0,0,0,0,0,0,0,0,0,0,0,0,0,0,0,0.0113176848420903,0,0.00565884242104517,0,0,0,0.00282942121052258,0.0198059484736581,0.0113176848420903,0,0,0,0,0,0,0,0,0,0,0.00848826363156775,0,0,0,0,0,0,0,0,0,0,0,0,0,0,0,0,0,0,0,0,0,0,0,0,0,0,0,0,0,0,0,0.00282942121052258,0,0,0,0,0,0,0,0,0,0.00282942121052258,0,0,0,0,0,0,0,0,0,0,0,0,0,0,0,0,0,0,0,0,0,0,0.00848826363156775,0,0,0,0,0,0,0,0,0,0,0,0,0,0,0,0,0,0,0,0.00282942121052258,0,0,0,0,0,0,0,0.0113176848420903,0,0,0,0,0,0,0.00282942121052258,0,0,0,0,0,0.00565884242104517,0,0,0,0,0,0,0,0,0,0,0,0,0.500902330713312,0,0,0,0,0.615819798873687,0.648399783011841,0,1.9039873948502,0,0,0,0,0,0,0,0,0,0,0,0,0,0,0,0,0,0,0,0,0,0,0,0,0,0,0,0,0,0,0,0,0,0.041592491794682,0,0,0,0,0,0,0,0,0,0,0,0,0,0,0.10025908173497,0,0,0,0,0,0,0,0,0,0,0,4.73052013213878,0,0,0,0,0,0,0,0,0,0,0,0,0,0,0,0,0,0,0,0,0,0,0,0,0,0,0,0,0,0,0,0,0,0,0,0,0,0,3.92193835745854,0,0,0,0.0445022088635601,0,0,0,0,0,0,0,0,0,0,0,0,0,0,0,0.557950100420286,0,0.103804673603168,0,0,0,0,0,0,0,0,0,0,0,0,0,0.00497076158840252,0,0,0,0,5.44063406529137,0,0,0,0,0,0,0,0,0,0,0,0,0,0.447063356309831,0.159137966564632,0,0,0,0,0,0,0,0.179111292414106,0,0,0,0.119323859908858,0,0,0.380902189186368,0,0,0,0.40018036530688,0,0,0,0,0,0,0,0,0,0.173433805297937,0,0.0861388993331496,0,0,0,0,0.610282888093441,0.0438055398750921,0,0,0,0,0,0,0,0,0,0,0,0,0,0,0,0,0,0,0,0,0,0,0,0,0,0,0.189911253496631,0.673092292816893,0,0,0.51244443801295,0,0,0,0,0,0,0,0,0,0,0,0,0,0,0,0,0,0,0,0,0,0,0,0,0,0,0,0,0,0,0,0.269163497623171,0,0,0,0,0,0,0,0,0,0,0,0,0,0,0,0,0,0,0,0,0,0,0,0,0,0,0.0863340103006628,0,0,0,0,0,0,0,0,0,0,0,0,0,0,0,0,0,0,0,0,0,0,0,0,0,0.0243850837607678,0,0,0,0,0,0,0,0,0,0,0,0,0,0,0,0,0,0,0,0,0,0,0,0,0,0,0,0,0,0,0,0,0,0.0197135084492618,0,0,0,0,0,0,0,0,0,0,0,0,0,0,0,0,50.5107752863864,0,1.81439731652223,0,0,0,0,0,0,0,0,0,0,0,0,0,0,0,0,0.390594687530355,0,0,0,0,0,0,0,0,0,0,0,0,0,0,0,0,0,0,0,0,0,0,0,0,0,0,0,0,0,2.74852478796486,0,0,0,0,0,0,0,0,0,0,0,0,0,0,0,0,0,0,0,0,0,0,0,0.021418732076161,0,0,0,0,0,0,0,0,0,0,0,0,0,0,0,0,0,0,0,0,0,0,0,0,0,0,0,0,0,0,0,0,0,0,0.00626171834358209,0,0,0,0,0,0,0,0,0,0,0,0,0,0,0,0,0,0,0,0,0,0,0,0,0,0,0,0,0,0,0,0,0,35.6995094769544,0,0.0221136244129603,0,0,0,0.200035814642207,0.180293804823428,0.0466066572207977,0,0,0,0,0,0,0,0,0,0,0.00965539988090832,0,0,0,0,0,0,0,0,0,0,0,0,0,0,0,0,0,0,0,0,0,0,0,0,0,0,0,0,0,0,0,1.82960179044299,0,0,0,0,0,0,0,0,0,8.32321107871473,0,0,0,0,0,0,0,0,0,0,0,0,0,0,0,0,0,0,0,0,0,0,0.0396495516497211,0,0,0,0,0,0,0,0,0,0,0,0,0,0,0,0,0,0,0,0.000725746540499043,0,0,0,0,0,0,0,0.0572629582270403,0,0,0,0,0,0,6.94888461519427,0,0,0,0,0,0.528018213807278,0,0,0,0,52.47820091,60.8770011,74.56020127,64.35160107,50.65100089,50.98210094,55.89170098,60.21940102,55.46530104,66.78030121,40.6834007,"PAL-00434"
"726",8872,"nSPC",2015,"PRIAs","Pacific Remote Island Areas","Palmyra","Palmyra",2015,"ForereefMid","Palmyra","2015-04-19","Forereef","Mid",5.8776407,-162.14082576,17.3,16.5,3.5,7,11,49.5,11.5,0,0,NA,0.305,0.330227865396403,1.3,2,1,56.0231381304381,1.27857417060074,24.6817684382542,28.2209928456941,110.204473584987,18.0514523777577,0,0,0,0,0,0,0,0,0.00282942121052258,0,0,0,0,0,0.00282942121052258,0,0.0226353696841807,0,0,0,0,0,0,0,0,0,0,0,0,0,0,0,0,0,0,0,0,0,0,0,0,0,0,0,0,0,0,0,0,0,0.00282942121052258,0,0,0,0,0,0,0,0,0,0,0,0,0,0,0,0,0,0,0,0,0,0,0,0,0,0,0,0,0,0,0,0,0,0,0,0,0,0,0,0,0,0,0,0,0,0,0,0,0,0,0,0,0,0,0,0,0,0,0,0,0,0,0,0,0,0.00848826363156775,0,0,0,0.0311236333157484,0,0,0,0,0,0,0,0,0,0,0,0,0,0,0,0.00565884242104517,0,0,0,0,0,0,0,0,0,0,0,0,0,0,0,0,0,0,0,0,0,0,0,0,0,0,0,0,0,0,0,0,0,0.00565884242104517,0.00565884242104517,0.316895175578529,0.00282942121052258,0,0,0,0,0,0,0,0,0,0,0.00565884242104517,0,0,0.00282942121052258,0,0.00282942121052258,0,0.00565884242104517,0,0,0,0,0.00282942121052258,0.00282942121052258,0,0,0,0.00565884242104517,0.00282942121052258,0.169765272631355,0,0,0,0,0.0877120575262001,0,0,0,0,0,0,0,0,0,0,0,0,0,0,0,0,0,0,0,0,0,0,0,0,0,0,0,0,0.0509295817894065,0,0,0.0311236333157484,0,0,0,0,0,0,0,0,0,0,0,0,0,0,0,0,0,0,0,0,0,0,0,0,0,0,0,0,0,0,0,0.00565884242104517,0,0,0,0,0,0,0,0,0,0,0,0,0,0,0,0,0,0,0,0,0,0,0,0,0,0,0.00848826363156775,0,0,0,0,0,0,0,0,0,0,0,0,0,0,0,0,0,0,0,0.00282942121052258,0,0,0,0,0,0.00565884242104517,0,0,0,0,0,0,0,0,0,0,0,0,0,0,0,0,0,0,0,0,0,0,0,0,0,0,0,0,0,0,0,0,0.00282942121052258,0.00282942121052258,0,0,0,0.00282942121052258,0,0,0,0,0,0,0,0,0,0,0,0,0.0311236333157484,0,0.00848826363156775,0,0,0,0,0,0,0,0,0,0,0,0,0,0,0,0,0.0113176848420903,0,0,0,0,0,0,0,0,0,0,0,0,0,0,0,0,0,0,0,0,0,0,0,0,0,0,0,0,0,0,0,0,0,0,0,0,0,0,0,0,0,0,0,0,0,0,0,0,0,0,0,0,0,0.0169765272631355,0,0,0,0,0,0.00565884242104517,0,0,0,0,0,0,0,0,0,0,0,0,0,0,0,0,0,0,0,0,0,0,0,0.0141471060526129,0,0,0,0,0.0141471060526129,0,0,0,0,0,0,0,0,0,0,0,0,0,0,0,0,0,0,0,0,0,0,0,0,0,0,0,0,0,0,0,0,0,0.00565884242104517,0,0.00282942121052258,0,0,0,0,0.0226353696841807,0,0,0,0,0.0113176848420903,0,0,0,0,0,0,0,0,0,0,0,0,0,0,0,0,0,0,0,0,0.00565884242104517,0,0,0,0,0,0,0,0,0,0,0,0,0,0,0,0,0,0,0,0,0,0,0,0,0,0,0,0.00848826363156775,0,0,0,0,0,0,0,0,0,0,0,0,0,0,0,0,0,0,0,0,0,0,0.0226353696841807,0,0,0,0,0,0,0,0,0,0,0,0,0,0,0,0,0,0,0,0,0,0,0,0,0,0.00282942121052258,0,0.00282942121052258,0,0,0,0,0,0,0,0,0,0,0,0,0.0113176848420903,0,0,0,0,0,0,0,0,0,0,0,0,0.428758342214718,0,0,0,0,0,0.512234066195322,0,1.17852102645301,0,0,0,0,0,0,0,0,0,0,0,0,0,0,0,0,0,0,0,0,0,0,0,0,0,0,0,0,0,0,0,0,0,0.0913787044729163,0,0,0,0,0,0,0,0,0,0,0,0,0,0,0,0,0,0,0,0,0,0,0,0,0,0,0,0,0,0,0,0,0,0,0,0,0,0,0,0,0,0,0,0,0,0,0,0,0,0,0,0,0,0,0,0,0,0,0,0,0,0,0,0,0,4.92311798758428,0,0,0,0.111015487381992,0,0,0,0,0,0,0,0,0,0,0,0,0,0,0,0.223166927593724,0,0,0,0,0,0,0,0,0,0,0,0,0,0,0,0,0,0,0,0,0,0,0,0,0,0,0,0,0,0,0,0,0,0.0839086681378492,0.358222584828211,0.515081418385342,5.9360479971955,0,0,0,0,0,0,0,0,0,0,0.0839086681378492,0,0,0.0596619299544288,0,0.223531678154915,0,0.879748674339022,0,0,0,0,0.147421377868866,0.0679298284579949,0,0,0,0.222711483932331,0.266517944295434,0.199287453541948,0,0,0,0,0.56420529867345,0,0,0,0,0,0,0,0,0,0,0,0,0,0,0,0,0,0,0,0,0,0,0,0,0,0,0,0,1.8956807059898,0,0,2.42401168973983,0,0,0,0,0,0,0,0,0,0,0,0,0,0,0,0,0,0,0,0,0,0,0,0,0,0,0,0,0,0,0,0.393254379188294,0,0,0,0,0,0,0,0,0,0,0,0,0,0,0,0,0,0,0,0,0,0,0,0,0,0,0.117846746351757,0,0,0,0,0,0,0,0,0,0,0,0,0,0,0,0,0,0,0,0.01969301838698,0,0,0,0,0,0.0385344533503492,0,0,0,0,0,0,0,0,0,0,0,0,0,0,0,0,0,0,0,0,0,0,0,0,0,0,0,0,0,0,0,0,0.0119901315272546,0.0054076140822457,0,0,0,0.0048155202490365,0,0,0,0,0,0,0,0,0,0,0,0,50.7044137351764,0,5.40038131443277,0,0,0,0,0,0,0,0,0,0,0,0,0,0,0,0,3.84546817360583,0,0,0,0,0,0,0,0,0,0,0,0,0,0,0,0,0,0,0,0,0,0,0,0,0,0,0,0,0,0,0,0,0,0,0,0,0,0,0,0,0,0,0,0,0,0,0,0,0,0,0,0,0,0.057858602208112,0,0,0,0,0,0.172439480083676,0,0,0,0,0,0,0,0,0,0,0,0,0,0,0,0,0,0,0,0,0,0,0,0.109485502358165,0,0,0,0,0.02455258801626,0,0,0,0,0,0,0,0,0,0,0,0,0,0,0,0,0,0,0,0,0,0,0,0,0,0,0,0,0,0,0,0,0,15.070416545681,0,0.00590641677696589,0,0,0,0,0.0502141022903446,0,0,0,0,0.0124141970092657,0,0,0,0,0,0,0,0,0,0,0,0,0,0,0,0,0,0,0,0,0.444342310565196,0,0,0,0,0,0,0,0,0,0,0,0,0,0,0,0,0,0,0,0,0,0,0,0,0,0,0,11.2356557062232,0,0,0,0,0,0,0,0,0,0,0,0,0,0,0,0,0,0,0,0,0,0,0.0800947425217731,0,0,0,0,0,0,0,0,0,0,0,0,0,0,0,0,0,0,0,0,0,0,0,0,0,0.0144133771430532,0,0.00849505424247301,0,0,0,0,0,0,0,0,0,0,0,0,0.980309929988024,0,0,0,0,47.70410083,56.352701,69.5862012,56.05760094,47.49510084,43.7105008,49.44410086,53.69530091,46.17830086,62.99590115,37.44790064,"PAL-00477"
"727",8873,"nSPC",2015,"PRIAs","Pacific Remote Island Areas","Palmyra","Palmyra",2015,"ForereefDeep","Palmyra","2015-04-19","Forereef","Deep",5.86076056,-162.12833321,20.3,45,17.5,4.5,8.5,20,4.5,0,0,NA,0.75625,0.389482546244626,1.6,2,1,30.9962518776237,29.0228604152347,10.9700544105927,15.4384053456199,86.427572049071,7.67669588772132,0,0,0,0,0,0,0,0,0,0,0,0,0,0,0,0,0.0141471060526129,0,0.00282942121052258,0,0,0,0,0,0,0,0,0,0,0,0.00282942121052258,0,0,0,0,0,0,0,0,0,0,0,0,0,0,0,0,0,0,0,0,0,0,0,0,0,0.00565884242104517,0,0,0,0,0,0,0,0,0,0,0,0,0,0,0,0,0,0,0,0.00848826363156775,0.00565884242104517,0,0,0,0,0,0.00282942121052258,0,0,0,0,0,0,0,0,0,0,0,0,0,0.00282942121052258,0,0,0,0,0,0,0,0,0,0,0,0,0,0,0,0,0,0,0.00848826363156775,0,0,0,0.0254647908947033,0,0,0,0,0,0,0,0,0,0,0,0,0,0,0,0.00282942121052258,0,0.0990297423682904,0,0,0,0,0,0,0,0,0,0,0,0,0,0,0,0,0,0,0,0,0,0,0,0,0,0,0,0,0,0,0,0.00565884242104517,0.0169765272631355,0.198059484736581,0.00282942121052258,0,0,0,0,0,0,0.00282942121052258,0,0,0,0.00565884242104517,0,0,0,0,0,0,0.00565884242104517,0,0,0,0,0.00282942121052258,0,0,0,0,0,0,0.0707355302630646,0,0,0,0,0.0396118969473162,0,0,0,0,0,0,0,0,0,0,0,0,0,0,0,0,0,0,0.00282942121052258,0,0,0,0,0,0,0,0,0,0.00848826363156775,0,0.00282942121052258,0.0141471060526129,0,0,0,0,0,0,0,0,0,0,0,0,0,0,0,0,0,0,0,0,0,0,0,0,0,0,0,0,0,0,0,0.00565884242104517,0,0,0,0,0,0,0,0,0,0,0,0.00282942121052258,0,0,0,0,0,0,0,0,0,0,0,0,0,0,0.00565884242104517,0,0,0,0,0,0,0,0,0,0,0,0,0,0.00282942121052258,0,0,0,0,0,0,0,0,0,0,0,0,0,0,0,0,0,0,0,0,0.00282942121052258,0,0,0,0,0,0,0,0,0,0,0,0,0,0,0,0,0,0,0,0,0,0,0,0.00282942121052258,0,0,0,0,0.00565884242104517,0,0,0,0,0,0,0,0,0,0,0,0,0.0113176848420903,0,0,0,0,0,0,0,0,0,0,0,0,0,0,0,0,0,0.00282942121052258,0.00565884242104517,0,0,0,0,0,0.0169765272631355,0,0.0396118969473162,0,0,0.0226353696841807,0,0,0,0,0,0,0,0,0,0,0.00565884242104517,0,0,0,0,0,0,0,0,0,0,0,0,0,0,0,0,0,0,0,0,0,0,0,0,0,0,0,0,0,0,0.0113176848420903,0.0226353696841807,0,0,0,0,0,0,0,0,0.00565884242104517,0,0.00848826363156775,0,0,0,0,0,0,0,0,0,0,0,0.0481001605788839,0,0,0,0,0,0,0,0,0,0,0,0.0254647908947033,0,0,0,0,0,0,0,0,0,0,0,0,0,0,0,0,0,0,0,0,0,0,0,0,0,0,0,0,0,0,0,0,0,0,0,0.00848826363156775,0,0,0,0,0.0141471060526129,0,0,0,0,0,0,0,0,0,0,0,0,0,0,0,0,0,0,0,0,0,0,0,0,0,0,0,0,0,0,0,0,0,0.00282942121052258,0.00282942121052258,0,0,0,0,0,0,0,0,0,0,0,0,0,0,0.00282942121052258,0,0,0,0.00282942121052258,0,0,0,0,0.00565884242104517,0,0,0,0,0,0,0,0,0,0,0,0,0,0,0,0,0,0,0,0,0,0,0,0,0,0,0,0,0,0,0,0,0,0,0,0,0,0.0905414787367227,0,0,0,0,0,0,0,0.0113176848420903,0,0,0,0,0,0,0.00282942121052258,0,0,0,0,0,0,0,0,0,0,0,0,0,0,0,0,0,0,0,0,0,0,0,0,0,0,0.586019849607197,0,0.116745525016091,0,0,0,0,0,0,0,0,0,0,0,0.203971843298089,0,0,0,0,0,0,0,0,0,0,0,0,0,0,0,0,0,0,0,0,0,0,0,0,0,0.475342763367794,0,0,0,0,0,0,0,0,0,0,0,0,0,0,0,0,0,0,0,0.558489723430634,7.99142021477015,0,0,0,0,0,0.0980785542552974,0,0,0,0,0,0,0,0,0,0,0,0,0,0.615899803736182,0,0,0,0,0,0,0,0,0,0,0,0,0,0,0,0,0,0,4.54607189305886,0,0,0,0.0612699001227299,0,0,0,0,0,0,0,0,0,0,0,0,0,0,0,0.135443100477761,0,0.0689841185337511,0,0,0,0,0,0,0,0,0,0,0,0,0,0,0,0,0,0,0,0,0,0,0,0,0,0,0,0,0,0,0,0.217401603926528,0.933846773582951,0.130303335008197,1.32886409576468,0,0,0,0,0,0,0.179111292414106,0,0,0,0.056291121618752,0,0,0,0,0,0,1.95639564797657,0,0,0,0,0.221812025689268,0,0,0,0,0,0,0.0492743703812508,0,0,0,0,0.261052555359726,0,0,0,0,0,0,0,0,0,0,0,0,0,0,0,0,0,0,0.260203691424669,0,0,0,0,0,0,0,0,0,0.306209906376814,0,0.276993760608636,1.25590170500075,0,0,0,0,0,0,0,0,0,0,0,0,0,0,0,0,0,0,0,0,0,0,0,0,0,0,0,0,0,0,0,0.379183272866982,0,0,0,0,0,0,0,0,0,0,0,2.41053586544753,0,0,0,0,0,0,0,0,0,0,0,0,0,0,0.256614770693094,0,0,0,0,0,0,0,0,0,0,0,0,0,5.94266088948128,0,0,0,0,0,0,0,0,0,0,0,0,0,0,0,0,0,0,0,0,0.38706482159949,0,0,0,0,0,0,0,0,0,0,0,0,0,0,0,0,0,0,0,0,0,0,0,0.00785111761276115,0,0,0,0,0.00540243409826541,0,0,0,0,0,0,0,0,0,0,0,0,16.4291112143575,0,0,0,0,0,0,0,0,0,0,0,0,0,0,0,0,0,0.690217876139193,1.44436264300503,0,0,0,0,0,5.52414894948425,0,5.75327698029754,0,0,2.56482264953484,0,0,0,0,0,0,0,0,0,0,10.4792467157217,0,0,0,0,0,0,0,0,0,0,0,0,0,0,0,0,0,0,0,0,0,0,0,0,0,0,0,0,0,0,0.2348347737435,0.100978203262705,0,0,0,0,0,0,0,0,0.651551404180768,0,0.410672348221981,0,0,0,0,0,0,0,0,0,0,0,4.18384816747248,0,0,0,0,0,0,0,0,0,0,0,0.0637709011753383,0,0,0,0,0,0,0,0,0,0,0,0,0,0,0,0,0,0,0,0,0,0,0,0,0,0,0,0,0,0,0,0,0,0,0,0.0177192503308977,0,0,0,0,0.0557988806878136,0,0,0,0,0,0,0,0,0,0,0,0,0,0,0,0,0,0,0,0,0,0,0,0,0,0,0,0,0,0,0,0,0,0.397072590429004,0.529667650609828,0,0,0,0,0,0,0,0,0,0,0,0,0,0,1.11800617944105,0,0,0,1.50524257686471,0,0,0,0,1.15228758393813,0,0,0,0,0,0,0,0,0,0,0,0,0,0,0,0,0,0,0,0,0,0,0,0,0,0,0,0,0,0,0,0,0,0,0,0,0,0.00790257344098958,0,0,0,0,0,0,0,0.0100682124355236,0,0,0,0,0,0,0.822251377689498,0,0,0,0,0,0,0,0,0,0,57.01810101,66.30540117,80.28530139,62.79980105,57.486801,57.49310103,61.65430106,64.2679011,65.39340121,79.04830143,45.31820078,"PAL-00495"
"728",8874,"nSPC",2015,"PRIAs","Pacific Remote Island Areas","Palmyra","Palmyra",2015,"ForereefDeep","Palmyra","2015-04-19","Forereef","Deep",5.86618273,-162.11963187,20.1,14,8,12,11.5,46,6.5,0,2,NA,0.6075,0.428493679562012,1.55,2,1,19.1059934071302,5.12492103621617,10.3830186900137,3.88571381719914,38.4996469505592,2.08367272340943,0,0,0,0,0,0,0,0,0,0,0,0,0,0,0,0,0.033953054526271,0,0,0,0,0,0,0,0,0,0,0,0,0,0,0,0,0,0,0,0,0,0,0,0,0,0,0,0,0,0,0,0,0,0.00282942121052258,0,0,0,0,0,0,0,0,0,0,0,0,0,0,0,0,0,0,0,0,0,0,0,0,0,0.00848826363156775,0,0,0,0,0,0,0,0,0,0,0,0,0,0,0,0,0,0,0,0,0,0,0,0,0,0,0,0,0,0,0,0,0,0,0,0,0,0,0,0.00565884242104517,0,0,0,0.0226353696841807,0,0,0,0,0.0226353696841807,0.00282942121052258,0,0,0,0,0,0,0,0,0,0.00282942121052258,0,0.198059484736581,0,0,0,0,0,0,0,0,0,0,0,0,0,0,0,0,0,0,0,0,0,0,0,0,0,0,0,0,0,0,0,0.00565884242104517,0.00565884242104517,0.192400642315536,0,0,0,0,0,0,0,0,0,0,0,0,0,0,0,0,0,0,0.00565884242104517,0,0,0,0,0.00282942121052258,0.0141471060526129,0,0,0,0,0,0,0,0,0,0,0.0424413181578388,0,0,0,0,0,0,0,0,0,0,0,0,0,0,0,0,0,0,0,0,0,0,0,0,0,0,0,0,0.067906109052542,0,0,0.0169765272631355,0,0.00282942121052258,0,0,0,0,0,0.0113176848420903,0,0,0,0,0,0,0,0,0,0,0,0,0,0,0,0,0,0,0,0,0,0,0,0.0113176848420903,0,0,0,0,0,0,0,0,0,0,0.00282942121052258,0,0,0,0,0,0,0,0,0,0,0,0,0,0,0,0.0113176848420903,0,0,0,0,0,0,0,0,0,0,0,0,0,0,0,0,0,0,0,0,0,0,0,0,0,0,0,0,0,0,0,0,0,0,0,0,0,0,0,0,0,0,0,0,0,0,0,0,0,0,0,0,0,0,0,0,0,0,0,0.0113176848420903,0,0,0,0,0,0,0,0,0,0,0,0,0,0,0,0,0.00565884242104517,0,0,0,0,0,0,0,0,0,0,0,0,0,0,0,0,0,0.00848826363156775,0,0,0,0,0,0,0.00282942121052258,0,0.0113176848420903,0,0,0,0,0,0,0,0,0,0,0,0,0,0,0.00282942121052258,0,0,0,0,0,0,0.00282942121052258,0,0,0,0,0,0,0,0,0,0,0,0,0,0,0,0,0,0,0,0,0,0,0.00282942121052258,0.0113176848420903,0,0,0,0,0,0,0.00282942121052258,0,0.00282942121052258,0,0,0,0,0,0,0,0,0,0,0,0,0,0.00282942121052258,0,0,0,0,0,0,0,0,0,0,0,0.0141471060526129,0,0,0,0,0,0,0,0,0,0,0,0,0,0,0,0,0,0,0,0,0,0,0,0,0,0,0,0,0,0,0,0,0,0,0,0.067906109052542,0,0,0,0,0.00282942121052258,0.0311236333157484,0,0,0,0,0,0,0,0,0,0,0,0,0,0,0,0,0,0,0,0,0,0,0,0,0,0,0,0,0,0,0,0,0,0.00282942121052258,0,0,0,0,0,0,0,0,0,0,0,0,0,0,0,0,0,0,0.00282942121052258,0,0,0,0,0,0,0,0,0,0,0,0,0,0,0,0,0,0,0,0,0,0,0,0,0,0,0,0,0,0,0,0,0,0,0,0,0,0,0,0,0,0,0.0537590029999291,0,0,0,0,0,0.00282942121052258,0,0.0226353696841807,0,0,0,0,0,0,0,0,0,0,0,0,0.00565884242104517,0,0,0,0,0,0,0,0,0,0,0,0,0,0,0,0,0,0,0,0,1.89019375259892,0,0,0,0,0,0,0,0,0,0,0,0,0,0,0,0,0,0,0,0,0,0,0,0,0,0,0,0,0,0,0,0,0,0.041592491794682,0,0,0,0,0,0,0,0,0,0,0,0,0,0,0,0,0,0,0,0,0,0,0,0,0,0.773253793594517,0,0,0,0,0,0,0,0,0,0,0,0,0,0,0,0,0,0,0,0,0,0,0,0,0,0,0,0,0,0,0,0,0,0,0,0,0,0,0,3.73121040651599,0,0,0,0.101603087502256,0,0,0,0,0.0654633591187877,0.0282527943438301,0,0,0,0,0,0,0,0,0,0.274978485412578,0,0.0963587687455571,0,0,0,0,0,0,0,0,0,0,0,0,0,0,0,0,0,0,0,0,0,0,0,0,0,0,0,0,0,0,0,0.163500585259839,0.281988661853712,0.336233703668209,0,0,0,0,0,0,0,0,0,0,0,0,0,0,0,0,0,0,0.869023623524573,0,0,0,0,0.182067340756513,0.355533229695776,0,0,0,0,0,0,0,0,0,0,0.224138572094186,0,0,0,0,0,0,0,0,0,0,0,0,0,0,0,0,0,0,0,0,0,0,0,0,0,0,0,0,2.95534453734335,0,0,1.48868662852151,0,0.196479869561199,0,0,0,0,0,0.265708439526929,0,0,0,0,0,0,0,0,0,0,0,0,0,0,0,0,0,0,0,0,0,0,0,0.504452156733369,0,0,0,0,0,0,0,0,0,0,0.641102028457507,0,0,0,0,0,0,0,0,0,0,0,0,0,0,0,0.169373944795423,0,0,0,0,0,0,0,0,0,0,0,0,0,0,0,0,0,0,0,0,0,0,0,0,0,0,0,0,0,0,0,0,0,0,0,0,0,0,0,0,0,0,0,0,0,0,0,0,0,0,0,0,0,0,0,0,0,0,0,0.0178508510065361,0,0,0,0,0,0,0,0,0,0,0,0,0,0,0,0,13.8810886414926,0,0,0,0,0,0,0,0,0,0,0,0,0,0,0,0,0,1.09923401671545,0,0,0,0,0,0,0.740558138084459,0,1.59074571946659,0,0,0,0,0,0,0,0,0,0,0,0,0,0,0.502340715242833,0,0,0,0,0,0,1.51970960524077,0,0,0,0,0,0,0,0,0,0,0,0,0,0,0,0,0,0,0,0,0,0,0.278705006201077,0.014218691492656,0,0,0,0,0,0,0.27065604470659,0,0.0996797704553307,0,0,0,0,0,0,0,0,0,0,0,0,0,0.25811310110356,0,0,0,0,0,0,0,0,0,0,0,0.0494505503393592,0,0,0,0,0,0,0,0,0,0,0,0,0,0,0,0,0,0,0,0,0,0,0,0,0,0,0,0,0,0,0,0,0,0,0,0.197085315013798,0,0,0,0,0.00627676278629307,0.0685183288999471,0,0,0,0,0,0,0,0,0,0,0,0,0,0,0,0,0,0,0,0,0,0,0,0,0,0,0,0,0,0,0,0,0,0.454123801941601,0,0,0,0,0,0,0,0,0,0,0,0,0,0,0,0,0,0,1.21464909988486,0,0,0,0,0,0,0,0,0,0,0,0,0,0,0,0,0,0,0,0,0,0,0,0,0,0,0,0,0,0,0,0,0,0,0,0,0,0,0,0,0,0,0.0248366593859672,0,0,0,0,0,0.00600785725315117,0,0.0304799399903545,0,0,0,0,0,0,0,0,0,0,0,0,0.538778072436232,0,0,0,0,35.65130065,38.36020069,35.21640062,30.01310049,38.61610069,37.40670067,42.31090073,43.64370077,41.93470077,46.89250084,26.93800047,"PAL-00518"
"729",8875,"nSPC",2015,"PRIAs","Pacific Remote Island Areas","Palmyra","Palmyra",2015,"ForereefDeep","Palmyra","2015-04-19","Forereef","Deep",5.87249698,-162.13563175,20.05,14,4.5,4,9,58.5,10,0,0,NA,0.2295,0.166411648592372,0.95,2,1,22.6142829274909,1.91988123234009,11.760396406214,9.46064678414199,45.755207350187,6.73409881553869,0,0,0,0,0,0,0,0,0,0,0,0,0,0,0,0,0.0254647908947033,0,0,0,0,0,0,0,0,0,0,0,0,0,0.00282942121052258,0,0,0,0,0,0,0,0,0,0,0,0,0,0,0,0,0,0,0,0,0,0,0,0,0,0,0,0,0,0,0,0,0,0,0,0,0,0,0,0,0,0,0,0,0,0.00282942121052258,0,0,0,0,0,0,0,0,0,0.00282942121052258,0,0,0,0,0,0,0,0,0,0,0,0,0,0,0,0,0,0,0,0,0,0,0,0,0,0,0,0,0,0.00565884242104517,0,0,0,0.0198059484736581,0,0,0,0,0.00565884242104517,0,0,0,0,0,0,0,0,0,0,0.00565884242104517,0,0,0,0,0,0,0,0.00282942121052258,0,0,0,0,0,0,0,0,0,0,0,0,0,0,0,0,0,0,0,0,0,0,0,0,0,0,0.0113176848420903,0.243330224104942,0,0,0,0,0,0,0,0,0,0.00282942121052258,0,0,0,0,0,0,0,0,0.0226353696841807,0,0,0,0,0.00282942121052258,0,0,0,0,0,0,0.226353696841807,0,0,0,0,0.0113176848420903,0,0,0,0,0,0,0,0,0,0,0,0,0,0,0,0,0,0,0,0,0,0,0,0,0,0,0,0,0.0537590029999291,0,0,0.0141471060526129,0,0,0,0,0,0,0,0,0,0,0,0,0,0,0,0,0,0,0,0,0,0,0,0,0,0,0,0,0,0,0,0.00565884242104517,0,0,0,0,0,0,0,0,0,0,0,0,0,0,0,0,0,0,0,0,0,0,0,0,0,0,0,0,0,0,0,0,0,0,0,0,0,0,0,0,0,0,0,0,0,0,0.00282942121052258,0,0,0,0,0,0.00848826363156775,0,0,0,0,0,0,0,0,0,0,0,0,0,0,0,0,0,0,0,0,0,0,0,0,0,0,0,0,0,0,0,0,0,0,0,0,0,0,0,0,0,0,0,0,0,0,0,0,0,0,0.0113176848420903,0,0.00282942121052258,0,0,0,0,0,0,0,0,0,0,0,0,0,0,0.00282942121052258,0,0.00565884242104517,0,0,0,0,0,0,0,0,0,0,0,0,0,0,0,0,0,0,0,0,0,0,0,0,0,0,0,0,0,0,0,0,0,0,0,0,0,0,0,0,0,0,0,0,0,0,0,0,0,0,0,0,0,0.00282942121052258,0,0,0,0,0,0.00565884242104517,0,0,0,0,0,0,0,0,0,0,0,0,0,0,0,0,0,0,0,0,0,0,0,0.0141471060526129,0,0,0,0,0.0509295817894065,0,0,0,0,0,0,0,0,0,0,0,0,0,0.00848826363156775,0,0,0,0,0,0,0,0,0,0,0,0,0,0,0,0,0,0,0.00282942121052258,0,0,0.00565884242104517,0,0,0,0,0.0113176848420903,0.0481001605788839,0,0,0,0,0,0,0,0,0,0,0,0,0,0,0,0,0,0,0,0,0,0,0,0,0,0,0,0,0,0,0,0,0,0.00282942121052258,0,0,0,0,0,0,0,0,0,0,0.00565884242104517,0,0,0,0,0,0,0,0,0,0,0,0,0,0,0,0,0,0,0,0,0,0,0,0,0,0,0,0,0,0,0.0141471060526129,0,0,0,0,0,0,0,0,0,0,0,0,0,0,0,0,0,0,0,0,0,0,0,0,0,0.00282942121052258,0,0.0198059484736581,0,0,0,0,0,0,0.00282942121052258,0,0,0,0,0,0,0,0,0,0,0,0,0,0,0,0,0,0,0,0,0,0,0,0,0,0,2.07021978780377,0,0,0,0,0,0,0,0,0,0,0,0,0,0.34156320146035,0,0,0,0,0,0,0,0,0,0,0,0,0,0,0,0,0,0,0,0,0,0,0,0,0,0,0,0,0,0,0,0,0,0,0,0,0,0,0,0,0,0,0,0,0,0.312297147030625,0,0,0,0,0,0,0,0,0,1.24511661912084,0,0,0,0,0,0,0,0,0,0,0,0,0,0,0,0,0,0,0,0,0,0,0,0,0,0,0,0,0,1.08339055589978,0,0,0,0.0903088282512273,0,0,0,0,0.0214412198090435,0,0,0,0,0,0,0,0,0,0,0.307234551098688,0,0,0,0,0,0,0,0.243078675390366,0,0,0,0,0,0,0,0,0,0,0,0,0,0,0,0,0,0,0,0,0,0,0,0,0,0,0.907692767979931,0.543989049009009,0,0,0,0,0,0,0,0,0,0.0501221051232641,0,0,0,0,0,0,0,0,3.51759419070444,0,0,0,0,0.375253199811446,0,0,0,0,0,0,0.373755224225191,0,0,0,0,0.0947647199102797,0,0,0,0,0,0,0,0,0,0,0,0,0,0,0,0,0,0,0,0,0,0,0,0,0,0,0,0,1.21266237823356,0,0,1.50986536617251,0,0,0,0,0,0,0,0,0,0,0,0,0,0,0,0,0,0,0,0,0,0,0,0,0,0,0,0,0,0,0,0.587115737648558,0,0,0,0,0,0,0,0,0,0,0,0,0,0,0,0,0,0,0,0,0,0,0,0,0,0,0,0,0,0,0,0,0,0,0,0,0,0,0,0,0,0,0,0,0,0,0.0871699903121249,0,0,0,0,0,0.0532482924714298,0,0,0,0,0,0,0,0,0,0,0,0,0,0,0,0,0,0,0,0,0,0,0,0,0,0,0,0,0,0,0,0,0,0,0,0,0,0,0,0,0,0,0,0,0,0,0,0,0,0,17.6590639770973,0,0.891937968403649,0,0,0,0,0,0,0,0,0,0,0,0,0,0,0.690217876139193,0,3.17106444450935,0,0,0,0,0,0,0,0,0,0,0,0,0,0,0,0,0,0,0,0,0,0,0,0,0,0,0,0,0,0,0,0,0,0,0,0,0,0,0,0,0,0,0,0,0,0,0,0,0,0,0,0,0,0.0204346147065911,0,0,0,0,0,0.288450329625044,0,0,0,0,0,0,0,0,0,0,0,0,0,0,0,0,0,0,0,0,0,0,0,0.0966865587933255,0,0,0,0,0.184439105005365,0,0,0,0,0,0,0,0,0,0,0,0,0,0.0216427127341023,0,0,0,0,0,0,0,0,0,0,0,0,0,0,0,0,0,0,0.00746800454751827,0,0,0.00604817077961307,0,0,0,0,0.0681424136349939,0.195511650322312,0,0,0,0,0,0,0,0,0,0,0,0,0,0,0,0,0,0,0,0,0,0,0,0,0,0,0,0,0,0,0,0,0,0.704987642961681,0,0,0,0,0,0,0,0,0,0,3.21650462483425,0,0,0,0,0,0,0,0,0,0,0,0,0,0,0,0,0,0,0,0,0,0,0,0,0,0,0,0,0,0,0.121800010405211,0,0,0,0,0,0,0,0,0,0,0,0,0,0,0,0,0,0,0,0,0,0,0,0,0,0.049477837269103,0,0.0573022871818665,0,0,0,0,0,0,3.2761435137701,0,0,0,0,0,0,0,0,0,0,47.84610083,56.73700101,69.7118012,56.09600094,47.79090084,44.69600082,50.58480088,54.10120092,46.79670087,63.75430116,37.98810066,"PAL-00469"
"730",8876,"nSPC",2015,"PRIAs","Pacific Remote Island Areas","Palmyra","Palmyra",2015,"ForereefMid","Palmyra","2015-04-19","Forereef","Mid",5.87399458,-162.13165211,16.25,34,2.5,15,22.5,25,1,0,0,NA,0.6525,0.397710392315721,1.45,2,1,49.0716430858471,1.6624875131068,23.6107082155836,8.80046652445792,83.1453053389955,7.40135221693205,0,0,0,0,0,0,0,0,0.00565884242104517,0,0,0,0,0,0,0,0.0933708999472453,0,0,0,0,0,0,0,0,0,0,0.00565884242104517,0,0,0,0,0,0,0,0,0,0,0,0,0,0,0,0,0,0,0,0,0,0,0,0,0,0,0,0,0.0113176848420903,0,0,0,0,0,0,0,0,0,0,0,0,0,0,0,0,0,0,0,0.00282942121052258,0,0,0,0,0.00282942121052258,0,0,0,0,0,0,0,0,0,0,0,0,0,0,0,0,0,0,0,0,0,0,0,0,0,0,0,0,0,0,0,0,0,0,0.00565884242104517,0,0,0,0.00565884242104517,0,0,0,0,0,0,0,0,0,0,0,0,0,0,0,0,0,0,0,0,0,0,0,0,0,0,0,0,0,0,0,0,0,0,0,0,0,0,0,0,0,0,0,0,0,0,0,0,0,0.0113176848420903,0.00565884242104517,0.277283278631213,0,0,0,0,0,0,0,0,0,0,0,0,0,0,0,0,0,0,0.00848826363156775,0,0,0,0,0.00282942121052258,0,0,0,0,0,0,0.367824757367936,0,0,0,0,0.0367824757367936,0,0,0,0,0,0,0,0,0,0,0,0,0,0,0,0,0.00282942121052258,0,0,0,0,0,0,0,0,0,0,0,0.0877120575262001,0,0,0.0113176848420903,0,0,0,0,0,0,0,0,0,0,0,0,0,0,0,0,0,0,0,0,0,0,0,0,0,0,0,0,0,0,0,0.00848826363156775,0,0,0,0,0,0,0,0,0,0,0.00282942121052258,0,0,0,0,0,0,0,0,0,0,0,0.00282942121052258,0,0,0,0.00565884242104517,0,0,0,0,0,0,0,0,0,0,0,0,0,0,0,0,0,0,0,0.00282942121052258,0,0,0,0,0,0,0,0,0,0,0,0,0,0,0,0,0,0,0,0,0,0,0,0,0,0,0,0,0,0,0,0,0,0,0,0,0,0,0,0,0,0,0,0,0,0,0,0,0,0,0,0,0,0,0,0,0.0282942121052258,0.00282942121052258,0.00565884242104517,0,0,0,0,0,0,0,0,0,0,0,0,0,0,0,0,0.00565884242104517,0,0,0,0,0,0,0,0,0,0,0,0,0,0,0,0,0,0,0,0,0,0,0,0,0,0,0,0,0,0,0,0,0,0,0,0,0,0,0,0,0,0,0,0,0,0,0,0,0,0,0,0,0.00282942121052258,0.00565884242104517,0,0,0,0,0,0.00282942121052258,0,0,0,0,0,0,0,0,0,0,0,0,0,0,0,0,0,0,0,0,0,0,0,0.0367824757367936,0,0,0,0,0.0254647908947033,0,0,0,0,0,0,0,0,0,0,0,0,0,0,0,0,0,0,0,0,0,0,0,0,0,0,0,0,0,0,0,0,0,0,0,0.0226353696841807,0,0,0,0,0.00565884242104517,0,0,0,0,0,0,0,0,0,0,0,0,0,0,0,0,0,0,0,0,0,0,0,0,0,0,0,0,0,0,0,0,0,0,0,0,0,0,0,0,0,0,0,0.00282942121052258,0,0.00565884242104517,0,0,0,0,0,0,0,0,0,0,0,0,0.00282942121052258,0,0,0,0,0,0,0,0,0,0,0,0,0,0,0,0,0,0,0,0,0,0,0,0,0,0,0,0,0,0,0,0,0,0,0,0,0,0,0,0,0,0,0,0,0,0.0113176848420903,0,0,0,0,0,0,0,0,0,0,0,0,0.00282942121052258,0,0,0,0,0,0,0,0,0,0,0,0,1.77847323857604,0,0,0,0,0,0,0,7.68072504806482,0,0,0,0,0,0,0,0,0,0,2.11233911889101,0,0,0,0,0,0,0,0,0,0,0,0,0,0,0,0,0,0,0,0,0,0,0,0,0,0,0,0,2.63791466530957,0,0,0,0,0,0,0,0,0,0,0,0,0,0,0,0,0,0,0,0.312297147030625,0,0,0,0,0.00669024453210871,0,0,0,0,0,0,0,0,0,0,0,0,0,0,0,0,0,0,0,0,0,0,0,0,0,0,0,0,0,0,0,0,0,0,1.57082615215165,0,0,0,0.0412580988084822,0,0,0,0,0,0,0,0,0,0,0,0,0,0,0,0,0,0,0,0,0,0,0,0,0,0,0,0,0,0,0,0,0,0,0,0,0,0,0,0,0,0,0,0,0,0,0,0,0,0.380902189186368,0.447063356309831,0.582240560238306,0,0,0,0,0,0,0,0,0,0,0,0,0,0,0,0,0,0,2.03054667719183,0,0,0,0,0.318042161130463,0,0,0,0,0,0,0.807734678916356,0,0,0,0,0.265822029420031,0,0,0,0,0,0,0,0,0,0,0,0,0,0,0,0,0.00587752787039371,0,0,0,0,0,0,0,0,0,0,0,3.47301013060791,0,0,1.11767283583294,0,0,0,0,0,0,0,0,0,0,0,0,0,0,0,0,0,0,0,0,0,0,0,0,0,0,0,0,0,0,0,0.682111592536156,0,0,0,0,0,0,0,0,0,0,0.722643828104643,0,0,0,0,0,0,0,0,0,0,0,0.963451743223137,0,0,0,0.0322864870451454,0,0,0,0,0,0,0,0,0,0,0,0,0,0,0,0,0,0,0,0.236265071445519,0,0,0,0,0,0,0,0,0,0,0,0,0,0,0,0,0,0,0,0,0,0,0,0,0,0,0,0,0,0,0,0,0,0,0,0,0,0,0,0,0,0,0,0,0,0,0,0,0,0,0,0,0,0,0,0,43.536729505064,0.759206074486025,2.38547240867881,0,0,0,0,0,0,0,0,0,0,0,0,0,0,0,0,1.67573285479275,0,0,0,0,0,0,0,0,0,0,0,0,0,0,0,0,0,0,0,0,0,0,0,0,0,0,0,0,0,0,0,0,0,0,0,0,0,0,0,0,0,0,0,0,0,0,0,0,0,0,0,0,0.382311393965811,0.0330568901144292,0,0,0,0,0,0.221217541251428,0,0,0,0,0,0,0,0,0,0,0,0,0,0,0,0,0,0,0,0,0,0,0,0.130193666418046,0,0,0,0,0.0922195525026825,0,0,0,0,0,0,0,0,0,0,0,0,0,0,0,0,0,0,0,0,0,0,0,0,0,0,0,0,0,0,0,0,0,0,0,0.0328396772799304,0,0,0,0,0.0223195522751254,0,0,0,0,0,0,0,0,0,0,0,0,0,0,0,0,0,0,0,0,0,0,0,0,0,0,0,0,0,0,0,0,0,0,0,0,0,0,0,0,0,0,0,0.586908622245541,0,3.12602957805804,0,0,0,0,0,0,0,0,0,0,0,0,1.65786733943665,0,0,0,0,0,0,0,0,0,0,0,0,0,0,0,0,0,0,0,0,0,0,0,0,0,0,0,0,0,0,0,0,0,0,0,0,0,0,0,0,0,0,0,0,0,0.0329969930992354,0,0,0,0,0,0,0,0,0,0,0,0,0.264009106903639,0,0,0,0,36.66910064,44.56680078,46.24840082,41.03380068,37.60670067,33.0596006,39.79420069,46.36060079,36.45180068,48.99730091,27.21070047,"PAL-00512"
"731",8877,"nSPC",2015,"PRIAs","Pacific Remote Island Areas","Palmyra","Palmyra",2015,"ForereefDeep","Palmyra","2015-04-19","Forereef","Deep",5.86793454,-162.13424915,24.55,22.5,7.5,7.5,20,22.5,20,0,0,NA,0.4725,0.359955014741357,1.2,2,1,22.4540180518703,2.09343601272141,17.5839098875269,14.5760543170991,56.7074182692177,10.8202917957488,0,0,0,0,0,0,0,0,0.00282942121052258,0,0,0,0,0,0,0,0.0226353696841807,0,0.00282942121052258,0,0,0,0,0,0,0.00565884242104517,0,0,0,0,0,0,0,0,0,0,0,0,0,0,0,0,0,0,0,0,0,0,0,0,0,0,0,0,0,0,0,0,0,0,0,0,0,0,0,0,0,0,0,0,0,0,0,0,0,0,0.00282942121052258,0,0,0,0,0,0,0,0,0,0.00565884242104517,0,0,0,0,0,0,0,0,0,0,0,0,0,0,0,0,0,0,0,0,0,0,0,0,0,0,0,0,0,0.00848826363156775,0,0,0,0.0254647908947033,0,0,0,0,0.00565884242104517,0,0,0,0,0,0,0,0,0,0,0.00565884242104517,0,0.0282942121052258,0,0,0,0,0,0.00282942121052258,0,0,0,0,0,0,0,0,0,0.00848826363156775,0,0,0,0,0,0,0,0,0,0,0,0,0,0,0,0.00848826363156775,0,0.325383439210097,0.00282942121052258,0,0,0,0,0,0,0.00848826363156775,0,0,0,0.00282942121052258,0,0,0,0,0,0,0.0113176848420903,0,0,0,0,0.00282942121052258,0,0,0,0,0,0,0.0962003211577679,0,0,0,0,0.033953054526271,0,0,0,0,0,0,0,0,0,0,0,0,0,0,0,0,0,0,0,0,0,0,0,0,0.00282942121052258,0,0,0,0.0650766878420194,0,0,0.00848826363156775,0,0,0,0,0,0,0,0,0,0,0,0,0,0,0,0,0,0,0,0,0,0,0,0,0,0,0,0,0,0,0,0.00282942121052258,0,0,0,0,0,0,0,0,0,0,0,0,0,0,0,0,0,0,0,0,0,0,0,0,0,0,0,0,0,0,0,0,0,0,0,0,0,0,0,0,0,0,0,0,0,0,0,0,0,0,0,0,0.00282942121052258,0,0,0,0,0,0,0,0,0,0,0,0,0,0,0,0,0,0,0,0,0,0,0,0,0,0,0,0,0,0,0,0,0,0,0,0,0,0.00282942121052258,0,0,0,0,0,0,0,0,0,0,0,0,0.0141471060526129,0,0.00565884242104517,0,0.00282942121052258,0,0,0,0,0,0,0,0,0,0,0,0,0,0.00282942121052258,0.00848826363156775,0,0,0,0,0,0,0,0,0,0,0.00282942121052258,0,0,0,0,0,0,0,0,0,0,0,0,0,0,0,0,0,0,0,0,0,0,0,0,0,0,0,0,0,0,0,0,0,0,0,0,0,0,0,0,0,0,0.00282942121052258,0,0,0,0,0,0,0,0,0,0,0.00282942121052258,0,0,0,0,0,0,0,0,0,0,0,0,0,0,0,0,0,0,0.00282942121052258,0,0,0,0,0.0282942121052258,0,0,0,0,0,0,0,0,0,0,0,0,0,0,0,0.00282942121052258,0,0,0,0,0,0,0,0,0,0,0,0,0,0,0,0,0.00565884242104517,0,0,0.00282942121052258,0,0,0,0,0.00565884242104517,0,0,0,0,0,0,0,0,0,0,0,0,0,0,0,0,0,0,0,0,0,0,0,0,0,0.00282942121052258,0,0,0,0,0,0,0,0,0,0,0,0,0,0,0,0,0,0.00282942121052258,0,0,0,0,0,0,0,0,0,0,0,0,0,0,0.00565884242104517,0,0,0,0,0,0,0,0,0,0,0,0,0,0,0,0,0,0,0,0,0,0,0,0,0,0,0,0,0,0,0,0,0,0,0,0,0,0,0,0,0,0,0,0,0,0,0,0,0,0,0,0,0,0,0,0,0,0,0,0,0,0,0,0,0,0,0,0,0,0,0,0.500902330713312,0,0,0,0,0,0,0,2.09891104633682,0,0.307157340203022,0,0,0,0,0,0,0.190216895025254,0,0,0,0,0,0,0,0,0,0,0,0,0,0,0,0,0,0,0,0,0,0,0,0,0,0,0,0,0,0,0,0,0,0,0,0,0,0,0,0,0,0,0,0,0,0,0,0,0,0,0.690217876139193,0,0,0,0,0,0,0,0,0,0.645407342406171,0,0,0,0,0,0,0,0,0,0,0,0,0,0,0,0,0,0,0,0,0,0,0,0,0,0,0,0,0,3.80781970175168,0,0,0,0.148147984289088,0,0,0,0,0.0286715995988349,0,0,0,0,0,0,0,0,0,0,0.394633265390266,0,0.0197097481525003,0,0,0,0,0,0.199971460248186,0,0,0,0,0,0,0,0,0,0.615197471730036,0,0,0,0,0,0,0,0,0,0,0,0,0,0,0,0.326102405889793,0,1.03279080319102,5.26686415090427,0,0,0,0,0,0,0.773001861306635,0,0,0,0.0419543340689246,0,0,0,0,0,0,1.5422809836083,0,0,0,0,0.267016246208585,0,0,0,0,0,0,0.265716604722597,0,0,0,0,0.315399871205974,0,0,0,0,0,0,0,0,0,0,0,0,0,0,0,0,0,0,0,0,0,0,0,0,0.285615641154081,0,0,0,2.64293881863315,0,0,0.724591824973234,0,0,0,0,0,0,0,0,0,0,0,0,0,0,0,0,0,0,0,0,0,0,0,0,0,0,0,0,0,0,0,0.187246719765972,0,0,0,0,0,0,0,0,0,0,0,0,0,0,0,0,0,0,0,0,0,0,0,0,0,0,0,0,0,0,0,0,0,0,0,0,0,0,0,0,0,0,0,0,0,0,0,0,0,0,0,0,0.012907536620283,0,0,0,0,0,0,0,0,0,0,0,0,0,0,0,0,0,0,0,0,0,0,0,0,0,0,0,0,0,0,0,0,0,0,0,0,0,0.0048155202490365,0,0,0,0,0,0,0,0,0,0,0,0,16.2338163846843,0,3.62306970586226,0,2.01774870004406,0,0,0,0,0,0,0,0,0,0,0,0,0,0.312297147030625,4.96829408774966,0,0,0,0,0,0,0,0,0,0,0.269602090424063,0,0,0,0,0,0,0,0,0,0,0,0,0,0,0,0,0,0,0,0,0,0,0,0,0,0,0,0,0,0,0,0,0,0,0,0,0,0,0,0,0,0,0.0126222754078381,0,0,0,0,0,0,0,0,0,0,0.168410588356291,0,0,0,0,0,0,0,0,0,0,0,0,0,0,0,0,0,0,0.0144052111636416,0,0,0,0,0.104248703831778,0,0,0,0,0,0,0,0,0,0,0,0,0,0,0,1.3725454386136,0,0,0,0,0,0,0,0,0,0,0,0,0,0,0,0,0.0149360090950365,0,0,0.00590641677696589,0,0,0,0,0.0458228613598685,0,0,0,0,0,0,0,0,0,0,0,0,0,0,0,0,0,0,0,0,0,0,0,0,0,0.196338603095246,0,0,0,0,0,0,0,0,0,0,0,0,0,0,0,0,0,1.6433205224743,0,0,0,0,0,0,0,0,0,0,0,0,0,0,2.36782613876193,0,0,0,0,0,0,0,0,0,0,0,0,0,0,0,0,0,0,0,0,0,0,0,0,0,0,0,0,0,0,0,0,0,0,0,0,0,0,0,0,0,0,0,0,0,0,0,0,0,0,0,0,0,0,0,0,0,0,0,0,0,0,0,50.28250088,60.74240108,74.17440128,58.77770098,51.98230091,53.02250095,58.336901,59.76830103,57.18120106,71.8517013,41.71280071,"PAL-00448"
"732",8878,"nSPC",2015,"PRIAs","Pacific Remote Island Areas","Palmyra","Palmyra",2015,"ForereefMid","Palmyra","2015-04-19","Forereef","Mid",5.8759572,-162.12631401,8.85,21.5,0,12.5,27.5,27,0,0,11.5,NA,0.60625,0.438409565937977,1.7,2,1,7.25816018717112,0.339552036850109,34.1928846704745,7.30355227186877,49.0941491663645,5.19025182276206,0,0,0,0,0,0,0,0,0,0,0,0,0,0,0.0113176848420903,0,0.0622472666314969,0.00282942121052258,0,0,0,0,0,0,0,0,0,0,0,0,0,0,0,0,0,0,0,0,0,0,0,0,0,0,0,0,0,0,0,0,0.00282942121052258,0,0,0,0,0,0,0,0,0,0,0,0,0,0,0,0,0,0,0,0,0,0,0,0,0,0.00282942121052258,0,0,0,0,0.00282942121052258,0,0,0,0,0,0,0,0,0,0,0,0,0,0,0,0,0,0,0.00282942121052258,0,0,0,0,0,0,0,0,0,0,0,0,0,0,0,0.0113176848420903,0,0,0,0.0113176848420903,0,0,0,0,0,0,0,0,0,0,0,0,0,0,0,0,0,0,0,0,0,0,0,0,0,0,0,0,0,0,0,0,0,0,0,0,0,0,0,0,0,0,0,0,0,0,0,0,0,0.00565884242104517,0.0141471060526129,0.0735649514735872,0,0,0,0,0,0,0,0,0,0,0,0,0,0,0,0,0,0,0.0141471060526129,0,0,0,0,0.00282942121052258,0.00565884242104517,0,0,0,0.00565884242104517,0,0.0367824757367936,0,0.00282942121052258,0,0,0.00565884242104517,0,0,0,0,0,0,0,0,0,0,0,0,0,0,0,0,0,0,0,0,0,0,0,0,0,0,0,0,0,0,0,0.00282942121052258,0,0.246159645315465,0,0,0,0,0,0,0,0,0,0,0,0,0,0,0,0,0,0,0,0,0,0,0,0,0,0,0,0,0,0.00282942121052258,0,0,0,0,0,0,0,0,0,0,0.00282942121052258,0,0,0,0,0,0,0,0,0,0,0,0,0,0,0,0.0113176848420903,0,0,0,0,0,0,0,0,0,0,0,0,0,0,0,0,0,0,0,0.00565884242104517,0,0,0,0,0,0,0,0,0,0,0,0,0,0,0,0,0,0,0,0,0,0,0,0,0,0,0,0,0,0,0,0,0,0,0,0,0,0,0,0.00565884242104517,0,0,0,0.00565884242104517,0,0,0,0,0,0,0,0,0,0,0,0,0.00848826363156775,0.00282942121052258,0.00565884242104517,0,0,0,0,0,0,0,0,0,0,0,0,0,0,0,0,0.00565884242104517,0,0,0,0,0,0,0,0,0,0,0,0,0,0,0,0,0,0,0,0,0,0,0.00565884242104517,0,0,0,0,0,0,0,0,0,0,0,0,0,0,0,0,0,0,0,0,0,0,0,0,0,0,0,0,0,0,0.00282942121052258,0,0,0,0,0,0.00282942121052258,0,0,0,0,0,0,0,0,0,0,0,0,0,0,0,0,0,0,0,0,0,0,0,0.0481001605788839,0,0,0,0,0.0254647908947033,0,0,0,0,0,0,0,0,0,0,0,0,0,0,0,0,0,0,0,0,0,0,0,0,0,0,0,0,0,0,0,0,0,0,0,0.00565884242104517,0,0,0,0,0,0,0,0,0,0,0,0,0,0,0,0,0,0,0,0,0,0,0,0,0,0,0,0,0,0,0,0,0,0,0,0,0,0,0,0,0,0,0,0,0,0,0,0,0.00565884242104517,0,0,0.00282942121052258,0,0,0,0,0,0,0,0,0,0,0,0.00282942121052258,0,0,0,0,0,0,0,0,0,0,0,0,0,0,0,0,0,0,0,0,0.00565884242104517,0,0,0,0,0,0,0,0,0,0,0,0,0,0,0,0,0,0,0,0,0,0,0,0,0.0282942121052258,0,0,0,0,0,0,0,0,0,0,0,0,0,0,0,0.00282942121052258,0,0,0,0,0,0,0,0,0,0,0,0,0,0,0,1.59010169893981,0,4.61121087779407,0.103975262627718,0,0,0,0,0,0,0,0,0,0,0,0,0,0,0,0,0,0,0,0,0,0,0,0,0,0,0,0,0,0,0,0,0.041592491794682,0,0,0,0,0,0,0,0,0,0,0,0,0,0,0,0,0,0,0,0,0,0,0,0,0,0.248286972602325,0,0,0,0,0.00669024453210871,0,0,0,0,0,0,0,0,0,0,0,0,0,0,0,0,0,0,0.367235344118342,0,0,0,0,0,0,0,0,0,0,0,0,0,0,0,4.01807585942433,0,0,0,0.110568229935726,0,0,0,0,0,0,0,0,0,0,0,0,0,0,0,0,0,0,0,0,0,0,0,0,0,0,0,0,0,0,0,0,0,0,0,0,0,0,0,0,0,0,0,0,0,0,0,0,0,0.163500585259839,0.991180261232282,0.179358708187753,0,0,0,0,0,0,0,0,0,0,0,0,0,0,0,0,0,0,2.25143109666588,0,0,0,0,0.267016246208585,0.158078371368832,0,0,0,0.280319349375582,0,0.114170541150039,0,0.127063067161861,0,0,0.0393325429802089,0,0,0,0,0,0,0,0,0,0,0,0,0,0,0,0,0,0,0,0,0,0,0,0,0,0,0,0,0,0,0,0.225166706934366,0,17.7832170924288,0,0,0,0,0,0,0,0,0,0,0,0,0,0,0,0,0,0,0,0,0,0,0,0,0,0,0,0,0,0.372388196362932,0,0,0,0,0,0,0,0,0,0,0.56598783091662,0,0,0,0,0,0,0,0,0,0,0,0,0,0,0,0.117636206016305,0,0,0,0,0,0,0,0,0,0,0,0,0,0,0,0,0,0,0,0.251860355706969,0,0,0,0,0,0,0,0,0,0,0,0,0,0,0,0,0,0,0,0,0,0,0,0,0,0,0,0,0,0,0,0,0,0,0,0,0,0,0,0.0191061452630932,0,0,0,0.009631040498073,0,0,0,0,0,0,0,0,0,0,0,0,2.59018023912544,0.672401186070852,1.25679955278446,0,0,0,0,0,0,0,0,0,0,0,0,0,0,0,0,1.2537507989098,0,0,0,0,0,0,0,0,0,0,0,0,0,0,0,0,0,0,0,0,0,0,4.34418560920957,0,0,0,0,0,0,0,0,0,0,0,0,0,0,0,0,0,0,0,0,0,0,0,0,0,0,0,0,0,0,0.0204346147065911,0,0,0,0,0,0.0839162577047264,0,0,0,0,0,0,0,0,0,0,0,0,0,0,0,0,0,0,0,0,0,0,0,0.387995246902979,0,0,0,0,0.127243020704392,0,0,0,0,0,0,0,0,0,0,0,0,0,0,0,0,0,0,0,0,0,0,0,0,0,0,0,0,0,0,0,0,0,0,0,0.0118128335539318,0,0,0,0,0,0,0,0,0,0,0,0,0,0,0,0,0,0,0,0,0,0,0,0,0,0,0,0,0,0,0,0,0,0,0,0,0,0,0,0,0,0,0,0,0,0,0,0,1.82718982876204,0,0,0.466978994269489,0,0,0,0,0,0,0,0,0,0,0,0.644651903064651,0,0,0,0,0,0,0,0,0,0,0,0,0,0,0,0,0,0,0,0,0.0569572368266848,0,0,0,0,0,0,0,0,0,0,0,0,0,0,0,0,0,0,0,0,0,0,0,0,0.15822038526606,0,0,0,0,0,0,0,0,0,0,0,0,0,0,0,0.177250133015761,0,12.22910021,14.71750026,15.63900027,14.88170025,18.14030032,16.17340031,14.47250025,20.78810035,18.57680035,19.06240035,12.39960021,"PAL-00508"
"733",8883,"nSPC",2015,"PRIAs","Pacific Remote Island Areas","Palmyra","Palmyra",2015,"ForereefDeep","Palmyra","2015-04-20","Forereef","Deep",5.88477773,-162.14457926,21.65,17.5,0.5,12.5,12.5,55,2,0,0,NA,1.01375,0.578452887811188,1.9,2,1,7.66796447677419,25.2978659760873,16.5590714246551,34.2183426814644,83.743244558981,2.12511343661517,0,0,0,0,0,0,0,0,0.00282942121052258,0,0,0,0,0,0,0,0.0452707393683613,0,0.00282942121052258,0,0,0,0,0,0,0.00565884242104517,0,0.0198059484736581,0,0,0.00282942121052258,0,0,0,0,0,0,0,0,0,0,0,0,0,0,0,0,0,0,0,0,0,0,0,0,0,0.0113176848420903,0,0,0,0,0,0,0,0,0,0,0,0,0,0,0,0,0,0,0,0.00565884242104517,0,0,0,0,0,0,0,0,0,0.00848826363156775,0,0,0,0,0,0,0,0,0,0,0,0,0,0,0,0,0,0,0,0,0,0,0,0,0,0,0,0,0,0.00565884242104517,0,0,0,0,0,0,0,0,0,0,0,0,0,0,0,0,0,0,0,0,0,0,0,0,0,0,0,0,0,0,0,0,0,0,0,0,0,0,0,0,0,0,0,0,0,0,0,0,0,0,0,0,0,0.00565884242104517,0.00282942121052258,0.325383439210097,0,0,0,0,0,0,0,0.00282942121052258,0,0,0,0.0169765272631355,0,0,0,0,0,0,0.0113176848420903,0,0,0,0,0,0.00282942121052258,0,0,0,0,0,0.198059484736581,0,0,0,0,0.138641639315607,0,0,0,0,0,0,0,0,0,0,0,0,0,0,0,0,0,0,0,0,0,0,0,0,0,0,0,0.00565884242104517,0.0198059484736581,0,0,0.0254647908947033,0,0.0622472666314969,0,0,0,0,0,0,0,0,0,0,0,0,0,0,0,0,0,0,0,0,0,0,0,0,0,0,0,0,0,0.00848826363156775,0,0,0,0,0,0,0,0,0,0,0,0,0,0,0,0,0,0,0,0,0,0,0.0282942121052258,0,0,0,0,0,0,0,0,0,0,0,0,0,0,0,0,0,0,0,0,0,0,0,0,0,0,0,0,0,0,0,0,0,0,0,0,0,0,0,0,0,0,0,0,0,0,0,0,0,0,0,0,0,0,0,0,0,0,0,0,0,0,0,0.00282942121052258,0,0,0,0.00565884242104517,0,0,0,0,0,0,0,0,0,0,0,0,0.00848826363156775,0,0.00848826363156775,0,0,0,0,0,0,0,0,0,0,0,0,0,0,0.00282942121052258,0,0.00565884242104517,0,0,0,0,0,0,0,0.00282942121052258,0,0,0.0113176848420903,0,0,0,0,0,0,0,0,0.00565884242104517,0,0,0,0,0,0,0,0,0,0.00848826363156775,0,0,0,0,0,0,0,0,0,0,0,0,0,0,0,0,0,0,0,0,0,0,0,0,0,0,0,0,0,0,0,0,0,0,0,0,0,0,0,0,0,0,0,0,0,0,0.0113176848420903,0,0,0,0,0,0,0.00565884242104517,0,0,0,0,0.0169765272631355,0,0,0,0,0,0,0,0,0,0,0,0,0,0,0,0.00848826363156775,0,0,0,0,0,0,0,0,0,0,0,0,0,0,0,0,0,0.00565884242104517,0,0.0113176848420903,0,0,0,0,0,0.0396118969473162,0,0,0,0,0,0,0,0,0,0,0,0,0,0,0,0,0,0,0,0,0,0,0,0,0,0,0,0,0,0,0,0,0.00565884242104517,0,0,0,0,0,0,0,0,0,0,0,0,0,0,0,0,0,0,0,0,0,0,0,0,0,0,0,0,0,0,0,0,0,0,0,0,0,0,0,0,0,0,0,0,0,0,0,0,0,0,0,0,0,0,0,0,0,0,0,0,0,0,0.0113176848420903,0,0,0,0,0,0,0,0.0113176848420903,0,0,0,0,0,0,0,0,0,0,0,0,0.00565884242104517,0,0,0,0,0,0,0,0,0,0,0,0,1.38932236739325,0,0,0,0,0,0,0,2.18656608850468,0,0.145263112210885,0,0,0,0,0,0,0.0865802890419911,0,4.67611579675158,0,0,0.34156320146035,0,0,0,0,0,0,0,0,0,0,0,0,0,0,0,0,0,0,0,0,0,0,0,0,0,1.0419513373022,0,0,0,0,0,0,0,0,0,0,0,0,0,0,0,0,0,0,0,0.581679799923381,0,0,0,0,0,0,0,0,0,1.01264596155821,0,0,0,0,0,0,0,0,0,0,0,0,0,0,0,0,0,0,0,0,0,0,0,0,0,0,0,0,0,3.17621004643681,0,0,0,0,0,0,0,0,0,0,0,0,0,0,0,0,0,0,0,0,0,0,0,0,0,0,0,0,0,0,0,0,0,0,0,0,0,0,0,0,0,0,0,0,0,0,0,0,0,0,0,0,0,0.217401603926528,0.0817502926299197,0.29345625027056,0,0,0,0,0,0,0,0.27473509157586,0,0,0,0.251726004413548,0,0,0,0,0,0,2.12511343661517,0,0,0,0,0,0.116722873863301,0,0,0,0,0,0.137968237067502,0,0,0,0,1.06533600172886,0,0,0,0,0,0,0,0,0,0,0,0,0,0,0,0,0,0,0,0,0,0,0,0,0,0,0,0.0666621030414835,0.477772044356839,0,0,2.33484655979039,0,3.15740991599085,0,0,0,0,0,0,0,0,0,0,0,0,0,0,0,0,0,0,0,0,0,0,0,0,0,0,0,0,0,1.83674639820496,0,0,0,0,0,0,0,0,0,0,0,0,0,0,0,0,0,0,0,0,0,0,7.38075627459428,0,0,0,0,0,0,0,0,0,0,0,0,0,0,0,0,0,0,0,0,0,0,0,0,0,0,0,0,0,0,0,0,0,0,0,0,0,0,0,0,0,0,0,0,0,0,0,0,0,0,0,0,0,0,0,0,0,0,0,0,0,0,0,0.00889828028477043,0,0,0,0.00540243409826541,0,0,0,0,0,0,0,0,0,0,0,0,3.44980309303518,0,3.50791728005107,0,0,0,0,0,0,0,0,0,0,0,0,0,0,0.690217876139193,0,2.0968667808814,0,0,0,0,0,0,0,0.852184448781955,0,0,1.07603496340147,0,0,0,0,0,0,0,0,4.25970357587476,0,0,0,0,0,0,0,0,0,15.6851404343504,0,0,0,0,0,0,0,0,0,0,0,0,0,0,0,0,0,0,0,0,0,0,0,0,0,0,0,0,0,0,0,0,0,0,0,0,0,0,0,0,0,0,0,0,0,0,1.04103234129303,0,0,0,0,0,0,0.0475401455972619,0,0,0,0,0.025886533039236,0,0,0,0,0,0,0,0,0,0,0,0,0,0,0,2.4851225246359,0,0,0,0,0,0,0,0,0,0,0,0,0,0,0,0,0,11.9483522984452,0,0.0120963415592261,0,0,0,0,0,0.105319488864596,0,0,0,0,0,0,0,0,0,0,0,0,0,0,0,0,0,0,0,0,0,0,0,0,0,0,0,0,0,0,0,0,1.4975345683981,0,0,0,0,0,0,0,0,0,0,0,0,0,0,0,0,0,0,0,0,0,0,0,0,0,0,0,0,0,0,0,0,0,0,0,0,0,0,0,0,0,0,0,0,0,0,0,0,0,0,0,0,0,0,0,0,0,0,0,0,0,0,0.00489206927299355,0,0,0,0,0,0,0,0.0756689090857318,0,0,0,0,0,0,0,0,0,0,0,0,0.411329083237877,0,0,0,0,49.59110087,58.11420105,73.07330125,60.18720102,48.98530086,46.20880085,50.04880088,57.29210096,50.05760094,63.26030115,38.00660065,"PAL-00447"
"734",8884,"nSPC",2015,"PRIAs","Pacific Remote Island Areas","Palmyra","Palmyra",2015,"ForereefMid","Palmyra","2015-04-20","Forereef","Mid",5.88157617,-162.13164532,13.75,15,0,12.5,20,25.5,12.5,0,14.5,NA,0.90375,0.574961611973867,2.1,2,1,50.42135841356,0.729186765756841,24.839807308951,4.59193443225416,80.582286920522,13.472394901642,0,0,0,0,0,0,0,0,0,0,0,0,0,0,0,0,0.0452707393683613,0,0,0,0,0,0,0,0,0,0,0,0,0,0,0,0,0,0,0,0,0,0,0,0,0,0,0,0,0,0,0,0,0,0.00282942121052258,0,0,0,0,0,0.0113176848420903,0,0,0,0,0,0,0,0,0,0,0,0,0,0,0,0,0,0,0,0,0,0,0,0,0,0,0,0,0,0,0,0,0,0,0,0,0,0,0,0,0,0,0,0,0,0,0,0,0,0,0,0,0,0,0,0,0,0,0,0.0113176848420903,0,0,0,0.0113176848420903,0,0,0,0,0,0,0,0,0,0,0,0,0,0,0,0,0,0,0,0,0,0,0,0.00282942121052258,0,0,0,0,0,0,0,0,0,0,0,0,0,0,0,0,0,0,0,0,0,0,0,0,0,0.0113176848420903,0.00565884242104517,0.0792237938946324,0.00565884242104517,0,0,0,0,0,0,0,0,0,0,0,0,0,0,0,0,0,0.0169765272631355,0,0,0,0,0,0.00282942121052258,0,0,0,0,0,0.0565884242104517,0,0,0,0,0.0481001605788839,0,0,0,0,0,0,0,0,0,0,0,0,0,0,0,0,0,0,0,0,0,0,0,0,0,0,0,0,0.0141471060526129,0,0,0,0,0.0905414787367227,0,0,0,0,0,0,0,0,0,0,0,0,0,0,0,0,0,0,0,0,0,0,0,0,0,0,0,0.00282942121052258,0,0.00565884242104517,0,0,0,0,0,0,0,0,0,0,0,0.00282942121052258,0,0,0,0,0,0,0,0,0,0,0,0,0,0,0,0,0,0,0,0,0,0,0,0,0,0,0,0,0,0,0,0,0,0,0.00565884242104517,0,0,0,0,0,0.00565884242104517,0,0,0,0,0,0,0,0,0,0,0,0,0,0,0,0,0,0,0,0,0,0,0,0,0,0,0,0,0,0,0,0,0.00282942121052258,0.00282942121052258,0,0,0,0.00565884242104517,0,0,0,0,0,0,0,0,0,0,0.00565884242104517,0,0.0141471060526129,0,0.00848826363156775,0,0,0,0,0,0,0,0,0,0,0,0,0,0,0,0,0.00282942121052258,0,0,0,0,0,0,0,0,0,0,0,0,0,0,0,0,0,0,0,0,0,0,0.00282942121052258,0,0,0,0,0,0,0,0,0,0,0,0,0,0,0,0,0,0,0,0,0,0,0,0,0,0,0,0,0,0.00282942121052258,0,0,0,0,0,0,0,0.00282942121052258,0,0.00282942121052258,0,0,0,0,0,0,0,0,0,0,0,0,0,0,0,0,0,0,0,0,0.0226353696841807,0,0,0,0,0.00565884242104517,0,0,0,0,0,0,0,0,0,0,0,0,0,0,0,0,0,0,0,0,0,0,0,0,0,0,0,0,0,0,0,0,0,0,0,0.0226353696841807,0,0,0,0,0.00565884242104517,0,0,0,0,0,0,0,0,0,0,0,0,0,0,0,0,0,0,0,0,0,0,0,0,0,0,0,0,0,0,0,0,0,0,0,0,0,0,0,0,0,0,0,0.00565884242104517,0,0.00282942121052258,0,0,0,0,0,0,0,0.00282942121052258,0,0,0,0,0,0,0,0,0,0,0,0,0,0,0,0,0,0,0,0,0,0,0.00282942121052258,0,0,0,0,0,0,0,0,0,0,0,0,0,0,0,0,0,0,0,0,0,0,0,0,0,0.00282942121052258,0,0.0113176848420903,0,0,0,0,0,0,0,0,0,0,0,0,0,0,0.00282942121052258,0,0,0,0,0,0,0,0,0,0,0,0,0,0,0,0,0,0,2.873814203977,0,0,0,0,0,0,0,0,0,0,0,0,0,0,0,0,0,0,0,0,0,0,0,0,0,0,0,0,0,0,0,0,0,0.041592491794682,0,0,0,0,0,1.59355690526782,0,0,0,0,0,0,0,0,0,0,0,0,0,0,0,0,0,0,0,0,0,0,0,0,0,0,0,0,0,0,0,0,0,0,0,0,0,0,0,0,0,0,0,0,0,0,0,0,0,0,0,0,0,0,0,0,0,0,0,6.46351424444387,0,0,0,0.0886310532864915,0,0,0,0,0,0,0,0,0,0,0,0,0,0,0,0,0,0,0,0,0,0,0,0.162145055343946,0,0,0,0,0,0,0,0,0,0,0,0,0,0,0,0,0,0,0,0,0,0,0,0,0,0.327001170519679,0.358222584828211,0.139428218412132,9.91625159013037,0,0,0,0,0,0,0,0,0,0,0,0,0,0,0,0,0,1.28069654540141,0,0,0,0,0,0.049682434402961,0,0,0,0,0,0.0718310821557789,0,0,0,0,0.51792746518893,0,0,0,0,0,0,0,0,0,0,0,0,0,0,0,0,0,0,0,0,0,0,0,0,0,0,0,0,0.182290638324654,0,0,0,0,6.61119709174902,0,0,0,0,0,0,0,0,0,0,0,0,0,0,0,0,0,0,0,0,0,0,0,0,0,0,0,0.657801607423878,0,0.587115737648558,0,0,0,0,0,0,0,0,0,0,0,2.41053586544753,0,0,0,0,0,0,0,0,0,0,0,0,0,0,0,0,0,0,0,0,0,0,0,0,0,0,0,0,0,0,0,0,0,0,0.400955436840363,0,0,0,0,0,0.0105367645879861,0,0,0,0,0,0,0,0,0,0,0,0,0,0,0,0,0,0,0,0,0,0,0,0,0,0,0,0,0,0,0,0,0.0119901315272546,0.0136985311808475,0,0,0,0.009631040498073,0,0,0,0,0,0,0,0,0,0,9.95785513013578,0,28.6331930894724,0,1.37893707569158,0,0,0,0,0,0,0,0,0,0,0,0,0,0,0,0,0.520984193367579,0,0,0,0,0,0,0,0,0,0,0,0,0,0,0,0,0,0,0,0,0,0,1.37647632095751,0,0,0,0,0,0,0,0,0,0,0,0,0,0,0,0,0,0,0,0,0,0,0,0,0,0,0,0,0,0.161287619329327,0,0,0,0,0,0,0,0.543613952039408,0,0.433920503946321,0,0,0,0,0,0,0,0,0,0,0,0,0,0,0,0,0,0,0,0,0.115241689309133,0,0,0,0,0.0240583026581916,0,0,0,0,0,0,0,0,0,0,0,0,0,0,0,0,0,0,0,0,0,0,0,0,0,0,0,0,0,0,0,0,0,0,0,0.0303826079007126,0,0,0,0,0.0223195522751254,0,0,0,0,0,0,0,0,0,0,0,0,0,0,0,0,0,0,0,0,0,0,0,0,0,0,0,0,0,0,0,0,0,0,0,0,0,0,0,0,0,0,0,0.72166095334565,0,0.589093868187753,0,0,0,0,0,0,0,0.964691944576795,0,0,0,0,0,0,0,0,0,0,0,0,0,0,0,0,0,0,0,0,0,0,0.018182077582592,0,0,0,0,0,0,0,0,0,0,0,0,0,0,0,0,0,0,0,0,0,0,0,0,0,0.063117845852256,0,0.030401282080702,0,0,0,0,0,0,0,0,0,0,0,0,0,0,0.216821021431739,0,0,29.85920053,30.17180054,28.2146005,26.86550044,30.68140055,26.0498005,29.67850053,37.65430065,28.32010052,34.35540062,21.86670038,"PAL-00515"
"735",8885,"nSPC",2015,"PRIAs","Pacific Remote Island Areas","Palmyra","Palmyra",2015,"ForereefDeep","Palmyra","2015-04-20","Forereef","Deep",5.88990293,-162.13647044,22.45,34,4.5,6,12,43.5,0,0,0,NA,0.925,0.50854071996252,1.9,2,1,35.2933063708724,13.3535566191431,32.098462713943,8.75221445851587,89.4975401624743,20.5480391194469,0,0,0,0,0,0,0,0,0,0,0,0,0,0,0,0,0.0735649514735872,0,0,0,0,0,0,0,0,0,0,0.0141471060526129,0,0,0.00282942121052258,0,0,0,0,0,0,0,0,0,0,0,0,0,0,0,0,0,0,0,0,0,0,0,0,0,0.00848826363156775,0,0,0,0,0,0,0,0.00282942121052258,0,0,0,0,0,0,0,0,0,0,0,0.00565884242104517,0,0,0,0,0,0,0.00282942121052258,0,0,0,0,0,0,0,0,0,0,0,0,0,0,0,0,0.00282942121052258,0,0,0,0,0,0.00282942121052258,0,0,0,0,0,0,0,0,0,0.00848826363156775,0,0,0,0.0198059484736581,0,0,0,0,0,0,0,0,0,0,0,0,0,0,0,0,0,0.0565884242104517,0,0,0,0,0,0,0,0,0,0,0,0,0,0,0,0,0,0,0,0,0,0,0,0,0,0,0,0,0,0,0,0.0113176848420903,0.0113176848420903,0.311236333157484,0,0,0,0,0,0,0,0,0,0,0,0.0113176848420903,0,0,0,0,0,0,0.00848826363156775,0,0,0,0,0.00282942121052258,0.00282942121052258,0,0,0,0,0,0.234841960473374,0,0,0,0,0.0424413181578388,0,0,0,0,0,0,0,0,0,0,0,0,0,0,0,0,0,0,0,0,0,0,0,0,0,0,0,0,0.178253536262923,0,0,0.00282942121052258,0,0,0,0,0,0,0,0,0,0,0,0,0,0,0,0,0,0,0,0,0,0,0,0,0,0,0,0,0,0,0,0.00565884242104517,0,0,0,0,0,0,0,0,0,0,0,0,0,0,0,0,0,0,0,0,0,0,0,0,0,0,0.00282942121052258,0,0,0,0,0,0,0,0,0,0,0,0,0,0,0,0,0,0,0,0,0,0,0,0,0,0,0,0,0,0,0,0,0,0,0.00282942121052258,0,0,0,0,0,0,0,0,0,0,0,0,0,0,0,0,0,0,0,0,0,0,0,0.00282942121052258,0,0,0,0,0.00565884242104517,0,0,0,0,0,0,0.00282942121052258,0,0,0,0,0,0.0141471060526129,0,0.00565884242104517,0,0,0,0,0,0,0,0,0,0,0,0,0,0,0.0367824757367936,0,0.00848826363156775,0,0,0,0,0,0,0,0,0,0,0.0113176848420903,0,0,0,0,0,0,0,0,0,0,0,0,0,0,0,0,0,0,0,0,0,0,0,0,0,0,0,0,0,0,0,0,0,0,0,0,0,0,0,0,0,0.00282942121052258,0,0,0,0,0,0,0,0.00282942121052258,0,0.00282942121052258,0,0,0,0,0,0,0,0,0,0,0,0,0,0,0,0,0,0,0,0,0.00282942121052258,0,0,0,0,0.0169765272631355,0,0,0,0,0,0,0,0,0,0,0,0,0,0,0,0,0,0,0,0,0,0,0,0,0,0,0,0,0,0,0,0,0,0,0,0,0,0,0,0,0,0.00848826363156775,0,0,0,0,0,0,0,0,0,0,0,0,0,0,0,0,0,0,0,0,0,0,0,0,0,0,0,0,0,0,0,0,0,0,0,0,0,0,0,0,0,0,0,0,0.00848826363156775,0,0,0,0,0,0,0,0.00565884242104517,0,0,0,0,0,0,0,0,0,0,0,0,0,0,0,0,0,0,0,0,0,0,0,0,0,0,0,0,0,0,0,0,0,0,0,0,0,0,0,0,0,0,0,0,0,0,0,0,0,0,0,0,0,0,0,0,0,0,0,0,0,0,0,0,0,0,0,0,0,0,0,0,0,0,0,0,0,0,0,0,0,0,0,0,4.9667597224586,0,0,0,0,0,0,0,0,0,0,1.86888908506061,0,0,0.605889994484338,0,0,0,0,0,0,0,0,0,0,0,0,0,0,0,0,0,0,0,0,0,0,0,0,0,1.57264182367964,0,0,0,0,0,0,0,12.3800728552427,0,0,0,0,0,0,0,0,0,0,0,0.536690487591495,0,0,0,0,0,0,0.155725906230731,0,0,0,0,0,0,0,0,0,0,0,0,0,0,0,0,0.643084087169323,0,0,0,0,0,0.158766764997638,0,0,0,0,0,0,0,0,0,2.57395119978883,0,0,0,0.0338797503158613,0,0,0,0,0,0,0,0,0,0,0,0,0,0,0,0,0,0.0394194963050006,0,0,0,0,0,0,0,0,0,0,0,0,0,0,0,0,0,0,0,0,0,0,0,0,0,0,0,0,0,0,0,0.336725463835386,1.11346490814351,0.539463106840657,0,0,0,0,0,0,0,0,0,0,0,0.112582243237504,0,0,0,0,0,0,0.934327334594217,0,0,0,0,0.318042161130463,0.116722873863301,0,0,0,0,0,0.293237253068866,0,0,0,0,0.226480791099056,0,0,0,0,0,0,0,0,0,0,0,0,0,0,0,0,0,0,0,0,0,0,0,0,0,0,0,0,4.33976533984578,0,0,0.1823629318176,0,0,0,0,0,0,0,0,0,0,0,0,0,0,0,0,0,0,0,0,0,0,0,0,0,0,0,0,0,0,0,0.311337601331096,0,0,0,0,0,0,0,0,0,0,0,0,0,0,0,0,0,0,0,0,0,0,0,0,0,0,0.0190250326598301,0,0,0,0,0,0,0,0,0,0,0,0,0,0,0,0,0,0,0,0,0,0,0,0,0,0,0,0,0,0,0,0,0,0,0.448075914104109,0,0,0,0,0,0,0,0,0,0,0,0,0,0,0,0,0,0,0,0,0,0,0,0.00785111761276115,0,0,0,0,0.0133213760407774,0,0,0,0,0,0,3.22882115365659,0,0,0,0,0,14.9888175658518,0,1.65740799580555,0,0,0,0,0,0,0,0,0,0,0,0,0,0,11.1990212485461,0,1.86785229110952,0,0,0,0,0,0,0,0,0,0,1.00471155442487,0,0,0,0,0,0,0,0,0,0,0,0,0,0,0,0,0,0,0,0,0,0,0,0,0,0,0,0,0,0,0,0,0,0,0,0,0,0,0,0,0,0.327784231401438,0,0,0,0,0,0,0,0.221217541251428,0,0.433920503946321,0,0,0,0,0,0,0,0,0,0,0,0,0,0,0,0,0,0,0,0,0.0144052111636416,0,0,0,0,0.0400892890562156,0,0,0,0,0,0,0,0,0,0,0,0,0,0,0,0,0,0,0,0,0,0,0,0,0,0,0,0,0,0,0,0,0,0,0,0,0,0,0,0,0,0.0512231688584837,0,0,0,0,0,0,0,0,0,0,0,0,0,0,0,0,0,0,0,0,0,0,0,0,0,0,0,0,0,0,0,0,0,0,0,0,0,0,0,0,0,0,0,0,4.29314153475176,0,0,0,0,0,0,0,15.3205702501009,0,0,0,0,0,0,0,0,0,0,0,0,0,0,0,0,0,0,0,0,0,0,0,0,0,0,0,0,0,0,0,0,0,0,0,0,0,0,0,0,0,0,0,0,0,0,0,0,0,0,0,0,0,0,0,0,0,0,0,0,0,0,0,0,0,0,0,0,28.3026005,29.43480054,25.71190046,25.39080042,29.49230053,24.04260045,29.57450052,35.03570061,26.00390048,32.36390059,20.25150035,"PAL-00452"
"736",8886,"nSPC",2015,"PRIAs","Pacific Remote Island Areas","Palmyra","Palmyra",2015,"ForereefShallow","Palmyra","2015-04-20","Forereef","Shallow",5.88297721,-162.12601888,5.15,32.5,0,12.5,20,35,0,0,0,NA,0.9325,0.62403489622979,2.35,2,1,62.5680896875358,0.147408710538336,27.6111063269386,9.8181733272968,100.14477805231,8.31920884770826,0,0,0,0,0,0,0,0,0.00282942121052258,0,0,0,0.0141471060526129,0,0.0141471060526129,0,0.0396118969473162,0.00282942121052258,0,0,0,0,0,0,0,0,0,0,0,0,0,0,0,0,0,0,0,0,0,0,0,0,0,0,0,0,0,0,0,0,0,0,0,0,0,0,0,0,0,0,0,0,0,0,0,0,0,0,0,0,0,0,0,0,0,0,0,0,0,0,0,0,0,0,0,0,0,0,0,0,0,0,0,0,0,0,0,0,0,0,0,0,0,0,0,0,0,0.00565884242104517,0,0,0,0,0,0,0,0,0.0169765272631355,0,0,0,0.0169765272631355,0,0,0,0,0,0,0,0,0,0,0,0,0,0,0,0,0,0,0,0,0,0,0,0,0,0,0,0,0,0,0,0.00565884242104517,0,0.0113176848420903,0,0,0,0,0,0,0,0,0,0,0,0,0,0,0,0.0113176848420903,0.0311236333157484,0,0,0,0.00282942121052258,0,0,0,0,0,0,0,0,0,0,0,0,0,0,0,0.0141471060526129,0,0,0,0,0.00565884242104517,0.00282942121052258,0,0,0,0,0,0,0,0.00565884242104517,0,0,0.00282942121052258,0,0,0,0,0,0,0,0,0,0,0,0,0,0,0,0,0,0,0,0,0,0,0,0,0,0,0,0,0,0,0,0,0,0.147129902947174,0,0,0,0,0,0,0,0,0,0,0,0,0,0,0,0,0,0,0,0,0,0,0,0,0,0,0,0,0,0,0,0,0,0,0,0,0,0,0.00282942121052258,0,0,0,0,0,0,0,0,0,0,0,0,0,0,0,0,0,0,0,0,0,0,0,0,0,0,0,0,0,0,0,0,0,0,0,0,0,0.00848826363156775,0,0,0,0,0,0,0,0,0,0,0,0,0,0,0.00282942121052258,0,0,0,0,0,0,0,0,0,0,0,0,0,0,0,0,0,0,0,0,0,0,0,0,0,0,0,0,0,0,0,0,0,0,0,0,0,0,0,0,0,0.0198059484736581,0.00282942121052258,0.00565884242104517,0,0.00282942121052258,0,0,0,0,0,0,0,0,0,0,0,0,0,0,0.00282942121052258,0,0,0,0,0,0,0,0,0,0,0,0,0,0,0,0,0,0,0,0,0,0,0.00565884242104517,0,0,0,0,0,0,0,0,0,0,0,0,0,0,0,0,0,0,0,0,0,0,0,0,0,0,0,0,0,0,0,0,0,0,0,0,0,0,0,0,0,0,0,0,0,0,0,0,0,0,0,0,0,0,0,0,0,0,0,0,0.0254647908947033,0,0,0,0,0.0509295817894065,0,0,0,0,0,0,0,0,0,0,0,0,0,0,0,0,0,0,0,0,0,0,0,0,0,0,0,0,0,0,0,0,0,0,0,0,0,0,0,0,0,0,0,0,0,0,0,0,0,0,0,0,0,0,0,0,0,0,0,0,0,0,0,0,0,0,0,0,0,0,0,0,0,0,0,0,0,0,0,0,0,0,0,0,0.00565884242104517,0,0,0,0,0,0,0,0,0,0.00282942121052258,0,0.00282942121052258,0,0,0.00282942121052258,0,0,0,0,0,0,0,0,0,0,0,0,0,0,0,0,0,0.0226353696841807,0,0,0.00565884242104517,0,0,0,0,0,0,0,0,0,0,0,0,0,0,0,0,0.0424413181578388,0,0,0,0,0,0,0,0.067906109052542,0,0,0,0,0,0,0,0,0,0,0,0,0,0,0,0,0,0,0,0,0,0,0,0,0,0.580761106487433,0,0,0,1.46924243102139,0,2.20890514678922,0,2.69436966133114,0.0304551357616731,0,0,0,0,0,0,0,0,0,0,0,0,0,0,0,0,0,0,0,0,0,0,0,0,0,0,0,0,0,0,0,0,0,0,0,0,0,0,0,0,0,0,0,0,0,0,0,0,0,0,0,0,0,0,0,0,0,0,0,0,0,0,0,0,0,0,0,0,0,0,0,0,0,0,0,0,0,0,0,0,0,0,0,0,0,0,0,0,0,0.0199957655630948,0,0,0,0,0,0,0,0,9.49667029286096,0,0,0,0.0295735502956501,0,0,0,0,0,0,0,0,0,0,0,0,0,0,0,0,0,0,0,0,0,0,0,0,0,0,0,0,0,0,0,0.00994152317680504,0,0.833463852802832,0,0,0,0,0,0,0,0,0,0,0,0,0,0,0,0.342068483465633,4.08710902424414,0,0,0,0.27473509157586,0,0,0,0,0,0,0,0,0,0,0,0,0,0,0,3.85135581613914,0,0,0,0,0.32948871862538,0.0679298284579949,0,0,0,0,0,0,0,0.254126134323723,0,0,0.0250328161400584,0,0,0,0,0,0,0,0,0,0,0,0,0,0,0,0,0,0,0,0,0,0,0,0,0,0,0,0,0,0,0,0,0,9.73091030473644,0,0,0,0,0,0,0,0,0,0,0,0,0,0,0,0,0,0,0,0,0,0,0,0,0,0,0,0,0,0,0,0,0,0,0,0,0,0,0.629480504027106,0,0,0,0,0,0,0,0,0,0,0,0,0,0,0,0,0,0,0,0,0,0,0,0,0,0,0,0,0,0,0,0,0,0,0,0,0,0.394868728636459,0,0,0,0,0,0,0,0,0,0,0,0,0,0,0.515183277548921,0,0,0,0,0,0,0,0,0,0,0,0,0,0,0,0,0,0,0,0,0,0,0,0,0,0,0,0,0,0,0,0,0,0,0,0,0,0,0,0,0,51.4714699823704,0.28577184477621,1.04603629160818,0,0.970468908277384,0,0,0,0,0,0,0,0,0,0,0,0,0,0,0.766673903571517,0,0,0,0,0,0,0,0,0,0,0,0,0,0,0,0,0,0,0,0,0,0,2.39581023554417,0,0,0,0,0,0,0,0,0,0,0,0,0,0,0,0,0,0,0,0,0,0,0,0,0,0,0,0,0,0,0,0,0,0,0,0,0,0,0,0,0,0,0,0,0,0,0,0,0,0,0,0,0,0,0,0,0,0,0,0,0.176471208647721,0,0,0,0,0.167174452261209,0,0,0,0,0,0,0,0,0,0,0,0,0,0,0,0,0,0,0,0,0,0,0,0,0,0,0,0,0,0,0,0,0,0,0,0,0,0,0,0,0,0,0,0,0,0,0,0,0,0,0,0,0,0,0,0,0,0,0,0,0,0,0,0,0,0,0,0,0,0,0,0,0,0,0,0,0,0,0,0,0,0,0,0,2.38653435866031,0,0,0,0,0,0,0,0,0,1.35466493281077,0,0.482240683773416,0,0,0.244413056324627,0,0,0,0,0,0,0,0,0,0,0,0,0,0,0,0,0,0.115505752098031,0,0,0.036364155165184,0,0,0,0,0,0,0,0,0,0,0,0,0,0,0,0,0.0924386056583781,0,0,0,0,0,0,0,0.277072486751029,0,0,0,0,0,0,0,0,0,0,0,0,0,0,0,0,0,0,0,0,0,0,0,0,0,0,0,0,"PAL-00493"
"737",8887,"nSPC",2015,"PRIAs","Pacific Remote Island Areas","Palmyra","Palmyra",2015,"ForereefShallow","Palmyra","2015-04-20","Forereef","Shallow",5.88540042,-162.11748837,3.9,20,0,12.5,7.5,42.5,17.5,0,0,NA,1.03,0.922108440508383,3.4,2,1,44.6536483963413,0.885606968780306,15.2332751668699,3.33448811311445,64.107018645106,3.5196839340842,0,0,0,0,0,0,0,0,0,0,0,0,0,0,0,0,0.00282942121052258,0,0,0,0,0,0,0,0,0,0.0113176848420903,0,0,0,0,0,0,0,0,0,0,0,0,0,0,0,0,0,0,0,0,0,0,0,0,0,0,0,0,0,0,0,0,0,0,0,0,0,0,0,0,0,0,0,0,0,0,0,0,0,0,0,0,0,0,0,0,0,0,0,0,0,0,0,0,0,0,0,0,0,0,0,0,0,0,0,0,0,0,0,0,0,0,0,0,0,0,0,0,0,0.00565884242104517,0,0,0,0.00565884242104517,0,0,0,0,0,0,0,0,0,0,0,0,0,0,0,0,0,0,0,0,0,0,0,0,0,0,0,0,0,0,0,0,0,0,0,0,0,0,0,0,0,0,0,0,0,0,0,0,0,0.00848826363156775,0,0,0,0,0,0,0,0,0,0.00565884242104517,0,0.0113176848420903,0,0,0,0,0,0,0,0,0.0452707393683613,0,0,0,0,0,0.00282942121052258,0,0,0,0,0,0,0,0,0.0254647908947033,0,0,0,0,0,0,0,0,0,0,0,0,0,0,0,0,0,0,0,0,0,0,0,0,0,0,0,0,0,0.00282942121052258,0,0,0,0,0,0.0509295817894065,0,0,0,0,0.288600963473304,0,0,0,0,0,0,0,0,0,0,0,0,0,0,0,0,0,0,0,0,0,0,0,0,0.00848826363156775,0,0,0,0.00282942121052258,0,0,0,0,0,0,0.00282942121052258,0,0,0,0,0,0,0,0,0,0,0,0,0,0,0,0.0198059484736581,0,0,0,0,0,0,0,0,0,0,0,0,0,0,0,0,0,0,0,0,0,0,0,0,0,0,0,0,0,0,0,0,0,0,0,0,0,0,0,0,0,0,0,0,0,0,0,0,0,0,0,0,0,0,0,0,0,0,0,0.00565884242104517,0,0,0,0,0,0,0,0,0,0,0,0,0,0,0.00282942121052258,0,0.0113176848420903,0.00282942121052258,0.00282942121052258,0,0,0,0,0,0,0,0,0,0,0,0,0,0,0,0,0,0,0,0,0,0,0,0,0,0,0,0,0,0,0,0,0,0,0,0,0,0,0,0,0,0,0,0,0,0.00282942121052258,0,0,0,0,0,0,0,0,0,0,0,0,0,0,0,0,0,0,0,0,0,0,0,0,0,0,0,0,0,0,0,0,0,0,0,0,0,0,0,0.0509295817894065,0,0,0,0,0,0,0,0,0,0,0,0,0,0,0,0,0,0,0,0.00565884242104517,0,0,0,0,0,0,0,0,0,0,0,0,0,0.0141471060526129,0,0,0,0,0,0,0,0,0,0,0,0,0,0,0,0,0,0,0,0.00282942121052258,0,0.033953054526271,0,0,0,0,0,0,0,0,0,0,0,0,0,0,0,0,0,0,0,0,0,0,0,0,0,0,0,0,0,0,0,0,0,0,0,0,0,0,0,0,0,0,0,0,0,0,0,0,0.00565884242104517,0,0,0,0,0,0.00848826363156775,0,0,0,0,0,0,0,0,0,0,0,0,0,0,0,0,0,0,0,0,0,0,0,0,0,0.237671381683897,0,0,0,0.0565884242104517,0.223524275631284,0,0,0,0,0,0,0,0,0,0,0,0,0,0,0,0.00282942121052258,0,0,0,0.00282942121052258,0.0537590029999291,0.00565884242104517,0,0.033953054526271,0,0,0,0,0,0,0,0,0,0,0,0,0,0,0,0,0,0,0,0,0,0,0,0,0,0,0,0,0,0,0,0,0,0.217164151184016,0,0,0,0,0,0,0,0,0,0.307233035750375,0,0,0,0,0,0,0,0,0,0,0,0,0,0,0,0,0,0,0,0,0,0,0,0,0,0,0,0,0,0,0,0,0,0,0,0,0,0,0,0,0,0,0,0,0,0,0,0,0,0,0,0,0,0,0,0,0,0,0,0,0,0,0,0,0,0,0,0,0,0,0,0,0,0,0,0,0,0,0,0,0,0,0,0,0,0,0,0,0,2.6348285510297,0,0,0,0.0506087762480694,0,0,0,0,0,0,0,0,0,0,0,0,0,0,0,0,0,0,0,0,0,0,0,0,0,0,0,0,0,0,0,0,0,0,0,0,0,0,0,0,0,0,0,0,0,0,0,0,0,0.168783184444441,0,0,0,0,0,0,0,0,0,0.281988661853712,0,0.176031555894625,0,0,0,0,0,0,0,0,1.92572733063696,0,0,0,0,0,0.049682434402961,0,0,0,0,0,0,0,0,0.102671774922198,0,0,0,0,0,0,0,0,0,0,0,0,0,0,0,0,0,0,0,0,0,0,0,0,0,0,0,0,0,0.00198768022963827,0,0,0,0,0,1.46961100325092,0,0,0,0,0.386378423141374,0,0,0,0,0,0,0,0,0,0,0,0,0,0,0,0,0,0,0,0,0,0,0,0,0.344977987791319,0,0,0,0.0712349072441364,0,0,0,0,0,0,0.0870922202117894,0,0,0,0,0,0,0,0,0,0,0,0,0,0,0,0.114207296217887,0,0,0,0,0,0,0,0,0,0,0,0,0,0,0,0,0,0,0,0,0,0,0,0,0,0,0,0,0,0,0,0,0,0,0,0,0,0,0,0,0,0,0,0,0,0,0,0,0,0,0,0,0,0,0,0,0,0,0,0.0191061452630932,0,0,0,0,0,0,0,0,0,0,0,0,0,0,2.64816005849891,0,39.2123326593568,0.201314453420873,0.625046202678063,0,0,0,0,0,0,0,0,0,0,0,0,0,0,0,0,0,0,0,0,0,0,0,0,0,0,0,0,0,0,0,0,0,0,0,0,0,0,0,0,0,0,0,0,0,5.66988235339004,0,0,0,0,0,0,0,0,0,0,0,0,0,0,0,0,0,0,0,0,0,0,0,0,0,0,0,0,0,0,0,0,0,0,0,0,0,0,0,0.187077499300786,0,0,0,0,0,0,0,0,0,0,0,0,0,0,0,0,0,0,0,0.0412223956836206,0,0,0,0,0,0,0,0,0,0,0,0,0,0.0360711878901706,0,0,0,0,0,0,0,0,0,0,0,0,0,0,0,0,0,0,0,1.15644592315564,0,0.0368087893540514,0,0,0,0,0,0,0,0,0,0,0,0,0,0,0,0,0,0,0,0,0,0,0,0,0,0,0,0,0,0,0,0,0,0,0,0,0,0,0,0,0,0,0,0,0,0,0,0,0.582227315812382,0,0,0,0,0,0.82465178833407,0,0,0,0,0,0,0,0,0,0,0,0,0,0,0,0,0,0,0,0,0,0,0,0,0,0.789184427575927,0,0,0,0.237675442007813,2.97024436314896,0,0,0,0,0,0,0,0,0,0,0,0,0,0,0,0.00172028809599773,0,0,0,0.0198649785096162,0.33890031622095,0.0302256187757613,0,0.0886474641783989,0,0,0,0,0,0,0,0,0,0,0,0,0,0,0,0,0,0,0,0,0,0,0,0,0,0,0,0,"PAL-00528"
"738",8888,"nSPC",2015,"PRIAs","Pacific Remote Island Areas","Palmyra","Palmyra",2015,"ForereefShallow","Palmyra","2015-04-20","Forereef","Shallow",5.87720904,-162.11904489,4,5,0,20,3.5,31.5,2.5,0,37.5,NA,0.53,0.390972196830958,1.3,2,1,6.38417752664708,1.9458659660311,34.8574470569463,10.0535859543906,53.2410765040151,9.0867992955184,0,0,0,0,0,0,0,0,0.00282942121052258,0,0,0,0.033953054526271,0,0,0,0.00565884242104517,0,0,0,0,0,0,0,0,0,0.0169765272631355,0.00848826363156775,0,0,0,0,0,0,0,0,0,0,0,0,0,0,0,0,0,0,0,0,0,0,0,0,0,0,0,0,0,0,0,0,0,0,0,0,0,0,0,0,0,0,0,0,0,0,0,0,0.00282942121052258,0,0,0,0,0,0,0,0,0,0,0,0,0,0,0,0,0,0,0,0,0,0,0,0,0,0,0,0,0,0,0,0,0,0,0,0,0,0,0,0.00282942121052258,0,0,0,0.0537590029999291,0,0,0,0,0,0,0,0,0,0,0,0,0,0,0,0,0,0,0,0,0,0,0,0.00565884242104517,0,0,0,0,0,0,0,0,0,0.00565884242104517,0,0,0,0,0,0,0,0,0,0,0,0,0,0,0,0.0113176848420903,0.0367824757367936,0.0565884242104517,0,0,0,0,0,0,0,0,0,0,0,0,0,0,0,0,0,0,0.16410643021031,0,0,0,0,0,0.00282942121052258,0,0,0,0.0169765272631355,0,0,0,0,0,0,0,0,0,0,0,0,0,0,0,0,0,0,0,0,0,0,0,0,0,0,0,0,0,0,0,0,0,0,0,0,0,0,0,0,0.232012539262852,0,0,0,0,0,0,0,0,0,0,0,0,0,0,0,0,0,0,0,0,0,0,0,0,0,0,0,0,0,0.00282942121052258,0,0,0,0,0,0,0,0,0,0,0,0,0,0,0,0,0,0,0,0,0,0,0,0,0,0,0.00282942121052258,0,0,0,0,0,0,0,0,0,0,0,0,0,0,0,0,0,0,0,0,0,0,0,0,0,0,0,0,0,0,0,0,0,0,0,0,0,0,0,0,0,0,0,0,0,0,0,0,0,0,0,0,0,0,0,0,0,0,0,0.00282942121052258,0,0,0,0.00282942121052258,0,0,0,0,0,0,0,0,0,0,0,0,0.00282942121052258,0.00282942121052258,0.00282942121052258,0,0,0,0,0,0,0,0,0,0,0,0,0,0,0,0,0.00282942121052258,0,0,0,0,0,0,0,0,0,0,0,0,0,0,0,0,0,0,0,0,0,0,0,0,0,0,0,0,0,0,0,0,0,0,0,0,0,0,0,0,0,0,0,0,0,0,0,0,0,0,0,0,0,0,0,0,0,0,0,0,0,0,0,0,0.00282942121052258,0,0,0,0.0311236333157484,0,0,0,0,0,0,0,0,0,0,0,0,0,0,0.0226353696841807,0,0,0,0,0.0226353696841807,0,0,0,0,0,0,0,0,0,0,0,0,0,0,0,0,0,0,0,0,0,0,0,0,0,0,0,0,0,0,0,0,0,0,0,0.00282942121052258,0,0,0,0,0,0,0,0,0,0.00565884242104517,0,0,0,0,0,0,0,0,0,0,0,0,0,0,0,0,0,0,0,0,0,0,0,0,0,0,0,0,0,0,0,0,0,0,0,0,0,0,0.00565884242104517,0,0,0,0,0,0.0141471060526129,0,0,0.00565884242104517,0,0,0,0,0,0,0,0,0,0,0,0,0,0,0,0,0,0,0,0,0,0,0,0,0,0,0,0.0962003211577679,0,0,0,0,0,0,0,0,0,0,0,0,0,0,0,0.0905414787367227,0,0,0,0.0452707393683613,0.0424413181578388,0,0,0.00282942121052258,0,0,0,0,0,0,0,0,0,0,0,0,0,0,0.00282942121052258,0.00565884242104517,0,0,0,0,0,0,0,0,0,0.765217080819213,0,0,0,4.12134935870157,0,0,0,0.305629339750305,0,0,0,0,0,0,0,0,0,0.400020434791529,2.30776887194143,0,0,0,0,0,0,0,0,0,0,0,0,0,0,0,0,0,0,0,0,0,0,0,0,0,0,0,0,0,0,0,0,0,0,0,0,0,0,0,0,0,0,0,0,0,0,0,0,0.194296347802044,0,0,0,0,0,0,0,0,0,0,0,0,0,0,0,0,0,0,0,0,0,0,0,0,0,0,0,0,0,0,0,0,0,0,0,0,0,0,0,2.78351903752502,0,0,0,0.458899599177252,0,0,0,0,0,0,0,0,0,0,0,0,0,0,0,0,0,0,0,0,0,0,0,0.399942920496372,0,0,0,0,0,0,0,0,0,0.617208634828185,0,0,0,0,0,0,0,0,0,0,0,0,0,0,0,0.203232528046707,3.78529161805077,0.112856557939872,0,0,0,0,0,0,0,0,0,0,0,0,0,0,0,0,0,0,5.0597787979796,0,0,0,0,0,0.116722873863301,0,0,0,1.06858146746129,0,0,0,0,0,0,0,0,0,0,0,0,0,0,0,0,0,0,0,0,0,0,0,0,0,0,0,0,0,0,0,0,0,0,0,0,0,0,0,0,14.0448924039447,0,0,0,0,0,0,0,0,0,0,0,0,0,0,0,0,0,0,0,0,0,0,0,0,0,0,0,0,0,0.0987593485969018,0,0,0,0,0,0,0,0,0,0,0,0,0,0,0,0,0,0,0,0,0,0,0,0,0,0,0.00534136646040863,0,0,0,0,0,0,0,0,0,0,0,0,0,0,0,0,0,0,0,0,0,0,0,0,0,0,0,0,0,0,0,0,0,0,0,0,0,0,0,0,0,0,0,0,0,0,0,0,0,0,0,0,0,0,0,0,0,0,0,0.0054076140822457,0,0,0,0.00133124451352279,0,0,0,0,0,0,0,0,0,0,0,0,3.60065848912206,0.95449345095684,0.418528844675151,0,0,0,0,0,0,0,0,0,0,0,0,0,0,0,0,1.33019287730988,0,0,0,0,0,0,0,0,0,0,0,0,0,0,0,0,0,0,0,0,0,0,0,0,0,0,0,0,0,0,0,0,0,0,0,0,0,0,0,0,0,0,0,0,0,0,0,0,0,0,0,0,0,0,0,0,0,0,0,0,0,0,0,0,0.540032429996591,0,0,0,0.550989970927741,0,0,0,0,0,0,0,0,0,0,0,0,0,0,0.202829777663625,0,0,0,0,0.0748427980205268,0,0,0,0,0,0,0,0,0,0,0,0,0,0,0,0,0,0,0,0,0,0,0,0,0,0,0,0,0,0,0,0,0,0,0,0.0102062881905971,0,0,0,0,0,0,0,0,0,0.00620709850463286,0,0,0,0,0,0,0,0,0,0,0,0,0,0,0,0,0,0,0,0,0,0,0,0,0,0,0,0,0,0,0,0,0,0,0,0,0,0,2.21002833762564,0,0,0,0,0,0.92589979693141,0,0,0.340102392054018,0,0,0,0,0,0,0,0,0,0,0,0,0,0,0,0,0,0,0,0,0,0,0,0,0,0,0,3.00984301155181,0,0,0,0,0,0,0,0,0,0,0,0,0,0,0,0.1516272679613,0,0,0,0.684006808559011,0.99737533157092,0,0,0.0201364248710471,0,0,0,0,0,0,0,0,0,0,0,0,0,0,0.136702515878858,0.220325144871177,0,0,0,0,0,0,0,0,0,0,0,0,"PAL-00533"
"739",8896,"nSPC",2015,"PRIAs","Pacific Remote Island Areas","Palmyra","Palmyra",2015,"ForereefDeep","Palmyra","2015-04-20","Forereef","Deep",5.87652222,-162.14960086,21.8,20,7.5,6.5,11.5,50.5,4,0,0,NA,0.3725,0.229063286269402,0.95,2,1,18.4514712680035,1.27864685442585,10.6715840745044,6.2724191633761,36.6741213603099,6.29558246474865,0,0,0,0,0,0,0,0,0,0,0,0,0,0,0,0,0.0311236333157484,0,0,0,0,0,0,0,0,0,0,0,0,0,0,0,0,0,0,0,0,0,0,0,0,0,0,0,0,0,0,0,0,0,0,0,0,0,0,0,0,0,0,0,0,0,0,0,0,0,0,0,0,0,0,0,0,0,0,0,0.00282942121052258,0,0,0,0,0,0,0,0,0,0.00282942121052258,0,0,0,0,0,0,0,0,0,0,0,0,0,0,0,0,0,0,0,0,0,0,0,0,0,0,0,0,0,0.00565884242104517,0,0,0,0.0367824757367936,0,0,0,0,0.00565884242104517,0,0,0,0,0,0,0,0,0,0,0.00848826363156775,0,0,0,0,0,0,0,0,0,0,0,0,0,0,0,0,0,0,0,0,0,0,0,0,0,0,0,0,0,0,0,0,0,0,0.00565884242104517,0.0481001605788839,0,0,0,0,0,0,0,0.00565884242104517,0,0,0,0,0,0,0.00565884242104517,0,0,0,0.0169765272631355,0,0,0,0,0.00282942121052258,0,0,0,0,0,0,0.452707393683613,0,0,0,0,0.0565884242104517,0.00848826363156775,0,0,0,0,0,0,0,0,0,0,0,0,0,0,0,0,0,0,0,0,0,0,0,0,0,0,0,0.0594178454209743,0,0,0.0141471060526129,0,0,0,0,0,0,0,0,0,0,0,0,0,0,0,0,0,0,0,0,0,0,0,0,0,0,0,0,0,0,0,0.00282942121052258,0,0,0,0,0,0,0,0,0,0,0,0,0,0,0,0,0,0,0,0,0,0,0,0,0,0,0.00282942121052258,0,0,0,0,0,0,0,0,0,0,0,0,0,0,0,0,0,0,0,0,0,0,0,0,0,0.00848826363156775,0,0,0,0,0,0,0,0,0,0,0,0,0,0,0,0,0,0,0,0,0,0,0,0,0,0,0,0,0,0,0,0,0,0.00282942121052258,0,0,0,0.00282942121052258,0,0,0,0,0,0,0,0,0,0,0,0,0.0169765272631355,0,0.00282942121052258,0,0,0,0,0,0,0,0,0,0,0,0,0,0,0,0,0,0,0,0,0,0,0,0,0,0,0,0,0,0,0,0,0,0,0,0,0,0,0,0,0,0,0,0,0,0,0,0,0,0,0,0,0,0,0,0,0,0,0,0,0,0,0,0,0,0,0,0,0,0.00282942121052258,0.00282942121052258,0,0,0,0,0,0.00282942121052258,0,0,0,0,0,0,0,0,0,0,0,0,0,0,0,0,0,0,0,0,0,0,0,0.00282942121052258,0,0,0,0,0.0565884242104517,0,0,0,0,0,0,0,0,0,0,0,0,0,0,0,0.00282942121052258,0,0,0,0,0,0,0,0,0,0,0,0,0,0,0,0,0,0,0,0.00282942121052258,0,0,0,0,0.0198059484736581,0.0594178454209743,0,0,0,0,0,0,0,0,0,0,0,0,0,0,0,0,0,0,0,0,0,0,0,0,0,0,0,0,0,0,0,0,0,0,0,0,0,0,0,0,0,0,0,0,0,0,0,0,0,0,0,0,0.00282942121052258,0,0,0,0,0,0,0,0,0,0,0,0,0,0,0,0,0,0,0,0,0,0,0.0141471060526129,0,0,0,0,0,0,0,0,0,0,0,0,0,0,0,0,0,0,0,0.0650766878420194,0,0,0,0,0,0,0,0.0198059484736581,0,0,0,0,0,0,0.00282942121052258,0,0.00282942121052258,0,0,0,0.00282942121052258,0,0,0,0,0,0,0,0,0,0,0,0,0,0,0,0,0,0,0,0,1.56386015096927,0,0,0,0,0,0,0,0,0,0,0,0,0,0,0,0,0,0,0,0,0,0,0,0,0,0,0,0,0,0,0,0,0,0,0,0,0,0,0,0,0,0,0,0,0,0,0,0,0,0,0,0,0,0,0,0,0,0,0,0.387383452121338,0,0,0,0,0,0,0,0,0,0.88632976934183,0,0,0,0,0,0,0,0,0,0,0,0,0,0,0,0,0,0,0,0,0,0,0,0,0,0,0,0,0,2.78960832275831,0,0,0,0.153024888998373,0,0,0,0,0.0123487502148051,0,0,0,0,0,0,0,0,0,0,0.838172495270157,0,0,0,0,0,0,0,0,0,0,0,0,0,0,0,0,0,0,0,0,0,0,0,0,0,0,0,0,0,0,0,0,0,0,0.358222584828211,0.0794229851478531,0,0,0,0,0,0,0,0.54947018315172,0,0,0,0,0,0,0.358222584828211,0,0,0,3.86481137126748,0,0,0,0,0.221812025689268,0,0,0,0,0,0,0.639471828947788,0,0,0,0,0.378251191733899,0.00473144121330186,0,0,0,0,0,0,0,0,0,0,0,0,0,0,0,0,0,0,0,0,0,0,0,0,0,0,0,1.5405501798095,0,0,1.01249842816078,0,0,0,0,0,0,0,0,0,0,0,0,0,0,0,0,0,0,0,0,0,0,0,0,0,0,0,0,0,0,0,0.225701375147013,0,0,0,0,0,0,0,0,0,0,0,0,0,0,0,0,0,0,0,0,0,0,0,0,0,0,0.0190250326598301,0,0,0,0,0,0,0,0,0,0,0,0,0,0,0,0,0,0,0,0,0,0,0,0,0,0.0118162288593844,0,0,0,0,0,0,0,0,0,0,0,0,0,0,0,0,0,0,0,0,0,0,0,0,0,0,0,0,0,0,0,0,0,0.00889828028477043,0,0,0,0.0048155202490365,0,0,0,0,0,0,0,0,0,0,0,0,12.563968160795,0,1.79635329765482,0,0,0,0,0,0,0,0,0,0,0,0,0,0,0,0,0,0,0,0,0,0,0,0,0,0,0,0,0,0,0,0,0,0,0,0,0,0,0,0,0,0,0,0,0,0,0,0,0,0,0,0,0,0,0,0,0,0,0,0,0,0,0,0,0,0,0,0,0,0.234786984819254,0.00713957735872033,0,0,0,0,0,0.0310176353076178,0,0,0,0,0,0,0,0,0,0,0,0,0,0,0,0,0,0,0,0,0,0,0,0.00354079769381063,0,0,0,0,0.155021376132958,0,0,0,0,0,0,0,0,0,0,0,0,0,0,0,0.831523886570187,0,0,0,0,0,0,0,0,0,0,0,0,0,0,0,0,0,0,0,0.00302408538980654,0,0,0,0,0.0753460994170691,0.155238926681532,0,0,0,0,0,0,0,0,0,0,0,0,0,0,0,0,0,0,0,0,0,0,0,0,0,0,0,0,0,0,0,0,0,0,0,0,0,0,0,0,0,0,0,0,0,0,0,0,0,0,0,0,2.43077109348117,0,0,0,0,0,0,0,0,0,0,0,0,0,0,0,0,0,0,0,0,0,0,0.0937192116030341,0,0,0,0,0,0,0,0,0,0,0,0,0,0,0,0,0,0,0,0.0215304807014716,0,0,0,0,0,0,0,0.0307945716289646,0,0,0,0,0,0,1.99391766905318,0,0.00486490355185992,0,0,0,0.333113530817294,0,0,0,0,61.71430107,68.63010123,79.09960135,71.23040119,55.69570098,58.27800106,60.85030106,64.95770111,65.23840121,70.61960127,46.93310081,"PAL-00438"
"740",8897,"nSPC",2015,"PRIAs","Pacific Remote Island Areas","Palmyra","Palmyra",2015,"ForereefDeep","Palmyra","2015-04-20","Forereef","Deep",5.88074,-162.15143289,20.1,17.5,8.5,1,10,61,2,0,0,NA,0.2725,0.227113895390101,0.75,2,1,10.9635300530939,4.97087125008587,7.14798999288965,9.49586082582984,32.5782521218992,3.46667014296852,0,0,0,0,0,0,0,0,0,0,0,0,0,0,0,0,0.00848826363156775,0,0,0,0,0,0,0,0,0.0141471060526129,0,0,0,0,0,0,0,0,0,0,0,0,0,0,0,0,0,0,0,0,0,0,0,0,0,0,0,0,0,0,0,0,0,0,0,0,0,0,0,0.00282942121052258,0,0,0,0,0,0,0,0,0,0,0.00565884242104517,0,0,0,0,0,0,0.00282942121052258,0,0,0.00282942121052258,0,0,0,0,0,0,0,0,0,0,0,0,0,0,0,0,0,0,0,0,0,0,0,0,0,0,0,0,0,0.00848826363156775,0,0,0,0.0254647908947033,0,0,0,0,0,0,0,0,0,0,0,0,0,0,0,0.0113176848420903,0,0,0,0,0,0,0,0,0,0,0,0,0,0,0,0,0,0,0,0,0,0,0,0,0,0,0,0,0,0,0,0,0,0,0,0.0594178454209743,0,0,0,0,0,0,0,0,0,0,0,0,0,0,0,0,0,0,0.0113176848420903,0,0,0,0,0.00282942121052258,0,0,0,0,0,0,0.497978133051975,0,0,0,0,0.0141471060526129,0,0,0,0,0,0,0,0,0,0,0,0,0,0,0,0,0,0,0,0,0,0,0,0,0,0,0,0,0.033953054526271,0,0.00282942121052258,0.00848826363156775,0,0,0,0,0,0,0,0.00282942121052258,0,0,0,0,0,0,0,0,0,0,0,0,0,0,0,0,0,0,0,0,0,0,0,0.00282942121052258,0,0,0,0,0,0,0,0,0,0,0,0,0,0,0,0,0,0,0,0,0,0,0,0,0,0,0.00282942121052258,0,0,0,0,0,0,0,0,0,0,0,0,0,0,0,0,0,0,0,0,0,0,0,0,0,0.00848826363156775,0,0,0,0,0,0,0,0,0.00282942121052258,0,0,0,0,0,0,0,0,0,0,0,0,0,0,0,0,0,0,0,0,0,0,0,0,0.00848826363156775,0,0,0,0,0,0,0,0,0,0,0,0,0,0,0,0,0.00848826363156775,0,0.00282942121052258,0,0,0,0,0,0,0,0,0,0,0,0,0,0,0,0,0,0,0,0,0,0,0,0,0,0,0,0,0,0,0,0,0,0,0,0,0.0113176848420903,0,0,0,0,0,0,0,0,0,0,0,0,0,0,0,0,0,0,0,0,0,0,0,0,0,0,0,0,0,0,0,0,0.00282942121052258,0,0,0,0,0,0,0,0,0,0,0,0.00282942121052258,0,0,0,0,0,0,0,0,0,0,0,0,0,0,0,0,0,0,0.00565884242104517,0,0,0,0,0.0282942121052258,0,0,0,0,0,0,0,0,0,0,0,0,0,0,0,0,0,0,0,0,0,0,0,0,0,0,0,0,0,0,0,0,0,0.00282942121052258,0,0.00282942121052258,0,0,0,0,0.0254647908947033,0.0594178454209743,0,0,0,0,0,0,0,0,0,0,0,0,0,0,0,0,0,0,0,0,0,0,0,0,0,0,0,0,0,0,0,0,0,0,0,0,0,0,0,0,0,0,0,0,0,0,0,0,0,0,0,0,0.00282942121052258,0,0,0,0,0,0,0,0,0,0,0,0,0,0,0,0,0,0,0,0,0,0,0.0141471060526129,0,0,0,0,0,0,0,0,0,0,0,0,0,0,0,0,0,0,0,0.0311236333157484,0,0,0,0,0,0,0,0.0141471060526129,0,0,0,0,0,0,0,0,0,0,0,0,0,0,0,0,0,0,0,0,0,0,0,0,0,0,0,0,0,0,0,0,0,0.542528304741297,0,0,0,0,0,0,0,0,0.756711726227002,0,0,0,0,0,0,0,0,0,0,0,0,0,0,0,0,0,0,0,0,0,0,0,0,0,0,0,0,0,0,0,0,0,0,0,0,0,0,0,0.164745453008912,0,0,0,0,0,0,0,0,0,0,0.884514223941237,0,0,0,0,0,0,0.155725906230731,0,0,0.389162927965207,0,0,0,0,0,0,0,0,0,0,0,0,0,0,0,0,0,0,0,0,0,0,0,0,0,0,0,0,0,0.938241011689193,0,0,0,0.111750048060271,0,0,0,0,0,0,0,0,0,0,0,0,0,0,0,0.739436629062133,0,0,0,0,0,0,0,0,0,0,0,0,0,0,0,0,0,0,0,0,0,0,0,0,0,0,0,0,0,0,0,0,0,0,0,0.133734291168076,0,0,0,0,0,0,0,0,0,0,0,0,0,0,0,0,0,0,1.96142756610381,0,0,0,0,0.43901399551134,0,0,0,0,0,0,1.00037921734024,0,0,0,0,0.0899952458499741,0,0,0,0,0,0,0,0,0,0,0,0,0,0,0,0,0,0,0,0,0,0,0,0,0,0,0,0,1.32681490235413,0,0.233181399909626,1.3911102412242,0,0,0,0,0,0,0,0.0154426967677921,0,0,0,0,0,0,0,0,0,0,0,0,0,0,0,0,0,0,0,0,0,0,0,0.49949091960579,0,0,0,0,0,0,0,0,0,0,0,0,0,0,0,0,0,0,0,0,0,0,0,0,0,0,0.0347730779455959,0,0,0,0,0,0,0,0,0,0,0,0,0,0,0,0,0,0,0,0,0,0,0,0,0,0.0305189860030597,0,0,0,0,0,0,0,0,0.163292971612285,0,0,0,0,0,0,0,0,0,0,0,0,0,0,0,0,0,0,0,0,0,0,0,0,0.0232041746517866,0,0,0,0,0,0,0,0,0,0,0,0,0,0,0,0,8.77699594697406,0,0.795755817679698,0,0,0,0,0,0,0,0,0,0,0,0,0,0,0,0,0,0,0,0,0,0,0,0,0,0,0,0,0,0,0,0,0,0,0,0,2.66637218029543,0,0,0,0,0,0,0,0,0,0,0,0,0,0,0,0,0,0,0,0,0,0,0,0,0,0,0,0,0,0,0,0,0.508856465368495,0,0,0,0,0,0,0,0,0,0,0,0.168410588356291,0,0,0,0,0,0,0,0,0,0,0,0,0,0,0,0,0,0,0.0156076608302934,0,0,0,0,0.0989011006787184,0,0,0,0,0,0,0,0,0,0,0,0,0,0,0,0,0,0,0,0,0,0,0,0,0,0,0,0,0,0,0,0,0,5.49245015543763,0,0.00590641677696589,0,0,0,0,0.0878996249896552,0.28931272338138,0,0,0,0,0,0,0,0,0,0,0,0,0,0,0,0,0,0,0,0,0,0,0,0,0,0,0,0,0,0,0,0,0,0,0,0,0,0,0,0,0,0,0,0,0,0,0,0,0,0,0,0,1.50524257686471,0,0,0,0,0,0,0,0,0,0,0,0,0,0,0,0,0,0,0,0,0,0,0.0759349536316076,0,0,0,0,0,0,0,0,0,0,0,0,0,0,0,0,0,0,0,0.018923169055975,0,0,0,0,0,0,0,0.0464868246046439,0,0,0,0,0,0,0,0,0,0,0,0,0,0,0,0,0,61.53980107,68.94560123,79.14210135,71.58180119,55.69490098,56.29650103,58.54780102,64.4988011,64.19140119,69.81870126,46.92300081,"PAL-00471"
"741",8898,"nSPC",2015,"PRIAs","Pacific Remote Island Areas","Palmyra","Palmyra",2015,"ForereefDeep","Palmyra","2015-04-20","Forereef","Deep",5.88428345,-162.1509159,25.65,30,12.5,7.5,9,31,10,0,0,NA,0.57,0.341611810315518,1.25,2,1,27.4209954096053,5.47343655797477,7.46681068364569,8.87312664866865,49.2343692998945,2.98856122215051,0,0,0,0,0,0,0,0,0.00282942121052258,0,0,0,0,0,0,0,0.0169765272631355,0,0,0,0,0,0.00282942121052258,0,0,0.0113176848420903,0,0.00282942121052258,0,0,0.00565884242104517,0,0,0,0,0,0,0,0,0,0,0,0,0,0,0,0,0,0,0,0.00282942121052258,0,0,0,0,0,0.033953054526271,0,0,0,0,0,0,0,0,0.00282942121052258,0,0,0,0,0,0,0,0,0,0,0.00565884242104517,0,0,0,0,0,0,0.00565884242104517,0,0,0,0,0,0,0,0,0,0,0,0,0,0,0,0,0,0,0,0,0,0,0,0,0,0,0,0,0,0,0,0,0.00565884242104517,0,0,0,0.0169765272631355,0,0,0,0,0,0,0,0,0,0,0,0,0,0,0,0.00565884242104517,0,0,0,0,0,0,0,0,0,0,0,0,0,0,0,0,0,0,0,0,0,0,0,0,0,0,0,0,0,0,0,0,0,0,0.00565884242104517,0.452707393683613,0,0,0,0,0,0,0,0.00282942121052258,0,0,0,0.00565884242104517,0.00565884242104517,0,0,0,0,0,0.0113176848420903,0,0,0,0,0.00282942121052258,0.00282942121052258,0,0,0,0,0,0.138641639315607,0,0,0,0,0.0622472666314969,0,0,0,0,0,0,0,0,0,0,0,0,0,0,0,0,0,0,0,0,0,0,0,0,0,0,0,0,0.0537590029999291,0,0,0,0,0,0,0,0,0,0,0,0,0,0,0,0,0,0,0,0,0,0,0,0,0,0,0,0,0,0,0,0,0,0,0.00848826363156775,0,0,0,0,0,0,0,0,0,0,0,0,0,0,0,0,0,0,0,0,0,0,0,0,0,0,0,0,0,0,0,0,0,0,0,0,0,0,0,0,0,0,0,0,0,0,0,0,0,0,0,0,0.00848826363156775,0,0,0,0,0,0,0,0,0,0,0,0,0,0,0,0,0,0,0,0,0,0,0,0,0,0,0,0,0,0,0,0,0.00282942121052258,0.00282942121052258,0,0,0,0,0,0,0,0,0,0,0,0,0,0,0,0,0.0113176848420903,0,0.00565884242104517,0,0,0,0,0,0,0,0,0,0,0,0,0,0,0,0,0,0,0,0,0,0,0,0,0,0,0,0.00282942121052258,0,0,0,0,0,0,0,0,0,0,0,0,0,0,0,0,0,0,0.00282942121052258,0,0,0,0,0,0,0,0,0,0,0,0,0,0,0,0,0,0,0,0,0,0,0,0,0,0,0,0,0,0,0,0,0,0,0,0,0,0,0,0,0,0,0,0,0,0,0,0,0,0,0,0,0,0.00282942121052258,0,0,0,0,0.0198059484736581,0,0,0,0,0,0,0,0,0,0,0,0,0,0,0,0,0,0,0,0,0,0,0,0,0,0,0,0,0,0,0,0,0,0,0,0,0,0,0,0,0.0198059484736581,0.0311236333157484,0,0,0,0,0,0,0,0,0,0,0,0,0,0,0,0,0,0,0,0,0,0,0,0,0,0,0,0,0,0,0,0,0,0,0,0,0,0,0,0,0,0,0,0,0,0,0,0,0,0,0,0,0,0,0,0,0,0.00282942121052258,0,0,0,0,0,0,0,0,0,0,0,0,0,0,0,0,0,0,0,0,0,0,0,0,0,0,0,0,0,0,0,0,0,0,0,0,0,0,0,0,0,0,0,0,0,0,0,0,0,0,0,0,0.00282942121052258,0,0,0,0,0,0.00848826363156775,0,0,0,0,0,0,0,0,0,0,0,0,0.765217080819213,0,0,0,0,0,0,0,1.15179100485737,0,0,0,0,0,0.139750772430131,0,0,0.533421160787707,0,1.04044960778661,0,0,1.08678747757263,0,0,0,0,0,0,0,0,0,0,0,0,0,0,0,0,0,0,0,0.041592491794682,0,0,0,0,0,8.38792811131081,0,0,0,0,0,0,0,0,0.204882759234707,0,0,0,0,0,0,0,0,0,0,1.1648575987934,0,0,0,0,0,0,0.196157108510595,0,0,0,0,0,0,0,0,0,0,0,0,0,0,0,0,0,0,0,0,0,0,0,0,0,0,0,0,0,0,0,0,2.62471391845243,0,0,0,0.0461387202386537,0,0,0,0,0,0,0,0,0,0,0,0,0,0,0,0.39858092106148,0,0,0,0,0,0,0,0,0,0,0,0,0,0,0,0,0,0,0,0,0,0,0,0,0,0,0,0,0,0,0,0,0,0,0.358222584828211,1.00519715577752,0,0,0,0,0,0,0,0.179111292414106,0,0,0,0.119323859908858,0.0822976010025655,0,0,0,0,0,2.03707327554355,0,0,0,0,0.267016246208585,0.116722873863301,0,0,0,0,0,0.22892507483793,0,0,0,0,0.336101748565778,0,0,0,0,0,0,0,0,0,0,0,0,0,0,0,0,0,0,0,0,0,0,0,0,0,0,0,0,1.3349022753632,0,0,0,0,0,0,0,0,0,0,0,0,0,0,0,0,0,0,0,0,0,0,0,0,0,0,0,0,0,0,0,0,0,0,1.10446549512344,0,0,0,0,0,0,0,0,0,0,0,0,0,0,0,0,0,0,0,0,0,0,0,0,0,0,0,0,0,0,0,0,0,0,0,0,0,0,0,0,0,0,0,0,0,0,0,0,0,0,0,0,0.0186651258415754,0,0,0,0,0,0,0,0,0,0,0,0,0,0,0,0,0,0,0,0,0,0,0,0,0,0,0,0,0,0,0,0,0.0119901315272546,0.0136985311808475,0,0,0,0,0,0,0,0,0,0,0,0,0,0,0,0,14.0158547897275,0,2.98706888055032,0,0,0,0,0,0,0,0,0,0,0,0,0,0,0,0,0,0,0,0,0,0,0,0,0,0,0,0.269602090424063,0,0,0,0,0,0,0,0,0,0,0,0,0,0,0,0,0,0,3.00449948419392,0,0,0,0,0,0,0,0,0,0,0,0,0,0,0,0,0,0,0,0,0,0,0,0,0,0,0,0,0,0,0,0,0,0,0,0,0,0,0,0,0,0,0,0,0,0,0,0,0,0,0,0,0,0.0144052111636416,0,0,0,0,0.0503646655298814,0,0,0,0,0,0,0,0,0,0,0,0,0,0,0,0,0,0,0,0,0,0,0,0,0,0,0,0,0,0,0,0,0,0,0,0,0,0,0,0,0.0634693929091301,0.0956898433878507,0,0,0,0,0,0,0,0,0,0,0,0,0,0,0,0,0,0,0,0,0,0,0,0,0,0,0,0,0,0,0,0,0,0,0,0,0,0,0,0,0,0,0,0,0,0,0,0,0,0,0,0,0,0,0,0,0,0.951487946606965,0,0,0,0,0,0,0,0,0,0,0,0,0,0,0,0,0,0,0,0,0,0,0,0,0,0,0,0,0,0,0,0,0,0,0,0,0,0,0,0,0,0,0,0,0,0,0,0,0,0,0,0,1.99391766905318,0,0,0,0,0,0.792027320710917,0,0,0,0,59.59880104,66.7442012,74.98430129,68.18940112,54.98080097,53.93890099,55.53340098,62.48890107,60.23160112,67.68030122,44.71100077,"PAL-00474"
"742",8899,"nSPC",2015,"PRIAs","Pacific Remote Island Areas","Palmyra","Palmyra",2015,"ForereefDeep","Palmyra","2015-04-20","Forereef","Deep",5.88652066,-162.15602852,18.9,22.5,20,2.5,7.5,45,2.5,0,0,NA,0.4175,0.282509520379354,1.1,2,1,22.5000390298301,4.6417984095186,7.32599819591606,8.76244355481898,43.2302791900838,3.49814594299068,0,0,0,0,0,0,0,0,0,0,0,0,0,0,0,0,0.0226353696841807,0,0,0,0,0,0,0,0,0.033953054526271,0,0,0,0,0,0,0,0,0,0,0,0,0,0,0,0,0,0,0,0,0,0,0,0,0,0,0,0,0,0,0,0,0,0,0,0,0,0,0,0,0,0,0,0,0,0,0,0,0,0,0.00565884242104517,0,0,0,0,0,0,0.00282942121052258,0,0,0,0,0,0,0,0,0,0,0,0,0,0,0,0,0,0,0,0,0,0,0,0,0,0,0,0,0,0,0,0,0.0113176848420903,0,0,0,0.0198059484736581,0,0,0,0,0,0,0,0,0,0,0,0,0,0,0,0.00282942121052258,0,0.0282942121052258,0,0,0,0,0,0,0,0,0,0,0,0,0,0,0,0,0,0,0,0,0,0,0,0,0,0,0,0,0,0,0,0.00282942121052258,0.00848826363156775,0.0735649514735872,0,0,0,0,0,0,0,0.00565884242104517,0,0,0,0,0,0,0.0113176848420903,0,0,0,0.0113176848420903,0,0,0,0,0.00282942121052258,0,0,0,0,0,0,0.565884242104517,0,0,0,0,0.0311236333157484,0,0,0,0,0,0,0,0,0,0,0,0,0,0,0,0,0,0,0.00282942121052258,0,0,0,0,0,0,0,0,0,0.0226353696841807,0,0,0.00565884242104517,0,0,0,0,0,0,0,0,0,0,0,0,0,0,0,0,0,0,0,0,0,0,0,0,0,0,0,0,0,0,0,0.00565884242104517,0,0,0,0,0,0,0,0,0,0,0,0,0,0,0,0,0,0,0,0,0,0,0,0,0,0,0.00282942121052258,0,0.00282942121052258,0,0,0,0,0,0,0,0,0,0,0,0,0,0,0,0,0,0.00282942121052258,0,0,0,0,0,0.0141471060526129,0,0,0,0,0,0,0,0,0.00282942121052258,0,0,0,0,0,0,0,0,0,0,0,0,0,0,0,0,0,0,0,0,0,0,0,0,0,0,0,0,0.00282942121052258,0,0,0,0,0,0,0,0,0,0,0,0,0.0169765272631355,0,0.00282942121052258,0,0,0,0,0,0,0,0,0,0,0,0,0,0,0,0,0,0,0,0,0,0,0,0,0,0,0,0,0,0,0,0,0,0,0,0,0.00565884242104517,0,0,0,0,0,0,0,0,0,0,0,0,0,0,0,0,0,0,0,0,0,0,0,0,0,0,0,0,0,0,0,0,0,0.00282942121052258,0,0,0,0,0,0.00565884242104517,0,0,0,0,0,0,0,0,0,0,0,0,0,0,0,0,0,0,0,0,0,0,0,0.0113176848420903,0,0,0,0,0.0226353696841807,0,0,0,0,0,0,0,0,0,0,0,0,0,0,0,0,0,0,0,0,0,0,0,0,0,0,0,0,0,0,0,0,0,0,0,0,0,0,0,0,0.0169765272631355,0.107518005999858,0,0,0,0,0,0,0,0,0,0,0,0,0,0,0,0,0,0,0,0,0,0,0,0,0,0,0,0,0,0,0,0,0.00282942121052258,0,0,0,0,0,0,0,0,0,0,0,0,0,0,0,0,0,0,0,0,0,0,0,0,0.00282942121052258,0,0,0,0,0,0,0,0,0,0,0,0,0,0,0,0,0,0.00282942121052258,0,0,0,0,0,0,0,0,0,0,0,0,0,0,0,0,0,0,0,0.00565884242104517,0,0,0,0,0,0,0,0.0113176848420903,0,0,0,0,0,0,0.00282942121052258,0,0,0,0,0,0.00282942121052258,0,0,0,0,0,0,0,0,0,0,0,0,0,0,0,0,0,0,0,0,1.97729146327624,0,0,0,0,0,0,0,0,0.421126525900245,0,0,0,0,0,0,0,0,0,0,0,0,0,0,0,0,0,0,0,0,0,0,0,0,0,0,0,0,0,0,0,0,0,0,0,0,0,0,0,0,0,0,0,0,0,0,0,0,0,0,0.56058411963295,0,0,0,0,0,0,0.0980785542552974,0,0,0,0,0,0,0,0,0,0,0,0,0,0,0,0,0,0,0,0,0,0,0,0,0,0,0,0,0,0,0,0,2.53642873492978,0,0,0,0.0793420982870533,0,0,0,0,0,0,0,0,0,0,0,0,0,0,0,0.164507521585897,0,0.0467194030281489,0,0,0,0,0,0,0,0,0,0,0,0,0,0,0,0,0,0,0,0,0,0,0,0,0,0,0,0,0,0,0,0.0817502926299197,0.941136643409538,0.214982252996716,0,0,0,0,0,0,0,0.666401551833678,0,0,0,0,0,0,0.563977323707424,0,0,0,2.15446307761389,0,0,0,0,0.221812025689268,0,0,0,0,0,0,1.157035215619,0,0,0,0,0.318250006252078,0,0,0,0,0,0,0,0,0,0,0,0,0,0,0,0,0,0,1.07058249271299,0,0,0,0,0,0,0,0,0,0.888046228624717,0,0,0.87247810229546,0,0,0,0,0,0,0,0,0,0,0,0,0,0,0,0,0,0,0,0,0,0,0,0,0,0,0,0,0,0,0,0.725192294752804,0,0,0,0,0,0,0,0,0,0,0,0,0,0,0,0,0,0,0,0,0,0,0,0,0,0,0.0449898691751003,0,0.864271271031891,0,0,0,0,0,0,0,0,0,0,0,0,0,0,0,0,0,0.236265071445519,0,0,0,0,0,0.0660805664875128,0,0,0,0,0,0,0,0,0.515183277548921,0,0,0,0,0,0,0,0,0,0,0,0,0,0,0,0,0,0,0,0,0,0,0,0,0,0,0,0,0.0027012170491327,0,0,0,0,0,0,0,0,0,0,0,0,14.8464879737675,0,0.891937968403649,0,0,0,0,0,0,0,0,0,0,0,0,0,0,0,0,0,0,0,0,0,0,0,0,0,0,0,0,0,0,0,0,0,0,0,0,2.07049745518402,0,0,0,0,0,0,0,0,0,0,0,0,0,0,0,0,0,0,0,0,0,0,0,0,0,0,0,0,0,0,0,0,0,0.0204346147065911,0,0,0,0,0,0.124598135842637,0,0,0,0,0,0,0,0,0,0,0,0,0,0,0,0,0,0,0,0,0,0,0,0.0763505679245451,0,0,0,0,0.0641475917144071,0,0,0,0,0,0,0,0,0,0,0,0,0,0,0,0,0,0,0,0,0,0,0,0,0,0,0,0,0,0,0,0,0,0,0,0,0,0,0,0,0.0662970030849061,0.409746974346396,0,0,0,0,0,0,0,0,0,0,0,0,0,0,0,0,0,0,0,0,0,0,0,0,0,0,0,0,0,0,0,0,1.40625826774346,0,0,0,0,0,0,0,0,0,0,0,0,0,0,0,0,0,0,0,0,0,0,0,0,1.34368286537678,0,0,0,0,0,0,0,0,0,0,0,0,0,0,0,0,0,0.0106943604419158,0,0,0,0,0,0,0,0,0,0,0,0,0,0,0,0,0,0,0,0.00344057619199546,0,0,0,0,0,0,0,0.0282381895652575,0,0,0,0,0,0,3.9637453926724,0,0,0,0,0,0.414044051346115,0,0,0,0,71.37290126,73.1743013,84.73950144,77.69550132,61.59720109,60.2799011,60.11730106,74.14260128,68.91490126,72.57020132,52.89440089,"PAL-00465"
"743",8900,"nSPC",2015,"PRIAs","Pacific Remote Island Areas","Palmyra","Palmyra",2015,"ForereefMid","Palmyra","2015-04-20","Forereef","Mid",5.87977943,-162.13889692,16.65,14,4.5,1,14,36.5,30,0,0,NA,0.2525,0.222543852901484,1.1,2,1,15.5703706192493,2.92535648628815,5.63708056800258,6.06676066372586,30.1995683372659,2.05575242998104,0,0,0,0,0,0,0,0,0,0,0,0,0,0,0,0,0.0113176848420903,0,0,0,0,0,0,0,0,0,0,0,0,0,0,0,0,0,0,0,0,0,0,0,0,0,0,0,0,0,0,0,0,0,0,0,0,0,0,0,0,0,0,0,0,0,0,0,0,0,0,0,0,0,0,0,0,0,0,0,0.00565884242104517,0,0,0,0,0,0,0,0,0,0.00282942121052258,0,0,0,0,0,0,0,0,0,0,0,0,0,0,0,0,0,0,0,0,0,0,0,0,0,0,0,0,0,0.00282942121052258,0,0,0,0.0198059484736581,0,0,0,0,0,0,0,0,0,0,0,0,0,0,0,0.00282942121052258,0,0,0,0,0,0,0,0.00282942121052258,0,0,0,0,0,0,0,0,0,0,0,0,0,0,0,0,0,0,0,0,0,0,0,0,0,0.00565884242104517,0,0.0226353696841807,0,0,0,0,0,0,0,0.00565884242104517,0,0,0,0,0,0,0.00282942121052258,0,0,0,0.00848826363156775,0,0,0,0,0,0,0,0,0,0,0,0.195230063526058,0,0,0,0,0.0113176848420903,0.161277008999787,0,0,0,0,0,0,0,0,0,0,0,0,0,0,0,0,0,0,0,0,0,0,0,0,0,0,0.00282942121052258,0.0198059484736581,0,0.00282942121052258,0.0113176848420903,0,0.00565884242104517,0,0,0,0,0,0,0,0,0,0,0,0,0,0,0,0,0,0,0,0,0,0,0,0,0,0,0,0,0,0.00282942121052258,0,0,0,0,0,0,0,0,0,0,0,0,0,0,0,0,0,0,0,0,0,0,0,0,0,0,0,0,0,0,0,0,0,0,0,0,0,0,0,0,0,0,0,0,0,0,0.00282942121052258,0,0,0,0,0,0.00848826363156775,0,0,0,0,0,0,0,0,0,0,0,0,0,0,0,0,0,0,0,0,0,0,0,0,0,0,0,0,0,0,0,0,0,0,0,0,0,0,0,0,0,0,0,0,0,0,0,0,0,0,0.00848826363156775,0,0.00282942121052258,0,0,0,0,0,0,0,0,0,0,0,0,0,0,0.00848826363156775,0.00282942121052258,0.00282942121052258,0,0,0,0,0,0,0,0,0,0,0,0,0,0,0,0,0,0,0,0,0,0,0,0,0,0,0,0,0,0,0,0,0,0,0,0,0,0,0,0,0,0,0,0,0,0,0,0,0,0,0,0,0,0.00565884242104517,0,0,0,0,0,0,0,0,0,0,0,0,0,0,0,0,0,0,0,0,0,0,0,0,0,0,0,0,0,0.00848826363156775,0,0,0,0,0,0,0,0,0,0,0,0,0,0,0,0,0,0,0.033953054526271,0,0,0,0,0,0,0,0,0,0,0,0,0,0,0,0,0,0,0,0,0,0.00282942121052258,0,0,0,0,0.00282942121052258,0,0,0,0,0,0,0,0,0,0,0,0,0,0,0,0,0,0,0,0,0,0,0,0,0,0,0,0,0,0,0,0,0,0,0,0,0,0,0,0,0,0,0,0,0,0,0,0,0,0,0,0,0,0,0,0,0,0,0,0,0,0,0,0,0,0,0,0,0,0,0,0,0,0,0,0,0.00848826363156775,0,0,0,0,0,0,0,0,0,0.00282942121052258,0,0,0,0,0,0,0,0,0,0.198059484736581,0,0,0,0,0,0,0,0.0537590029999291,0,0,0,0,0,0,0.00282942121052258,0,0,0,0,0,0,0,0,0,0,0,0,0,0,0,0,0,0,0,0,0,0,0,0,0,0,0.761370360015376,0,0,0,0,0,0,0,0,0,0,0,0,0,0,0,0,0,0,0,0,0,0,0,0,0,0,0,0,0,0,0,0,0,0,0,0,0,0,0,0,0,0,0,0,0,0,0,0,0,0,0,0,0,0,0,0,0,0,0,0.86202317477554,0,0,0,0,0,0,0,0,0,0.330907765958665,0,0,0,0,0,0,0,0,0,0,0,0,0,0,0,0,0,0,0,0,0,0,0,0,0,0,0,0,0,1.77709787672099,0,0,0,0.102895327460875,0,0,0,0,0,0,0,0,0,0,0,0,0,0,0,0.164507521585897,0,0,0,0,0,0,0,0.199971460248186,0,0,0,0,0,0,0,0,0,0,0,0,0,0,0,0,0,0,0,0,0,0,0,0,0,0.217401603926528,0,0.04628140862476,0,0,0,0,0,0,0,0.54947018315172,0,0,0,0,0,0,0.179111292414106,0,0,0,2.05575242998104,0,0,0,0,0,0,0,0,0,0,0,0.45149923082672,0,0,0,0,0.0584469093380336,0.396978928882458,0,0,0,0,0,0,0,0,0,0,0,0,0,0,0,0,0,0,0,0,0,0,0,0,0,0,0.0145779472526207,0.456879392596946,0,0.194259936821447,1.09373450273074,0,0.435912432882233,0,0,0,0,0,0,0,0,0,0,0,0,0,0,0,0,0,0,0,0,0,0,0,0,0,0,0,0,0,0.225701375147013,0,0,0,0,0,0,0,0,0,0,0,0,0,0,0,0,0,0,0,0,0,0,0,0,0,0,0,0,0,0,0,0,0,0,0,0,0,0,0,0,0,0,0,0,0,0,0.135141328524186,0,0,0,0,0,0.0450822999157405,0,0,0,0,0,0,0,0,0,0,0,0,0,0,0,0,0,0,0,0,0,0,0,0,0,0,0,0,0,0,0,0,0,0,0,0,0,0,0,0,0,0,0,0,0,0,0,0,0,0,10.9547696688518,0,1.10750287977166,0,0,0,0,0,0,0,0,0,0,0,0,0,0,1.6394973214476,0.474639722654202,1.77424190684808,0,0,0,0,0,0,0,0,0,0,0,0,0,0,0,0,0,0,0,0,0,0,0,0,0,0,0,0,0,0,0,0,0,0,0,0,0,0,0,0,0,0,0,0,0,0,0,0,0,0,0,0,0,0.0381572126663381,0,0,0,0,0,0,0,0,0,0,0,0,0,0,0,0,0,0,0,0,0,0,0,0,0,0,0,0,0,0.0366142527424299,0,0,0,0,0,0,0,0,0,0,0,0,0,0,0,0,0,0,0.0865708509364093,0,0,0,0,0,0,0,0,0,0,0,0,0,0,0,0,0,0,0,0,0,0.00302408538980654,0,0,0,0,0.0276693920656364,0,0,0,0,0,0,0,0,0,0,0,0,0,0,0,0,0,0,0,0,0,0,0,0,0,0,0,0,0,0,0,0,0,0,0,0,0,0,0,0,0,0,0,0,0,0,0,0,0,0,0,0,0,0,0,0,0,0,0,0,0,0,0,0,0,0,0,0,0,0,0,0,0,0,0,0,0.0470585156070998,0,0,0,0,0,0,0,0,0,0.140455413338476,0,0,0,0,0,0,0,0,0,0.246081836232175,0,0,0,0,0,0,0,0.194285036841744,0,0,0,0,0,0,2.67399555209061,0,0,0,0,0,0,0,0,0,0,47.37810082,55.66000099,68.94050119,55.85100094,47.32710084,42.70740078,48.94770086,53.45160091,45.70880085,62.18590113,37.28210064,"PAL-00525"
"744",8901,"nSPC",2015,"PRIAs","Pacific Remote Island Areas","Palmyra","Palmyra",2015,"ForereefShallow","Palmyra","2015-04-20","Forereef","Shallow",5.88425553,-162.11995977,4.5,30,0,7.5,10,47.5,5,0,0,NA,0.9425,0.774294760353119,2.75,2,1,59.7576077119851,0.252488277965593,38.359945360183,11.9837603528861,110.35380170302,7.04760283027932,0,0,0,0,0,0.00282942121052258,0,0,0,0,0,0,0,0,0,0,0.00848826363156775,0,0,0,0,0,0,0,0,0,0.00565884242104517,0,0,0,0,0,0,0,0,0,0,0,0,0,0,0,0,0,0,0,0,0,0,0,0,0,0,0,0,0,0,0,0,0,0,0,0,0,0,0,0,0,0,0,0,0,0,0,0,0,0,0,0,0,0,0,0,0,0,0,0,0,0,0,0,0,0,0,0,0,0,0,0,0,0,0,0,0,0,0,0,0,0,0,0,0,0,0,0,0,0.00282942121052258,0,0,0,0.00848826363156775,0,0,0,0,0,0,0,0,0,0,0,0,0,0,0,0,0,0,0,0,0,0,0,0.00282942121052258,0,0,0,0,0,0,0,0,0,0,0,0,0,0,0,0,0,0,0,0,0,0,0,0,0,0.0254647908947033,0,0,0.00282942121052258,0,0,0,0,0,0,0,0,0,0,0,0,0,0,0,0,0,0.00565884242104517,0,0,0,0,0,0.00848826363156775,0,0,0.00282942121052258,0,0,0,0,0,0,0,0.00565884242104517,0,0,0,0,0,0,0,0,0,0,0,0,0,0,0,0,0,0,0,0,0,0,0,0,0,0,0,0,0,0,0,0,0,0.223524275631284,0,0,0,0,0,0,0,0,0,0,0,0,0,0,0,0,0,0,0,0,0,0,0,0,0,0,0,0,0,0.00282942121052258,0,0,0,0.00565884242104517,0,0.00565884242104517,0,0,0,0,0.00282942121052258,0,0,0,0,0,0,0,0,0,0,0,0,0.00282942121052258,0,0,0.00282942121052258,0,0,0,0,0,0,0,0,0.00282942121052258,0,0,0,0,0,0,0,0,0,0,0.00565884242104517,0,0,0,0,0,0,0,0,0,0,0,0,0,0,0,0,0,0,0,0,0,0,0,0,0,0,0,0,0,0,0,0,0,0,0,0,0,0,0.00565884242104517,0.00282942121052258,0,0,0,0,0,0,0,0,0,0,0,0,0,0,0,0,0.00565884242104517,0.00565884242104517,0.00565884242104517,0,0,0,0,0,0,0,0,0,0,0,0,0,0,0,0,0.00282942121052258,0,0,0,0,0,0,0,0,0,0,0,0,0,0,0,0,0,0,0,0,0,0,0,0,0,0,0,0,0,0,0,0,0,0,0,0,0,0,0,0,0,0,0,0,0,0,0,0,0,0,0,0,0,0,0,0,0,0,0,0,0,0,0,0,0.00282942121052258,0,0,0,0,0,0,0,0,0,0,0,0,0,0,0,0,0,0,0.00282942121052258,0,0,0,0,0,0,0,0,0,0,0,0,0,0,0,0,0,0,0.0113176848420903,0,0,0,0,0,0,0,0,0,0,0,0,0,0,0,0,0,0,0,0,0,0.00282942121052258,0,0,0,0,0,0,0,0,0,0,0,0,0,0,0,0.00282942121052258,0,0,0,0,0,0,0,0,0,0,0,0,0,0,0,0,0,0,0,0,0,0,0,0,0,0,0,0,0,0,0,0,0,0,0.00282942121052258,0,0,0,0.0113176848420903,0,0,0,0,0,0,0,0,0,0,0,0,0,0,0,0,0,0,0,0,0,0,0,0,0,0.0537590029999291,0,0,0,0.00282942121052258,0.534760608788768,0,0,0,0,0,0,0,0,0,0,0,0,0,0,0,0.00282942121052258,0,0,0,0.00282942121052258,0.0198059484736581,0,0,0.0226353696841807,0,0,0,0,0,0,0,0,0,0,0,0,0,0,0,0,0,0,0,0,0,0,0.289732731957513,0,0,0,0,0,0,0,0,0,0,0.504994874405452,0,0,0,0,0,0,0,0,0,0.197648385317116,0,0,0,0,0,0,0,0,0,0,0,0,0,0,0,0,0,0,0,0,0,0,0,0,0,0,0,0,0,0,0,0,0,0,0,0,0,0,0,0,0,0,0,0,0,0,0,0,0,0,0,0,0,0,0,0,0,0,0,0,0,0,0,0,0,0,0,0,0,0,0,0,0,0,0,0,0,0,0,0,0,0,0,0,0,0,0,0,0,0.938662132820613,0,0,0,0.101649190948948,0,0,0,0,0,0,0,0,0,0,0,0,0,0,0,0,0,0,0,0,0,0,0,0.243078675390366,0,0,0,0,0,0,0,0,0,0,0,0,0,0,0,0,0,0,0,0,0,0,0,0,0,1.17206839145093,0,0,3.08710261587805,0,0,0,0,0,0,0,0,0,0,0,0,0,0,0,0,0,1.47557405438435,0,0,0,0,0,0.248226914279669,0,0,3.38486034211356,0,0,0,0,0,0,0,0.0562867745751438,0,0,0,0,0,0,0,0,0,0,0,0,0,0,0,0,0,0,0,0,0,0,0,0,0,0,0,0,0,0,0,0,0,12.638524403243,0,0,0,0,0,0,0,0,0,0,0,0,0,0,0,0,0,0,0,0,0,0,0,0,0,0,0,0,0,0.572805483340713,0,0,0,0.602589824262228,0,16.6335754041736,0,0,0,0,0.722643828104643,0,0,0,0,0,0,0,0,0,0,0,0,0.111012751030754,0,0,0.0347730779455959,0,0,0,0,0,0,0,0,27.387950740654,0,0,0,0,0,0,0,0,0,0,0.288513322021125,0,0,0,0,0,0,0,0,0,0,0,0,0,0,0,0,0,0,0,0,0,0,0,0,0,0,0,0,0,0,0,0,0,0,0,0,0,0,0.0157022352255223,0.00889828028477043,0,0,0,0,0,0,0,0,0,0,0,0,0,0,0,0,13.47218578197,0.983397877321875,3.7587084378784,0,0,0,0,0,0,0,0,0,0,0,0,0,0,0,0,0.677688739433518,0,0,0,0,0,0,0,0,0,0,0,0,0,0,0,0,0,0,0,0,0,0,0,0,0,0,0,0,0,0,0,0,0,0,0,0,0,0,0,0,0,0,0,0,0,0,0,0,0,0,0,0,0,0,0,0,0,0,0,0,0,0,0,0,0.344770422496462,0,0,0,0,0,0,0,0,0,0,0,0,0,0,0,0,0,0,0.0144052111636416,0,0,0,0,0,0,0,0,0,0,0,0,0,0,0,0,0,0,0.0288569503121364,0,0,0,0,0,0,0,0,0,0,0,0,0,0,0,0,0,0,0,0,0,0.0102062881905971,0,0,0,0,0,0,0,0,0,0,0,0,0,0,0,0.0131828393040668,0,0,0,0,0,0,0,0,0,0,0,0,0,0,0,0,0,0,0,0,0,0,0,0,0,0,0,0,0,0,0,0,0,0,1.32164358236508,0,0,0,1.16328257765183,0,0,0,0,0,0,0,0,0,0,0,0,0,0,0,0,0,0,0,0,0,0,0,0,0,0.428804443297119,0,0,0,0.0106943604419158,17.1402941402926,0,0,0,0,0,0,0,0,0,0,0,0,0,0,0,0.00580597232399234,0,0,0,0.0198649785096162,0.128490762940637,0,0,0.114643903318559,0,0,0,0,0,0,0,0,0,0,0,0,0,0,0,0,0,0,0,0,0,0,0,0,0,0,0,0,"PAL-00535"
"745",8906,"nSPC",2015,"PRIAs","Pacific Remote Island Areas","Palmyra","Palmyra",2015,"ForereefDeep","Palmyra","2015-04-21","Forereef","Deep",5.88725341,-162.14055469,23.05,17.5,10,2.5,12.5,32.5,25,0,0,NA,0.295,0.229364000583908,0.9,2,1,15.78414746922,0.354934024314407,10.7644992246907,7.44623613043541,34.3498168486605,5.18994050203853,0,0,0,0,0,0,0,0,0,0,0,0,0,0,0,0,0.0169765272631355,0,0.00282942121052258,0,0,0.00565884242104517,0,0,0,0,0,0,0,0,0,0,0,0,0,0,0,0,0,0,0,0,0,0,0,0,0,0,0,0,0,0,0,0,0,0,0,0,0,0,0,0,0,0,0,0.00282942121052258,0,0,0,0,0,0,0,0,0,0,0.00565884242104517,0,0,0,0,0,0,0,0,0,0,0,0,0,0,0,0,0,0,0,0,0,0,0,0,0,0,0,0,0,0,0,0,0,0,0,0,0,0,0,0.00848826363156775,0,0,0,0.00848826363156775,0,0,0,0,0,0,0,0,0,0,0,0,0,0,0,0.00565884242104517,0,0,0,0,0,0,0,0,0,0,0,0,0,0,0,0,0,0,0,0,0,0,0,0,0,0,0,0,0,0,0,0,0,0.00565884242104517,0.00565884242104517,0.0594178454209743,0,0,0,0,0,0,0,0,0,0,0,0.0113176848420903,0,0,0,0,0.00848826363156775,0,0.0198059484736581,0,0,0,0,0.00282942121052258,0,0,0,0,0,0,0.0311236333157484,0,0,0,0,0.0198059484736581,0.00565884242104517,0,0,0,0,0,0,0,0,0,0,0,0,0,0,0,0,0,0,0,0,0,0,0,0.00282942121052258,0,0,0,0.0396118969473162,0,0.00848826363156775,0.00282942121052258,0,0,0,0,0,0,0,0,0,0,0,0,0,0,0,0,0,0,0,0,0,0,0,0,0,0,0,0,0,0,0,0.00282942121052258,0,0,0,0,0,0,0,0,0,0,0,0,0,0,0,0,0,0,0,0,0,0,0,0,0,0,0.00565884242104517,0,0,0,0,0,0,0,0,0,0,0,0,0,0,0,0,0,0,0,0.00282942121052258,0,0,0,0,0,0.0113176848420903,0,0,0,0,0,0,0,0,0,0,0,0,0,0,0,0,0,0,0,0,0,0,0,0,0,0,0,0,0,0,0,0,0,0.00282942121052258,0,0,0,0,0,0,0,0,0,0,0,0,0,0,0,0,0.0226353696841807,0,0.00565884242104517,0,0,0,0,0,0,0,0,0,0,0,0,0,0,0,0.00282942121052258,0,0,0,0,0,0,0,0,0,0,0,0,0,0,0,0,0,0,0,0,0,0,0,0,0,0,0,0,0,0,0,0,0,0,0,0,0,0,0,0,0,0,0,0,0,0,0,0,0,0,0,0,0,0,0,0,0,0,0,0,0,0,0,0.00282942121052258,0,0,0,0,0,0.00282942121052258,0,0,0,0,0,0,0,0,0,0,0,0,0,0,0,0,0,0,0,0.00282942121052258,0,0,0,0,0,0,0,0,0,0,0,0,0,0,0,0,0,0,0,0,0,0,0,0,0,0,0,0,0,0,0,0,0,0,0,0.00565884242104517,0,0,0,0.00282942121052258,0.00282942121052258,0,0,0,0,0,0,0,0,0,0,0,0,0,0,0,0,0,0,0,0,0,0,0,0,0,0.00282942121052258,0,0,0,0,0,0,0,0,0,0,0,0,0,0,0,0,0,0.00282942121052258,0,0,0,0,0,0,0,0,0,0,0,0,0,0,0,0,0,0,0,0,0,0,0,0,0,0,0,0,0,0,0,0,0.0113176848420903,0,0,0,0,0,0,0,0,0,0,0,0,0,0,0,0,0,0,0,0,0,0,0,0,0,0,0,0.00565884242104517,0,0,0,0,0,0,0,0,0,0,0,0,0,0,0,0,0,0,0,0,0,0,0,0,0,0,0,0,0,0,0,0,0,0.959726499052314,0,0.215946017237616,0,0,1.03972720258652,0,0,0,0,0,0,0,0,0,0,0,0,0,0,0,0,0,0,0,0,0,0,0,0,0,0,0,0,0,0,0,0,0,0,0,0,0,0,0,0,0,0,0,0.302549411351547,0,0,0,0,0,0,0,0,0,0,0.722926695256528,0,0,0,0,0,0,0,0,0,0,0,0,0,0,0,0,0,0,0,0,0,0,0,0,0,0,0,0,0,0,0,0,0,0,0,0,0,0,0,4.10057612647208,0,0,0,0.0257474198292547,0,0,0,0,0,0,0,0,0,0,0,0,0,0,0,0.369516499953344,0,0,0,0,0,0,0,0,0,0,0,0,0,0,0,0,0,0,0,0,0,0,0,0,0,0,0,0,0,0,0,0,0,0.217401603926528,0.447063356309831,0.120375461864715,0,0,0,0,0,0,0,0,0,0,0,0.380902189186368,0,0,0,0,0.499216915755067,0,3.3577696894324,0,0,0,0,0.182067340756513,0,0,0,0,0,0,0.0692031157354456,0,0,0,0,0.137663900430731,0.0276915462835151,0,0,0,0,0,0,0,0,0,0,0,0,0,0,0,0,0,0,0,0,0,0,0,0.151520315839542,0,0,0,1.71368885941415,0,0.934444255146229,0.225166706934366,0,0,0,0,0,0,0,0,0,0,0,0,0,0,0,0,0,0,0,0,0,0,0,0,0,0,0,0,0,0,0,0.187246719765972,0,0,0,0,0,0,0,0,0,0,0,0,0,0,0,0,0,0,0,0,0,0,0,0,0,0,0.0394176647684173,0,0,0,0,0,0,0,0,0,0,0,0,0,0,0,0,0,0,0,0.0871699903121249,0,0,0,0,0,0.0483938545005362,0,0,0,0,0,0,0,0,0,0,0,0,0,0,0,0,0,0,0,0,0,0,0,0,0,0,0,0,0,0,0,0,0,0.00889828028477043,0,0,0,0,0,0,0,0,0,0,0,0,0,0,0,0,11.3140548427945,0,3.43264773897272,0,0,0,0,0,0,0,0,0,0,0,0,0,0,0,0.387383452121338,0,0,0,0,0,0,0,0,0,0,0,0,0,0,0,0,0,0,0,0,0,0,0,0,0,0,0,0,0,0,0,0,0,0,0,0,0,0,0,0,0,0,0,0,0,0,0,0,0,0,0,0,0,0,0,0,0,0,0,0,0,0,0,0.188446368267865,0,0,0,0,0,1.40701064592449,0,0,0,0,0,0,0,0,0,0,0,0,0,0,0,0,0,0,0,0.0120291513290958,0,0,0,0,0,0,0,0,0,0,0,0,0,0,0,0,0,0,0,0,0,0,0,0,0,0,0,0,0,0,0,0,0,0,0,0.0204125763811941,0,0,0,0.326238805641032,0.0181534692942321,0,0,0,0,0,0,0,0,0,0,0,0,0,0,0,0,0,0,0,0,0,0,0,0,0,0.160122508939768,0,0,0,0,0,0,0,0,0,0,0,0,0,0,0,0,0,0.425160166681635,0,0,0,0,0,0,0,0,0,0,0,0,0,0,0,0,0,0,0,0,0,0,0,0,0,0,0,0,0,0,0,0,0.0727283103303679,0,0,0,0,0,0,0,0,0,0,0,0,0,0,0,0,0,0,0,0,0,0,0,0,0,0,0,0.013411173595756,0,0,0,0,0,0,0,0,0,0,0,0,0,0,0,0,0,30.87770055,31.51800056,30.63030054,28.46740047,32.60880059,27.71390054,32.16660057,40.33210069,29.44680054,36.64110067,22.62510039,"PAL-00476"
"746",8907,"nSPC",2015,"PRIAs","Pacific Remote Island Areas","Palmyra","Palmyra",2015,"ForereefDeep","Palmyra","2015-04-21","Forereef","Deep",5.89189832,-162.15954574,21.85,20,41,4,5.5,26.5,3,0,0,NA,0.58875,0.312290504584617,1.3,2,1,35.9095089041617,10.8195046959513,16.2400956630854,7.22131641692428,70.1904256801226,11.9081228120573,0,0,0,0,0,0,0,0,0,0,0,0,0,0.00282942121052258,0,0,0.033953054526271,0.00848826363156775,0,0,0,0,0,0,0,0.00565884242104517,0,0.00282942121052258,0,0,0,0,0,0,0,0,0,0,0,0,0,0,0,0,0,0,0,0,0,0,0.00282942121052258,0,0,0,0,0,0,0,0,0,0,0,0,0,0,0,0,0,0,0,0,0,0,0,0,0,0.00565884242104517,0,0,0,0,0,0,0.00282942121052258,0,0,0,0,0,0,0,0,0,0,0,0,0,0,0,0,0,0,0,0,0,0,0,0,0,0,0,0,0,0,0,0,0.00848826363156775,0,0,0,0.0141471060526129,0,0,0,0,0,0,0,0,0,0,0,0,0,0,0,0.00282942121052258,0,0,0,0,0,0,0,0,0,0,0,0,0,0,0,0,0,0.00565884242104517,0,0,0,0,0,0,0,0,0,0,0,0,0,0,0,0.00565884242104517,0.00565884242104517,0.0282942121052258,0.00282942121052258,0,0,0,0,0,0,0.00848826363156775,0,0,0,0,0,0,0,0,0,0,0.00565884242104517,0,0,0,0,0,0,0,0,0,0,0.0113176848420903,0,0,0,0,0,0.181082957473445,0,0,0,0,0,0,0,0,0,0,0,0,0,0,0,0,0,0,0,0,0,0,0,0,0,0,0,0.00282942121052258,0.0198059484736581,0,0,0.00565884242104517,0,0,0,0,0,0,0,0,0,0,0,0,0,0,0,0,0,0,0,0,0,0,0,0,0,0,0,0,0,0,0,0.00848826363156775,0,0,0,0,0,0,0,0,0,0,0,0,0,0,0,0,0,0,0,0,0,0,0,0,0,0,0.00282942121052258,0,0.00282942121052258,0,0,0,0,0,0,0,0,0,0,0,0,0,0,0,0,0,0.00565884242104517,0,0,0,0,0,0,0,0,0,0,0,0,0,0,0.00282942121052258,0,0,0,0,0,0,0,0,0,0,0,0,0,0,0,0,0,0,0,0,0,0,0,0,0,0,0,0,0.00282942121052258,0,0,0,0,0,0,0,0,0,0,0,0,0.0141471060526129,0,0.00565884242104517,0,0,0,0,0,0,0,0,0,0,0,0,0,0,0,0.00282942121052258,0,0,0,0,0,0,0,0,0,0,0,0,0,0,0.00848826363156775,0,0,0,0,0,0,0,0,0,0,0,0,0,0,0,0.00565884242104517,0,0,0,0,0,0,0,0,0.00282942121052258,0,0,0,0,0,0,0,0,0,0,0,0,0,0.00282942121052258,0,0,0,0,0,0,0,0,0,0,0,0,0,0,0,0,0,0,0,0,0,0,0,0,0,0,0,0,0,0,0,0,0,0,0,0,0,0,0,0,0,0,0,0,0,0,0,0,0,0,0,0,0,0,0,0,0,0,0,0,0,0,0,0,0,0,0,0,0,0,0,0,0,0,0,0,0.00848826363156775,0,0,0,0,0,0,0,0,0,0,0,0,0,0,0,0,0,0,0,0,0,0,0,0,0,0,0,0,0,0,0,0,0,0,0,0,0,0,0,0,0,0,0,0,0,0,0,0,0.00282942121052258,0,0,0,0,0,0,0,0,0,0.00282942121052258,0,0,0,0,0,0,0,0,0,0,0,0,0,0,0,0,0,0,0,0,0,0,0,0,0,0,0,0,0,0,0,0,0,0,0,0,0,0.00282942121052258,0,0,0,0,0,0,0,0.00565884242104517,0,0,0,0,0,0,0,0,0,0,0,0,0.00565884242104517,0,0,0,0,0,0,0,0,0,0,0,0,0,0,0,0,0,0.282387194662514,0,0,1.92002540247437,0.219511969346366,0,0,0,0,0,0,0,0.0631170307116115,0,0.327054186216426,0,0,0,0,0,0,0,0,0,0,0,0,0,0,0,0,0,0,0,0,0,0,0.041592491794682,0,0,0,0,0,0,0,0,0,0,0,0,0,0,0,0,0,0,0,0,0,0,0,0,0,0.722926695256528,0,0,0,0,0,0,0.155725906230731,0,0,0,0,0,0,0,0,0,0,0,0,0,0,0,0,0,0,0,0,0,0,0,0,0,0,0,0,0,0,0,0,1.59284928518638,0,0,0,0.0908047850914183,0,0,0,0,0,0,0,0,0,0,0,0,0,0,0,0.135443100477761,0,0,0,0,0,0,0,0,0,0,0,0,0,0,0,0,0,0.326895198707298,0,0,0,0,0,0,0,0,0,0,0,0,0,0,0,0.217401603926528,0.447063356309831,0.0197097481525003,5.26686415090427,0,0,0,0,0,0,0.626174648723936,0,0,0,0,0,0,0,0,0,0,2.17499846103984,0,0,0,0,0,0,0,0,0,0,0.877447234827622,0,0,0,0,0,0.966065231837049,0,0,0,0,0,0,0,0,0,0,0,0,0,0,0,0,0,0,0,0,0,0,0,0,0,0,0,0.0227061563694162,0.625478361824056,0,0,0.456621342922102,0,0,0,0,0,0,0,0,0,0,0,0,0,0,0,0,0,0,0,0,0,0,0,0,0,0,0,0,0,0,0,1.17644257201867,0,0,0,0,0,0,0,0,0,0,0,0,0,0,0,0,0,0,0,0,0,0,0,0,0,0,0.0706637519428109,0,0.771570418642772,0,0,0,0,0,0,0,0,0,0,0,0,0,0,0,0,0,0.345655888858026,0,0,0,0,0,0,0,0,0,0,0,0,0,0,0.237706183564786,0,0,0,0,0,0,0,0,0,0,0,0,0,0,0,0,0,0,0,0,0,0,0,0,0,0,0,0,0.0027012170491327,0,0,0,0,0,0,0,0,0,0,0,0,33.1309410936537,0,1.10621305949014,0,0,0,0,0,0,0,0,0,0,0,0,0,0,0,0.387383452121338,0,0,0,0,0,0,0,0,0,0,0,0,0,0,1.79804365177017,0,0,0,0,0,0,0,0,0,0,0,0,0,0,0,7.97084874538396,0,0,0,0,0,0,0,0,0.259414465933892,0,0,0,0,0,0,0,0,0,0,0,0,0,0.278705006201077,0,0,0,0,0,0,0,0,0,0,0,0,0,0,0,0,0,0,0,0,0,0,0,0,0,0,0,0,0,0,0,0,0,0,0,0,0,0,0,0,0,0,0,0,0,0,0,0,0,0,0,0,0,0,0,0,0,0,0,0,0,0,0,0,0,0,0,0,0,0,0,0,0,0,0,0,0.0694416897758179,0,0,0,0,0,0,0,0,0,0,0,0,0,0,0,0,0,0,0,0,0,0,0,0,0,0,0,0,0,0,0,0,0,0,0,0,0,0,0,0,0,0,0,0,0,0,0,0,2.44830623964763,0,0,0,0,0,0,0,0,0,2.01795396046562,0,0,0,0,0,0,0,0,0,0,0,0,0,0,0,0,0,0,0,0,0,0,0,0,0,0,0,0,0,0,0,0,0,0,0,0,0,0.00172028809599773,0,0,0,0,0,0,0,0.00983223870656598,0,0,0,0,0,0,0,0,0,0,0,0,0.528018213807278,0,0,0,0,142.2429025,150.9239027,147.8715025,157.8848027,153.5254027,174.9693031,145.6339025,150.8096026,172.7034031,149.8799026,173.022203,"PAL-00454"
"747",8908,"nSPC",2015,"PRIAs","Pacific Remote Island Areas","Palmyra","Palmyra",2015,"ForereefMid","Palmyra","2015-04-21","Forereef","Mid",5.8880087,-162.13203541,11.8,30,2.5,10,27.5,21.5,6,0,2.5,NA,0.80875,0.460465647269011,2.15,2,1,66.0618442947621,2.09407349911426,22.2783709011828,4.30011649538108,94.7344051904403,1.47557405438435,0,0,0,0,0,0,0,0,0,0,0,0,0,0,0,0,0.0622472666314969,0,0,0,0,0,0,0,0,0,0,0,0,0,0,0,0,0,0,0,0,0,0,0,0,0,0,0,0,0,0,0,0,0,0,0,0,0,0,0,0,0,0,0,0,0,0,0,0,0,0,0,0,0,0,0,0,0,0,0,0,0,0,0,0,0,0,0,0,0,0,0,0,0,0,0,0,0,0,0,0,0,0,0,0,0,0,0,0,0,0,0,0,0,0,0,0,0,0,0,0.0169765272631355,0,0,0,0.0226353696841807,0,0,0,0,0,0,0,0,0,0,0,0,0,0,0,0,0,0,0,0,0,0,0,0,0,0,0,0,0,0,0,0,0,0,0,0,0,0,0,0,0,0,0,0,0,0,0,0,0,0,0.00565884242104517,0.257477330157555,0,0,0,0,0,0,0,0,0,0,0,0,0,0,0,0,0,0,0.00565884242104517,0,0,0,0,0.00282942121052258,0,0,0,0,0,0,0.192400642315536,0,0,0,0,0.0113176848420903,0,0,0,0,0,0,0,0,0,0,0,0,0,0,0,0,0,0,0,0,0,0,0,0,0,0,0,0,0.00565884242104517,0,0,0,0,0.130153375684039,0,0,0,0,0,0,0,0,0,0,0,0,0,0,0,0,0,0,0,0,0,0,0,0,0,0,0,0,0.00282942121052258,0.00565884242104517,0,0,0,0,0.00282942121052258,0.00565884242104517,0,0,0,0,0,0,0,0,0,0,0,0,0,0,0,0,0,0,0,0,0.00565884242104517,0,0,0,0,0,0,0,0,0,0,0,0,0,0,0,0,0,0,0,0.00848826363156775,0,0,0,0,0,0,0,0,0,0,0,0,0,0,0,0,0,0,0,0,0,0,0,0,0,0,0,0,0,0,0,0,0,0,0,0,0,0,0.00565884242104517,0.00565884242104517,0,0,0,0.00282942121052258,0,0,0,0,0,0,0,0,0,0,0,0,0.0254647908947033,0.00282942121052258,0.00282942121052258,0,0,0,0,0,0,0,0,0,0,0,0,0,0,0,0,0.00282942121052258,0,0,0,0,0,0,0,0,0,0,0,0,0,0.00848826363156775,0,0,0,0,0,0,0,0,0,0,0,0,0,0,0,0,0,0,0,0,0,0,0,0,0,0,0,0,0,0,0,0,0,0,0,0,0,0,0,0.00565884242104517,0,0,0,0,0,0,0,0,0.00282942121052258,0,0,0,0,0,0,0,0,0,0,0,0,0,0.00282942121052258,0,0,0,0,0,0,0.0537590029999291,0,0,0,0,0.0282942121052258,0,0,0,0,0,0,0,0,0,0,0,0,0,0,0,0,0,0,0,0,0,0,0,0,0,0,0,0,0,0,0,0,0,0,0,0.00565884242104517,0,0,0,0,0,0,0,0,0,0,0,0,0,0,0,0,0,0,0,0,0,0,0,0,0,0,0,0,0,0,0,0,0,0,0,0,0,0,0,0,0,0,0,0,0,0,0,0,0,0,0,0,0,0,0,0,0,0,0,0,0,0,0,0,0,0,0,0,0,0,0,0,0,0,0,0,0,0,0,0,0,0,0,0,0,0,0,0,0,0,0,0,0,0,0,0,0,0,0,0,0,0,0,0,0,0,0,0,0,0.0254647908947033,0,0,0,0,0,0,0,0,0,0,0,0,0,0,0,0,0,0,0,0,0,0,0,0,0,0,0,0,0,0,0,0,0,5.64417894008528,0,0,0,0,0,0,0,0,0,0,0,0,0,0,0,0,0,0,0,0,0,0,0,0,0,0,0,0,0,0,0,0,0,0,0,0,0,0,0,0,0,0,0,0,0,0,0,0,0,0,0,0,0,0,0,0,0,0,0,0,0,0,0,0,0,0,0,0,0,0,0,0,0,0,0,0,0,0,0,0,0,0,0,0,0,0,0,0,0,0,0,0,0,0,0,0,0,0,0,6.8999048325002,0,0,0,0.144585064722166,0,0,0,0,0,0,0,0,0,0,0,0,0,0,0,0,0,0,0,0,0,0,0,0,0,0,0,0,0,0,0,0,0,0,0,0,0,0,0,0,0,0,0,0,0,0,0,0,0,0,0.447063356309831,0.536470145084166,0,0,0,0,0,0,0,0,0,0,0,0,0,0,0,0,0,0,1.47557405438435,0,0,0,0,0.182067340756513,0,0,0,0,0,0,0.406750802613821,0,0,0,0,0.0840316306103718,0,0,0,0,0,0,0,0,0,0,0,0,0,0,0,0,0,0,0,0,0,0,0,0,0,0,0,0,0.168809709262769,0,0,0,0,14.8452231327282,0,0,0,0,0,0,0,0,0,0,0,0,0,0,0,0,0,0,0,0,0,0,0,0,0,0,0,0,1.84402362027052,0.50519895979136,0,0,0,0,0.81059698999809,9.55642513378068,0,0,0,0,0,0,0,0,0,0,0,0,0,0,0,0,0,0,0,0,0.0265229087706306,0,0,0,0,0,0,0,0,0,0,0,0,0,0,0,0,0,0,0,0.361700886288131,0,0,0,0,0,0,0,0,0,0,0,0,0,0,0,0,0,0,0,0,0,0,0,0,0,0,0,0,0,0,0,0,0,0,0,0,0,0,0.0321801926803138,0.0143058943670161,0,0,0,0.0048155202490365,0,0,0,0,0,0,0,0,0,0,0,0,46.9508937182126,0.672401186070852,0.891937968403649,0,0,0,0,0,0,0,0,0,0,0,0,0,0,0,0,0.239008910403911,0,0,0,0,0,0,0,0,0,0,0,0,0,0.881938333588846,0,0,0,0,0,0,0,0,0,0,0,0,0,0,0,0,0,0,0,0,0,0,0,0,0,0,0,0,0,0,0,0,0,0,0,0,0,0,0,0.0514522500142089,0,0,0,0,0,0,0,0,0.500467612637146,0,0,0,0,0,0,0,0,0,0,0,0,0,0.184882587217056,0,0,0,0,0,0,0.201083823875747,0,0,0,0,0.0721630849134191,0,0,0,0,0,0,0,0,0,0,0,0,0,0,0,0,0,0,0,0,0,0,0,0,0,0,0,0,0,0,0,0,0,0,0,0.0118128335539318,0,0,0,0,0,0,0,0,0,0,0,0,0,0,0,0,0,0,0,0,0,0,0,0,0,0,0,0,0,0,0,0,0,0,0,0,0,0,0,0,0,0,0,0,0,0,0,0,0,0,0,0,0,0,0,0,0,0,0,0,0,0,0,0,0,0,0,0,0,0,0,0,0,0,0,0,0,0,0,0,0,0,0,0,0,0,0,0,0,0,0,0,0,0,0,0,0,0,0,0,0,0,0,0,0,0,0,0,0,0.0859337662953867,0,0,0,0,0,0,0,0,0,0,0,0,0,0,0,0,0,0,0,0,0,0,0,0,0,0,0,0,"PAL-00492"
"748",8909,"nSPC",2015,"PRIAs","Pacific Remote Island Areas","Palmyra","Palmyra",2015,"ForereefShallow","Palmyra","2015-04-21","Forereef","Shallow",5.88832235,-162.13031469,5.5,21.5,2,8,43.5,24.5,0,0,0.5,NA,1.1225,0.667324624985137,2.5,2,1,19.7857843155382,0.633398914989926,15.2429691999478,3.11488459983364,38.7770370303096,3.72051774370932,0,0,0,0,0,0,0,0,0,0,0,0,0,0,0,0,0.0622472666314969,0,0,0,0,0,0,0,0,0,0,0,0,0,0,0,0,0,0,0,0,0,0,0,0,0,0,0,0,0,0,0,0,0,0,0,0,0,0,0,0,0,0,0,0,0,0,0,0,0,0,0,0,0,0,0,0,0,0,0,0,0,0,0,0,0,0,0,0,0,0,0,0,0,0,0,0,0,0,0,0,0,0,0,0,0,0,0,0,0,0,0,0,0,0,0,0,0,0,0,0.00848826363156775,0,0,0,0.0169765272631355,0,0,0,0,0,0,0,0,0,0,0,0,0,0,0,0,0,0,0,0,0,0,0,0,0,0,0,0,0,0,0,0,0,0,0,0,0,0,0,0,0,0,0,0,0,0,0,0,0,0.00565884242104517,0.00282942121052258,0.0905414787367227,0,0,0,0,0,0,0,0,0,0.00282942121052258,0,0,0,0,0,0,0,0,0.0169765272631355,0,0,0,0,0,0,0,0,0,0,0,0.127323954473516,0,0,0,0,0.00565884242104517,0,0,0,0,0,0,0,0,0,0,0,0,0,0,0,0,0,0,0,0,0,0,0,0,0,0,0,0,0,0,0,0.00282942121052258,0,0.0905414787367227,0,0,0,0,0,0,0,0,0,0,0,0,0,0,0,0,0,0,0,0,0,0,0,0,0,0,0,0,0,0,0,0,0,0,0,0,0,0,0,0,0,0,0,0,0,0,0,0,0,0,0,0,0,0,0,0,0.0113176848420903,0,0,0,0,0,0,0,0,0,0,0,0,0,0,0,0,0,0,0,0.00848826363156775,0,0,0,0,0,0,0,0,0,0,0,0,0,0,0,0,0,0,0,0,0,0,0,0,0,0,0,0,0,0,0,0,0,0,0,0,0,0,0.00282942121052258,0.00282942121052258,0,0,0,0.00282942121052258,0,0,0,0,0,0,0,0,0,0,0,0,0.0141471060526129,0,0.00282942121052258,0,0,0,0,0,0,0,0,0,0,0,0,0,0,0,0,0.00282942121052258,0,0,0,0,0,0,0,0,0,0,0,0,0,0,0,0,0,0,0,0,0,0,0,0,0,0,0,0,0,0,0,0,0,0,0,0,0,0,0,0,0,0,0,0,0,0,0,0,0,0,0,0,0,0,0,0,0,0,0,0,0,0,0,0,0,0,0,0,0,0,0,0,0,0,0,0,0,0,0,0,0,0,0,0.033953054526271,0,0,0,0,0.00565884242104517,0,0,0,0,0,0,0,0,0,0,0,0,0,0,0,0,0,0,0,0,0,0,0,0,0,0,0,0,0,0,0,0,0,0,0,0.0113176848420903,0,0,0,0,0.00565884242104517,0,0,0,0,0,0,0,0,0,0,0,0,0,0,0,0,0,0,0,0,0,0,0,0,0,0,0,0,0,0,0,0,0,0.00282942121052258,0,0,0,0,0,0,0,0,0,0.00565884242104517,0,0,0,0,0,0,0,0,0,0,0,0,0,0,0,0,0,0,0,0,0,0,0,0,0,0,0,0,0,0,0,0,0.00282942121052258,0,0,0.0311236333157484,0,0,0,0,0,0,0,0,0,0,0,0,0,0,0,0,0.00565884242104517,0,0,0,0,0,0,0,0.0452707393683613,0,0,0,0,0,0,0,0,0,0,0,0,0,0,0,0,0,0,0,0,0,0,0,0,0,0,0,0,0,0,0,0,0,3.9856974985717,0,0,0,0,0,0,0,0,0,0,0,0,0,0,0,0,0,0,0,0,0,0,0,0,0,0,0,0,0,0,0,0,0,0,0,0,0,0,0,0,0,0,0,0,0,0,0,0,0,0,0,0,0,0,0,0,0,0,0,0,0,0,0,0,0,0,0,0,0,0,0,0,0,0,0,0,0,0,0,0,0,0,0,0,0,0,0,0,0,0,0,0,0,0,0,0,0,0,0,9.49017050092497,0,0,0,0.102083157056072,0,0,0,0,0,0,0,0,0,0,0,0,0,0,0,0,0,0,0,0,0,0,0,0,0,0,0,0,0,0,0,0,0,0,0,0,0,0,0,0,0,0,0,0,0,0,0,0,0,0.163500585259839,0.27473509157586,0.168992840640882,0,0,0,0,0,0,0,0,0,0.0501221051232641,0,0,0,0,0,0,0,0,3.09831027530763,0,0,0,0,0,0,0,0,0,0,0,0.410254757840933,0,0,0,0,0.0500656322801168,0,0,0,0,0,0,0,0,0,0,0,0,0,0,0,0,0,0,0,0,0,0,0,0,0,0,0,0,0,0,0,0.145405278741315,0,6.96165033877368,0,0,0,0,0,0,0,0,0,0,0,0,0,0,0,0,0,0,0,0,0,0,0,0,0,0,0,0,0,0,0,0,0,0,0,0,0,0,0,0,0,0,0,0,0,0,0,0,0,0,0,0,0,0,0,0,0.153703686437572,0,0,0,0,0,0,0,0,0,0,0,0,0,0,0,0,0,0,0,0.205853687915525,0,0,0,0,0,0,0,0,0,0,0,0,0,0,0,0,0,0,0,0,0,0,0,0,0,0,0,0,0,0,0,0,0,0,0,0,0,0,0.0174192156537166,0.0136985311808475,0,0,0,0.0048155202490365,0,0,0,0,0,0,0,0,0,0,0,0,10.2956138146133,0,0.15409832320453,0,0,0,0,0,0,0,0,0,0,0,0,0,0,0,0,0.390594687530355,0,0,0,0,0,0,0,0,0,0,0,0,0,0,0,0,0,0,0,0,0,0,0,0,0,0,0,0,0,0,0,0,0,0,0,0,0,0,0,0,0,0,0,0,0,0,0,0,0,0,0,0,0,0,0,0,0,0,0,0,0,0,0,0,0,0,0,0,0,0,0,0,0,0,0,0,0,0,0,0,0,0,0,0.27493862779402,0,0,0,0,0.031477268920354,0,0,0,0,0,0,0,0,0,0,0,0,0,0,0,0,0,0,0,0,0,0,0,0,0,0,0,0,0,0,0,0,0,0,0,0.0458810455234711,0,0,0,0,0.0458228613598685,0,0,0,0,0,0,0,0,0,0,0,0,0,0,0,0,0,0,0,0,0,0,0,0,0,0,0,0,0,0,0,0,0,1.01240940190879,0,0,0,0,0,0,0,0,0,0.62220746840169,0,0,0,0,0,0,0,0,0,0,0,0,0,0,0,0,0,0,0,0,0,0,0,0,0,0,0,0,0,0,0,0,0.018182077582592,0,0,0.309433105513073,0,0,0,0,0,0,0,0,0,0,0,0,0,0,0,0,0.00408568422799461,0,0,0,0,0,0,0,0.275813960196589,0,0,0,0,0,0,0,0,0,0,0,0,0,0,0,0,0,0,0,0,0,0,0,0,0,0,0,0,"PAL-00490"
"749",8910,"nSPC",2015,"PRIAs","Pacific Remote Island Areas","Palmyra","Palmyra",2015,"ForereefDeep","Palmyra","2015-04-21","Forereef","Deep",5.86620728,-162.10680798,22.25,17.5,6,8.5,17.5,46.5,4,0,0,NA,0.4975,0.429360895134814,1.8,2,1,27.7007883173495,3.52929224618101,24.1777989436622,8.6167033432536,64.0245828504464,13.6742784013597,0,0,0,0,0,0,0,0,0,0,0,0,0,0,0,0,0.0254647908947033,0,0.00282942121052258,0,0,0.00565884242104517,0,0,0,0.00848826363156775,0,0,0,0,0.00282942121052258,0,0,0,0,0,0,0,0,0,0,0,0,0,0,0,0,0,0,0,0.00565884242104517,0,0,0,0,0,0.00565884242104517,0,0,0,0,0,0,0,0,0,0,0,0,0,0,0,0,0,0,0,0.0141471060526129,0,0,0,0,0,0,0.00848826363156775,0,0,0,0,0,0,0,0,0,0,0,0,0,0,0,0,0,0,0,0,0,0,0,0,0,0,0,0,0,0,0,0,0.00565884242104517,0,0,0,0.0141471060526129,0,0,0,0.00282942121052258,0.0141471060526129,0,0,0,0,0,0,0,0,0,0,0.0113176848420903,0,0.0282942121052258,0,0,0,0,0,0,0,0,0,0,0,0,0,0,0,0,0,0,0,0,0,0,0,0,0,0,0,0,0,0,0,0.0113176848420903,0,0.379142442210026,0,0,0,0,0,0,0,0,0,0,0,0.0113176848420903,0,0,0,0,0,0,0.0169765272631355,0,0,0,0,0.0141471060526129,0,0,0,0,0,0,0,0,0,0,0,0.297089227104871,0,0,0,0,0,0,0,0,0,0,0,0,0,0,0,0,0,0,0,0,0,0,0,0,0,0,0,0,0.0481001605788839,0,0,0.033953054526271,0,0,0,0,0,0,0,0.0141471060526129,0,0,0,0,0,0,0,0,0,0,0,0,0,0,0,0,0,0,0,0,0,0,0,0.0141471060526129,0,0,0,0,0,0.00848826363156775,0,0,0,0,0,0,0,0,0,0,0,0,0,0,0,0,0,0,0,0,0.00565884242104517,0,0,0,0,0,0,0,0,0,0.00282942121052258,0,0,0,0,0,0,0,0,0,0.00565884242104517,0,0,0.00282942121052258,0,0,0,0,0,0,0,0,0,0,0,0,0,0,0,0,0,0,0,0,0,0,0,0,0,0,0,0,0,0,0,0,0,0,0,0,0.00565884242104517,0,0,0,0.00282942121052258,0,0,0,0,0,0,0,0,0,0,0,0,0.00565884242104517,0,0,0,0,0,0,0,0,0,0,0,0,0,0,0,0,0,0.0113176848420903,0,0,0,0,0,0,0,0,0,0,0,0,0,0,0,0,0,0,0,0,0,0,0,0,0,0,0,0,0,0,0,0,0,0,0,0,0,0,0,0,0,0,0,0,0,0,0,0,0,0,0,0,0,0,0,0,0,0,0,0,0.00565884242104517,0,0,0,0,0.00282942121052258,0,0,0,0,0,0,0,0,0,0,0,0,0,0,0,0,0,0,0,0,0,0,0,0.00282942121052258,0,0,0,0,0,0,0,0,0,0,0,0,0,0,0,0.00282942121052258,0,0,0,0,0,0,0,0,0,0,0,0.0226353696841807,0,0,0,0,0,0,0,0,0,0,0,0.00565884242104517,0.0226353696841807,0,0,0,0,0,0,0,0,0,0,0,0,0,0,0,0,0,0,0,0,0,0,0,0,0,0,0,0,0,0,0,0,0,0,0.00282942121052258,0,0,0,0,0,0,0,0,0.00282942121052258,0,0.00282942121052258,0,0,0,0,0,0,0,0.00282942121052258,0,0,0,0,0.00282942121052258,0,0,0,0,0,0,0,0,0,0,0,0,0,0,0,0,0,0,0,0,0,0,0,0,0,0,0,0,0,0,0,0,0,0,0,0,0,0.00848826363156775,0,0,0,0,0,0,0,0,0,0,0,0,0,0,0,0,0,0,0,0,0,0,0,0.00565884242104517,0,0,0,0,0,0,0,0,0,0,0,0,0,0,0,0,0,2.17991419503065,0,0.361348519144622,0,0,0.321440074852327,0,0,0,0.397923008436991,0,0,0,0,0.290420847195912,0,0,0,0,0,0,0,0,0,0,0,0,0,0,0,0,0,0,0,0.228259594969215,0,0,0,0,0,2.24727204058938,0,0,0,0,0,0,0,0,0,0,0,0,0,0,0,0,0,0,0,1.88647242049581,0,0,0,0,0,0,0.697287000882928,0,0,0,0,0,0,0,0,0,0,0,0,0,0,0,0,0,0,0,0,0,0,0,0,0,0,0,0,0,0,0,0,2.23197796419621,0,0,0,0.0527992501826166,0,0,0,0.115682583844942,0.0252673502754389,0,0,0,0,0,0,0,0,0,0,0.934853374641288,0,0.0467194030281489,0,0,0,0,0,0,0,0,0,0,0,0,0,0,0,0,0,0,0,0,0,0,0,0,0,0,0,0,0,0,0,0.49939026578024,0,0.64793972074664,0,0,0,0,0,0,0,0,0,0,0,0.17561498152761,0,0,0,0,0,0,2.83518697890132,0,0,0,0,1.32720765901053,0,0,0,0,0,0,0,0,0,0,0,2.35796979775922,0,0,0,0,0,0,0,0,0,0,0,0,0,0,0,0,0,0,0,0,0,0,0,0,0,0,0,0,1.83222328469205,0,0,3.58504371577903,0,0,0,0,0,0,0,0.0266916417434213,0,0,0,0,0,0,0,0,0,0,0,0,0,0,0,0,0,0,0,0,0,0,0,0.901231221473638,0,0,0,0,0,8.44791036315085,0,0,0,0,0,0,0,0,0,0,0,0,0,0,0,0,0,0,0,0,0.0243663991202388,0,0,0,0,0,0,0,0,0,10.4280538430511,0,0,0,0,0,0,0,0,0,0.461428856008292,0,0,0.0416263326000675,0,0,0,0,0,0,0,0,0,0,0,0,0,0,0,0,0,0,0,0,0,0,0,0,0,0,0,0,0,0,0,0,0,0,0,0,0.00840799660513839,0,0,0,0.0027012170491327,0,0,0,0,0,0,0,0,0,0,0,0,3.18010425486345,0,0,0,0,0,0,0,0,0,0,0,0,0,0,0,0,0,1.92515900747459,0,0,0,0,0,0,0,0,0,0,0,0,0,0,0,0,0,0,0,0,0,0,0,0,0,0,0,0,0,0,0,0,0,0,0,0,0,0,0,0,0,0,0,0,0,0,0,0,0,0,0,0,0,0,0,0,0,0,0,0,0.114933893012344,0,0,0,0,0.204600587358282,0,0,0,0,0,0,0,0,0,0,0,0,0,0,0,0,0,0,0,0,0,0,0,0.00668154817603593,0,0,0,0,0,0,0,0,0,0,0,0,0,0,0,0.624736203283387,0,0,0,0,0,0,0,0,0,0,0,0.0468878101785992,0,0,0,0,0,0,0,0,0,0,0,0.760864285322081,0.0892782091005017,0,0,0,0,0,0,0,0,0,0,0,0,0,0,0,0,0,0,0,0,0,0,0,0,0,0,0,0,0,0,0,0,0,0,0.386127717294564,0,0,0,0,0,0,0,0,0.356937684870282,0,3.67716475173407,0,0,0,0,0,0,0,5.30975177237201,0,0,0,0,1.49523721348204,0,0,0,0,0,0,0,0,0,0,0,0,0,0,0,0,0,0,0,0,0,0,0,0,0,0,0,0,0,0,0,0,0,0,0,0,0,0.00516086428799319,0,0,0,0,0,0,0,0,0,0,0,0,0,0,0,0,0,0,0,0,0,0,0,0.220325144871177,0,35.57270065,38.26460069,35.15070062,29.92080049,38.54850069,37.39010067,42.22180073,43.44440077,41.87080076,46.66630083,26.85000046,"PAL-00888"
"750",8911,"nSPC",2015,"PRIAs","Pacific Remote Island Areas","Palmyra","Palmyra",2015,"ForereefShallow","Palmyra","2015-04-21","Forereef","Shallow",5.86701958,-162.10860154,4.9,16,7,3.5,29,42.5,2,0,0,NA,0.332,0.193564107717174,0.75,2,1,2.84205089850148,0.549136949031771,19.1018385273331,6.59121825046852,29.0842446253349,7.83365566749549,0,0,0,0,0,0.00282942121052258,0,0,0.00565884242104517,0,0,0,0,0,0.00848826363156775,0,0.0367824757367936,0,0.00282942121052258,0,0,0.00282942121052258,0,0,0,0,0,0,0,0,0,0,0,0,0,0,0,0,0,0,0,0,0,0,0,0,0,0,0,0,0,0,0,0,0,0,0,0,0,0,0,0,0,0,0,0,0,0,0,0,0,0,0,0,0,0,0,0,0,0,0,0,0,0,0,0,0,0,0,0,0,0,0,0,0,0,0,0,0,0,0.00282942121052258,0,0,0,0,0,0,0,0,0,0,0,0,0,0,0,0,0,0,0,0.0141471060526129,0,0,0,0,0,0,0,0,0,0,0,0,0,0,0,0.00282942121052258,0,0,0,0,0,0,0,0.00565884242104517,0,0,0,0,0,0,0,0,0,0,0,0,0,0,0,0,0,0,0,0,0,0,0,0,0,0,0,0,0,0,0,0,0,0,0,0.00565884242104517,0,0,0,0,0,0,0.00282942121052258,0,0,0,0.0254647908947033,0,0,0,0,0.00282942121052258,0,0,0,0,0,0,0.118835690841949,0,0,0,0,0,0,0,0,0,0,0,0,0,0,0,0,0,0,0,0,0,0,0,0,0,0,0,0,0,0,0,0,0,0,0,0,0.00848826363156775,0,0.0113176848420903,0,0,0,0,0,0,0,0,0,0,0,0,0,0,0,0,0,0,0,0,0,0,0,0,0,0,0,0,0,0.00282942121052258,0,0,0.00282942121052258,0,0,0,0,0,0,0,0,0,0,0,0,0,0,0,0,0,0,0,0,0,0,0,0.00848826363156775,0,0,0,0,0,0,0,0,0,0,0,0,0,0,0,0,0,0,0,0.00282942121052258,0,0,0,0,0,0.00565884242104517,0,0,0,0,0,0,0,0,0,0,0,0,0,0,0,0,0,0,0,0,0,0,0,0,0,0,0,0,0,0,0,0,0,0,0,0,0,0,0,0,0,0,0,0,0,0,0,0,0,0,0,0,0.00565884242104517,0,0,0,0,0,0,0,0,0,0,0,0,0,0,0.00282942121052258,0.00565884242104517,0,0,0,0,0,0,0,0,0,0,0,0,0,0,0,0,0,0,0,0,0,0,0,0,0,0,0,0,0,0,0,0,0,0,0,0,0,0,0,0,0,0,0,0,0,0,0,0,0,0,0,0,0,0.00282942121052258,0.00848826363156775,0,0,0,0,0,0.00282942121052258,0.00282942121052258,0,0,0,0.00282942121052258,0,0,0,0,0,0,0,0,0,0,0,0,0,0,0,0,0,0,0.0226353696841807,0,0,0,0,0.0169765272631355,0,0,0,0,0,0.00282942121052258,0,0,0,0,0,0,0,0,0,0,0,0,0,0,0,0,0,0,0,0,0,0,0,0,0,0,0,0,0,0,0,0,0,0,0,0,0,0,0,0,0,0,0,0,0,0,0,0,0,0,0,0,0,0,0,0,0,0,0,0.00282942121052258,0,0,0,0,0,0,0,0,0,0,0,0,0,0,0,0,0,0,0.00282942121052258,0,0,0,0,0,0,0,0,0,0.00282942121052258,0,0,0,0,0,0,0,0,0,0,0,0,0,0,0,0,0,0,0,0,0,0,0.0396118969473162,0,0.00565884242104517,0.0594178454209743,0,0,0,0,0,0,0,0,0,0,0,0,0,0,0,0,0.0594178454209743,0,0,0,0,0,0,0,0.413095496736297,0,0,0,0,0,0,0.00282942121052258,0,0,0,0,0,0,0,0,0,0,0,0,0,0,0,0.412529612494193,0,0,1.33746606624689,0,0,0,0,0,1.55178299244797,0,3.48577028957458,0,0.258808991984937,0,0,0.468452961248233,0,0,0,0,0,0,0,0,0,0,0,0,0,0,0,0,0,0,0,0,0,0,0,0,0,0,0,0,0,0,0,0,0,0,0,0,0,0,0,0,0,0,0,0,0,0,0,0,0,0,0,0,0,0,0,0,0,0,0,0,0,0,0,0,0,0,0,0,0,0,0,0,0,0,0,0,0,0,0.643084087169323,0,0,0,0,0,0,0,0,0,0,0,0,0,0,0,0,0,0,0,0.0886844874416225,0,0,0,0,0,0,0,0,0,0,0,0,0,0,0,0.135443100477761,0,0,0,0,0,0,0,0.583555502051457,0,0,0,0,0,0,0,0,0,0,0,0,0,0,0,0,0,0,0,0,0,0,0,0,0,0,0,0,0,0,0,0,0,0,0,0.512312068330945,0,0,0,0,0,0,0.0817502926299197,0,0,0,4.71926703804317,0,0,0,0,0.318042161130463,0,0,0,0,0,0,0.142202182966928,0,0,0,0,0,0,0,0,0,0,0,0,0,0,0,0,0,0,0,0,0,0,0,0,0,0,0,0,0,0,0,0,0,0,0,0,1.20255960849081,0,1.42748917081751,0,0,0,0,0,0,0,0,0,0,0,0,0,0,0,0,0,0,0,0,0,0,0,0,0,0,0,0,0,0.269163497623171,0,0,0.379793910402995,0,0,0,0,0,0,0,0,0,0,0,0,0,0,0,0,0,0,0,0,0,0,0,0.203618696113281,0,0,0,0,0,0,0,0,0,0,0,0,0,0,0,0,0,0,0,0.0871699903121249,0,0,0,0,0,0.0162567225071786,0,0,0,0,0,0,0,0,0,0,0,0,0,0,0,0,0,0,0,0,0,0,0,0,0,0,0,0,0,0,0,0,0,0,0,0,0,0,0,0,0,0,0,0,0,0,0,0,0,0,0,0,1.9344029892591,0,0,0,0,0,0,0,0,0,0,0,0,0,0,0.312297147030625,0.397594008072482,0,0,0,0,0,0,0,0,0,0,0,0,0,0,0,0,0,0,0,0,0,0,0,0,0,0,0,0,0,0,0,0,0,0,0,0,0,0,0,0,0,0,0,0,0,0,0,0,0,0,0,0,0,0.234786984819254,0.0534915048210203,0,0,0,0,0,0.0622990679213183,0.327117337756217,0,0,0,0.168410588356291,0,0,0,0,0,0,0,0,0,0,0,0,0,0,0,0,0,0,0.0737087201239862,0,0,0,0,0.0507844953623353,0,0,0,0,0,0.00722091883879172,0,0,0,0,0,0,0,0,0,0,0,0,0,0,0,0,0,0,0,0,0,0,0,0,0,0,0,0,0,0,0,0,0,0,0,0,0,0,0,0,0,0,0,0,0,0,0,0,0,0,0,0,0,0,0,0,0,0,0,0.262412010841709,0,0,0,0,0,0,0,0,0,0,0,0,0,0,0,0,0,0,2.02959667379003,0,0,0,0,0,0,0,0,0,1.0847919556623,0,0,0,0,0,0,0,0,0,0,0,0,0,0,0,0,0,0,0,0,0,0,0.262975557226511,0,0.0654464804052566,0.366848194953079,0,0,0,0,0,0,0,0,0,0,0,0,0,0,0,0,0.0291911386289615,0,0,0,0,0,0,0,1.33305492383622,0,0,0,0,0,0,1.70261049712394,0,0,0,0,0,0,0,0,0,0,0,0,0,0,0,0,0,0,0,0,0,"PAL-00546"
"751",8912,"nSPC",2015,"PRIAs","Pacific Remote Island Areas","Palmyra","Palmyra",2015,"ForereefMid","Palmyra","2015-04-21","Forereef","Mid",5.86813504,-162.12949251,15.9,3,0.5,3.5,17.5,64,11.5,0,0,NA,0.154,0.134142920617216,1,2,1,55.8734410622161,2.44036509152758,7.63906543045166,1.2424543124743,67.1953258966697,1.96377516983795,0,0,0,0,0,0,0,0,0,0,0,0,0,0,0,0,0.00282942121052258,0,0,0,0,0,0,0,0,0,0,0,0,0,0,0,0,0,0,0,0,0,0,0,0,0,0,0,0,0,0,0,0,0,0,0,0,0,0,0,0,0,0,0,0,0,0,0,0,0,0,0,0,0,0,0,0,0,0,0,0,0,0,0,0,0.00282942121052258,0,0,0,0,0,0,0,0,0,0,0,0,0,0,0,0,0,0,0,0,0,0,0,0,0,0,0,0,0,0,0,0,0,0,0.00282942121052258,0,0,0,0.0141471060526129,0,0,0,0.00848826363156775,0,0,0,0,0,0,0,0,0,0,0,0.00282942121052258,0,0,0,0,0,0,0,0,0,0,0,0,0,0,0,0,0,0,0,0,0,0,0,0,0,0,0,0,0,0,0,0,0,0,0,0,0,0,0,0,0,0,0,0.00282942121052258,0,0,0,0,0,0,0,0,0,0,0.0113176848420903,0,0,0,0,0,0,0,0,0,0,0,0.0707355302630646,0,0,0,0,0,0.444219130052046,0,0,0,0,0,0,0,0,0,0,0,0,0,0,0,0,0,0,0,0,0,0,0,0.00565884242104517,0,0,0,0.00848826363156775,0,0,0.0452707393683613,0,0.00282942121052258,0,0,0,0,0,0,0,0,0,0,0,0,0,0,0,0,0,0,0,0,0,0,0,0,0,0,0,0,0,0,0,0,0,0,0,0,0,0,0,0,0,0,0,0,0,0,0,0,0,0,0,0,0,0,0,0,0,0,0,0,0,0,0,0,0,0,0,0,0,0,0,0,0,0,0,0,0,0,0,0,0,0,0,0,0,0,0,0,0,0,0,0,0,0,0,0,0,0,0,0,0,0,0,0,0,0,0,0,0,0,0,0,0,0,0,0,0,0,0,0,0,0,0,0,0,0,0,0.00565884242104517,0,0,0,0,0,0.00565884242104517,0,0,0,0,0,0,0,0,0,0,0,0,0,0,0,0,0.00282942121052258,0.00565884242104517,0,0,0,0,0,0,0,0,0,0,0,0,0,0,0,0,0,0,0,0,0,0,0,0,0,0,0,0,0,0,0,0,0,0,0,0,0,0,0,0,0,0,0,0,0,0,0,0,0,0,0,0,0,0,0.00282942121052258,0,0,0,0,0,0,0,0,0.00282942121052258,0,0,0,0,0,0,0,0,0,0,0,0,0,0,0,0,0,0,0,0,0.00848826363156775,0,0,0,0,0,0,0,0,0,0,0,0,0,0,0,0,0,0,0.0792237938946323,0,0,0,0,0,0,0,0,0,0,0,0,0,0,0,0,0,0,0,0,0,0,0,0,0,0,0,0,0,0,0,0,0,0,0,0,0,0,0,0,0,0,0,0,0,0,0,0,0,0,0,0,0,0,0,0,0,0,0,0,0,0,0,0,0,0,0,0,0,0,0,0,0,0,0,0,0,0,0,0,0,0,0,0,0,0,0,0,0,0,0,0,0,0,0,0,0,0,0.00282942121052258,0,0,0,0,0.00282942121052258,0,0,0,0,0,0,0,0,0,0.00282942121052258,0,0,0,0,0,0,0,0,0,1.18835690841949,0,0,0,0,0,0,0,0.0311236333157484,0,0,0,0,0,0,0.00282942121052258,0,0,0,0,0,0,0,0,0,0,0,0,0,0,0,0,0,0,0,0,0,0,0,0,0,0,0.364620077229373,0,0,0,0,0,0,0,0,0,0,0,0,0,0,0,0,0,0,0,0,0,0,0,0,0,0,0,0,0,0,0,0,0,0,0,0,0,0,0,0,0,0,0,0,0,0,0,0,0,0,0,0,0,0,0,0,0,0,0,0,0,0,0,0,0.00669024453210871,0,0,0,0,0,0,0,0,0,0,0,0,0,0,0,0,0,0,0,0,0,0,0,0,0,0,0,0,0,0,0,0,0,0,2.34372652492547,0,0,0,0.0306234696952946,0,0,0,0.591229065539894,0,0,0,0,0,0,0,0,0,0,0,0.164507521585897,0,0,0,0,0,0,0,0,0,0,0,0,0,0,0,0,0,0,0,0,0,0,0,0,0,0,0,0,0,0,0,0,0,0,0,0,0,0,0,0,0,0,0,0.333200775916839,0,0,0,0,0,0,0,0,0,0,1.96377516983795,0,0,0,0,0,0,0,0,0,0,0,0.071685084021316,0,0,0,0,0,0.485368486638061,0,0,0,0,0,0,0,0,0,0,0,0,0,0,0,0,0,0,0,0,0,0,0,0.359725822094936,0,0,0,0.187877370578245,0,0,3.75695337394664,0,0.239432563321034,0,0,0,0,0,0,0,0,0,0,0,0,0,0,0,0,0,0,0,0,0,0,0,0,0,0,0,0,0,0,0,0,0,0,0,0,0,0,0,0,0,0,0,0,0,0,0,0,0,0,0,0,0,0,0,0,0,0,0,0,0,0,0,0,0,0,0,0,0,0,0,0,0,0,0,0,0,0,0,0,0,0,0,0,0,0,0,0,0,0,0,0,0,0,0,0,0,0,0,0,0,0,0,0,0,0,0,0,0,0,0,0,0,0,0,0,0,0,0,0,0,0,0,0,0,0,0,14.2326920170835,0,0,0,0,0,16.856867016609,0,0,0,0,0,0,0,0,0,0,0,0,0,0,0,0,0.96849148348127,1.07760132826053,0,0,0,0,0,0,0,0,0,0,0,0,0,0,0,0,0,0,0,0,0,0,0,0,0,0,0,0,0,0,0,0,0,0,0,0,0,0,0,0,0,0,0,0,0,0,0,0,0,0,0,0,0,0,0.0204346147065911,0,0,0,0,0,0,0,0,0.154604052675333,0,0,0,0,0,0,0,0,0,0,0,0,0,0,0,0,0,0,0,0,0.0366142527424299,0,0,0,0,0,0,0,0,0,0,0,0,0,0,0,0,0,0,0.11128697088838,0,0,0,0,0,0,0,0,0,0,0,0,0,0,0,0,0,0,0,0,0,0,0,0,0,0,0,0,0,0,0,0,0,0,0,0,0,0,0,0,0,0,0,0,0,0,0,0,0,0,0,0,0,0,0,0,0,0,0,0,0,0,0,0,0,0,0,0,0,0,0,0,0,0,0,0,0,0,0,0,0,0,0,0,0,0,0,0,0,0,0,0,0,0,0,0,0,0,19.6905012474192,0,0,0,0,0.018182077582592,0,0,0,0,0,0,0,0,0,0.177412658647018,0,0,0,0,0,0,0,0,0,0.796842821966449,0,0,0,0,0,0,0,0.160462135691157,0,0,0,0,0,0,1.99391766905318,0,0,0,0,0,0,0,0,0,0,42.86050074,52.13220095,60.02740106,50.34720086,46.44490083,43.48710079,49.23370084,52.1491009,44.32400082,61.60780112,36.47870063,"PAL-00482"
"752",8913,"nSPC",2015,"PRIAs","Pacific Remote Island Areas","Palmyra","Palmyra",2015,"ForereefShallow","Palmyra","2015-04-21","Forereef","Shallow",5.88648059,-162.12933736,5.8,25,1.5,9,30,33,0.5,0,1,NA,1.005,0.715298092686452,3,2,1,10.2343771288088,0.616881021755771,43.3627134150532,4.65456532305128,58.8685368886691,3.63525687539683,0,0,0,0,0,0,0,0,0,0,0,0,0,0,0,0,0.0735649514735872,0,0,0,0,0,0,0,0,0,0,0,0,0,0,0,0,0,0,0,0,0,0,0,0,0,0,0,0,0,0,0,0,0,0,0,0,0,0,0,0,0,0,0,0,0,0,0,0,0,0,0,0,0,0,0,0,0,0,0,0,0,0,0,0,0,0,0,0,0,0,0,0,0,0,0,0,0,0,0,0,0,0,0,0,0,0,0,0,0,0,0,0,0,0,0,0,0,0,0,0.00565884242104517,0,0,0,0.0481001605788839,0,0,0,0,0,0,0,0,0,0,0,0,0,0,0,0,0,0,0,0,0,0,0,0,0,0,0,0,0,0,0,0,0,0,0,0,0,0,0,0,0,0,0,0,0,0,0,0,0,0.00565884242104517,0.0113176848420903,0.0565884242104517,0,0,0,0,0,0,0,0,0,0,0,0,0,0,0,0,0,0,0.0226353696841807,0,0,0,0,0.00848826363156775,0.00848826363156775,0,0,0,0,0,0.124494533262994,0,0,0,0,0.0367824757367936,0,0,0,0,0,0,0,0,0,0,0,0,0,0,0,0,0,0,0,0,0,0,0,0,0,0,0,0,0.00282942121052258,0,0,0,0,0.299918648315394,0,0,0,0,0,0,0,0,0,0,0,0,0,0,0,0,0,0,0,0,0,0,0,0,0,0,0,0,0,0.00848826363156775,0,0,0,0,0,0,0,0,0,0,0,0,0,0,0,0,0,0,0,0,0,0,0,0,0,0,0.0113176848420903,0,0,0,0,0,0,0,0,0,0,0,0,0,0,0,0,0,0,0,0.00282942121052258,0,0,0,0,0,0,0,0,0,0,0,0,0,0,0,0,0,0,0,0,0,0,0,0,0,0,0,0,0,0,0,0,0,0,0,0,0,0,0,0.00565884242104517,0,0,0,0.0113176848420903,0,0,0,0,0,0,0,0,0,0,0,0,0.00565884242104517,0,0,0,0,0,0,0,0,0,0,0,0,0,0,0,0,0,0,0,0,0,0,0,0,0,0,0,0,0,0,0,0,0,0,0,0,0,0,0,0,0,0.00848826363156775,0,0,0,0,0,0,0,0,0,0,0,0,0,0,0,0,0,0,0,0,0,0,0,0,0,0,0,0,0,0,0.00565884242104517,0,0,0,0,0,0,0,0,0,0,0,0,0,0,0,0,0,0,0,0,0,0,0,0,0,0,0,0,0,0.0622472666314969,0,0,0,0,0.067906109052542,0,0,0,0,0,0,0,0,0,0,0,0,0,0.0169765272631355,0,0,0,0,0,0,0,0,0,0,0,0,0,0,0,0,0,0,0,0,0,0,0,0,0,0,0,0,0,0,0,0.0226353696841807,0,0,0,0,0,0,0,0,0,0,0,0,0,0,0,0,0,0,0,0,0,0,0,0,0,0,0,0,0,0,0,0,0,0,0,0,0,0,0.00282942121052258,0,0,0,0,0,0,0,0,0,0,0,0,0,0,0,0,0,0,0,0,0,0,0,0,0,0,0,0,0,0,0,0,0.0169765272631355,0,0,0.0537590029999291,0,0,0,0,0,0,0,0,0,0,0,0,0,0,0,0,0.00282942121052258,0,0,0,0,0,0,0,0.181082957473445,0,0,0,0,0,0,0,0,0,0,0,0,0,0,0.00282942121052258,0,0,0,0,0,0,0,0,0,0,0,0,0,0,0,0,0,0,6.79493259095974,0,0,0,0,0,0,0,0,0,0,0,0,0,0,0,0,0,0,0,0,0,0,0,0,0,0,0,0,0,0,0,0,0,0,0,0,0,0,0,0,0,0,0,0,0,0,0,0,0,0,0,0,0,0,0,0,0,0,0,0,0,0,0,0,0,0,0,0,0,0,0,0,0,0,0,0,0,0,0,0,0,0,0,0,0,0,0,0,0,0,0,0,0,0,0,0,0,0,0,3.26646948902121,0,0,0,0.192158807876589,0,0,0,0,0,0,0,0,0,0,0,0,0,0,0,0,0,0,0,0,0,0,0,0,0,0,0,0,0,0,0,0,0,0,0,0,0,0,0,0,0,0,0,0,0,0,0,0,0,0.119323859908858,1.46521682895826,0.11125057846078,0,0,0,0,0,0,0,0,0,0,0,0,0,0,0,0,0,0,1.99193635292253,0,0,0,0,0.332992572386412,0.32833312147475,0,0,0,0,0,0.229801063644707,0,0,0,0,0.245953835953122,0,0,0,0,0,0,0,0,0,0,0,0,0,0,0,0,0,0,0,0,0,0,0,0,0,0,0,0,0.0749813966992483,0,0,0,0,28.794625544269,0,0,0,0,0,0,0,0,0,0,0,0,0,0,0,0,0,0,0,0,0,0,0,0,0,0,0,0,0,0.637086343843243,0,0,0,0,0,0,0,0,0,0,0,0,0,0,0,0,0,0,0,0,0,0,0,0,0,0,0.140357824816749,0,0,0,0,0,0,0,0,0,0,0,0,0,0,0,0,0,0,0,0.236265071445519,0,0,0,0,0,0,0,0,0,0,0,0,0,0,0,0,0,0,0,0,0,0,0,0,0,0,0,0,0,0,0,0,0,0,0,0,0,0,0,0.0177965605695409,0,0,0,0.00806492312531099,0,0,0,0,0,0,0,0,0,0,0,0,6.96790763978763,0,0,0,0,0,0,0,0,0,0,0,0,0,0,0,0,0,0,0,0,0,0,0,0,0,0,0,0,0,0,0,0,0,0,0,0,0,0,0,0,0,3.1149205094243,0,0,0,0,0,0,0,0,0,0,0,0,0,0,0,0,0,0,0,0,0,0,0,0,0,0,0,0,0,0,0.0252445508156762,0,0,0,0,0,0,0,0,0,0,0,0,0,0,0,0,0,0,0,0,0,0,0,0,0,0,0,0,0,0.396286081477513,0,0,0,0,0.174732469415382,0,0,0,0,0,0,0,0,0,0,0,0,0,0.0240695713731691,0,0,0,0,0,0,0,0,0,0,0,0,0,0,0,0,0,0,0,0,0,0,0,0,0,0,0,0,0,0,0,0.0248283940185314,0,0,0,0,0,0,0,0,0,0,0,0,0,0,0,0,0,0,0,0,0,0,0,0,0,0,0,0,0,0,0,0,0,0,0,0,0,0,1.6433205224743,0,0,0,0,0,0,0,0,0,0,0,0,0,0,0,0,0,0,0,0,0,0,0,0,0,0,0,0,0,0,0,0,0.0512183044972653,0,0,0.244686586354027,0,0,0,0,0,0,0,0,0,0,0,0,0,0,0,0,0.00580597232399234,0,0,0,0,0,0,0,0.74803672079554,0,0,0,0,0,0,0,0,0,0,0,0,0,0,0.459932799576192,0,0,0,0,0,0,0,0,0,0,0,0,0,"PAL-00522"
"753",8918,"nSPC",2015,"PRIAs","Pacific Remote Island Areas","Palmyra","Palmyra",2015,"ForereefMid","Palmyra","2015-04-22","Forereef","Mid",5.8665548,-162.13644697,15.05,4,0,0.5,6,59.5,30,0,0,NA,0.189,0.15228491925834,0.75,2,1,6.74514761042213,1.8922423066473,1.64044904247094,1.39387840737693,11.6717173669173,0,0,0,0,0,0,0,0,0,0,0,0,0,0,0,0,0,0.00848826363156775,0,0,0,0,0,0,0,0,0,0,0,0,0,0,0,0,0,0,0,0,0,0,0,0,0,0,0,0,0,0,0,0,0,0,0,0,0,0,0,0,0,0,0,0,0,0,0,0,0,0,0,0,0,0,0,0,0,0,0,0.00565884242104517,0,0,0,0,0,0,0,0,0,0,0,0,0,0,0,0,0,0,0,0,0,0,0,0,0,0,0,0,0,0,0,0,0,0,0,0,0,0,0,0,0,0,0,0,0,0,0,0,0,0,0,0,0,0,0,0,0,0,0,0.00848826363156775,0,0,0,0,0,0,0,0,0,0,0,0,0,0,0,0,0,0,0,0,0,0,0,0,0,0,0,0,0,0,0,0,0,0,0,0,0,0,0,0,0,0,0,0,0,0,0,0,0,0,0,0,0,0,0,0,0,0,0,0,0,0,0,0,0,0,0.033953054526271,0,0,0,0,0,0.0481001605788839,0,0,0,0,0,0,0,0.00282942121052258,0,0,0,0,0,0,0,0,0,0,0,0.0367824757367936,0,0,0,0,0,0,0,0,0,0,0.0141471060526129,0,0,0,0,0,0,0,0,0,0,0,0,0,0,0,0,0,0,0,0,0,0,0,0,0,0,0,0,0,0,0,0,0,0,0,0,0,0,0,0,0,0,0,0,0,0,0,0,0,0,0,0,0,0,0,0,0,0,0,0,0,0,0,0,0,0,0,0,0,0,0,0,0,0,0,0,0,0,0,0,0,0,0,0,0.00565884242104517,0,0,0,0,0,0,0,0,0,0,0,0,0,0,0,0,0,0,0,0,0,0,0,0,0,0,0,0,0,0,0,0,0,0,0,0,0,0,0,0,0,0,0,0,0,0,0,0,0,0,0.00282942121052258,0,0,0,0,0,0,0,0,0,0,0,0,0,0,0,0,0,0,0,0,0,0,0,0,0,0,0,0,0,0,0,0,0,0,0,0,0,0,0,0,0,0,0,0,0,0,0,0,0,0,0,0,0,0,0,0,0,0,0,0,0,0,0,0,0,0,0,0,0,0,0,0,0,0,0,0,0,0,0,0,0,0,0,0.00282942121052258,0,0,0,0,0,0,0,0,0,0,0,0,0,0,0,0,0,0,0,0,0,0,0,0,0,0,0,0,0,0,0,0,0,0,0,0,0,0.033953054526271,0,0,0,0,0,0,0,0,0,0,0,0,0,0,0,0,0,0,0,0,0,0,0,0,0,0,0,0,0,0,0,0,0,0,0,0,0,0,0,0,0,0,0,0,0,0.0113176848420903,0,0,0,0,0,0,0,0,0,0,0,0,0,0,0,0,0,0,0,0,0,0,0,0,0,0,0,0,0,0,0,0,0,0,0,0,0,0,0,0,0,0,0,0,0,0,0,0,0,0,0,0,0,0,0,0,0,0,0,0,0,0,0,0,0,0,0,0.00282942121052258,0,0,0,0,0,0,0,0,0,1.05820353273545,0,0,0,0,0,0,0,0.0311236333157484,0,0,0,0,0,0,0,0,0,0,0,0,0,0,0,0,0,0,0,0,0,0,0,0,0,0,0,0,0,0,0,0,0,0.798487103975885,0,0,0,0,0,0,0,0,0,0,0,0,0,0,0,0,0,0,0,0,0,0,0,0,0,0,0,0,0,0,0,0,0,0,0,0,0,0,0,0,0,0,0,0,0,0,0,0,0,0,0,0,0,0,0,0,0,0,0,0.786936869684827,0,0,0,0,0,0,0,0,0,0,0,0,0,0,0,0,0,0,0,0,0,0,0,0,0,0,0,0,0,0,0,0,0,0,0,0,0,0,0,0,0,0,0,0,0,0,0,0,0,0,0,0,0,0,0,0,0,0,0,0.607738218585472,0,0,0,0,0,0,0,0,0,0,0,0,0,0,0,0,0,0,0,0,0,0,0,0,0,0,0,0,0,0,0,0,0,0,0,0,0,0,0,0,0,0,0,0,0,0,0,0,0,0,0,0,0,0,0,0,0,0,0,0,0,0,0,0,0,0,0.0425584561959544,0,0,0,0,0,0.189590920341957,0,0,0,0,0,0,0,0.0058621881694282,0,0,0,0,0,0,0,0,0,0,0,0.230233688261994,0,0,0,0,0,0,0,0,0,0,0.841961938495052,0,0,0,0,0,0,0,0,0,0,0,0,0,0,0,0,0,0,0,0,0,0,0,0,0,0,0,0,0,0,0,0,0,0,0,0,0,0,0,0,0,0,0,0,0,0,0,0,0,0,0,0,0,0,0,0,0,0,0,0,0,0,0,0,0,0,0,0,0,0,0,0,0,0,0,0,0,0,0,0,0,0,0,0,0.0176114493827768,0,0,0,0,0,0,0,0,0,0,0,0,0,0,0,0,0,0,0,0,0,0,0,0,0,0,0,0,0,0,0,0,0,0,0,0,0,0,0,0,0,0,0,0,0,0,0,0,0,0,6.13740939183666,0,0,0,0,0,0,0,0,0,0,0,0,0,0,0,0,0,0,0,0,0,0,0,0,0,0,0,0,0,0,0,0,0,0,0,0,0,0,0,0,0,0,0,0,0,0,0,0,0,0,0,0,0,0,0,0,0,0,0,0,0,0,0,0,0,0,0,0,0,0,0,0,0,0,0,0,0,0,0,0,0,0,0,0.0118471683320419,0,0,0,0,0,0,0,0,0,0,0,0,0,0,0,0,0,0,0,0,0,0,0,0,0,0,0,0,0,0,0,0,0,0,0,0,0,0.106369182527552,0,0,0,0,0,0,0,0,0,0,0,0,0,0,0,0,0,0,0,0,0,0,0,0,0,0,0,0,0,0,0,0,0,0,0,0,0,0,0,0,0,0,0,0,0,0.100107185965257,0,0,0,0,0,0,0,0,0,0,0,0,0,0,0,0,0,0,0,0,0,0,0,0,0,0,0,0,0,0,0,0,0,0,0,0,0,0,0,0,0,0,0,0,0,0,0,0,0,0,0,0,0,0,0,0,0,0,0,0,0,0,0,0,0,0,0,0.140455413338476,0,0,0,0,0,0,0,0,0,1.45361656161658,0,0,0,0,0,0,0,0.200931630207382,0,0,0,0,0,0,0,0,0,0,0,0,0,0,0,0,0,54.83650097,64.21280114,78.21820135,61.18480102,55.70920098,55.61570099,60.55280104,62.36200107,62.18260115,76.62050139,44.11110076,"PAL-00519"
"754",8919,"nSPC",2015,"PRIAs","Pacific Remote Island Areas","Palmyra","Palmyra",2015,"ForereefDeep","Palmyra","2015-04-22","Forereef","Deep",5.87423455,-162.14867759,20.55,17.5,10,2.5,7.5,50,12.5,0,0,NA,0.36,0.295773169937139,1,2,1,40.7852541468712,1.50968488183856,8.34676450012747,9.73313522217424,60.3748387510115,4.59399698964805,0,0,0,0,0,0,0,0,0,0,0,0,0,0,0,0,0.00848826363156775,0,0,0,0,0,0,0,0,0.00282942121052258,0,0,0,0,0,0,0,0,0,0,0,0,0,0,0,0,0,0,0,0,0,0,0,0,0,0,0,0,0,0,0.00282942121052258,0,0,0,0,0,0,0,0,0.00848826363156775,0,0,0,0,0,0,0,0,0,0,0.00565884242104517,0,0,0,0,0,0,0.00282942121052258,0,0,0.00282942121052258,0,0,0,0,0,0,0,0,0,0,0,0,0,0,0,0,0,0,0,0,0,0,0,0,0,0,0,0,0,0.00565884242104517,0,0,0,0.0311236333157484,0,0,0,0,0.00282942121052258,0,0,0,0,0,0,0,0,0,0,0.00848826363156775,0,0.00282942121052258,0,0,0,0,0,0,0,0,0,0,0,0,0,0,0,0,0,0,0,0,0,0,0,0,0,0,0,0,0,0,0,0.0113176848420903,0,0.172594693841878,0,0,0,0,0,0,0,0.00565884242104517,0,0,0,0,0,0,0,0,0.00565884242104517,0,0.0113176848420903,0,0,0,0,0,0,0,0,0,0,0,0.226353696841807,0,0,0,0,0.00565884242104517,0.0311236333157484,0,0,0,0,0,0,0,0,0,0,0,0,0,0,0,0,0,0,0,0.00565884242104517,0,0,0,0,0,0,0,0.0113176848420903,0,0,0.0226353696841807,0,0,0,0,0,0,0,0,0,0,0,0,0,0,0,0,0,0,0,0,0,0,0,0,0,0,0,0,0,0.00282942121052258,0,0.00565884242104517,0,0,0,0,0,0,0,0,0,0,0,0,0,0,0,0,0,0,0,0,0,0,0,0,0,0,0,0,0,0,0,0,0,0,0,0,0,0,0,0,0,0,0,0,0,0,0.00282942121052258,0,0,0,0,0,0.0254647908947033,0,0,0,0,0,0,0,0,0,0,0,0,0,0,0,0,0,0,0,0,0,0,0,0,0,0,0,0,0,0,0,0,0.00282942121052258,0.00282942121052258,0,0,0,0.00282942121052258,0,0,0,0,0,0,0,0,0,0,0,0,0.0282942121052258,0,0.00565884242104517,0,0,0,0,0,0,0,0,0,0,0.00282942121052258,0,0,0,0,0.00282942121052258,0,0,0,0,0,0,0,0,0,0,0,0,0,0,0,0,0,0,0,0,0,0,0,0,0,0,0,0,0,0,0,0,0,0,0,0,0,0,0,0,0,0,0,0,0,0,0,0,0,0,0,0,0,0,0,0,0,0,0,0,0,0,0,0,0,0,0,0,0,0,0,0,0,0,0,0,0,0,0,0,0,0,0,0,0.00282942121052258,0,0,0,0,0.0311236333157484,0,0,0,0,0,0,0,0,0,0,0,0,0,0,0,0,0,0,0,0,0,0,0,0,0,0,0,0,0,0,0,0,0,0,0,0.00565884242104517,0,0,0,0,0.0198059484736581,0.0424413181578388,0,0,0,0,0,0,0,0,0,0,0,0,0,0,0,0,0,0,0,0,0,0,0,0,0.00282942121052258,0,0,0,0,0,0,0,0,0,0,0,0,0,0,0,0,0,0,0,0,0,0,0,0,0,0,0,0,0,0,0,0,0,0,0,0,0,0,0,0,0,0,0,0,0,0,0,0,0,0,0.0537590029999291,0,0,0,0,0,0,0,0,0,0,0,0,0,0,0,0,0,0,0,0.183912378683968,0,0,0,0,0,0,0,0.00848826363156775,0,0,0,0,0,0,0.00282942121052258,0,0,0,0,0,0,0,0,0,0,0,0,0,0,0,0,0,0,0,0,0,0,0,0,0,0,0.656427554741371,0,0,0,0,0,0,0,0,0.177316431957998,0,0,0,0,0,0,0,0,0,0,0,0,0,0,0,0,0,0,0,0,0,0,0,0,0,0,0,0,0,0,0.237671381683897,0,0,0,0,0,0,0,0,0.855811613830645,0,0,0,0,0,0,0,0,0,0,0.668936070456246,0,0,0,0,0,0,0.0980785542552974,0,0,0.88632976934183,0,0,0,0,0,0,0,0,0,0,0,0,0,0,0,0,0,0,0,0,0,0,0,0,0,0,0,0,0,2.70651045192942,0,0,0,0.125973058645012,0,0,0,0,0.00804255019459387,0,0,0,0,0,0,0,0,0,0,0.508498839465035,0,0.00467194030281489,0,0,0,0,0,0,0,0,0,0,0,0,0,0,0,0,0,0,0,0,0,0,0,0,0,0,0,0,0,0,0,0.563977323707424,0,0.50318257042661,0,0,0,0,0,0,0,0.54947018315172,0,0,0,0,0,0,0,0,0.358222584828211,0,4.59399698964805,0,0,0,0,0,0,0,0,0,0,0,0.373755224225191,0,0,0,0,0.0500656322801168,0.0766328749125712,0,0,0,0,0,0,0,0,0,0,0,0,0,0,0,0,0,0,0,0.0433483122182918,0,0,0,0,0,0,0,0.602340862531539,0,0,1.70877582647816,0,0,0,0,0,0,0,0,0,0,0,0,0,0,0,0,0,0,0,0,0,0,0,0,0,0,0,0,0,0.657801607423878,0,0.494864872770184,0,0,0,0,0,0,0,0,0,0,0,0,0,0,0,0,0,0,0,0,0,0,0,0,0,0,0,0,0,0,0,0,0,0,0,0,0,0,0,0,0,0,0,0,0,0,0.0871699903121249,0,0,0,0,0,0.0783107396699967,0,0,0,0,0,0,0,0,0,0,0,0,0,0,0,0,0,0,0,0,0,0,0,0,0,0,0,0,0,0,0,0,0.00785111761276115,0.00889828028477043,0,0,0,0.00785111761276115,0,0,0,0,0,0,0,0,0,0,0,0,34.6808541973158,0,4.52748503511343,0,0,0,0,0,0,0,0,0,0,0.0422842852806548,0,0,0,0,0.312297147030625,0,0,0,0,0,0,0,0,0,0,0,0,0,0,0,0,0,0,0,0,0,0,0,0,0,0,0,0,0,0,0,0,0,0,0,0,0,0,0,0,0,0,0,0,0,0,0,0,0,0,0,0,0,0,0,0,0,0,0,0,0,0,0,0,0,0,0,0,0,0,0,0,0,0,0,0,0,0,0,0,0,0,0,0,0.00780383041514671,0,0,0,0,0.0948874425486346,0,0,0,0,0,0,0,0,0,0,0,0,0,0,0,0,0,0,0,0,0,0,0,0,0,0,0,0,0,0,0,0,0,0,0,0.0118128335539318,0,0,0,0,0.120080591902955,0.0934340848635642,0,0,0,0,0,0,0,0,0,0,0,0,0,0,0,0,0,0,0,0,0,0,0,0,0.196338603095246,0,0,0,0,0,0,0,0,0,0,0,0,0,0,0,0,0,0,0,0,0,0,0,0,0,0,0,0,0,0,0,0,0,0,0,0,0,0,0,0,0,0,0,0,0,0,0,0,0,0,0.338910510858118,0,0,0,0,0,0,0,0,0,0,0,0,0,0,0,0,0,0,0,0.230626122869696,0,0,0,0,0,0,0,0.0233220702119745,0,0,0,0,0,0,1.99391766905318,0,0,0,0,0,0,0,0,0,0,62.01000108,68.58300122,78.43770133,71.11550119,55.97080098,59.84910108,61.96630108,66.06610113,67.17880125,72.2760013,46.90750081,"PAL-00450"
"755",8924,"nSPC",2015,"PRIAs","Pacific Remote Island Areas","Palmyra","Palmyra",2015,"ForereefDeep","Palmyra","2015-04-22","Forereef","Deep",5.87315831,-162.14295066,24.6,24,3,6.5,8,53.5,5,0,0,NA,0.4725,0.306833684533776,1.1,2,1,20.5851415645908,4.40569789131042,13.1770817151188,13.1586267725563,51.3265479435763,3.21758515470997,0,0,0,0,0,0,0,0,0.00848826363156775,0,0,0,0,0.00282942121052258,0.00282942121052258,0,0.0311236333157484,0,0,0,0,0,0,0,0,0.00848826363156775,0,0.00282942121052258,0,0,0,0,0,0,0,0,0,0,0,0,0,0,0,0,0,0,0,0,0,0,0.00282942121052258,0,0,0,0,0,0.0113176848420903,0,0,0,0,0,0,0,0,0,0,0,0,0,0,0,0,0,0,0,0.00848826363156775,0,0,0,0,0,0,0,0,0,0.00565884242104517,0,0,0,0,0,0,0,0,0,0,0,0,0,0.00565884242104517,0,0,0,0,0,0,0,0,0,0,0,0,0,0,0,0.0113176848420903,0,0,0,0.00848826363156775,0,0,0,0,0,0,0,0,0,0,0,0,0,0,0,0.00565884242104517,0,0,0,0,0,0,0,0,0,0,0,0,0,0,0,0,0,0,0,0,0,0,0,0,0,0,0,0,0,0,0,0,0,0.00565884242104517,0.0113176848420903,0.58003134815713,0,0,0,0,0,0,0,0.0113176848420903,0,0,0,0.0113176848420903,0,0,0.00565884242104517,0,0,0,0.00565884242104517,0,0,0,0,0,0,0,0,0,0,0,0.101859163578813,0,0,0,0,0.0481001605788839,0,0,0,0,0,0,0,0,0,0,0,0,0,0,0,0,0,0,0,0,0,0,0,0,0,0,0,0,0.067906109052542,0,0,0.00848826363156775,0,0,0,0,0,0,0,0,0,0,0,0,0,0,0,0,0,0,0,0,0,0,0,0,0,0,0,0,0,0,0,0.00282942121052258,0,0,0,0,0,0,0,0,0.00282942121052258,0,0,0,0,0,0,0,0.00565884242104517,0,0,0,0,0,0,0,0,0,0,0,0,0,0,0,0,0,0,0,0,0,0,0,0,0,0,0,0,0,0,0,0,0,0,0,0,0,0,0,0,0,0,0,0,0.00282942121052258,0,0,0,0,0,0,0,0,0,0,0,0,0,0,0,0,0,0,0,0,0,0,0,0.00282942121052258,0.00282942121052258,0,0,0,0.00282942121052258,0,0,0,0,0,0,0,0,0,0,0,0,0.0113176848420903,0.00282942121052258,0.00565884242104517,0,0,0,0,0,0,0,0,0,0,0,0,0,0,0,0,0.00565884242104517,0,0,0,0,0,0,0,0,0,0.00565884242104517,0.00565884242104517,0,0,0.0113176848420903,0,0,0,0,0,0,0,0,0,0,0,0,0,0,0,0,0,0,0,0,0,0,0,0,0,0,0,0,0,0,0,0,0,0,0,0,0,0,0.00282942121052258,0,0,0,0,0,0,0,0,0,0,0,0,0,0,0,0,0,0,0,0,0,0,0,0,0,0,0,0,0,0,0,0,0,0,0,0.0282942121052258,0,0,0,0,0,0,0,0,0,0,0,0,0,0,0,0,0,0,0,0,0,0,0,0,0,0,0,0,0,0,0,0,0,0,0,0.0113176848420903,0,0,0,0,0.00282942121052258,0.0254647908947033,0,0,0,0,0,0,0,0,0,0,0,0,0,0,0,0,0,0,0,0,0,0,0,0,0,0,0,0,0,0,0,0,0,0,0,0,0,0,0,0,0,0,0,0,0,0,0,0,0,0,0,0,0,0,0,0,0,0.00282942121052258,0,0,0,0,0,0,0,0,0,0,0,0,0,0,0,0,0,0,0,0,0,0,0,0,0,0,0,0,0,0,0,0,0,0,0,0,0,0.0169765272631355,0,0,0,0,0,0,0,0.00565884242104517,0,0,0,0,0,0,0,0,0,0,0,0,0,0,0,0,0,0,0,0,0,0,0,0,0,1.64349055136948,0,0,0,0,0.461617396886538,0.512234066195322,0,2.619177598588,0,0,0,0,0,0,0,0,0.285325342537882,0,0.656778649958073,0,0,0,0,0,0,0,0,0,0,0,0,0,0,0,0,0,0,0,0,0,0,0.0718718258212105,0,0,0,0,0,4.52671884447421,0,0,0,0,0,0,0,0,0,0,0,0,0,0,0,0,0,0,0,1.17432032180616,0,0,0,0,0,0,0,0,0,1.93533701436419,0,0,0,0,0,0,0,0,0,0,0,0,0,2.1798320905668,0,0,0,0,0,0,0,0,0,0,0,0,0,0,0,3.44700681924981,0,0,0,0.0401960088433489,0,0,0,0,0,0,0,0,0,0,0,0,0,0,0,0.410421585890339,0,0,0,0,0,0,0,0,0,0,0,0,0,0,0,0,0,0,0,0,0,0,0,0,0,0,0,0,0,0,0,0,0,0.281988661853712,1.09894036630344,1.15229027624895,0,0,0,0,0,0,0,0.99653353946155,0,0,0,0.247409253397689,0,0,0.281988661853712,0,0,0,2.01477984007677,0,0,0,0,0,0,0,0,0,0,0,0.194907509508059,0,0,0,0,0.365953293980265,0,0,0,0,0,0,0,0,0,0,0,0,0,0,0,0,0,0,0,0,0,0,0,0,0,0,0,0,3.01467355991432,0,0,1.01132872865378,0,0,0,0,0,0,0,0,0,0,0,0,0,0,0,0,0,0,0,0,0,0,0,0,0,0,0,0,0,0,0,0.187246719765972,0,0,0,0,0,0,0,0,1.70189647189575,0,0,0,0,0,0,0,0.174752127514901,0,0,0,0,0,0,0,0,0,0,0,0,0,0,0,0,0,0,0,0,0,0,0,0,0,0,0,0,0,0,0,0,0,0,0,0,0,0,0,0,0,0,0,0,0.331859701418862,0,0,0,0,0,0,0,0,0,0,0,0,0,0,0,0,0,0,0,0,0,0,0,0.0048155202490365,0.00889828028477043,0,0,0,0.0027012170491327,0,0,0,0,0,0,0,0,0,0,0,0,10.3679650349504,0.28577184477621,1.81439731652223,0,0,0,0,0,0,0,0,0,0,0,0,0,0,0,0,1.2876580969391,0,0,0,0,0,0,0,0,0,0.605025163804056,0.3393575189195,0,0,1.91781116644504,0,0,0,0,0,0,0,0,0,0,0,0,0,0,0,0,0,0,0,0,0,0,0,0,0,0,0,0,0,0,0,0,0,0,0,0,0,0,0.131132808130273,0,0,0,0,0,0,0,0,0,0,0,0,0,0,0,0,0,0,0,0,0,0,0,0,0,0,0,0,0,0,0,0,0,0,0,0.135129445815283,0,0,0,0,0,0,0,0,0,0,0,0,0,0,0,0,0,0,0,0,0,0,0,0,0,0,0,0,0,0,0,0,0,0,0,0.0324616666062046,0,0,0,0,0.00627676278629307,0.131559686638749,0,0,0,0,0,0,0,0,0,0,0,0,0,0,0,0,0,0,0,0,0,0,0,0,0,0,0,0,0,0,0,0,0,0,0,0,0,0,0,0,0,0,0,0,0,0,0,0,0,0,0,0,0,0,0,0,0,1.2028053146332,0,0,0,0,0,0,0,0,0,0,0,0,0,0,0,0,0,0,0,0,0,0,0,0,0,0,0,0,0,0,0,0,0,0,0,0,0,0.0184930970319756,0,0,0,0,0,0,0,0.013411173595756,0,0,0,0,0,0,0,0,0,0,0,0,0,0,0,0,0,53.21670092,62.24170113,74.99500128,64.39740108,52.33830092,55.084901,58.88360103,61.63570105,58.07640108,69.09440125,41.85580071,"PAL-00458"
"756",8925,"nSPC",2015,"PRIAs","Pacific Remote Island Areas","Palmyra","Palmyra",2015,"ForereefDeep","Palmyra","2015-04-22","Forereef","Deep",5.8753154,-162.15195173,19.45,18.5,25,4.5,7.5,40,4.5,0,0,NA,0.4425,0.256862075973999,1.05,2,1,41.6209555875802,11.7128110349838,16.6651375621582,15.647063912129,85.6459680968511,13.7577179454634,0,0,0,0,0,0,0,0,0,0,0,0,0,0,0,0,0.033953054526271,0,0,0,0,0,0,0,0,0.0282942121052258,0,0,0,0,0.00282942121052258,0,0,0,0,0,0,0,0,0,0,0,0,0,0,0,0,0,0,0,0,0,0,0,0,0,0,0,0,0,0,0,0,0,0,0,0,0,0,0,0,0,0,0,0,0,0.00848826363156775,0,0,0,0,0.0226353696841807,0,0.00282942121052258,0,0,0.00565884242104517,0,0,0,0,0,0,0,0,0,0,0,0,0,0,0,0,0,0,0,0,0,0,0,0,0,0,0,0,0,0.00848826363156775,0,0,0,0.118835690841949,0,0,0,0,0,0,0,0,0,0,0,0,0,0,0,0.00565884242104517,0,0,0,0,0,0,0,0,0.00848826363156775,0,0,0,0,0,0,0,0,0,0,0,0,0,0,0,0,0,0,0,0,0,0,0,0,0,0.00565884242104517,0.198059484736581,0,0,0,0,0,0,0,0.00848826363156775,0,0,0,0,0,0,0,0,0,0,0.0169765272631355,0,0,0,0,0.00282942121052258,0,0,0,0,0,0,0.33953054526271,0,0,0,0,0.104688584789336,0,0,0,0,0,0,0,0,0,0,0,0,0,0,0,0,0,0,0,0,0,0,0,0,0,0,0,0,0.0226353696841807,0,0,0.00565884242104517,0,0,0,0,0,0,0,0,0,0,0,0,0,0,0,0,0,0,0,0,0,0,0,0,0,0,0,0,0,0,0,0.0113176848420903,0,0,0,0,0,0,0,0,0.00282942121052258,0,0,0,0,0,0,0,0,0,0,0,0,0,0,0,0,0,0.00282942121052258,0,0,0,0,0,0,0,0,0,0,0,0,0,0,0,0,0,0,0,0.00565884242104517,0,0,0,0,0,0.0169765272631355,0,0,0,0,0,0,0,0,0,0,0,0,0,0,0,0,0,0,0,0,0,0,0,0,0,0,0,0,0,0,0,0,0.00282942121052258,0.0113176848420903,0,0,0,0.00282942121052258,0,0,0,0,0,0,0,0,0,0,0,0,0.0198059484736581,0,0.00848826363156775,0,0,0,0,0,0,0,0,0,0,0,0,0,0,0.0141471060526129,0,0.00848826363156775,0,0,0,0,0,0,0,0.00848826363156775,0,0,0.0254647908947033,0,0,0,0,0,0,0,0,0.00282942121052258,0,0,0,0,0,0,0,0,0,0,0,0,0,0,0,0,0,0,0,0,0,0,0,0,0,0,0,0,0,0,0,0,0.00282942121052258,0.0226353696841807,0,0,0,0,0,0.00848826363156775,0,0,0.00282942121052258,0,0,0,0,0,0,0,0,0,0,0,0,0,0,0,0,0,0,0,0,0.0226353696841807,0,0,0,0,0.0509295817894065,0,0,0,0,0,0,0,0,0,0,0,0,0,0,0,0.00565884242104517,0,0,0,0,0,0,0,0,0,0,0,0,0,0,0,0,0,0,0,0.0141471060526129,0,0,0,0.00565884242104517,0.0282942121052258,0.104688584789336,0,0,0,0,0,0,0,0,0,0,0,0,0,0,0,0,0,0,0,0,0,0,0,0,0.00565884242104517,0,0,0,0,0,0,0,0.00282942121052258,0,0,0,0,0,0,0,0,0.00282942121052258,0.00565884242104517,0,0,0,0,0,0.00282942121052258,0,0,0,0.00282942121052258,0,0,0,0,0.00565884242104517,0,0,0,0,0,0,0,0,0,0,0,0,0,0,0,0,0,0.0282942121052258,0,0,0,0,0,0,0,0,0.00282942121052258,0,0,0,0,0,0,0,0,0,0,0.0990297423682904,0,0,0,0,0,0,0,0.00282942121052258,0,0,0,0,0,0,0.00282942121052258,0,0,0,0,0,0,0,0,0,0,0,0,0,0,0,0,0,0,0,0,0,0,0,0,0,0,1.42469853292548,0,0,0,0,0,0,0,0,1.08528392314136,0,0,0,0,0.34156320146035,0,0,0,0,0,0,0,0,0,0,0,0,0,0,0,0,0,0,0,0,0,0,0,0,0,0,0,0,0,0,0,0,0,0,0,0,0,0,0,0,0,0,0,0,0,1.0113302102457,0,0,0,0,0.0262829702316695,0,0.0980785542552974,0,0,1.8832989370386,0,0,0,0,0,0,0,0,0,0,0,0,0,0,0,0,0,0,0,0,0,0,0,0,0,0,0,0,0,4.62900684352555,0,0,0,0.301531164719794,0,0,0,0,0,0,0,0,0,0,0,0,0,0,0,0.253283499072986,0,0,0,0,0,0,0,0,0.708721200319414,0,0,0,0,0,0,0,0,0,0,0,0,0,0,0,0,0,0,0,0,0,0,0,0,0,0.666401551833678,0.178117724044818,0,0,0,0,0,0,0,0.72179844788569,0,0,0,0,0,0,0,0,0,0,2.40742125691102,0,0,0,0,0.221812025689268,0,0,0,0,0,0,0.262796642033338,0,0,0,0,0.608535250671626,0,0,0,0,0,0,0,0,0,0,0,0,0,0,0,0,0,0,0,0,0,0,0,0,0,0,0,0,0.50565946525881,0,0,0.618247717794073,0,0,0,0,0,0,0,0,0,0,0,0,0,0,0,0,0,0,0,0,0,0,0,0,0,0,0,0,0,0,0,0.900965739446339,0,0,0,0,0,0,0,0,0.308054262017794,0,0,0,0,0,0,0,0,0,0,0,0,0,0,0,0,0,0.0863340103006628,0,0,0,0,0,0,0,0,0,0,0,0,0,0,0,0,0,0,0,0.435678344896613,0,0,0,0,0,0.0316102937639583,0,0,0,0,0,0,0,0,0,0,0,0,0,0,0,0,0,0,0,0,0,0,0,0,0,0,0,0,0,0,0,0,0.0119901315272546,0.0163580851973743,0,0,0,0.0027012170491327,0,0,0,0,0,0,0,0,0,0,0,0,33.8957600905283,0,3.01348872699124,0,0,0,0,0,0,0,0,0,0,0,0,0,0,3.43502778087255,0,1.54786327863223,0,0,0,0,0,0,0,2.06234524278348,0,0,2.00967347572401,0,0,0,0,0,0,0,0,1.85911873765529,0,0,0,0,0,0,0,0,0,0,0,0,0,0,0,0,0,0,0,0,0,0,0,0,0,0,0,0,0,0,0,0,0.195743433710495,0.0959571503190204,0,0,0,0,0,0.345189789671931,0,0,0.0779808874143951,0,0,0,0,0,0,0,0,0,0,0,0,0,0,0,0,0,0,0,0,0.0624306433211737,0,0,0,0,0.138150730070026,0,0,0,0,0,0,0,0,0,0,0,0,0,0,0,1.45626008985357,0,0,0,0,0,0,0,0,0,0,0,0,0,0,0,0,0,0,0,0.0151204269490327,0,0,0,0.605808668442912,0.130658394531051,0.160496953923166,0,0,0,0,0,0,0,0,0,0,0,0,0,0,0,0,0,0,0,0,0,0,0,0,0.297869411546189,0,0,0,0,0,0,0,0.796368047866512,0,0,0,0,0,0,0,0,0.644651903064651,1.61224201756522,0,0,0,0,0,0.0880063173320944,0,0,0,7.3677394072097,0,0,0,0,1.63765704338068,0,0,0,0,0,0,0,0,0,0,0,0,0,0,0,0,0,0.057282735996641,0,0,0,0,0,0,0,0,0.250329080411291,0,0,0,0,0,0,0,0,0,0,0.0251323339024669,0,0,0,0,0,0,0,0.0201364248710471,0,0,0,0,0,0,1.99391766905318,0,0,0,0,0,0,0,0,0,0,62.46090109,70.22770125,79.96590136,71.9008012,56.948901,60.40560109,62.14870108,67.13750115,68.33550127,72.87130131,48.41960083,"PAL-00446"
"757",8931,"nSPC",2015,"PRIAs","Pacific Remote Island Areas","Kingman","Kingman",2015,"ForereefDeep","Kingman","2015-04-24","Forereef","Deep",6.38215257,-162.38445517,23.35,11.5,1,10,3.5,61.5,12.5,0,0,NA,0.4525,0.385191470753688,1.2,2,1,54.8130808577902,82.4425701640194,18.3184163687971,10.1788160930568,165.752883483664,10.282387055048,0,0,0,0,0,0,0,0,0,0,0,0,0,0.00565884242104517,0,0,0.0113176848420903,0,0,0,0,0.00282942121052258,0,0,0,0.00565884242104517,0,0,0,0,0,0,0,0,0,0,0,0,0,0,0,0,0,0,0,0,0,0,0,0,0,0,0,0,0,0,0.0169765272631355,0,0,0,0,0,0,0,0,0,0,0,0,0,0,0,0,0,0,0,0.00565884242104517,0,0,0,0,0,0,0,0,0,0.00565884242104517,0,0,0,0,0,0,0,0,0,0,0,0,0,0,0,0,0,0,0,0,0,0,0,0,0,0,0,0,0,0.00565884242104517,0,0,0,0.00282942121052258,0,0,0,0.00282942121052258,0.0396118969473162,0,0,0,0,0,0,0,0,0,0,0.0169765272631355,0,0.0877120575262001,0,0,0,0,0,0,0,0,0,0,0,0,0,0,0,0,0,0,0,0,0,0,0,0,0,0,0,0,0,0,0,0,0,1.13176848420903,0.0113176848420903,0,0,0,0,0,0,0,0,0,0,0.0226353696841807,0,0,0,0,0,0,0,0,0,0,0,0.00565884242104517,0,0,0,0,0,0,0,0,0,0,0,0.0707355302630646,0,0,0,0,0,0,0,0,0,0,0,0,0,0,0,0,0,0,0,0,0,0,0,0,0,0,0,0,0.0622472666314969,0,0,0.0141471060526129,0,0.00565884242104517,0,0,0,0,0,0,0,0,0,0,0,0,0,0,0,0,0,0,0,0,0,0,0,0,0,0,0,0,0,0,0,0,0,0,0,0,0,0,0,0,0,0,0,0,0,0,0.00848826363156775,0,0,0,0,0,0,0,0,0,0,0,0,0,0,0,0,0,0,0,0,0,0,0,0,0,0,0,0,0,0.00565884242104517,0,0,0.0198059484736581,0,0,0.00848826363156775,0,0,0,0,0,0,0,0,0.00282942121052258,0,0,0,0,0,0,0,0,0,0,0,0,0,0,0,0,0,0,0,0,0,0,0,0,0.00565884242104517,0,0,0,0,0,0,0,0,0,0,0,0,0,0,0,0,0.0254647908947033,0,0,0,0,0,0,0,0,0,0,0,0,0,0,0,0,0,0,0.00565884242104517,0,0,0,0,0.00848826363156775,0,0.0254647908947033,0.121665112052471,0,0,0,0,0,0,0,0,0,0,0,0,0,0.0198059484736581,0.00565884242104517,0,0,0,0,0,0,0.00848826363156775,0,0,0,0,0,0.00282942121052258,0,0,0,0,0,0,0,0,0,0,0,0,0,0,0,0,0.00282942121052258,0.0254647908947033,0,0,0,0,0,0.00565884242104517,0,0,0,0,0,0,0,0,0,0,0,0,0,0,0,0,0,0,0,0,0,0,0,0,0,0,0,0,0.00848826363156775,0,0,0,0,0,0,0,0,0,0,0,0,0,0,0,0,0,0,0,0,0,0,0,0,0,0,0,0,0,0,0,0,0,0,0,0.00282942121052258,0,0,0,0.00565884242104517,0.0254647908947033,0,0,0,0,0,0,0,0,0,0,0,0,0,0,0,0,0,0,0,0,0,0,0,0,0,0,0,0,0,0,0,0,0,0,0.00282942121052258,0,0,0,0,0,0,0,0,0,0,0,0,0,0,0,0,0,0,0.00282942121052258,0,0,0,0,0,0,0,0,0,0,0,0,0,0,0,0,0,0,0,0,0,0,0.00565884242104517,0,0,0,0,0,0,0,0,0,0,0,0,0,0,0,0,0,0,0,0,0,0,0,0,0,0,0,0,0,0,0,0,0,0,0.00282942121052258,0,0,0,0,0,0,0,0,0,0,0,0,0,0,0,0,0,0,0,0,0,0,0,0.797286614398979,0,0,0.683186469252756,0,0,0,0,0.268390588088126,0,0,0,0.193593526297892,0,0,0,0,0,0,0,0,0,0,0,0,0,0,0,0,0,0,0,0,0,0,0,0,0,0,0,0,0,0,4.81807424949596,0,0,0,0,0,0,0,0,0,0,0,0,0,0,0,0,0,0,0,0.56058411963295,0,0,0,0,0,0,0,0,0,0.667939367622441,0,0,0,0,0,0,0,0,0,0,0,0,0,0,0,0,0,0,0,0,0,0,0,0,0,0,0,0,0,2.03556706964643,0,0,0,0.0206290494042411,0,0,0,0.245867649046539,0.0640231504573401,0,0,0,0,0,0,0,0,0,0,1.40858871601004,0,0.0360615392123524,0,0,0,0,0,0,0,0,0,0,0,0,0,0,0,0,0,0,0,0,0,0,0,0,0,0,0,0,0,0,0,0,0,2.19982689102073,9.31769511047125,0,0,0,0,0,0,0,0,0,0,0.207056109744556,0,0,0,0,0,0,0,0,0,0,0,0.539854186819731,0,0,0,0,0,0,0,0,0,0,0,0.171089104207438,0,0,0,0,0,0,0,0,0,0,0,0,0,0,0,0,0,0,0,0,0,0,0,0,0,0,0,0,1.96838010211061,0,0,1.24243892315932,0,0.478865126642068,0,0,0,0,0,0,0,0,0,0,0,0,0,0,0,0,0,0,0,0,0,0,0,0,0,0,0,0,0,0,0,0,0,0,0,0,0,0,0,0,0,0,0,0,0,0,0.291147442562774,0,0,0,0,0,0,0,0,0,0,0,0,0,0,0,0,0,0,0,0,0,0,0,0,0,0,0,0,0,0.345655888858026,0,0,0.122349911949936,0,0,0.0403031245490468,0,0,0,0,0,0,0,0,0.588677210550124,0,0,0,0,0,0,0,0,0,0,0,0,0,0,0,0,0,0,0,0,0,0,0,0,0.0143058943670161,0,0,0,0,0,0,0,0,0,0,0,0,0,0,0,0,42.0153949610361,0,0,0,0,0,0,0,0,0,0,0,0,0,0,0,0,0,0,5.29282648945377,0,0,0,0,0.511800442526028,0,4.02503683245787,13.3418726141716,0,0,0,0,0,0,0,0,0,0,0,0,0,46.7303759911628,2.47646513507044,0,0,0,0,0,0,15.7358821930643,0,0,0,0,0,0.00883147242440414,0,0,0,0,0,0,0,0,0,0,0,0,0,0,0,0,0.234786984819254,0.108117780621425,0,0,0,0,0,0.0910558350634467,0,0,0,0,0,0,0,0,0,0,0,0,0,0,0,0,0,0,0,0,0,0,0,0,0,0,0,0,0.0360874539872873,0,0,0,0,0,0,0,0,0,0,0,0,0,0,0,0,0,0,0,0,0,0,0,0,0,0,0,0,0,0,0,0,0,0,0,0.00590641677696589,0,0,0,0.34909858778039,0.0429818633127635,0,0,0,0,0,0,0,0,0,0,0,0,0,0,0,0,0,0,0,0,0,0,0,0,0,0,0,0,0,0,0,0,0,0,0.454123801941601,0,0,0,0,0,0,0,0,0,0,0,0,0,0,0,0,0,0,0.964691944576795,0,0,0,0,0,0,0,0,0,0,0,0,0,0,0,0,0,0,0,0,0,0,0.036364155165184,0,0,0,0,0,0,0,0,0,0,0,0,0,0,0,0,0,0,0,0,0,0,0,0,0,0,0,0,0,0,0,0,0,0,3.9637453926724,0,0,0,0,0,0,0,0,0,0,93.97850162,91.2207016,100.9594017,101.0969017,82.22810139,98.29620173,76.70660132,83.75500151,91.76040161,83.69320144,94.04080166,"KIN-00275"
"758",8931,"nSPC",2015,"PRIAs","Pacific Remote Island Areas","Kingman","Kingman",2015,"ForereefDeep","Kingman","2015-04-24","Forereef","Deep",6.38215257,-162.38445517,23.35,11.5,1,10,3.5,61.5,12.5,0,0,NA,0.4525,0.385191470753688,1.2,2,1,54.8130808577902,82.4425701640194,18.3184163687971,10.1788160930568,165.752883483664,10.282387055048,0,0,0,0,0,0,0,0,0,0,0,0,0,0.00565884242104517,0,0,0.0113176848420903,0,0,0,0,0.00282942121052258,0,0,0,0.00565884242104517,0,0,0,0,0,0,0,0,0,0,0,0,0,0,0,0,0,0,0,0,0,0,0,0,0,0,0,0,0,0,0.0169765272631355,0,0,0,0,0,0,0,0,0,0,0,0,0,0,0,0,0,0,0,0.00565884242104517,0,0,0,0,0,0,0,0,0,0.00565884242104517,0,0,0,0,0,0,0,0,0,0,0,0,0,0,0,0,0,0,0,0,0,0,0,0,0,0,0,0,0,0.00565884242104517,0,0,0,0.00282942121052258,0,0,0,0.00282942121052258,0.0396118969473162,0,0,0,0,0,0,0,0,0,0,0.0169765272631355,0,0.0877120575262001,0,0,0,0,0,0,0,0,0,0,0,0,0,0,0,0,0,0,0,0,0,0,0,0,0,0,0,0,0,0,0,0,0,1.13176848420903,0.0113176848420903,0,0,0,0,0,0,0,0,0,0,0.0226353696841807,0,0,0,0,0,0,0,0,0,0,0,0.00565884242104517,0,0,0,0,0,0,0,0,0,0,0,0.0707355302630646,0,0,0,0,0,0,0,0,0,0,0,0,0,0,0,0,0,0,0,0,0,0,0,0,0,0,0,0,0.0622472666314969,0,0,0.0141471060526129,0,0.00565884242104517,0,0,0,0,0,0,0,0,0,0,0,0,0,0,0,0,0,0,0,0,0,0,0,0,0,0,0,0,0,0,0,0,0,0,0,0,0,0,0,0,0,0,0,0,0,0,0.00848826363156775,0,0,0,0,0,0,0,0,0,0,0,0,0,0,0,0,0,0,0,0,0,0,0,0,0,0,0,0,0,0.00565884242104517,0,0,0.0198059484736581,0,0,0.00848826363156775,0,0,0,0,0,0,0,0,0.00282942121052258,0,0,0,0,0,0,0,0,0,0,0,0,0,0,0,0,0,0,0,0,0,0,0,0,0.00565884242104517,0,0,0,0,0,0,0,0,0,0,0,0,0,0,0,0,0.0254647908947033,0,0,0,0,0,0,0,0,0,0,0,0,0,0,0,0,0,0,0.00565884242104517,0,0,0,0,0.00848826363156775,0,0.0254647908947033,0.121665112052471,0,0,0,0,0,0,0,0,0,0,0,0,0,0.0198059484736581,0.00565884242104517,0,0,0,0,0,0,0.00848826363156775,0,0,0,0,0,0.00282942121052258,0,0,0,0,0,0,0,0,0,0,0,0,0,0,0,0,0.00282942121052258,0.0254647908947033,0,0,0,0,0,0.00565884242104517,0,0,0,0,0,0,0,0,0,0,0,0,0,0,0,0,0,0,0,0,0,0,0,0,0,0,0,0,0.00848826363156775,0,0,0,0,0,0,0,0,0,0,0,0,0,0,0,0,0,0,0,0,0,0,0,0,0,0,0,0,0,0,0,0,0,0,0,0.00282942121052258,0,0,0,0.00565884242104517,0.0254647908947033,0,0,0,0,0,0,0,0,0,0,0,0,0,0,0,0,0,0,0,0,0,0,0,0,0,0,0,0,0,0,0,0,0,0,0.00282942121052258,0,0,0,0,0,0,0,0,0,0,0,0,0,0,0,0,0,0,0.00282942121052258,0,0,0,0,0,0,0,0,0,0,0,0,0,0,0,0,0,0,0,0,0,0,0.00565884242104517,0,0,0,0,0,0,0,0,0,0,0,0,0,0,0,0,0,0,0,0,0,0,0,0,0,0,0,0,0,0,0,0,0,0,0.00282942121052258,0,0,0,0,0,0,0,0,0,0,0,0,0,0,0,0,0,0,0,0,0,0,0,0.797286614398979,0,0,0.683186469252756,0,0,0,0,0.268390588088126,0,0,0,0.193593526297892,0,0,0,0,0,0,0,0,0,0,0,0,0,0,0,0,0,0,0,0,0,0,0,0,0,0,0,0,0,0,4.81807424949596,0,0,0,0,0,0,0,0,0,0,0,0,0,0,0,0,0,0,0,0.56058411963295,0,0,0,0,0,0,0,0,0,0.667939367622441,0,0,0,0,0,0,0,0,0,0,0,0,0,0,0,0,0,0,0,0,0,0,0,0,0,0,0,0,0,2.03556706964643,0,0,0,0.0206290494042411,0,0,0,0.245867649046539,0.0640231504573401,0,0,0,0,0,0,0,0,0,0,1.40858871601004,0,0.0360615392123524,0,0,0,0,0,0,0,0,0,0,0,0,0,0,0,0,0,0,0,0,0,0,0,0,0,0,0,0,0,0,0,0,0,2.19982689102073,9.31769511047125,0,0,0,0,0,0,0,0,0,0,0.207056109744556,0,0,0,0,0,0,0,0,0,0,0,0.539854186819731,0,0,0,0,0,0,0,0,0,0,0,0.171089104207438,0,0,0,0,0,0,0,0,0,0,0,0,0,0,0,0,0,0,0,0,0,0,0,0,0,0,0,0,1.96838010211061,0,0,1.24243892315932,0,0.478865126642068,0,0,0,0,0,0,0,0,0,0,0,0,0,0,0,0,0,0,0,0,0,0,0,0,0,0,0,0,0,0,0,0,0,0,0,0,0,0,0,0,0,0,0,0,0,0,0.291147442562774,0,0,0,0,0,0,0,0,0,0,0,0,0,0,0,0,0,0,0,0,0,0,0,0,0,0,0,0,0,0.345655888858026,0,0,0.122349911949936,0,0,0.0403031245490468,0,0,0,0,0,0,0,0,0.588677210550124,0,0,0,0,0,0,0,0,0,0,0,0,0,0,0,0,0,0,0,0,0,0,0,0,0.0143058943670161,0,0,0,0,0,0,0,0,0,0,0,0,0,0,0,0,42.0153949610361,0,0,0,0,0,0,0,0,0,0,0,0,0,0,0,0,0,0,5.29282648945377,0,0,0,0,0.511800442526028,0,4.02503683245787,13.3418726141716,0,0,0,0,0,0,0,0,0,0,0,0,0,46.7303759911628,2.47646513507044,0,0,0,0,0,0,15.7358821930643,0,0,0,0,0,0.00883147242440414,0,0,0,0,0,0,0,0,0,0,0,0,0,0,0,0,0.234786984819254,0.108117780621425,0,0,0,0,0,0.0910558350634467,0,0,0,0,0,0,0,0,0,0,0,0,0,0,0,0,0,0,0,0,0,0,0,0,0,0,0,0,0.0360874539872873,0,0,0,0,0,0,0,0,0,0,0,0,0,0,0,0,0,0,0,0,0,0,0,0,0,0,0,0,0,0,0,0,0,0,0,0.00590641677696589,0,0,0,0.34909858778039,0.0429818633127635,0,0,0,0,0,0,0,0,0,0,0,0,0,0,0,0,0,0,0,0,0,0,0,0,0,0,0,0,0,0,0,0,0,0,0.454123801941601,0,0,0,0,0,0,0,0,0,0,0,0,0,0,0,0,0,0,0.964691944576795,0,0,0,0,0,0,0,0,0,0,0,0,0,0,0,0,0,0,0,0,0,0,0.036364155165184,0,0,0,0,0,0,0,0,0,0,0,0,0,0,0,0,0,0,0,0,0,0,0,0,0,0,0,0,0,0,0,0,0,0,3.9637453926724,0,0,0,0,0,0,0,0,0,0,19.6166003,20.24370037,19.71730034,15.20300027,20.46600035,19.37630031,23.06380041,27.23200048,24.55590043,26.92730047,12.20210023,"KIN-00275"
"759",8932,"nSPC",2015,"PRIAs","Pacific Remote Island Areas","Kingman","Kingman",2015,"ForereefMid","Kingman","2015-04-24","Forereef","Mid",6.38070091,-162.3737498,15.8,32.5,6,10,10,36.5,5,0,0,NA,0.54625,0.359230332975011,1.3,2,1,92.9560850306048,68.3305072688556,14.9050511346257,7.38045356926885,183.572097003355,8.85789525057432,0,0,0,0,0,0,0,0,0,0,0,0,0,0,0,0,0.0396118969473162,0,0,0,0,0.00282942121052258,0,0,0,0.0113176848420903,0,0,0,0,0,0,0,0,0,0,0,0,0,0,0,0,0,0,0,0,0,0,0,0,0,0,0,0,0,0,0,0,0,0,0,0,0,0,0,0,0,0,0,0,0,0,0,0,0,0,0.00565884242104517,0,0,0.00282942121052258,0,0,0,0.00565884242104517,0,0,0.00282942121052258,0,0,0,0,0,0,0,0,0,0,0.00282942121052258,0,0,0.00565884242104517,0,0,0,0,0,0,0,0,0,0,0,0,0,0,0,0.00848826363156775,0,0,0,0.0509295817894065,0,0,0,0,0.00282942121052258,0,0,0,0,0,0,0,0,0,0,0,0,0.311236333157484,0,0,0,0,0,0,0,0,0,0,0,0,0,0,0,0,0,0,0,0,0,0,0,0,0,0,0,0,0,0,0,0,0,0.495148711841452,0.00282942121052258,0,0,0,0,0,0,0.00848826363156775,0,0,0,0.0141471060526129,0,0,0,0,0.00565884242104517,0,0,0,0,0,0,0,0.00565884242104517,0,0,0,0,0,0,0,0,0,0,0.0254647908947033,0,0,0,0,0,0,0,0,0,0,0,0,0,0,0,0,0,0,0,0,0,0,0,0,0,0,0,0,0.0396118969473162,0,0,0.00282942121052258,0,0.00565884242104517,0,0,0,0,0,0.00848826363156775,0,0,0,0,0,0,0,0,0,0,0,0,0,0,0,0,0,0,0,0,0,0,0,0,0,0,0,0,0,0,0,0,0,0,0,0,0,0,0,0,0,0,0,0,0,0,0,0,0,0,0.00565884242104517,0,0,0,0,0,0,0,0,0,0,0,0,0,0,0,0,0,0,0,0.00282942121052258,0,0,0,0,0,0.00282942121052258,0,0,0,0,0,0,0,0,0,0,0,0,0,0,0,0,0,0,0,0,0,0,0,0,0,0,0,0,0,0,0,0,0,0.00282942121052258,0,0,0,0.00282942121052258,0,0,0,0,0,0,0,0,0,0,0,0,0.0452707393683613,0,0,0,0,0,0,0,0,0,0,0,0,0,0,0,0,0,0.00565884242104517,0.00282942121052258,0,0,0,0,0,0,0.0877120575262001,0.141471060526129,0,0,0.257477330157555,0,0,0,0,0,0,0,0,0,0,0,0,0,0,0,0,0,0,0.00565884242104517,0,0,0,0,0,0,0,0,0,0,0,0,0,0,0,0,0,0,0,0,0,0,0.00282942121052258,0.00848826363156775,0,0,0,0,0,0.00282942121052258,0.00282942121052258,0,0,0,0,0,0,0,0.00282942121052258,0,0,0,0,0,0,0,0.0848826363156775,0,0,0,0,0,0,0.00282942121052258,0,0,0,0,0.0452707393683613,0,0,0,0,0,0,0,0,0,0,0,0,0,0,0,0,0,0,0,0,0,0,0,0,0,0,0,0,0,0,0,0,0,0,0,0,0,0,0,0,0,0,0,0,0,0,0,0,0,0,0,0,0,0,0,0,0,0,0,0,0,0,0,0,0,0,0,0,0,0,0,0,0,0,0,0.00282942121052258,0,0,0,0,0,0,0,0,0.00282942121052258,0,0,0,0,0,0,0,0,0,0,0,0,0,0,0.00282942121052258,0,0,0,0,0,0,0,0,0,0,0,0,0,0,0,0,0,0,0,0,0,0,0,0,0,0,0,0,0,0,0,0,0,0,0,0,0,0.127323954473516,0,0,0,0,0,0,0,0,0,0,0,0,0,0,0,0,0,0,0,0,0.00282942121052258,0,0,0,0,0,0,0,0,0,0,0,0,0,0,0,0,0,0,0,0,2.1005760541443,0,0,0,0,0.552587092654689,0,0,0,0.380433790050509,0,0,0,0,0,0,0,0,0,0,0,0,0,0,0,0,0,0,0,0,0,0,0,0,0,0,0,0,0,0,0,0,0,0,0,0,0,0,0,0,0,0,0,0,0,0,0,0,0,0,0.699680599151962,0,0,0.415755490294132,0,0,0,0.253804460486028,0,0,0.278776439657234,0,0,0,0,0,0,0,0,0,0,0.455427689599493,0,0,1.8378164660983,0,0,0,0,0,0,0,0,0,0,0,0,0,0,0,5.24956967113694,0,0,0,0.222138534720417,0,0,0,0,0.00804255019459387,0,0,0,0,0,0,0,0,0,0,0,0,0.18906758412954,0,0,0,0,0,0,0,0,0,0,0,0,0,0,0,0,0,0,0,0,0,0,0,0,0,0,0,0,0,0,0,0,0,0.993882300356636,5.9360479971955,0,0,0,0,0,0,0.999602327750517,0,0,0,0.126518249942384,0,0,0,0,0.163500585259839,0,0,0,0,0,0,0,0.099364868805922,0,0,0,0,0,0,0,0,0,0,0.165690764859798,0,0,0,0,0,0,0,0,0,0,0,0,0,0,0,0,0,0,0,0,0,0,0,0,0,0,0,0,1.68204339923471,0,0,0.274258411104502,0,0.258230396689765,0,0,0,0,0,0.199281329645197,0,0,0,0,0,0,0,0,0,0,0,0,0,0,0,0,0,0,0,0,0,0,0,0,0,0,0,0,0,0,0,0,0,0,0,0,0,0,0,0,0,0,0,0,0,0,0,0,0,0,0.117292561174422,0,0,0,0,0,0,0,0,0,0,0,0,0,0,0,0,0,0,0,0.135141328524186,0,0,0,0,0,0.0192672266751746,0,0,0,0,0,0,0,0,0,0,0,0,0,0,0,0,0,0,0,0,0,0,0,0,0,0,0,0,0,0,0,0,0,0.00889828028477043,0,0,0,0.0048155202490365,0,0,0,0,0,0,0,0,0,0,0,0,87.2272553165846,0,0,0,0,0,0,0,0,0,0,0,0,0,0,0,0,0,0.949279445308405,1.77424190684808,0,0,0,0,0,0,8.02762460535472,17.0577499879868,0,0,22.5193989266805,0,0,0,0,0,0,0,0,0,0,0,0,0,0,0,0,0,0,10.8717424377218,0,0,0,0,0,0,0,0,0,0,0,0,0,0,0,0,0,0,0,0,0,0,0.195743433710495,0.0507794880741763,0,0,0,0,0,0.0622990679213183,0.221217541251428,0,0,0,0,0,0,0,0.921636324062881,0,0,0,0,0,0,0,7.46996399204855,0,0,0,0,0,0,0.0237700727986309,0,0,0,0,0.149685596041054,0,0,0,0,0,0,0,0,0,0,0,0,0,0,0,0,0,0,0,0,0,0,0,0,0,0,0,0,0,0,0,0,0,0,0,0,0,0,0,0,0,0,0,0,0,0,0,0,0,0,0,0,0,0,0,0,0,0,0,0,0,0,0,0,0,0,0,0,0,0,0,0,0,0,0,0.223453540101021,0,0,0,0,0,0,0,0,0.900131336651796,0,0,0,0,0,0,0,0,0,0,0,0,0,0,0.644651903064651,0,0,0,0,0,0,0,0,0,0,0,0,0,0,0,0,0,0,0,0,0,0,0,0,0,0,0,0,0,0,0,0,0,0,0,0,0,0.0399160597274473,0,0,0,0,0,0,0,0,0,0,0,0,0,0,0,0,0,0,0,0,0.414044051346115,0,0,0,0,67.17360115,73.21910129,79.42820132,75.89580129,54.37460094,70.31070126,55.59130096,64.11630118,72.27610125,50.70250087,72.97690131,"KIN-00279"
"760",8932,"nSPC",2015,"PRIAs","Pacific Remote Island Areas","Kingman","Kingman",2015,"ForereefMid","Kingman","2015-04-24","Forereef","Mid",6.38070091,-162.3737498,15.8,32.5,6,10,10,36.5,5,0,0,NA,0.54625,0.359230332975011,1.3,2,1,92.9560850306048,68.3305072688556,14.9050511346257,7.38045356926885,183.572097003355,8.85789525057432,0,0,0,0,0,0,0,0,0,0,0,0,0,0,0,0,0.0396118969473162,0,0,0,0,0.00282942121052258,0,0,0,0.0113176848420903,0,0,0,0,0,0,0,0,0,0,0,0,0,0,0,0,0,0,0,0,0,0,0,0,0,0,0,0,0,0,0,0,0,0,0,0,0,0,0,0,0,0,0,0,0,0,0,0,0,0,0.00565884242104517,0,0,0.00282942121052258,0,0,0,0.00565884242104517,0,0,0.00282942121052258,0,0,0,0,0,0,0,0,0,0,0.00282942121052258,0,0,0.00565884242104517,0,0,0,0,0,0,0,0,0,0,0,0,0,0,0,0.00848826363156775,0,0,0,0.0509295817894065,0,0,0,0,0.00282942121052258,0,0,0,0,0,0,0,0,0,0,0,0,0.311236333157484,0,0,0,0,0,0,0,0,0,0,0,0,0,0,0,0,0,0,0,0,0,0,0,0,0,0,0,0,0,0,0,0,0,0.495148711841452,0.00282942121052258,0,0,0,0,0,0,0.00848826363156775,0,0,0,0.0141471060526129,0,0,0,0,0.00565884242104517,0,0,0,0,0,0,0,0.00565884242104517,0,0,0,0,0,0,0,0,0,0,0.0254647908947033,0,0,0,0,0,0,0,0,0,0,0,0,0,0,0,0,0,0,0,0,0,0,0,0,0,0,0,0,0.0396118969473162,0,0,0.00282942121052258,0,0.00565884242104517,0,0,0,0,0,0.00848826363156775,0,0,0,0,0,0,0,0,0,0,0,0,0,0,0,0,0,0,0,0,0,0,0,0,0,0,0,0,0,0,0,0,0,0,0,0,0,0,0,0,0,0,0,0,0,0,0,0,0,0,0.00565884242104517,0,0,0,0,0,0,0,0,0,0,0,0,0,0,0,0,0,0,0,0.00282942121052258,0,0,0,0,0,0.00282942121052258,0,0,0,0,0,0,0,0,0,0,0,0,0,0,0,0,0,0,0,0,0,0,0,0,0,0,0,0,0,0,0,0,0,0.00282942121052258,0,0,0,0.00282942121052258,0,0,0,0,0,0,0,0,0,0,0,0,0.0452707393683613,0,0,0,0,0,0,0,0,0,0,0,0,0,0,0,0,0,0.00565884242104517,0.00282942121052258,0,0,0,0,0,0,0.0877120575262001,0.141471060526129,0,0,0.257477330157555,0,0,0,0,0,0,0,0,0,0,0,0,0,0,0,0,0,0,0.00565884242104517,0,0,0,0,0,0,0,0,0,0,0,0,0,0,0,0,0,0,0,0,0,0,0.00282942121052258,0.00848826363156775,0,0,0,0,0,0.00282942121052258,0.00282942121052258,0,0,0,0,0,0,0,0.00282942121052258,0,0,0,0,0,0,0,0.0848826363156775,0,0,0,0,0,0,0.00282942121052258,0,0,0,0,0.0452707393683613,0,0,0,0,0,0,0,0,0,0,0,0,0,0,0,0,0,0,0,0,0,0,0,0,0,0,0,0,0,0,0,0,0,0,0,0,0,0,0,0,0,0,0,0,0,0,0,0,0,0,0,0,0,0,0,0,0,0,0,0,0,0,0,0,0,0,0,0,0,0,0,0,0,0,0,0.00282942121052258,0,0,0,0,0,0,0,0,0.00282942121052258,0,0,0,0,0,0,0,0,0,0,0,0,0,0,0.00282942121052258,0,0,0,0,0,0,0,0,0,0,0,0,0,0,0,0,0,0,0,0,0,0,0,0,0,0,0,0,0,0,0,0,0,0,0,0,0,0.127323954473516,0,0,0,0,0,0,0,0,0,0,0,0,0,0,0,0,0,0,0,0,0.00282942121052258,0,0,0,0,0,0,0,0,0,0,0,0,0,0,0,0,0,0,0,0,2.1005760541443,0,0,0,0,0.552587092654689,0,0,0,0.380433790050509,0,0,0,0,0,0,0,0,0,0,0,0,0,0,0,0,0,0,0,0,0,0,0,0,0,0,0,0,0,0,0,0,0,0,0,0,0,0,0,0,0,0,0,0,0,0,0,0,0,0,0.699680599151962,0,0,0.415755490294132,0,0,0,0.253804460486028,0,0,0.278776439657234,0,0,0,0,0,0,0,0,0,0,0.455427689599493,0,0,1.8378164660983,0,0,0,0,0,0,0,0,0,0,0,0,0,0,0,5.24956967113694,0,0,0,0.222138534720417,0,0,0,0,0.00804255019459387,0,0,0,0,0,0,0,0,0,0,0,0,0.18906758412954,0,0,0,0,0,0,0,0,0,0,0,0,0,0,0,0,0,0,0,0,0,0,0,0,0,0,0,0,0,0,0,0,0,0.993882300356636,5.9360479971955,0,0,0,0,0,0,0.999602327750517,0,0,0,0.126518249942384,0,0,0,0,0.163500585259839,0,0,0,0,0,0,0,0.099364868805922,0,0,0,0,0,0,0,0,0,0,0.165690764859798,0,0,0,0,0,0,0,0,0,0,0,0,0,0,0,0,0,0,0,0,0,0,0,0,0,0,0,0,1.68204339923471,0,0,0.274258411104502,0,0.258230396689765,0,0,0,0,0,0.199281329645197,0,0,0,0,0,0,0,0,0,0,0,0,0,0,0,0,0,0,0,0,0,0,0,0,0,0,0,0,0,0,0,0,0,0,0,0,0,0,0,0,0,0,0,0,0,0,0,0,0,0,0.117292561174422,0,0,0,0,0,0,0,0,0,0,0,0,0,0,0,0,0,0,0,0.135141328524186,0,0,0,0,0,0.0192672266751746,0,0,0,0,0,0,0,0,0,0,0,0,0,0,0,0,0,0,0,0,0,0,0,0,0,0,0,0,0,0,0,0,0,0.00889828028477043,0,0,0,0.0048155202490365,0,0,0,0,0,0,0,0,0,0,0,0,87.2272553165846,0,0,0,0,0,0,0,0,0,0,0,0,0,0,0,0,0,0.949279445308405,1.77424190684808,0,0,0,0,0,0,8.02762460535472,17.0577499879868,0,0,22.5193989266805,0,0,0,0,0,0,0,0,0,0,0,0,0,0,0,0,0,0,10.8717424377218,0,0,0,0,0,0,0,0,0,0,0,0,0,0,0,0,0,0,0,0,0,0,0.195743433710495,0.0507794880741763,0,0,0,0,0,0.0622990679213183,0.221217541251428,0,0,0,0,0,0,0,0.921636324062881,0,0,0,0,0,0,0,7.46996399204855,0,0,0,0,0,0,0.0237700727986309,0,0,0,0,0.149685596041054,0,0,0,0,0,0,0,0,0,0,0,0,0,0,0,0,0,0,0,0,0,0,0,0,0,0,0,0,0,0,0,0,0,0,0,0,0,0,0,0,0,0,0,0,0,0,0,0,0,0,0,0,0,0,0,0,0,0,0,0,0,0,0,0,0,0,0,0,0,0,0,0,0,0,0,0.223453540101021,0,0,0,0,0,0,0,0,0.900131336651796,0,0,0,0,0,0,0,0,0,0,0,0,0,0,0.644651903064651,0,0,0,0,0,0,0,0,0,0,0,0,0,0,0,0,0,0,0,0,0,0,0,0,0,0,0,0,0,0,0,0,0,0,0,0,0,0.0399160597274473,0,0,0,0,0,0,0,0,0,0,0,0,0,0,0,0,0,0,0,0,0.414044051346115,0,0,0,0,19.4383003,19.73710036,19.33850034,15.21370027,20.05230034,18.9731003,22.5705004,27.22230047,23.94000041,26.52420047,11.98030022,"KIN-00279"
"761",8933,"nSPC",2015,"PRIAs","Pacific Remote Island Areas","Kingman","Kingman",2015,"ForereefMid","Kingman","2015-04-24","Forereef","Mid",6.3815417,-162.35284089,8.25,57.5,1,1,20,20.5,0,0,0,NA,0.51875,0.332811155126269,1.4,2,1,56.0954361189308,7.95446792827267,39.0768226484297,8.82789159435283,111.954618289986,24.4971074944876,0,0,0,0,0,0,0,0,0,0,0,0,0,0.00282942121052258,0,0,0.0905414787367227,0.00565884242104517,0,0,0,0,0,0,0,0,0,0,0,0,0,0,0,0,0,0,0,0,0,0,0,0,0,0,0,0,0,0,0,0,0.00282942121052258,0,0,0,0,0,0,0,0,0,0,0,0,0,0,0,0,0,0,0,0,0,0,0,0,0,0.00565884242104517,0,0,0,0,0.00282942121052258,0,0,0,0,0.00565884242104517,0,0,0,0,0,0,0,0,0,0,0,0,0,0.00282942121052258,0,0,0,0,0,0,0,0,0,0,0,0,0,0,0,0.00565884242104517,0,0,0,0.00565884242104517,0,0,0,0,0,0,0,0,0,0,0,0,0,0,0,0,0,0.183912378683968,0,0,0,0,0,0,0,0,0,0,0,0,0,0,0,0,0,0,0,0,0,0,0,0,0,0,0,0,0,0,0,0,0,0.155618166578742,0.0198059484736581,0,0,0,0,0,0,0.00282942121052258,0,0,0,0,0,0,0,0,0,0,0,0,0,0,0,0.00282942121052258,0.00282942121052258,0,0,0,0,0.0113176848420903,0.0282942121052258,0,0,0,0,0.0113176848420903,0,0,0,0,0,0,0,0,0,0,0,0,0,0,0,0,0,0,0,0,0,0,0,0,0,0,0,0,0.113176848420903,0.00282942121052258,0,0.0198059484736581,0,0,0,0,0,0,0,0,0,0,0,0,0,0,0,0,0,0,0,0,0,0,0,0,0,0,0,0,0,0,0,0.00282942121052258,0,0,0,0,0,0,0,0,0,0,0,0,0,0,0,0,0.00282942121052258,0,0,0,0,0,0,0,0,0,0.0169765272631355,0,0,0,0,0,0,0,0,0,0,0,0,0,0,0,0,0,0,0,0.00282942121052258,0,0,0,0,0,0,0,0,0,0,0,0,0,0,0.00282942121052258,0,0,0,0,0,0,0,0,0,0,0,0,0,0,0,0,0,0,0,0,0,0,0,0,0.00282942121052258,0,0,0,0.00565884242104517,0,0,0,0,0,0,0,0,0,0,0,0,0.0282942121052258,0,0,0,0,0,0,0,0,0,0,0,0,0,0,0,0,0.0113176848420903,0.00848826363156775,0.00282942121052258,0,0,0,0,0,0,0.0367824757367936,0,0,0,0,0,0,0,0,0,0,0,0,0,0,0,0,0,0,0,0,0,0,0,0,0,0,0,0,0,0,0,0,0,0,0,0,0,0,0,0,0,0,0,0,0,0.00282942121052258,0.00282942121052258,0,0,0,0,0,0,0,0,0,0,0,0,0,0,0,0,0,0,0,0,0,0,0.00565884242104517,0,0,0,0,0,0,0.0622472666314969,0,0,0,0,0.101859163578813,0,0,0,0,0,0,0,0,0,0,0,0,0,0,0,0,0,0,0,0,0,0,0,0,0,0,0,0,0,0,0,0,0,0,0,0.0198059484736581,0.0424413181578388,0,0,0,0,0.0113176848420903,0,0,0,0,0,0,0,0,0,0,0,0,0,0,0,0,0,0,0,0,0,0,0,0,0,0,0,0,0,0,0,0,0.00282942121052258,0,0,0,0,0,0,0,0,0,0.00282942121052258,0,0,0,0,0,0,0,0,0,0,0,0,0,0,0,0,0,0,0,0,0,0,0,0,0,0,0,0.00282942121052258,0,0,0,0,0.0254647908947033,0,0,0,0,0,0,0,0,0,0,0,0,0,0,0,0,0,0,0,0.113176848420903,0,0,0,0,0,0,0,0.00565884242104517,0,0,0,0,0,0,0,0,0,0,0,0,0,0,0.0452707393683613,0.00565884242104517,0,0,0,0,0,0,0,0,0,0,0,0,0,0,0.282387194662514,0,0,4.83039703202122,0.0609102715233463,0,0,0,0,0,0,0,0,0,0,0,0,0,0,0,0,0,0,0,0,0,0,0,0,0,0,0,0,0,0,0,0,0.041592491794682,0,0,0,0,0,0,0,0,0,0,0,0,0,0,0,0,0,0,0,0,0,0,0,0,0,0.635670424723663,0,0,0,0,0.0122061110628497,0,0,0,0,0.720070693923872,0,0,0,0,0,0,0,0,0,0,0,0,0,0.564754772095254,0,0,0,0,0,0,0,0,0,0,0,0,0,0,0,1.6737264362946,0,0,0,0.0340277190186907,0,0,0,0,0,0,0,0,0,0,0,0,0,0,0,0,0,0.11424354021727,0,0,0,0,0,0,0,0,0,0,0,0,0,0,0,0,0,0,0,0,0,0,0,0,0,0,0,0,0,0,0,0,0,0.530484221571184,23.0268553505959,0,0,0,0,0,0,0.27473509157586,0,0,0,0,0,0,0,0,0,0,0,0,0,0,0,0.868903692917113,0.049682434402961,0,0,0,0,0.802196729564277,0.0197097481525003,0,0,0,0,0.0650741332170724,0,0,0,0,0,0,0,0,0,0,0,0,0,0,0,0,0,0,0,0,0,0,0,0,0,0,0,0,5.6266092687508,0.100333377594546,0,1.91066361400376,0,0,0,0,0,0,0,0,0,0,0,0,0,0,0,0,0,0,0,0,0,0,0,0,0,0,0,0,0,0,0,0.187246719765972,0,0,0,0,0,0,0,0,0,0,0,0,0,0,0,0,0.0470744953900695,0,0,0,0,0,0,0,0,0,0.126894426294089,0,0,0,0,0,0,0,0,0,0,0,0,0,0,0,0,0,0,0,0.164690365394844,0,0,0,0,0,0,0,0,0,0,0,0,0,0,0.10629767663176,0,0,0,0,0,0,0,0,0,0,0,0,0,0,0,0,0,0,0,0,0,0,0,0,0.00889828028477043,0,0,0,0.0075167372981692,0,0,0,0,0,0,0,0,0,0,0,0,34.4034242038156,0,0,0,0,0,0,0,0,0,0,0,0,0,0,0,0,2.00503004633964,1.16215035636401,0.863156111379449,0,0,0,0,0,0,4.56624978956034,0,0,0,0,0,0,0,0,0,0,0,0,0,0,0,0,0,0,0,0,0,0,0,0,0,0,0,0,0,0,0,0,0,0,0,0,0,0,0,0,0,0,0,0,0,0.327784231401438,0.0310176353076178,0,0,0,0,0,0,0,0,0,0,0,0,0,0,0,0,0,0,0,0,0,0,0.516226202207119,0,0,0,0,0,0,0.310927907787103,0,0,0,0,0.355773249834901,0,0,0,0,0,0,0,0,0,0,0,0,0,0,0,0,0,0,0,0,0,0,0,0,0,0,0,0,0,0,0,0,0,0,0,0.0714440173341794,0.662676073101503,0,0,0,0,0.0766997562357606,0,0,0,0,0,0,0,0,0,0,0,0,0,0,0,0,0,0,0,0,0,0,0,0,0,0,0,0,0,0,0,0,1.89304531117426,0,0,0,0,0,0,0,0,0,1.47025214389175,0,0,0,0,0,0,0,0,0,0,0,0,0,0,0,0,0,0,0,0,0,0,0,0,0,0,0,19.6905012474192,0,0,0,0,0.0833013858230128,0,0,0,0,0,0,0,0,0,0,0,0,0,0,0,0,0,0,0,0.048544379708936,0,0,0,0,0,0,0,0.0336262563764556,0,0,0,0,0,0,0,0,0,0,0,0,0,0,0.433340355216531,0.0555945789635681,0,29.09260046,29.57520051,29.94960054,21.33900037,28.33570048,29.05030049,29.38230053,35.82000063,37.63760066,38.48910068,17.69130033,"KIN-00289"
"762",8934,"nSPC",2015,"PRIAs","Pacific Remote Island Areas","Kingman","Kingman",2015,"ForereefShallow","Kingman","2015-04-24","Forereef","Shallow",6.38400916,-162.39300764,4.4,2,0,0.5,4,87.5,6,0,0,NA,0.2475,0.352673694125164,1.5,2,1,7.33092779424362,7.81176699380449,4.30111365370801,5.37682208755725,24.8206305293134,1.28758632035962,0,0,0,0,0,0,0,0,0,0,0,0,0,0,0,0,0.00848826363156775,0,0,0,0,0,0,0,0,0,0.067906109052542,0,0,0,0,0,0,0,0,0,0,0,0,0,0,0,0,0,0,0,0,0,0,0,0,0,0,0,0,0,0,0,0,0,0,0,0,0,0,0,0,0,0,0,0,0,0,0,0,0,0,0,0,0,0,0,0,0,0,0,0.00565884242104517,0,0,0,0,0,0,0,0,0,0,0,0,0,0,0,0,0,0,0,0,0,0,0,0,0,0,0,0,0,0.00848826363156775,0,0,0,0.0198059484736581,0,0,0,0,0,0,0,0,0,0,0,0,0,0,0,0.00282942121052258,0,0,0,0,0,0,0,0,0,0,0,0,0,0,0,0,0,0,0,0,0,0,0,0,0,0,0,0,0,0,0,0,0,0,0,0,0,0,0,0,0,0,0,0,0,0,0,0,0,0,0.00848826363156775,0,0.00282942121052258,0,0.00282942121052258,0,0,0,0,0,0,0,0,0,0,0,0,0,0,0,0,0,0,0,0,0,0,0,0,0,0,0,0,0,0,0,0,0,0,0,0,0,0,0,0,0,0,0,0,0,0.0113176848420903,0,0,0.00848826363156775,0,0.00282942121052258,0,0,0,0,0,0,0,0,0,0,0,0,0,0,0,0,0,0,0,0,0,0,0,0,0,0,0,0,0,0,0,0,0,0,0,0,0,0,0,0,0,0,0,0,0,0,0,0,0,0,0,0,0,0,0,0,0,0,0,0,0,0,0,0,0,0,0,0,0,0,0,0,0,0,0,0,0,0,0,0,0,0,0,0,0,0,0,0,0,0,0,0,0,0,0,0,0,0,0,0,0,0,0,0,0,0,0,0,0,0,0,0,0,0,0,0,0,0,0,0,0,0,0,0,0,0,0,0,0.0141471060526129,0,0.00282942121052258,0,0,0.00282942121052258,0,0,0,0,0,0,0,0,0,0,0,0,0,0,0,0,0.0282942121052258,0.00282942121052258,0,0,0,0,0,0,0,0,0,0,0,0,0,0,0,0,0,0,0,0,0,0,0,0,0,0,0,0,0,0,0,0,0,0,0,0,0,0,0,0,0,0,0,0,0,0,0,0,0,0,0,0,0,0,0,0,0,0,0,0,0,0.00565884242104517,0,0,0,0,0,0,0,0,0,0,0,0,0,0,0,0,0,0,0,0,0,0,0,0,0,0,0,0,0,0,0,0,0,0,0,0,0,0,0,0,0,0,0,0,0,0,0,0,0,0,0,0,0,0,0,0,0,0,0,0,0,0,0,0,0,0,0,0,0,0,0,0,0,0,0,0,0,0,0,0,0,0,0,0,0,0,0,0,0,0,0,0,0,0,0,0,0,0,0,0,0,0,0,0,0,0,0,0,0,0,0,0,0.00282942121052258,0,0,0,0,0,0,0,0,0,0,0,0,0,0,0,0,0,0,0,0,0,0,0,0,0,0,0,0,0,0,0,0,0,0,0,0,0,0,0,0,0,0,0,0,0,0,0,0,0,0,0,0,2.26919581083911,0,0,0,0,0,0,0,0.0169765272631355,0,0,0,0,0,0,0,0,0,0,0,0,0,0,0,0,0,0,0,0,0,0,0,0,0,0,0,0,0,0,0,0,0,0.27747513112535,0,0,0,0,0,0,0,0,0,1.01138866223545,0,0,0,0,0,0,0,0,0,0,0,0,0,0,0,0,0,0,0,0,0,0,0,0,0,0,0,0,0,0,0,0,0,0,0,0,0,0,0,0,0,0,0,0,0,0,0,0,0,0,0,0,0,0,0,0,0,0,0,0.979286338657077,0,0,0,0,0,0,0,0,0,0,0,0,0,0,0,0,0,0,0,0,0,0,0,0,0,0,0,0,0,1.57039377878568,0,0,0,0.0758602392371332,0,0,0,0,0,0,0,0,0,0,0,0,0,0,0,0.197316632695133,0,0,0,0,0,0,0,0,0,0,0,0,0,0,0,0,0,0,0,0,0,0,0,0,0,0,0,0,0,0,0,0,0,0,0,0,0,0,0,0,0,0,0,0,0,0,0,0,0,0,0.165658960767769,0,0.108700801963264,0,0.501930908636207,0,0,0,0,0,0,0,0,0,0,0,0,0,0,0,0,0,0,0,0,0,0,0,0,0,0,0,0,0,0,0,0,0,0,0,0,0,0,0,0,0,0,0,0,0,0.416464089250228,0,0,0.749745196041167,0,0.288297667657029,0,0,0,0,0,0,0,0,0,0,0,0,0,0,0,0,0,0,0,0,0,0,0,0,0,0,0,0,0,0,0,0,0,0,0,0,0,0,0,0,0,0,0,0,0,0,0,0,0,0,0,0,0,0,0,0,0,0,0,0,0,0,0,0,0,0,0,0,0,0,0,0,0,0,0,0,0,0,0,0,0,0,0,0,0,0,0,0,0,0,0,0,0,0,0,0,0,0,0,0,0,0,0,0,0,0,0,0,0,0,0,0,0,0,0,0,0,0,0,0,0,0,0,0,0,0,0,0,3.37343345448171,0,0.672657780227955,0,0,5.41700205713677,0,0,0,0,0,0,0,0,0,0,0,0,0,0,0,0,4.14577930223032,0.194296347802044,0,0,0,0,0,0,0,0,0,0,0,0,0,0,0,0,0,0,0,0,0,0,0,0,0,0,0,0,0,0,0,0,0,0,0,0,0,0,0,0,0,0,0,0,0,0,0,0,0,0,0,0,0,0,0,0,0,0,0,0,0,0.146215325626045,0,0,0,0,0,0,0,0,0,0,0,0,0,0,0,0,0,0,0,0,0,0,0,0,0,0,0,0,0,0,0,0,0,0,0,0,0,0,0,0,0,0,0,0,0,0,0,0,0,0,0,0,0,0,0,0,0,0,0,0,0,0,0,0,0,0,0,0,0,0,0,0,0,0,0,0,0,0,0,0,0,0,0,0,0,0,0,0,0,0,0,0,0,0,0,0,0,0,0,0,0,0,0,0,0,0,0,0,0,0,0,0,0.785655411723411,0,0,0,0,0,0,0,0,0,0,0,0,0,0,0,0,0,0,0,0,0,0,0,0,0,0,0,0,0,0,0,0,0,0,0,0,0,0,0,0,0,0,0,0,0,0,0,0,0,0,0,0,3.66598769157416,0,0,0,0,0,0,0,0.0770847514594773,0,0,0,0,0,0,0,0,0,0,0,0,0,0,0,0,0,0,0,0,0,0,0,0,0,0,0,0,"KIN-00295"
"763",8935,"nSPC",2015,"PRIAs","Pacific Remote Island Areas","Kingman","Kingman",2015,"ForereefMid","Kingman","2015-04-24","Forereef","Mid",6.38213933,-162.34299039,10.05,17.5,1,2.5,11,68,0,0,0,NA,0.36875,0.236155912945823,0.75,2,1,35.5317013212869,3.99115228168642,14.2419027624881,4.0160907369172,57.7808471023786,3.45107107422014,0,0,0,0,0,0,0,0,0,0,0,0,0,0,0,0,0.101859163578813,0,0,0,0,0,0,0,0,0,0,0,0,0,0,0,0,0,0,0,0,0,0,0,0,0,0,0,0,0,0,0,0,0,0,0,0,0,0,0,0,0,0,0,0,0,0,0,0,0,0,0,0,0,0,0,0,0,0,0,0.00282942121052258,0,0,0,0,0.00282942121052258,0,0,0,0,0,0,0,0,0,0,0,0,0,0,0,0,0,0,0,0,0,0,0,0,0,0,0,0,0,0,0,0,0,0,0.00565884242104517,0,0,0,0.0141471060526129,0,0,0,0,0.00565884242104517,0,0,0,0,0,0,0,0,0,0,0.00282942121052258,0,0.282942121052258,0,0,0,0,0,0,0.00565884242104517,0,0,0,0,0,0,0,0,0,0,0,0,0,0,0,0,0,0,0,0,0,0,0,0,0,0,0.181082957473445,0,0,0,0,0,0,0,0,0,0.00565884242104517,0,0,0,0,0,0,0.00565884242104517,0,0.00565884242104517,0,0,0,0,0,0.00282942121052258,0,0,0,0,0,0.0113176848420903,0,0,0,0,0,0,0,0,0,0,0,0,0,0,0,0,0,0,0,0,0,0,0,0,0,0,0,0,0,0,0,0,0,0.0990297423682904,0,0,0.0169765272631355,0,0,0,0,0,0,0,0,0,0,0,0,0,0,0,0,0,0,0,0,0,0,0,0,0,0,0,0,0,0,0,0,0,0,0,0,0,0,0,0,0,0,0,0,0,0,0,0,0,0,0,0,0,0,0,0,0,0,0.0226353696841807,0,0,0,0,0,0,0,0,0,0,0,0,0,0,0,0,0,0,0,0,0,0,0,0,0,0,0,0,0,0,0,0,0,0,0.00282942121052258,0,0,0,0,0,0,0,0,0,0,0,0,0,0,0,0,0,0,0,0,0,0,0,0,0.00282942121052258,0,0,0,0.00565884242104517,0,0,0,0,0,0,0,0,0,0,0,0,0.0282942121052258,0,0,0,0,0,0,0,0,0,0,0,0,0,0,0,0,0,0.00282942121052258,0,0,0,0,0,0,0,0.00565884242104517,0.00565884242104517,0,0,0.00848826363156775,0,0,0,0,0,0,0,0,0,0,0,0,0,0,0,0,0,0,0,0,0,0,0,0,0,0,0,0,0,0,0,0,0,0,0,0,0,0,0,0,0,0.00282942121052258,0.0141471060526129,0,0,0,0,0,0,0,0,0,0,0,0,0,0,0,0,0,0,0,0,0,0,0.00848826363156775,0,0,0,0,0,0,0.0311236333157484,0,0,0,0,0.110347427210381,0,0,0,0,0,0,0,0,0,0,0,0,0,0,0,0,0,0,0,0,0,0,0,0,0,0,0,0,0,0,0,0,0,0,0,0.00282942121052258,0,0,0,0,0.00282942121052258,0,0,0,0,0,0,0,0,0,0,0,0,0,0,0,0,0,0,0,0,0,0,0,0,0,0,0,0,0,0,0,0,0,0,0.00565884242104517,0,0,0,0,0,0,0,0,0.00282942121052258,0,0,0,0,0,0,0,0,0,0,0,0,0,0,0,0,0,0,0,0,0,0,0,0,0,0,0,0,0,0,0,0,0,0,0,0,0,0,0,0,0,0,0,0,0,0,0,0,0,0,0,0,0.113176848420903,0,0,0,0,0,0.00282942121052258,0,0.0622472666314969,0,0,0,0,0,0,0,0,0,0,0,0,0.00565884242104517,0,0.00565884242104517,0,0,0,0,0,0,0,0,0,0,0,0,0,0,0,0,0,0,6.02386875508882,0,0,0,0,0,0,0,0,0,0,0,0,0,0,0,0,0,0,0,0,0,0,0,0,0,0,0,0,0,0,0,0,0,0,0,0,0,0,0,0,0,0,0,0,0,0,0,0,0,0,0,0,0,0,0,0,0,0,0,0.248286972602325,0,0,0,0,0.00328537127895869,0,0,0,0,0,0,0,0,0,0,0,0,0,0,0,0,0,0,0,0,0,0,0,0,0,0,0,0,0,0,0,0,0,0,2.28910635293704,0,0,0,0.103145247021205,0,0,0,0,0.0160851003891877,0,0,0,0,0,0,0,0,0,0,0.164507521585897,0,0.278126446151949,0,0,0,0,0,0,0.355435989122598,0,0,0,0,0,0,0,0,0,0,0,0,0,0,0,0,0,0,0,0,0,0,0,0,0,0,0.681811287942048,0,0,0,0,0,0,0,0,0,0.104371622875917,0,0,0,0,0,0,0.281988661853712,0,0.734185429776731,0,0,0,0,0,0.0901485429108371,0,0,0,0,0,0.00788389926100013,0,0,0,0,0,0,0,0,0,0,0,0,0,0,0,0,0,0,0,0,0,0,0,0,0,0,0,0,0,0,0,0,0,2.66573845684769,0,0,1.55409844920745,0,0,0,0,0,0,0,0,0,0,0,0,0,0,0,0,0,0,0,0,0,0,0,0,0,0,0,0,0,0,0,0,0,0,0,0,0,0,0,0,0,0,0,0,0,0,0,0,0,0,0,0,0,0,0,0,0,0,0.23123132679127,0,0,0,0,0,0,0,0,0,0,0,0,0,0,0,0,0,0,0,0,0,0,0,0,0,0,0,0,0,0,0,0,0,0,0.198177188658939,0,0,0,0,0,0,0,0,0,0,0,0,0,0,0,0,0,0,0,0,0,0,0,0,0.0136985311808475,0,0,0,0.0126666378617977,0,0,0,0,0,0,0,0,0,0,0,0,32.1374580508354,0,0,0,0,0,0,0,0,0,0,0,0,0,0,0,0,0,0.312297147030625,0,0,0,0,0,0,0,0.75658358974901,0.504310669572406,0,0,0.998031053258052,0,0,0,0,0,0,0,0,0,0,0,0,0,0,0,0,0,0,0,0,0,0,0,0,0,0,0,0,0,0,0,0,0,0,0,0,0,0,0,0,0,0.940629395928633,0.0838363781886055,0,0,0,0,0,0,0,0,0,0,0,0,0,0,0,0,0,0,0,0,0,0,0.73569195605403,0,0,0,0,0,0,0.210808592747993,0,0,0,0,0.644596650890076,0,0,0,0,0,0,0,0,0,0,0,0,0,0,0,0,0,0,0,0,0,0,0,0,0,0,0,0,0,0,0,0,0,0,0,0.0102062881905971,0,0,0,0,0.0181534692942321,0,0,0,0,0,0,0,0,0,0,0,0,0,0,0,0,0,0,0,0,0,0,0,0,0,0,0,0,0,0,0,0,0,0,0.840251519236165,0,0,0,0,0,0,0,0,2.71688564444341,0,0,0,0,0,0,0,0,0,0,0,0,0,0,0,0,0,0,0,0,0,0,0,0,0,0,0,0,0,0,0,0,0,0,0,0,0,0,0,0,0,0,0,0,0,0,0,0,0,0,0,0,0.0254280084189665,0,0,0,0,0,0.063117845852256,0,0.0810963048517562,0,0,0,0,0,0,0,0,0,0,0,0,0.528018213807278,0,0.115598532682972,0,0,49.43270082,45.2334008,50.92280091,44.49050079,48.95990086,47.6000008,47.43300085,48.18590083,60.98090112,70.53460126,41.40150071,"KIN-00292"
"764",8936,"nSPC",2015,"PRIAs","Pacific Remote Island Areas","Kingman","Kingman",2015,"ForereefDeep","Kingman","2015-04-24","Forereef","Deep",6.37975048,-162.3599293,19.8,32.5,6.5,4,7.5,45.5,4,0,0,NA,0.70625,0.429928657413555,1.6,2,1,15.2007386322987,19.6701021686271,26.1615944730007,6.45402887322096,67.4864641471475,15.1136239148476,0,0,0,0,0,0,0,0,0,0,0,0,0,0,0.00282942121052258,0,0.0650766878420194,0,0,0,0,0,0,0,0,0.00848826363156775,0,0,0,0,0,0,0,0,0,0,0,0,0,0,0,0,0,0,0,0,0,0,0,0,0.00565884242104517,0,0,0,0,0,0,0,0,0,0,0,0,0,0,0,0,0,0,0,0,0,0,0,0,0,0.00848826363156775,0,0,0,0,0,0,0,0,0,0.00565884242104517,0,0,0,0,0,0,0,0,0,0,0,0,0,0,0,0,0,0,0,0,0,0,0,0,0.0763943726841098,0,0,0,0,0.00848826363156775,0,0,0,0.0254647908947033,0,0,0,0,0.0198059484736581,0,0,0,0,0,0,0,0,0,0,0,0,0.226353696841807,0,0,0,0,0,0,0.0113176848420903,0,0,0,0,0,0,0,0,0,0,0,0,0,0,0,0,0,0,0,0,0,0,0,0,0.00565884242104517,0,0.509295817894065,0,0,0,0,0,0,0,0,0,0,0,0.0113176848420903,0,0,0,0,0,0,0.0141471060526129,0,0,0,0,0,0.00848826363156775,0,0,0,0.0113176848420903,0,0,0,0,0,0,0.0820532151051549,0,0,0,0,0,0,0,0,0,0,0,0,0,0,0,0,0,0,0,0,0,0,0,0,0,0,0,0,0.0481001605788839,0,0,0.0113176848420903,0,0.0226353696841807,0,0,0,0,0,0,0,0,0,0,0,0,0,0,0,0,0,0,0,0,0,0,0,0,0,0,0,0,0,0,0,0,0,0,0,0,0,0,0,0,0,0,0,0,0,0,0,0,0,0,0,0,0,0,0,0,0.00848826363156775,0,0,0,0,0,0,0,0,0,0,0,0,0,0,0,0,0,0,0,0,0,0,0,0,0,0.00848826363156775,0,0,0,0,0,0,0,0,0.00282942121052258,0,0,0,0,0,0,0,0,0,0,0,0,0,0,0,0,0,0,0,0,0,0,0,0.00282942121052258,0,0,0,0,0.00282942121052258,0,0,0,0,0,0,0,0,0,0,0,0,0.0113176848420903,0,0,0,0,0,0,0,0,0,0,0,0,0,0,0,0,0,0.00565884242104517,0,0,0,0,0,0,0,0,0.0254647908947033,0,0,0.00565884242104517,0,0,0,0,0,0,0,0,0,0,0,0.00282942121052258,0,0,0,0,0,0,0,0,0,0,0,0,0,0,0,0.00282942121052258,0,0,0,0,0,0,0,0,0,0,0,0,0,0,0,0,0,0,0,0,0,0,0,0,0,0,0,0,0,0,0,0,0,0,0,0,0,0,0,0,0,0,0,0,0,0,0,0,0,0.00565884242104517,0,0,0,0,0,0,0,0,0,0,0,0,0,0,0,0,0,0,0,0,0,0,0,0,0,0,0,0,0,0,0,0,0,0,0,0.00565884242104517,0,0,0,0.00282942121052258,0.00282942121052258,0,0,0,0,0,0,0,0,0,0,0,0,0,0,0,0,0,0,0,0,0,0,0,0,0,0,0,0,0,0,0,0,0,0,0.00848826363156775,0,0,0,0,0,0,0.00282942121052258,0,0.00282942121052258,0,0,0,0,0.00565884242104517,0,0,0,0,0,0,0,0,0,0.00282942121052258,0,0,0,0,0,0,0,0,0,0,0,0,0,0,0,0,0,0,0,0,0,0,0,0,0,0,0,0,0,0,0,0,0,0,0,0,0,0.0735649514735872,0,0,0,0,0,0.00565884242104517,0,0,0,0,0,0,0,0,0,0,0,0,0,0,0.00565884242104517,0,0,0,0,0,0,0,0,0,0,0,0,0,0,0,0,0,0,0.396443357995113,0,4.70077092999196,0,0,0,0,0,0,0,0,0.224416109196841,0,0,0,0,0,0,0,0,0,0,0,0,0,0,0,0,0,0,0,0,0,0,0,0,0.0856805330970449,0,0,0,0,0,0,0,0,0,0,0,0,0,0,0,0,0,0,0,0,0,0,0,0,0,0.72770199842019,0,0,0,0,0,0,0,0,0,1.16510620899906,0,0,0,0,0,0,0,0,0,0,0,0,0,0,0,0,0,0,0,0,0,0,0,0,15.1699674259065,0,0,0,0,4.02811696876781,0,0,0,0.122232136906497,0,0,0,0,0.0488251510133918,0,0,0,0,0,0,0,0,0,0,0,0,0.116068516898057,0,0,0,0,0,0,0.710871978245195,0,0,0,0,0,0,0,0,0,0,0,0,0,0,0,0,0,0,0,0,0,0,0,0,0.217401603926528,0,0.703711008111493,0,0,0,0,0,0,0,0,0,0,0,0.119414727481518,0,0,0,0,0,0,6.25538805594709,0,0,0,0,0,0.369122956446928,0,0,0,0.503030833307913,0,0,0,0,0,0,0.374132957586044,0,0,0,0,0,0,0,0,0,0,0,0,0,0,0,0,0,0,0,0,0,0,0,0,0,0,0,0,1.41136856841843,0,0,0.815059277503932,0,1.22751537005789,0,0,0,0,0,0,0,0,0,0,0,0,0,0,0,0,0,0,0,0,0,0,0,0,0,0,0,0,0,0,0,0,0,0,0,0,0,0,0,0,0,0,0,0,0,0,0,0,0,0,0,0,0,0,0,0,0.0130082135079476,0,0,0,0,0,0,0,0,0,0,0,0,0,0,0,0,0,0,0,0,0,0,0,0,0,0.0223153621452706,0,0,0,0,0,0,0,0,0.0836060014654897,0,0,0,0,0,0,0,0,0,0,0,0,0,0,0,0,0,0,0,0,0,0,0,0.0119901315272546,0,0,0,0,0.0048155202490365,0,0,0,0,0,0,0,0,0,0,0,0,11.1726216635309,0,0,0,0,0,0,0,0,0,0,0,0,0,0,0,0,0,0.949279445308405,0,0,0,0,0,0,0,0,2.81376178111918,0,0,0.262453433497002,0,0,0,0,0,0,0,0,0,0,0,1.37647632095751,0,0,0,0,0,0,0,0,0,0,0,0,0,0,0,0.184606845855614,0,0,0,0,0,0,0,0,0,0,0,0,0,0,0,0,0,0,0,0,0,0,0,0,0,0,0,0,0,0,0,0,0,0,0,0,0,0,0,0,0,0,0,0,0,0,0,0,0,0.0133630963520719,0,0,0,0,0,0,0,0,0,0,0,0,0,0,0,0,0,0,0,0,0,0,0,0,0,0,0,0,0,0,0,0,0,0,0,0.00604817077961307,0,0,0,0.27956986280188,0.0276693920656364,0,0,0,0,0,0,0,0,0,0,0,0,0,0,0,0,0,0,0,0,0,0,0,0,0,0,0,0,0,0,0,0,0,0,1.46810631057779,0,0,0,0,0,0,0.525055479731034,0,3.54571933311287,0,0,0,0,3.12959370661998,0,0,0,0,0,0,0,0,0,1.65786733943665,0,0,0,0,0,0,0,0,0,0,0,0,0,0,0,0,0,0,0,0,0,0,0,0,0,0,0,0,0,0,0,0,0,0,0,0,0,0.00559093631199263,0,0,0,0,0,0.077893150173314,0,0,0,0,0,0,0,0,0,0,0,0,0,0,0.362705975795657,0,0,0,0,32.78570053,32.42150057,32.84940059,25.81790045,31.24800054,33.44800056,31.74680057,38.37320067,42.40220076,45.27950079,20.29470037,"KIN-00368"
"765",8937,"nSPC",2015,"PRIAs","Pacific Remote Island Areas","Kingman","Kingman",2015,"ForereefShallow","Kingman","2015-04-24","Forereef","Shallow",6.38362695,-162.39474781,5.35,3,0,0.5,4.5,90.5,1.5,0,0,NA,0.2875,0.257251255439787,1.1,2,1,26.150534831352,0.974790844599951,3.36402941896792,3.14149978321506,33.6308548781349,0,0,0,0,0,0,0,0,0,0,0,0,0,0,0,0,0,0.0254647908947033,0.0113176848420903,0,0,0,0,0,0,0,0,0,0,0,0,0,0,0,0,0,0,0,0,0,0,0,0,0,0,0,0,0,0,0,0,0,0,0,0,0,0,0,0,0,0,0,0,0,0,0.00565884242104517,0,0,0,0,0,0,0,0,0,0,0,0,0,0,0,0,0,0,0,0,0,0.00282942121052258,0,0,0,0,0,0,0,0,0,0,0,0,0,0,0,0,0,0,0,0,0,0,0,0,0,0,0,0,0,0.00282942121052258,0,0,0,0.00848826363156775,0,0,0,0,0,0,0,0,0,0,0,0,0,0,0,0.00282942121052258,0,0,0,0,0,0,0,0,0,0,0,0,0,0,0,0,0,0,0,0,0,0,0,0,0,0,0,0,0,0,0,0,0,0,0,0,0,0,0,0,0,0,0,0,0,0,0,0,0,0,0.00565884242104517,0,0,0,0,0,0,0,0,0,0,0,0,0,0,0,0.0282942121052258,0,0,0,0,0,0,0,0,0,0,0,0,0,0,0,0,0,0,0,0,0,0,0,0,0,0,0,0,0,0,0,0,0,0.00565884242104517,0,0,0.0254647908947033,0,0,0,0,0,0,0,0,0,0,0,0,0,0,0,0,0,0,0,0,0,0,0,0,0,0,0,0,0.00565884242104517,0,0,0,0,0,0,0,0,0,0,0,0,0,0,0,0,0,0,0,0,0,0,0,0,0,0,0,0,0,0,0,0,0,0,0,0,0,0,0,0,0,0,0,0,0,0,0,0,0,0,0,0,0,0,0,0,0,0,0,0,0,0,0,0,0,0,0,0,0,0,0,0,0,0,0,0,0,0,0,0,0,0,0,0,0,0,0,0,0,0,0,0,0,0,0,0,0,0,0,0.00282942121052258,0,0,0,0,0,0,0.00282942121052258,0,0,0,0,0,0,0,0,0,0,0,0,0,0,0,0,0.00282942121052258,0.00848826363156775,0,0,0,0,0,0,0,0,0,0,0,0,0,0,0,0,0,0,0,0,0,0,0,0,0,0,0,0,0,0,0,0,0,0,0,0,0,0,0,0,0,0,0,0,0,0,0,0,0,0,0,0,0,0,0,0,0,0,0,0,0,0,0,0,0,0,0,0,0,0,0,0,0,0,0,0,0,0,0,0,0,0,0,0,0,0,0,0,0,0,0,0,0,0,0,0,0,0,0,0,0,0,0,0,0,0,0,0,0,0,0,0,0,0,0,0,0,0,0,0,0,0,0,0,0,0,0,0,0,0,0,0,0,0,0,0,0,0,0,0,0,0,0,0,0,0,0,0,0,0,0,0,0,0,0,0,0,0,0,0,0,0,0,0,0,0,0,0,0,0,0,0,0,0,0,0,0,0,0,0,0,0,0,0,0,0,0,0,0,0,0,0,0,0,0,0,0,0,0,0,0,0,0,0,0,0,0,0,0,0,0,0,0,0,0,0,0,0,0,0,0,0,0,0,0,0,0,0.829020414683117,0,0,0,0,0,0,0,0.212206590789194,0,0,0,0,0,0,0.00565884242104517,0,0,0,0,0,0.00565884242104517,0,0,0,0,0,0,0,0,0,0,0,0,0,0,0,0,0,0,0,0,1.18071763387025,0.180631154596506,0,0,0,0,0,0,0,0,0,0,0,0,0,0,0,0,0,0,0,0,0,0,0,0,0,0,0,0,0,0,0,0,0,0,0,0,0,0,0,0,0,0,0,0,0,0,16.6462651531862,0,0,0,0,0,0,0,0,0,0,0,0,0,0,0,0,0,0,0,0,0,0.389162927965207,0,0,0,0,0,0,0,0,0,0,0,0,0,0,0,0,0,0,0,0,0,0,0,0,0,0,0,0,0,1.31235695922621,0,0,0,0.0401960088433489,0,0,0,0,0,0,0,0,0,0,0,0,0,0,0,0.0877238271159633,0,0,0,0,0,0,0,0,0,0,0,0,0,0,0,0,0,0,0,0,0,0,0,0,0,0,0,0,0,0,0,0,0,0,0,0,0,0,0,0,0,0,0,0,0,0,0,0,0,0,0.163500585259839,0,0,0,0,0,0,0,0,0,0,0,0,0,0,0,0.0457704151541396,0,0,0,0,0,0,0,0,0,0,0,0,0,0,0,0,0,0,0,0,0,0,0,0,0,0,0,0,0,0,0,0,0,0.149962793398497,0,0,1.06766091045233,0,0,0,0,0,0,0,0,0,0,0,0,0,0,0,0,0,0,0,0,0,0,0,0,0,0,0,0,1.39383076900714,0,0,0,0,0,0,0,0,0,0,0,0,0,0,0,0,0,0,0,0,0,0,0,0,0,0,0,0,0,0,0,0,0,0,0,0,0,0,0,0,0,0,0,0,0,0,0,0,0,0,0,0,0,0,0,0,0,0,0,0,0,0,0,0,0,0,0,0,0,0,0,0,0,0,0,0,0,0,0,0,0,0,0,0,0,0,0,0,0,0,0,0,0,0,0,0,0,0,0,1.31821876759266,0,0,0,0,0,0,4.44660902460953,0,0,0,0,0,0,0,0,0,0,0,0,0,0,0,0,0.312297147030625,0.744860917806975,0,0,0,0,0,0,0,0,0,0,0,0,0,0,0,0,0,0,0,0,0,0,0,0,0,0,0,0,0,0,0,0,0,0,0,0,0,0,0,0,0,0,0,0,0,0,0,0,0,0,0,0,0,0,0,0,0,0,0,0,0,0,0,0,0,0,0,0,0,0,0,0,0,0,0,0,0,0,0,0,0,0,0,0,0,0,0,0,0,0,0,0,0,0,0,0,0,0,0,0,0,0,0,0,0,0,0,0,0,0,0,0,0,0,0,0,0,0,0,0,0,0,0,0,0,0,0,0,0,0,0,0,0,0,0,0,0,0,0,0,0,0,0,0,0,0,0,0,0,0,0,0,0,0,0,0,0,0,0,0,0,0,0,0,0,0,0,0,0,0,0,0,0,0,0,0,0,0,0,0,0,0,0,0,0,0,0,0,0,0,0,0,0,0,0,0,0,0,0,0,0,0,0,0,0,0,0,0,0,0,0,0,0,0,0,0,0,0,0,0,0,0,0,0,0,0,0,0.616723282415187,0,0,0,0,0,0,0,0.442529399705122,0,0,0,0,0,0,2.26374909820696,0,0,0,0,0,0.82808810269223,0,0,0,0,0,0,0,0,0,0,0,0,0,0,0,"KIN-00378"
"766",8938,"nSPC",2015,"PRIAs","Pacific Remote Island Areas","Kingman","Kingman",2015,"ForereefMid","Kingman","2015-04-24","Forereef","Mid",6.38114364,-162.4094925,8.5,24,42.5,1.5,9,23,0,0,0,NA,0.3625,0.241616691542102,0.7,2,1,15.6394029670596,7.01154264084946,17.8932630413189,13.382048825636,53.9262574748639,13.7307949576418,0,0,0,0,0,0,0,0,0,0,0,0,0,0,0,0,0.033953054526271,0,0,0.00282942121052258,0,0,0,0,0,0,0,0,0,0,0,0,0,0,0,0,0,0,0,0,0,0,0,0,0,0,0,0,0,0,0.00282942121052258,0,0,0,0,0,0,0,0,0,0,0,0,0,0,0,0,0,0,0,0,0,0,0,0,0,0.00282942121052258,0,0,0,0,0,0,0,0,0,0.00282942121052258,0,0,0,0,0,0,0,0,0,0,0,0,0,0,0,0,0,0,0,0,0,0,0,0,0,0,0,0,0,0.00282942121052258,0,0,0,0.0113176848420903,0,0,0,0,0.00565884242104517,0,0,0,0,0,0,0,0,0,0,0.00565884242104517,0,0,0,0,0,0,0,0,0,0,0,0,0,0,0,0,0,0,0,0,0,0,0,0,0,0,0,0,0,0,0,0,0,0,0,0.00282942121052258,0.0141471060526129,0,0,0,0,0,0,0,0,0,0,0,0,0,0.00282942121052258,0,0.0113176848420903,0,0,0,0,0,0,0,0.00282942121052258,0,0,0,0,0,0.226353696841807,0,0,0,0,0.00565884242104517,0,0,0,0,0,0,0,0,0,0,0,0,0,0,0,0,0,0,0.00282942121052258,0,0,0,0,0,0.00282942121052258,0,0,0,0.00282942121052258,0,0,0.00565884242104517,0,0,0,0,0,0,0,0,0,0,0,0,0,0,0,0,0,0,0,0,0,0,0,0,0,0,0,0,0,0,0,0,0,0,0,0,0,0,0,0,0,0,0,0,0,0,0,0,0,0,0,0,0,0,0,0,0,0,0.00282942121052258,0,0,0,0,0,0,0,0,0.00282942121052258,0,0,0,0,0,0,0,0,0,0,0,0,0,0,0,0,0,0,0,0,0,0,0,0,0,0.00282942121052258,0,0,0,0,0,0,0,0,0,0,0,0,0,0,0,0,0,0,0,0,0,0,0,0,0.00565884242104517,0,0,0,0,0,0,0,0,0,0,0,0,0,0,0,0,0.0282942121052258,0,0.00282942121052258,0,0,0,0,0,0,0,0,0,0,0,0,0,0,0.00565884242104517,0.00565884242104517,0.00848826363156775,0,0,0,0,0,0,0.0113176848420903,0.0226353696841807,0,0,0,0,0,0,0,0,0,0,0,0,0,0,0,0,0,0,0,0,0,0,0,0,0,0,0,0,0,0,0,0,0,0,0,0,0,0,0,0,0,0,0,0,0,0.00848826363156775,0,0,0,0,0,0,0.00282942121052258,0,0,0,0,0,0,0,0,0,0,0,0,0,0,0,0,0,0,0,0,0,0,0.0481001605788839,0,0,0,0,0.0848826363156775,0,0,0,0,0,0,0,0,0,0,0,0,0,0,0,0,0,0,0,0,0,0,0,0,0,0,0,0,0,0,0,0,0,0,0,0,0,0,0,0,0,0,0,0,0,0,0,0,0,0,0,0,0,0,0,0,0,0,0,0,0,0,0,0,0,0,0,0,0,0,0,0,0,0,0,0.00565884242104517,0,0,0,0,0,0,0,0,0,0,0,0,0,0,0,0,0,0,0.00282942121052258,0,0,0,0,0,0,0,0,0,0,0,0,0,0,0,0,0,0,0,0,0,0,0.00565884242104517,0,0,0,0,0,0,0,0,0,0,0,0,0,0,0,0,0,0,0,0.155618166578742,0,0,0,0,0,0.00282942121052258,0,0.144300481736652,0,0,0,0,0,0,0,0,0,0,0,0,0.00282942121052258,0,0.00282942121052258,0,0,0,0,0,0,0,0,0,0,0,0,0,0,0,0,0,0,2.28665753382811,0,0,0.112929955526142,0,0,0,0,0,0,0,0,0,0,0,0,0,0,0,0,0,0,0,0,0,0,0,0,0,0,0,0,0,0,0.041592491794682,0,0,0,0,0,0,0,0,0,0,0,0,0,0,0,0,0,0,0,0,0,0,0,0,0,0.820905134231116,0,0,0,0,0,0,0,0,0,0.604070693728921,0,0,0,0,0,0,0,0,0,0,0,0,0,0,0,0,0,0,0,0,0,0,0,0,0,0,0,0,0,1.178205719604,0,0,0,0.0680554380373814,0,0,0,0,0.0214412198090435,0,0,0,0,0,0,0,0,0,0,0.223166927593724,0,0,0,0,0,0,0,0,0,0,0,0,0,0,0,0,0,0,0,0,0,0,0,0,0,0,0,0,0,0,0,0,0,0,0,0.00197097481525003,12.376130024831,0,0,0,0,0,0,0,0,0,0,0,0,0,0.0817502926299197,0,0.526585316745904,0,0,0,0,0,0,0,0.116722873863301,0,0,0,0,0,0.288784309967745,0,0,0,0,0.0500656322801168,0,0,0,0,0,0,0,0,0,0,0,0,0,0,0,0,0,0,1.34091207411356,0,0,0,0,0,0.328391679841125,0,0,0,0.0749813966992483,0,0,0.6601630123907,0,0,0,0,0,0,0,0,0,0,0,0,0,0,0,0,0,0,0,0,0,0,0,0,0,0,0,0,0,0,0,0,0,0,0,0,0,0,0,0,0,0,0,0,0,0,0,0,0,0,0,0,0,0,0,0,0,0,0.170280760392431,0,0,0,0,0,0,0,0,1.33973018043091,0,0,0,0,0,0,0,0,0,0,0,0,0,0,0,0,0,0,0,0,0,0,0,0,0,0.282170254946028,0,0,0,0,0,0,0,0,0,0,0,0,0,0,0,0,0,0,0,0,0,0,0,0,0.027397062361695,0,0,0,0,0,0,0,0,0,0,0,0,0,0,0,0,12.6276440947244,0,0.795755817679698,0,0,0,0,0,0,0,0,0,0,0,0,0,0,0.786936869684827,0.823483024218283,5.98954410212605,0,0,0,0,0,0,1.82337251879168,4.00219133506092,0,0,0,0,0,0,0,0,0,0,0,0,0,0,0,0,0,0,0,0,0,0,0,0,0,0,0,0,0,0,0,0,0,0,0,0,0,0,0,0,0,0,0,0,0,0.0456791655222673,0,0,0,0,0,0,0.27065604470659,0,0,0,0,0,0,0,0,0,0,0,0,0,0,0,0,0,0,0,0,0,0,0.250605061631043,0,0,0,0,0.405049946685241,0,0,0,0,0,0,0,0,0,0,0,0,0,0,0,0,0,0,0,0,0,0,0,0,0,0,0,0,0,0,0,0,0,0,0,0,0,0,0,0,0,0,0,0,0,0,0,0,0,0,0,0,0,0,0,0,0,0,0,0,0,0,0,0,0,0,0,0,0,0,0,0,0,0,0,0.928441183062702,0,0,0,0,0,0,0,0,0,0,0,0,0,0,0,0,0,0,1.35466493281077,0,0,0,0,0,0,0,0,0,0,0,0,0,0,0,0,0,0,0,0,0,0,0.0569572368266848,0,0,0,0,0,0,0,0,0,0,0,0,0,0,0,0,0,0,0,0.0582210002489232,0,0,0,0,0,0.049477837269103,0,0.243603546193879,0,0,0,0,0,0,0,0,0,0,0,0,0.333113530817294,0,0.057799266341486,0,0,22.81370035,23.14510042,23.13350041,15.76760028,22.95470038,21.98480036,25.71340046,30.32130054,28.82360051,31.41700056,13.77070025,"KIN-00375"
"767",8939,"nSPC",2015,"PRIAs","Pacific Remote Island Areas","Kingman","Kingman",2015,"ForereefMid","Kingman","2015-04-24","Forereef","Mid",6.37895873,-162.41833909,8.9,50,17.5,3,10,19.5,0,0,0,NA,0.46,0.250185826778746,0.85,2,1,41.8971214599828,54.2272669315247,7.41989402920014,14.0431075666641,117.587389987372,4.41596671164273,0,0,0,0,0,0,0,0,0,0,0,0,0,0,0,0,0.0198059484736581,0,0,0.0282942121052258,0,0,0,0,0,0.00565884242104517,0,0,0,0,0,0,0,0,0,0,0,0,0,0,0,0,0,0,0,0,0,0,0,0,0,0,0,0,0,0,0.0141471060526129,0,0,0,0,0,0,0,0,0,0,0,0,0,0,0,0,0,0,0,0,0,0,0,0,0,0,0,0,0,0.00282942121052258,0,0,0,0,0,0,0,0,0,0,0,0,0,0.00282942121052258,0,0,0,0,0,0,0,0,0,0,0.155618166578742,0,0,0,0,0.00565884242104517,0,0,0,0.00282942121052258,0,0,0,0,0.00848826363156775,0,0,0,0,0,0,0,0,0,0,0.00565884242104517,0,0,0,0,0,0,0,0,0,0,0,0,0,0,0,0,0,0,0,0,0,0,0,0,0,0,0,0,0,0,0,0,0,0,0,0.209377169578671,0.00565884242104517,0,0,0,0,0,0,0.00565884242104517,0,0,0,0,0,0.00282942121052258,0.0113176848420903,0,0.00565884242104517,0,0,0,0,0,0,0.00282942121052258,0,0,0,0,0,0.0113176848420903,0.282942121052258,0,0,0,0,0.0311236333157484,0,0,0,0,0,0,0,0,0,0,0,0,0,0,0,0,0,0,0,0,0,0,0,0,0,0,0,0,0.00282942121052258,0,0,0.00282942121052258,0,0,0,0,0,0,0,0.033953054526271,0,0,0,0,0,0,0,0,0,0,0,0,0,0,0,0,0,0,0,0,0,0,0,0,0,0,0,0,0,0,0,0,0,0,0,0,0,0,0,0,0,0,0,0,0,0,0,0,0,0,0.00282942121052258,0,0,0,0,0,0,0,0,0,0,0,0,0,0,0,0,0,0,0,0.00282942121052258,0,0,0,0,0,0,0,0,0,0,0,0,0,0,0.00282942121052258,0,0,0,0,0,0,0,0,0,0,0,0,0,0,0,0,0,0,0,0,0,0,0,0,0.00565884242104517,0,0,0,0.00565884242104517,0,0,0,0,0,0,0,0,0,0,0,0,0.0396118969473162,0,0.0113176848420903,0,0,0,0,0,0,0,0,0,0,0,0,0,0,0.033953054526271,0.00848826363156775,0,0,0,0,0,0,0,0.0113176848420903,0.0396118969473162,0,0.0169765272631355,0.0169765272631355,0,0,0.0169765272631355,0,0,0,0,0,0,0,0,0,0,0,0,0,0,0,0,0,0,0,0,0,0,0,0,0,0,0,0,0,0,0,0,0,0,0,0,0,0,0,0.0169765272631355,0,0,0,0,0,0,0,0,0.00282942121052258,0,0,0,0,0,0,0,0.00282942121052258,0,0,0,0,0,0,0,0,0,0,0,0,0.113176848420903,0,0,0,0,0.101859163578813,0,0,0,0,0,0,0,0,0,0,0,0,0,0,0,0,0,0,0,0,0,0,0,0,0,0,0,0,0,0,0,0,0,0,0,0,0,0,0,0,0,0,0,0,0,0,0,0,0,0,0,0,0,0,0,0,0,0,0,0,0,0,0,0,0,0,0.00848826363156775,0,0,0,0,0,0,0,0.00282942121052258,0.00848826363156775,0,0,0,0,0,0,0,0,0,0,0,0,0,0,0,0,0,0,0,0,0,0,0,0,0,0,0,0,0,0,0,0,0,0,0,0,0,0,0,0,0,0,0,0,0,0,0,0,0,0,0,0,0,0,0,0,0,0,0,0,0,0.0282942121052258,0,0,0,0,0,0,0,0.0396118969473162,0,0,0,0,0,0,0,0,0,0,0,0,0.00565884242104517,0,0,0.00282942121052258,0,0,0,0,0,0,0,0,0,0,0,0,0,0,0,0,0,0.775220444898756,0,0,0.885989117724295,0,0,0,0,0,0.190216895025254,0,0,0,0,0,0,0,0,0,0,0,0,0,0,0,0,0,0,0,0,0,0,0,0,0,0,0,0,0,0,3.86073392407322,0,0,0,0,0,0,0,0,0,0,0,0,0,0,0,0,0,0,0,0,0,0,0,0,0,0,0,0,0,0.330907765958665,0,0,0,0,0,0,0,0,0,0,0,0,0,0.643084087169323,0,0,0,0,0,0,0,0,0,0,41.7861860424364,0,0,0,0,1.74186351280442,0,0,0,0.0133986696144496,0,0,0,0,0.0241276505837816,0,0,0,0,0,0,0,0,0,0,0.369516499953344,0,0,0,0,0,0,0,0,0,0,0,0,0,0,0,0,0,0,0,0,0,0,0,0,0,0,0,0,0,0,0,0,0,0,0,0.137019249193493,4.41596671164273,0,0,0,0,0,0,0.447063356309831,0,0,0,0,0,0.0292774732925062,0.189423754787158,0,0.163500585259839,0,0,0,0,0,0,0.375253199811446,0,0,0,0,0,0.410927120782574,0.223377145728337,0,0,0,0,0.205023307840007,0,0,0,0,0,0,0,0,0,0,0,0,0,0,0,0,0,0,0,0,0,0,0,0,0,0,0,0,0.0543404474896412,0,0,0.33008150619535,0,0,0,0,0,0,0,1.05218274028685,0,0,0,0,0,0,0,0,0,0,0,0,0,0,0,0,0,0,0,0,0,0,0,0,0,0,0,0,0,0,0,0,0,0,0,0,0,0,0,0,0,0,0,0,0,0,0,0,0,0,0.0190250326598301,0,0,0,0,0,0,0,0,0,0,0,0,0,0,0,0,0,0,0,0.0522482505756064,0,0,0,0,0,0,0,0,0,0,0,0,0,0,0.282170254946028,0,0,0,0,0,0,0,0,0,0,0,0,0,0,0,0,0,0,0,0,0,0,0,0,0.0225968114656179,0,0,0,0.00540243409826541,0,0,0,0,0,0,0,0,0,0,0,0,35.9250075231518,0,4.41543463656906,0,0,0,0,0,0,0,0,0,0,0,0,0,0,2.75239779096742,0.781276413801598,0,0,0,0,0,0,0,1.51316717949802,5.34473497469277,0,1.54774752987905,0.66753576217782,0,0,0.353275483558348,0,0,0,0,0,0,0,0,0,0,0,0,0,0,0,0,0,0,0,0,0,0,0,0,0,0,0,0,0,0,0,0,0,0,0,0,0,0,0,0.126327130307405,0,0,0,0,0,0,0,0,0.270444201148021,0,0,0,0,0,0,0,0.0622990679213183,0,0,0,0,0,0,0,0,0,0,0,0,0.700243769521712,0,0,0,0,0.294098044454662,0,0,0,0,0,0,0,0,0,0,0,0,0,0,0,0,0,0,0,0,0,0,0,0,0,0,0,0,0,0,0,0,0,0,0,0,0,0,0,0,0,0,0,0,0,0,0,0,0,0,0,0,0,0,0,0,0,0,0,0,0,0,0,0,0,0,0.852659404876283,0,0,0,0,0,0,0,1.26516173511903,0.833034797496607,0,0,0,0,0,0,0,0,0,0,0,0,0,0,0,0,0,0,0,0,0,0,0,0,0,0,0,0,0,0,0,0,0,0,0,0,0,0,0,0,0,0,0,0,0,0,0,0,0,0,0,0,0,0,0,0,0,0,0,0,0,0.00215036011999716,0,0,0,0,0,0,0,0.0850685292892088,0,0,0,0,0,0,0,0,0,0,0,0,0.619708592965054,0,0,0.139493067249543,0,24.16100037,24.72430044,25.00670044,18.48610033,24.4883004,23.09580038,26.76030047,31.81960056,31.29340054,33.25290059,15.33650028,"KIN-00376"
"768",8940,"nSPC",2015,"PRIAs","Pacific Remote Island Areas","Kingman","Kingman",2015,"ForereefMid","Kingman","2015-04-24","Forereef","Mid",6.38246127,-162.42673701,9.75,17.5,6,1.5,5.5,42,27.5,0,0,NA,0.40125,0.31365540812699,1.1,2,1,38.4504054764077,38.2161174930816,27.3188727149716,4.05282400237635,108.038219686837,23.013430432677,0,0,0,0,0,0,0,0,0,0,0,0,0,0,0,0,0.0254647908947033,0,0,0,0,0,0,0,0,0,0,0,0,0,0,0,0,0,0,0,0,0,0,0,0,0,0,0,0,0,0,0,0,0,0,0,0,0,0,0,0,0,0,0,0,0,0,0,0,0,0,0,0,0,0,0,0,0,0,0,0,0,0,0,0,0,0,0,0,0,0.00848826363156775,0,0,0,0,0,0,0,0,0,0,0,0,0,0,0,0,0,0,0,0,0,0,0,0,0.127323954473516,0,0,0,0,0.00282942121052258,0,0,0,0.0282942121052258,0,0,0,0,0,0,0,0,0,0,0,0,0,0,0,0.0113176848420903,0,0,0,0,0,0,0,0,0,0,0,0,0,0,0,0,0,0,0,0,0,0,0,0,0,0,0,0,0,0,0,0,0,0,0,0,0.0169765272631355,0,0,0,0,0,0,0.00565884242104517,0,0,0,0,0,0,0.0198059484736581,0,0.00565884242104517,0,0,0,0,0,0,0.00282942121052258,0,0,0,0,0,0.00565884242104517,0.288600963473304,0,0,0,0,0,0,0,0,0,0,0,0,0,0,0,0,0,0,0,0,0,0,0,0,0,0,0,0,0,0.00282942121052258,0,0,0,0,0,0,0.00848826363156775,0,0,0,0,0,0,0,0,0,0,0,0,0,0,0,0,0,0,0,0,0,0,0,0,0,0,0,0,0.00565884242104517,0,0,0,0,0,0,0,0,0,0,0,0,0,0,0,0,0,0,0,0,0,0,0,0,0,0,0,0,0,0.00282942121052258,0,0,0,0,0,0,0,0,0,0,0,0,0,0,0,0,0,0,0,0.00282942121052258,0,0,0,0,0,0.00282942121052258,0,0,0,0,0,0,0,0,0,0,0,0,0,0,0,0,0,0,0,0,0,0,0,0,0,0,0,0,0,0,0,0,0,0.00565884242104517,0,0,0,0,0,0,0,0,0,0,0,0,0,0,0,0,0.0169765272631355,0,0,0,0,0,0,0,0,0,0,0,0,0.00848826363156775,0,0,0,0.113176848420903,0.0113176848420903,0,0,0,0,0,0,0,0,0,0,0,0,0,0,0,0,0,0,0,0,0,0,0,0,0,0,0,0,0,0,0,0,0,0,0,0,0,0,0,0,0,0,0,0,0,0,0,0,0,0,0,0,0,0.00282942121052258,0.0113176848420903,0,0,0,0,0,0,0,0.00282942121052258,0,0,0,0,0,0,0,0,0,0,0,0,0,0,0,0,0,0,0,0,0,0.0650766878420194,0,0,0,0,0.0282942121052258,0,0,0,0,0,0,0,0,0,0,0,0,0,0,0,0,0,0,0,0,0,0,0,0,0,0,0,0,0,0,0,0,0,0,0,0,0,0,0,0,0,0.0848826363156775,0,0,0,0,0,0,0,0,0,0,0,0,0,0,0,0,0,0,0,0,0,0,0,0,0,0,0,0,0,0,0,0,0,0,0,0,0,0,0,0,0,0,0.00282942121052258,0,0,0,0,0,0,0,0,0,0.00282942121052258,0,0,0,0,0,0,0,0,0,0,0,0,0,0,0,0,0,0,0,0,0,0,0.0537590029999291,0,0,0,0,0,0,0,0,0,0.00565884242104517,0,0,0,0,0,0,0,0,0,0.438560287631001,0,0,0,0,0,0,0,0.118835690841949,0,0,0,0,0,0,0,0,0,0,0,0,0,0,0,0,0,0,0,0,0,0,0,0,0,0,0,0,0,0,0,0,0,2.01811983198916,0,0,0,0,0,0,0,0,0,0,0,0,0,0,0,0,0,0,0,0,0,0,0,0,0,0,0,0,0,0,0,0,0,0,0,0,0,0,0,0,0,0,0,0,0,0,0,0,0,0,0,0,0,0,0,0,0,0,0,0,0,0,0,0,0,0,0,0,0,0.65638348367542,0,0,0,0,0,0,0,0,0,0,0,0,0,0,0,0,0,0,0,0,0,0,0,0,20.5710645962551,0,0,0,0,0.489340134096332,0,0,0,0.0766160760685882,0,0,0,0,0,0,0,0,0,0,0,0,0,0,0,0.568614024999432,0,0,0,0,0,0,0,0,0,0,0,0,0,0,0,0,0,0,0,0,0,0,0,0,0,0,0,0,0,0,0,0,0,0,0,0,19.3441253064487,0,0,0,0,0,0,0.54947018315172,0,0,0,0,0,0,0.66995784145142,0,0.281988661853712,0,0,0,0,0,0,0.182067340756513,0,0,0,0,0,0.269160840973409,0.236589976897235,0,0,0,0,0,0,0,0,0,0,0,0,0,0,0,0,0,0,0,0,0,0,0,0,0,0,0,0,0,0.0677569985547475,0,0,0,0,0,0,0.565068968587133,0,0,0,0,0,0,0,0,0,0,0,0,0,0,0,0,0,0,0,0,0,0,0,0,0,0,0,0,0.872234482818576,0,0,0,0,0,0,0,0,0,0,0,0,0,0,0,0,0,0,0,0,0,0,0,0,0,0,0,0,0,0.0706637519428109,0,0,0,0,0,0,0,0,0,0,0,0,0,0,0,0,0,0,0,0.164690365394844,0,0,0,0,0,0.012907536620283,0,0,0,0,0,0,0,0,0,0,0,0,0,0,0,0,0,0,0,0,0,0,0,0,0,0,0,0,0,0,0,0,0,0.0400842920437348,0,0,0,0,0,0,0,0,0,0,0,0,0,0,0,0,36.389084026363,0,0,0,0,0,0,0,0,0,0,0,0,0.0449524294821775,0,0,0,16.7947837874489,1.32427489321321,0,0,0,0,0,0,0,0,0,0,0,0,0,0,0,0,0,0,0,0,0,0,0,0,0,0,0,0,0,0,0,0,0,0,0,0,0,0,0,0,0,0,0,0,0,0,0,0,0,0,0,0,0,0.131132808130273,0.0285583094348813,0,0,0,0,0,0,0,0.0362640110539906,0,0,0,0,0,0,0,0,0,0,0,0,0,0,0,0,0,0,0,0,0,0.302943536368558,0,0,0,0,0.0817396928714543,0,0,0,0,0,0,0,0,0,0,0,0,0,0,0,0,0,0,0,0,0,0,0,0,0,0,0,0,0,0,0,0,0,0,0,0,0,0,0,0,0,0.277439884686807,0,0,0,0,0,0,0,0,0,0,0,0,0,0,0,0,0,0,0,0,0,0,0,0,0,0,0,0,0,0,0,0,0,0,0,0,0,0,0,0,0,0,1.82960179044299,0,0,0,0,0,0,0,0,0,1.83970333578523,0,0,0,0,0,0,0,0,0,0,0,0,0,0,0,0,0,0,0,0,0,0,0.321362512436584,0,0,0,0,0,0,0,0,0,0.354825317294036,0,0,0,0,0,0,0,0,0,0.299975236739604,0,0,0,0,0,0,0,0.274673420506627,0,0,0,0,0,0,0,0,0,0,0,0,0,0,0,0,0,0,0,0,0,0,0,0,0,0,0,0,"KIN-00294"
"769",8949,"nSPC",2015,"PRIAs","Pacific Remote Island Areas","Kingman","Kingman",2015,"ForereefDeep","Kingman","2015-04-25","Forereef","Deep",6.40085628,-162.33912525,21.5,23.5,31.5,4.5,5,30,5.5,0,0,NA,0.355,0.218754709450088,1,2,1,27.7469357550329,58.9621265711866,18.2924167027224,5.6064581281538,110.607937157096,11.7273281012056,0,0,0,0,0,0,0,0,0,0,0,0,0,0,0,0,0.0311236333157484,0,0,0,0,0.00282942121052258,0,0,0,0,0,0,0,0,0,0,0,0,0,0,0,0,0,0,0,0,0,0,0,0,0,0,0,0,0.00282942121052258,0,0,0,0,0,0.00282942121052258,0,0,0,0,0,0,0,0,0,0,0,0,0,0,0,0,0,0,0,0.00565884242104517,0,0,0,0,0,0,0,0,0,0.00282942121052258,0,0,0,0,0,0,0,0,0,0,0.00282942121052258,0,0,0.00282942121052258,0,0,0,0,0,0,0,0,0,0,0,0,0,0,0,0.00565884242104517,0,0,0,0.0226353696841807,0,0,0,0,0.0198059484736581,0,0,0,0,0,0,0,0,0,0,0,0,0.226353696841807,0,0,0,0,0,0,0.00282942121052258,0,0,0,0,0,0,0,0,0,0,0,0,0,0,0,0,0,0,0,0,0,0,0,0,0.00565884242104517,0,0.25181848773651,0.00565884242104517,0,0,0,0,0,0,0,0,0,0,0.0169765272631355,0,0,0,0,0.00565884242104517,0,0.00282942121052258,0,0,0,0,0,0.0198059484736581,0,0,0,0,0,0,0,0,0,0,0.0254647908947033,0,0,0,0,0,0.00565884242104517,0,0,0,0,0,0,0,0,0,0,0,0,0,0,0,0,0,0,0,0,0,0,0.0509295817894065,0,0.00282942121052258,0.00565884242104517,0,0,0,0,0,0,0,0,0,0,0,0,0,0,0,0,0,0,0,0,0,0,0,0,0,0,0,0,0,0,0,0,0,0,0,0,0,0,0,0,0,0,0.00282942121052258,0,0,0,0,0,0.00565884242104517,0,0,0,0,0,0,0,0,0,0.00848826363156775,0,0,0,0,0,0,0,0,0,0,0.00282942121052258,0,0,0,0,0,0,0,0,0,0,0,0,0,0,0.00282942121052258,0,0,0,0,0,0,0,0,0,0,0,0,0,0.00565884242104517,0,0,0,0,0,0,0,0,0,0,0,0,0,0,0,0,0,0,0.00282942121052258,0.00565884242104517,0,0,0,0.00848826363156775,0,0,0,0,0,0,0,0,0,0,0,0,0.00848826363156775,0,0,0,0,0,0,0,0,0,0,0,0,0,0,0,0,0.00282942121052258,0.00848826363156775,0,0,0,0,0,0,0,0.0282942121052258,0.0169765272631355,0,0,0.033953054526271,0,0,0,0,0,0,0,0,0,0,0.0282942121052258,0,0,0,0,0,0,0,0.00565884242104517,0,0,0,0,0,0,0,0,0,0,0,0,0,0,0,0,0,0,0,0,0,0,0,0.0169765272631355,0,0,0,0,0,0,0,0,0,0,0.00282942121052258,0,0,0,0,0,0,0,0,0,0,0,0,0,0,0,0,0,0,0,0,0,0,0,0.0424413181578388,0,0,0,0,0,0,0,0,0,0,0,0,0,0,0,0,0,0,0,0,0,0,0.00282942121052258,0,0,0,0,0,0,0,0,0,0,0,0,0.0169765272631355,0,0,0,0.00282942121052258,0,0,0,0,0,0,0,0,0,0,0,0,0,0,0,0,0,0,0,0,0,0,0,0,0,0,0,0,0,0,0,0,0,0,0,0,0,0,0,0,0,0,0,0,0.00565884242104517,0,0,0,0,0,0,0,0,0,0,0,0,0,0,0.00282942121052258,0,0,0,0,0,0,0,0,0,0,0,0,0,0,0,0,0,0,0,0,0,0,0,0,0,0,0,0,0,0,0,0,0,0,0,0,0,0.0367824757367936,0,0,0,0,0,0.0113176848420903,0,0,0,0,0,0,0,0,0.00282942121052258,0,0,0,0,0,0.00848826363156775,0,0,0,0,0,0,0,0,0,0,0,0,0,0,0,0,0,0,0,0,1.70729803248587,0,0,0,0,0.990574227785197,0,0,0,0,0,0,0,0,0,0,0,0,0,0,0,0,0,0,0,0,0,0,0,0,0,0,0,0,0.041592491794682,0,0,0,0,0,0.410696147549774,0,0,0,0,0,0,0,0,0,0,0,0,0,0,0,0,0,0,0,0.769492399418002,0,0,0,0,0,0,0,0,0,0.232429000294309,0,0,0,0,0,0,0,0,0,0,0.326216150990966,0,0,0.49283255281021,0,0,0,0,0,0,0,0,0,0,0,0,0,0,0,1.42856832548006,0,0,0,0.180497928343043,0,0,0,0,0.148643941129279,0,0,0,0,0,0,0,0,0,0,0,0,0.225202122409124,0,0,0,0,0,0,0.177717994561299,0,0,0,0,0,0,0,0,0,0,0,0,0,0,0,0,0,0,0,0,0,0,0,0,0.217401603926528,0,0.697360089262354,5.41047529848198,0,0,0,0,0,0,0,0,0,0,0.277086711300506,0,0,0,0,0.281988661853712,0,1.67306755240363,0,0,0,0,0,0.644106649874726,0,0,0,0,0,0,0,0,0,0,0.193096077360802,0,0,0,0,0,0.00759887613672158,0,0,0,0,0,0,0,0,0,0,0,0,0,0,0,0,0,0,0,0,0,0,1.72303760493009,0,0.233181399909626,0.471545319555839,0,0,0,0,0,0,0,0,0,0,0,0,0,0,0,0,0,0,0,0,0,0,0,0,0,0,0,0,0,0,0,0,0,0,0,0,0,0,0,0,0,0,0.641102028457507,0,0,0,0,0,0.158164645668212,0,0,0,0,0,0,0,0,0,0.168046008624037,0,0,0,0,0,0,0,0,0,0,2.50669035369735,0,0,0,0,0,0,0,0,0,0,0,0,0,0,0.00812836125358928,0,0,0,0,0,0,0,0,0,0,0,0,0,0.653171886449138,0,0,0,0,0,0,0,0,0,0,0,0,0,0,0,0,0,0,0.0119901315272546,0.0177965605695409,0,0,0,0.0205177554745588,0,0,0,0,0,0,0,0,0,0,0,0,13.8688474877591,0,0,0,0,0,0,0,0,0,0,0,0,0,0,0,0,0.312297147030625,1.11031014737787,0,0,0,0,0,0,0,3.7656142554378,2.2083671662315,0,0,3.37953966275462,0,0,0,0,0,0,0,0,0,0,35.781309246174,0,0,0,0,0,0,0,11.3523872173754,0,0,0,0,0,0,0,0,0,0,0,0,0,0,0,0,0,0,0,0,0,0,0,0.144281450154546,0,0,0,0,0,0,0,0,0,0,0.168410588356291,0,0,0,0,0,0,0,0,0,0,0,0,0,0,0,0,0,0,0,0,0,0,0,0.239789000033736,0,0,0,0,0,0,0,0,0,0,0,0,0,0,0,0,0,0,0,0,0,0,0.374113928390939,0,0,0,0,0,0,0,0,0,0,0,0,0.0708770013235907,0,0,0,0.200035814642207,0,0,0,0,0,0,0,0,0,0,0,0,0,0,0,0,0,0,0,0,0,0,0,0,0,0,0,0,0,0,0,0,0,0,0,0,0,0,0,0,0,0,0,0,3.67291719626433,0,0,0,0,0,0,0,0,0,0,0,0,0,0,0.644651903064651,0,0,0,0,0,0,0,0,0,0,0,0,0,0,0,0,0,0,0,0,0,0,0,0,0,0,0,0,0,0,0,0,0,0,0,0,0,0.0120688961734841,0,0,0,0,0,0.171675535096397,0,0,0,0,0,0,0,0,8.89103141208908,0,0,0,0,0,1.09209720959587,0,0,0,0,159.6771028,165.5671028,163.8310028,176.0101029,155.6706028,192.9560033,155.8426027,153.0662026,191.6345033,159.8094028,184.8041031,"KIN-00274"
"770",8950,"nSPC",2015,"PRIAs","Pacific Remote Island Areas","Kingman","Kingman",2015,"ForereefShallow","Kingman","2015-04-25","Forereef","Shallow",6.40161392,-162.34198046,4.55,19,25,1.5,21,23.5,2.5,0,7.5,NA,0.53125,0.421059239797842,1.45,2,1,15.0092537864303,2.68196784139652,5.08253848982461,4.05998678974387,26.8337469073953,2.63946464975459,0,0,0,0,0,0,0,0,0,0,0,0,0,0,0,0,0.0141471060526129,0.00848826363156775,0,0,0,0,0,0,0,0,0,0,0,0,0,0,0,0,0,0,0,0,0,0,0,0,0,0,0,0,0,0,0,0,0,0,0,0,0,0,0,0,0,0,0,0,0,0,0,0,0,0,0,0,0,0,0,0,0,0,0,0,0,0,0,0,0,0,0,0,0,0,0,0,0,0,0,0,0,0,0,0,0,0,0,0,0,0,0,0,0,0,0,0,0,0,0,0,0,0,0.00848826363156775,0,0,0,0,0,0,0,0,0,0,0,0,0,0,0,0,0,0,0,0.00565884242104517,0,0.0113176848420903,0,0,0,0,0,0.00282942121052258,0,0,0,0,0,0,0,0,0,0,0,0,0,0,0,0,0,0,0,0,0,0,0,0,0,0,0,0,0,0,0,0,0,0,0,0,0,0,0,0,0,0,0.00282942121052258,0,0.00565884242104517,0,0.00282942121052258,0,0,0,0,0,0,0,0,0,0,0,0.0848826363156775,0,0,0,0,0,0,0,0,0,0,0,0,0,0,0,0,0,0,0,0,0,0,0,0.00565884242104517,0,0,0,0,0,0.00282942121052258,0,0,0,0.00282942121052258,0,0,0.0113176848420903,0,0,0,0,0,0,0,0,0,0,0,0,0,0,0,0,0,0,0,0,0,0,0,0,0,0,0,0,0,0,0,0,0,0,0,0,0,0,0,0,0,0,0,0,0,0,0,0,0,0,0,0,0,0,0,0,0,0,0.0113176848420903,0,0,0,0,0,0,0,0,0,0,0,0,0,0,0,0,0,0,0,0.00282942121052258,0,0,0,0,0,0,0,0,0,0,0,0,0,0,0,0,0,0,0,0,0,0,0,0,0,0,0,0,0,0,0,0,0,0,0,0,0,0,0,0.00848826363156775,0,0,0,0,0,0,0,0,0,0,0,0,0,0,0,0,0.0169765272631355,0,0.00565884242104517,0,0,0,0,0,0,0,0,0,0,0,0,0,0,0.033953054526271,0,0,0,0,0,0,0,0,0,0,0,0,0,0,0,0,0,0,0,0,0,0,0,0,0,0,0,0,0,0,0,0,0,0,0,0,0,0,0,0,0,0,0,0,0,0,0,0,0,0,0,0,0,0,0.00282942121052258,0.00565884242104517,0,0,0,0,0,0.00282942121052258,0,0,0,0,0,0,0,0,0,0,0,0,0,0,0,0,0,0,0,0,0,0,0,0.0933708999472453,0,0,0,0,0.0254647908947033,0,0,0,0,0,0,0,0,0,0,0,0,0.0169765272631355,0,0,0,0,0,0,0,0,0,0,0,0,0,0,0,0,0,0,0,0,0,0,0,0,0,0,0,0,0,0,0,0,0,0,0,0,0,0,0,0,0,0,0,0,0,0,0,0,0,0,0,0,0,0,0,0,0,0,0,0,0,0,0,0,0,0,0,0,0,0,0,0.0113176848420903,0,0,0,0,0,0,0,0,0,0,0,0,0,0,0,0,0,0,0,0,0,0,0,0,0,0,0,0,0,0,0,0,0.0452707393683613,0,0,0.00282942121052258,0,0,0,0,0,0,0,0,0,0,0,0,0,0,0,0,0,0,0,0,0,0,0,0,0.147129902947174,0,0,0,0,0,0,0,0,0,0,0,0,0,0,0,0,0,0,0,0,0,0,0,0,0,0,0,0,0,0,0,0,0,0.578851600569897,0.140046300210297,0,0,0,0,0,0,0,0,0,0,0,0,0,0,0,0,0,0,0,0,0,0,0,0,0,0,0,0,0,0,0,0,0,0,0,0,0,0,0,0,0,0,0,0,0,0,0,0,0,0,0,0,0,0,0,0,0,0,0,0,0,0,0,0,0,0,0,0,0,0,0,0,0,0,0,0,0,0,0,0,0,0,0,0,0,0,0,0,0,0,0,0,0,0,0,0,0,0,2.26915843404078,0,0,0,0,0,0,0,0,0,0,0,0,0,0,0,0,0,0,0,0.219835836807109,0,0.0186877612112596,0,0,0,0,0,0.243078675390366,0,0,0,0,0,0,0,0,0,0,0,0,0,0,0,0,0,0,0,0,0,0,0,0,0,0,0,0,0,0,0,0,0,0,0,0,0,0,0,0,0,0,0.0817502926299197,0,0.281988661853712,0,0.258754594169904,0,0,0,0,0,0,0,0,0,0,0,0.059129244457501,0,0,0,0,0,0,0,0,0,0,0,0,0,0,0,0,0,0,0,0,0,0,0,0.543010792330749,0,0,0,0,0,0.246725529557569,0,0,0,0.13089513208302,0,0,1.21585624417321,0,0,0,0,0,0,0,0,0,0,0,0,0,0,0,0,0,0,0,0,0,0,0,0,0,0,0,0,0,0,0,0,0,0,0,0,0,0,0,0,0,0,0,0,0,0,0,0,0,0,0,0,0,0,0,0,0,0,0.432940694119718,0,0,0,0,0,0,0,0,0,0,0,0,0,0,0,0,0,0,0,0.109390817412507,0,0,0,0,0,0,0,0,0,0,0,0,0,0,0,0,0,0,0,0,0,0,0,0,0,0,0,0,0,0,0,0,0,0,0,0,0,0,0,0.0378387065914083,0,0,0,0,0,0,0,0,0,0,0,0,0,0,0,0,12.3268276395308,0,0.962333713624163,0,0,0,0,0,0,0,0,0,0,0,0,0,0,2.53362349654753,0,0,0,0,0,0,0,0,0,0,0,0,0,0,0,0,0,0,0,0,0,0,0,0,0,0,0,0,0,0,0,0,0,0,0,0,0,0,0,0,0,0,0,0,0,0,0,0,0,0,0,0,0,0,0.131132808130273,0.0758380286760525,0,0,0,0,0,0.0622990679213183,0,0,0,0,0,0,0,0,0,0,0,0,0,0,0,0,0,0,0,0,0,0,0,0.416574184599201,0,0,0,0,0.123100294486187,0,0,0,0,0,0,0,0,0,0,0,0,0.0705273391802346,0,0,0,0,0,0,0,0,0,0,0,0,0,0,0,0,0,0,0,0,0,0,0,0,0,0,0,0,0,0,0,0,0,0,0,0,0,0,0,0,0,0,0,0,0,0,0,0,0,0,0,0,0,0,0,0,0,0,0,0,0,0,0,0,0,0,0,0,0,0,0,2.38071005558469,0,0,0,0,0,0,0,0,0,0,0,0,0,0,0,0,0,0,0,0,0,0,0,0,0,0,0,0,0,0,0,0,0.359242485450999,0,0,0.018182077582592,0,0,0,0,0,0,0,0,0,0,0,0,0,0,0,0,0,0,0,0,0,0,0,0,0.505416398472318,0,0,0,0,0,0,0,0,0,0,0,0,0,0,0,0,0,129.5812023,134.5204023,111.547002,136.2641022,135.1833024,170.3540029,132.2681023,130.3898023,168.8715029,130.4925023,162.9957028,"KIN-00301"
"771",8951,"nSPC",2015,"PRIAs","Pacific Remote Island Areas","Kingman","Kingman",2015,"ForereefMid","Kingman","2015-04-25","Forereef","Mid",6.4231591,-162.36547653,7.25,27.5,7.5,4,41,20,0,0,0,NA,0.41375,0.341406651504278,1.15,2,1,17.8052654990474,1.7900738270868,6.04150909650543,4.2428923231229,29.8797407457625,0.964691944576795,0,0,0,0,0,0,0,0,0,0,0,0,0,0,0,0,0.0509295817894065,0,0,0,0,0,0,0,0,0,0,0,0,0,0,0,0,0,0,0,0,0,0,0,0,0,0,0,0,0,0,0,0,0,0,0,0,0,0,0,0.00282942121052258,0,0,0,0,0,0,0,0,0,0,0,0,0,0,0,0,0,0,0,0,0,0,0,0,0.0113176848420903,0,0,0,0,0.00282942121052258,0,0,0,0,0,0,0,0,0,0,0,0,0,0,0,0,0,0,0,0,0,0,0,0,0,0,0,0,0,0.00565884242104517,0,0,0,0.00565884242104517,0,0,0,0,0,0,0,0,0,0,0,0,0,0,0,0.00282942121052258,0,0,0,0,0,0,0,0,0,0,0,0,0,0,0,0,0,0,0,0,0,0,0,0,0,0,0,0,0,0,0,0,0,0,0,0,0,0,0,0,0,0,0,0.00565884242104517,0,0,0,0,0,0,0.00282942121052258,0,0.00282942121052258,0,0,0,0,0,0,0,0,0,0,0,0,0,0.203718327157626,0,0,0,0,0,0,0,0,0,0,0,0,0,0,0,0,0,0,0,0,0,0.00565884242104517,0,0,0,0,0,0,0,0,0,0,0,0.0594178454209743,0,0,0,0,0,0,0,0,0,0,0,0,0,0,0,0,0,0,0,0,0,0,0,0,0,0,0,0,0,0,0,0,0,0,0,0,0,0,0,0,0,0,0,0,0,0,0,0,0,0,0,0,0,0,0,0,0,0,0,0,0,0.00848826363156775,0,0,0,0,0,0,0,0,0,0,0,0,0,0,0,0,0,0,0,0,0,0,0,0,0,0,0,0,0,0,0,0,0,0,0,0,0,0,0,0,0,0,0,0,0,0,0,0,0,0,0,0,0,0,0,0,0,0,0,0.00848826363156775,0,0,0,0.00282942121052258,0,0,0,0,0,0,0,0,0,0,0,0,0.0141471060526129,0,0,0,0,0,0,0,0,0,0,0,0,0,0,0,0,0.00282942121052258,0.00565884242104517,0,0,0,0,0,0,0,0,0.00282942121052258,0,0,0.00848826363156775,0,0,0,0,0,0,0,0,0,0,0,0,0,0,0,0,0,0,0,0,0,0,0,0,0,0,0,0,0,0,0,0,0,0,0,0,0,0,0,0,0,0,0.0226353696841807,0,0,0,0,0,0.00282942121052258,0.00565884242104517,0,0,0,0,0,0,0,0,0,0,0,0,0,0.00282942121052258,0,0,0,0,0,0,0,0,0.0735649514735872,0,0,0,0,0.15278874536822,0,0,0,0,0,0,0,0,0,0,0,0,0,0,0,0,0,0,0,0,0,0,0,0,0,0,0,0,0,0,0,0,0,0,0,0.00565884242104517,0,0,0,0,0,0,0,0,0,0,0,0,0,0,0,0,0,0,0,0,0,0,0,0,0,0,0,0,0,0,0,0,0,0,0,0,0,0,0,0.00565884242104517,0,0,0,0,0,0,0,0,0,0,0,0,0,0,0,0,0,0,0.00282942121052258,0,0,0,0,0,0,0,0,0,0,0,0,0,0,0,0,0,0,0,0,0,0,0.0282942121052258,0,0,0,0,0,0,0,0,0,0,0,0,0,0,0,0,0,0,0,0.00565884242104517,0,0,0,0,0,0,0,0.169765272631355,0,0,0,0,0,0,0,0,0,0,0,0,0,0,0,0,0,0,0,0,0,0,0,0,0,0,0,0,0,0,0,0,0,2.10998323757411,0,0,0,0,0,0,0,0,0,0,0,0,0,0,0,0,0,0,0,0,0,0,0,0,0,0,0,0,0,0,0,0,0,0,0,0,0,0,0,0.652170271340614,0,0,0,0,0,0,0,0,0,0,0,0,0,0,0,0,0,0,0,0,0,0,0,0,0.0488244442513987,0,0,0,0,0.155725906230731,0,0,0,0,0,0,0,0,0,0,0,0,0,0,0,0,0,0,0,0,0,0,0,0,0,0,0,0,0,2.25101909204683,0,0,0,0.0340277190186907,0,0,0,0,0,0,0,0,0,0,0,0,0,0,0,0.0390006140828554,0,0,0,0,0,0,0,0,0,0,0,0,0,0,0,0,0,0,0,0,0,0,0,0,0,0,0,0,0,0,0,0,0,0,0,0,0,0,0,0,0,0,0,0.666401551833678,0,0,0,0,0,0,0.0817502926299197,0,0.179111292414106,0,0,0,0,0,0,0,0,0,0,0,0,0,0.241845909737902,0,0,0,0,0,0,0,0,0,0,0,0,0,0,0,0,0,0,0,0,0,0.0117550557407874,0,0,0,0,0,0,0,0,0,0,0,2.41479600426889,0,0,0,0,0,0,0,0,0,0,0,0,0,0,0,0,0,0,0,0,0,0,0,0,0,0,0,0,0,0,0,0,0,0,0,0,0,0,0,0,0,0,0,0,0,0,0,0,0,0,0,0,0,0,0,0,0,0,0,0,0,0.130554015559737,0,0,0,0,0,0,0,0,0,0,0,0,0,0,0,0,0,0,0,0,0,0,0,0,0,0,0,0,0,0,0,0,0,0,0,0,0,0,0,0,0,0,0,0,0,0,0,0,0,0,0,0,0,0,0,0,0,0,0,0.0472759262807552,0,0,0,0.00785111761276115,0,0,0,0,0,0,0,0,0,0,0,0,14.5804721132318,0,0,0,0,0,0,0,0,0,0,0,0,0,0,0,0,0.194296347802044,0.231765492023485,0,0,0,0,0,0,0,0,0.492860277831265,0,0,0.80880627127219,0,0,0,0,0,0,0,0,0,0,0,0,0,0,0,0,0,0,0,0,0,0,0,0,0,0,0,0,0,0,0,0,0,0,0,0,0,0,0,0,0,0,0.371891870957923,0,0,0,0,0,0.0310176353076178,0.251585773037664,0,0,0,0,0,0,0,0,0,0,0,0,0,0.0323698521090901,0,0,0,0,0,0,0,0,0.568167320591757,0,0,0,0,0.803388710822272,0,0,0,0,0,0,0,0,0,0,0,0,0,0,0,0,0,0,0,0,0,0,0,0,0,0,0,0,0,0,0,0,0,0,0,0.016112704967563,0,0,0,0,0,0,0,0,0,0,0,0,0,0,0,0,0,0,0,0,0,0,0,0,0,0,0,0,0,0,0,0,0,0,0,0,0,0,0,0.650564291861521,0,0,0,0,0,0,0,0,0,0,0,0,0,0,0,0,0,0,0.964691944576795,0,0,0,0,0,0,0,0,0,0,0,0,0,0,0,0,0,0,0,0,0,0,0.274489643302674,0,0,0,0,0,0,0,0,0,0,0,0,0,0,0,0,0,0,0,0.00344057619199546,0,0,0,0,0,0,0,0.531727469251088,0,0,0,0,0,0,0,0,0,0,0,0,0,0,0,0,0,161.5057028,172.2749029,165.3643029,179.222203,157.5136028,193.0673033,155.2924027,154.7081027,193.3988034,161.7785029,184.4827031,"KIN-00283"
"772",8952,"nSPC",2015,"PRIAs","Pacific Remote Island Areas","Kingman","Kingman",2015,"ForereefMid","Kingman","2015-04-25","Forereef","Mid",6.39915853,-162.3382765,11.2,35,15,2,24,24,0,0,0,NA,0.34875,0.278964717392628,1.15,2,1,63.6407047129885,4.58274988194061,33.8042621824459,5.23010488621906,107.257821663594,21.3095297476602,0,0,0,0,0,0,0,0,0,0,0,0,0,0,0,0,0.0848826363156775,0,0,0,0,0,0,0,0,0,0,0,0,0,0,0,0,0,0,0,0,0,0,0,0,0,0,0,0,0,0,0,0,0,0,0,0,0,0,0,0,0,0,0,0,0,0,0,0,0,0,0,0,0,0,0,0,0,0,0,0,0,0,0,0,0.0169765272631355,0,0,0,0,0.00282942121052258,0,0,0,0,0,0,0,0,0,0,0,0,0,0,0,0,0,0,0,0,0,0,0,0,0,0,0,0,0,0.00848826363156775,0,0,0,0.0282942121052258,0,0,0,0,0,0,0,0,0,0,0,0,0,0,0,0.00565884242104517,0,0,0,0,0,0,0,0,0,0,0,0,0,0,0,0,0,0,0,0,0,0,0,0,0,0,0,0,0,0,0,0,0,0,0,0.0707355302630646,0.00848826363156775,0,0,0,0,0,0,0,0,0,0,0,0,0,0.00565884242104517,0,0.00565884242104517,0,0.00565884242104517,0,0,0,0,0,0,0,0,0,0,0,0.311236333157484,0,0,0,0,0.0848826363156775,0,0,0,0,0,0,0,0,0,0,0,0,0,0,0,0,0,0,0,0,0,0,0,0,0,0,0,0,0.0990297423682904,0,0,0.0594178454209743,0,0,0,0,0,0,0,0,0,0,0,0,0,0,0,0,0,0,0,0,0,0,0,0,0,0,0,0,0,0,0,0,0,0,0,0,0,0,0,0,0,0,0,0,0,0,0,0,0,0,0,0,0,0,0,0,0,0,0.0198059484736581,0,0,0,0,0,0,0,0,0,0,0,0,0,0,0,0,0,0,0,0.00565884242104517,0,0,0,0,0,0,0,0,0,0,0,0,0,0,0.00282942121052258,0,0,0,0,0,0,0,0,0,0,0,0,0,0,0,0,0,0,0,0,0,0,0,0,0.00282942121052258,0,0,0,0.00565884242104517,0,0,0,0,0,0,0,0,0,0,0,0,0.0254647908947033,0,0,0,0,0,0,0,0,0,0,0,0,0,0,0,0,0.0254647908947033,0.0169765272631355,0.00282942121052258,0,0,0,0,0,0,0,0,0,0,0,0,0,0,0,0,0,0,0,0,0,0,0,0,0,0,0,0,0,0,0,0,0,0,0,0,0,0,0,0,0,0,0,0,0,0,0,0,0,0,0,0,0,0.0113176848420903,0,0,0,0,0,0,0.00282942121052258,0,0,0,0,0,0,0,0,0,0,0,0,0,0,0,0,0,0,0,0,0,0,0.0452707393683613,0,0,0,0,0.0905414787367227,0,0,0,0,0,0,0,0,0,0,0,0,0,0,0,0,0,0,0,0,0,0,0,0,0,0,0,0,0,0,0,0,0,0,0,0,0,0,0,0,0,0,0,0,0,0,0,0,0,0,0,0,0,0,0,0,0,0,0,0,0,0,0,0,0,0,0,0,0,0,0,0,0,0,0,0,0,0,0,0,0,0,0,0,0,0,0,0,0,0,0,0,0,0,0.00565884242104517,0,0,0,0,0,0,0,0,0,0,0,0,0,0,0,0,0,0.00282942121052258,0,0,0,0,0.0226353696841807,0,0,0,0,0,0,0,0,0,0,0,0,0,0,0,0,0,0,0,0.0282942121052258,0,0,0,0,0,0,0,0.0650766878420194,0,0,0,0,0,0,0,0,0,0,0,0,0,0,0,0,0,0,0,0,0,0,0,0,0,0,0,0,0,0,0,0,0,5.00618291074362,0,0,0,0,0,0,0,0,0,0,0,0,0,0,0,0,0,0,0,0,0,0,0,0,0,0,0,0,0,0,0,0,0,0,0,0,0,0,0,0,0,0,0,0,0,0,0,0,0,0,0,0,0,0,0,0,0,0,0,0,0,0,0,0,0.00825514362109362,0,0,0,0,0.278776439657234,0,0,0,0,0,0,0,0,0,0,0,0,0,0,0,0,0,0,0,0,0,0,0,0,0,0,0,0,0,4.95330792315779,0,0,0,0.133986696144496,0,0,0,0,0,0,0,0,0,0,0,0,0,0,0,0.163428816641428,0,0,0,0,0,0,0,0,0,0,0,0,0,0,0,0,0,0,0,0,0,0,0,0,0,0,0,0,0,0,0,0,0,0,0,0.0762840252568994,13.4068039520336,0,0,0,0,0,0,0,0,0,0,0,0,0,0.163500585259839,0,0.281988661853712,0,1.18727307670439,0,0,0,0,0,0,0,0,0,0,0,0.202207416231207,0,0,0,0,0.467799524751897,0,0,0,0,0,0,0,0,0,0,0,0,0,0,0,0,0,0,0,0,0,0,0,0,0,0,0,0,1.83588396472536,0,0,3.99686621708285,0,0,0,0,0,0,0,0,0,0,0,0,0,0,0,0,0,0,0,0,0,0,0,0,0,0,0,0,0,0,0,0,0,0,0,0,0,0,0,0,0,0,0,0,0,0,0,0,0,0,0,0,0,0,0,0,0,0,0.578578993899903,0,0,0,0,0,0,0,0,0,0,0,0,0,0,0,0,0,0,0,0.362998286306672,0,0,0,0,0,0,0,0,0,0,0,0,0,0,0.0643979096936151,0,0,0,0,0,0,0,0,0,0,0,0,0,0,0,0,0,0,0,0,0,0,0,0,0.00300038252289269,0,0,0,0.00540243409826541,0,0,0,0,0,0,0,0,0,0,0,0,47.2256651651252,0,0,0,0,0,0,0,0,0,0,0,0,0,0,0,0,3.82349985931702,1.43625776255398,2.71758932289062,0,0,0,0,0,0,0,0,0,0,0,0,0,0,0,0,0,0,0,0,0,0,0,0,0,0,0,0,0,0,0,0,0,0,0,0,0,0,0,0,0,0,0,0,0,0,0,0,0,0,0,0,0,0.0551483841306228,0,0,0,0,0,0,0.221217541251428,0,0,0,0,0,0,0,0,0,0,0,0,0,0,0,0,0,0,0,0,0,0,0.187025724738942,0,0,0,0,0.193862039209141,0,0,0,0,0,0,0,0,0,0,0,0,0,0,0,0,0,0,0,0,0,0,0,0,0,0,0,0,0,0,0,0,0,0,0,0,0,0,0,0,0,0,0,0,0,0,0,0,0,0,0,0,0,0,0,0,0,0,0,0,0,0,0,0,0,0,0,0,0,0,0,0,0,0,0,0,0,0,0,0,0,0,0,0,0,0,0,0,0,0,0,0,0,0,6.7154527189222,0,0,0,0,0,0,0,0,0,0,0,0,0,0,0,0,0,11.0770852668126,0,0,0,0,0.0855548835353267,0,0,0,0,0,0,0,0,0,0,0,0,0,0,0,0,0,0,0,0.0047039127624938,0,0,0,0,0,0,0,0.337835721957607,0,0,0,0,0,0,0,0,0,0,0,0,0,0,0,0,0,158.6340028,161.2121027,159.2827027,173.0788029,154.9593028,192.5655032,154.7691027,151.9733026,190.4025033,157.8496028,184.3901031,"KIN-00288"
"773",8953,"nSPC",2015,"PRIAs","Pacific Remote Island Areas","Kingman","Kingman",2015,"ForereefDeep","Kingman","2015-04-25","Forereef","Deep",6.40627351,-162.34459159,21.45,21.5,40,3.5,6.5,26,2.5,0,0,NA,0.46625,0.373500690436209,1.35,2,1,60.4120817591883,46.2094017484946,17.4443752659729,9.55637211990179,133.622230893558,14.4864555846726,0,0,0,0,0,0,0,0,0,0,0,0,0,0,0,0,0.0226353696841807,0,0,0,0,0.00282942121052258,0,0,0,0,0,0,0,0,0,0,0,0,0,0,0,0,0,0,0,0,0,0,0,0,0,0,0,0,0,0,0,0,0,0,0.00282942121052258,0,0,0,0,0,0,0,0,0,0,0,0,0,0,0,0,0,0,0,0.0198059484736581,0,0,0,0,0,0,0.00282942121052258,0,0,0.00282942121052258,0,0,0,0,0,0,0,0,0,0,0.00282942121052258,0,0,0,0,0,0,0,0,0,0,0,0,0,0,0,0,0,0,0.00848826363156775,0,0,0,0.0226353696841807,0,0,0,0,0.0198059484736581,0,0,0,0,0,0,0,0,0,0,0.0141471060526129,0,0.169765272631355,0,0,0,0,0,0,0.00565884242104517,0,0,0,0,0,0,0,0,0,0,0,0,0,0,0,0,0,0,0,0,0,0,0,0,0,0,0.424413181578388,0.0113176848420903,0,0,0,0,0,0,0.00848826363156775,0,0,0,0.00565884242104517,0,0,0,0,0.00848826363156775,0,0,0,0,0,0,0.00565884242104517,0.00565884242104517,0,0,0,0,0,0,0,0,0,0,0.033953054526271,0,0,0,0,0,0,0,0,0,0,0,0,0,0,0,0,0,0,0,0,0,0,0,0,0,0,0,0,0.0198059484736581,0,0,0,0,0,0,0,0,0,0,0.0226353696841807,0,0,0,0,0,0,0,0,0,0,0,0,0,0,0,0,0,0,0,0,0,0,0,0.00565884242104517,0,0,0,0,0,0.00565884242104517,0,0,0,0,0,0,0,0,0,0,0.00282942121052258,0,0,0,0,0,0,0,0,0,0.00848826363156775,0,0,0,0,0,0,0,0,0.00282942121052258,0,0,0,0,0,0,0,0,0,0,0.00565884242104517,0,0,0,0,0,0.00565884242104517,0,0,0,0,0,0,0,0,0.00282942121052258,0,0,0,0,0,0,0,0,0,0,0,0,0,0,0,0,0,0,0,0,0,0,0,0.00282942121052258,0.00565884242104517,0,0,0,0.00565884242104517,0,0,0,0,0,0,0,0,0,0,0,0,0.0311236333157484,0,0,0,0,0,0,0,0,0,0,0,0,0,0,0,0,0.0396118969473162,0.00848826363156775,0.00282942121052258,0,0,0,0,0,0,0.00282942121052258,0.0169765272631355,0,0,0,0,0,0,0,0,0,0,0,0,0,0.033953054526271,0.00282942121052258,0,0,0,0,0,0,0.00282942121052258,0,0,0,0,0,0,0,0,0,0,0,0,0,0,0,0,0,0,0,0,0,0,0,0.00848826363156775,0,0,0,0,0,0.00282942121052258,0.00848826363156775,0,0,0,0,0,0,0,0,0,0,0,0,0,0,0,0,0,0,0,0,0,0,0,0,0,0,0,0.0113176848420903,0,0,0,0,0,0,0,0,0,0,0,0,0,0,0,0,0,0,0,0,0,0,0,0,0,0,0,0,0,0,0,0,0,0,0,0.033953054526271,0,0,0,0,0.00282942121052258,0.00848826363156775,0,0,0,0,0,0,0,0,0,0,0,0,0,0,0,0,0,0,0,0,0,0,0,0,0,0,0,0,0,0,0,0,0,0,0,0,0,0,0,0,0,0.00282942121052258,0,0,0,0,0,0,0,0,0,0,0,0,0,0,0,0.00282942121052258,0,0,0,0,0,0,0,0,0,0,0,0,0,0,0,0,0,0,0,0,0,0,0,0,0,0,0,0,0,0,0,0,0,0,0,0,0,0,0,0,0,0,0,0.00282942121052258,0,0,0,0,0,0,0,0,0.00282942121052258,0,0,0,0,0,0,0,0.00282942121052258,0,0,0,0,0,0,0,0,0,0,0,0,0,0,0,0,0,0,0.408737952955755,0,0,0,0,0.268390588088126,0,0,0,0,0,0,0,0,0,0,0,0,0,0,0,0,0,0,0,0,0,0,0,0,0,0,0,0,0,0,0,0,0,0,0.361468462618497,0,0,0,0,0,0,0,0,0,0,0,0,0,0,0,0,0,0,0,3.02853527271142,0,0,0,0,0,0,0.124690269762281,0,0,0.389162927965207,0,0,0,0,0,0,0,0,0,0,1.04538924694603,0,0,0,0,0,0,0,0,0,0,0,0,0,0,0,0,0,0,4.63341533755921,0,0,0,0.100225638815757,0,0,0,0,0.0562978513621571,0,0,0,0,0,0,0,0,0,0,1.25714703667158,0,0.0558442864320842,0,0,0,0,0,0,0.440166296722624,0,0,0,0,0,0,0,0,0,0,0,0,0,0,0,0,0,0,0,0,0,0,0,0,0,0,0.895333559594135,11.0450923464469,0,0,0,0,0,0,0.72179844788569,0,0,0,0.101616264023353,0,0,0,0,0.775102353796942,0,0,0,0,0,0,0.905691218675736,0.158078371368832,0,0,0,0,0,0,0,0,0,0,0.162453704155455,0,0,0,0,0,0,0,0,0,0,0,0,0,0,0,0,0,0,0,0,0,0,0,0,0,0,0,0,0.543217950851523,0,0,0,0,0,0,0,0,0,0,0.545501186769899,0,0,0,0,0,0,0,0,0,0,0,0,0,0,0,0,0,0,0,0,0,0,0,0.412948094912985,0,0,0,0,0,13.9989243449492,0,0,0,0,0,0,0,0,0,0,0.0611154981472878,0,0,0,0,0,0,0,0,0,0.296556742645842,0,0,0,0,0,0,0,0,2.68601882813709,0,0,0,0,0,0,0,0,0,0,0.635842555688629,0,0,0,0,0,0.0210358978738723,0,0,0,0,0,0,0,0,0.331859701418862,0,0,0,0,0,0,0,0,0,0,0,0,0,0,0,0,0,0,0,0,0,0,0,0.0119901315272546,0.015157571047666,0,0,0,0.0075167372981692,0,0,0,0,0,0,0,0,0,0,0,0,29.2427911149455,0,0,0,0,0,0,0,0,0,0,0,0,0,0,0,0,4.68622169253587,1.26157659233903,0.863156111379449,0,0,0,0,0,0,0.378291794874505,2.55608474498864,0,0,0,0,0,0,0,0,0,0,0,0,0,36.4610822591467,0.261673840546466,0,0,0,0,0,0,0.406877820503908,0,0,0,0,0,0,0,0,0,0,0,0,0,0,0,0,0,0,0,0,0,0,0,0.0381269810539458,0,0,0,0,0,0.110140412162358,1.17329160695058,0,0,0,0,0,0,0,0,0,0,0,0,0,0,0,0,0,0,0,0,0,0,0,0,0,0,0,0.0481166053163831,0,0,0,0,0,0,0,0,0,0,0,0,0,0,0,0,0,0,0,0,0,0,0,0,0,0,0,0,0,0,0,0,0,0,0,0.0708770013235907,0,0,0,0,0.0181534692942321,0.061710699493442,0,0,0,0,0,0,0,0,0,0,0,0,0,0,0,0,0,0,0,0,0,0,0,0,0,0,0,0,0,0,0,0,0,0,0,0,0,0,0,0,0,0.738106651843045,0,0,0,0,0,0,0,0,0,0,0,0,0,0,0,1.65786733943665,0,0,0,0,0,0,0,0,0,0,0,0,0,0,0,0,0,0,0,0,0,0,0,0,0,0,0,0,0,0,0,0,0,0,0,0,0,0,0,0,0,0,0,0.079077598061538,0,0,0,0,0,0,0,0,6.94888461519427,0,0,0,0,0,0,0,0.057799266341486,0,0,158.9796028,163.6370028,162.8834028,174.5862029,154.9929028,192.7233033,155.3122027,152.3705026,190.9447033,158.6999028,184.6681031,"KIN-00367"
"774",8953,"nSPC",2015,"PRIAs","Pacific Remote Island Areas","Kingman","Kingman",2015,"ForereefDeep","Kingman","2015-04-25","Forereef","Deep",6.40627351,-162.34459159,21.45,21.5,40,3.5,6.5,26,2.5,0,0,NA,0.46625,0.373500690436209,1.35,2,1,60.4120817591883,46.2094017484946,17.4443752659729,9.55637211990179,133.622230893558,14.4864555846726,0,0,0,0,0,0,0,0,0,0,0,0,0,0,0,0,0.0226353696841807,0,0,0,0,0.00282942121052258,0,0,0,0,0,0,0,0,0,0,0,0,0,0,0,0,0,0,0,0,0,0,0,0,0,0,0,0,0,0,0,0,0,0,0.00282942121052258,0,0,0,0,0,0,0,0,0,0,0,0,0,0,0,0,0,0,0,0.0198059484736581,0,0,0,0,0,0,0.00282942121052258,0,0,0.00282942121052258,0,0,0,0,0,0,0,0,0,0,0.00282942121052258,0,0,0,0,0,0,0,0,0,0,0,0,0,0,0,0,0,0,0.00848826363156775,0,0,0,0.0226353696841807,0,0,0,0,0.0198059484736581,0,0,0,0,0,0,0,0,0,0,0.0141471060526129,0,0.169765272631355,0,0,0,0,0,0,0.00565884242104517,0,0,0,0,0,0,0,0,0,0,0,0,0,0,0,0,0,0,0,0,0,0,0,0,0,0,0.424413181578388,0.0113176848420903,0,0,0,0,0,0,0.00848826363156775,0,0,0,0.00565884242104517,0,0,0,0,0.00848826363156775,0,0,0,0,0,0,0.00565884242104517,0.00565884242104517,0,0,0,0,0,0,0,0,0,0,0.033953054526271,0,0,0,0,0,0,0,0,0,0,0,0,0,0,0,0,0,0,0,0,0,0,0,0,0,0,0,0,0.0198059484736581,0,0,0,0,0,0,0,0,0,0,0.0226353696841807,0,0,0,0,0,0,0,0,0,0,0,0,0,0,0,0,0,0,0,0,0,0,0,0.00565884242104517,0,0,0,0,0,0.00565884242104517,0,0,0,0,0,0,0,0,0,0,0.00282942121052258,0,0,0,0,0,0,0,0,0,0.00848826363156775,0,0,0,0,0,0,0,0,0.00282942121052258,0,0,0,0,0,0,0,0,0,0,0.00565884242104517,0,0,0,0,0,0.00565884242104517,0,0,0,0,0,0,0,0,0.00282942121052258,0,0,0,0,0,0,0,0,0,0,0,0,0,0,0,0,0,0,0,0,0,0,0,0.00282942121052258,0.00565884242104517,0,0,0,0.00565884242104517,0,0,0,0,0,0,0,0,0,0,0,0,0.0311236333157484,0,0,0,0,0,0,0,0,0,0,0,0,0,0,0,0,0.0396118969473162,0.00848826363156775,0.00282942121052258,0,0,0,0,0,0,0.00282942121052258,0.0169765272631355,0,0,0,0,0,0,0,0,0,0,0,0,0,0.033953054526271,0.00282942121052258,0,0,0,0,0,0,0.00282942121052258,0,0,0,0,0,0,0,0,0,0,0,0,0,0,0,0,0,0,0,0,0,0,0,0.00848826363156775,0,0,0,0,0,0.00282942121052258,0.00848826363156775,0,0,0,0,0,0,0,0,0,0,0,0,0,0,0,0,0,0,0,0,0,0,0,0,0,0,0,0.0113176848420903,0,0,0,0,0,0,0,0,0,0,0,0,0,0,0,0,0,0,0,0,0,0,0,0,0,0,0,0,0,0,0,0,0,0,0,0.033953054526271,0,0,0,0,0.00282942121052258,0.00848826363156775,0,0,0,0,0,0,0,0,0,0,0,0,0,0,0,0,0,0,0,0,0,0,0,0,0,0,0,0,0,0,0,0,0,0,0,0,0,0,0,0,0,0.00282942121052258,0,0,0,0,0,0,0,0,0,0,0,0,0,0,0,0.00282942121052258,0,0,0,0,0,0,0,0,0,0,0,0,0,0,0,0,0,0,0,0,0,0,0,0,0,0,0,0,0,0,0,0,0,0,0,0,0,0,0,0,0,0,0,0.00282942121052258,0,0,0,0,0,0,0,0,0.00282942121052258,0,0,0,0,0,0,0,0.00282942121052258,0,0,0,0,0,0,0,0,0,0,0,0,0,0,0,0,0,0,0.408737952955755,0,0,0,0,0.268390588088126,0,0,0,0,0,0,0,0,0,0,0,0,0,0,0,0,0,0,0,0,0,0,0,0,0,0,0,0,0,0,0,0,0,0,0.361468462618497,0,0,0,0,0,0,0,0,0,0,0,0,0,0,0,0,0,0,0,3.02853527271142,0,0,0,0,0,0,0.124690269762281,0,0,0.389162927965207,0,0,0,0,0,0,0,0,0,0,1.04538924694603,0,0,0,0,0,0,0,0,0,0,0,0,0,0,0,0,0,0,4.63341533755921,0,0,0,0.100225638815757,0,0,0,0,0.0562978513621571,0,0,0,0,0,0,0,0,0,0,1.25714703667158,0,0.0558442864320842,0,0,0,0,0,0,0.440166296722624,0,0,0,0,0,0,0,0,0,0,0,0,0,0,0,0,0,0,0,0,0,0,0,0,0,0,0.895333559594135,11.0450923464469,0,0,0,0,0,0,0.72179844788569,0,0,0,0.101616264023353,0,0,0,0,0.775102353796942,0,0,0,0,0,0,0.905691218675736,0.158078371368832,0,0,0,0,0,0,0,0,0,0,0.162453704155455,0,0,0,0,0,0,0,0,0,0,0,0,0,0,0,0,0,0,0,0,0,0,0,0,0,0,0,0,0.543217950851523,0,0,0,0,0,0,0,0,0,0,0.545501186769899,0,0,0,0,0,0,0,0,0,0,0,0,0,0,0,0,0,0,0,0,0,0,0,0.412948094912985,0,0,0,0,0,13.9989243449492,0,0,0,0,0,0,0,0,0,0,0.0611154981472878,0,0,0,0,0,0,0,0,0,0.296556742645842,0,0,0,0,0,0,0,0,2.68601882813709,0,0,0,0,0,0,0,0,0,0,0.635842555688629,0,0,0,0,0,0.0210358978738723,0,0,0,0,0,0,0,0,0.331859701418862,0,0,0,0,0,0,0,0,0,0,0,0,0,0,0,0,0,0,0,0,0,0,0,0.0119901315272546,0.015157571047666,0,0,0,0.0075167372981692,0,0,0,0,0,0,0,0,0,0,0,0,29.2427911149455,0,0,0,0,0,0,0,0,0,0,0,0,0,0,0,0,4.68622169253587,1.26157659233903,0.863156111379449,0,0,0,0,0,0,0.378291794874505,2.55608474498864,0,0,0,0,0,0,0,0,0,0,0,0,0,36.4610822591467,0.261673840546466,0,0,0,0,0,0,0.406877820503908,0,0,0,0,0,0,0,0,0,0,0,0,0,0,0,0,0,0,0,0,0,0,0,0.0381269810539458,0,0,0,0,0,0.110140412162358,1.17329160695058,0,0,0,0,0,0,0,0,0,0,0,0,0,0,0,0,0,0,0,0,0,0,0,0,0,0,0,0.0481166053163831,0,0,0,0,0,0,0,0,0,0,0,0,0,0,0,0,0,0,0,0,0,0,0,0,0,0,0,0,0,0,0,0,0,0,0,0.0708770013235907,0,0,0,0,0.0181534692942321,0.061710699493442,0,0,0,0,0,0,0,0,0,0,0,0,0,0,0,0,0,0,0,0,0,0,0,0,0,0,0,0,0,0,0,0,0,0,0,0,0,0,0,0,0,0.738106651843045,0,0,0,0,0,0,0,0,0,0,0,0,0,0,0,1.65786733943665,0,0,0,0,0,0,0,0,0,0,0,0,0,0,0,0,0,0,0,0,0,0,0,0,0,0,0,0,0,0,0,0,0,0,0,0,0,0,0,0,0,0,0,0.079077598061538,0,0,0,0,0,0,0,0,6.94888461519427,0,0,0,0,0,0,0,0.057799266341486,0,0,142.3589025,143.8438025,143.4038024,143.9848025,139.6786024,154.3172027,141.5865025,142.5676025,156.1056027,159.6161028,146.4814026,"KIN-00367"
"775",8954,"nSPC",2015,"PRIAs","Pacific Remote Island Areas","Kingman","Kingman",2015,"ForereefMid","Kingman","2015-04-25","Forereef","Mid",6.41775613,-162.35695892,12.9,31.5,25,3.5,22.5,17.5,0,0,0,NA,0.48875,0.354050915823342,1.25,2,1,57.1879664619716,95.7085379485018,5.12329246058582,6.68550915904646,164.705306030106,0,0,0,0,0,0,0,0,0,0,0,0,0,0,0,0,0,0.0594178454209743,0,0,0,0,0,0,0,0,0,0,0,0,0,0,0,0,0,0,0,0,0,0,0,0,0,0,0,0,0,0,0,0,0,0,0,0,0,0,0,0,0,0,0,0,0,0,0,0,0,0,0,0,0,0,0,0,0,0,0,0.00282942121052258,0,0,0,0,0,0,0,0,0,0.00282942121052258,0,0,0,0,0,0,0,0,0,0,0,0,0,0,0,0,0,0,0,0,0,0,0,0,0,0,0,0,0,0.00848826363156775,0,0,0,0.0254647908947033,0,0,0,0,0.0141471060526129,0,0,0,0,0,0,0,0,0,0,0.0113176848420903,0,0.113176848420903,0,0,0,0,0,0,0,0,0,0,0,0,0,0,0,0,0,0,0,0,0,0,0,0,0,0,0,0.00565884242104517,0,0,0,0,0,0,0,0,0.00282942121052258,0,0,0,0,0,0,0,0,0,0,0,0,0,0.00565884242104517,0,0,0,0,0,0,0,0,0,0,0,0,0,0.113176848420903,0,0,0,0,0.0169765272631355,0,0,0,0,0,0,0,0,0,0,0,0,0,0,0,0,0,0,0,0,0,0,0,0,0,0,0,0,0.0622472666314969,0,0,0,0,0.0113176848420903,0,0,0,0,0,0.0565884242104517,0,0,0,0,0,0,0,0,0,0,0,0,0,0,0,0,0,0,0,0,0,0,0,0,0,0,0,0,0,0,0,0,0,0,0,0,0,0,0,0,0,0,0,0,0,0,0,0,0,0,0.0311236333157484,0,0,0,0,0,0,0,0,0,0,0,0,0,0,0,0,0,0,0,0,0,0,0,0,0,0,0,0,0,0,0,0,0,0,0,0,0,0,0,0,0,0,0,0,0,0,0,0,0,0,0,0,0,0,0,0,0,0,0,0.00282942121052258,0,0,0,0.00282942121052258,0,0,0,0,0,0,0,0,0,0,0,0,0.0311236333157484,0,0,0,0,0,0,0,0,0,0,0,0,0,0,0,0,0.0113176848420903,0.0141471060526129,0.00282942121052258,0,0,0,0,0,0,0,0,0,0,0,0,0,0,0,0,0,0,0,0,0,0.113176848420903,0,0,0,0,0,0,0,0,0,0,0,0,0,0,0,0,0,0,0,0,0,0,0,0,0,0,0,0,0,0,0.00565884242104517,0.0169765272631355,0,0,0,0,0,0,0.00282942121052258,0,0,0,0,0,0,0,0,0,0,0,0,0,0,0,0,0,0,0,0,0,0,0.0282942121052258,0,0,0,0,0.0763943726841098,0,0,0,0,0,0,0,0,0,0,0,0,0,0,0,0,0,0,0,0,0,0,0,0,0,0,0,0,0,0,0,0,0,0,0,0.00848826363156775,0,0,0,0,0.00282942121052258,0,0,0,0,0,0,0,0,0,0,0,0,0,0,0,0,0,0,0,0,0,0,0,0,0,0,0,0,0,0,0,0,0,0,0.00282942121052258,0,0,0,0,0,0,0,0,0,0,0,0,0,0,0,0,0,0,0,0,0,0,0,0,0,0,0,0,0,0,0,0,0,0,0,0,0,0,0,0,0,0.00282942121052258,0,0,0,0,0,0,0,0,0,0,0,0,0,0,0,0,0,0,0,0.0282942121052258,0,0,0,0,0,0.00848826363156775,0,0.0735649514735872,0,0,0,0,0,0,0,0,0,0,0,0,0,0,0,0,0,0,0,0,0,0,0,0,0,0,0,0,0,0,0,0,0,1.96066691811426,0,0,0,0,0,0,0,0,0,0,0,0,0,0,0,0,0,0,0,0,0,0,0,0,0,0,0,0,0,0,0,0,0,0,0,0,0,0,0,0,0,0,0,0,0,0,0,0,0,0,0,0,0,0,0,0,0,0,0,2.28205045283739,0,0,0,0,0,0,0,0,0,0.453881859319369,0,0,0,0,0,0,0,0,0,0,0,0,0,0,0,0,0,0,0,0,0,0,0,0,0,0,0,0,0,8.92377898689366,0,0,0,0.116863846921153,0,0,0,0,0.0455688703928251,0,0,0,0,0,0,0,0,0,0,0.746720558097163,0,0.0788389926100013,0,0,0,0,0,0,0,0,0,0,0,0,0,0,0,0,0,0,0,0,0,0,0,0,0,0,0,0.163500585259839,0,0,0,0,0,0,0,0,0.179111292414106,0,0,0,0,0,0,0,0,0,0,0,0,0,0.281988661853712,0,0,0,0,0,0,0,0,0,0,0,0,0,0.10584864748565,0,0,0,0,0.0696927917715291,0,0,0,0,0,0,0,0,0,0,0,0,0,0,0,0,0,0,0,0,0,0,0,0,0,0,0,0,1.35493579409296,0,0,0,0,0.544910548116454,0,0,0,0,0,0.527949773543233,0,0,0,0,0,0,0,0,0,0,0,0,0,0,0,0,0,0,0,0,0,0,0,0,0,0,0,0,0,0,0,0,0,0,0,0,0,0,0,0,0,0,0,0,0,0,0,0,0,0,0.311729032544945,0,0,0,0,0,0,0,0,0,0,0,0,0,0,0,0,0,0,0,0,0,0,0,0,0,0,0,0,0,0,0,0,0,0,0,0,0,0,0,0,0,0,0,0,0,0,0,0,0,0,0,0,0,0,0,0,0,0,0,0.00889828028477043,0,0,0,0.00133124451352279,0,0,0,0,0,0,0,0,0,0,0,0,46.5689597022617,0,0,0,0,0,0,0,0,0,0,0,0,0,0,0,0,1.39936119830392,1.07186786453483,1.33019287730988,0,0,0,0,0,0,0,0,0,0,0,0,0,0,0,0,0,0,0,0,0,93.3560884941226,0,0,0,0,0,0,0,0,0,0,0,0,0,0,0,0,0,0,0,0,0,0,0,0,0,0,0,0,0,0,0.557410012402153,0.138349695947912,0,0,0,0,0,0,0.39109720231686,0,0,0,0,0,0,0,0,0,0,0,0,0,0,0,0,0,0,0,0,0,0,0.113808688780436,0,0,0,0,0.34226761622604,0,0,0,0,0,0,0,0,0,0,0,0,0,0,0,0,0,0,0,0,0,0,0,0,0,0,0,0,0,0,0,0,0,0,0,0.00907225616941961,0,0,0,0,0.0181534692942321,0,0,0,0,0,0,0,0,0,0,0,0,0,0,0,0,0,0,0,0,0,0,0,0,0,0,0,0,0,0,0,0,0,0,0.704987642961681,0,0,0,0,0,0,0,0,0,0,0,0,0,0,0,0,0,0,0,0,0,0,0,0,0,0,0,0,0,0,0,0,0,0,0,0,0,0,0,0,0,0.0284786184133424,0,0,0,0,0,0,0,0,0,0,0,0,0,0,0,0,0,0,0,0.00725746540499043,0,0,0,0,0,0.189076448845342,0,0.320609639743703,0,0,0,0,0,0,0,0,0,0,0,0,0,0,0,0,0,140.5445025,141.0130024,140.5771024,140.0755024,137.0654023,152.5845027,138.7704024,138.5686024,152.2436027,157.4944028,145.2934026,"KIN-00374"
"776",8954,"nSPC",2015,"PRIAs","Pacific Remote Island Areas","Kingman","Kingman",2015,"ForereefMid","Kingman","2015-04-25","Forereef","Mid",6.41775613,-162.35695892,12.9,31.5,25,3.5,22.5,17.5,0,0,0,NA,0.48875,0.354050915823342,1.25,2,1,57.1879664619716,95.7085379485018,5.12329246058582,6.68550915904646,164.705306030106,0,0,0,0,0,0,0,0,0,0,0,0,0,0,0,0,0,0.0594178454209743,0,0,0,0,0,0,0,0,0,0,0,0,0,0,0,0,0,0,0,0,0,0,0,0,0,0,0,0,0,0,0,0,0,0,0,0,0,0,0,0,0,0,0,0,0,0,0,0,0,0,0,0,0,0,0,0,0,0,0,0.00282942121052258,0,0,0,0,0,0,0,0,0,0.00282942121052258,0,0,0,0,0,0,0,0,0,0,0,0,0,0,0,0,0,0,0,0,0,0,0,0,0,0,0,0,0,0.00848826363156775,0,0,0,0.0254647908947033,0,0,0,0,0.0141471060526129,0,0,0,0,0,0,0,0,0,0,0.0113176848420903,0,0.113176848420903,0,0,0,0,0,0,0,0,0,0,0,0,0,0,0,0,0,0,0,0,0,0,0,0,0,0,0,0.00565884242104517,0,0,0,0,0,0,0,0,0.00282942121052258,0,0,0,0,0,0,0,0,0,0,0,0,0,0.00565884242104517,0,0,0,0,0,0,0,0,0,0,0,0,0,0.113176848420903,0,0,0,0,0.0169765272631355,0,0,0,0,0,0,0,0,0,0,0,0,0,0,0,0,0,0,0,0,0,0,0,0,0,0,0,0,0.0622472666314969,0,0,0,0,0.0113176848420903,0,0,0,0,0,0.0565884242104517,0,0,0,0,0,0,0,0,0,0,0,0,0,0,0,0,0,0,0,0,0,0,0,0,0,0,0,0,0,0,0,0,0,0,0,0,0,0,0,0,0,0,0,0,0,0,0,0,0,0,0.0311236333157484,0,0,0,0,0,0,0,0,0,0,0,0,0,0,0,0,0,0,0,0,0,0,0,0,0,0,0,0,0,0,0,0,0,0,0,0,0,0,0,0,0,0,0,0,0,0,0,0,0,0,0,0,0,0,0,0,0,0,0,0.00282942121052258,0,0,0,0.00282942121052258,0,0,0,0,0,0,0,0,0,0,0,0,0.0311236333157484,0,0,0,0,0,0,0,0,0,0,0,0,0,0,0,0,0.0113176848420903,0.0141471060526129,0.00282942121052258,0,0,0,0,0,0,0,0,0,0,0,0,0,0,0,0,0,0,0,0,0,0.113176848420903,0,0,0,0,0,0,0,0,0,0,0,0,0,0,0,0,0,0,0,0,0,0,0,0,0,0,0,0,0,0,0.00565884242104517,0.0169765272631355,0,0,0,0,0,0,0.00282942121052258,0,0,0,0,0,0,0,0,0,0,0,0,0,0,0,0,0,0,0,0,0,0,0.0282942121052258,0,0,0,0,0.0763943726841098,0,0,0,0,0,0,0,0,0,0,0,0,0,0,0,0,0,0,0,0,0,0,0,0,0,0,0,0,0,0,0,0,0,0,0,0.00848826363156775,0,0,0,0,0.00282942121052258,0,0,0,0,0,0,0,0,0,0,0,0,0,0,0,0,0,0,0,0,0,0,0,0,0,0,0,0,0,0,0,0,0,0,0.00282942121052258,0,0,0,0,0,0,0,0,0,0,0,0,0,0,0,0,0,0,0,0,0,0,0,0,0,0,0,0,0,0,0,0,0,0,0,0,0,0,0,0,0,0.00282942121052258,0,0,0,0,0,0,0,0,0,0,0,0,0,0,0,0,0,0,0,0.0282942121052258,0,0,0,0,0,0.00848826363156775,0,0.0735649514735872,0,0,0,0,0,0,0,0,0,0,0,0,0,0,0,0,0,0,0,0,0,0,0,0,0,0,0,0,0,0,0,0,0,1.96066691811426,0,0,0,0,0,0,0,0,0,0,0,0,0,0,0,0,0,0,0,0,0,0,0,0,0,0,0,0,0,0,0,0,0,0,0,0,0,0,0,0,0,0,0,0,0,0,0,0,0,0,0,0,0,0,0,0,0,0,0,2.28205045283739,0,0,0,0,0,0,0,0,0,0.453881859319369,0,0,0,0,0,0,0,0,0,0,0,0,0,0,0,0,0,0,0,0,0,0,0,0,0,0,0,0,0,8.92377898689366,0,0,0,0.116863846921153,0,0,0,0,0.0455688703928251,0,0,0,0,0,0,0,0,0,0,0.746720558097163,0,0.0788389926100013,0,0,0,0,0,0,0,0,0,0,0,0,0,0,0,0,0,0,0,0,0,0,0,0,0,0,0,0.163500585259839,0,0,0,0,0,0,0,0,0.179111292414106,0,0,0,0,0,0,0,0,0,0,0,0,0,0.281988661853712,0,0,0,0,0,0,0,0,0,0,0,0,0,0.10584864748565,0,0,0,0,0.0696927917715291,0,0,0,0,0,0,0,0,0,0,0,0,0,0,0,0,0,0,0,0,0,0,0,0,0,0,0,0,1.35493579409296,0,0,0,0,0.544910548116454,0,0,0,0,0,0.527949773543233,0,0,0,0,0,0,0,0,0,0,0,0,0,0,0,0,0,0,0,0,0,0,0,0,0,0,0,0,0,0,0,0,0,0,0,0,0,0,0,0,0,0,0,0,0,0,0,0,0,0,0.311729032544945,0,0,0,0,0,0,0,0,0,0,0,0,0,0,0,0,0,0,0,0,0,0,0,0,0,0,0,0,0,0,0,0,0,0,0,0,0,0,0,0,0,0,0,0,0,0,0,0,0,0,0,0,0,0,0,0,0,0,0,0.00889828028477043,0,0,0,0.00133124451352279,0,0,0,0,0,0,0,0,0,0,0,0,46.5689597022617,0,0,0,0,0,0,0,0,0,0,0,0,0,0,0,0,1.39936119830392,1.07186786453483,1.33019287730988,0,0,0,0,0,0,0,0,0,0,0,0,0,0,0,0,0,0,0,0,0,93.3560884941226,0,0,0,0,0,0,0,0,0,0,0,0,0,0,0,0,0,0,0,0,0,0,0,0,0,0,0,0,0,0,0.557410012402153,0.138349695947912,0,0,0,0,0,0,0.39109720231686,0,0,0,0,0,0,0,0,0,0,0,0,0,0,0,0,0,0,0,0,0,0,0.113808688780436,0,0,0,0,0.34226761622604,0,0,0,0,0,0,0,0,0,0,0,0,0,0,0,0,0,0,0,0,0,0,0,0,0,0,0,0,0,0,0,0,0,0,0,0.00907225616941961,0,0,0,0,0.0181534692942321,0,0,0,0,0,0,0,0,0,0,0,0,0,0,0,0,0,0,0,0,0,0,0,0,0,0,0,0,0,0,0,0,0,0,0.704987642961681,0,0,0,0,0,0,0,0,0,0,0,0,0,0,0,0,0,0,0,0,0,0,0,0,0,0,0,0,0,0,0,0,0,0,0,0,0,0,0,0,0,0.0284786184133424,0,0,0,0,0,0,0,0,0,0,0,0,0,0,0,0,0,0,0,0.00725746540499043,0,0,0,0,0,0.189076448845342,0,0.320609639743703,0,0,0,0,0,0,0,0,0,0,0,0,0,0,0,0,0,162.2712028,173.060803,166.3812029,179.885403,157.9194028,196.4452033,158.5816027,155.8398027,196.1206034,163.8509029,185.5366031,"KIN-00374"
"777",8955,"nSPC",2015,"PRIAs","Pacific Remote Island Areas","Kingman","Kingman",2015,"ForereefShallow","Kingman","2015-04-25","Forereef","Shallow",6.4310173,-162.37716509,5.75,17.5,26.5,0.5,27.5,27.5,0.5,0,0,NA,0.6475,0.551123571639249,1.9,2,1,23.0336004759634,2.72590493210515,17.4884720752791,9.49437953387879,52.7423570172264,10.3944545911326,0,0,0,0,0,0,0,0,0,0,0,0,0,0,0,0,0.0594178454209743,0.0198059484736581,0,0,0,0,0,0,0,0,0,0,0,0,0,0,0,0,0,0,0,0,0,0,0,0,0,0,0,0,0,0,0,0,0,0,0,0,0,0,0,0,0,0,0,0,0,0,0,0,0,0,0,0,0,0,0,0,0,0,0,0,0,0,0,0.0226353696841807,0,0,0,0,0.00565884242104517,0,0,0,0,0,0,0,0,0,0,0,0,0,0,0,0,0,0,0,0,0,0,0,0,0,0,0,0,0,0.0141471060526129,0,0,0,0.00282942121052258,0,0,0,0,0,0,0,0,0,0,0,0,0,0,0,0,0,0,0,0,0,0,0,0.00848826363156775,0,0,0,0,0,0,0,0,0,0,0,0,0,0,0,0,0,0,0,0,0,0,0,0,0,0,0,0.0141471060526129,0.0141471060526129,0,0,0,0,0,0,0.00565884242104517,0,0,0,0,0,0,0.00282942121052258,0,0.00565884242104517,0,0,0,0,0,0,0.00565884242104517,0,0,0,0,0,0,0.254647908947033,0,0,0,0,0.0198059484736581,0,0,0,0,0,0,0,0,0,0,0,0,0,0,0,0,0,0,0,0,0,0,0,0,0,0,0,0,0.0424413181578388,0,0,0.00565884242104517,0,0.0198059484736581,0,0,0,0,0,0,0,0,0,0,0,0,0,0,0,0,0,0,0,0,0,0,0,0,0,0,0,0,0,0.00282942121052258,0,0,0,0,0,0,0,0,0,0,0,0,0,0,0,0,0,0,0,0,0,0,0,0,0,0,0.00282942121052258,0,0,0,0,0,0,0,0,0,0,0,0,0,0,0,0,0,0,0,0.00565884242104517,0,0,0,0,0,0,0,0,0,0,0,0,0,0,0.00565884242104517,0,0,0,0,0,0,0,0,0,0,0,0,0,0,0,0,0,0,0,0,0,0,0,0,0.0141471060526129,0,0,0,0.00282942121052258,0,0,0,0,0,0,0,0,0,0,0,0,0.0254647908947033,0,0.00565884242104517,0,0,0,0,0,0,0,0,0,0,0,0,0,0,0.0396118969473162,0.00848826363156775,0.00282942121052258,0,0,0,0,0,0,0,0,0,0,0,0,0,0,0,0,0,0,0,0,0,0,0,0,0,0,0,0,0,0,0,0,0,0,0,0,0,0,0,0,0,0,0,0,0,0,0,0,0,0,0,0,0,0.0226353696841807,0,0,0,0,0,0.00282942121052258,0,0,0,0,0,0,0,0,0,0,0,0,0,0,0,0,0,0,0,0,0,0,0,0.0622472666314969,0,0,0,0,0.067906109052542,0,0,0,0,0,0,0,0,0,0,0,0,0.0113176848420903,0,0,0,0,0,0,0,0,0,0,0,0,0,0,0,0,0,0,0,0,0,0,0,0,0,0,0,0,0,0,0,0,0,0,0,0,0,0,0,0,0,0,0,0,0,0,0,0,0,0,0,0,0,0,0,0,0,0,0,0,0,0,0,0,0,0,0,0,0,0,0,0.00282942121052258,0,0,0,0,0,0,0,0,0,0,0,0,0,0,0,0,0,0,0,0,0,0,0,0,0,0,0,0,0,0,0,0,0.118835690841949,0,0,0,0,0,0,0,0,0,0,0,0,0,0,0,0,0,0,0,0,0,0,0,0,0,0,0,0.232012539262852,0,0,0,0,0,0,0.00282942121052258,0,0,0,0,0,0,0,0,0,0,0,0,0,0,0,0,0,0,0,0,0,0,0,0,0,0,2.72630682260053,0.126430506601658,0,0,0,0,0,0,0,0,0,0,0,0,0,0,0,0,0,0,0,0,0,0,0,0,0,0,0,0,0,0,0,0,0,0,0,0,0,0,0,0,0,0,0,0,0,0,0,0,0,0,0,0,0,0,0,0,0,0,0,0,0,0,0,0.0535219562568697,0,0,0,0,1.3882641579922,0,0,0,0,0,0,0,0,0,0,0,0,0,0,0,0,0,0,0,0,0,0,0,0,0,0,0,0,0,7.35472134366779,0,0,0,0.0133986696144496,0,0,0,0,0,0,0,0,0,0,0,0,0,0,0,0,0,0,0,0,0,0,0,0.599914380744558,0,0,0,0,0,0,0,0,0,0,0,0,0,0,0,0,0,0,0,0,0,0,0,0,0,0,0,0.00985487407625016,9.60879917940921,0,0,0,0,0,0,0.358222584828211,0,0,0,0,0,0,0.028145560809376,0,0.217401603926528,0,0,0,0,0,0,1.47484279124042,0,0,0,0,0,0,0.114973530889585,0,0,0,0,0.0757725607478799,0,0,0,0,0,0,0,0,0,0,0,0,0,0,0,0,0,0,0,0,0,0,0,0,0,0,0,0,0.780187440450492,0,0,0.456621342922102,0,1.65992404893772,0,0,0,0,0,0,0,0,0,0,0,0,0,0,0,0,0,0,0,0,0,0,0,0,0,0,0,0,0,0.187246719765972,0,0,0,0,0,0,0,0,0,0,0,0,0,0,0,0,0,0,0,0,0,0,0,0,0,0,0.145906664493883,0,0,0,0,0,0,0,0,0,0,0,0,0,0,0,0,0,0,0,0.122471335957149,0,0,0,0,0,0,0,0,0,0,0,0,0,0,0.669235076545517,0,0,0,0,0,0,0,0,0,0,0,0,0,0,0,0,0,0,0,0,0,0,0,0,0.0412126730490791,0,0,0,0.0027012170491327,0,0,0,0,0,0,0,0,0,0,0,0,15.331451504824,0,0.860257450901935,0,0,0,0,0,0,0,0,0,0,0,0,0,0,2.46441444094563,0.78497746019382,2.3079083331299,0,0,0,0,0,0,0,0,0,0,0,0,0,0,0,0,0,0,0,0,0,0,0,0,0,0,0,0,0,0,0,0,0,0,0,0,0,0,0,0,0,0,0,0,0,0,0,0,0,0,0,0,0,0.165374439183898,0,0,0,0,0,0.0310176353076178,0,0,0,0,0,0,0,0,0,0,0,0,0,0,0,0,0,0,0,0,0,0,0,0.176774628520527,0,0,0,0,0.169341726968937,0,0,0,0,0,0,0,0,0,0,0,0,0.00736756918894293,0,0,0,0,0,0,0,0,0,0,0,0,0,0,0,0,0,0,0,0,0,0,0,0,0,0,0,0,0,0,0,0,0,0,0,0,0,0,0,0,0,0,0,0,0,0,0,0,0,0,0,0,0,0,0,0,0,0,0,0,0,0,0,0,0,0,0,0,0,0,0,0.785655411723411,0,0,0,0,0,0,0,0,0,0,0,0,0,0,0,0,0,0,0,0,0,0,0,0,0,0,0,0,0,0,0,0,0.546171192825713,0,0,0,0,0,0,0,0,0,0,0,0,0,0,0,0,0,0,0,0,0,0,0,0,0,0,0,0.579158188771562,0,0,0,0,0,0,0.31640999216399,0,0,0,0,0,0,0,0,0,0,159.6411028,165.6853028,163.1467028,176.4961029,155.1063028,190.3802032,152.8087026,152.4990026,189.4066033,158.3110028,184.0945031,"KIN-00302"
"778",8955,"nSPC",2015,"PRIAs","Pacific Remote Island Areas","Kingman","Kingman",2015,"ForereefShallow","Kingman","2015-04-25","Forereef","Shallow",6.4310173,-162.37716509,5.75,17.5,26.5,0.5,27.5,27.5,0.5,0,0,NA,0.6475,0.551123571639249,1.9,2,1,23.0336004759634,2.72590493210515,17.4884720752791,9.49437953387879,52.7423570172264,10.3944545911326,0,0,0,0,0,0,0,0,0,0,0,0,0,0,0,0,0.0594178454209743,0.0198059484736581,0,0,0,0,0,0,0,0,0,0,0,0,0,0,0,0,0,0,0,0,0,0,0,0,0,0,0,0,0,0,0,0,0,0,0,0,0,0,0,0,0,0,0,0,0,0,0,0,0,0,0,0,0,0,0,0,0,0,0,0,0,0,0,0.0226353696841807,0,0,0,0,0.00565884242104517,0,0,0,0,0,0,0,0,0,0,0,0,0,0,0,0,0,0,0,0,0,0,0,0,0,0,0,0,0,0.0141471060526129,0,0,0,0.00282942121052258,0,0,0,0,0,0,0,0,0,0,0,0,0,0,0,0,0,0,0,0,0,0,0,0.00848826363156775,0,0,0,0,0,0,0,0,0,0,0,0,0,0,0,0,0,0,0,0,0,0,0,0,0,0,0,0.0141471060526129,0.0141471060526129,0,0,0,0,0,0,0.00565884242104517,0,0,0,0,0,0,0.00282942121052258,0,0.00565884242104517,0,0,0,0,0,0,0.00565884242104517,0,0,0,0,0,0,0.254647908947033,0,0,0,0,0.0198059484736581,0,0,0,0,0,0,0,0,0,0,0,0,0,0,0,0,0,0,0,0,0,0,0,0,0,0,0,0,0.0424413181578388,0,0,0.00565884242104517,0,0.0198059484736581,0,0,0,0,0,0,0,0,0,0,0,0,0,0,0,0,0,0,0,0,0,0,0,0,0,0,0,0,0,0.00282942121052258,0,0,0,0,0,0,0,0,0,0,0,0,0,0,0,0,0,0,0,0,0,0,0,0,0,0,0.00282942121052258,0,0,0,0,0,0,0,0,0,0,0,0,0,0,0,0,0,0,0,0.00565884242104517,0,0,0,0,0,0,0,0,0,0,0,0,0,0,0.00565884242104517,0,0,0,0,0,0,0,0,0,0,0,0,0,0,0,0,0,0,0,0,0,0,0,0,0.0141471060526129,0,0,0,0.00282942121052258,0,0,0,0,0,0,0,0,0,0,0,0,0.0254647908947033,0,0.00565884242104517,0,0,0,0,0,0,0,0,0,0,0,0,0,0,0.0396118969473162,0.00848826363156775,0.00282942121052258,0,0,0,0,0,0,0,0,0,0,0,0,0,0,0,0,0,0,0,0,0,0,0,0,0,0,0,0,0,0,0,0,0,0,0,0,0,0,0,0,0,0,0,0,0,0,0,0,0,0,0,0,0,0.0226353696841807,0,0,0,0,0,0.00282942121052258,0,0,0,0,0,0,0,0,0,0,0,0,0,0,0,0,0,0,0,0,0,0,0,0.0622472666314969,0,0,0,0,0.067906109052542,0,0,0,0,0,0,0,0,0,0,0,0,0.0113176848420903,0,0,0,0,0,0,0,0,0,0,0,0,0,0,0,0,0,0,0,0,0,0,0,0,0,0,0,0,0,0,0,0,0,0,0,0,0,0,0,0,0,0,0,0,0,0,0,0,0,0,0,0,0,0,0,0,0,0,0,0,0,0,0,0,0,0,0,0,0,0,0,0.00282942121052258,0,0,0,0,0,0,0,0,0,0,0,0,0,0,0,0,0,0,0,0,0,0,0,0,0,0,0,0,0,0,0,0,0.118835690841949,0,0,0,0,0,0,0,0,0,0,0,0,0,0,0,0,0,0,0,0,0,0,0,0,0,0,0,0.232012539262852,0,0,0,0,0,0,0.00282942121052258,0,0,0,0,0,0,0,0,0,0,0,0,0,0,0,0,0,0,0,0,0,0,0,0,0,0,2.72630682260053,0.126430506601658,0,0,0,0,0,0,0,0,0,0,0,0,0,0,0,0,0,0,0,0,0,0,0,0,0,0,0,0,0,0,0,0,0,0,0,0,0,0,0,0,0,0,0,0,0,0,0,0,0,0,0,0,0,0,0,0,0,0,0,0,0,0,0,0.0535219562568697,0,0,0,0,1.3882641579922,0,0,0,0,0,0,0,0,0,0,0,0,0,0,0,0,0,0,0,0,0,0,0,0,0,0,0,0,0,7.35472134366779,0,0,0,0.0133986696144496,0,0,0,0,0,0,0,0,0,0,0,0,0,0,0,0,0,0,0,0,0,0,0,0.599914380744558,0,0,0,0,0,0,0,0,0,0,0,0,0,0,0,0,0,0,0,0,0,0,0,0,0,0,0,0.00985487407625016,9.60879917940921,0,0,0,0,0,0,0.358222584828211,0,0,0,0,0,0,0.028145560809376,0,0.217401603926528,0,0,0,0,0,0,1.47484279124042,0,0,0,0,0,0,0.114973530889585,0,0,0,0,0.0757725607478799,0,0,0,0,0,0,0,0,0,0,0,0,0,0,0,0,0,0,0,0,0,0,0,0,0,0,0,0,0.780187440450492,0,0,0.456621342922102,0,1.65992404893772,0,0,0,0,0,0,0,0,0,0,0,0,0,0,0,0,0,0,0,0,0,0,0,0,0,0,0,0,0,0.187246719765972,0,0,0,0,0,0,0,0,0,0,0,0,0,0,0,0,0,0,0,0,0,0,0,0,0,0,0.145906664493883,0,0,0,0,0,0,0,0,0,0,0,0,0,0,0,0,0,0,0,0.122471335957149,0,0,0,0,0,0,0,0,0,0,0,0,0,0,0.669235076545517,0,0,0,0,0,0,0,0,0,0,0,0,0,0,0,0,0,0,0,0,0,0,0,0,0.0412126730490791,0,0,0,0.0027012170491327,0,0,0,0,0,0,0,0,0,0,0,0,15.331451504824,0,0.860257450901935,0,0,0,0,0,0,0,0,0,0,0,0,0,0,2.46441444094563,0.78497746019382,2.3079083331299,0,0,0,0,0,0,0,0,0,0,0,0,0,0,0,0,0,0,0,0,0,0,0,0,0,0,0,0,0,0,0,0,0,0,0,0,0,0,0,0,0,0,0,0,0,0,0,0,0,0,0,0,0,0.165374439183898,0,0,0,0,0,0.0310176353076178,0,0,0,0,0,0,0,0,0,0,0,0,0,0,0,0,0,0,0,0,0,0,0,0.176774628520527,0,0,0,0,0.169341726968937,0,0,0,0,0,0,0,0,0,0,0,0,0.00736756918894293,0,0,0,0,0,0,0,0,0,0,0,0,0,0,0,0,0,0,0,0,0,0,0,0,0,0,0,0,0,0,0,0,0,0,0,0,0,0,0,0,0,0,0,0,0,0,0,0,0,0,0,0,0,0,0,0,0,0,0,0,0,0,0,0,0,0,0,0,0,0,0,0.785655411723411,0,0,0,0,0,0,0,0,0,0,0,0,0,0,0,0,0,0,0,0,0,0,0,0,0,0,0,0,0,0,0,0,0.546171192825713,0,0,0,0,0,0,0,0,0,0,0,0,0,0,0,0,0,0,0,0,0,0,0,0,0,0,0,0.579158188771562,0,0,0,0,0,0,0.31640999216399,0,0,0,0,0,0,0,0,0,0,132.0946023,124.4212021,120.8023021,126.3389022,131.6975022,144.6230025,130.5765023,127.8782022,143.2824025,144.0460025,136.4575024,"KIN-00302"
"779",8956,"nSPC",2015,"PRIAs","Pacific Remote Island Areas","Kingman","Kingman",2015,"ForereefDeep","Kingman","2015-04-25","Forereef","Deep",6.44109051,-162.39007439,23.75,22.5,25,4,12.5,35.5,0.5,0,0,NA,0.65875,0.392977373458693,1.45,2,1,63.611933962023,127.341261630233,34.9433461325306,11.185807959081,237.082349683868,26.701585773613,0,0,0,0,0,0,0,0,0,0,0,0,0,0.00282942121052258,0,0,0.0622472666314969,0,0,0,0,0.00565884242104517,0,0,0,0.0141471060526129,0,0,0,0,0,0,0,0,0,0,0,0,0,0,0,0,0,0,0,0,0,0,0,0,0,0,0,0,0,0,0.0113176848420903,0,0,0,0,0,0,0,0,0,0,0,0,0,0,0,0,0,0,0,0.00848826363156775,0,0,0,0,0.0226353696841807,0,0.00282942121052258,0,0,0,0,0,0,0,0,0,0,0,0,0,0.00848826363156775,0,0,0,0,0,0,0,0,0,0,0,0,0,0.138641639315607,0,0,0,0,0.00565884242104517,0,0,0,0.0254647908947033,0,0,0,0,0,0,0,0,0,0,0,0,0,0,0,0,0,0,0,0,0,0,0,0.00848826363156775,0.00282942121052258,0,0,0,0,0,0,0,0,0,0,0,0,0,0,0,0,0,0,0,0,0,0,0,0,0,0,0.00282942121052258,0.00848826363156775,0,0,0,0,0,0,0.00282942121052258,0,0,0,0,0,0,0,0,0,0,0,0,0,0,0,0,0.00565884242104517,0,0,0,0,0,0,0,0,0,0,0.0367824757367936,0,0,0,0,0,0,0,0,0,0,0,0,0,0,0,0,0,0,0.00565884242104517,0,0,0,0,0,0,0,0,0,0.0396118969473162,0,0,0.00282942121052258,0,0,0,0,0,0,0,0.0169765272631355,0,0,0,0,0,0,0,0,0,0,0,0,0,0,0,0,0,0,0,0,0,0,0,0,0,0,0,0,0,0.00282942121052258,0,0,0,0,0,0.00282942121052258,0,0,0,0,0,0,0,0,0,0,0,0,0,0,0.00565884242104517,0,0,0,0,0,0,0,0,0,0,0,0,0,0,0,0,0,0,0,0.00565884242104517,0,0,0,0,0,0,0,0,0,0,0,0,0,0,0,0,0,0,0,0,0,0,0,0,0,0,0,0,0,0,0,0,0,0,0,0,0,0,0.00848826363156775,0.00282942121052258,0,0,0,0,0,0,0,0,0,0,0,0,0,0,0,0,0.0311236333157484,0,0,0,0,0,0,0,0,0,0,0,0,0,0,0,0,0.00282942121052258,0.0141471060526129,0.00565884242104517,0,0,0,0,0,0,0.223524275631284,0.0650766878420194,0,0,0.0848826363156775,0,0,0,0,0,0,0,0,0,0,0.0452707393683613,0,0,0,0,0,0,0,0.00282942121052258,0,0,0,0,0,0,0,0,0,0,0,0,0,0,0,0,0,0,0,0,0,0,0,0.0198059484736581,0,0,0,0,0,0.00282942121052258,0.00282942121052258,0,0,0,0,0,0,0,0,0,0,0,0,0,0,0,0.0198059484736581,0,0,0,0,0,0,0.0113176848420903,0,0,0,0,0.00282942121052258,0,0,0,0,0,0,0,0,0,0,0,0,0,0,0,0,0,0,0,0,0,0,0,0.00282942121052258,0,0,0,0,0,0,0,0,0,0,0,0,0,0,0,0,0,0,0,0,0,0,0,0,0,0,0,0,0,0,0,0,0,0,0,0,0,0,0,0,0,0,0,0,0,0,0,0,0,0,0,0,0,0,0,0,0,0,0,0.00282942121052258,0.00565884242104517,0,0,0,0,0,0,0,0,0,0.00282942121052258,0,0,0,0,0,0,0,0,0,0,0,0,0,0,0,0,0,0,0,0,0,0,0,0,0,0,0,0,0,0,0,0,0,0,0,0,0,0,0,0,0,0,0,0,0,0,0,0,0.00282942121052258,0,0,0,0,0,0,0,0,0,0,0,0,0,0,0,0,0,0,0,0,0,0,0,0,0,0,0,0,0,0,0,0,0.282387194662514,0,0,2.45484416562827,0,0,0,0,0.820977680742815,0,0,0,0.305282099162061,0,0,0,0,0,0,0,0,0,0,0,0,0,0,0,0,0,0,0,0,0,0,0,0,0,0,0,0,0,0,2.0195828569362,0,0,0,0,0,0,0,0,0,0,0,0,0,0,0,0,0,0,0,0.748010768069015,0,0,0,0,0.0186449141965638,0,0.124690269762281,0,0,0,0,0,0,0,0,0,0,0,0,0,2.67279156427598,0,0,0,0,0,0,0,0,0,0,0,0,0,23.7166897451437,0,0,0,0,3.55419575344198,0,0,0,0.0550786495659311,0,0,0,0,0,0,0,0,0,0,0,0,0,0,0,0,0,0,0,0,0,0,0,0.643021595886738,0.220083148361312,0,0,0,0,0,0,0,0,0,0,0,0,0,0,0,0,0,0,0,0,0,0,0,0,0,0,0.00912488340393533,16.8775916199746,0,0,0,0,0,0,0.223531678154915,0,0,0,0,0,0,0,0,0,0,0,0,0,0,0,0,0.13585965691599,0,0,0,0,0,0,0,0,0,0,0.248922733036692,0,0,0,0,0,0,0,0,0,0,0,0,0,0,0,0,0,0,5.84127511207429,0,0,0,0,0,0,0,0,0,1.28281655869595,0,0,0.225166706934366,0,0,0,0,0,0,0,0.339470513086724,0,0,0,0,0,0,0,0,0,0,0,0,0,0,0,0,0,0,0,0,0,0,0,0,0,0,0,0,0,4.95163775767345,0,0,0,0,0,2.07129662919203,0,0,0,0,0,0,0,0,0,0,0,0,0,0,0.0656603424398985,0,0,0,0,0,0,0,0,0,0,0,0,0,0,0,0,0,0,0,0.0879042520378805,0,0,0,0,0,0,0,0,0,0,0,0,0,0,0,0,0,0,0,0,0,0,0,0,0,0,0,0,0,0,0,0,0,0,0,0,0,0,0.0413994787082258,0.0200421460218674,0,0,0,0,0,0,0,0,0,0,0,0,0,0,0,0,50.579303369094,0,0,0,0,0,0,0,0,0,0,0,0,0,0,0,0,0.474639722654202,3.12048940268774,2.81733237008649,0,0,0,0,0,0,38.2403111623026,9.38376112336615,0,0,7.97699854419637,0,0,0,0,0,0,0,0,0,0,39.127693334561,0,0,0,0,0,0,0,5.67619360868771,0,0,0,0,0,0,0,0,0,0,0,0,0,0,0,0,0,0,0,0,0,0,0,0.103215855457955,0,0,0,0,0,0.0448203933684347,0.39109720231686,0,0,0,0,0,0,0,0,0,0,0,0,0,0,0,1.47093233648286,0,0,0,0,0,0,0.0312153216605868,0,0,0,0,0.0194481175912582,0,0,0,0,0,0,0,0,0,0,0,0,0,0,0,0,0,0,0,0,0,0,0,0.352596909952716,0,0,0,0,0,0,0,0,0,0,0,0,0,0,0,0,0,0,0,0,0,0,0,0,0,0,0,0,0,0,0,0,0,0,0,0,0,0,0,0,0,0,0,0,0,0,0,0,0,0,0,0,0,0,0,0,0,0,0,0.412497277309392,5.65391335639077,0,0,0,0,0,0,0,0,0,1.0847919556623,0,0,0,0,0,0,0,0,0,0,0,0,0,0,0,0,0,0,0,0,0,0,0,0,0,0,0,0,0,0,0,0,0,0,0,0,0,0,0,0,0,0,0,0,0,0,0,0,0.063117845852256,0,0,0,0,0,0,0,0,0,0,0,0,0,0,0,0,0,0,0,162.3360028,172.881703,166.3772029,179.976103,157.9581028,196.0522033,158.3604027,156.3292027,196.1866034,163.3034029,185.9272031,"KIN-00278"
"780",8957,"nSPC",2015,"PRIAs","Pacific Remote Island Areas","Kingman","Kingman",2015,"ForereefMid","Kingman","2015-04-25","Forereef","Mid",6.44780248,-162.40010359,11.45,15,39.5,1,5.5,37,1.5,0,0,NA,0.2325,0.164234949746879,0.55,2,1,66.1523081318112,6.93891170543868,6.0969986588109,5.29193995484642,84.4801584509072,3.75963518924585,0,0,0,0,0,0,0,0,0,0,0,0,0,0,0,0,0.0113176848420903,0.00282942121052258,0,0.0282942121052258,0,0,0,0,0,0,0,0,0,0,0.00282942121052258,0,0,0,0,0,0,0,0,0,0,0,0,0,0,0,0,0,0,0,0,0,0,0,0,0,0,0,0,0,0,0,0,0,0.00282942121052258,0,0,0,0,0,0,0,0,0,0,0,0,0,0,0,0,0,0,0,0,0,0.0141471060526129,0,0,0,0,0,0,0,0,0,0,0,0,0,0,0,0,0,0,0,0,0,0,0,0,0,0,0,0,0,0.00848826363156775,0,0,0,0.0254647908947033,0,0,0,0,0,0,0,0,0,0,0,0,0,0,0,0.00565884242104517,0,0,0,0,0,0,0,0,0,0,0,0,0,0,0,0,0,0,0,0,0,0,0,0,0,0,0,0,0,0.00565884242104517,0,0,0,0,0,0.186741799894491,0.00282942121052258,0,0,0,0,0,0,0.00565884242104517,0,0,0,0,0,0,0.0169765272631355,0,0.00565884242104517,0,0,0,0,0,0,0,0,0,0,0,0,0.00565884242104517,0.33953054526271,0,0,0,0,0,0,0,0,0,0,0,0,0,0,0,0,0,0,0,0,0,0,0,0,0,0,0,0,0,0.00565884242104517,0,0,0,0,0,0,0.00282942121052258,0,0,0,0,0,0,0,0.00848826363156775,0,0,0,0,0,0,0,0,0,0,0,0,0,0,0,0,0,0,0,0,0,0,0,0,0,0,0,0,0,0,0,0,0,0,0,0,0,0,0,0,0,0,0,0,0,0,0,0,0,0,0,0,0,0,0,0,0,0,0,0,0,0,0,0,0,0,0,0,0,0,0,0,0,0,0,0,0.0113176848420903,0,0,0,0,0,0,0,0,0,0,0,0,0,0,0,0,0,0,0,0,0,0,0,0,0,0,0,0,0,0,0,0,0,0.00282942121052258,0,0,0,0,0,0,0,0,0,0,0,0,0,0,0,0,0.0226353696841807,0,0,0,0,0,0,0,0,0,0,0,0,0.0169765272631355,0,0,0,0.0311236333157484,0.00282942121052258,0,0,0,0,0,0,0,0,0,0,0,0,0,0,0,0,0,0,0,0,0,0,0,0,0,0,0,0,0,0,0,0,0,0,0,0,0,0,0,0,0,0,0,0,0,0,0,0,0,0,0,0,0,0,0.0311236333157484,0,0,0,0,0,0,0.00282942121052258,0,0,0,0,0,0,0,0,0,0,0,0,0,0,0,0,0,0,0,0,0,0,0.0537590029999291,0,0,0,0,0.0367824757367936,0,0,0,0,0,0,0,0,0,0,0,0,0,0,0,0,0,0,0,0,0,0,0,0,0,0,0,0,0,0,0,0,0,0,0,0,0,0,0,0,0,0,0,0,0,0,0,0,0,0,0,0,0,0,0,0,0,0,0,0,0,0,0,0,0,0,0,0,0,0,0,0,0,0,0,0,0,0,0,0,0,0,0,0,0,0,0,0,0,0,0,0,0,0,0.00282942121052258,0,0,0,0,0,0,0,0,0,0,0,0,0,0,0,0,0,0,0,0,0,0,0.0311236333157484,0,0,0,0,0,0,0,0,0,0,0,0,0,0,0,0,0,0,0,0.226353696841807,0,0,0,0,0,0,0,0.158447587789265,0,0,0,0,0,0,0,0,0,0,0,0,0,0,0,0,0,0,0,0,0,0,0,0,0,0,0,0,0,0,0,0,0,0.589260513226504,0.043508018469893,0,0.915160924000303,0,0,0,0,0,0,0,0,0,0,0.778090832893711,0,0,0,0,0,0,0,0,0,0,0,0,0,0,0,0,0,0,0,0,0,0,0,0,0,0,0,0,0,0,0,0,0,10.144747632967,0,0,0,0,0,0,0,0,0,0,0,0,0,0,0,0,0,0,0,0,0,1.26067838504993,0,0,0,0,0,0,0,0,0,0,0,0,0,0,0,0,0,0,0,0,0,0,0,0,0,0,0,0,0,5.70727859990555,0,0,0,0.108618679029346,0,0,0,0,0,0,0,0,0,0,0,0,0,0,0,0.223166927593724,0,0,0,0,0,0,0,0,0,0,0,0,0,0,0,0,0,0,0,0,0,0,0,0,0,0,0,0,0,0.119323859908858,0,0,0,0,0,0.117017504772067,1.32886409576468,0,0,0,0,0,0,0.358222584828211,0,0,0,0,0,0,0.491761366657562,0,0.358222584828211,0,0,0,0,0,0,0,0,0,0,0,0,0.344411346236754,0.438724394061211,0,0,0,0,0,0,0,0,0,0,0,0,0,0,0,0,0,0,0,0,0,0,0,0,0,0,0,0,0,0.314482528112317,0,0,0,0,0,0,0.225166706934366,0,0,0,0,0,0,0,0.0357359202269145,0,0,0,0,0,0,0,0,0,0,0,0,0,0,0,0,0,0,0,0,0,0,0,0,0,0,0,0,0,0,0,0,0,0,0,0,0,0,0,0,0,0,0,0,0,0,0,0,0,0,0,0,0,0,0,0,0,0,0,0,0,0,0,0,0,0,0,0,0,0,0,0,0,0,0,0,0.0518183029916316,0,0,0,0,0,0,0,0,0,0,0,0,0,0,0,0,0,0,0,0,0,0,0,0,0,0,0,0,0,0,0,0,0,0.0200421460218674,0,0,0,0,0,0,0,0,0,0,0,0,0,0,0,0,49.5335010193055,0,0,0,0,0,0,0,0,0,0,0,0,0.247035351180122,0,0,0,6.16548078797471,0.312297147030625,0,0,0,0,0,0,0,0,0,0,0,0,0,0,0,0,0,0,0,0,0,0,0,0,0,0,0,0,0,0,0,0,0,0,0,0,0,0,0,0,0,0,0,0,0,0,0,0,0,0,0,0,0,0,0.199475475699649,0,0,0,0,0,0,0.543613952039408,0,0,0,0,0,0,0,0,0,0,0,0,0,0,0,0,0,0,0,0,0,0,0.188294725711738,0,0,0,0,0.111887506491721,0,0,0,0,0,0,0,0,0,0,0,0,0,0,0,0,0,0,0,0,0,0,0,0,0,0,0,0,0,0,0,0,0,0,0,0,0,0,0,0,0,0,0,0,0,0,0,0,0,0,0,0,0,0,0,0,0,0,0,0,0,0,0,0,0,0,0,0,0,0,0,0,0,0,0,0,0,0,0,0,0,0,0,0,0,0,0,0,0,0,0,0,0,0,2.43077109348117,0,0,0,0,0,0,0,0,0,0,0,0,0,0,0,0,0,0,0,0,0,0,0.143351480874021,0,0,0,0,0,0,0,0,0,0,0,0,0,0,0,0,0,0,0,0.0626292384949174,0,0,0,0,0,0,0,0.567516818142988,0,0,0,0,0,0,0,0,0,0,0,0,0,0,0,0,0,163.4356028,174.406903,168.0180029,182.515103,158.7963028,197.5179033,158.6400027,158.3281027,198.3556035,164.2746029,187.6381032,"KIN-00290"
"781",8961,"nSPC",2015,"PRIAs","Pacific Remote Island Areas","Kingman","Kingman",2015,"ForereefDeep","Kingman","2015-04-26","Forereef","Deep",6.43143682,-162.42910967,20.5,50,29,3,5,10,3,0,0,NA,0.6875,0.388188022744263,1.4,2,1,65.2836938589144,116.395925376576,25.9582122048562,16.9490375684374,224.586869008784,21.6726076173409,0,0,0,0,0,0,0,0,0,0,0,0,0,0,0,0,0.0226353696841807,0,0,0,0,0,0,0,0,0,0,0,0,0,0,0,0,0,0,0,0,0,0,0,0,0,0,0,0,0,0,0,0,0,0,0,0,0,0,0,0,0,0,0,0,0,0,0,0.00282942121052258,0,0,0,0,0,0,0,0,0,0,0,0.00282942121052258,0,0,0,0,0,0,0.00282942121052258,0,0,0.00282942121052258,0,0,0,0,0,0,0,0,0,0,0,0,0,0,0,0,0,0,0,0,0,0,0,0,0.226353696841807,0,0,0,0,0.0113176848420903,0,0,0,0.0311236333157484,0,0,0,0,0.0198059484736581,0,0,0,0,0,0,0,0,0,0,0.00565884242104517,0,0.169765272631355,0,0,0,0,0,0.00848826363156775,0,0,0,0,0,0,0,0,0,0,0,0,0,0,0,0,0,0,0,0,0,0.00565884242104517,0,0,0,0,0,1.13176848420903,0.0113176848420903,0,0,0,0,0,0,0.00848826363156775,0,0,0,0.0141471060526129,0,0,0.0141471060526129,0,0.00282942121052258,0,0,0,0,0,0,0,0.00282942121052258,0,0,0,0,0.0113176848420903,0.311236333157484,0,0,0,0,0.101859163578813,0,0,0,0,0,0,0,0,0,0,0,0,0,0,0,0,0,0,0,0,0,0,0,0,0,0,0,0,0.0311236333157484,0,0,0,0,0,0,0,0,0,0,0.0198059484736581,0,0,0,0,0,0,0,0,0,0,0,0,0,0,0,0,0,0,0,0,0,0,0,0.00565884242104517,0,0,0,0,0,0.00565884242104517,0,0,0,0,0,0,0,0,0,0,0,0,0,0,0,0,0.00282942121052258,0,0,0,0,0,0,0,0,0,0,0,0,0,0,0,0,0,0,0,0,0,0,0,0.00848826363156775,0,0,0,0,0,0.00848826363156775,0,0,0,0,0,0,0,0,0.00565884242104517,0,0,0,0,0,0,0,0,0,0.00282942121052258,0,0,0,0,0,0,0,0,0,0,0,0,0,0.00282942121052258,0.00282942121052258,0,0,0,0.00565884242104517,0,0.00282942121052258,0,0,0,0,0,0,0,0,0,0,0.033953054526271,0,0.00282942121052258,0,0,0,0,0,0,0,0,0,0,0,0,0,0,0.0424413181578388,0.0113176848420903,0.00282942121052258,0,0,0,0,0,0,0.274453857420691,0.138641639315607,0,0.0226353696841807,0.067906109052542,0,0.0282942121052258,0,0,0,0,0,0,0,0,0.00848826363156775,0,0,0,0,0,0,0,0.00565884242104517,0,0,0,0,0,0,0,0,0,0,0,0,0,0,0,0,0,0,0,0,0,0,0.00282942121052258,0.0169765272631355,0,0,0,0,0,0,0,0,0,0,0,0,0,0,0,0,0,0,0,0,0,0,0,0,0,0,0,0,0,0,0,0,0,0.0113176848420903,0.0622472666314969,0,0,0,0,0,0,0,0,0,0,0,0,0,0,0,0,0,0,0,0,0,0,0,0.00565884242104517,0,0,0,0,0,0,0,0,0,0,0,0.0169765272631355,0,0,0,0,0.0367824757367936,0.127323954473516,0,0,0,0,0,0,0,0,0,0,0,0,0,0,0,0,0,0,0,0,0,0,0,0,0.0282942121052258,0,0,0,0,0,0,0,0,0.00565884242104517,0,0,0,0,0,0,0,0.00565884242104517,0.00848826363156775,0,0,0,0,0,0,0,0,0,0.00282942121052258,0,0,0,0,0.00282942121052258,0,0,0,0,0,0,0,0,0,0,0,0,0,0,0,0,0,0,0,0,0,0,0,0,0,0,0,0,0,0,0,0,0,0,0,0,0,0.0424413181578388,0,0,0,0,0,0,0,0.0226353696841807,0,0,0,0,0,0,0,0,0,0,0,0,0.00848826363156775,0,0,0,0,0,0,0,0,0,0,0,0,0,0,0,0,0,0,0,0,1.18197885158498,0,0,0,0,0,0,0,0,0,0,0,0,0,0,0,0,0,0,0,0,0,0,0,0,0,0,0,0,0,0,0,0,0,0,0,0,0,0,0,0,0,0,0,0,0,0,0,6.50151752021917,0,0,0,0,0,0,0,0,0,0,0,0.474639722654202,0,0,0,0,0,0,0.0980785542552974,0,0,0.604070693728921,0,0,0,0,0,0,0,0,0,0,0,0,0,0,0,0,0,0,0,0,0,0,0,0,35.8160299078526,0,0,0,0,7.24000104367695,0,0,0,0.166111061769098,0,0,0,0,0.0562978513621571,0,0,0,0,0,0,0,0,0,0,0.343991317879138,0,0.199287453541948,0,0,0,0,0,0.453574700831228,0,0,0,0,0,0,0,0,0,0,0,0,0,0,0,0,0,0,0,0,0,0.163500585259839,0,0,0,0,0,3.36124205067362,11.2816311111317,0,0,0,0,0,0,0.882670959068559,0,0,0,0.203760542336986,0,0,0.467995501446535,0,0.140994330926856,0,0,0,0,0,0,0,0.0901485429108371,0,0,0,0,0.771199566206928,0.445659305448202,0,0,0,0,0.781972220240647,0,0,0,0,0,0,0,0,0,0,0,0,0,0,0,0,0,0,0,0,0,0,0,0,0,0,0,0,1.25410750556802,0,0,0,0,0,0,0,0,0,0,0.339763322906766,0,0,0,0,0,0,0,0,0,0,0,0,0,0,0,0,0,0,0,0,0,0,0,0.379183272866982,0,0,0,0,0,5.56045128268037,0,0,0,0,0,0,0,0,0,0,0,0,0,0,0,0,1.09175473114974,0,0,0,0,0,0,0,0,0,0,0,0,0,0,0,0,0,0,0,0,0,0,0,0.313097346641716,0,0,0,0,0,0.0291642591274615,0,0,0,0,0,0,0,0,0.580839147912734,0,0,0,0,0,0,0,0,0,0.718573051514378,0,0,0,0,0,0,0,0,0,0,0,0,0,0.00785111761276115,0.00889828028477043,0,0,0,0.0146913485763873,0,0.0136963740060916,0,0,0,0,0,0,0,0,0,0,45.4419892607483,0,1.64018606137711,0,0,0,0,0,0,0,0,0,0,0,0,0,0,7.11959583981303,1.62710931723107,0.766673903571517,0,0,0,0,0,0,29.1193135905584,19.8195482691259,0,3.40811299331819,5.36991177736304,0,3.17607800747712,0,0,0,0,0,0,0,0,4.38729229863915,0,0,0,0,0,0,0,5.01611714548425,0,0,0,0,0,0,0,0,0,0,0,0,0,0,0,0,0,0,0,0,0,0,0.195743433710495,0.130919732146368,0,0,0,0,0,0,0,0,0,0,0,0,0,0,0,0,0,0,0,0,0,0,0,0,0,0,0,0,0,0,0,0,0,0.086003085613533,0.300192892855458,0,0,0,0,0,0,0,0,0,0,0,0,0,0,0,0,0,0,0,0,0,0,0,0.921496363273091,0,0,0,0,0,0,0,0,0,0,0,0.0215466084023716,0,0,0,0,0.152070782944985,0.348231040810452,0,0,0,0,0,0,0,0,0,0,0,0,0,0,0,0,0,0,0,0,0,0,0,0,1.62010936435638,0,0,0,0,0,0,0,0,0.446907080202042,0,0,0,0,0,0,0,2.49812084157144,6.55666585129667,0,0,0,0,0,0,0,0,0,0.853949129567643,0,0,0,0,0.482240683773416,0,0,0,0,0,0,0,0,0,0,0,0,0,0,0,0,0,0,0,0,0,0,0,0,0,0,0,0,0,0,0,0,0,0,0,0,0,0.0108861981074856,0,0,0,0,0,0,0,0.0320924271382314,0,0,0,0,0,0,0,0,0,0,0,0,0.999340592451881,0,0,0,0,75.68180131,77.01290132,86.79490144,86.77500141,55.10060097,57.38680102,49.27930083,72.30640125,70.11740123,54.88690097,58.32160099,"KIN-00314"
"782",8962,"nSPC",2015,"PRIAs","Pacific Remote Island Areas","Kingman","Kingman",2015,"ForereefMid","Kingman","2015-04-26","Forereef","Mid",6.42216643,-162.43432481,17,27.5,15,4,10,31,12.5,0,0,NA,0.46125,0.327685694446962,1.2,2,1,20.3992974383906,45.1147985273634,23.0410370016502,13.595192491845,102.150325459249,17.2917475912271,0,0,0,0,0,0,0,0,0,0,0,0,0,0,0,0,0.0396118969473162,0,0,0,0,0.00282942121052258,0,0,0,0,0,0,0,0,0,0,0,0,0,0,0,0,0,0,0,0,0,0,0,0,0,0,0,0,0,0,0,0,0,0,0,0,0,0,0,0,0,0,0,0,0,0,0,0,0,0,0,0,0,0,0.00565884242104517,0,0,0,0,0,0,0,0,0,0.0141471060526129,0,0,0,0,0,0,0,0,0,0,0,0,0,0,0,0,0,0,0,0,0,0,0,0,0,0,0,0,0,0.0113176848420903,0,0,0,0.033953054526271,0,0,0,0,0,0,0,0,0,0,0,0,0,0,0,0.0141471060526129,0,0.466854499736226,0,0,0,0,0,0,0,0,0,0,0,0,0,0.0282942121052258,0,0,0,0,0,0,0,0,0,0,0,0,0,0.0113176848420903,0,0,0,0,0,1.06103295394597,0.0141471060526129,0,0,0,0,0,0,0.00282942121052258,0,0,0,0.00565884242104517,0,0,0.0113176848420903,0,0.00848826363156775,0,0.00848826363156775,0,0,0,0,0.00282942121052258,0,0,0,0,0,0.00565884242104517,0.891267681314614,0,0,0,0,0.0113176848420903,0,0,0,0,0,0,0,0,0,0,0,0,0,0,0,0,0,0,0.00565884242104517,0,0,0,0,0,0.00282942121052258,0,0,0,0.0452707393683613,0,0,0.00565884242104517,0,0,0,0,0,0,0,0.0537590029999291,0,0,0,0,0,0,0,0,0,0,0,0,0,0,0,0,0,0,0,0,0,0,0,0,0,0,0,0,0,0,0,0,0,0,0,0,0,0,0,0,0.00565884242104517,0,0,0,0,0,0,0,0,0,0.00565884242104517,0,0,0,0,0,0,0,0,0,0,0,0,0,0,0,0,0,0,0,0.00565884242104517,0,0,0,0,0,0.0169765272631355,0,0,0,0,0,0,0,0,0.00282942121052258,0,0,0,0,0,0,0,0,0,0.00282942121052258,0,0,0,0,0,0,0,0,0,0,0,0,0,0,0.00565884242104517,0,0,0,0,0,0,0,0,0,0,0,0,0,0,0,0,0.0169765272631355,0,0.00565884242104517,0,0,0,0,0,0,0,0,0,0,0.0113176848420903,0,0,0,0.00848826363156775,0.00282942121052258,0,0,0,0,0,0,0,0,0.00282942121052258,0,0,0,0,0,0,0,0,0,0,0,0,0,0.0198059484736581,0,0,0,0,0,0,0,0,0,0,0,0,0,0,0,0,0,0,0,0,0,0,0,0,0,0,0,0,0,0,0.00565884242104517,0.0141471060526129,0,0,0,0,0,0.00848826363156775,0,0,0,0,0.00282942121052258,0,0,0,0,0,0,0,0,0,0,0,0,0,0,0,0,0,0,0.0169765272631355,0,0,0,0,0.0594178454209743,0,0,0,0,0,0,0,0,0,0,0,0,0,0,0,0,0,0,0,0,0,0,0,0,0,0,0,0,0,0,0,0,0,0,0,0.00565884242104517,0,0,0,0,0.00565884242104517,0.0990297423682904,0,0,0,0,0,0,0,0,0,0,0,0,0,0,0,0,0,0,0,0,0,0,0,0,0,0,0,0,0,0,0,0,0,0,0,0,0,0,0,0,0,0,0,0,0,0,0,0,0,0,0,0,0,0,0,0,0,0.00282942121052258,0,0,0,0,0,0,0,0,0,0,0,0,0,0,0,0,0,0.0254647908947033,0,0,0,0,0,0,0,0,0,0,0,0,0,0,0,0,0,0,0,0.0282942121052258,0,0,0,0,0,0,0,0.0113176848420903,0,0,0,0,0,0,0,0,0,0,0,0,0,0,0,0,0,0,0,0,0,0,0,0,0,0,0,0,0,0,0,0,0,2.66577601905109,0,0,0,0,0.646331202060811,0,0,0,0,0,0,0,0,0,0,0,0,0,0,0,0,0,0,0,0,0,0,0,0,0,0,0,0,0,0,0,0,0,0,0,0,0,0,0,0,0,0,0,0,0,0,0,0,0,0,0,0,0,0,1.44313120613547,0,0,0,0,0,0,0,0,0,1.40489309336341,0,0,0,0,0,0,0,0,0,0,0,0,0,0,0,0,0,0,0,0,0,0,0,0,0,0,0,0,0,7.34834456182223,0,0,0,0.138874916576025,0,0,0,0,0,0,0,0,0,0,0,0,0,0,0,0.985749877796878,0,0.52778325608362,0,0,0,0,0,0,0,0,0,0,0,0,0,0.0497076158840252,0,0,0,0,0,0,0,0,0,0,0,0,0,0.327001170519679,0,0,0,0,0,1.03512677334242,12.6301511305153,0,0,0,0,0,0,0.223531678154915,0,0,0,0.163500585259839,0,0,0.238647719817715,0,0.422982992780568,0,3.71010851410477,0,0,0,0,0.43901399551134,0,0,0,0,0,0.43208404578354,1.53553537921424,0,0,0,0,0.0927053556833783,0,0,0,0,0,0,0,0,0,0,0,0,0,0,0,0,0,0,4.05818367638877,0,0,0,0,0,0.0846268566382463,0,0,0,1.3936621800721,0,0,0.312436778975384,0,0,0,0,0,0,0,0.0952493103625781,0,0,0,0,0,0,0,0,0,0,0,0,0,0,0,0,0,0,0,0,0,0,0,0,0,0,0,0,0,0,0,0,0,0,0,0,0,0,0,0,0.194098295041849,0,0,0,0,0,0,0,0,0,0.342979925866609,0,0,0,0,0,0,0,0,0,0,0,0,0,0,0,0,0,0,0,0.396615841823654,0,0,0,0,0,0.059909032943121,0,0,0,0,0,0,0,0,0.237706183564786,0,0,0,0,0,0,0,0,0,0.805009789113939,0,0,0,0,0,0,0,0,0,0,0,0,0,0,0.0177965605695409,0,0,0,0,0,0,0,0,0,0,0,0,0,0,0,0,11.6159157825141,0,1.73254908244973,0,0,0,0,0,0,0,0,0,0,0.174995457739006,0,0,0,1.42391916796261,0.387383452121338,0,0,0,0,0,0,0,0,0.57064091944846,0,0,0,0,0,0,0,0,0,0,0,0,0,39.1137629242801,0,0,0,0,0,0,0,0,0,0,0,0,0,0,0,0,0,0,0,0,0,0,0,0,0,0,0,0,0,0,0.383697272768938,0.0815067369389703,0,0,0,0,0,0.0655899434883997,0,0,0,0,0.168410588356291,0,0,0,0,0,0,0,0,0,0,0,0,0,0,0,0,0,0,0.066627124736365,0,0,0,0,0.250202424041302,0,0,0,0,0,0,0,0,0,0,0,0,0,0,0,0,0,0,0,0,0,0,0,0,0,0,0,0,0,0,0,0,0,0,0,0.00893050216677243,0,0,0,0,0.0388291682031991,0.308584579641328,0,0,0,0,0,0,0,0,0,0,0,0,0,0,0,0,0,0,0,0,0,0,0,0,0,0,0,0,0,0,0,0,0,0,0,0,0,0,0,0,0,0,0,0,0,0,0,0,0,0,0,0,0,0,0,0,0,0.951487946606965,0,0,0,0,0,0,0,0,0,0,0,0,0,0,0,0,0,0.204824861566329,0,0,0,0,0,0,0,0,0,0,0,0,0,0,0,0,0,0,0,0.0347820749409541,0,0,0,0,0,0,0,0.10842992845601,0,0,0,0,0,0,0,0,0,0,0,0,0,0,0,0,0,67.06480114,69.10510118,78.3181013,73.07600121,38.95330069,46.62360087,44.17780075,52.65770091,53.99350098,46.41950082,44.37320074,"KIN-00337"
"783",8962,"nSPC",2015,"PRIAs","Pacific Remote Island Areas","Kingman","Kingman",2015,"ForereefMid","Kingman","2015-04-26","Forereef","Mid",6.42216643,-162.43432481,17,27.5,15,4,10,31,12.5,0,0,NA,0.46125,0.327685694446962,1.2,2,1,20.3992974383906,45.1147985273634,23.0410370016502,13.595192491845,102.150325459249,17.2917475912271,0,0,0,0,0,0,0,0,0,0,0,0,0,0,0,0,0.0396118969473162,0,0,0,0,0.00282942121052258,0,0,0,0,0,0,0,0,0,0,0,0,0,0,0,0,0,0,0,0,0,0,0,0,0,0,0,0,0,0,0,0,0,0,0,0,0,0,0,0,0,0,0,0,0,0,0,0,0,0,0,0,0,0,0.00565884242104517,0,0,0,0,0,0,0,0,0,0.0141471060526129,0,0,0,0,0,0,0,0,0,0,0,0,0,0,0,0,0,0,0,0,0,0,0,0,0,0,0,0,0,0.0113176848420903,0,0,0,0.033953054526271,0,0,0,0,0,0,0,0,0,0,0,0,0,0,0,0.0141471060526129,0,0.466854499736226,0,0,0,0,0,0,0,0,0,0,0,0,0,0.0282942121052258,0,0,0,0,0,0,0,0,0,0,0,0,0,0.0113176848420903,0,0,0,0,0,1.06103295394597,0.0141471060526129,0,0,0,0,0,0,0.00282942121052258,0,0,0,0.00565884242104517,0,0,0.0113176848420903,0,0.00848826363156775,0,0.00848826363156775,0,0,0,0,0.00282942121052258,0,0,0,0,0,0.00565884242104517,0.891267681314614,0,0,0,0,0.0113176848420903,0,0,0,0,0,0,0,0,0,0,0,0,0,0,0,0,0,0,0.00565884242104517,0,0,0,0,0,0.00282942121052258,0,0,0,0.0452707393683613,0,0,0.00565884242104517,0,0,0,0,0,0,0,0.0537590029999291,0,0,0,0,0,0,0,0,0,0,0,0,0,0,0,0,0,0,0,0,0,0,0,0,0,0,0,0,0,0,0,0,0,0,0,0,0,0,0,0,0.00565884242104517,0,0,0,0,0,0,0,0,0,0.00565884242104517,0,0,0,0,0,0,0,0,0,0,0,0,0,0,0,0,0,0,0,0.00565884242104517,0,0,0,0,0,0.0169765272631355,0,0,0,0,0,0,0,0,0.00282942121052258,0,0,0,0,0,0,0,0,0,0.00282942121052258,0,0,0,0,0,0,0,0,0,0,0,0,0,0,0.00565884242104517,0,0,0,0,0,0,0,0,0,0,0,0,0,0,0,0,0.0169765272631355,0,0.00565884242104517,0,0,0,0,0,0,0,0,0,0,0.0113176848420903,0,0,0,0.00848826363156775,0.00282942121052258,0,0,0,0,0,0,0,0,0.00282942121052258,0,0,0,0,0,0,0,0,0,0,0,0,0,0.0198059484736581,0,0,0,0,0,0,0,0,0,0,0,0,0,0,0,0,0,0,0,0,0,0,0,0,0,0,0,0,0,0,0.00565884242104517,0.0141471060526129,0,0,0,0,0,0.00848826363156775,0,0,0,0,0.00282942121052258,0,0,0,0,0,0,0,0,0,0,0,0,0,0,0,0,0,0,0.0169765272631355,0,0,0,0,0.0594178454209743,0,0,0,0,0,0,0,0,0,0,0,0,0,0,0,0,0,0,0,0,0,0,0,0,0,0,0,0,0,0,0,0,0,0,0,0.00565884242104517,0,0,0,0,0.00565884242104517,0.0990297423682904,0,0,0,0,0,0,0,0,0,0,0,0,0,0,0,0,0,0,0,0,0,0,0,0,0,0,0,0,0,0,0,0,0,0,0,0,0,0,0,0,0,0,0,0,0,0,0,0,0,0,0,0,0,0,0,0,0,0.00282942121052258,0,0,0,0,0,0,0,0,0,0,0,0,0,0,0,0,0,0.0254647908947033,0,0,0,0,0,0,0,0,0,0,0,0,0,0,0,0,0,0,0,0.0282942121052258,0,0,0,0,0,0,0,0.0113176848420903,0,0,0,0,0,0,0,0,0,0,0,0,0,0,0,0,0,0,0,0,0,0,0,0,0,0,0,0,0,0,0,0,0,2.66577601905109,0,0,0,0,0.646331202060811,0,0,0,0,0,0,0,0,0,0,0,0,0,0,0,0,0,0,0,0,0,0,0,0,0,0,0,0,0,0,0,0,0,0,0,0,0,0,0,0,0,0,0,0,0,0,0,0,0,0,0,0,0,0,1.44313120613547,0,0,0,0,0,0,0,0,0,1.40489309336341,0,0,0,0,0,0,0,0,0,0,0,0,0,0,0,0,0,0,0,0,0,0,0,0,0,0,0,0,0,7.34834456182223,0,0,0,0.138874916576025,0,0,0,0,0,0,0,0,0,0,0,0,0,0,0,0.985749877796878,0,0.52778325608362,0,0,0,0,0,0,0,0,0,0,0,0,0,0.0497076158840252,0,0,0,0,0,0,0,0,0,0,0,0,0,0.327001170519679,0,0,0,0,0,1.03512677334242,12.6301511305153,0,0,0,0,0,0,0.223531678154915,0,0,0,0.163500585259839,0,0,0.238647719817715,0,0.422982992780568,0,3.71010851410477,0,0,0,0,0.43901399551134,0,0,0,0,0,0.43208404578354,1.53553537921424,0,0,0,0,0.0927053556833783,0,0,0,0,0,0,0,0,0,0,0,0,0,0,0,0,0,0,4.05818367638877,0,0,0,0,0,0.0846268566382463,0,0,0,1.3936621800721,0,0,0.312436778975384,0,0,0,0,0,0,0,0.0952493103625781,0,0,0,0,0,0,0,0,0,0,0,0,0,0,0,0,0,0,0,0,0,0,0,0,0,0,0,0,0,0,0,0,0,0,0,0,0,0,0,0,0.194098295041849,0,0,0,0,0,0,0,0,0,0.342979925866609,0,0,0,0,0,0,0,0,0,0,0,0,0,0,0,0,0,0,0,0.396615841823654,0,0,0,0,0,0.059909032943121,0,0,0,0,0,0,0,0,0.237706183564786,0,0,0,0,0,0,0,0,0,0.805009789113939,0,0,0,0,0,0,0,0,0,0,0,0,0,0,0.0177965605695409,0,0,0,0,0,0,0,0,0,0,0,0,0,0,0,0,11.6159157825141,0,1.73254908244973,0,0,0,0,0,0,0,0,0,0,0.174995457739006,0,0,0,1.42391916796261,0.387383452121338,0,0,0,0,0,0,0,0,0.57064091944846,0,0,0,0,0,0,0,0,0,0,0,0,0,39.1137629242801,0,0,0,0,0,0,0,0,0,0,0,0,0,0,0,0,0,0,0,0,0,0,0,0,0,0,0,0,0,0,0.383697272768938,0.0815067369389703,0,0,0,0,0,0.0655899434883997,0,0,0,0,0.168410588356291,0,0,0,0,0,0,0,0,0,0,0,0,0,0,0,0,0,0,0.066627124736365,0,0,0,0,0.250202424041302,0,0,0,0,0,0,0,0,0,0,0,0,0,0,0,0,0,0,0,0,0,0,0,0,0,0,0,0,0,0,0,0,0,0,0,0.00893050216677243,0,0,0,0,0.0388291682031991,0.308584579641328,0,0,0,0,0,0,0,0,0,0,0,0,0,0,0,0,0,0,0,0,0,0,0,0,0,0,0,0,0,0,0,0,0,0,0,0,0,0,0,0,0,0,0,0,0,0,0,0,0,0,0,0,0,0,0,0,0,0.951487946606965,0,0,0,0,0,0,0,0,0,0,0,0,0,0,0,0,0,0.204824861566329,0,0,0,0,0,0,0,0,0,0,0,0,0,0,0,0,0,0,0,0.0347820749409541,0,0,0,0,0,0,0,0.10842992845601,0,0,0,0,0,0,0,0,0,0,0,0,0,0,0,0,0,90.18670164,82.85700139,84.56120143,85.30890144,101.1582017,99.55660175,100.5480018,95.60290165,108.7114019,125.1384022,95.01110164,"KIN-00337"
"784",8963,"nSPC",2015,"PRIAs","Pacific Remote Island Areas","Kingman","Kingman",2015,"ForereefMid","Kingman","2015-04-26","Forereef","Mid",6.40891205,-162.45087672,9.5,37.5,5,0,7.5,47.5,2.5,0,0,NA,0.3975,0.237185782338001,0.825,2,1,42.7005867405299,6.02070747203756,9.65801072227669,8.0055500258391,66.3848549606832,7.30778525418361,0,0,0,0,0,0,0,0,0,0,0,0,0,0,0,0,0.033953054526271,0.00848826363156775,0,0,0,0,0,0,0,0,0,0,0,0,0,0,0,0,0,0,0,0,0,0,0,0,0,0,0,0,0,0,0,0,0.00282942121052258,0,0,0,0,0,0.00282942121052258,0,0,0,0,0,0,0,0,0,0,0,0,0,0,0,0,0,0,0,0.00282942121052258,0,0,0,0,0.00282942121052258,0,0,0,0,0.00565884242104517,0,0,0,0,0,0,0,0,0,0,0.00282942121052258,0,0,0,0,0,0,0,0,0.00282942121052258,0,0,0,0,0,0,0,0,0,0.00565884242104517,0,0,0,0.0452707393683613,0,0,0,0,0,0,0,0,0,0,0,0,0,0,0,0,0,0,0,0,0,0,0,0.00565884242104517,0,0,0,0,0,0,0,0,0,0,0,0,0,0,0,0,0,0,0,0,0,0,0,0,0,0,0,0,0.00848826363156775,0,0,0,0,0,0,0.00565884242104517,0,0,0,0,0,0,0.0169765272631355,0,0,0,0,0,0,0,0,0.00565884242104517,0.00848826363156775,0,0,0,0,0,0.834679257104162,0,0,0,0,0,0,0,0,0,0,0,0,0,0,0,0,0,0,0,0,0,0,0,0,0,0,0,0,0,0,0,0,0,0.00565884242104517,0,0,0.00282942121052258,0,0,0,0,0,0,0,0,0,0,0,0,0,0,0,0,0,0,0,0,0,0,0,0,0,0,0,0,0,0,0,0.00282942121052258,0,0,0,0,0,0,0,0,0,0,0,0,0,0,0,0,0,0,0,0,0,0,0,0,0,0,0.00848826363156775,0,0,0,0,0,0,0,0,0,0,0,0,0,0,0,0,0,0,0,0.00848826363156775,0,0,0,0,0,0.00282942121052258,0,0,0,0,0,0,0,0,0,0,0,0,0,0,0,0,0,0,0,0,0,0,0,0,0,0,0,0,0,0,0,0,0,0.00565884242104517,0,0,0,0,0,0,0,0,0,0,0,0,0,0,0,0,0.0198059484736581,0,0.00282942121052258,0,0,0,0,0,0,0,0,0,0,0.00565884242104517,0,0,0,0.0226353696841807,0,0,0,0,0,0,0,0,0,0.00282942121052258,0,0,0,0,0,0,0,0,0,0,0,0,0,0,0,0,0,0,0,0,0,0,0,0,0,0,0,0,0,0,0,0,0,0,0,0,0,0,0,0,0,0,0,0,0,0.00282942121052258,0,0,0,0,0,0,0.00565884242104517,0,0,0,0,0,0,0,0,0,0,0,0,0,0,0,0,0,0,0,0,0,0,0.138641639315607,0,0,0,0,0.0763943726841098,0,0,0,0,0,0,0,0,0,0,0,0,0.0113176848420903,0,0,0,0,0,0,0,0,0,0,0,0,0,0,0,0,0,0,0,0,0,0,0,0,0,0,0,0,0,0,0,0,0,0,0,0,0,0,0,0,0,0,0,0,0,0,0,0,0,0,0,0,0,0,0,0,0,0,0,0,0,0,0,0,0,0,0,0,0,0,0,0,0,0,0,0,0,0,0,0,0,0.00282942121052258,0,0,0,0,0,0,0,0,0,0,0,0,0,0,0,0,0,0,0,0,0,0,0.0113176848420903,0,0,0,0,0,0,0,0,0,0,0,0,0,0,0,0,0,0,0,0.0254647908947033,0,0,0,0,0,0.00282942121052258,0,0.0622472666314969,0,0,0,0,0,0,0,0,0,0,0,0,0.00848826363156775,0,0,0,0,0,0,0,0,0,0,0,0,0,0,0,0,0,0,0,0,1.35738474696947,0.239669923131,0,0,0,0,0,0,0,0,0,0,0,0,0,0,0,0,0,0,0,0,0,0,0,0,0,0,0,0,0,0,0,0,0.0718718258212105,0,0,0,0,0,0.316340609021267,0,0,0,0,0,0,0,0,0,0,0,0,0,0,0,0,0,0,0,0.474639722654202,0,0,0,0,0.00669024453210871,0,0,0,0,0.757833479632018,0,0,0,0,0,0,0,0,0,0,0.709005317208563,0,0,0,0,0,0,0,0,0.196221545279964,0,0,0,0,0,0,0,0,0,1.77114565433195,0,0,0,0.156596528340306,0,0,0,0,0,0,0,0,0,0,0,0,0,0,0,0,0,0,0,0,0,0,0,0.583555502051457,0,0,0,0,0,0,0,0,0,0,0,0,0,0,0,0,0,0,0,0,0,0,0,0,0,0,0,0,5.7448308074074,0,0,0,0,0,0,0.54947018315172,0,0,0,0,0,0,0.339115566787449,0,0,0,0,0,0,0,0,0.636084322260926,0.212624906487051,0,0,0,0,0,1.69394335510656,0,0,0,0,0,0,0,0,0,0,0,0,0,0,0,0,0,0,0,0,0,0,0,0,0,0,0,0,0,0,0,0,0,0.0758291543594969,0,0,0.274258411104502,0,0,0,0,0,0,0,0,0,0,0,0,0,0,0,0,0,0,0,0,0,0,0,0,0,0,0,0,0,0,0,0.269163497623171,0,0,0,0,0,0,0,0,0,0,0,0,0,0,0,0,0,0,0,0,0,0,0,0,0,0,0.369741281974051,0,0,0,0,0,0,0,0,0,0,0,0,0,0,0,0,0,0,0,0.607671471415224,0,0,0,0,0,0.012907536620283,0,0,0,0,0,0,0,0,0,0,0,0,0,0,0,0,0,0,0,0,0,0,0,0,0,0,0,0,0,0,0,0,0,0.0177965605695409,0,0,0,0,0,0,0,0,0,0,0,0,0,0,0,0,40.1118628626974,0,0.795755817679698,0,0,0,0,0,0,0,0,0,0,0.089730849559908,0,0,0,3.62505909967704,0,0,0,0,0,0,0,0,0,0.656207141369647,0,0,0,0,0,0,0,0,0,0,0,0,0,0,0,0,0,0,0,0,0,0,0,0,0,0,0,0,0,0,0,0,0,0,0,0,0,0,0,0,0,0,0,0,0,0.0204346147065911,0,0,0,0,0,0,0.501237614479218,0,0,0,0,0,0,0,0,0,0,0,0,0,0,0,0,0,0,0,0,0,0,0.854166224693419,0,0,0,0,0.494756683714403,0,0,0,0,0,0,0,0,0,0,0,0,0.0233250384882277,0,0,0,0,0,0,0,0,0,0,0,0,0,0,0,0,0,0,0,0,0,0,0,0,0,0,0,0,0,0,0,0,0,0,0,0,0,0,0,0,0,0,0,0,0,0,0,0,0,0,0,0,0,0,0,0,0,0,0,0,0,0,0,0,0,0,0,0,0,0,0,0,0,0,0,0,0,0,0,0,0,0.853949129567643,0,0,0,0,0,0,0,0,0,0,0,0,0,0,0,0,0,0,0,0,0,0,0.0502651589083395,0,0,0,0,0,0,0,0,0,0,0,0,0,0,0,0,0,0,0,0.0154825928639796,0,0,0,0,0,0.049477837269103,0,0.289028489018214,0,0,0,0,0,0,0,0,0,0,0,0,0.509723652149458,0,0,0,0,0,0,0,0,0,0,0,0,0,0,0,"KIN-00324"
"785",8963,"nSPC",2015,"PRIAs","Pacific Remote Island Areas","Kingman","Kingman",2015,"ForereefMid","Kingman","2015-04-26","Forereef","Mid",6.40891205,-162.45087672,9.5,37.5,5,0,7.5,47.5,2.5,0,0,NA,0.3975,0.237185782338001,0.825,2,1,42.7005867405299,6.02070747203756,9.65801072227669,8.0055500258391,66.3848549606832,7.30778525418361,0,0,0,0,0,0,0,0,0,0,0,0,0,0,0,0,0.033953054526271,0.00848826363156775,0,0,0,0,0,0,0,0,0,0,0,0,0,0,0,0,0,0,0,0,0,0,0,0,0,0,0,0,0,0,0,0,0.00282942121052258,0,0,0,0,0,0.00282942121052258,0,0,0,0,0,0,0,0,0,0,0,0,0,0,0,0,0,0,0,0.00282942121052258,0,0,0,0,0.00282942121052258,0,0,0,0,0.00565884242104517,0,0,0,0,0,0,0,0,0,0,0.00282942121052258,0,0,0,0,0,0,0,0,0.00282942121052258,0,0,0,0,0,0,0,0,0,0.00565884242104517,0,0,0,0.0452707393683613,0,0,0,0,0,0,0,0,0,0,0,0,0,0,0,0,0,0,0,0,0,0,0,0.00565884242104517,0,0,0,0,0,0,0,0,0,0,0,0,0,0,0,0,0,0,0,0,0,0,0,0,0,0,0,0,0.00848826363156775,0,0,0,0,0,0,0.00565884242104517,0,0,0,0,0,0,0.0169765272631355,0,0,0,0,0,0,0,0,0.00565884242104517,0.00848826363156775,0,0,0,0,0,0.834679257104162,0,0,0,0,0,0,0,0,0,0,0,0,0,0,0,0,0,0,0,0,0,0,0,0,0,0,0,0,0,0,0,0,0,0.00565884242104517,0,0,0.00282942121052258,0,0,0,0,0,0,0,0,0,0,0,0,0,0,0,0,0,0,0,0,0,0,0,0,0,0,0,0,0,0,0,0.00282942121052258,0,0,0,0,0,0,0,0,0,0,0,0,0,0,0,0,0,0,0,0,0,0,0,0,0,0,0.00848826363156775,0,0,0,0,0,0,0,0,0,0,0,0,0,0,0,0,0,0,0,0.00848826363156775,0,0,0,0,0,0.00282942121052258,0,0,0,0,0,0,0,0,0,0,0,0,0,0,0,0,0,0,0,0,0,0,0,0,0,0,0,0,0,0,0,0,0,0.00565884242104517,0,0,0,0,0,0,0,0,0,0,0,0,0,0,0,0,0.0198059484736581,0,0.00282942121052258,0,0,0,0,0,0,0,0,0,0,0.00565884242104517,0,0,0,0.0226353696841807,0,0,0,0,0,0,0,0,0,0.00282942121052258,0,0,0,0,0,0,0,0,0,0,0,0,0,0,0,0,0,0,0,0,0,0,0,0,0,0,0,0,0,0,0,0,0,0,0,0,0,0,0,0,0,0,0,0,0,0.00282942121052258,0,0,0,0,0,0,0.00565884242104517,0,0,0,0,0,0,0,0,0,0,0,0,0,0,0,0,0,0,0,0,0,0,0.138641639315607,0,0,0,0,0.0763943726841098,0,0,0,0,0,0,0,0,0,0,0,0,0.0113176848420903,0,0,0,0,0,0,0,0,0,0,0,0,0,0,0,0,0,0,0,0,0,0,0,0,0,0,0,0,0,0,0,0,0,0,0,0,0,0,0,0,0,0,0,0,0,0,0,0,0,0,0,0,0,0,0,0,0,0,0,0,0,0,0,0,0,0,0,0,0,0,0,0,0,0,0,0,0,0,0,0,0,0.00282942121052258,0,0,0,0,0,0,0,0,0,0,0,0,0,0,0,0,0,0,0,0,0,0,0.0113176848420903,0,0,0,0,0,0,0,0,0,0,0,0,0,0,0,0,0,0,0,0.0254647908947033,0,0,0,0,0,0.00282942121052258,0,0.0622472666314969,0,0,0,0,0,0,0,0,0,0,0,0,0.00848826363156775,0,0,0,0,0,0,0,0,0,0,0,0,0,0,0,0,0,0,0,0,1.35738474696947,0.239669923131,0,0,0,0,0,0,0,0,0,0,0,0,0,0,0,0,0,0,0,0,0,0,0,0,0,0,0,0,0,0,0,0,0.0718718258212105,0,0,0,0,0,0.316340609021267,0,0,0,0,0,0,0,0,0,0,0,0,0,0,0,0,0,0,0,0.474639722654202,0,0,0,0,0.00669024453210871,0,0,0,0,0.757833479632018,0,0,0,0,0,0,0,0,0,0,0.709005317208563,0,0,0,0,0,0,0,0,0.196221545279964,0,0,0,0,0,0,0,0,0,1.77114565433195,0,0,0,0.156596528340306,0,0,0,0,0,0,0,0,0,0,0,0,0,0,0,0,0,0,0,0,0,0,0,0.583555502051457,0,0,0,0,0,0,0,0,0,0,0,0,0,0,0,0,0,0,0,0,0,0,0,0,0,0,0,0,5.7448308074074,0,0,0,0,0,0,0.54947018315172,0,0,0,0,0,0,0.339115566787449,0,0,0,0,0,0,0,0,0.636084322260926,0.212624906487051,0,0,0,0,0,1.69394335510656,0,0,0,0,0,0,0,0,0,0,0,0,0,0,0,0,0,0,0,0,0,0,0,0,0,0,0,0,0,0,0,0,0,0.0758291543594969,0,0,0.274258411104502,0,0,0,0,0,0,0,0,0,0,0,0,0,0,0,0,0,0,0,0,0,0,0,0,0,0,0,0,0,0,0,0.269163497623171,0,0,0,0,0,0,0,0,0,0,0,0,0,0,0,0,0,0,0,0,0,0,0,0,0,0,0.369741281974051,0,0,0,0,0,0,0,0,0,0,0,0,0,0,0,0,0,0,0,0.607671471415224,0,0,0,0,0,0.012907536620283,0,0,0,0,0,0,0,0,0,0,0,0,0,0,0,0,0,0,0,0,0,0,0,0,0,0,0,0,0,0,0,0,0,0.0177965605695409,0,0,0,0,0,0,0,0,0,0,0,0,0,0,0,0,40.1118628626974,0,0.795755817679698,0,0,0,0,0,0,0,0,0,0,0.089730849559908,0,0,0,3.62505909967704,0,0,0,0,0,0,0,0,0,0.656207141369647,0,0,0,0,0,0,0,0,0,0,0,0,0,0,0,0,0,0,0,0,0,0,0,0,0,0,0,0,0,0,0,0,0,0,0,0,0,0,0,0,0,0,0,0,0,0.0204346147065911,0,0,0,0,0,0,0.501237614479218,0,0,0,0,0,0,0,0,0,0,0,0,0,0,0,0,0,0,0,0,0,0,0.854166224693419,0,0,0,0,0.494756683714403,0,0,0,0,0,0,0,0,0,0,0,0,0.0233250384882277,0,0,0,0,0,0,0,0,0,0,0,0,0,0,0,0,0,0,0,0,0,0,0,0,0,0,0,0,0,0,0,0,0,0,0,0,0,0,0,0,0,0,0,0,0,0,0,0,0,0,0,0,0,0,0,0,0,0,0,0,0,0,0,0,0,0,0,0,0,0,0,0,0,0,0,0,0,0,0,0,0,0.853949129567643,0,0,0,0,0,0,0,0,0,0,0,0,0,0,0,0,0,0,0,0,0,0,0.0502651589083395,0,0,0,0,0,0,0,0,0,0,0,0,0,0,0,0,0,0,0,0.0154825928639796,0,0,0,0,0,0.049477837269103,0,0.289028489018214,0,0,0,0,0,0,0,0,0,0,0,0,0.509723652149458,0,0,0,0,92.06740162,104.1742018,100.0874017,98.98520173,90.71040156,85.37470148,81.46240142,92.93010163,103.8383018,99.00370175,81.38310142,"KIN-00324"
"786",8964,"nSPC",2015,"PRIAs","Pacific Remote Island Areas","Kingman","Kingman",2015,"ForereefDeep","Kingman","2015-04-26","Forereef","Deep",6.40265697,-162.45493758,20.6,4.5,0,0,7.5,87.5,0.5,0,0,NA,0.15875,0.137942440533446,0.45,2,1,18.5070347631158,7.35994908775637,9.47175709894224,14.9710277363529,50.3097686861674,7.36261667042643,0,0,0,0,0,0,0,0,0,0,0,0,0,0,0,0,0.0141471060526129,0,0,0,0,0,0,0,0,0.00282942121052258,0,0,0,0,0,0,0,0,0,0,0,0,0,0,0,0,0,0,0,0,0,0,0,0,0,0,0,0,0,0,0.00565884242104517,0,0,0,0,0,0,0,0,0,0,0,0,0,0,0,0,0,0,0,0,0,0,0,0,0,0,0,0,0,0,0,0,0,0,0,0,0,0,0,0,0,0,0,0,0,0,0,0,0,0,0,0,0,0,0,0,0,0,0,0.00282942121052258,0,0,0,0.00565884242104517,0,0,0,0,0,0,0,0,0,0,0,0,0,0,0,0.00282942121052258,0,0,0.00282942121052258,0,0,0,0,0.00565884242104517,0,0,0,0,0,0,0,0.127323954473516,0,0,0,0,0,0,0,0,0,0,0,0,0,0,0,0,0,0,0,0.141471060526129,0.00848826363156775,0,0,0,0,0,0,0,0,0,0,0,0,0,0,0,0,0,0,0,0,0,0,0,0,0,0,0,0,0.00565884242104517,0,0,0,0,0,0,0.506466396683543,0,0,0,0,0,0,0,0,0,0,0,0,0,0,0,0,0,0.00282942121052258,0,0,0,0,0,0,0,0,0,0.00565884242104517,0,0.00282942121052258,0.00565884242104517,0,0,0,0,0,0,0,0.00282942121052258,0,0,0,0,0,0,0,0,0,0,0,0,0,0,0,0,0,0,0,0,0,0,0,0,0,0,0,0,0,0,0,0,0,0,0,0,0,0,0,0,0,0,0,0,0,0,0.0424413181578388,0,0,0,0,0,0,0,0,0,0,0,0,0,0,0,0,0,0,0,0,0,0,0,0.00282942121052258,0,0,0,0,0,0.00282942121052258,0,0,0,0,0,0,0,0,0,0,0,0,0,0,0,0,0,0,0,0,0,0,0,0,0,0,0,0,0,0,0,0,0.00282942121052258,0.00565884242104517,0,0,0,0,0,0,0,0,0,0,0,0,0,0.00565884242104517,0,0,0.0113176848420903,0,0.00565884242104517,0,0,0,0,0,0,0,0,0,0,0,0,0,0,0.00565884242104517,0.00282942121052258,0.00282942121052258,0,0,0,0,0,0,0,0.00848826363156775,0,0,0,0,0,0,0,0,0,0,0,0.00282942121052258,0,0.00282942121052258,0,0,0,0,0,0,0,0,0,0,0,0,0,0,0,0,0,0,0,0,0,0,0,0,0,0,0,0,0,0,0,0.0141471060526129,0,0,0,0,0,0,0,0,0,0,0,0,0,0,0,0,0,0,0,0,0,0,0,0,0,0,0,0,0,0,0,0,0,0,0,0,0,0,0,0,0,0,0,0,0,0,0,0,0.155618166578742,0,0,0,0,0,0,0,0,0,0,0,0,0,0,0,0,0,0,0,0,0,0,0,0,0,0,0.00565884242104517,0,0,0,0,0,0,0,0,0,0,0,0,0,0,0,0,0,0,0,0,0,0,0,0,0,0,0,0,0,0,0,0,0,0,0,0,0,0,0,0,0,0,0,0,0,0,0,0,0,0,0,0,0,0,0,0,0,0,0,0,0,0,0,0,0,0,0,0,0,0,0,0,0,0,0,0,0.00282942121052258,0,0,0,0,0,0,0,0,0,0,0,0,0,0,0,0,0,0,0,0,0,0,0,0,0,0,0,0,0,0,0,0,0,0,0,0,0,0,0,0,0,0,0,0,0,0,0,0,0,0,0,0,0,0,0,0,0,0,0,0,0,0.570452501079426,0,0,0,0,0,0,0,0,0.0576191823574451,0,0,0,0,0,0,0,0,0,0,0,0,0,0,0,0,0,0,0,0,0,0,0,0,0,0,0,0,0,0,1.7379719785635,0,0,0,0,0,0,0,0,0,0,0,0,0,0,0,0,0,0,0,0,0,0,0,0,0,0,0,0,0,0,0,0,0,0,0,0,0,0,0,0,0,0,0,0,0,0,0,0,0,0,0,0,0,0,0,0,0,0,0,1.954112529795,0,0,0,0.00861240004042249,0,0,0,0,0,0,0,0,0,0,0,0,0,0,0,0.197316632695133,0,0,0.000633790351157059,0,0,0,0,0.258569180286672,0,0,0,0,0,0,0,0.152593133998461,0,0,0,0,0,0,0,0,0,0,0,0,0,0,0,0,0,0,0,0.179577705389447,7.36261667042643,0,0,0,0,0,0,0,0,0,0,0,0,0,0,0,0,0,0,0,0,0,0,0,0,0,0,0,0,0.152437222371458,0,0,0,0,0,0,0.807360520755778,0,0,0,0,0,0,0,0,0,0,0,0,0,0,0,0,0,1.83302631167601,0,0,0,0,0,0,0,0,0,0.149962793398497,0,0.506981907218936,0.555248213129716,0,0,0,0,0,0,0,0.00485052669133039,0,0,0,0,0,0,0,0,0,0,0,0,0,0,0,0,0,0,0,0,0,0,0,0,0,0,0,0,0,0,0,0,0,0,0,0,0,0,0,0,0,0,0,0,0,0,8.26847151362177,0,0,0,0,0,0,0,0,0,0,0,0,0,0,0,0,0,0,0,0,0,0,0,0.164690365394844,0,0,0,0,0,0.00812836125358928,0,0,0,0,0,0,0,0,0,0,0,0,0,0,0,0,0,0,0,0,0,0,0,0,0,0,0,0,0,0,0,0,0.0119901315272546,0.0230425285447601,0,0,0,0,0,0,0,0,0,0,0,0,0,1.41910457889253,0,0,14.6176336220622,0,1.41378887350114,0,0,0,0,0,0,0,0,0,0,0,0,0,0,1.1648575987934,0.312297147030625,1.33019287730988,0,0,0,0,0,0,0,1.47858083349379,0,0,0,0,0,0,0,0,0,0,0,1.85911873765529,0,1.37006647369943,0,0,0,0,0,0,0,0,0,0,0,0,0,0,0,0,0,0,0,0,0,0,0,0,0,0,0,0,0,0,0,0.0411805848427194,0,0,0,0,0,0,0,0,0,0,0,0,0,0,0,0,0,0,0,0,0,0,0,0,0,0,0,0,0,0,0,0,0,0,0,0,0,0,0,0,0,0,0,0,0,0,0,0,0.284690584570835,0,0,0,0,0,0,0,0,0,0,0,0,0,0,0,0,0,0,0,0,0,0,0,0,0,0,0.0464052071303162,0,0,0,0,0,0,0,0,0,0,0,0,0,0,0,0,0,0,0,0,0,0,0,0,0,0,0,0,0,0,0,0,0,0,0,0,0,0,0,0,0,0,0,0,0,0,0,0,0,0,0,0,0,0,0,0,0,0,0,0,0,0,0,0,0,0,0,0,0,0,0,0,0,0,0,0,0.00558546661818937,0,0,0,0,0,0,0,0,0,0,0,0,0,0,0,0,0,0,0,0,0,0,0,0,0,0,0,0,0,0,0,0,0,0,0,0,0,0,0,0,0,0,0,0,0,0,0,0,0,0,0,0,0,0,0,0,"KIN-00305"
"787",8965,"nSPC",2015,"PRIAs","Pacific Remote Island Areas","Kingman","Kingman",2015,"ForereefDeep","Kingman","2015-04-26","Forereef","Deep",6.44974692,-162.41384631,22.45,17.5,47.5,5,3.5,21.5,5,0,0,NA,0.50125,0.293780906214312,1.1,2,1,52.1834266437996,66.2099550134167,40.7675878965325,16.9662150495606,176.127184603309,29.9597351985948,0,0,0,0,0,0,0,0,0,0,0,0,0,0,0,0,0.0367824757367936,0,0,0,0,0,0,0,0,0,0,0,0,0,0,0,0,0,0,0,0,0,0,0,0,0,0,0,0,0,0,0,0,0,0.00282942121052258,0,0,0,0,0,0.00848826363156775,0,0,0,0,0,0,0,0,0,0,0,0,0,0,0,0,0,0,0,0.00565884242104517,0,0,0,0,0,0,0,0,0,0.00282942121052258,0,0,0,0,0,0,0,0,0,0,0,0,0,0,0,0,0,0,0,0,0,0,0,0,0.113176848420903,0,0,0,0,0.00848826363156775,0,0,0,0.0735649514735872,0,0,0,0,0.0282942121052258,0,0,0,0,0,0,0,0,0,0,0.0141471060526129,0,0.141471060526129,0,0,0,0,0,0,0,0,0,0,0,0,0,0,0,0,0,0,0,0,0,0,0,0,0,0,0,0,0,0,0,0,0,1.13176848420903,0.0113176848420903,0,0,0,0,0,0,0.00282942121052258,0,0,0,0.00565884242104517,0,0,0,0,0.00848826363156775,0,0,0,0,0,0,0.00282942121052258,0,0,0,0,0,0.0367824757367936,0.0962003211577679,0,0,0,0,0.0198059484736581,0,0,0,0,0,0,0,0,0,0,0,0,0,0,0,0,0,0,0,0,0,0,0,0,0,0,0,0,0.0311236333157484,0,0,0.0141471060526129,0,0,0,0,0,0,0,0.0481001605788839,0,0,0,0,0,0,0,0,0,0,0,0,0,0,0,0,0,0,0,0,0,0,0,0,0,0,0,0,0,0.00565884242104517,0,0,0,0,0,0,0,0,0,0,0.00565884242104517,0,0,0,0,0,0,0,0,0,0.00282942121052258,0,0,0,0,0,0,0,0,0,0,0,0,0,0,0,0,0,0,0,0.00282942121052258,0,0,0,0,0,0,0,0,0,0,0,0,0.0141471060526129,0,0,0,0,0,0,0,0,0,0,0,0,0,0,0,0,0,0,0,0,0,0,0,0,0,0.00565884242104517,0.00282942121052258,0,0,0,0.00282942121052258,0,0,0,0,0,0,0,0,0,0,0,0,0.0198059484736581,0,0.00565884242104517,0,0,0,0,0,0,0,0,0,0,0,0,0,0,0.00565884242104517,0.00282942121052258,0.00282942121052258,0,0,0,0,0,0,0.0113176848420903,0.0820532151051549,0,0,0.198059484736581,0,0,0,0,0,0,0,0,0,0,0,0,0,0,0,0,0,0.00565884242104517,0.00565884242104517,0,0,0,0,0,0,0,0.00282942121052258,0.00282942121052258,0,0,0,0,0,0,0,0,0,0,0,0,0,0,0.0141471060526129,0,0,0,0,0,0.00282942121052258,0,0,0,0,0,0,0,0,0,0,0,0,0,0,0,0,0.00282942121052258,0,0,0,0,0,0,0,0,0,0,0,0.0622472666314969,0,0,0,0,0,0,0,0,0,0,0,0,0,0,0,0.00282942121052258,0,0,0,0,0,0,0,0,0,0,0,0.0707355302630646,0,0,0,0,0,0,0,0,0,0,0,0,0.0282942121052258,0.0622472666314968,0,0,0,0.0226353696841807,0,0,0,0,0,0,0,0,0,0,0,0,0,0,0,0,0,0,0,0,0.00282942121052258,0,0,0,0,0,0,0,0,0.00565884242104517,0,0,0,0,0,0,0,0.00565884242104517,0,0,0,0,0,0,0,0,0,0,0.00565884242104517,0,0,0,0,0.00565884242104517,0,0,0,0,0,0,0,0,0,0,0,0,0,0,0,0,0,0,0,0,0,0,0,0,0,0,0,0,0,0,0,0,0,0,0,0,0,0.0565884242104517,0,0,0,0,0,0.00282942121052258,0,0.00848826363156775,0,0,0,0,0,0,0.00282942121052258,0,0,0,0,0,0,0,0,0,0,0,0,0,0,0,0,0,0,0,0,0,0,0,0,0,0,1.88664399401038,0,0,0,0,0,0,0,0,0,0,0,0,0,0,0,0,0,0,0,0,0,0,0,0,0,0,0,0,0,0,0,0,0,0.0718718258212105,0,0,0,0,0,1.4906749059214,0,0,0,0,0,0,0,0,0,0,0,0,0,0,0,0,0,0,0,0.586980065999555,0,0,0,0,0,0,0,0,0,0.88632976934183,0,0,0,0,0,0,0,0,0,0,0,0,0,0,0,0,0,0,0,0,0,0,0,0,22.9858611470382,0,0,0,0,5.49927904706662,0,0,0,0.256588134882107,0,0,0,0,0.0558908199707335,0,0,0,0,0,0,0,0,0,0,0.657804746738156,0,0.12555839563815,0,0,0,0,0,0,0,0,0,0,0,0,0,0,0,0,0,0,0,0,0,0,0,0,0,0,0,0,0,0,0,0,0,2.40166931191578,17.9594695404669,0,0,0,0,0,0,0.27473509157586,0,0,0,0.0839086681378492,0,0,0,0,0.555764158273095,0,0,0,0,0,0,0.375253199811446,0,0,0,0,0,2.10476720653367,0.0778170056687605,0,0,0,0,0.0907266881996465,0,0,0,0,0,0,0,0,0,0,0,0,0,0,0,0,0,0,0,0,0,0,0,0,0,0,0,0,0.858685732781305,0,0,0.917660781128481,0,0,0,0,0,0,0,0.844785110478765,0,0,0,0,0,0,0,0,0,0,0,0,0,0,0,0,0,0,0,0,0,0,0,0,0,0,0,0,0,11.2694801480236,0,0,0,0,0,0,0,0,0,0,0.122230996294576,0,0,0,0,0,0,0,0,0,0.0706637519428109,0,0,0,0,0,0,0,0,0,0,0,0,0,0,0,0,0,0,0,0.0871699903121249,0,0,0,0,0,0,0,0,0,0,0,0,1.83424160119688,0,0,0,0,0,0,0,0,0,0,0,0,0,0,0,0,0,0,0,0,0,0,0,0,0,0.0198412491400157,0.00889828028477043,0,0,0,0.0048155202490365,0,0,0,0,0,0,0,0,0,0,0,0,27.2486043299338,0,7.13507278180703,0,0,0,0,0,0,0,0,0,0,0,0,0,0,0.0330852201118296,0.312297147030625,1.33019287730988,0,0,0,0,0,0,1.51316717949802,11.35381256273,0,0,17.5157264696052,0,0,0,0,0,0,0,0,0,0,0,0,0,0,0,0,0,6.52008608813409,7.0440969928963,0,0,0,0,0,0,0,0.108939507216025,0.463142249141052,0,0,0,0,0,0,0,0,0,0,0,0,0,0,0.0709237163379436,0,0,0,0,0,0.0839162577047264,0,0,0,0,0,0,0,0,0,0,0,0,0,0,0,0,0.154137813401397,0,0,0,0,0,0,0,0,0,0,0,0.18394386010347,0,0,0,0,0,0,0,0,0,0,0,0,0,0,0,1.07954415927369,0,0,0,0,0,0,0,0,0,0,0,0.0723125081747494,0,0,0,0,0,0,0,0,0,0,0,0,0.0865210408788087,0.153549181337939,0,0,0,0.0502141022903446,0,0,0,0,0,0,0,0,0,0,0,0,0,0,0,0,0,0,0,0,0.336525479189918,0,0,0,0,0,0,0,0,0.711409863225325,0,0,0,0,0,0,0,0.83211286206973,0,0,0,0,0,0,0,0,0,0,8.87298198407441,0,0,0,0,2.29517081198375,0,0,0,0,0,0,0,0,0,0,0,0,0,0,0,0,0,0,0,0,0,0,0,0,0,0,0,0,0,0,0,0,0,0,0,0,0,0.00940782552498759,0,0,0,0,0,0.079077598061538,0,0.0774780410077399,0,0,0,0,0,0,5.93366720841134,0,0,0,0,0,0,0,0,0,0,161.8102028,172.1218029,164.3572028,180.590203,155.6584028,188.6033032,151.1485026,152.7743027,188.8671033,156.4203028,184.5054031,"KIN-00304"
"788",8966,"nSPC",2015,"PRIAs","Pacific Remote Island Areas","Kingman","Kingman",2015,"ForereefMid","Kingman","2015-04-26","Forereef","Mid",6.44454276,-162.41144196,11.9,31.5,15,2,3.5,44,4,0,0,NA,0.3675,0.245131392652079,1.05,2,1,13.1319829653396,8.0311753105715,36.4600597084275,7.46259812517238,65.085816109511,31.952031203244,0,0,0,0,0,0.00565884242104517,0,0,0,0,0,0,0,0.00565884242104517,0,0,0,0,0,0,0,0.00848826363156775,0,0,0,0,0,0,0,0,0,0,0,0,0,0,0,0,0,0,0,0,0,0,0,0,0,0,0,0,0,0,0,0,0,0,0,0,0,0,0,0,0,0,0,0,0,0,0,0,0,0,0,0,0,0,0.00282942121052258,0,0,0,0,0,0,0,0,0,0.00565884242104517,0,0,0,0,0,0,0,0,0,0,0.00565884242104517,0,0,0,0,0,0,0,0,0,0,0,0,0,0,0,0,0,0,0.00565884242104517,0,0,0,0.0509295817894065,0,0,0,0,0,0,0,0,0,0,0,0,0,0,0,0.0141471060526129,0,0,0,0,0,0,0,0,0,0,0,0,0,0,0,0,0,0,0,0,0,0,0,0,0,0,0,0,0,0,0,0,0,0,0,0,0.0424413181578388,0,0,0,0,0,0,0.00848826363156775,0,0,0,0,0,0,0.0141471060526129,0,0.00282942121052258,0,0,0,0,0,0,0.00282942121052258,0,0,0,0,0,0,0.565884242104517,0,0,0,0,0,0,0,0,0,0,0,0,0,0,0,0,0,0,0,0,0,0,0,0.00565884242104517,0,0,0,0,0,0,0,0,0,0.00565884242104517,0,0,0.00565884242104517,0,0,0,0,0,0,0,0.0226353696841807,0,0,0,0,0,0,0,0,0,0,0,0,0,0,0,0,0,0,0,0,0,0,0,0,0,0,0,0,0,0,0,0,0,0,0,0,0,0,0,0,0,0,0,0,0,0,0,0,0,0,0.00282942121052258,0,0,0,0,0,0,0,0,0,0,0,0,0,0,0,0,0,0,0,0.00282942121052258,0,0,0,0,0.00565884242104517,0.00565884242104517,0,0,0,0,0,0,0,0,0,0,0,0,0,0,0,0,0,0,0,0,0,0,0,0,0,0,0,0,0,0,0,0,0,0.00565884242104517,0,0,0,0,0,0,0,0,0,0,0,0,0,0,0,0,0.0113176848420903,0,0,0,0,0,0,0,0,0,0,0,0,0.0169765272631355,0,0,0,0.0537590029999291,0.00565884242104517,0,0,0,0,0,0,0,0,0,0,0,0,0,0,0,0,0,0,0,0,0,0,0,0,0,0,0,0,0,0,0,0,0,0,0,0,0,0,0,0,0,0,0,0,0,0,0,0,0,0,0,0,0,0.00848826363156775,0.0254647908947033,0,0,0,0,0,0,0.00282942121052258,0,0,0,0,0,0,0,0,0,0,0,0,0,0,0,0,0,0,0,0,0,0,0.0990297423682904,0,0,0,0,0.0792237938946324,0,0,0,0,0,0,0,0,0,0,0,0,0,0,0,0,0,0,0,0,0,0,0,0,0,0,0,0,0,0,0,0,0,0,0,0,0,0,0,0,0,0.0198059484736581,0,0,0,0,0,0,0,0,0,0,0,0,0,0,0,0,0,0,0,0,0,0,0,0,0,0,0,0,0,0,0,0,0,0.00282942121052258,0,0,0,0,0,0,0,0,0.00282942121052258,0,0,0,0,0,0.00282942121052258,0,0,0,0.00565884242104517,0,0,0,0,0,0,0,0,0,0,0,0,0,0,0,0,0,0,0,0,0,0,0.0848826363156775,0,0,0,0,0,0,0,0,0,0,0,0,0,0,0,0,0,0,0,0.1754241150524,0,0,0,0,0,0,0,0.15278874536822,0,0,0,0,0,0,0,0,0,0,0,0,0.00282942121052258,0,0,0,0,0,0,0,0,0,0.579465463915025,0,0,0,0,0,0,0,0.951489016386128,0,0,0,0,0,0,0,1.05518258913954,0,0,0,0,0,0,0,0,0,0,0,0,0,0,0,0,0,0,0,0,0,0,0,0,0,0,0,0,0,0,0,0,0,0,0,0,0,0,0,0,0,0,0,0,0,0,0,0,0,0,0,0,0,0,0.312297147030625,0,0,0,0,0,0,0,0,0,0.511205439951543,0,0,0,0,0,0,0,0,0,0,0.602606376706529,0,0,0,0,0,0,0,0,0,0,0,0,0,0,0,0,0,0,1.31224143751765,0,0,0,0.111827561405748,0,0,0,0,0,0,0,0,0,0,0,0,0,0,0,0.780786657657596,0,0,0,0,0,0,0,0,0,0,0,0,0,0,0,0,0,0,0,0,0,0,0,0,0,0,0,0,0,0,0,0,0,0,0,0,22.4559942821879,0,0,0,0,0,0,0.845512844247784,0,0,0,0,0,0,0.310970005978073,0,0.179111292414106,0,0,0,0,0,0,0.766886358194644,0,0,0,0,0,0,0.460624114230656,0,0,0,0,0,0,0,0,0,0,0,0,0,0,0,0,0,0,0,0,0,0,0,2.53364219074932,0,0,0,0,0,0,0,0,0,0.0758291543594969,0,0,0.667339421964209,0,0,0,0,0,0,0,0.0388042135306431,0,0,0,0,0,0,0,0,0,0,0,0,0,0,0,0,0,0,0,0,0,0,0,0,0,0,0,0,0,0,0,0,0,0,0,0,0,0,0,0,0,0,0,0,0,0,0,0,0,0,0.0132614543853153,0,0,0,0,0,0,0,0,0,0,0,0,0,0,0,0,0,0,0,0.0682112336509005,0,0,0,0,0.020574419274436,0.00940782552498759,0,0,0,0,0,0,0,0,0,0,0,0,0,0,0,0,0,0,0,0,0,0,0,0,0,0,0,0,0,0,0,0,0,0.0254497601041131,0,0,0,0,0,0,0,0,0,0,0,0,0,0,0,0,10.0416456587861,0,0,0,0,0,0,0,0,0,0,0,0,0.0435023511117847,0,0,0,7.39472897419407,0.56058411963295,0,0,0,0,0,0,0,0,0,0,0,0,0,0,0,0,0,0,0,0,0,0,0,0,0,0,0,0,0,0,0,0,0,0,0,0,0,0,0,0,0,0,0,0,0,0,0,0,0,0,0,0,0,0.670191873622068,0.128527086933939,0,0,0,0,0,0,0.327117337756217,0,0,0,0,0,0,0,0,0,0,0,0,0,0,0,0,0,0,0,0,0,0,0.617581370767448,0,0,0,0,0.252524939780415,0,0,0,0,0,0,0,0,0,0,0,0,0,0,0,0,0,0,0,0,0,0,0,0,0,0,0,0,0,0,0,0,0,0,0,0,0,0,0,0,0,0.0753026731722175,0,0,0,0,0,0,0,0,0,0,0,0,0,0,0,0,0,0,0,0,0,0,0,0,0,0,0,0,0,0,0,0,0,0.271189837112232,0,0,0,0,0,0,0,0,2.02959667379003,0,0,0,0,0,0.895138329530609,0,0,0,5.96869554102891,0,0,0,0,0,0,0,0,0,0,0,0,0,0,0,0,0,0,0,0,0,0,0.506311178380446,0,0,0,0,0,0,0,0,0,0,0,0,0,0,0,0,0,0,0,0.0617153354439186,0,0,0,0,0,0,0,0.347078026341779,0,0,0,0,0,0,0,0,0,0,0,0,0.205664541618939,0,0,0,0,145.5551025,156.3342027,147.6231025,166.1525027,141.8218025,170.7519029,138.9960024,139.4237024,166.5543029,131.7162023,174.0854029,"KIN-00316"
"789",8967,"nSPC",2015,"PRIAs","Pacific Remote Island Areas","Kingman","Kingman",2015,"ForereefMid","Kingman","2015-04-26","Forereef","Mid",6.43603949,-162.42374433,14.25,17.5,27.5,1.5,3.5,49,1,0,0,NA,0.375,0.239816598627638,0.9,2,1,6.4031908639258,3.61206791890977,10.112835135626,6.96674113865824,27.0948350571198,8.13057687228712,0,0,0,0,0,0,0,0,0,0,0,0,0,0,0,0,0.00282942121052258,0.00848826363156775,0,0,0,0,0,0,0,0,0,0,0,0,0.0113176848420903,0,0,0,0,0,0,0,0,0,0,0,0,0,0,0,0,0,0,0,0.0113176848420903,0,0,0,0,0,0,0,0,0,0,0,0,0,0,0,0,0,0,0,0,0,0,0,0,0,0.00282942121052258,0,0,0,0,0,0,0,0,0,0,0,0,0,0,0,0,0,0,0,0,0,0,0,0,0,0,0,0,0,0,0,0,0,0,0,0,0,0,0,0.0113176848420903,0,0,0,0.0311236333157484,0,0,0,0,0.00565884242104517,0,0,0,0,0,0,0,0,0,0,0.0141471060526129,0,0,0,0,0,0,0,0,0,0,0,0,0,0,0,0,0,0,0,0,0,0,0,0,0,0,0,0,0,0.00565884242104517,0,0,0,0,0,0.2631361725786,0.00848826363156775,0,0,0,0,0,0,0.00565884242104517,0,0,0,0,0,0,0.00848826363156775,0,0.00848826363156775,0,0,0,0,0,0,0,0,0,0,0,0,0,0.67906109052542,0,0,0,0,0.00282942121052258,0,0,0,0,0,0,0,0,0,0,0,0,0,0,0,0,0,0,0,0,0,0,0,0,0,0,0,0,0.00282942121052258,0,0,0.00565884242104517,0,0,0,0,0,0,0,0.00282942121052258,0,0,0,0,0,0,0,0,0,0,0,0,0,0,0,0,0,0,0,0,0,0,0,0,0,0,0,0,0,0,0,0,0,0,0,0,0,0,0,0,0.00565884242104517,0,0,0,0,0,0,0,0,0,0.00565884242104517,0,0,0,0,0,0,0,0,0,0,0,0,0,0,0,0,0,0,0,0,0,0,0,0,0,0.0226353696841807,0,0,0,0,0,0,0,0,0,0,0,0,0,0,0,0,0,0,0,0,0,0,0,0,0,0,0,0,0,0,0,0,0,0.00565884242104517,0,0,0,0,0,0,0,0,0,0,0,0,0,0,0,0,0.00565884242104517,0,0,0,0,0,0,0,0,0,0,0,0,0.0141471060526129,0,0,0,0.0113176848420903,0.00282942121052258,0,0,0,0,0,0,0,0,0,0,0,0,0,0,0,0,0,0,0,0,0,0,0,0,0,0,0,0,0,0,0,0,0,0,0,0,0,0,0,0,0,0,0,0,0,0,0,0,0,0,0,0,0,0,0.033953054526271,0,0,0,0,0,0,0.00565884242104517,0,0,0,0,0,0,0,0,0,0,0,0,0.00848826363156775,0,0,0,0,0,0,0,0,0,0.0254647908947033,0,0,0,0,0.0622472666314969,0,0,0,0,0,0,0,0,0,0,0,0,0,0,0,0,0,0,0,0,0,0,0,0,0,0,0,0,0,0,0,0,0,0,0,0.00565884242104517,0,0,0,0,0.0141471060526129,0.0254647908947033,0,0,0,0,0,0,0,0,0,0,0,0,0,0,0,0,0,0,0,0,0,0,0,0,0,0,0,0,0,0,0,0,0,0,0,0,0,0,0,0,0,0,0.00282942121052258,0,0,0,0,0,0,0,0,0,0,0,0,0,0,0,0,0,0,0,0,0,0,0,0,0,0,0,0,0,0,0,0,0.067906109052542,0,0,0,0,0,0,0,0,0,0,0,0,0,0,0,0,0,0,0,0.0763943726841098,0,0,0,0,0,0.00565884242104517,0,0.033953054526271,0,0,0,0,0,0,0,0,0,0,0,0,0.00848826363156775,0,0,0,0,0,0,0,0,0,0,0,0,0,0,0,0,0,0,0,0,0.0884651885662884,0.117471172701459,0,0,0,0,0,0,0,0,0,0,0,0,3.15806527473569,0,0,0,0,0,0,0,0,0,0,0,0,0,0,0,0,0,0,0,0.128271244694799,0,0,0,0,0,0,0,0,0,0,0,0,0,0,0,0,0,0,0,0,0,0,0,0,0,0.149307035470157,0,0,0,0,0,0,0,0,0,0,0,0,0,0,0,0,0,0,0,0,0,0,0,0,0,0,0,0,0,0,0,0,0,0,0,0,0,0,0,2.97201425265263,0,0,0,0.178427182567908,0,0,0,0,0.0267973392288993,0,0,0,0,0,0,0,0,0,0,0.888630359240023,0,0,0,0,0,0,0,0,0,0,0,0,0,0,0,0,0,0,0,0,0,0,0,0,0,0,0,0,0,0.119323859908858,0,0,0,0,0,0.652100667578835,6.82067987131328,0,0,0,0,0,0,0.402642970569021,0,0,0,0,0,0,0.272201387223104,0,0.466923386791475,0,0,0,0,0,0,0,0,0,0,0,0,0,0.940227985941497,0,0,0,0,0.0196662714901045,0,0,0,0,0,0,0,0,0,0,0,0,0,0,0,0,0,0,0,0,0,0,0,0,0,0,0,0,0.025210916056684,0,0,0.407529638751966,0,0,0,0,0,0,0,0.00917431371889351,0,0,0,0,0,0,0,0,0,0,0,0,0,0,0,0,0,0,0,0,0,0,0,0,0,0,0,0,0,0,0,0,0,0,0,0,0,0,0,0,0.138818478141264,0,0,0,0,0,0,0,0,0,0.113834916046119,0,0,0,0,0,0,0,0,0,0,0,0,0,0,0,0,0,0,0,0,0,0,0,0,0,0.0521569847105312,0,0,0,0,0,0,0,0,0,0,0,0,0,0,0,0,0,0,0,0,0,0,0,0,0,0,0,0,0,0,0,0,0,0.0225968114656179,0,0,0,0,0,0,0,0,0,0,0,0,0,0,0,0,1.58226885525874,0,0,0,0,0,0,0,0,0,0,0,0,0.18996026652146,0,0,0,1.7320719031553,0.575196051615958,0,0,0,0,0,0,0,0,0,0,0,0,0,0,0,0,0,0,0,0,0,0,0,0,0,0,0,0,0,0,0,0,0,0,0,0,0,0,0,0,0,0,0,0,0,0,0,0,0,0,0,0,0,0,0.276157959171376,0,0,0,0,0,0,0.960277396774416,0,0,0,0,0,0,0,0,0,0,0,0,0.124497282895316,0,0,0,0,0,0,0,0,0,0.213930655187679,0,0,0,0,0.353668924386056,0,0,0,0,0,0,0,0,0,0,0,0,0,0,0,0,0,0,0,0,0,0,0,0,0,0,0,0,0,0,0,0,0,0,0,0.0192312930258009,0,0,0,0,0.0579095604932133,0.115768317291813,0,0,0,0,0,0,0,0,0,0,0,0,0,0,0,0,0,0,0,0,0,0,0,0,0,0,0,0,0,0,0,0,0,0,0,0,0,0,0,0,0,0,1.30989700097384,0,0,0,0,0,0,0,0,0,0,0,0,0,0,0,0,0,0,0,0,0,0,0,0,0,0,0,0,0,0,0,0,0.563160773849741,0,0,0,0,0,0,0,0,0,0,0,0,0,0,0,0,0,0,0,0.0237345998244687,0,0,0,0,0,0.128555435330641,0,0.0810176469421037,0,0,0,0,0,0,0,0,0,0,0,0,0.616993624856816,0,0,0,0,83.83390145,95.19720163,94.21880157,99.31160162,73.27590129,73.98260135,63.19350107,85.24730149,89.51280157,60.73060109,72.19780125,"KIN-00339"
"790",8968,"nSPC",2015,"PRIAs","Pacific Remote Island Areas","Kingman","Kingman",2015,"LagoonDeep","Kingman","2015-04-26","Lagoon","Deep",6.42830609,-162.41816073,21.35,17.5,32.5,5.5,5,36,3.5,0,0,NA,0.45625,0.357052638245869,1.25,2,1,46.4629787064339,4.13095360327508,25.3342078304448,10.2962765135141,86.224416653668,20.9284001462838,0,0,0,0,0,0,0,0,0,0,0,0,0,0.00282942121052258,0,0,0.0452707393683613,0,0,0,0,0,0.00282942121052258,0,0,0.00848826363156775,0,0,0,0,0,0,0,0,0,0,0,0,0,0,0,0,0,0,0,0,0,0,0,0,0.0141471060526129,0,0,0,0,0,0,0,0,0,0,0,0,0,0,0,0,0,0,0,0,0,0,0,0,0,0.00565884242104517,0,0,0,0,0,0,0,0,0,0.00848826363156775,0,0,0,0,0,0,0,0,0,0,0.00282942121052258,0,0,0,0,0,0,0,0,0,0,0,0,0,0,0,0,0,0,0.00848826363156775,0,0,0,0.0565884242104517,0,0,0,0,0,0,0,0,0,0,0,0,0,0,0,0.00565884242104517,0,0,0,0,0,0,0,0.00565884242104517,0,0,0,0,0,0,0,0,0,0,0,0,0,0,0,0,0,0,0,0,0,0.00565884242104517,0,0,0,0.00565884242104517,0,0.192400642315536,0.0113176848420903,0,0,0,0,0,0,0,0,0,0,0.0113176848420903,0,0,0,0,0,0,0,0,0,0,0,0.00282942121052258,0,0,0,0,0,0,0,0,0,0,0,0.0792237938946324,0,0,0,0,0,0,0,0,0,0,0,0,0,0,0,0,0,0,0,0,0,0,0,0,0,0,0,0,0.0282942121052258,0,0,0.0113176848420903,0,0.00282942121052258,0,0,0,0,0,0,0,0,0,0,0,0,0,0,0,0,0,0,0,0,0,0,0,0,0,0,0,0,0,0,0,0,0,0,0,0,0,0,0,0,0,0,0,0,0,0,0,0,0,0,0,0,0,0,0,0,0,0,0,0,0,0,0,0,0,0,0,0,0,0,0,0,0,0,0,0,0.00565884242104517,0,0,0,0,0,0.00565884242104517,0,0,0,0,0,0,0,0,0,0,0,0,0,0,0,0,0,0,0,0,0,0,0,0,0,0,0,0,0,0,0,0,0,0.00282942121052258,0,0,0,0,0,0,0,0,0,0,0,0,0,0,0,0,0.0367824757367936,0,0.00282942121052258,0,0,0,0,0,0,0,0,0,0,0.00848826363156775,0,0,0,0,0,0.00282942121052258,0,0,0,0,0,0,0,0,0,0,0,0,0,0,0,0,0,0,0,0,0,0,0,0,0,0,0,0,0,0.0141471060526129,0,0,0,0,0,0,0,0,0,0,0,0,0,0,0,0,0,0,0,0,0,0,0.00565884242104517,0.0311236333157484,0,0,0,0,0,0.00282942121052258,0,0,0,0,0,0,0,0,0,0,0,0,0,0,0,0,0,0,0,0,0,0,0,0,0,0,0,0,0.0226353696841807,0,0,0,0,0,0,0,0,0,0,0,0,0,0,0,0,0,0,0,0,0,0,0,0,0,0,0,0,0,0,0,0,0,0,0,0.0226353696841807,0,0,0,0.00282942121052258,0.00282942121052258,0,0,0,0,0.0113176848420903,0,0,0,0,0,0,0,0,0,0,0,0,0,0,0,0,0,0,0,0,0,0,0,0,0,0,0,0,0,0,0,0,0,0,0,0,0,0,0.00282942121052258,0,0,0,0,0,0,0,0,0,0.00282942121052258,0,0,0,0,0.00565884242104517,0,0,0,0,0,0,0,0,0,0,0,0,0,0,0,0,0,0,0,0,0,0,0,0,0,0,0,0,0,0,0,0,0,0,0,0,0,0,0,0,0,0,0,0.00282942121052258,0,0,0,0,0,0,0,0,0,0,0,0,0,0,0.00565884242104517,0,0,0,0,0,0,0,0,0,0,0,0,0,0,0,0,0,0.335669217512441,0,0,1.89970948490004,0,0,0,0,0,0.111892291191326,0,0,0.234026521280502,0,0,0,0,0,0,0,0,0,0,0,0,0,0,0,0,0,0,0,0,0,0,0,0,0.191824572157073,0,0,0,0,0,0,0,0,0,0,0,0,0,0,0,0,0,0,0,0,0,0,0,0,0,0.624594294061249,0,0,0,0,0,0,0,0,0,0.940591971574564,0,0,0,0,0,0,0,0,0,0,0.272200657269614,0,0,0,0,0,0,0,0,0,0,0,0,0,0,0,0,0,0,7.06922435498302,0,0,0,0.156834180954102,0,0,0,0,0,0,0,0,0,0,0,0,0,0,0,0.394633265390266,0,0,0,0,0,0,0,0.486157350780733,0,0,0,0,0,0,0,0,0,0,0,0,0,0,0,0,0,0,0,0,0,0.163500585259839,0,0,0,0.119323859908858,0,0.343825606660283,11.2816311111317,0,0,0,0,0,0,0,0,0,0,0.17561498152761,0,0,0,0,0,0,0,0,0,0,0,0.267016246208585,0,0,0,0,0,0,0,0,0,0,0,0.448568791284908,0,0,0,0,0,0,0,0,0,0,0,0,0,0,0,0,0,0,0,0,0,0,0,0,0,0,0,0,0.743804854747434,0,0,0.998850236077737,0,0.15904741877798,0,0,0,0,0,0,0,0,0,0,0,0,0,0,0,0,0,0,0,0,0,0,0,0,0,0,0,0,0,0,0,0,0,0,0,0,0,0,0,0,0,0,0,0,0,0,0,0,0,0,0,0,0,0,0,0,0,0,0,0,0,0,0,0,0,0,0,0,0,0,0,0,0,0,0,0,0.388224734353209,0,0,0,0,0,0.0162567225071786,0,0,0,0,0,0,0,0,0,0,0,0,0,0,0,0,0,0,0,0,0,0,0,0,0,0,0,0,0,0,0,0,0,0.00889828028477043,0,0,0,0,0,0,0,0,0,0,0,0,0,0,0,0,38.5930164253945,0,2.95113441825389,0,0,0,0,0,0,0,0,0,0,0.0918769655480894,0,0,0,0,0,2.71758932289062,0,0,0,0,0,0,0,0,0,0,0,0,0,0,0,0,0,0,0,0,0,0,0,0,0,0,0,0,0,2.94103209878955,0,0,0,0,0,0,0,0,0,0,0,0,0,0,0,0,0,0,0,0,0,0,0.361284267297692,0.154469708083725,0,0,0,0,0,0.0448203933684347,0,0,0,0,0,0,0,0,0,0,0,0,0,0,0,0,0,0,0,0,0,0,0,0,0,0,0,0,0.0534523854082874,0,0,0,0,0,0,0,0,0,0,0,0,0,0,0,0,0,0,0,0,0,0,0,0,0,0,0,0,0,0,0,0,0,0,0,0.0529214943216144,0,0,0,0.434625479681048,0.0181534692942321,0,0,0,0,0.0124141970092657,0,0,0,0,0,0,0,0,0,0,0,0,0,0,0,0,0,0,0,0,0,0,0,0,0,0,0,0,0,0,0,0,0,0,0,0,0,0,1.47025214389175,0,0,0,0,0,0,0,0,0,6.07839268484051,0,0,0,0,1.8259235491502,0,0,0,0,0,0,0,0,0,0,0,0,0,0,0,0,0,0,0,0,0,0,0,0,0,0,0,0,0,0,0,0,0,0,0,0,0,0,0,0,0,0,0,0.063117845852256,0,0,0,0,0,0,0,0,0,0,0,0,0,0,0.528018213807278,0,0,0,0,0,0,0,0,0,0,0,0,0,0,0,"KIN-00349"
"791",8969,"nSPC",2015,"PRIAs","Pacific Remote Island Areas","Kingman","Kingman",2015,"LagoonMid","Kingman","2015-04-26","Lagoon","Mid",6.41932379,-162.41286336,17.85,12,35,3.5,5,32,12.5,0,0,NA,0.5325,0.401571947453012,1.5,2,1,13.852560369026,4.00403061753343,26.0556882012191,5.19841731100948,49.110696498788,23.7672008422304,0,0,0,0,0,0,0,0,0,0,0,0,0,0,0,0,0.0113176848420903,0.00282942121052258,0,0,0,0,0,0,0,0,0,0,0,0,0,0,0,0,0,0,0,0,0,0,0,0,0,0,0,0,0,0,0,0,0.00848826363156775,0,0,0,0,0,0.00565884242104517,0,0,0,0,0,0,0,0,0,0,0,0,0,0,0,0,0,0,0,0.00565884242104517,0,0,0,0,0,0,0,0,0,0.00848826363156775,0,0,0,0,0,0,0,0,0,0,0.00282942121052258,0,0,0,0,0,0,0,0,0,0,0,0,0,0,0,0,0,0,0.00848826363156775,0,0,0,0.067906109052542,0,0,0,0,0,0,0,0,0,0,0,0,0,0,0,0.00565884242104517,0,0,0,0,0,0,0,0,0,0,0,0,0,0,0,0,0,0,0,0,0,0,0,0,0,0,0,0,0,0,0,0,0,0,0,0.16410643021031,0.0311236333157484,0,0,0,0,0,0,0.00565884242104517,0,0,0,0.00565884242104517,0,0,0,0,0,0,0,0,0,0,0,0,0,0,0,0,0,0,0.0707355302630646,0,0,0,0,0.0198059484736581,0,0,0,0,0,0,0,0,0,0,0,0,0,0,0,0,0,0,0.00565884242104517,0,0,0,0,0,0,0,0,0,0.0198059484736581,0,0,0.00565884242104517,0,0,0,0,0,0,0,0.0226353696841807,0,0,0,0,0,0,0,0,0,0,0,0,0,0,0,0,0,0,0,0,0,0,0,0,0,0,0,0,0,0,0,0,0,0,0,0,0,0,0,0,0,0,0,0,0,0,0,0,0,0,0.00282942121052258,0,0,0,0,0,0,0,0,0,0,0,0,0,0,0,0,0,0,0,0.00565884242104517,0,0,0,0,0,0,0,0,0,0,0,0,0,0,0,0,0,0,0,0,0,0,0,0,0,0,0,0,0,0,0,0,0,0,0,0,0,0,0,0.00565884242104517,0,0,0,0,0,0,0,0,0,0,0,0,0,0,0,0,0.0141471060526129,0,0.00565884242104517,0,0,0,0,0,0,0,0,0,0,0.00282942121052258,0,0,0,0.00282942121052258,0,0,0,0,0,0,0,0,0,0,0,0,0,0,0,0,0,0,0,0,0,0,0,0,0,0,0,0,0,0,0,0.00848826363156775,0,0,0,0,0,0,0,0,0,0,0.00282942121052258,0,0,0,0,0,0,0,0,0,0,0,0,0.00282942121052258,0,0,0,0,0,0.00282942121052258,0,0,0,0,0.00282942121052258,0,0,0,0,0,0,0,0,0,0,0,0,0,0,0,0,0,0,0,0,0,0,0,0.0113176848420903,0,0,0,0,0,0,0,0,0,0,0,0,0,0,0,0,0,0,0,0,0,0,0,0,0,0,0,0,0,0,0,0,0,0,0,0.00565884242104517,0,0,0,0,0.00282942121052258,0,0,0,0,0.0226353696841807,0,0,0,0,0,0,0,0,0,0,0,0,0,0,0,0,0,0,0,0,0,0,0,0,0,0,0,0,0,0,0,0,0,0,0,0,0,0.00282942121052258,0,0,0,0,0,0,0,0,0,0,0,0,0,0,0,0.00282942121052258,0,0,0,0,0,0,0,0,0,0,0,0,0,0,0,0,0,0,0,0,0,0,0,0,0,0,0,0,0,0,0,0,0,0,0,0,0,0.0650766878420194,0,0,0,0,0,0,0,0,0,0,0,0,0,0,0,0,0,0,0,0,0,0,0,0,0,0,0,0,0,0,0,0,0,0,0,0,0,0,0,0,0,0.6230399731082,0.0798899743770001,0,0,0,0,0,0,0,0,0,0,0,0,0,0,0,0,0,0,0,0,0,0,0,0,0,0,0,0,0,0,0,0,0.132513678857857,0,0,0,0,0,1.04432805111904,0,0,0,0,0,0,0,0,0,0,0,0,0,0,0,0,0,0,0,1.01520148203316,0,0,0,0,0,0,0,0,0,0.559192615650246,0,0,0,0,0,0,0,0,0,0,0.387141822097301,0,0,0,0,0,0,0,0,0,0,0,0,0,0,0,0,0,0,2.46893873663773,0,0,0,0.298535994387384,0,0,0,0,0,0,0,0,0,0,0,0,0,0,0,0.233157254650806,0,0,0,0,0,0,0,0,0,0,0,0,0,0,0,0,0,0,0,0,0,0,0,0,0,0,0,0,0,0,0,0,0,0,0,0.334554725121885,21.8951536149336,0,0,0,0,0,0,0.447063356309831,0,0,0,0.0839086681378492,0,0,0,0,0,0,0,0,0,0,0,0,0,0,0,0,0,0,0.0492743703812508,0,0,0,0,0.123961244180229,0,0,0,0,0,0,0,0,0,0,0,0,0,0,0,0,0,0,0.958867304818322,0,0,0,0,0,0,0,0,0,0.56385890006113,0,0,0.723162517055057,0,0,0,0,0,0,0,0.343577209655818,0,0,0,0,0,0,0,0,0,0,0,0,0,0,0,0,0,0,0,0,0,0,0,0,0,0,0,0,0,0,0,0,0,0,0,0,0,0,0,0,0,0,0,0,0,0,0,0,0,0,0.026156210383102,0,0,0,0,0,0,0,0,0,0,0,0,0,0,0,0,0,0,0,0.155381223963025,0,0,0,0,0,0,0,0,0,0,0,0,0,0,0,0,0,0,0,0,0,0,0,0,0,0,0,0,0,0,0,0,0,0,0,0,0,0,0,0.0563395620353239,0,0,0,0,0,0,0,0,0,0,0,0,0,0,0,0,10.0751186913108,0,1.44184308443754,0,0,0,0,0,0,0,0,0,0,0.012528677120194,0,0,0,0.312297147030625,0,0,0,0,0,0,0,0,0,0,0,0,0,0,0,0,0,0,0,0,0,0,0,0,0,0,0,0,0,0,0,2.81862040445015,0,0,0,0,0,0,0,0,0,0,0.00207795209880679,0,0,0,0,0,0,0,0,0,0,0,0,0.0126222754078381,0,0,0,0,0,0.0310176353076178,0,0,0,0,0.204600587358282,0,0,0,0,0,0,0,0,0,0,0,0,0,0,0,0,0,0,0,0,0,0,0,0.0267261927041437,0,0,0,0,0,0,0,0,0,0,0,0,0,0,0,0,0,0,0,0,0,0,0,0,0,0,0,0,0,0,0,0,0,0,0,0.0204125763811941,0,0,0,0,0.0181534692942321,0,0,0,0,0.0248283940185314,0,0,0,0,0,0,0,0,0,0,0,0,0,0,0,0,0,0,0,0,0,0,0,0,0,0,0,0,0,0,0,0,0,0,0,0,0,0.644651903064651,0,0,0,0,0,0,0,0,0,0,0,0,0,0,0,0.84025350213479,0,0,0,0,0,0,0,0,0,0,0,0,0,0,0,0,0,0,0,0,0,0,0,0,0,0,0,0,0,0,0,0,0,0,0,0,0,0.0217455167134713,0,0,0,0,0,0,0,0,0,0,0,0,0,0,0,0,0,0,0,0,0,0,0,0,0,0,0,0,0,0,0,0,0,0,0,0,"KIN-00351"
"792",8970,"nSPC",2015,"PRIAs","Pacific Remote Island Areas","Kingman","Kingman",2015,"LagoonMid","Kingman","2015-04-26","Lagoon","Mid",6.39428562,-162.44142755,16.4,21,34,2.5,10,26.5,6,0,0,NA,0.6075,0.320034034521682,1.25,2,1,36.2396426073265,21.055971838783,11.793556626469,7.61234600294959,76.7015170755281,8.56257316042747,0,0,0,0,0,0,0,0,0,0,0,0,0,0,0,0,0.0254647908947033,0,0,0,0,0.00282942121052258,0,0,0,0.00848826363156775,0,0,0,0,0,0,0,0,0,0,0,0,0,0,0,0,0,0,0,0,0,0,0,0,0,0,0,0,0,0,0.00565884242104517,0,0,0,0,0,0,0,0,0,0,0,0,0,0,0,0,0,0,0,0.00282942121052258,0,0,0,0,0,0,0,0,0,0.00565884242104517,0,0,0,0,0,0,0,0,0,0,0.00282942121052258,0,0,0,0,0,0,0,0,0,0,0,0,0,0.0169765272631355,0,0,0,0,0.00565884242104517,0,0,0,0.0282942121052258,0,0,0,0,0,0,0,0,0,0,0,0,0,0,0,0.00282942121052258,0,0,0,0,0,0,0,0.00565884242104517,0,0,0,0,0,0,0,0,0,0,0,0,0,0,0,0,0,0,0,0,0,0.0113176848420903,0,0,0,0,0,0.0990297423682904,0.00848826363156775,0,0,0,0,0,0,0,0,0,0,0.00565884242104517,0,0,0.00282942121052258,0,0.00565884242104517,0,0,0,0,0,0,0.00282942121052258,0.00282942121052258,0,0,0,0,0.00565884242104517,0.138641639315607,0,0,0,0,0.0113176848420903,0,0,0,0,0,0,0,0,0,0,0,0,0,0,0,0,0,0,0,0,0,0,0,0,0,0,0,0,0.0509295817894065,0,0,0,0,0,0,0,0,0,0,0.00565884242104517,0,0,0,0,0,0,0,0,0,0,0,0,0,0,0,0,0,0,0,0,0,0,0,0.00282942121052258,0,0,0,0,0,0,0,0,0,0,0,0,0,0,0,0,0,0,0,0,0,0,0,0,0,0,0.00565884242104517,0,0,0,0,0,0,0,0,0,0,0,0,0,0,0,0,0,0,0,0,0,0,0,0,0,0,0,0,0,0,0,0,0,0,0,0,0,0,0,0.0282942121052258,0,0,0,0,0,0,0,0,0,0,0,0,0,0,0,0,0,0,0,0.00848826363156775,0,0,0,0.00282942121052258,0,0,0,0,0,0,0,0,0,0,0,0,0.0226353696841807,0,0.00848826363156775,0,0,0,0,0,0,0,0,0,0,0,0,0,0,0,0,0,0,0,0,0,0,0,0,0,0,0,0.00565884242104517,0,0,0,0,0,0,0,0,0,0,0,0,0,0,0,0,0,0,0.00282942121052258,0,0,0,0,0,0,0,0,0,0,0,0,0,0,0,0,0,0,0,0,0,0,0.00282942121052258,0.0113176848420903,0,0,0,0,0,0,0.00282942121052258,0,0.00282942121052258,0,0.00282942121052258,0,0,0,0,0,0,0,0,0.00282942121052258,0,0,0,0,0,0,0,0,0,0.0198059484736581,0,0,0,0,0.0452707393683613,0,0,0,0,0,0,0,0,0,0,0,0,0,0,0,0,0,0,0,0,0,0,0,0,0,0,0,0,0,0,0,0,0,0,0,0.0141471060526129,0,0,0,0,0.00848826363156775,0,0,0,0,0,0,0,0,0,0,0,0,0,0,0,0.254647908947033,0,0,0,0,0,0,0,0,0,0,0,0,0,0,0,0,0,0,0.00565884242104517,0,0,0,0,0,0,0,0,0,0,0,0,0,0,0,0,0,0,0.00282942121052258,0,0,0,0,0.00282942121052258,0,0,0,0,0,0,0,0,0,0,0,0,0,0,0,0,0,0.00282942121052258,0,0,0,0,0,0,0,0,0,0,0,0,0,0,0,0,0,0,0,0.0113176848420903,0,0,0,0,0,0,0,0.0141471060526129,0,0,0,0,0,0,0,0,0,0,0,0,0,0,0,0,0,0,0,0,0,0,0,0,0,0,0,0,0,0,0,0,0,1.11143881010689,0,0,0,0,0.393396000525706,0,0,0,0.285325342537882,0,0,0,0,0,0,0,0,0,0,0,0,0,0,0,0,0,0,0,0,0,0,0,0,0,0,0,0,0,0,0.946229188329015,0,0,0,0,0,0,0,0,0,0,0,0,0,0,0,0,0,0,0,0.474639722654202,0,0,0,0,0,0,0,0,0,0.836499694023231,0,0,0,0,0,0,0,0,0,0,0.455427689599493,0,0,0,0,0,0,0,0,0,0,0,0,0,4.17829587680455,0,0,0,0,1.95772346774308,0,0,0,0.167148810603254,0,0,0,0,0,0,0,0,0,0,0,0,0,0,0,0.32023041145109,0,0,0,0,0,0,0,0.399942920496372,0,0,0,0,0,0,0,0,0,0,0,0,0,0,0,0,0,0,0,0,0,0.282824445168697,0,0,0,0,0,0.410035760639238,5.68027430917066,0,0,0,0,0,0,0,0,0,0,0.0839086681378492,0,0,0.0817502926299197,0,0.358222584828211,0,0,0,0,0,0,0.267016246208585,0.0901485429108371,0,0,0,0,0.152437222371458,0.169503834111503,0,0,0,0,0.0947647199102797,0,0,0,0,0,0,0,0,0,0,0,0,0,0,0,0,0,0,0,0,0,0,0,0,0,0,0,0,1.54830548436373,0,0,0,0,0,0,0,0,0,0,0.0140248404102239,0,0,0,0,0,0,0,0,0,0,0,0,0,0,0,0,0,0,0,0,0,0,0,0.153481897719969,0,0,0,0,0,0,0,0,0,0,0,0,0,0,0,0,0,0,0,0,0,0,0,0,0,0,0.202824122516943,0,0,0,0,0,0,0,0,0,0,0,0,0,0,0,0,0,0,0,0,0,0,0,0,0,0,0,0,0,0,0,0,0,0,0,0,0,0,0,1.75814518591028,0,0,0,0,0,0,0,0,0,0,0,0,0,0,0,0,0,0,0,0.0682540730613968,0,0,0,0.00785111761276115,0,0,0,0,0,0,0,0,0,0,0,0,32.4917027849622,0,2.69901451513106,0,0,0,0,0,0,0,0,0,0,0,0,0,0,0,0,0,0,0,0,0,0,0,0,0,0,0,0.3393575189195,0,0,0,0,0,0,0,0,0,0,0,0,0,0,0,0,0,0,0.735873334926331,0,0,0,0,0,0,0,0,0,0,0,0,0,0,0,0,0,0,0,0,0,0,0.382311393965811,0.105675181330692,0,0,0,0,0,0,0.141445360875306,0,0.0597154731853263,0,0.13689078274066,0,0,0,0,0,0,0,0,0.0174853843246238,0,0,0,0,0,0,0,0,0,0.159522345730715,0,0,0,0,0.274075050149319,0,0,0,0,0,0,0,0,0,0,0,0,0,0,0,0,0,0,0,0,0,0,0,0,0,0,0,0,0,0,0,0,0,0,0,0.0280672925241419,0,0,0,0,0.0639763306541005,0,0,0,0,0,0,0,0,0,0,0,0,0,0,0,12.7822838021356,0,0,0,0,0,0,0,0,0,0,0,0,0,0,0,0,0,0,0.840251519236165,0,0,0,0,0,0,0,0,0,0,0,0,0,0,0,0,0,0,1.35466493281077,0,0,0,0,1.07220622884655,0,0,0,0,0,0,0,0,0,0,0,0,0,0,0,0,0,0.0106943604419158,0,0,0,0,0,0,0,0,0,0,0,0,0,0,0,0,0,0,0,0.0055371773089927,0,0,0,0,0,0,0,0.0506950227710542,0,0,0,0,0,0,0,0,0,0,0,0,0,0,0,0,0,0,0,0,0,0,0,0,0,0,0,0,"KIN-00355"
"793",8970,"nSPC",2015,"PRIAs","Pacific Remote Island Areas","Kingman","Kingman",2015,"LagoonMid","Kingman","2015-04-26","Lagoon","Mid",6.39428562,-162.44142755,16.4,21,34,2.5,10,26.5,6,0,0,NA,0.6075,0.320034034521682,1.25,2,1,36.2396426073265,21.055971838783,11.793556626469,7.61234600294959,76.7015170755281,8.56257316042747,0,0,0,0,0,0,0,0,0,0,0,0,0,0,0,0,0.0254647908947033,0,0,0,0,0.00282942121052258,0,0,0,0.00848826363156775,0,0,0,0,0,0,0,0,0,0,0,0,0,0,0,0,0,0,0,0,0,0,0,0,0,0,0,0,0,0,0.00565884242104517,0,0,0,0,0,0,0,0,0,0,0,0,0,0,0,0,0,0,0,0.00282942121052258,0,0,0,0,0,0,0,0,0,0.00565884242104517,0,0,0,0,0,0,0,0,0,0,0.00282942121052258,0,0,0,0,0,0,0,0,0,0,0,0,0,0.0169765272631355,0,0,0,0,0.00565884242104517,0,0,0,0.0282942121052258,0,0,0,0,0,0,0,0,0,0,0,0,0,0,0,0.00282942121052258,0,0,0,0,0,0,0,0.00565884242104517,0,0,0,0,0,0,0,0,0,0,0,0,0,0,0,0,0,0,0,0,0,0.0113176848420903,0,0,0,0,0,0.0990297423682904,0.00848826363156775,0,0,0,0,0,0,0,0,0,0,0.00565884242104517,0,0,0.00282942121052258,0,0.00565884242104517,0,0,0,0,0,0,0.00282942121052258,0.00282942121052258,0,0,0,0,0.00565884242104517,0.138641639315607,0,0,0,0,0.0113176848420903,0,0,0,0,0,0,0,0,0,0,0,0,0,0,0,0,0,0,0,0,0,0,0,0,0,0,0,0,0.0509295817894065,0,0,0,0,0,0,0,0,0,0,0.00565884242104517,0,0,0,0,0,0,0,0,0,0,0,0,0,0,0,0,0,0,0,0,0,0,0,0.00282942121052258,0,0,0,0,0,0,0,0,0,0,0,0,0,0,0,0,0,0,0,0,0,0,0,0,0,0,0.00565884242104517,0,0,0,0,0,0,0,0,0,0,0,0,0,0,0,0,0,0,0,0,0,0,0,0,0,0,0,0,0,0,0,0,0,0,0,0,0,0,0,0.0282942121052258,0,0,0,0,0,0,0,0,0,0,0,0,0,0,0,0,0,0,0,0.00848826363156775,0,0,0,0.00282942121052258,0,0,0,0,0,0,0,0,0,0,0,0,0.0226353696841807,0,0.00848826363156775,0,0,0,0,0,0,0,0,0,0,0,0,0,0,0,0,0,0,0,0,0,0,0,0,0,0,0,0.00565884242104517,0,0,0,0,0,0,0,0,0,0,0,0,0,0,0,0,0,0,0.00282942121052258,0,0,0,0,0,0,0,0,0,0,0,0,0,0,0,0,0,0,0,0,0,0,0.00282942121052258,0.0113176848420903,0,0,0,0,0,0,0.00282942121052258,0,0.00282942121052258,0,0.00282942121052258,0,0,0,0,0,0,0,0,0.00282942121052258,0,0,0,0,0,0,0,0,0,0.0198059484736581,0,0,0,0,0.0452707393683613,0,0,0,0,0,0,0,0,0,0,0,0,0,0,0,0,0,0,0,0,0,0,0,0,0,0,0,0,0,0,0,0,0,0,0,0.0141471060526129,0,0,0,0,0.00848826363156775,0,0,0,0,0,0,0,0,0,0,0,0,0,0,0,0.254647908947033,0,0,0,0,0,0,0,0,0,0,0,0,0,0,0,0,0,0,0.00565884242104517,0,0,0,0,0,0,0,0,0,0,0,0,0,0,0,0,0,0,0.00282942121052258,0,0,0,0,0.00282942121052258,0,0,0,0,0,0,0,0,0,0,0,0,0,0,0,0,0,0.00282942121052258,0,0,0,0,0,0,0,0,0,0,0,0,0,0,0,0,0,0,0,0.0113176848420903,0,0,0,0,0,0,0,0.0141471060526129,0,0,0,0,0,0,0,0,0,0,0,0,0,0,0,0,0,0,0,0,0,0,0,0,0,0,0,0,0,0,0,0,0,1.11143881010689,0,0,0,0,0.393396000525706,0,0,0,0.285325342537882,0,0,0,0,0,0,0,0,0,0,0,0,0,0,0,0,0,0,0,0,0,0,0,0,0,0,0,0,0,0,0.946229188329015,0,0,0,0,0,0,0,0,0,0,0,0,0,0,0,0,0,0,0,0.474639722654202,0,0,0,0,0,0,0,0,0,0.836499694023231,0,0,0,0,0,0,0,0,0,0,0.455427689599493,0,0,0,0,0,0,0,0,0,0,0,0,0,4.17829587680455,0,0,0,0,1.95772346774308,0,0,0,0.167148810603254,0,0,0,0,0,0,0,0,0,0,0,0,0,0,0,0.32023041145109,0,0,0,0,0,0,0,0.399942920496372,0,0,0,0,0,0,0,0,0,0,0,0,0,0,0,0,0,0,0,0,0,0.282824445168697,0,0,0,0,0,0.410035760639238,5.68027430917066,0,0,0,0,0,0,0,0,0,0,0.0839086681378492,0,0,0.0817502926299197,0,0.358222584828211,0,0,0,0,0,0,0.267016246208585,0.0901485429108371,0,0,0,0,0.152437222371458,0.169503834111503,0,0,0,0,0.0947647199102797,0,0,0,0,0,0,0,0,0,0,0,0,0,0,0,0,0,0,0,0,0,0,0,0,0,0,0,0,1.54830548436373,0,0,0,0,0,0,0,0,0,0,0.0140248404102239,0,0,0,0,0,0,0,0,0,0,0,0,0,0,0,0,0,0,0,0,0,0,0,0.153481897719969,0,0,0,0,0,0,0,0,0,0,0,0,0,0,0,0,0,0,0,0,0,0,0,0,0,0,0.202824122516943,0,0,0,0,0,0,0,0,0,0,0,0,0,0,0,0,0,0,0,0,0,0,0,0,0,0,0,0,0,0,0,0,0,0,0,0,0,0,0,1.75814518591028,0,0,0,0,0,0,0,0,0,0,0,0,0,0,0,0,0,0,0,0.0682540730613968,0,0,0,0.00785111761276115,0,0,0,0,0,0,0,0,0,0,0,0,32.4917027849622,0,2.69901451513106,0,0,0,0,0,0,0,0,0,0,0,0,0,0,0,0,0,0,0,0,0,0,0,0,0,0,0,0.3393575189195,0,0,0,0,0,0,0,0,0,0,0,0,0,0,0,0,0,0,0.735873334926331,0,0,0,0,0,0,0,0,0,0,0,0,0,0,0,0,0,0,0,0,0,0,0.382311393965811,0.105675181330692,0,0,0,0,0,0,0.141445360875306,0,0.0597154731853263,0,0.13689078274066,0,0,0,0,0,0,0,0,0.0174853843246238,0,0,0,0,0,0,0,0,0,0.159522345730715,0,0,0,0,0.274075050149319,0,0,0,0,0,0,0,0,0,0,0,0,0,0,0,0,0,0,0,0,0,0,0,0,0,0,0,0,0,0,0,0,0,0,0,0.0280672925241419,0,0,0,0,0.0639763306541005,0,0,0,0,0,0,0,0,0,0,0,0,0,0,0,12.7822838021356,0,0,0,0,0,0,0,0,0,0,0,0,0,0,0,0,0,0,0.840251519236165,0,0,0,0,0,0,0,0,0,0,0,0,0,0,0,0,0,0,1.35466493281077,0,0,0,0,1.07220622884655,0,0,0,0,0,0,0,0,0,0,0,0,0,0,0,0,0,0.0106943604419158,0,0,0,0,0,0,0,0,0,0,0,0,0,0,0,0,0,0,0,0.0055371773089927,0,0,0,0,0,0,0,0.0506950227710542,0,0,0,0,0,0,0,0,0,0,0,0,0,0,0,0,0,79.74840145,74.48570124,75.34460129,75.58600129,91.27460157,88.80830155,88.64390156,89.40860154,98.90630173,117.1952021,81.3266014,"KIN-00355"
"794",8978,"nSPC",2015,"PRIAs","Pacific Remote Island Areas","Kingman","Kingman",2015,"LagoonDeep","Kingman","2015-04-27","Lagoon","Deep",6.40241222,-162.41926739,23.1,15,17.5,4,15,42.5,6,0,0,NA,0.64125,0.472680099029926,1.6,2,1,47.2434724532532,0.0814773166903455,15.5645056596271,4.34285656918843,67.2323119987591,10.741177403078,0,0,0,0,0,0,0,0,0,0,0,0,0,0,0,0,0.0367824757367936,0,0,0,0,0,0,0,0,0,0,0,0,0,0,0,0,0,0,0,0,0,0,0,0,0,0,0,0,0,0,0,0,0,0.0169765272631355,0,0,0,0,0,0.0169765272631355,0,0,0,0,0,0,0,0,0,0,0,0,0,0,0,0,0,0,0,0.00282942121052258,0,0,0,0,0,0,0,0,0,0.00565884242104517,0,0,0,0,0,0,0,0,0,0,0,0,0,0,0,0,0,0,0,0,0,0,0,0,0,0,0,0,0,0.0169765272631355,0,0,0,0.0113176848420903,0,0,0,0,0,0,0,0,0,0,0,0,0,0,0,0.00565884242104517,0,0,0,0,0,0,0,0,0,0,0,0,0,0,0,0,0,0,0,0,0,0,0,0,0,0,0,0,0,0,0,0,0,0,0,0.0565884242104517,0.00565884242104517,0,0,0,0,0,0,0,0,0,0,0,0,0,0,0,0,0,0,0,0,0,0,0,0,0,0,0,0,0,0,0,0,0,0,0.00282942121052258,0,0,0,0,0,0,0,0,0,0,0,0,0,0,0,0,0,0,0,0,0,0,0,0,0,0,0,0,0.0396118969473162,0,0,0.00565884242104517,0,0,0,0,0,0,0,0,0,0,0,0,0,0,0,0,0,0,0,0,0,0,0,0,0,0,0,0,0,0,0,0.00282942121052258,0,0,0,0,0,0,0,0,0,0,0,0,0,0,0,0,0,0,0,0,0,0,0,0,0,0,0,0,0,0,0,0,0,0,0,0,0,0,0,0,0,0,0,0,0,0,0.00282942121052258,0,0,0,0,0,0,0,0,0,0,0,0,0,0,0,0,0,0,0,0,0,0,0,0,0,0,0,0,0,0,0,0,0,0,0,0,0,0,0,0,0,0,0,0,0,0,0,0,0,0,0,0,0,0,0,0,0.0169765272631355,0,0.00282942121052258,0,0,0,0,0,0,0,0,0,0,0,0,0,0,0,0,0,0,0,0,0,0,0,0,0,0,0,0,0,0,0,0,0,0,0,0,0,0,0,0,0,0,0,0,0,0,0,0,0,0,0,0,0,0,0.00565884242104517,0,0,0,0,0,0,0,0,0,0,0,0,0,0,0,0,0,0.00282942121052258,0,0,0,0.00565884242104517,0,0,0,0,0,0,0,0,0,0,0,0,0,0,0,0,0,0.00282942121052258,0,0,0,0,0,0,0,0,0,0,0,0,0,0,0,0,0,0,0,0,0,0,0,0,0,0,0,0,0,0,0,0,0,0,0,0,0,0,0,0,0,0,0,0,0,0,0,0,0,0,0,0,0,0,0,0,0,0,0,0,0,0,0,0,0,0,0,0,0,0,0,0,0,0,0,0,0,0,0,0,0,0,0,0,0,0,0,0,0,0,0,0,0,0,0,0,0,0,0,0,0,0,0,0,0,0.00282942121052258,0,0,0,0,0.00848826363156775,0,0,0,0,0,0,0,0,0,0,0,0,0,0,0,0,0,0,0,0,0,0,0,0,0,0,0,0,0,0,0,0,0,0,0,0,0,0,0,0,0,0,0,0,0,0.0113176848420903,0,0,0,0,0,0,0,0,0,0,0,0,0,0,0,0,0,0,0,0,0,0,0,0,0,0,0,0,0,0,0,0,0,2.36572448524384,0,0,0,0,0,0,0,0,0,0,0,0,0,0,0,0,0,0,0,0,0,0,0,0,0,0,0,0,0,0,0,0,0,0.198645740811401,0,0,0,0,0,3.52300289070041,0,0,0,0,0,0,0,0,0,0,0,0,0,0,0,0,0,0,0,0.248286972602325,0,0,0,0,0,0,0,0,0,0.784789625278034,0,0,0,0,0,0,0,0,0,0,0,0,0,0,0,0,0,0,0,0,0,0,0,0,0,0,0,0,0,6.0115203272849,0,0,0,0.0517325886533516,0,0,0,0,0,0,0,0,0,0,0,0,0,0,0,0.484737933036987,0,0,0,0,0,0,0,0,0,0,0,0,0,0,0,0,0,0,0,0,0,0,0,0,0,0,0,0,0,0,0,0,0,0,0,0.0502233582552601,5.68827650927672,0,0,0,0,0,0,0,0,0,0,0,0,0,0,0,0,0,0,0,0,0,0,0,0,0,0,0,0,0,0,0,0,0,0,0.0312539584350854,0,0,0,0,0,0,0,0,0,0,0,0,0,0,0,0,0,0,0,0,0,0,0,0,0,0,0,0,1.78762346485787,0,0,0.618247717794073,0,0,0,0,0,0,0,0,0,0,0,0,0,0,0,0,0,0,0,0,0,0,0,0,0,0,0,0,0,0,0,0.372388196362932,0,0,0,0,0,0,0,0,0,0,0,0,0,0,0,0,0,0,0,0,0,0,0,0,0,0,0,0,0,0,0,0,0,0,0,0,0,0,0,0,0,0,0,0,0,0,0.164690365394844,0,0,0,0,0,0,0,0,0,0,0,0,0,0,0,0,0,0,0,0,0,0,0,0,0,0,0,0,0,0,0,0,0,0,0,0,0,0,0,0,0,0,0,0,0,0,0,0,0,0,0,0,0,0,0,0,37.1198604298196,0,1.35608073118569,0,0,0,0,0,0,0,0,0,0,0,0,0,0,0,0,0,0,0,0,0,0,0,0,0,0,0,0,0,0,0,0,0,0,0,0,0,0,0,0,0,0,0,0,0,0,0,0,0,0,0,0,0,0,0.835131964497846,0,0,0,0,0,0,0,0,0,0,0,0,0,0,0,0,0,0.344770422496462,0,0,0,0.104350872411317,0,0,0,0,0,0,0,0,0,0,0,0,0,0,0,0,0,0.0323698521090901,0,0,0,0,0,0,0,0,0,0,0,0,0,0,0,0,0,0,0,0,0,0,0,0,0,0,0,0,0,0,0,0,0,0,0,0,0,0,0,0,0,0,0,0,0,0,0,0,0,0,0,0,0,0,0,0,0,0,0,0,0,0,0,0,0,0,0,0,0,0,0,0,0,0,0,0,0,0,0,0,0,0,0,0,0,0,0,0,0,0,0,0,0,0,0,0,0,0,0,0,0,0,0,0,0,2.43077109348117,0,0,0,0,2.62212980032011,0,0,0,0,0,0,0,0,0,0,0,0,0,0,0,0,0,0,0,0,0,0,0,0,0,0,0,0,0,0,0,0,0,0,0,0,0,0,0,0,0,0,0,0,0,0.00570269844980827,0,0,0,0,0,0,0,0,0,0,0,0,0,0,0,0,0,0,0,0,0,0,0,0,0,0,0,0,"KIN-00342"
"795",8979,"nSPC",2015,"PRIAs","Pacific Remote Island Areas","Kingman","Kingman",2015,"ForereefMid","Kingman","2015-04-27","Forereef","Mid",6.41245063,-162.43715638,9.25,15,17.5,2.5,7.5,54,3.5,0,0,NA,0.295,0.145498741301343,0.65,2,1,33.5757402286576,5.9025319538597,15.4499092589073,6.9446867634203,61.8728682048449,12.2450972216411,0,0,0,0,0,0,0,0,0,0,0,0,0,0,0,0,0.0226353696841807,0,0,0,0,0,0,0,0,0,0,0,0,0,0,0,0,0,0,0,0,0,0,0,0,0,0,0,0,0,0,0,0,0,0,0,0,0,0,0,0,0,0,0,0,0,0,0,0,0,0,0,0,0,0,0,0,0,0,0,0.00282942121052258,0,0,0,0,0,0,0,0,0,0.00565884242104517,0,0,0,0,0,0,0,0,0,0,0,0,0,0,0,0,0,0,0,0.00282942121052258,0,0,0,0,0,0,0,0,0,0.00565884242104517,0,0,0,0.0113176848420903,0,0,0,0,0,0,0,0,0,0,0,0,0,0,0,0.00565884242104517,0,0,0,0,0,0,0,0,0,0,0,0,0,0,0,0,0,0,0,0,0,0,0,0,0,0,0,0,0,0,0,0,0,0,0,0.0537590029999291,0.0169765272631355,0,0,0,0,0,0,0.00848826363156775,0,0,0,0,0,0,0.00565884242104517,0,0.00565884242104517,0,0,0,0,0,0,0.00282942121052258,0,0,0,0,0,0,1.27323954473516,0,0,0,0,0,0.0226353696841807,0,0,0,0,0,0,0,0,0,0,0,0,0,0,0,0,0,0.00282942121052258,0,0,0,0,0,0,0,0,0,0.00565884242104517,0,0,0.00848826363156775,0,0.00282942121052258,0,0,0,0,0,0.0198059484736581,0,0,0,0,0,0,0,0,0,0,0,0,0,0,0,0,0,0,0,0,0,0,0,0,0,0,0,0,0,0,0,0,0,0,0,0,0,0,0,0,0,0,0,0,0,0,0,0,0,0,0.00282942121052258,0,0,0,0,0,0,0,0,0,0,0,0,0,0,0,0,0,0,0,0,0,0,0,0,0,0.0113176848420903,0,0,0,0,0,0,0,0,0,0,0,0,0,0,0,0,0,0,0,0,0,0,0,0,0,0,0,0,0,0,0,0,0,0.00565884242104517,0,0,0,0,0,0,0,0,0,0,0,0,0,0,0,0,0.0254647908947033,0,0.00565884242104517,0,0,0,0,0,0,0,0,0,0,0.00282942121052258,0,0,0,0.0198059484736581,0,0,0,0,0,0,0,0,0,0,0,0,0,0,0,0,0,0,0,0,0,0,0,0,0,0,0,0,0,0,0,0,0,0,0,0,0,0,0,0,0,0,0,0,0,0,0,0,0,0,0,0,0,0,0.00282942121052258,0.0113176848420903,0,0,0,0,0,0.00282942121052258,0.00282942121052258,0,0,0,0,0,0,0,0,0,0,0,0,0,0,0,0,0,0,0,0,0,0,0.0254647908947033,0,0,0,0,0.0650766878420194,0,0,0,0,0,0,0,0,0,0,0,0,0,0,0,0,0,0,0,0,0,0,0,0,0,0,0,0,0,0,0,0,0,0,0,0,0,0,0,0,0,0,0,0,0,0,0,0,0,0,0,0,0,0,0,0,0,0,0,0,0,0,0,0,0,0,0,0,0,0,0,0,0,0,0,0,0,0,0,0,0,0,0,0,0,0,0,0,0,0,0,0,0,0,0,0,0,0,0,0,0,0,0,0,0,0,0,0,0,0,0,0,0,0,0,0,0,0.0254647908947033,0,0,0,0,0,0,0,0,0,0,0,0,0,0,0,0,0,0,0,0.147129902947174,0,0,0,0,0,0,0,0.0481001605788839,0,0,0,0,0,0,0,0,0,0,0,0,0.00565884242104517,0,0,0,0,0,0,0,0,0,0,0,0,0,0,0,0,0,0,0,0,0.959463319586728,0,0,0,0,0,0,0,0,0,0,0,0,0,0,0,0,0,0,0,0,0,0,0,0,0,0,0,0,0,0,0,0,0,0,0,0,0,0,0,0,0,0,0,0,0,0,0,0,0,0,0,0,0,0,0,0,0,0,0,0.149307035470157,0,0,0,0,0,0,0,0,0,0.96899683490058,0,0,0,0,0,0,0,0,0,0,0,0,0,0,0,0,0,0,0,0.196221545279964,0,0,0,0,0,0,0,0,0,1.300031609889,0,0,0,0.06082505824759,0,0,0,0,0,0,0,0,0,0,0,0,0,0,0,0.39858092106148,0,0,0,0,0,0,0,0,0,0,0,0,0,0,0,0,0,0,0,0,0,0,0,0,0,0,0,0,0,0,0,0,0,0,0,0.106578638157965,12.2450972216411,0,0,0,0,0,0,0.773001861306635,0,0,0,0,0,0,0.217401603926528,0,0.54947018315172,0,0,0,0,0,0,0.267016246208585,0,0,0,0,0,0,2.1023731362667,0,0,0,0,0,0.0549422814659976,0,0,0,0,0,0,0,0,0,0,0,0,0,0,0,0,0,0.260203691424669,0,0,0,0,0,0,0,0,0,0.0314800872659088,0,0,1.70387721274765,0,0.126744701598381,0,0,0,0,0,0.116112565225252,0,0,0,0,0,0,0,0,0,0,0,0,0,0,0,0,0,0,0,0,0,0,0,0,0,0,0,0,0,0,0,0,0,0,0,0,0,0,0,0,0,0,0,0,0,0,0,0,0,0,0.0569174580230593,0,0,0,0,0,0,0,0,0,0,0,0,0,0,0,0,0,0,0,0,0,0,0,0,0,0.0325134450143571,0,0,0,0,0,0,0,0,0,0,0,0,0,0,0,0,0,0,0,0,0,0,0,0,0,0,0,0,0,0,0,0,0,0.0289404263066379,0,0,0,0,0,0,0,0,0,0,0,0,0,0,0,0,31.4141663983636,0,2.60103732004683,0,0,0,0,0,0,0,0,0,0,0.0198950752417895,0,0,0,3.39014378785646,0,0,0,0,0,0,0,0,0,0,0,0,0,0,0,0,0,0,0,0,0,0,0,0,0,0,0,0,0,0,0,0,0,0,0,0,0,0,0,0,0,0,0,0,0,0,0,0,0,0,0,0,0,0,0.161287619329327,0.0661137802288584,0,0,0,0,0,0.0310176353076178,0.27065604470659,0,0,0,0,0,0,0,0,0,0,0,0,0,0,0,0,0,0,0,0,0,0,0.148376623742753,0,0,0,0,0.291508413093528,0,0,0,0,0,0,0,0,0,0,0,0,0,0,0,0,0,0,0,0,0,0,0,0,0,0,0,0,0,0,0,0,0,0,0,0,0,0,0,0,0,0,0,0,0,0,0,0,0,0,0,0,0,0,0,0,0,0,0,0,0,0,0,0,0,0,0,0,0,0,0,0,0,0,0,0,0,0,0,0,0,0,0,0,0,0,0,0,0,0,0,0,0,0,0,0,0,0,0,0,0,0,0,0,0,0,0,0,0,0,0,0,0,0,0,0,0,0.126200112539947,0,0,0,0,0,0,0,0,0,0,0,0,0,0,0,0,0,0,0,0.132381544887325,0,0,0,0,0,0,0,0.165024294451003,0,0,0,0,0,0,0,0,0,0,0,0,0.348962470882616,0,0,0,0,115.4535021,107.4261018,101.9458018,108.8451018,122.7098021,134.9293024,120.1587021,118.6887021,136.2063024,137.4660024,126.2917022,"KIN-00333"
"796",8979,"nSPC",2015,"PRIAs","Pacific Remote Island Areas","Kingman","Kingman",2015,"ForereefMid","Kingman","2015-04-27","Forereef","Mid",6.41245063,-162.43715638,9.25,15,17.5,2.5,7.5,54,3.5,0,0,NA,0.295,0.145498741301343,0.65,2,1,33.5757402286576,5.9025319538597,15.4499092589073,6.9446867634203,61.8728682048449,12.2450972216411,0,0,0,0,0,0,0,0,0,0,0,0,0,0,0,0,0.0226353696841807,0,0,0,0,0,0,0,0,0,0,0,0,0,0,0,0,0,0,0,0,0,0,0,0,0,0,0,0,0,0,0,0,0,0,0,0,0,0,0,0,0,0,0,0,0,0,0,0,0,0,0,0,0,0,0,0,0,0,0,0.00282942121052258,0,0,0,0,0,0,0,0,0,0.00565884242104517,0,0,0,0,0,0,0,0,0,0,0,0,0,0,0,0,0,0,0,0.00282942121052258,0,0,0,0,0,0,0,0,0,0.00565884242104517,0,0,0,0.0113176848420903,0,0,0,0,0,0,0,0,0,0,0,0,0,0,0,0.00565884242104517,0,0,0,0,0,0,0,0,0,0,0,0,0,0,0,0,0,0,0,0,0,0,0,0,0,0,0,0,0,0,0,0,0,0,0,0.0537590029999291,0.0169765272631355,0,0,0,0,0,0,0.00848826363156775,0,0,0,0,0,0,0.00565884242104517,0,0.00565884242104517,0,0,0,0,0,0,0.00282942121052258,0,0,0,0,0,0,1.27323954473516,0,0,0,0,0,0.0226353696841807,0,0,0,0,0,0,0,0,0,0,0,0,0,0,0,0,0,0.00282942121052258,0,0,0,0,0,0,0,0,0,0.00565884242104517,0,0,0.00848826363156775,0,0.00282942121052258,0,0,0,0,0,0.0198059484736581,0,0,0,0,0,0,0,0,0,0,0,0,0,0,0,0,0,0,0,0,0,0,0,0,0,0,0,0,0,0,0,0,0,0,0,0,0,0,0,0,0,0,0,0,0,0,0,0,0,0,0.00282942121052258,0,0,0,0,0,0,0,0,0,0,0,0,0,0,0,0,0,0,0,0,0,0,0,0,0,0.0113176848420903,0,0,0,0,0,0,0,0,0,0,0,0,0,0,0,0,0,0,0,0,0,0,0,0,0,0,0,0,0,0,0,0,0,0.00565884242104517,0,0,0,0,0,0,0,0,0,0,0,0,0,0,0,0,0.0254647908947033,0,0.00565884242104517,0,0,0,0,0,0,0,0,0,0,0.00282942121052258,0,0,0,0.0198059484736581,0,0,0,0,0,0,0,0,0,0,0,0,0,0,0,0,0,0,0,0,0,0,0,0,0,0,0,0,0,0,0,0,0,0,0,0,0,0,0,0,0,0,0,0,0,0,0,0,0,0,0,0,0,0,0.00282942121052258,0.0113176848420903,0,0,0,0,0,0.00282942121052258,0.00282942121052258,0,0,0,0,0,0,0,0,0,0,0,0,0,0,0,0,0,0,0,0,0,0,0.0254647908947033,0,0,0,0,0.0650766878420194,0,0,0,0,0,0,0,0,0,0,0,0,0,0,0,0,0,0,0,0,0,0,0,0,0,0,0,0,0,0,0,0,0,0,0,0,0,0,0,0,0,0,0,0,0,0,0,0,0,0,0,0,0,0,0,0,0,0,0,0,0,0,0,0,0,0,0,0,0,0,0,0,0,0,0,0,0,0,0,0,0,0,0,0,0,0,0,0,0,0,0,0,0,0,0,0,0,0,0,0,0,0,0,0,0,0,0,0,0,0,0,0,0,0,0,0,0,0.0254647908947033,0,0,0,0,0,0,0,0,0,0,0,0,0,0,0,0,0,0,0,0.147129902947174,0,0,0,0,0,0,0,0.0481001605788839,0,0,0,0,0,0,0,0,0,0,0,0,0.00565884242104517,0,0,0,0,0,0,0,0,0,0,0,0,0,0,0,0,0,0,0,0,0.959463319586728,0,0,0,0,0,0,0,0,0,0,0,0,0,0,0,0,0,0,0,0,0,0,0,0,0,0,0,0,0,0,0,0,0,0,0,0,0,0,0,0,0,0,0,0,0,0,0,0,0,0,0,0,0,0,0,0,0,0,0,0.149307035470157,0,0,0,0,0,0,0,0,0,0.96899683490058,0,0,0,0,0,0,0,0,0,0,0,0,0,0,0,0,0,0,0,0.196221545279964,0,0,0,0,0,0,0,0,0,1.300031609889,0,0,0,0.06082505824759,0,0,0,0,0,0,0,0,0,0,0,0,0,0,0,0.39858092106148,0,0,0,0,0,0,0,0,0,0,0,0,0,0,0,0,0,0,0,0,0,0,0,0,0,0,0,0,0,0,0,0,0,0,0,0.106578638157965,12.2450972216411,0,0,0,0,0,0,0.773001861306635,0,0,0,0,0,0,0.217401603926528,0,0.54947018315172,0,0,0,0,0,0,0.267016246208585,0,0,0,0,0,0,2.1023731362667,0,0,0,0,0,0.0549422814659976,0,0,0,0,0,0,0,0,0,0,0,0,0,0,0,0,0,0.260203691424669,0,0,0,0,0,0,0,0,0,0.0314800872659088,0,0,1.70387721274765,0,0.126744701598381,0,0,0,0,0,0.116112565225252,0,0,0,0,0,0,0,0,0,0,0,0,0,0,0,0,0,0,0,0,0,0,0,0,0,0,0,0,0,0,0,0,0,0,0,0,0,0,0,0,0,0,0,0,0,0,0,0,0,0,0.0569174580230593,0,0,0,0,0,0,0,0,0,0,0,0,0,0,0,0,0,0,0,0,0,0,0,0,0,0.0325134450143571,0,0,0,0,0,0,0,0,0,0,0,0,0,0,0,0,0,0,0,0,0,0,0,0,0,0,0,0,0,0,0,0,0,0.0289404263066379,0,0,0,0,0,0,0,0,0,0,0,0,0,0,0,0,31.4141663983636,0,2.60103732004683,0,0,0,0,0,0,0,0,0,0,0.0198950752417895,0,0,0,3.39014378785646,0,0,0,0,0,0,0,0,0,0,0,0,0,0,0,0,0,0,0,0,0,0,0,0,0,0,0,0,0,0,0,0,0,0,0,0,0,0,0,0,0,0,0,0,0,0,0,0,0,0,0,0,0,0,0.161287619329327,0.0661137802288584,0,0,0,0,0,0.0310176353076178,0.27065604470659,0,0,0,0,0,0,0,0,0,0,0,0,0,0,0,0,0,0,0,0,0,0,0.148376623742753,0,0,0,0,0.291508413093528,0,0,0,0,0,0,0,0,0,0,0,0,0,0,0,0,0,0,0,0,0,0,0,0,0,0,0,0,0,0,0,0,0,0,0,0,0,0,0,0,0,0,0,0,0,0,0,0,0,0,0,0,0,0,0,0,0,0,0,0,0,0,0,0,0,0,0,0,0,0,0,0,0,0,0,0,0,0,0,0,0,0,0,0,0,0,0,0,0,0,0,0,0,0,0,0,0,0,0,0,0,0,0,0,0,0,0,0,0,0,0,0,0,0,0,0,0,0.126200112539947,0,0,0,0,0,0,0,0,0,0,0,0,0,0,0,0,0,0,0,0.132381544887325,0,0,0,0,0,0,0,0.165024294451003,0,0,0,0,0,0,0,0,0,0,0,0,0.348962470882616,0,0,0,0,0,0,0,0,0,0,0,0,0,0,0,"KIN-00333"
"797",8980,"nSPC",2015,"PRIAs","Pacific Remote Island Areas","Kingman","Kingman",2015,"LagoonDeep","Kingman","2015-04-27","Lagoon","Deep",6.41265105,-162.42800997,24.4,15,20,1,12.5,42.5,9,0,0,NA,0.55625,0.334622838780292,1.25,2,1,35.7458996707902,15.9522804882905,24.8269283904451,9.88444865855357,86.4095572080794,17.950064593062,0,0,0,0,0,0,0,0,0,0,0,0,0,0.00565884242104517,0,0,0.033953054526271,0,0,0,0,0.00282942121052258,0,0,0,0,0,0,0,0,0.00282942121052258,0,0,0,0,0,0,0,0,0,0,0,0,0,0,0,0,0,0,0,0,0,0,0,0,0,0.00282942121052258,0,0,0,0,0,0,0,0,0,0,0,0,0,0,0,0,0,0,0,0.00565884242104517,0,0,0,0,0,0,0,0,0,0.00565884242104517,0,0,0,0,0,0,0,0,0,0,0,0,0,0,0,0,0,0,0,0,0,0,0,0,0,0,0,0,0,0.00848826363156775,0,0,0,0.0198059484736581,0,0,0,0,0,0,0,0,0,0,0,0,0,0,0,0.0141471060526129,0,0,0,0,0,0,0,0,0,0,0,0,0,0,0,0,0,0,0,0,0,0,0,0,0,0,0,0,0,0,0,0,0,0,0,0.158447587789265,0.00848826363156775,0,0,0,0,0,0,0.00848826363156775,0,0,0,0.0198059484736581,0,0,0,0,0,0,0.00565884242104517,0,0,0,0,0,0,0,0,0,0,0,0,0,0,0,0,0.0282942121052258,0,0,0,0,0,0,0,0,0,0,0,0,0,0,0,0,0,0,0,0,0,0,0,0,0.00282942121052258,0,0,0,0.0311236333157484,0,0,0.00565884242104517,0,0,0,0,0,0,0,0.0113176848420903,0,0,0,0,0,0,0,0,0,0,0,0,0,0,0,0,0,0,0,0,0,0,0,0,0,0,0,0,0,0,0,0,0,0,0,0,0,0,0,0,0,0,0,0,0,0,0,0,0,0,0,0,0,0,0,0,0,0,0,0,0,0,0,0,0,0,0,0,0,0,0.00282942121052258,0,0,0,0,0,0,0,0,0,0,0,0,0,0,0,0,0,0,0,0,0,0,0,0,0,0,0,0,0,0,0,0,0,0,0,0,0,0,0,0,0,0,0,0,0,0,0,0,0,0.00282942121052258,0,0,0,0,0,0,0.0226353696841807,0,0.00565884242104517,0,0,0,0,0,0,0,0,0,0,0,0,0,0,0.00282942121052258,0.00282942121052258,0,0,0,0,0,0,0,0,0,0,0,0,0,0,0,0,0,0,0,0,0,0,0.00848826363156775,0,0,0,0,0,0,0,0.0141471060526129,0,0,0,0,0,0,0,0,0,0,0,0,0,0,0,0,0,0,0,0,0,0,0,0,0,0,0,0,0,0.00565884242104517,0,0,0,0,0.00282942121052258,0,0,0,0,0,0,0,0,0,0,0,0,0,0,0,0,0,0,0.00282942121052258,0,0,0,0,0.0141471060526129,0,0,0,0,0,0,0,0,0,0,0,0,0,0,0,0,0,0,0,0,0,0,0,0,0,0,0,0,0,0,0,0,0,0,0,0,0,0,0,0,0.00848826363156775,0,0,0,0,0,0,0,0,0,0,0,0,0,0,0,0,0,0,0,0,0,0,0,0,0,0,0,0,0,0,0,0,0,0,0,0,0,0,0,0,0,0,0,0,0,0,0,0,0,0,0,0,0,0.00565884242104517,0,0,0,0,0,0,0,0,0,0,0,0,0,0,0,0,0,0,0,0,0,0,0,0,0,0,0,0,0,0,0,0,0,0,0,0,0,0,0,0,0,0,0,0,0,0,0,0,0,0,0,0,0,0,0,0,0,0,0,0,0,0,0,0.00565884242104517,0,0,0,0,0,0,0,0,0,0,0,0,0,0,0,0,0,1.01111209462378,0,0,2.64841402224977,0,0,0,0,0.468452961248233,0,0,0,0,0,0,0,0,0.39838250644158,0,0,0,0,0,0,0,0,0,0,0,0,0,0,0,0,0,0,0,0,0,0,0,0,0,0.173262437247561,0,0,0,0,0,0,0,0,0,0,0,0,0,0,0,0,0,0,0,0.86202317477554,0,0,0,0,0,0,0,0,0,0.934978459687586,0,0,0,0,0,0,0,0,0,0,0,0,0,0,0,0,0,0,0,0,0,0,0,0,0,0,0,0,0,4.32329619703561,0,0,0,0.0956649476710831,0,0,0,0,0,0,0,0,0,0,0,0,0,0,0,2.03805557928165,0,0,0,0,0,0,0,0,0,0,0,0,0,0,0,0,0,0,0,0,0,0,0,0,0,0,0,0,0,0,0,0,0,0,0,0.350395522711117,7.77581581336798,0,0,0,0,0,0,0.581754262983126,0,0,0,0.378770665476971,0,0,0,0,0,0,3.63503596945869,0,0,0,0,0,0,0,0,0,0,0,0,0,0,0,0,0.171821688685177,0,0,0,0,0,0,0,0,0,0,0,0,0,0,0,0,0,0,0,0,0,0,0,0,0.1040873327821,0,0,0,1.54267380241386,0,0,0.723162517055057,0,0,0,0,0,0,0,0.0436927647959474,0,0,0,0,0,0,0,0,0,0,0,0,0,0,0,0,0,0,0,0,0,0,0,0,0,0,0,0,0,0,0,0,0,0,0,0,0,0,0,0,0,0,0,0,0,0,0,0,0,0,0,0,0,0,0,0,0,0,0,0,0,0,0,0,0,0,0,0,0,0,0.109390817412507,0,0,0,0,0,0,0,0,0,0,0,0,0,0,0,0,0,0,0,0,0,0,0,0,0,0,0,0,0,0,0,0,0,0,0,0,0,0,0,0,0,0,0,0,0,0,0,0,0,2.10163404404237,0,0,0,0,0,0,29.0563246516945,0,3.81867929947621,0,0,0,0,0,0,0,0,0,0,0,0,0,0,0.312297147030625,0.387383452121338,0,0,0,0,0,0,0,0,0,0,0,0,0,0,0,0,0,0,0,0,0,0,5.26865571530319,0,0,0,0,0,0,0,9.80541764976447,0,0,0,0,0,0,0,0,0,0,0,0,0,0,0,0,0,0,0,0,0,0,0,0,0,0,0,0,0,0.154960805530792,0,0,0,0,0.0864626346146619,0,0,0,0,0,0,0,0,0,0,0,0,0,0,0,0,0,0,0.0144052111636416,0,0,0,0,0.0494505503393592,0,0,0,0,0,0,0,0,0,0,0,0,0,0,0,0,0,0,0,0,0,0,0,0,0,0,0,0,0,0,0,0,0,0,0,0,0,0,0,0,0.0954672284752958,0,0,0,0,0,0,0,0,0,0,0,0,0,0,0,0,0,0,0,0,0,0,0,0,0,0,0,0,0,0,0,0,0,0,0,0,0,0,0,0,0,0,0,0,0,0,0,0,0,0,0,0,0,6.53921281023535,0,0,0,0,0,0,0,0,0,0,0,0,0,0,0,0,0,0,0,0,0,0,0,0,0,0,0,0,0,0,0,0,0,0,0,0,0,0,0,0,0,0,0,0,0,0,0,0,0,0,0,0,0,0,0,0,0,0,0,0,0,0,0,0.348962470882616,0,0,0,0,130.0228023,123.9547021,116.241402,121.6863021,129.2378022,141.9599025,129.0642022,127.8601022,143.1606025,140.8749025,134.4755024,"KIN-00344"
"798",8980,"nSPC",2015,"PRIAs","Pacific Remote Island Areas","Kingman","Kingman",2015,"LagoonDeep","Kingman","2015-04-27","Lagoon","Deep",6.41265105,-162.42800997,24.4,15,20,1,12.5,42.5,9,0,0,NA,0.55625,0.334622838780292,1.25,2,1,35.7458996707902,15.9522804882905,24.8269283904451,9.88444865855357,86.4095572080794,17.950064593062,0,0,0,0,0,0,0,0,0,0,0,0,0,0.00565884242104517,0,0,0.033953054526271,0,0,0,0,0.00282942121052258,0,0,0,0,0,0,0,0,0.00282942121052258,0,0,0,0,0,0,0,0,0,0,0,0,0,0,0,0,0,0,0,0,0,0,0,0,0,0.00282942121052258,0,0,0,0,0,0,0,0,0,0,0,0,0,0,0,0,0,0,0,0.00565884242104517,0,0,0,0,0,0,0,0,0,0.00565884242104517,0,0,0,0,0,0,0,0,0,0,0,0,0,0,0,0,0,0,0,0,0,0,0,0,0,0,0,0,0,0.00848826363156775,0,0,0,0.0198059484736581,0,0,0,0,0,0,0,0,0,0,0,0,0,0,0,0.0141471060526129,0,0,0,0,0,0,0,0,0,0,0,0,0,0,0,0,0,0,0,0,0,0,0,0,0,0,0,0,0,0,0,0,0,0,0,0.158447587789265,0.00848826363156775,0,0,0,0,0,0,0.00848826363156775,0,0,0,0.0198059484736581,0,0,0,0,0,0,0.00565884242104517,0,0,0,0,0,0,0,0,0,0,0,0,0,0,0,0,0.0282942121052258,0,0,0,0,0,0,0,0,0,0,0,0,0,0,0,0,0,0,0,0,0,0,0,0,0.00282942121052258,0,0,0,0.0311236333157484,0,0,0.00565884242104517,0,0,0,0,0,0,0,0.0113176848420903,0,0,0,0,0,0,0,0,0,0,0,0,0,0,0,0,0,0,0,0,0,0,0,0,0,0,0,0,0,0,0,0,0,0,0,0,0,0,0,0,0,0,0,0,0,0,0,0,0,0,0,0,0,0,0,0,0,0,0,0,0,0,0,0,0,0,0,0,0,0,0.00282942121052258,0,0,0,0,0,0,0,0,0,0,0,0,0,0,0,0,0,0,0,0,0,0,0,0,0,0,0,0,0,0,0,0,0,0,0,0,0,0,0,0,0,0,0,0,0,0,0,0,0,0.00282942121052258,0,0,0,0,0,0,0.0226353696841807,0,0.00565884242104517,0,0,0,0,0,0,0,0,0,0,0,0,0,0,0.00282942121052258,0.00282942121052258,0,0,0,0,0,0,0,0,0,0,0,0,0,0,0,0,0,0,0,0,0,0,0.00848826363156775,0,0,0,0,0,0,0,0.0141471060526129,0,0,0,0,0,0,0,0,0,0,0,0,0,0,0,0,0,0,0,0,0,0,0,0,0,0,0,0,0,0.00565884242104517,0,0,0,0,0.00282942121052258,0,0,0,0,0,0,0,0,0,0,0,0,0,0,0,0,0,0,0.00282942121052258,0,0,0,0,0.0141471060526129,0,0,0,0,0,0,0,0,0,0,0,0,0,0,0,0,0,0,0,0,0,0,0,0,0,0,0,0,0,0,0,0,0,0,0,0,0,0,0,0,0.00848826363156775,0,0,0,0,0,0,0,0,0,0,0,0,0,0,0,0,0,0,0,0,0,0,0,0,0,0,0,0,0,0,0,0,0,0,0,0,0,0,0,0,0,0,0,0,0,0,0,0,0,0,0,0,0,0.00565884242104517,0,0,0,0,0,0,0,0,0,0,0,0,0,0,0,0,0,0,0,0,0,0,0,0,0,0,0,0,0,0,0,0,0,0,0,0,0,0,0,0,0,0,0,0,0,0,0,0,0,0,0,0,0,0,0,0,0,0,0,0,0,0,0,0.00565884242104517,0,0,0,0,0,0,0,0,0,0,0,0,0,0,0,0,0,1.01111209462378,0,0,2.64841402224977,0,0,0,0,0.468452961248233,0,0,0,0,0,0,0,0,0.39838250644158,0,0,0,0,0,0,0,0,0,0,0,0,0,0,0,0,0,0,0,0,0,0,0,0,0,0.173262437247561,0,0,0,0,0,0,0,0,0,0,0,0,0,0,0,0,0,0,0,0.86202317477554,0,0,0,0,0,0,0,0,0,0.934978459687586,0,0,0,0,0,0,0,0,0,0,0,0,0,0,0,0,0,0,0,0,0,0,0,0,0,0,0,0,0,4.32329619703561,0,0,0,0.0956649476710831,0,0,0,0,0,0,0,0,0,0,0,0,0,0,0,2.03805557928165,0,0,0,0,0,0,0,0,0,0,0,0,0,0,0,0,0,0,0,0,0,0,0,0,0,0,0,0,0,0,0,0,0,0,0,0.350395522711117,7.77581581336798,0,0,0,0,0,0,0.581754262983126,0,0,0,0.378770665476971,0,0,0,0,0,0,3.63503596945869,0,0,0,0,0,0,0,0,0,0,0,0,0,0,0,0,0.171821688685177,0,0,0,0,0,0,0,0,0,0,0,0,0,0,0,0,0,0,0,0,0,0,0,0,0.1040873327821,0,0,0,1.54267380241386,0,0,0.723162517055057,0,0,0,0,0,0,0,0.0436927647959474,0,0,0,0,0,0,0,0,0,0,0,0,0,0,0,0,0,0,0,0,0,0,0,0,0,0,0,0,0,0,0,0,0,0,0,0,0,0,0,0,0,0,0,0,0,0,0,0,0,0,0,0,0,0,0,0,0,0,0,0,0,0,0,0,0,0,0,0,0,0,0.109390817412507,0,0,0,0,0,0,0,0,0,0,0,0,0,0,0,0,0,0,0,0,0,0,0,0,0,0,0,0,0,0,0,0,0,0,0,0,0,0,0,0,0,0,0,0,0,0,0,0,0,2.10163404404237,0,0,0,0,0,0,29.0563246516945,0,3.81867929947621,0,0,0,0,0,0,0,0,0,0,0,0,0,0,0.312297147030625,0.387383452121338,0,0,0,0,0,0,0,0,0,0,0,0,0,0,0,0,0,0,0,0,0,0,5.26865571530319,0,0,0,0,0,0,0,9.80541764976447,0,0,0,0,0,0,0,0,0,0,0,0,0,0,0,0,0,0,0,0,0,0,0,0,0,0,0,0,0,0.154960805530792,0,0,0,0,0.0864626346146619,0,0,0,0,0,0,0,0,0,0,0,0,0,0,0,0,0,0,0.0144052111636416,0,0,0,0,0.0494505503393592,0,0,0,0,0,0,0,0,0,0,0,0,0,0,0,0,0,0,0,0,0,0,0,0,0,0,0,0,0,0,0,0,0,0,0,0,0,0,0,0,0.0954672284752958,0,0,0,0,0,0,0,0,0,0,0,0,0,0,0,0,0,0,0,0,0,0,0,0,0,0,0,0,0,0,0,0,0,0,0,0,0,0,0,0,0,0,0,0,0,0,0,0,0,0,0,0,0,6.53921281023535,0,0,0,0,0,0,0,0,0,0,0,0,0,0,0,0,0,0,0,0,0,0,0,0,0,0,0,0,0,0,0,0,0,0,0,0,0,0,0,0,0,0,0,0,0,0,0,0,0,0,0,0,0,0,0,0,0,0,0,0,0,0,0,0.348962470882616,0,0,0,0,0,0,0,0,0,0,0,0,0,0,0,"KIN-00344"
"799",8981,"nSPC",2015,"PRIAs","Pacific Remote Island Areas","Kingman","Kingman",2015,"ForereefMid","Kingman","2015-04-27","Forereef","Mid",6.39253657,-162.46092268,19.65,22.5,25,2,6.5,37.5,6.5,0,0,NA,0.5975,0.481879192702216,1.5,2,1,35.6396425093553,25.8693662054088,15.0481385647315,7.10200586670731,83.6591531462028,10.8976220936973,0,0,0,0,0,0,0,0,0,0,0,0,0,0.00282942121052258,0,0,0.0282942121052258,0,0,0,0,0,0,0,0,0.0198059484736581,0,0,0,0,0,0,0,0,0,0,0,0,0,0,0,0,0,0,0,0,0,0,0,0,0.00848826363156775,0,0,0,0,0,0,0,0,0,0,0,0,0,0,0,0,0,0,0,0,0,0,0,0,0,0.00565884242104517,0,0,0,0,0,0,0,0,0,0.0113176848420903,0,0,0,0,0,0,0,0,0,0,0,0,0,0,0,0,0,0,0,0,0,0,0,0,0.0707355302630646,0,0,0,0,0.00848826363156775,0,0,0,0.0311236333157484,0,0,0,0,0,0,0,0,0,0,0,0,0,0,0,0.00848826363156775,0,0,0,0,0,0,0,0.00282942121052258,0,0,0,0,0,0,0,0,0,0,0,0,0,0,0,0,0,0,0,0,0,0.00565884242104517,0,0,0,0,0,0.149959324157697,0.00848826363156775,0,0,0,0,0,0,0.00848826363156775,0,0,0,0.0169765272631355,0,0,0,0,0,0,0.00565884242104517,0,0,0,0,0,0,0,0,0,0,0,0.33953054526271,0,0,0,0,0.0169765272631355,0,0,0,0,0,0,0,0,0,0,0,0,0,0,0,0,0,0,0,0,0,0,0,0,0.00282942121052258,0,0,0,0.0509295817894065,0,0,0.00565884242104517,0,0,0,0,0,0,0,0.0396118969473162,0,0,0,0,0,0,0,0,0,0,0,0,0,0,0,0,0,0,0,0,0,0,0,0,0,0,0,0,0,0,0,0,0,0,0,0,0,0,0,0,0,0,0,0,0,0,0,0,0,0,0,0,0,0,0,0,0,0,0,0,0.00282942121052258,0,0,0,0,0,0,0,0,0,0.00282942121052258,0,0,0,0,0,0.0141471060526129,0,0,0,0,0,0,0,0,0,0,0,0,0,0,0,0,0,0,0,0,0,0,0,0,0,0,0,0,0,0,0,0,0.00282942121052258,0.00282942121052258,0,0,0,0.00282942121052258,0,0,0,0,0,0,0,0,0,0,0,0,0.0198059484736581,0,0.00565884242104517,0,0,0,0,0,0,0,0,0,0,0.0141471060526129,0,0,0,0.0169765272631355,0,0.00282942121052258,0,0,0,0,0,0,0,0,0,0,0.00565884242104517,0,0,0,0,0,0,0,0,0,0,0,0,0,0,0,0,0,0,0.00282942121052258,0,0,0,0,0,0,0,0,0,0,0,0,0,0,0,0,0,0,0,0,0,0,0,0.00282942121052258,0,0,0,0,0,0.00565884242104517,0,0,0,0,0,0,0,0,0,0,0,0,0,0,0,0,0,0,0,0,0,0,0,0.00565884242104517,0,0,0,0,0.0452707393683613,0,0,0,0,0,0,0,0,0,0,0,0,0,0,0,0,0,0,0,0,0,0,0,0,0,0,0,0,0,0,0,0,0,0,0,0,0,0,0,0,0.00282942121052258,0.0254647908947033,0,0,0,0,0,0,0,0,0,0,0,0,0,0,0,0,0,0,0,0,0,0,0,0,0,0,0,0,0,0,0,0,0,0,0,0,0,0,0,0,0,0,0,0,0,0,0,0,0,0,0,0,0,0,0,0,0,0,0,0,0,0,0,0,0,0,0,0,0,0,0,0,0,0,0,0.0113176848420903,0,0,0,0,0,0,0,0,0,0,0,0,0,0,0,0,0,0,0,0.0367824757367936,0,0,0,0,0,0,0,0.00848826363156775,0,0,0,0,0,0,0,0,0,0,0,0,0,0,0,0,0,0,0,0,0,0,0,0,0,0,0,0,0,0,0.461617396886538,0,0,0.850393103405209,0,0,0,0,0,0,0,0,0.97316244883198,0,0,0,0,0,0,0,0,0,0,0,0,0,0,0,0,0,0,0,0,0,0,0,0,0.0658825070027763,0,0,0,0,0,0,0,0,0,0,0,0,0,0,0,0,0,0,0,0,0,0,0,0,0,0.536690487591495,0,0,0,0,0,0,0,0,0,1.48598616179063,0,0,0,0,0,0,0,0,0,0,0,0,0,0,0,0,0,0,0,0,0,0,0,0,16.1562973647236,0,0,0,0,1.30502314992662,0,0,0,0.186928997577182,0,0,0,0,0,0,0,0,0,0,0,0,0,0,0,0.504959600431105,0,0,0,0,0,0,0,0.243078675390366,0,0,0,0,0,0,0,0,0,0,0,0,0,0,0,0,0,0,0,0,0,0.163500585259839,0,0,0,0,0,0.265132612184745,10.4703622317848,0,0,0,0,0,0,0.631220475781639,0,0,0,0.203323395619367,0,0,0,0,0,0,0.427259861912503,0,0,0,0,0,0,0,0,0,0,0,0.466099044273017,0,0,0,0,0.141173002830589,0,0,0,0,0,0,0,0,0,0,0,0,0,0,0,0,0,0,0,0,0,0,0,0,0.0105783570797808,0,0,0,1.49405547063471,0,0,1.08479319220022,0,0,0,0,0,0,0,0.337435886600037,0,0,0,0,0,0,0,0,0,0,0,0,0,0,0,0,0,0,0,0,0,0,0,0,0,0,0,0,0,0,0,0,0,0,0,0,0,0,0,0,0,0,0,0,0,0,0,0,0,0,0,0,0,0,0,0,0,0,0,0,13.5838382596687,0,0,0,0,0,0,0,0,0,0.0682112336509005,0,0,0,0,0,0.056070640128926,0,0,0,0,0,0,0,0,0,0,0,0,0,0,0,0,0,0,0,0,0,0,0,0,0,0,0,0,0,0,0,0,0.0119901315272546,0.0136985311808475,0,0,0,0.0027012170491327,0,0,0,0,0,0,0,0,0,0,0,0,20.1525047960999,0,2.24801869958934,0,0,0,0,0,0,0,0,0,0,0.234274661520665,0,0,0,4.32939361840642,0,1.07983864398743,0,0,0,0,0,0,0,0,0,0,0.431081561725989,0,0,0,0,0,0,0,0,0,0,0,0,0,0,0,0,0,0,2.50805857274212,0,0,0,0,0,0,0,0,0,0,0,0,0,0,0,0,0,0,0,0,0,0,0,0.0204346147065911,0,0,0,0,0,0.0933167032289361,0,0,0,0,0,0,0,0,0,0,0,0,0,0,0,0,0,0,0,0,0,0,0,0.0288104223272832,0,0,0,0,0.128295183428814,0,0,0,0,0,0,0,0,0,0,0,0,0,0,0,0,0,0,0,0,0,0,0,0,0,0,0,0,0,0,0,0,0,0,0,0,0,0,0,0,0.0181534692942321,0.0885968028039094,0,0,0,0,0,0,0,0,0,0,0,0,0,0,0,0,0,0,0,0,0,0,0,0,0,0,0,0,0,0,0,0,0,0,0,0,0,0,0,0,0,0,0,0,0,0,0,0,0,0,0,0,0,0,0,0,0,0,0,0,0,0,0,0,0,0,0,0,0,0,0,0,0,0,0,0.0727283103303679,0,0,0,0,0,0,0,0,0,0,0,0,0,0,0,0,0,0,0,0.00943470502648756,0,0,0,0,0,0,0,0.014748358059849,0,0,0,0,0,0,0,0,0,0,0,0,0,0,0,0,0,0,0,0,0,0,0,0,0,0,0,0,"KIN-00327"
"800",8981,"nSPC",2015,"PRIAs","Pacific Remote Island Areas","Kingman","Kingman",2015,"ForereefMid","Kingman","2015-04-27","Forereef","Mid",6.39253657,-162.46092268,19.65,22.5,25,2,6.5,37.5,6.5,0,0,NA,0.5975,0.481879192702216,1.5,2,1,35.6396425093553,25.8693662054088,15.0481385647315,7.10200586670731,83.6591531462028,10.8976220936973,0,0,0,0,0,0,0,0,0,0,0,0,0,0.00282942121052258,0,0,0.0282942121052258,0,0,0,0,0,0,0,0,0.0198059484736581,0,0,0,0,0,0,0,0,0,0,0,0,0,0,0,0,0,0,0,0,0,0,0,0,0.00848826363156775,0,0,0,0,0,0,0,0,0,0,0,0,0,0,0,0,0,0,0,0,0,0,0,0,0,0.00565884242104517,0,0,0,0,0,0,0,0,0,0.0113176848420903,0,0,0,0,0,0,0,0,0,0,0,0,0,0,0,0,0,0,0,0,0,0,0,0,0.0707355302630646,0,0,0,0,0.00848826363156775,0,0,0,0.0311236333157484,0,0,0,0,0,0,0,0,0,0,0,0,0,0,0,0.00848826363156775,0,0,0,0,0,0,0,0.00282942121052258,0,0,0,0,0,0,0,0,0,0,0,0,0,0,0,0,0,0,0,0,0,0.00565884242104517,0,0,0,0,0,0.149959324157697,0.00848826363156775,0,0,0,0,0,0,0.00848826363156775,0,0,0,0.0169765272631355,0,0,0,0,0,0,0.00565884242104517,0,0,0,0,0,0,0,0,0,0,0,0.33953054526271,0,0,0,0,0.0169765272631355,0,0,0,0,0,0,0,0,0,0,0,0,0,0,0,0,0,0,0,0,0,0,0,0,0.00282942121052258,0,0,0,0.0509295817894065,0,0,0.00565884242104517,0,0,0,0,0,0,0,0.0396118969473162,0,0,0,0,0,0,0,0,0,0,0,0,0,0,0,0,0,0,0,0,0,0,0,0,0,0,0,0,0,0,0,0,0,0,0,0,0,0,0,0,0,0,0,0,0,0,0,0,0,0,0,0,0,0,0,0,0,0,0,0,0.00282942121052258,0,0,0,0,0,0,0,0,0,0.00282942121052258,0,0,0,0,0,0.0141471060526129,0,0,0,0,0,0,0,0,0,0,0,0,0,0,0,0,0,0,0,0,0,0,0,0,0,0,0,0,0,0,0,0,0.00282942121052258,0.00282942121052258,0,0,0,0.00282942121052258,0,0,0,0,0,0,0,0,0,0,0,0,0.0198059484736581,0,0.00565884242104517,0,0,0,0,0,0,0,0,0,0,0.0141471060526129,0,0,0,0.0169765272631355,0,0.00282942121052258,0,0,0,0,0,0,0,0,0,0,0.00565884242104517,0,0,0,0,0,0,0,0,0,0,0,0,0,0,0,0,0,0,0.00282942121052258,0,0,0,0,0,0,0,0,0,0,0,0,0,0,0,0,0,0,0,0,0,0,0,0.00282942121052258,0,0,0,0,0,0.00565884242104517,0,0,0,0,0,0,0,0,0,0,0,0,0,0,0,0,0,0,0,0,0,0,0,0.00565884242104517,0,0,0,0,0.0452707393683613,0,0,0,0,0,0,0,0,0,0,0,0,0,0,0,0,0,0,0,0,0,0,0,0,0,0,0,0,0,0,0,0,0,0,0,0,0,0,0,0,0.00282942121052258,0.0254647908947033,0,0,0,0,0,0,0,0,0,0,0,0,0,0,0,0,0,0,0,0,0,0,0,0,0,0,0,0,0,0,0,0,0,0,0,0,0,0,0,0,0,0,0,0,0,0,0,0,0,0,0,0,0,0,0,0,0,0,0,0,0,0,0,0,0,0,0,0,0,0,0,0,0,0,0,0.0113176848420903,0,0,0,0,0,0,0,0,0,0,0,0,0,0,0,0,0,0,0,0.0367824757367936,0,0,0,0,0,0,0,0.00848826363156775,0,0,0,0,0,0,0,0,0,0,0,0,0,0,0,0,0,0,0,0,0,0,0,0,0,0,0,0,0,0,0.461617396886538,0,0,0.850393103405209,0,0,0,0,0,0,0,0,0.97316244883198,0,0,0,0,0,0,0,0,0,0,0,0,0,0,0,0,0,0,0,0,0,0,0,0,0.0658825070027763,0,0,0,0,0,0,0,0,0,0,0,0,0,0,0,0,0,0,0,0,0,0,0,0,0,0.536690487591495,0,0,0,0,0,0,0,0,0,1.48598616179063,0,0,0,0,0,0,0,0,0,0,0,0,0,0,0,0,0,0,0,0,0,0,0,0,16.1562973647236,0,0,0,0,1.30502314992662,0,0,0,0.186928997577182,0,0,0,0,0,0,0,0,0,0,0,0,0,0,0,0.504959600431105,0,0,0,0,0,0,0,0.243078675390366,0,0,0,0,0,0,0,0,0,0,0,0,0,0,0,0,0,0,0,0,0,0.163500585259839,0,0,0,0,0,0.265132612184745,10.4703622317848,0,0,0,0,0,0,0.631220475781639,0,0,0,0.203323395619367,0,0,0,0,0,0,0.427259861912503,0,0,0,0,0,0,0,0,0,0,0,0.466099044273017,0,0,0,0,0.141173002830589,0,0,0,0,0,0,0,0,0,0,0,0,0,0,0,0,0,0,0,0,0,0,0,0,0.0105783570797808,0,0,0,1.49405547063471,0,0,1.08479319220022,0,0,0,0,0,0,0,0.337435886600037,0,0,0,0,0,0,0,0,0,0,0,0,0,0,0,0,0,0,0,0,0,0,0,0,0,0,0,0,0,0,0,0,0,0,0,0,0,0,0,0,0,0,0,0,0,0,0,0,0,0,0,0,0,0,0,0,0,0,0,0,13.5838382596687,0,0,0,0,0,0,0,0,0,0.0682112336509005,0,0,0,0,0,0.056070640128926,0,0,0,0,0,0,0,0,0,0,0,0,0,0,0,0,0,0,0,0,0,0,0,0,0,0,0,0,0,0,0,0,0.0119901315272546,0.0136985311808475,0,0,0,0.0027012170491327,0,0,0,0,0,0,0,0,0,0,0,0,20.1525047960999,0,2.24801869958934,0,0,0,0,0,0,0,0,0,0,0.234274661520665,0,0,0,4.32939361840642,0,1.07983864398743,0,0,0,0,0,0,0,0,0,0,0.431081561725989,0,0,0,0,0,0,0,0,0,0,0,0,0,0,0,0,0,0,2.50805857274212,0,0,0,0,0,0,0,0,0,0,0,0,0,0,0,0,0,0,0,0,0,0,0,0.0204346147065911,0,0,0,0,0,0.0933167032289361,0,0,0,0,0,0,0,0,0,0,0,0,0,0,0,0,0,0,0,0,0,0,0,0.0288104223272832,0,0,0,0,0.128295183428814,0,0,0,0,0,0,0,0,0,0,0,0,0,0,0,0,0,0,0,0,0,0,0,0,0,0,0,0,0,0,0,0,0,0,0,0,0,0,0,0,0.0181534692942321,0.0885968028039094,0,0,0,0,0,0,0,0,0,0,0,0,0,0,0,0,0,0,0,0,0,0,0,0,0,0,0,0,0,0,0,0,0,0,0,0,0,0,0,0,0,0,0,0,0,0,0,0,0,0,0,0,0,0,0,0,0,0,0,0,0,0,0,0,0,0,0,0,0,0,0,0,0,0,0,0.0727283103303679,0,0,0,0,0,0,0,0,0,0,0,0,0,0,0,0,0,0,0,0.00943470502648756,0,0,0,0,0,0,0,0.014748358059849,0,0,0,0,0,0,0,0,0,0,0,0,0,0,0,0,0,134.6873024,126.6804022,124.1216021,129.7450022,134.7495023,147.1664026,132.8210023,131.6060023,147.1230026,148.1559026,140.1488025,"KIN-00327"
"801",8982,"nSPC",2015,"PRIAs","Pacific Remote Island Areas","Kingman","Kingman",2015,"ForereefMid","Kingman","2015-04-27","Forereef","Mid",6.39581482,-162.46358838,15.1,15,22.5,0.5,6,52,4,0,0,NA,0.465,0.286127693085214,1.1,2,1,53.7284127196372,5.57716575733422,5.88682210342081,4.5695130709902,69.7619136513825,4.51686838551164,0,0,0,0,0,0.00282942121052258,0,0,0,0,0,0,0,0,0,0,0.0113176848420903,0,0,0,0,0,0,0,0,0.0141471060526129,0,0,0,0,0,0,0,0,0,0,0,0,0,0,0,0,0,0,0,0,0,0,0,0,0.00282942121052258,0,0,0,0,0,0.00282942121052258,0,0,0,0,0,0,0,0,0,0,0,0,0,0,0,0,0,0,0,0,0,0,0,0,0,0,0,0,0,0.00848826363156775,0,0,0,0,0,0,0,0,0,0,0,0,0,0,0,0,0,0,0,0,0,0,0,0,0.00848826363156775,0,0,0,0,0.00565884242104517,0,0,0,0.0141471060526129,0,0,0,0,0,0,0,0,0,0,0,0,0,0,0,0.00565884242104517,0,0,0,0,0,0,0,0.00282942121052258,0,0,0,0,0,0,0,0,0,0,0,0,0,0,0,0,0,0,0,0,0,0.00565884242104517,0,0,0,0,0,0.195230063526058,0.00565884242104517,0,0,0,0,0,0,0.00565884242104517,0,0,0,0.00565884242104517,0,0,0.00282942121052258,0,0,0,0,0,0,0,0,0,0,0,0,0,0,0.00565884242104517,0.381971863420549,0,0,0,0,0.0141471060526129,0,0,0,0,0,0,0,0,0,0,0,0,0,0,0,0,0,0,0,0,0,0,0,0,0,0,0,0,0.0198059484736581,0,0,0,0,0,0,0,0,0,0,0.00848826363156775,0,0,0,0,0,0,0,0,0,0,0,0,0,0,0,0,0,0,0,0,0,0,0,0,0,0,0,0,0,0,0,0,0,0,0,0,0,0,0,0,0,0,0,0,0,0,0,0,0,0,0.00282942121052258,0,0,0,0,0,0,0,0,0,0,0,0,0,0,0,0,0,0,0,0.00282942121052258,0,0,0,0,0,0.00848826363156775,0,0,0,0,0,0,0,0,0,0,0,0,0,0,0,0,0,0,0,0,0,0,0,0,0,0,0,0,0,0,0,0,0.00282942121052258,0.00565884242104517,0,0,0,0.00565884242104517,0,0,0,0,0,0,0,0,0,0,0,0,0.0537590029999291,0,0,0,0,0,0,0,0,0,0,0,0,0.0141471060526129,0,0,0,0.00565884242104517,0,0,0,0,0,0,0,0,0,0,0,0,0.00282942121052258,0,0,0,0,0,0,0,0,0,0,0,0,0,0,0,0,0,0,0,0,0,0,0,0,0,0,0,0,0,0,0,0,0,0,0,0,0,0,0,0,0,0,0.00565884242104517,0,0,0,0,0,0,0.00565884242104517,0,0,0,0,0,0,0,0,0,0,0,0,0,0,0,0,0,0,0,0,0,0,0.0169765272631355,0,0,0,0,0.0622472666314969,0,0,0,0,0,0,0,0,0,0,0,0,0,0,0,0,0,0,0,0,0,0,0,0,0,0,0,0,0,0,0,0,0,0,0,0,0,0,0,0.00282942121052258,0.0113176848420903,0.0452707393683613,0,0,0,0,0,0,0,0,0,0,0,0,0,0,0,0,0,0,0,0,0,0,0,0,0.00848826363156775,0,0,0,0,0,0,0,0,0,0,0,0,0,0,0,0,0,0,0,0,0,0,0,0,0,0,0,0,0,0,0,0,0.00282942121052258,0,0,0,0,0,0,0,0,0,0,0,0,0,0,0,0,0,0.00848826363156775,0,0,0,0,0,0,0,0,0,0,0,0,0,0,0,0,0,0,0,0.0481001605788839,0,0,0,0,0.00282942121052258,0,0,0.00282942121052258,0,0,0,0,0,0,0,0,0,0,0,0,0.00565884242104517,0,0,0,0,0,0,0,0,0,0.0362165914946891,0,0,0,0,0,0,0,0,0,0,0.369612013682683,0,0,0,0,0,0,0,0,0.54658136472209,0,0,0,0,0,0,0,0,0,0,0,0,0,0,0,0,0,0,0,0,0,0,0,0,0.0142662246855759,0,0,0,0,0,0.802140913183153,0,0,0,0,0,0,0,0,0,0,0,0,0,0,0,0,0,0,0,0,0,0,0,0,0,0,0,0,0,0.924183782063404,0,0,0,0,0,0,0,0,0,0,0,0,0,0,0,0,0,0,0,0,0,0,0,0,2.39947605754709,0,0,0,0,1.0418172434298,0,0,0,0.0688676084421838,0,0,0,0,0,0,0,0,0,0,0,0,0,0,0,0.549956970825156,0,0,0,0,0,0,0,0.346376214518636,0,0,0,0,0,0,0,0,0,0,0,0,0,0,0,0,0,0,0,0,0,0.119323859908858,0,0,0,0,0,0.366893311905432,3.17318552013485,0,0,0,0,0,0,0.447063356309831,0,0,0,0.0355060593436684,0,0,0.108700801963264,0,0,0,0,0,0,0,0,0,0,0,0,0,0,0.152437222371458,0.63071194088001,0,0,0,0,0.114934375316644,0,0,0,0,0,0,0,0,0,0,0,0,0,0,0,0,0,0,0,0,0,0,0,0,0,0,0,0,0.840711271541843,0,0,0,0,0,0,0,0,0,0,0.011833859477427,0,0,0,0,0,0,0,0,0,0,0,0,0,0,0,0,0,0,0,0,0,0,0,0,0,0,0,0,0,0,0,0,0,0,0,0,0,0,0,0,0,0,0,0,0,0,0,0,0,0,0.123855748992585,0,0,0,0,0,0,0,0,0,0,0,0,0,0,0,0,0,0,0,0.109390817412507,0,0,0,0,0,0.0291642591274615,0,0,0,0,0,0,0,0,0,0,0,0,0,0,0,0,0,0,0,0,0,0,0,0,0,0,0,0,0,0,0,0,0.0243290750675526,0.0225968114656179,0,0,0,0.0126666378617977,0,0,0,0,0,0,0,0,0,0,0,0,50.7221828486308,0,0,0,0,0,0,0,0,0,0,0,0,0.24691934491049,0,0,0,1.00251502316982,0,0,0,0,0,0,0,0,0,0,0,0,0.215540780862994,0,0,0,0,0,0,0,0,0,0,0,0,0,0,0,0,0,0,0,0,0,0,0,0,0,0,0,0,0,0,0,0,0,0,0,0,0,0,0,0,0,0,0.0252445508156762,0,0,0,0,0,0,0.612314743568289,0,0,0,0,0,0,0,0,0,0,0,0,0,0,0,0,0,0,0,0,0,0,0.0693906056228594,0,0,0,0,0.317440579249492,0,0,0,0,0,0,0,0,0,0,0,0,0,0,0,0,0,0,0,0,0,0,0,0,0,0,0,0,0,0,0,0,0,0,0,0,0,0,0,0.326238805641032,0.0687247594054416,0.0996630238544685,0,0,0,0,0,0,0,0,0,0,0,0,0,0,0,0,0,0,0,0,0,0,0,0,0.589015809285738,0,0,0,0,0,0,0,0,0,0,0,0,0,0,0,0,0,0,0,0,0,0,0,0,0,0,0,0,0,0,0,0,1.34368286537678,0,0,0,0,0,0,0,0,0,0,0,0,0,0,0,0,0,0.0545462327477759,0,0,0,0,0,0,0,0,0,0,0,0,0,0,0,0,0,0,0,0.0192994820769745,0,0,0,0,0.0503926776124177,0,0,0.00491611935328299,0,0,0,0,0,0,0,0,0,0,0,0,0.571085485522834,0,0,0,0,0,0,0,0,0,0,0,0,0,0,0,"KIN-00325"
"802",8982,"nSPC",2015,"PRIAs","Pacific Remote Island Areas","Kingman","Kingman",2015,"ForereefMid","Kingman","2015-04-27","Forereef","Mid",6.39581482,-162.46358838,15.1,15,22.5,0.5,6,52,4,0,0,NA,0.465,0.286127693085214,1.1,2,1,53.7284127196372,5.57716575733422,5.88682210342081,4.5695130709902,69.7619136513825,4.51686838551164,0,0,0,0,0,0.00282942121052258,0,0,0,0,0,0,0,0,0,0,0.0113176848420903,0,0,0,0,0,0,0,0,0.0141471060526129,0,0,0,0,0,0,0,0,0,0,0,0,0,0,0,0,0,0,0,0,0,0,0,0,0.00282942121052258,0,0,0,0,0,0.00282942121052258,0,0,0,0,0,0,0,0,0,0,0,0,0,0,0,0,0,0,0,0,0,0,0,0,0,0,0,0,0,0.00848826363156775,0,0,0,0,0,0,0,0,0,0,0,0,0,0,0,0,0,0,0,0,0,0,0,0,0.00848826363156775,0,0,0,0,0.00565884242104517,0,0,0,0.0141471060526129,0,0,0,0,0,0,0,0,0,0,0,0,0,0,0,0.00565884242104517,0,0,0,0,0,0,0,0.00282942121052258,0,0,0,0,0,0,0,0,0,0,0,0,0,0,0,0,0,0,0,0,0,0.00565884242104517,0,0,0,0,0,0.195230063526058,0.00565884242104517,0,0,0,0,0,0,0.00565884242104517,0,0,0,0.00565884242104517,0,0,0.00282942121052258,0,0,0,0,0,0,0,0,0,0,0,0,0,0,0.00565884242104517,0.381971863420549,0,0,0,0,0.0141471060526129,0,0,0,0,0,0,0,0,0,0,0,0,0,0,0,0,0,0,0,0,0,0,0,0,0,0,0,0,0.0198059484736581,0,0,0,0,0,0,0,0,0,0,0.00848826363156775,0,0,0,0,0,0,0,0,0,0,0,0,0,0,0,0,0,0,0,0,0,0,0,0,0,0,0,0,0,0,0,0,0,0,0,0,0,0,0,0,0,0,0,0,0,0,0,0,0,0,0.00282942121052258,0,0,0,0,0,0,0,0,0,0,0,0,0,0,0,0,0,0,0,0.00282942121052258,0,0,0,0,0,0.00848826363156775,0,0,0,0,0,0,0,0,0,0,0,0,0,0,0,0,0,0,0,0,0,0,0,0,0,0,0,0,0,0,0,0,0.00282942121052258,0.00565884242104517,0,0,0,0.00565884242104517,0,0,0,0,0,0,0,0,0,0,0,0,0.0537590029999291,0,0,0,0,0,0,0,0,0,0,0,0,0.0141471060526129,0,0,0,0.00565884242104517,0,0,0,0,0,0,0,0,0,0,0,0,0.00282942121052258,0,0,0,0,0,0,0,0,0,0,0,0,0,0,0,0,0,0,0,0,0,0,0,0,0,0,0,0,0,0,0,0,0,0,0,0,0,0,0,0,0,0,0.00565884242104517,0,0,0,0,0,0,0.00565884242104517,0,0,0,0,0,0,0,0,0,0,0,0,0,0,0,0,0,0,0,0,0,0,0.0169765272631355,0,0,0,0,0.0622472666314969,0,0,0,0,0,0,0,0,0,0,0,0,0,0,0,0,0,0,0,0,0,0,0,0,0,0,0,0,0,0,0,0,0,0,0,0,0,0,0,0.00282942121052258,0.0113176848420903,0.0452707393683613,0,0,0,0,0,0,0,0,0,0,0,0,0,0,0,0,0,0,0,0,0,0,0,0,0.00848826363156775,0,0,0,0,0,0,0,0,0,0,0,0,0,0,0,0,0,0,0,0,0,0,0,0,0,0,0,0,0,0,0,0,0.00282942121052258,0,0,0,0,0,0,0,0,0,0,0,0,0,0,0,0,0,0.00848826363156775,0,0,0,0,0,0,0,0,0,0,0,0,0,0,0,0,0,0,0,0.0481001605788839,0,0,0,0,0.00282942121052258,0,0,0.00282942121052258,0,0,0,0,0,0,0,0,0,0,0,0,0.00565884242104517,0,0,0,0,0,0,0,0,0,0.0362165914946891,0,0,0,0,0,0,0,0,0,0,0.369612013682683,0,0,0,0,0,0,0,0,0.54658136472209,0,0,0,0,0,0,0,0,0,0,0,0,0,0,0,0,0,0,0,0,0,0,0,0,0.0142662246855759,0,0,0,0,0,0.802140913183153,0,0,0,0,0,0,0,0,0,0,0,0,0,0,0,0,0,0,0,0,0,0,0,0,0,0,0,0,0,0.924183782063404,0,0,0,0,0,0,0,0,0,0,0,0,0,0,0,0,0,0,0,0,0,0,0,0,2.39947605754709,0,0,0,0,1.0418172434298,0,0,0,0.0688676084421838,0,0,0,0,0,0,0,0,0,0,0,0,0,0,0,0.549956970825156,0,0,0,0,0,0,0,0.346376214518636,0,0,0,0,0,0,0,0,0,0,0,0,0,0,0,0,0,0,0,0,0,0.119323859908858,0,0,0,0,0,0.366893311905432,3.17318552013485,0,0,0,0,0,0,0.447063356309831,0,0,0,0.0355060593436684,0,0,0.108700801963264,0,0,0,0,0,0,0,0,0,0,0,0,0,0,0.152437222371458,0.63071194088001,0,0,0,0,0.114934375316644,0,0,0,0,0,0,0,0,0,0,0,0,0,0,0,0,0,0,0,0,0,0,0,0,0,0,0,0,0.840711271541843,0,0,0,0,0,0,0,0,0,0,0.011833859477427,0,0,0,0,0,0,0,0,0,0,0,0,0,0,0,0,0,0,0,0,0,0,0,0,0,0,0,0,0,0,0,0,0,0,0,0,0,0,0,0,0,0,0,0,0,0,0,0,0,0,0.123855748992585,0,0,0,0,0,0,0,0,0,0,0,0,0,0,0,0,0,0,0,0.109390817412507,0,0,0,0,0,0.0291642591274615,0,0,0,0,0,0,0,0,0,0,0,0,0,0,0,0,0,0,0,0,0,0,0,0,0,0,0,0,0,0,0,0,0.0243290750675526,0.0225968114656179,0,0,0,0.0126666378617977,0,0,0,0,0,0,0,0,0,0,0,0,50.7221828486308,0,0,0,0,0,0,0,0,0,0,0,0,0.24691934491049,0,0,0,1.00251502316982,0,0,0,0,0,0,0,0,0,0,0,0,0.215540780862994,0,0,0,0,0,0,0,0,0,0,0,0,0,0,0,0,0,0,0,0,0,0,0,0,0,0,0,0,0,0,0,0,0,0,0,0,0,0,0,0,0,0,0.0252445508156762,0,0,0,0,0,0,0.612314743568289,0,0,0,0,0,0,0,0,0,0,0,0,0,0,0,0,0,0,0,0,0,0,0.0693906056228594,0,0,0,0,0.317440579249492,0,0,0,0,0,0,0,0,0,0,0,0,0,0,0,0,0,0,0,0,0,0,0,0,0,0,0,0,0,0,0,0,0,0,0,0,0,0,0,0.326238805641032,0.0687247594054416,0.0996630238544685,0,0,0,0,0,0,0,0,0,0,0,0,0,0,0,0,0,0,0,0,0,0,0,0,0.589015809285738,0,0,0,0,0,0,0,0,0,0,0,0,0,0,0,0,0,0,0,0,0,0,0,0,0,0,0,0,0,0,0,0,1.34368286537678,0,0,0,0,0,0,0,0,0,0,0,0,0,0,0,0,0,0.0545462327477759,0,0,0,0,0,0,0,0,0,0,0,0,0,0,0,0,0,0,0,0.0192994820769745,0,0,0,0,0.0503926776124177,0,0,0.00491611935328299,0,0,0,0,0,0,0,0,0,0,0,0,0.571085485522834,0,0,0,0,110.183302,103.4129018,95.12030163,102.5556017,117.415502,129.2279023,116.141202,112.171902,127.3240022,131.9143024,119.9266021,"KIN-00325"
"803",8983,"nSPC",2015,"PRIAs","Pacific Remote Island Areas","Kingman","Kingman",2015,"ForereefMid","Kingman","2015-04-27","Forereef","Mid",6.38809643,-162.46478967,15.95,7,17.5,3,3,66.5,3,0,0,NA,0.28,0.17555065520006,0.6,2,1,37.4966624749608,3.19220569924147,9.86574081204023,5.49480640342298,56.0494153896655,7.53751828903985,0,0,0,0,0,0,0,0,0,0,0,0,0,0,0,0,0.00282942121052258,0.00282942121052258,0,0,0,0.00565884242104517,0,0,0,0,0,0,0,0,0,0,0,0,0,0,0,0,0,0,0,0,0,0,0,0,0,0,0,0,0,0,0,0,0,0,0,0,0,0,0,0,0,0,0,0.00565884242104517,0,0,0,0,0,0,0,0,0,0,0,0,0,0,0,0,0,0,0,0,0.00848826363156775,0,0,0,0,0,0,0,0,0,0,0,0,0,0,0,0,0,0,0,0,0,0,0,0,0,0,0,0,0,0.00848826363156775,0,0,0,0.0169765272631355,0,0,0,0,0,0,0,0,0,0,0,0,0,0,0,0.0113176848420903,0,0,0,0,0,0,0,0,0,0,0,0,0,0,0,0,0,0,0,0,0,0,0,0,0,0,0,0,0,0,0,0,0,0,0,0.00565884242104517,0.00282942121052258,0,0,0,0,0,0,0.00282942121052258,0,0,0,0,0,0,0.00282942121052258,0,0,0,0.00282942121052258,0,0,0,0,0,0,0,0,0,0,0.00565884242104517,0.285771542262781,0,0,0,0,0,0.0169765272631355,0,0,0,0,0,0,0,0,0,0,0,0,0,0,0,0,0,0,0,0,0,0,0,0,0,0,0,0,0,0.00282942121052258,0.00282942121052258,0,0,0,0,0,0,0,0,0,0,0,0,0,0,0,0,0,0,0,0,0,0,0,0,0,0,0,0,0.00565884242104517,0,0,0,0,0,0,0,0,0,0,0,0,0,0,0,0,0,0,0,0,0,0,0,0,0,0,0,0,0,0.00282942121052258,0,0,0,0,0,0,0,0,0,0,0,0,0,0,0,0,0,0,0,0,0,0,0,0,0,0.00565884242104517,0,0,0,0,0,0,0,0,0,0,0,0,0,0,0,0,0,0,0,0,0,0,0,0,0,0,0,0,0,0,0,0,0,0.0169765272631355,0,0,0,0,0,0,0,0,0,0.00565884242104517,0,0,0,0.00282942121052258,0,0,0.0169765272631355,0,0,0,0,0,0,0,0,0,0,0,0,0.00565884242104517,0,0,0,0.0141471060526129,0.00848826363156775,0,0,0,0,0,0,0,0,0,0,0,0,0,0,0,0,0,0,0,0,0,0,0,0,0,0,0,0,0,0,0,0,0,0,0,0,0,0,0,0,0,0,0,0,0,0,0,0,0,0,0,0,0,0,0,0,0,0,0,0,0,0,0,0,0,0,0,0,0,0,0,0,0,0,0,0,0,0,0,0,0,0,0,0,0.0254647908947033,0,0,0,0,0,0,0,0,0,0,0,0,0,0,0,0,0,0,0.00282942121052258,0,0,0,0,0,0,0,0,0,0,0,0,0,0,0,0,0,0,0,0,0,0.00282942121052258,0,0,0,0,0.00848826363156775,0,0,0,0,0,0,0,0,0,0,0,0,0,0,0,0,0,0,0,0,0,0,0,0,0,0,0,0,0,0,0,0,0,0,0,0,0,0,0,0,0,0,0,0,0,0,0,0,0,0,0,0,0,0.00565884242104517,0,0,0,0,0,0,0,0,0,0,0,0,0,0,0,0,0,0,0,0,0,0,0.00282942121052258,0,0,0,0,0,0,0,0,0.00565884242104517,0,0,0,0,0,0,0,0,0,0,0.438560287631,0,0,0,0,0,0,0,0.0481001605788839,0,0,0,0,0,0,0,0,0,0,0,0,0.00848826363156775,0,0,0,0,0,0,0,0,0,0,0,0,0,0,0,0,0,0,0,0,0.178191594847304,0.0798899743770001,0,0,0,0.786792001051412,0,0,0,0,0,0,0,0,0,0,0,0,0,0,0,0,0,0,0,0,0,0,0,0,0,0,0,0,0,0,0,0,0,0,0,0,0,0,0,0,0,0,0,0.507432170586254,0,0,0,0,0,0,0,0,0,0,0,0,0,0,0,0,0,0,0,0,0.661827405830837,0,0,0,0,0,0,0,0,0,0,0,0,0,0,0,0,0,0,0,0,0,0,0,0,0,0,0,0,0,1.7133615895215,0,0,0,0.0333099004700327,0,0,0,0,0,0,0,0,0,0,0,0,0,0,0,0.699779451529655,0,0,0,0,0,0,0,0,0,0,0,0,0,0,0,0,0,0,0,0,0,0,0,0,0,0,0,0,0,0,0,0,0,0,0,0.00934388060562978,1.32886409576468,0,0,0,0,0,0,0.27473509157586,0,0,0,0,0,0,0.108700801963264,0,0,0,1.67306755240363,0,0,0,0,0,0,0,0,0,0,0.269160840973409,0.431351488270831,0,0,0,0,0,0.0522370579739478,0,0,0,0,0,0,0,0,0,0,0,0,0,0,0,0,0,0,0,0,0,0,0,0,0,0,0,0,0,0.233181399909626,0.33008150619535,0,0,0,0,0,0,0,0,0,0,0,0,0,0,0,0,0,0,0,0,0,0,0,0,0,0,0,0,0.720249862657803,0,0,0,0,0,0,0,0,0,0,0,0,0,0,0,0,0,0,0,0,0,0,0,0,0,0,0,0,0,0.123855748992585,0,0,0,0,0,0,0,0,0,0,0,0,0,0,0,0,0,0,0,0,0,0,0,0,0,0.0273955879287639,0,0,0,0,0,0,0,0,0,0,0,0,0,0,0,0,0,0,0,0,0,0,0,0,0,0,0,0,0,0,0,0,0,0.0356959884229893,0,0,0,0,0,0,0,0,0,1.37066387125869,0,0,0,0.341079273209403,0,0,34.3632715712518,0,0,0,0,0,0,0,0,0,0,0,0,0.0495926802674346,0,0,0,2.5425861086424,0.676081785707739,0,0,0,0,0,0,0,0,0,0,0,0,0,0,0,0,0,0,0,0,0,0,0,0,0,0,0,0,0,0,0,0,0,0,0,0,0,0,0,0,0,0,0,0,0,0,0,0,0,0,0,0,0,0,0,0,0,0,0,0,0,0,0,0,0,0,0,0,0,0,0,0,0,0,0,0,0,0,0,0,0,0,0,0,0.0531823428509761,0,0,0,0,0,0,0,0,0,0,0,0,0,0,0,0,0,0,0.00401159522886152,0,0,0,0,0,0,0,0,0,0,0,0,0,0,0,0,0,0,0,0,0,0.0102062881905971,0,0,0,0,0.0734922534255048,0,0,0,0,0,0,0,0,0,0,0,0,0,0,0,0,0,0,0,0,0,0,0,0,0,0,0,0,0,0,0,0,0,0,0,0,0,0,0,0,0,0,0,0,0,0,0,0,0,0,0,0,0,4.53558664087154,0,0,0,0,0,0,0,0,0,0,0,0,0,0,0,0,0,0,0,0,0,0,0.0106943604419158,0,0,0,0,0,0,0,0,0.373965733163254,0,0,0,0,0,0,0,0,0,0,0.152675568519799,0,0,0,0,0,0,0,0.121723115187287,0,0,0,0,0,0,0,0,0,0,0,0,1.09209720959587,0,0,0,0,0,0,0,0,0,0,0,0,0,0,0,"KIN-00318"
"804",8983,"nSPC",2015,"PRIAs","Pacific Remote Island Areas","Kingman","Kingman",2015,"ForereefMid","Kingman","2015-04-27","Forereef","Mid",6.38809643,-162.46478967,15.95,7,17.5,3,3,66.5,3,0,0,NA,0.28,0.17555065520006,0.6,2,1,37.4966624749608,3.19220569924147,9.86574081204023,5.49480640342298,56.0494153896655,7.53751828903985,0,0,0,0,0,0,0,0,0,0,0,0,0,0,0,0,0.00282942121052258,0.00282942121052258,0,0,0,0.00565884242104517,0,0,0,0,0,0,0,0,0,0,0,0,0,0,0,0,0,0,0,0,0,0,0,0,0,0,0,0,0,0,0,0,0,0,0,0,0,0,0,0,0,0,0,0.00565884242104517,0,0,0,0,0,0,0,0,0,0,0,0,0,0,0,0,0,0,0,0,0.00848826363156775,0,0,0,0,0,0,0,0,0,0,0,0,0,0,0,0,0,0,0,0,0,0,0,0,0,0,0,0,0,0.00848826363156775,0,0,0,0.0169765272631355,0,0,0,0,0,0,0,0,0,0,0,0,0,0,0,0.0113176848420903,0,0,0,0,0,0,0,0,0,0,0,0,0,0,0,0,0,0,0,0,0,0,0,0,0,0,0,0,0,0,0,0,0,0,0,0.00565884242104517,0.00282942121052258,0,0,0,0,0,0,0.00282942121052258,0,0,0,0,0,0,0.00282942121052258,0,0,0,0.00282942121052258,0,0,0,0,0,0,0,0,0,0,0.00565884242104517,0.285771542262781,0,0,0,0,0,0.0169765272631355,0,0,0,0,0,0,0,0,0,0,0,0,0,0,0,0,0,0,0,0,0,0,0,0,0,0,0,0,0,0.00282942121052258,0.00282942121052258,0,0,0,0,0,0,0,0,0,0,0,0,0,0,0,0,0,0,0,0,0,0,0,0,0,0,0,0,0.00565884242104517,0,0,0,0,0,0,0,0,0,0,0,0,0,0,0,0,0,0,0,0,0,0,0,0,0,0,0,0,0,0.00282942121052258,0,0,0,0,0,0,0,0,0,0,0,0,0,0,0,0,0,0,0,0,0,0,0,0,0,0.00565884242104517,0,0,0,0,0,0,0,0,0,0,0,0,0,0,0,0,0,0,0,0,0,0,0,0,0,0,0,0,0,0,0,0,0,0.0169765272631355,0,0,0,0,0,0,0,0,0,0.00565884242104517,0,0,0,0.00282942121052258,0,0,0.0169765272631355,0,0,0,0,0,0,0,0,0,0,0,0,0.00565884242104517,0,0,0,0.0141471060526129,0.00848826363156775,0,0,0,0,0,0,0,0,0,0,0,0,0,0,0,0,0,0,0,0,0,0,0,0,0,0,0,0,0,0,0,0,0,0,0,0,0,0,0,0,0,0,0,0,0,0,0,0,0,0,0,0,0,0,0,0,0,0,0,0,0,0,0,0,0,0,0,0,0,0,0,0,0,0,0,0,0,0,0,0,0,0,0,0,0.0254647908947033,0,0,0,0,0,0,0,0,0,0,0,0,0,0,0,0,0,0,0.00282942121052258,0,0,0,0,0,0,0,0,0,0,0,0,0,0,0,0,0,0,0,0,0,0.00282942121052258,0,0,0,0,0.00848826363156775,0,0,0,0,0,0,0,0,0,0,0,0,0,0,0,0,0,0,0,0,0,0,0,0,0,0,0,0,0,0,0,0,0,0,0,0,0,0,0,0,0,0,0,0,0,0,0,0,0,0,0,0,0,0.00565884242104517,0,0,0,0,0,0,0,0,0,0,0,0,0,0,0,0,0,0,0,0,0,0,0.00282942121052258,0,0,0,0,0,0,0,0,0.00565884242104517,0,0,0,0,0,0,0,0,0,0,0.438560287631,0,0,0,0,0,0,0,0.0481001605788839,0,0,0,0,0,0,0,0,0,0,0,0,0.00848826363156775,0,0,0,0,0,0,0,0,0,0,0,0,0,0,0,0,0,0,0,0,0.178191594847304,0.0798899743770001,0,0,0,0.786792001051412,0,0,0,0,0,0,0,0,0,0,0,0,0,0,0,0,0,0,0,0,0,0,0,0,0,0,0,0,0,0,0,0,0,0,0,0,0,0,0,0,0,0,0,0.507432170586254,0,0,0,0,0,0,0,0,0,0,0,0,0,0,0,0,0,0,0,0,0.661827405830837,0,0,0,0,0,0,0,0,0,0,0,0,0,0,0,0,0,0,0,0,0,0,0,0,0,0,0,0,0,1.7133615895215,0,0,0,0.0333099004700327,0,0,0,0,0,0,0,0,0,0,0,0,0,0,0,0.699779451529655,0,0,0,0,0,0,0,0,0,0,0,0,0,0,0,0,0,0,0,0,0,0,0,0,0,0,0,0,0,0,0,0,0,0,0,0.00934388060562978,1.32886409576468,0,0,0,0,0,0,0.27473509157586,0,0,0,0,0,0,0.108700801963264,0,0,0,1.67306755240363,0,0,0,0,0,0,0,0,0,0,0.269160840973409,0.431351488270831,0,0,0,0,0,0.0522370579739478,0,0,0,0,0,0,0,0,0,0,0,0,0,0,0,0,0,0,0,0,0,0,0,0,0,0,0,0,0,0.233181399909626,0.33008150619535,0,0,0,0,0,0,0,0,0,0,0,0,0,0,0,0,0,0,0,0,0,0,0,0,0,0,0,0,0.720249862657803,0,0,0,0,0,0,0,0,0,0,0,0,0,0,0,0,0,0,0,0,0,0,0,0,0,0,0,0,0,0.123855748992585,0,0,0,0,0,0,0,0,0,0,0,0,0,0,0,0,0,0,0,0,0,0,0,0,0,0.0273955879287639,0,0,0,0,0,0,0,0,0,0,0,0,0,0,0,0,0,0,0,0,0,0,0,0,0,0,0,0,0,0,0,0,0,0.0356959884229893,0,0,0,0,0,0,0,0,0,1.37066387125869,0,0,0,0.341079273209403,0,0,34.3632715712518,0,0,0,0,0,0,0,0,0,0,0,0,0.0495926802674346,0,0,0,2.5425861086424,0.676081785707739,0,0,0,0,0,0,0,0,0,0,0,0,0,0,0,0,0,0,0,0,0,0,0,0,0,0,0,0,0,0,0,0,0,0,0,0,0,0,0,0,0,0,0,0,0,0,0,0,0,0,0,0,0,0,0,0,0,0,0,0,0,0,0,0,0,0,0,0,0,0,0,0,0,0,0,0,0,0,0,0,0,0,0,0,0.0531823428509761,0,0,0,0,0,0,0,0,0,0,0,0,0,0,0,0,0,0,0.00401159522886152,0,0,0,0,0,0,0,0,0,0,0,0,0,0,0,0,0,0,0,0,0,0.0102062881905971,0,0,0,0,0.0734922534255048,0,0,0,0,0,0,0,0,0,0,0,0,0,0,0,0,0,0,0,0,0,0,0,0,0,0,0,0,0,0,0,0,0,0,0,0,0,0,0,0,0,0,0,0,0,0,0,0,0,0,0,0,0,4.53558664087154,0,0,0,0,0,0,0,0,0,0,0,0,0,0,0,0,0,0,0,0,0,0,0.0106943604419158,0,0,0,0,0,0,0,0,0.373965733163254,0,0,0,0,0,0,0,0,0,0,0.152675568519799,0,0,0,0,0,0,0,0.121723115187287,0,0,0,0,0,0,0,0,0,0,0,0,1.09209720959587,0,0,0,0,115.710502,114.613102,116.669602,115.591302,103.0567018,122.0328021,110.0919019,109.2498019,116.3755021,116.321502,116.753502,"KIN-00318"
"805",8988,"nSPC",2015,"PRIAs","Pacific Remote Island Areas","Kingman","Kingman",2015,"LagoonDeep","Kingman","2015-04-27","Lagoon","Deep",6.39347979,-162.43734288,22.5,25,30,5,11.5,25,3.5,0,0,NA,0.5225,0.379621492034391,1.65,2,1,47.3497753490998,80.9171432257184,29.8254155041516,15.2647966770772,173.357130756047,23.799524217245,0,0,0,0,0,0,0,0,0,0,0,0,0,0.00282942121052258,0,0,0.0311236333157484,0,0,0,0,0,0,0,0,0.00282942121052258,0,0,0,0,0.00282942121052258,0,0,0,0,0,0,0,0,0,0,0,0,0,0,0,0,0,0,0,0.00282942121052258,0,0,0,0,0,0,0,0,0,0,0,0,0,0,0,0,0,0,0,0,0,0,0,0,0,0.0169765272631355,0,0,0,0,0,0,0,0,0,0.0141471060526129,0,0,0,0,0,0,0,0,0,0,0,0,0,0,0,0,0,0,0,0,0,0,0,0,0.396118969473162,0,0,0,0,0.00848826363156775,0,0,0,0.101859163578813,0,0,0,0,0,0,0,0,0,0,0,0,0,0,0,0.00282942121052258,0,0,0,0,0,0,0,0.00565884242104517,0,0,0,0,0,0,0,0,0,0,0,0,0,0,0,0,0,0,0,0,0,0,0,0,0,0,0,0.367824757367936,0.0481001605788839,0,0,0,0,0,0,0.00565884242104517,0,0,0,0.0113176848420903,0,0,0,0,0,0,0.00565884242104517,0,0,0,0,0.00282942121052258,0,0,0,0,0,0,0,0,0,0,0,0.0481001605788839,0,0,0,0,0,0,0,0,0,0,0,0,0,0,0,0,0,0,0,0,0,0,0,0,0,0,0,0,0.0565884242104517,0,0,0,0,0,0,0,0,0,0,0.0565884242104517,0,0,0,0,0,0,0,0,0,0,0,0,0,0,0,0,0,0,0,0,0,0,0,0,0,0,0,0,0,0,0,0,0,0,0,0,0,0,0,0,0,0,0,0,0,0,0,0,0,0,0.0141471060526129,0,0,0,0,0,0,0,0,0,0,0,0,0,0,0,0,0,0,0,0.00848826363156775,0,0,0,0,0,0,0,0,0,0,0,0,0,0,0,0,0,0,0,0,0,0,0,0,0,0,0,0,0,0,0,0,0,0,0,0,0,0,0.00565884242104517,0.00282942121052258,0,0,0,0,0,0,0,0,0,0,0,0,0,0,0,0,0.0169765272631355,0,0.00848826363156775,0,0,0,0,0,0,0,0,0,0,0.00282942121052258,0,0,0,0.00848826363156775,0.00282942121052258,0.00565884242104517,0,0,0,0,0,0,0,0,0,0,0.00848826363156775,0,0,0,0,0,0,0,0,0,0,0,0,0,0,0,0,0,0,0.0141471060526129,0,0,0,0,0,0,0,0,0,0,0,0,0,0,0,0,0,0,0,0,0,0,0.00282942121052258,0.00565884242104517,0,0,0,0,0,0,0,0,0,0,0,0,0,0,0,0,0,0,0,0,0,0,0,0,0,0,0,0,0,0.0113176848420903,0,0,0,0,0.124494533262994,0,0,0,0,0,0,0,0,0,0,0,0,0,0,0,0,0,0,0,0,0,0,0,0,0,0,0,0,0,0,0,0,0,0,0,0,0,0,0,0,0,0,0,0,0,0,0,0,0,0,0,0.00565884242104517,0,0,0,0,0,0,0,0,0,0,0,0,0,0,0.00282942121052258,0,0,0,0,0,0,0,0,0,0,0,0,0,0,0,0,0.00282942121052258,0,0,0,0,0,0,0,0,0,0,0,0,0,0,0,0.00282942121052258,0,0,0,0,0,0,0,0,0,0,0,0,0.00565884242104517,0,0,0,0,0,0,0,0,0,0,0,0,0,0,0,0,0,0,0,0,0,0,0,0,0,0,0,0,0,0,0.00282942121052258,0,0,0,0,0,0,0,0,0,0,0,0,0,0,0,0,0.00565884242104517,0,0.00282942121052258,0,0,0,0,0,0,0,0,0,0,0,0,0,0.282387194662514,0,0,1.64854439273099,0,0,0,0,0,0,0,0,0.0576191823574451,0,0,0,0,0.494909342807042,0,0,0,0,0,0,0,0,0,0,0,0,0,0,0,0,0,0,0,0.0142662246855759,0,0,0,0,0,0,0,0,0,0,0,0,0,0,0,0,0,0,0,0,0,0,0,0,0,3.3115954128059,0,0,0,0,0,0,0,0,0,1.2256956478894,0,0,0,0,0,0,0,0,0,0,0,0,0,0,0,0,0,0,0,0,0,0,0,0,70.5794413517648,0,0,0,0,1.45758611745258,0,0,0,0.289431161465563,0,0,0,0,0,0,0,0,0,0,0,0,0,0,0,0.164507521585897,0,0,0,0,0,0,0,0.583555502051457,0,0,0,0,0,0,0,0,0,0,0,0,0,0,0,0,0,0,0,0,0,0,0,0,0,0,0,0.717945826221632,21.0934999581242,0,0,0,0,0,0,0.415729422502716,0,0,0,0.140199789756601,0,0,0,0,0,0,1.40466413421754,0,0,0,0,0.509690325592484,0,0,0,0,0,0,0,0,0,0,0,0.33392746711967,0,0,0,0,0,0,0,0,0,0,0,0,0,0,0,0,0,0,0,0,0,0,0,0,0,0,0,0,2.21914168557834,0,0,0,0,0,0,0,0,0,0,0.835929532111431,0,0,0,0,0,0,0,0,0,0,0,0,0,0,0,0,0,0,0,0,0,0,0,0,0,0,0,0,0,0,0,0,0,0,0,0,0,0,0,0,0,0,0,0,0,0,0,0,0,0,0.0425470081518565,0,0,0,0,0,0,0,0,0,0,0,0,0,0,0,0,0,0,0,0.506547728493892,0,0,0,0,0,0,0,0,0,0,0,0,0,0,0,0,0,0,0,0,0,0,0,0,0,0,0,0,0,0,0,0,0,0,0,0,0,0,0.0198412491400157,0.00889828028477043,0,0,0,0,0,0,0,0,0,0,0,0,0,0,0,0,32.5856247141557,0,3.99678217468055,0,0,0,0,0,0,0,0,0,0,0.00371220062820563,0,0,0,0.971213667858853,0.387383452121338,3.44974067159184,0,0,0,0,0,0,0,0,0,0,0.368521363008736,0,0,0,0,0,0,0,0,0,0,0,0,0,0,0,0,0,0,7.02617915666765,0,0,0,0,0,0,0,0,0,0,0,0,0,0,0,0,0,0,0,0,0,0,0.195743433710495,0.00710934574632802,0,0,0,0,0,0,0,0,0,0,0,0,0,0,0,0,0,0,0,0,0,0,0,0,0,0,0,0,0,0.0444180831575767,0,0,0,0,0.279957920902141,0,0,0,0,0,0,0,0,0,0,0,0,0,0,0,0,0,0,0,0,0,0,0,0,0,0,0,0,0,0,0,0,0,0,0,0,0,0,0,0,0,0,0,0,0,0,0,0,0,0,0,0.0263656786081336,0,0,0,0,0,0,0,0,0,0,0,0,0,0,0.160122508939768,0,0,0,0,0,0,0,0,0,0,0,0,0,0,0,0,0.349872178296314,0,0,0,0,0,0,0,0,0,0,0,0,0,0,0,0.951487946606965,0,0,0,0,0,0,0,0,0,0,0,0,12.9463135621951,0,0,0,0,0,0,0,0,0,0,0,0,0,0,0,0,0,0,0,0,0,0,0,0,0,0,0,0,0,0,0.049477837269103,0,0,0,0,0,0,0,0,0,0,0,0,0,0,0,0,0.215923907101462,0,0.983079493246332,141.1288025,143.8460025,142.3626024,142.3773024,139.1819024,152.1826027,141.5030025,142.0157025,152.9327027,158.3900028,144.5751025,"KIN-00345"
"806",8988,"nSPC",2015,"PRIAs","Pacific Remote Island Areas","Kingman","Kingman",2015,"LagoonDeep","Kingman","2015-04-27","Lagoon","Deep",6.39347979,-162.43734288,22.5,25,30,5,11.5,25,3.5,0,0,NA,0.5225,0.379621492034391,1.65,2,1,47.3497753490998,80.9171432257184,29.8254155041516,15.2647966770772,173.357130756047,23.799524217245,0,0,0,0,0,0,0,0,0,0,0,0,0,0.00282942121052258,0,0,0.0311236333157484,0,0,0,0,0,0,0,0,0.00282942121052258,0,0,0,0,0.00282942121052258,0,0,0,0,0,0,0,0,0,0,0,0,0,0,0,0,0,0,0,0.00282942121052258,0,0,0,0,0,0,0,0,0,0,0,0,0,0,0,0,0,0,0,0,0,0,0,0,0,0.0169765272631355,0,0,0,0,0,0,0,0,0,0.0141471060526129,0,0,0,0,0,0,0,0,0,0,0,0,0,0,0,0,0,0,0,0,0,0,0,0,0.396118969473162,0,0,0,0,0.00848826363156775,0,0,0,0.101859163578813,0,0,0,0,0,0,0,0,0,0,0,0,0,0,0,0.00282942121052258,0,0,0,0,0,0,0,0.00565884242104517,0,0,0,0,0,0,0,0,0,0,0,0,0,0,0,0,0,0,0,0,0,0,0,0,0,0,0,0.367824757367936,0.0481001605788839,0,0,0,0,0,0,0.00565884242104517,0,0,0,0.0113176848420903,0,0,0,0,0,0,0.00565884242104517,0,0,0,0,0.00282942121052258,0,0,0,0,0,0,0,0,0,0,0,0.0481001605788839,0,0,0,0,0,0,0,0,0,0,0,0,0,0,0,0,0,0,0,0,0,0,0,0,0,0,0,0,0.0565884242104517,0,0,0,0,0,0,0,0,0,0,0.0565884242104517,0,0,0,0,0,0,0,0,0,0,0,0,0,0,0,0,0,0,0,0,0,0,0,0,0,0,0,0,0,0,0,0,0,0,0,0,0,0,0,0,0,0,0,0,0,0,0,0,0,0,0.0141471060526129,0,0,0,0,0,0,0,0,0,0,0,0,0,0,0,0,0,0,0,0.00848826363156775,0,0,0,0,0,0,0,0,0,0,0,0,0,0,0,0,0,0,0,0,0,0,0,0,0,0,0,0,0,0,0,0,0,0,0,0,0,0,0.00565884242104517,0.00282942121052258,0,0,0,0,0,0,0,0,0,0,0,0,0,0,0,0,0.0169765272631355,0,0.00848826363156775,0,0,0,0,0,0,0,0,0,0,0.00282942121052258,0,0,0,0.00848826363156775,0.00282942121052258,0.00565884242104517,0,0,0,0,0,0,0,0,0,0,0.00848826363156775,0,0,0,0,0,0,0,0,0,0,0,0,0,0,0,0,0,0,0.0141471060526129,0,0,0,0,0,0,0,0,0,0,0,0,0,0,0,0,0,0,0,0,0,0,0.00282942121052258,0.00565884242104517,0,0,0,0,0,0,0,0,0,0,0,0,0,0,0,0,0,0,0,0,0,0,0,0,0,0,0,0,0,0.0113176848420903,0,0,0,0,0.124494533262994,0,0,0,0,0,0,0,0,0,0,0,0,0,0,0,0,0,0,0,0,0,0,0,0,0,0,0,0,0,0,0,0,0,0,0,0,0,0,0,0,0,0,0,0,0,0,0,0,0,0,0,0.00565884242104517,0,0,0,0,0,0,0,0,0,0,0,0,0,0,0.00282942121052258,0,0,0,0,0,0,0,0,0,0,0,0,0,0,0,0,0.00282942121052258,0,0,0,0,0,0,0,0,0,0,0,0,0,0,0,0.00282942121052258,0,0,0,0,0,0,0,0,0,0,0,0,0.00565884242104517,0,0,0,0,0,0,0,0,0,0,0,0,0,0,0,0,0,0,0,0,0,0,0,0,0,0,0,0,0,0,0.00282942121052258,0,0,0,0,0,0,0,0,0,0,0,0,0,0,0,0,0.00565884242104517,0,0.00282942121052258,0,0,0,0,0,0,0,0,0,0,0,0,0,0.282387194662514,0,0,1.64854439273099,0,0,0,0,0,0,0,0,0.0576191823574451,0,0,0,0,0.494909342807042,0,0,0,0,0,0,0,0,0,0,0,0,0,0,0,0,0,0,0,0.0142662246855759,0,0,0,0,0,0,0,0,0,0,0,0,0,0,0,0,0,0,0,0,0,0,0,0,0,3.3115954128059,0,0,0,0,0,0,0,0,0,1.2256956478894,0,0,0,0,0,0,0,0,0,0,0,0,0,0,0,0,0,0,0,0,0,0,0,0,70.5794413517648,0,0,0,0,1.45758611745258,0,0,0,0.289431161465563,0,0,0,0,0,0,0,0,0,0,0,0,0,0,0,0.164507521585897,0,0,0,0,0,0,0,0.583555502051457,0,0,0,0,0,0,0,0,0,0,0,0,0,0,0,0,0,0,0,0,0,0,0,0,0,0,0,0.717945826221632,21.0934999581242,0,0,0,0,0,0,0.415729422502716,0,0,0,0.140199789756601,0,0,0,0,0,0,1.40466413421754,0,0,0,0,0.509690325592484,0,0,0,0,0,0,0,0,0,0,0,0.33392746711967,0,0,0,0,0,0,0,0,0,0,0,0,0,0,0,0,0,0,0,0,0,0,0,0,0,0,0,0,2.21914168557834,0,0,0,0,0,0,0,0,0,0,0.835929532111431,0,0,0,0,0,0,0,0,0,0,0,0,0,0,0,0,0,0,0,0,0,0,0,0,0,0,0,0,0,0,0,0,0,0,0,0,0,0,0,0,0,0,0,0,0,0,0,0,0,0,0.0425470081518565,0,0,0,0,0,0,0,0,0,0,0,0,0,0,0,0,0,0,0,0.506547728493892,0,0,0,0,0,0,0,0,0,0,0,0,0,0,0,0,0,0,0,0,0,0,0,0,0,0,0,0,0,0,0,0,0,0,0,0,0,0,0.0198412491400157,0.00889828028477043,0,0,0,0,0,0,0,0,0,0,0,0,0,0,0,0,32.5856247141557,0,3.99678217468055,0,0,0,0,0,0,0,0,0,0,0.00371220062820563,0,0,0,0.971213667858853,0.387383452121338,3.44974067159184,0,0,0,0,0,0,0,0,0,0,0.368521363008736,0,0,0,0,0,0,0,0,0,0,0,0,0,0,0,0,0,0,7.02617915666765,0,0,0,0,0,0,0,0,0,0,0,0,0,0,0,0,0,0,0,0,0,0,0.195743433710495,0.00710934574632802,0,0,0,0,0,0,0,0,0,0,0,0,0,0,0,0,0,0,0,0,0,0,0,0,0,0,0,0,0,0.0444180831575767,0,0,0,0,0.279957920902141,0,0,0,0,0,0,0,0,0,0,0,0,0,0,0,0,0,0,0,0,0,0,0,0,0,0,0,0,0,0,0,0,0,0,0,0,0,0,0,0,0,0,0,0,0,0,0,0,0,0,0,0.0263656786081336,0,0,0,0,0,0,0,0,0,0,0,0,0,0,0.160122508939768,0,0,0,0,0,0,0,0,0,0,0,0,0,0,0,0,0.349872178296314,0,0,0,0,0,0,0,0,0,0,0,0,0,0,0,0.951487946606965,0,0,0,0,0,0,0,0,0,0,0,0,12.9463135621951,0,0,0,0,0,0,0,0,0,0,0,0,0,0,0,0,0,0,0,0,0,0,0,0,0,0,0,0,0,0,0.049477837269103,0,0,0,0,0,0,0,0,0,0,0,0,0,0,0,0,0.215923907101462,0,0.983079493246332,0,0,0,0,0,0,0,0,0,0,0,"KIN-00345"
"807",8989,"nSPC",2015,"PRIAs","Pacific Remote Island Areas","Kingman","Kingman",2015,"LagoonDeep","Kingman","2015-04-27","Lagoon","Deep",6.38499655,-162.44546972,21,25,33.5,3.5,6,27,5,0,0,NA,0.505,0.298277140414521,1.05,2,1,26.0042291355053,5.14029427017528,9.43951599467981,12.877610021875,53.4616494222355,7.11852220391433,0,0,0,0,0,0,0,0,0,0,0,0,0,0,0,0,0.0254647908947033,0,0,0,0,0,0,0,0,0.00282942121052258,0,0,0,0,0.00848826363156775,0,0,0,0,0,0,0,0,0,0,0,0,0,0,0,0,0,0,0,0,0,0,0,0,0,0,0,0,0,0,0,0,0,0,0,0,0,0,0,0,0,0,0,0,0,0.00282942121052258,0,0,0,0,0,0,0,0,0,0.00848826363156775,0,0,0,0,0,0,0,0,0,0,0,0,0,0,0,0,0,0,0,0,0,0,0,0,0,0,0,0,0,0.0113176848420903,0,0,0,0.0141471060526129,0,0,0,0,0,0,0,0,0,0,0,0,0,0,0,0.00565884242104517,0,0,0,0,0,0,0,0,0,0,0,0,0,0,0,0,0,0,0,0,0,0,0,0,0,0,0,0,0,0,0,0,0,0,0,0.212206590789194,0.00565884242104517,0,0,0,0,0,0,0,0,0.00282942121052258,0,0.0141471060526129,0,0,0,0,0.00565884242104517,0,0.00565884242104517,0,0,0,0,0,0,0,0,0,0,0,0.0113176848420903,0,0,0,0,0.0141471060526129,0,0,0,0,0,0,0,0,0,0,0,0,0,0,0,0,0,0,0,0,0,0,0,0,0,0,0,0,0.0452707393683613,0,0,0.00848826363156775,0,0,0,0,0,0,0,0.0254647908947033,0,0,0,0,0,0,0,0,0,0,0,0,0,0,0,0,0,0,0,0,0,0,0,0.00282942121052258,0,0,0,0,0,0,0,0,0,0,0,0,0,0,0,0,0.00565884242104517,0,0,0,0,0,0,0,0,0,0.00282942121052258,0,0,0,0,0,0,0,0,0,0,0,0,0,0,0,0,0,0,0,0.00282942121052258,0,0,0,0,0,0.00565884242104517,0,0,0,0,0,0,0,0,0,0,0,0,0,0,0,0,0,0,0,0,0,0,0,0,0,0,0,0,0,0,0,0,0.00282942121052258,0.00565884242104517,0,0,0,0.00282942121052258,0,0,0,0,0,0,0,0,0,0,0,0,0.0169765272631355,0,0.0113176848420903,0,0,0,0,0,0,0,0,0,0,0,0,0,0,0.00282942121052258,0,0.00282942121052258,0,0,0,0,0,0,0.00848826363156775,0.00848826363156775,0,0,0.00565884242104517,0,0,0.00282942121052258,0,0,0,0,0,0,0,0,0,0,0,0,0,0,0,0,0,0,0,0,0,0,0,0,0,0,0,0,0,0,0,0,0,0,0,0,0,0,0.00282942121052258,0.00282942121052258,0,0,0,0,0,0,0,0,0,0,0,0,0,0,0,0,0,0,0,0,0,0,0,0,0,0,0,0,0,0.00282942121052258,0,0,0,0,0.0367824757367936,0,0,0,0,0,0,0,0,0,0,0,0,0,0,0,0,0,0,0,0,0,0,0,0,0,0,0,0,0,0,0,0,0,0,0,0.00565884242104517,0,0,0,0,0.00565884242104517,0,0,0,0,0,0,0,0,0,0,0,0,0,0,0,0,0,0,0,0,0,0,0,0,0,0,0,0,0,0,0,0,0,0,0.00282942121052258,0,0,0,0,0,0,0,0,0,0,0,0,0,0,0,0,0,0,0,0,0,0,0,0.00565884242104517,0,0,0,0,0,0,0,0,0,0,0,0,0,0,0,0,0,0.00848826363156775,0,0,0,0,0,0,0,0,0,0,0,0,0,0,0,0,0,0,0,0.0141471060526129,0,0,0,0,0,0.00282942121052258,0,0.00282942121052258,0,0,0,0,0,0,0,0,0,0,0,0,0.00282942121052258,0,0,0,0,0,0,0,0,0,0,0,0,0,0,0,0,0,0,0,0,0.943820611712975,0,0,0,0,0,0,0,0,0.14610423775836,0,0,0,0,1.4026550073675,0,0,0,0,0,0,0,0,0,0,0,0,0,0,0,0,0,0,0,0,0,0,0,0,0,0,0,0,0,0,0,0,0,0,0,0,0,0,0,0,0,0,0,0,0,0.312297147030625,0,0,0,0,0,0,0,0,0,1.17395255324324,0,0,0,0,0,0,0,0,0,0,0,0,0,0,0,0,0,0,0,0,0,0,0,0,0,0,0,0,0,3.26578294019022,0,0,0,0.0562811092325366,0,0,0,0,0,0,0,0,0,0,0,0,0,0,0,0.175447654231927,0,0,0,0,0,0,0,0,0,0,0,0,0,0,0,0,0,0,0,0,0,0,0,0,0,0,0,0,0,0,0,0,0,0,0,0.761380271224364,4.69258197949905,0,0,0,0,0,0,0,0,0.0363164088629361,0,0.157952819428435,0,0,0,0,0.24969513289012,0,1.00386181727241,0,0,0,0,0,0,0,0,0,0,0,0.00788389926100013,0,0,0,0,0.111404656154229,0,0,0,0,0,0,0,0,0,0,0,0,0,0,0,0,0,0,0,0,0,0,0,0,0,0,0,0,0.668456795805534,0,0,0.589892570569566,0,0,0,0,0,0,0,0.0734866544300231,0,0,0,0,0,0,0,0,0,0,0,0,0,0,0,0,0,0,0,0,0,0,0,0.372388196362932,0,0,0,0,0,0,0,0,0,0,0,0,0,0,0,0,0.113070745125509,0,0,0,0,0,0,0,0,0,0.026156210383102,0,0,0,0,0,0,0,0,0,0,0,0,0,0,0,0,0,0,0,0.198307920911827,0,0,0,0,0,0.0210358978738723,0,0,0,0,0,0,0,0,0,0,0,0,0,0,0,0,0,0,0,0,0,0,0,0,0,0,0,0,0,0,0,0,0.0119901315272546,0.0289404263066379,0,0,0,0.0174192156537166,0,0,0,0,0,0,0,0,0,0,0,0,22.3282115562639,0,5.09501446388788,0,0,0,0,0,0,0,0,0,0,0,0,0,0,0.575196051615958,0,2.71758932289062,0,0,0,0,0,0,1.07054316997466,1.08417381203184,0,0,0.665354035505368,0,0,0.642160170573982,0,0,0,0,0,0,0,0,0,0,0,0,0,0,0,0,0,0,0,0,0,0,0,0,0,0,0,0,0,0,0,0,0,0,0,0,0,0,0.234786984819254,0.0204346147065911,0,0,0,0,0,0,0,0,0,0,0,0,0,0,0,0,0,0,0,0,0,0,0,0,0,0,0,0,0,0.0237700727986309,0,0,0,0,0.131437865661761,0,0,0,0,0,0,0,0,0,0,0,0,0,0,0,0,0,0,0,0,0,0,0,0,0,0,0,0,0,0,0,0,0,0,0,0.0192312930258009,0,0,0,0,0.0458228613598685,0,0,0,0,0,0,0,0,0,0,0,0,0,0,0,0,0,0,0,0,0,0,0,0,0,0,0,0,0,0,0,0,0,0,0.386127717294564,0,0,0,0,0,0,0,0,0,0,0,0,0,0,0,0,0,0,0,0,0,0,0,1.42207840714286,0,0,0,0,0,0,0,0,0,0,0,0,0,0,0,0,0,0.0625427034448742,0,0,0,0,0,0,0,0,0,0,0,0,0,0,0,0,0,0,0,0.00260731164549656,0,0,0,0,0,0.049477837269103,0,0.00251705310888089,0,0,0,0,0,0,0,0,0,0,0,0,0.264009106903639,0,0,0,0,91.75330158,91.80640162,97.95440161,99.73090168,82.7387014,97.6286017,78.09550134,83.1080015,91.1478016,86.43210148,92.54380164,"KIN-00310"
"808",8989,"nSPC",2015,"PRIAs","Pacific Remote Island Areas","Kingman","Kingman",2015,"LagoonDeep","Kingman","2015-04-27","Lagoon","Deep",6.38499655,-162.44546972,21,25,33.5,3.5,6,27,5,0,0,NA,0.505,0.298277140414521,1.05,2,1,26.0042291355053,5.14029427017528,9.43951599467981,12.877610021875,53.4616494222355,7.11852220391433,0,0,0,0,0,0,0,0,0,0,0,0,0,0,0,0,0.0254647908947033,0,0,0,0,0,0,0,0,0.00282942121052258,0,0,0,0,0.00848826363156775,0,0,0,0,0,0,0,0,0,0,0,0,0,0,0,0,0,0,0,0,0,0,0,0,0,0,0,0,0,0,0,0,0,0,0,0,0,0,0,0,0,0,0,0,0,0.00282942121052258,0,0,0,0,0,0,0,0,0,0.00848826363156775,0,0,0,0,0,0,0,0,0,0,0,0,0,0,0,0,0,0,0,0,0,0,0,0,0,0,0,0,0,0.0113176848420903,0,0,0,0.0141471060526129,0,0,0,0,0,0,0,0,0,0,0,0,0,0,0,0.00565884242104517,0,0,0,0,0,0,0,0,0,0,0,0,0,0,0,0,0,0,0,0,0,0,0,0,0,0,0,0,0,0,0,0,0,0,0,0.212206590789194,0.00565884242104517,0,0,0,0,0,0,0,0,0.00282942121052258,0,0.0141471060526129,0,0,0,0,0.00565884242104517,0,0.00565884242104517,0,0,0,0,0,0,0,0,0,0,0,0.0113176848420903,0,0,0,0,0.0141471060526129,0,0,0,0,0,0,0,0,0,0,0,0,0,0,0,0,0,0,0,0,0,0,0,0,0,0,0,0,0.0452707393683613,0,0,0.00848826363156775,0,0,0,0,0,0,0,0.0254647908947033,0,0,0,0,0,0,0,0,0,0,0,0,0,0,0,0,0,0,0,0,0,0,0,0.00282942121052258,0,0,0,0,0,0,0,0,0,0,0,0,0,0,0,0,0.00565884242104517,0,0,0,0,0,0,0,0,0,0.00282942121052258,0,0,0,0,0,0,0,0,0,0,0,0,0,0,0,0,0,0,0,0.00282942121052258,0,0,0,0,0,0.00565884242104517,0,0,0,0,0,0,0,0,0,0,0,0,0,0,0,0,0,0,0,0,0,0,0,0,0,0,0,0,0,0,0,0,0.00282942121052258,0.00565884242104517,0,0,0,0.00282942121052258,0,0,0,0,0,0,0,0,0,0,0,0,0.0169765272631355,0,0.0113176848420903,0,0,0,0,0,0,0,0,0,0,0,0,0,0,0.00282942121052258,0,0.00282942121052258,0,0,0,0,0,0,0.00848826363156775,0.00848826363156775,0,0,0.00565884242104517,0,0,0.00282942121052258,0,0,0,0,0,0,0,0,0,0,0,0,0,0,0,0,0,0,0,0,0,0,0,0,0,0,0,0,0,0,0,0,0,0,0,0,0,0,0.00282942121052258,0.00282942121052258,0,0,0,0,0,0,0,0,0,0,0,0,0,0,0,0,0,0,0,0,0,0,0,0,0,0,0,0,0,0.00282942121052258,0,0,0,0,0.0367824757367936,0,0,0,0,0,0,0,0,0,0,0,0,0,0,0,0,0,0,0,0,0,0,0,0,0,0,0,0,0,0,0,0,0,0,0,0.00565884242104517,0,0,0,0,0.00565884242104517,0,0,0,0,0,0,0,0,0,0,0,0,0,0,0,0,0,0,0,0,0,0,0,0,0,0,0,0,0,0,0,0,0,0,0.00282942121052258,0,0,0,0,0,0,0,0,0,0,0,0,0,0,0,0,0,0,0,0,0,0,0,0.00565884242104517,0,0,0,0,0,0,0,0,0,0,0,0,0,0,0,0,0,0.00848826363156775,0,0,0,0,0,0,0,0,0,0,0,0,0,0,0,0,0,0,0,0.0141471060526129,0,0,0,0,0,0.00282942121052258,0,0.00282942121052258,0,0,0,0,0,0,0,0,0,0,0,0,0.00282942121052258,0,0,0,0,0,0,0,0,0,0,0,0,0,0,0,0,0,0,0,0,0.943820611712975,0,0,0,0,0,0,0,0,0.14610423775836,0,0,0,0,1.4026550073675,0,0,0,0,0,0,0,0,0,0,0,0,0,0,0,0,0,0,0,0,0,0,0,0,0,0,0,0,0,0,0,0,0,0,0,0,0,0,0,0,0,0,0,0,0,0.312297147030625,0,0,0,0,0,0,0,0,0,1.17395255324324,0,0,0,0,0,0,0,0,0,0,0,0,0,0,0,0,0,0,0,0,0,0,0,0,0,0,0,0,0,3.26578294019022,0,0,0,0.0562811092325366,0,0,0,0,0,0,0,0,0,0,0,0,0,0,0,0.175447654231927,0,0,0,0,0,0,0,0,0,0,0,0,0,0,0,0,0,0,0,0,0,0,0,0,0,0,0,0,0,0,0,0,0,0,0,0.761380271224364,4.69258197949905,0,0,0,0,0,0,0,0,0.0363164088629361,0,0.157952819428435,0,0,0,0,0.24969513289012,0,1.00386181727241,0,0,0,0,0,0,0,0,0,0,0,0.00788389926100013,0,0,0,0,0.111404656154229,0,0,0,0,0,0,0,0,0,0,0,0,0,0,0,0,0,0,0,0,0,0,0,0,0,0,0,0,0.668456795805534,0,0,0.589892570569566,0,0,0,0,0,0,0,0.0734866544300231,0,0,0,0,0,0,0,0,0,0,0,0,0,0,0,0,0,0,0,0,0,0,0,0.372388196362932,0,0,0,0,0,0,0,0,0,0,0,0,0,0,0,0,0.113070745125509,0,0,0,0,0,0,0,0,0,0.026156210383102,0,0,0,0,0,0,0,0,0,0,0,0,0,0,0,0,0,0,0,0.198307920911827,0,0,0,0,0,0.0210358978738723,0,0,0,0,0,0,0,0,0,0,0,0,0,0,0,0,0,0,0,0,0,0,0,0,0,0,0,0,0,0,0,0,0.0119901315272546,0.0289404263066379,0,0,0,0.0174192156537166,0,0,0,0,0,0,0,0,0,0,0,0,22.3282115562639,0,5.09501446388788,0,0,0,0,0,0,0,0,0,0,0,0,0,0,0.575196051615958,0,2.71758932289062,0,0,0,0,0,0,1.07054316997466,1.08417381203184,0,0,0.665354035505368,0,0,0.642160170573982,0,0,0,0,0,0,0,0,0,0,0,0,0,0,0,0,0,0,0,0,0,0,0,0,0,0,0,0,0,0,0,0,0,0,0,0,0,0,0.234786984819254,0.0204346147065911,0,0,0,0,0,0,0,0,0,0,0,0,0,0,0,0,0,0,0,0,0,0,0,0,0,0,0,0,0,0.0237700727986309,0,0,0,0,0.131437865661761,0,0,0,0,0,0,0,0,0,0,0,0,0,0,0,0,0,0,0,0,0,0,0,0,0,0,0,0,0,0,0,0,0,0,0,0.0192312930258009,0,0,0,0,0.0458228613598685,0,0,0,0,0,0,0,0,0,0,0,0,0,0,0,0,0,0,0,0,0,0,0,0,0,0,0,0,0,0,0,0,0,0,0.386127717294564,0,0,0,0,0,0,0,0,0,0,0,0,0,0,0,0,0,0,0,0,0,0,0,1.42207840714286,0,0,0,0,0,0,0,0,0,0,0,0,0,0,0,0,0,0.0625427034448742,0,0,0,0,0,0,0,0,0,0,0,0,0,0,0,0,0,0,0,0.00260731164549656,0,0,0,0,0,0.049477837269103,0,0.00251705310888089,0,0,0,0,0,0,0,0,0,0,0,0,0.264009106903639,0,0,0,0,0,0,0,0,0,0,0,0,0,0,0,"KIN-00310"
"809",8990,"nSPC",2015,"PRIAs","Pacific Remote Island Areas","Kingman","Kingman",2015,"ForereefMid","Kingman","2015-04-27","Forereef","Mid",6.38086662,-162.45830384,14,16.5,37.5,3.5,6,36.5,0,0,0,NA,0.22,0.162972193316458,0.7,2,1,29.5763603889402,102.312060232159,6.37036903416395,4.24218973088476,142.500979386147,1.8243714763272,0,0,0,0,0,0.00848826363156775,0,0,0,0,0,0,0,0,0,0,0.00565884242104517,0,0,0,0,0,0,0,0,0,0,0,0,0,0,0,0,0,0,0,0,0,0,0,0,0,0,0,0,0,0,0,0,0,0.00282942121052258,0,0,0,0,0,0,0,0,0,0,0,0,0,0,0,0,0,0,0,0,0,0,0,0,0,0,0,0,0,0,0.0141471060526129,0,0,0,0,0,0,0,0,0,0,0,0,0,0,0,0,0,0,0,0,0,0,0,0,0,0,0,0,0,0.311236333157484,0,0,0,0,0.00565884242104517,0,0,0,0.0735649514735872,0,0,0,0,0.033953054526271,0,0,0,0,0,0,0,0,0,0,0.0113176848420903,0,0,0,0,0,0,0,0,0,0,0,0,0,0,0,0,0,0,0,0,0,0,0,0,0,0,0,0,0,0,0,0,0,0,0,0.0622472666314969,0,0,0,0,0,0,0,0.00282942121052258,0,0,0,0,0,0,0,0,0.00282942121052258,0,0,0,0,0,0,0,0,0,0,0,0,0.00282942121052258,0.481001605788839,0,0,0,0,0,0.0848826363156775,0,0,0,0,0,0,0,0,0,0,0,0,0,0,0,0,0,0,0,0,0,0,0,0,0,0,0,0,0,0,0.0169765272631355,0,0,0,0,0,0,0,0,0,0,0,0,0,0,0,0,0,0,0,0,0,0,0,0,0,0,0,0,0,0,0,0,0,0,0,0,0,0,0,0,0,0,0,0,0,0,0,0,0,0,0,0,0,0,0,0,0,0,0.00282942121052258,0,0,0,0,0,0,0.00282942121052258,0,0,0,0,0,0,0,0,0,0,0,0,0.00282942121052258,0,0,0,0,0,0.0141471060526129,0,0,0,0,0,0,0,0,0,0,0,0,0,0,0,0,0,0,0,0,0,0,0,0,0,0,0,0,0,0,0,0,0,0.00565884242104517,0,0,0,0.00565884242104517,0,0,0,0,0,0,0,0,0.00565884242104517,0,0,0,0.0141471060526129,0,0,0,0,0,0,0,0,0,0,0,0,0.00848826363156775,0,0,0,0.0311236333157484,0.00282942121052258,0.00282942121052258,0,0,0,0,0,0,0,0,0,0,0,0,0,0,0,0,0,0,0,0.00282942121052258,0,0.00848826363156775,0.00565884242104517,0,0,0,0,0,0,0.00565884242104517,0,0,0,0,0,0,0,0,0,0,0,0,0,0,0,0,0,0,0,0,0,0,0,0.0311236333157484,0,0,0,0,0,0,0.00282942121052258,0,0,0,0,0,0,0,0,0,0,0,0,0,0,0,0,0,0,0,0,0,0,0.0452707393683613,0,0,0,0,0.118835690841949,0,0,0,0,0,0,0,0,0,0,0,0,0,0,0,0,0,0,0,0,0,0,0,0,0,0,0,0,0,0,0,0,0,0,0,0.00565884242104517,0,0,0,0,0.0198059484736581,0.183912378683968,0,0,0,0,0,0,0,0,0,0,0,0,0,0,0,0,0,0,0,0,0,0,0,0,0,0,0,0,0,0,0,0,0,0,0,0,0,0,0,0,0,0,0,0,0,0,0,0,0,0,0,0,0.00282942121052258,0,0,0,0,0.00282942121052258,0,0,0,0,0,0,0,0,0,0,0,0,0.00282942121052258,0,0,0,0,0.0169765272631355,0,0,0,0,0,0,0,0,0,0,0,0,0,0,0,0,0,0,0,0.430072023999433,0,0,0,0,0,0.00282942121052258,0,0.0424413181578388,0,0,0,0,0,0,0.00282942121052258,0,0,0,0,0,0,0,0,0,0,0,0,0,0,0,1.32586677925088,0,0,0,0,0,0,0,0,0,0,0.166543982934026,0,0,0,0,0,0,0,0,0,0,0,0,0,0,0,0,0,0,0,0,0,0,0,0,0,0,0,0,0,0,0,0,0,0.0303209265183232,0,0,0,0,0,0,0,0,0,0,0,0,0,0,0,0,0,0,0,0,0,0,0,0,0,0,0,0,0,0,0.0334512226605436,0,0,0,0,0,0,0,0,0,0,0,0,0,0,0,0,0,0,0,0,0,0,0,0,0,0,0,0,0,69.1041382150654,0,0,0,0,2.04720412254201,0,0,0,0.0962728308366964,0,0,0,0,0.0754471970422701,0,0,0,0,0,0,0,0,0,0,0.552595569980003,0,0,0,0,0,0,0,0,0,0,0,0,0,0,0,0,0,0,0,0,0,0,0,0,0,0,0,0,0,0,0,0,0,0,0,0.0792769870133902,0,0,0,0,0,0,0,0.333200775916839,0,0,0,0,0,0,0,0,0.179111292414106,0,0,0,0,0,0,0,0,0,0,0,0,0.0144145984199661,0.740210541727234,0,0,0,0,0,0.212117907263434,0,0,0,0,0,0,0,0,0,0,0,0,0,0,0,0,0,0,0,0,0,0,0,0,0,0,0,0,0,0,1.79130018685052,0,0,0,0,0,0,0,0,0,0,0,0,0,0,0,0,0,0,0,0,0,0,0,0,0,0,0,0,0,0,0,0,0,0,0,0,0,0,0,0,0,0,0,0,0,0,0,0,0,0,0,0,0,0,0,0,0,0,0.00534136646040863,0,0,0,0,0,0,2.20797912027838,0,0,0,0,0,0,0,0,0,0,0,0,0.0871699903121249,0,0,0,0,0,0.051554883876932,0,0,0,0,0,0,0,0,0,0,0,0,0,0,0,0,0,0,0,0,0,0,0,0,0,0,0,0,0,0,0,0,0,0.0143058943670161,0,0,0,0.00540243409826541,0,0,0,0,0,0,0,0,0.0231996977446194,0,0,0,14.6687357869547,0,0,0,0,0,0,0,0,0,0,0,0,0.0270294608241222,0,0,0,6.00800702810815,0.387383452121338,2.71758932289062,0,0,0,0,0,0,0,0,0,0,0,0,0,0,0,0,0,0,0,1.66555910098142,0,9.49401799260525,0.623884025501577,0,0,0,0,0,0,13.9774053925785,0,0,0,0,0,0,0,0,0,0,0,0,0,0,0,0,0,0,0,0,0,0,0,0.0663042092088264,0,0,0,0,0,0,0.221217541251428,0,0,0,0,0,0,0,0,0,0,0,0,0,0,0,0,0,0,0,0,0,0,0.0907570248716587,0,0,0,0,0.25589961824395,0,0,0,0,0,0,0,0,0,0,0,0,0,0,0,0,0,0,0,0,0,0,0,0,0,0,0,0,0,0,0,0,0,0,0,0.0118128335539318,0,0,0,0,0.136590207831029,0.609598757038009,0,0,0,0,0,0,0,0,0,0,0,0,0,0,0,0,0,0,0,0,0,0,0,0,0,0,0,0,0,0,0,0,0,0,0,0,0,0,0,0,0,0,0,0,0,0,0,0,0,0,0,0,0.752165247480652,0,0,0,0,1.07220622884655,0,0,0,0,0,0,0,0,0,0,0,0,6.60248473416348,0,0,0,0,0.0792991032994423,0,0,0,0,0,0,0,0,0,0,0,0,0,0,0,0,0,0,0,0.365077389372518,0,0,0,0,0,0.0379719758553684,0,0.177412915221277,0,0,0,0,0,0,3.2761435137701,0,0,0,0,0,0,0,0,0,0,23.36640036,23.95480043,24.24200043,17.75040031,23.12450038,23.00980038,25.82650046,31.70350056,30.13370054,31.53480056,14.97820027,"KIN-00336"
"810",8990,"nSPC",2015,"PRIAs","Pacific Remote Island Areas","Kingman","Kingman",2015,"ForereefMid","Kingman","2015-04-27","Forereef","Mid",6.38086662,-162.45830384,14,16.5,37.5,3.5,6,36.5,0,0,0,NA,0.22,0.162972193316458,0.7,2,1,29.5763603889402,102.312060232159,6.37036903416395,4.24218973088476,142.500979386147,1.8243714763272,0,0,0,0,0,0.00848826363156775,0,0,0,0,0,0,0,0,0,0,0.00565884242104517,0,0,0,0,0,0,0,0,0,0,0,0,0,0,0,0,0,0,0,0,0,0,0,0,0,0,0,0,0,0,0,0,0,0.00282942121052258,0,0,0,0,0,0,0,0,0,0,0,0,0,0,0,0,0,0,0,0,0,0,0,0,0,0,0,0,0,0,0.0141471060526129,0,0,0,0,0,0,0,0,0,0,0,0,0,0,0,0,0,0,0,0,0,0,0,0,0,0,0,0,0,0.311236333157484,0,0,0,0,0.00565884242104517,0,0,0,0.0735649514735872,0,0,0,0,0.033953054526271,0,0,0,0,0,0,0,0,0,0,0.0113176848420903,0,0,0,0,0,0,0,0,0,0,0,0,0,0,0,0,0,0,0,0,0,0,0,0,0,0,0,0,0,0,0,0,0,0,0,0.0622472666314969,0,0,0,0,0,0,0,0.00282942121052258,0,0,0,0,0,0,0,0,0.00282942121052258,0,0,0,0,0,0,0,0,0,0,0,0,0.00282942121052258,0.481001605788839,0,0,0,0,0,0.0848826363156775,0,0,0,0,0,0,0,0,0,0,0,0,0,0,0,0,0,0,0,0,0,0,0,0,0,0,0,0,0,0,0.0169765272631355,0,0,0,0,0,0,0,0,0,0,0,0,0,0,0,0,0,0,0,0,0,0,0,0,0,0,0,0,0,0,0,0,0,0,0,0,0,0,0,0,0,0,0,0,0,0,0,0,0,0,0,0,0,0,0,0,0,0,0.00282942121052258,0,0,0,0,0,0,0.00282942121052258,0,0,0,0,0,0,0,0,0,0,0,0,0.00282942121052258,0,0,0,0,0,0.0141471060526129,0,0,0,0,0,0,0,0,0,0,0,0,0,0,0,0,0,0,0,0,0,0,0,0,0,0,0,0,0,0,0,0,0,0.00565884242104517,0,0,0,0.00565884242104517,0,0,0,0,0,0,0,0,0.00565884242104517,0,0,0,0.0141471060526129,0,0,0,0,0,0,0,0,0,0,0,0,0.00848826363156775,0,0,0,0.0311236333157484,0.00282942121052258,0.00282942121052258,0,0,0,0,0,0,0,0,0,0,0,0,0,0,0,0,0,0,0,0.00282942121052258,0,0.00848826363156775,0.00565884242104517,0,0,0,0,0,0,0.00565884242104517,0,0,0,0,0,0,0,0,0,0,0,0,0,0,0,0,0,0,0,0,0,0,0,0.0311236333157484,0,0,0,0,0,0,0.00282942121052258,0,0,0,0,0,0,0,0,0,0,0,0,0,0,0,0,0,0,0,0,0,0,0.0452707393683613,0,0,0,0,0.118835690841949,0,0,0,0,0,0,0,0,0,0,0,0,0,0,0,0,0,0,0,0,0,0,0,0,0,0,0,0,0,0,0,0,0,0,0,0.00565884242104517,0,0,0,0,0.0198059484736581,0.183912378683968,0,0,0,0,0,0,0,0,0,0,0,0,0,0,0,0,0,0,0,0,0,0,0,0,0,0,0,0,0,0,0,0,0,0,0,0,0,0,0,0,0,0,0,0,0,0,0,0,0,0,0,0,0.00282942121052258,0,0,0,0,0.00282942121052258,0,0,0,0,0,0,0,0,0,0,0,0,0.00282942121052258,0,0,0,0,0.0169765272631355,0,0,0,0,0,0,0,0,0,0,0,0,0,0,0,0,0,0,0,0.430072023999433,0,0,0,0,0,0.00282942121052258,0,0.0424413181578388,0,0,0,0,0,0,0.00282942121052258,0,0,0,0,0,0,0,0,0,0,0,0,0,0,0,1.32586677925088,0,0,0,0,0,0,0,0,0,0,0.166543982934026,0,0,0,0,0,0,0,0,0,0,0,0,0,0,0,0,0,0,0,0,0,0,0,0,0,0,0,0,0,0,0,0,0,0.0303209265183232,0,0,0,0,0,0,0,0,0,0,0,0,0,0,0,0,0,0,0,0,0,0,0,0,0,0,0,0,0,0,0.0334512226605436,0,0,0,0,0,0,0,0,0,0,0,0,0,0,0,0,0,0,0,0,0,0,0,0,0,0,0,0,0,69.1041382150654,0,0,0,0,2.04720412254201,0,0,0,0.0962728308366964,0,0,0,0,0.0754471970422701,0,0,0,0,0,0,0,0,0,0,0.552595569980003,0,0,0,0,0,0,0,0,0,0,0,0,0,0,0,0,0,0,0,0,0,0,0,0,0,0,0,0,0,0,0,0,0,0,0,0.0792769870133902,0,0,0,0,0,0,0,0.333200775916839,0,0,0,0,0,0,0,0,0.179111292414106,0,0,0,0,0,0,0,0,0,0,0,0,0.0144145984199661,0.740210541727234,0,0,0,0,0,0.212117907263434,0,0,0,0,0,0,0,0,0,0,0,0,0,0,0,0,0,0,0,0,0,0,0,0,0,0,0,0,0,0,1.79130018685052,0,0,0,0,0,0,0,0,0,0,0,0,0,0,0,0,0,0,0,0,0,0,0,0,0,0,0,0,0,0,0,0,0,0,0,0,0,0,0,0,0,0,0,0,0,0,0,0,0,0,0,0,0,0,0,0,0,0,0.00534136646040863,0,0,0,0,0,0,2.20797912027838,0,0,0,0,0,0,0,0,0,0,0,0,0.0871699903121249,0,0,0,0,0,0.051554883876932,0,0,0,0,0,0,0,0,0,0,0,0,0,0,0,0,0,0,0,0,0,0,0,0,0,0,0,0,0,0,0,0,0,0.0143058943670161,0,0,0,0.00540243409826541,0,0,0,0,0,0,0,0,0.0231996977446194,0,0,0,14.6687357869547,0,0,0,0,0,0,0,0,0,0,0,0,0.0270294608241222,0,0,0,6.00800702810815,0.387383452121338,2.71758932289062,0,0,0,0,0,0,0,0,0,0,0,0,0,0,0,0,0,0,0,1.66555910098142,0,9.49401799260525,0.623884025501577,0,0,0,0,0,0,13.9774053925785,0,0,0,0,0,0,0,0,0,0,0,0,0,0,0,0,0,0,0,0,0,0,0,0.0663042092088264,0,0,0,0,0,0,0.221217541251428,0,0,0,0,0,0,0,0,0,0,0,0,0,0,0,0,0,0,0,0,0,0,0.0907570248716587,0,0,0,0,0.25589961824395,0,0,0,0,0,0,0,0,0,0,0,0,0,0,0,0,0,0,0,0,0,0,0,0,0,0,0,0,0,0,0,0,0,0,0,0.0118128335539318,0,0,0,0,0.136590207831029,0.609598757038009,0,0,0,0,0,0,0,0,0,0,0,0,0,0,0,0,0,0,0,0,0,0,0,0,0,0,0,0,0,0,0,0,0,0,0,0,0,0,0,0,0,0,0,0,0,0,0,0,0,0,0,0,0.752165247480652,0,0,0,0,1.07220622884655,0,0,0,0,0,0,0,0,0,0,0,0,6.60248473416348,0,0,0,0,0.0792991032994423,0,0,0,0,0,0,0,0,0,0,0,0,0,0,0,0,0,0,0,0.365077389372518,0,0,0,0,0,0.0379719758553684,0,0.177412915221277,0,0,0,0,0,0,3.2761435137701,0,0,0,0,0,0,0,0,0,0,57.17000097,65.05120115,69.44080115,69.24590119,46.6016008,50.77040088,41.97230073,55.63140101,61.16700107,45.86160077,48.81690088,"KIN-00336"
"811",8991,"nSPC",2015,"PRIAs","Pacific Remote Island Areas","Kingman","Kingman",2015,"ForereefMid","Kingman","2015-04-27","Forereef","Mid",6.38804387,-162.47382168,13.9,17.5,5,2,2,67,6.5,0,0,NA,0.3525,0.239499407046115,0.7,2,1,3.64513017269486,4.01753723169328,4.74113098300506,7.19305879697836,19.5968571843716,1.46039354095531,0,0,0,0,0,0,0,0,0,0,0,0,0,0,0,0,0.00565884242104517,0,0,0.0141471060526129,0,0.00565884242104517,0,0,0,0,0,0,0,0,0,0,0,0,0,0,0,0,0,0,0,0,0,0,0,0,0,0,0,0,0,0,0,0,0,0,0,0,0,0,0,0,0,0,0,0.00282942121052258,0,0,0,0,0,0,0,0,0,0,0.00282942121052258,0,0,0,0,0,0,0,0,0,0.00848826363156775,0,0,0,0,0,0,0,0,0,0,0,0,0,0,0,0,0,0,0,0,0,0,0,0,0,0,0,0,0,0.00282942121052258,0,0,0,0,0,0,0,0,0,0,0,0,0,0,0,0,0,0,0,0.00848826363156775,0,0,0,0,0,0,0,0,0,0,0,0,0,0,0,0,0,0,0,0,0,0,0,0,0,0,0,0,0,0.00565884242104517,0,0,0,0,0,0.0113176848420903,0,0,0,0,0,0,0,0,0,0,0,0,0,0,0.00565884242104517,0,0.0113176848420903,0,0.00282942121052258,0,0.00848826363156775,0,0,0,0,0,0,0,0,0,0.67906109052542,0,0,0,0,0,0,0,0,0,0,0,0,0,0.00565884242104517,0,0,0,0,0,0,0,0,0,0,0,0.00848826363156775,0,0,0,0,0,0,0,0,0,0,0.0113176848420903,0,0,0,0,0,0,0,0.00282942121052258,0,0,0,0,0,0,0,0,0,0,0,0,0,0,0,0,0,0,0,0,0.0113176848420903,0,0,0,0,0,0,0,0,0,0,0,0,0,0,0,0,0,0,0,0,0,0,0,0,0,0,0,0,0,0,0,0,0,0,0,0,0,0,0,0,0,0,0,0,0,0,0,0,0,0,0,0,0,0,0,0.00565884242104517,0,0,0,0,0,0,0,0,0,0,0,0,0,0,0,0,0,0,0,0,0,0,0,0,0,0,0,0,0,0,0,0,0,0.00565884242104517,0,0,0,0,0,0,0,0,0,0.00282942121052258,0,0,0,0.00565884242104517,0,0,0.00282942121052258,0,0,0,0,0,0,0,0,0,0,0,0,0.0113176848420903,0,0,0,0.00848826363156775,0.00565884242104517,0,0,0,0,0,0,0,0,0,0,0,0,0,0,0,0,0,0,0,0,0,0,0,0,0,0,0,0,0,0,0,0,0,0,0,0,0,0,0,0,0,0.00565884242104517,0,0,0,0,0,0,0,0,0,0,0,0.00848826363156775,0.0169765272631355,0,0,0,0,0,0,0,0,0,0,0,0,0,0,0,0,0,0,0,0,0,0,0,0,0,0,0,0,0,0.00848826363156775,0,0,0,0.00282942121052258,0,0,0,0,0,0,0,0,0,0,0,0,0,0,0.00848826363156775,0,0,0,0,0,0,0,0,0,0,0,0,0,0,0,0,0,0,0,0,0,0,0,0,0,0,0.00282942121052258,0.0565884242104517,0,0,0,0,0,0,0,0,0,0,0,0,0,0,0,0,0,0,0,0,0,0,0,0,0,0,0,0,0,0,0,0,0,0,0,0,0,0,0,0,0,0,0,0,0,0,0,0,0,0,0,0,0,0,0,0,0,0.00565884242104517,0,0,0,0,0,0,0,0,0,0,0,0,0,0,0,0,0,0,0,0,0,0,0,0,0,0,0,0.00565884242104517,0.00282942121052258,0,0,0,0,0,0,0,0,1.56749935062951,0,0,0,0,0,0,0,0.0933708999472453,0,0,0,0,0,0,0,0,0,0,0,0,0,0,0,0,0,0,0,0,0,0,0,0,0,0,0,0,0,0,0,0,0,0.322106956458022,0,0,0.368749111151021,0,0.68583799174468,0,0,0,0,0,0,0,0,0,0,0,0,0,0,0,0,0,0,0,0,0,0,0,0,0,0,0,0,0,0,0,0,0,0,0,0,0,0,0,0,0,0,0,0.204882759234707,0,0,0,0,0,0,0,0,0,0,0.312297147030625,0,0,0,0,0,0,0,0,0,0.817541438148061,0,0,0,0,0,0,0,0,0,0,0,0,0,0,0,0,0,0,0,0,0,0,0,0,0,0,0,0,0,1.05377224459221,0,0,0,0,0,0,0,0,0,0,0,0,0,0,0,0,0,0,0,0.453909236282692,0,0,0,0,0,0,0,0,0,0,0,0,0,0,0,0,0,0,0,0,0,0,0,0,0,0,0,0,0,0.119323859908858,0,0,0,0,0,0.0364995336157413,0,0,0,0,0,0,0,0,0,0,0,0,0,0,0.217401603926528,0,0.434803207853057,0,0.309789611802869,0,0.0143909936236918,0,0,0,0,0,0,0,0,0,0.905188433670385,0,0,0,0,0,0,0,0,0,0,0,0,0,0.00603376847504995,0,0,0,0,0,0,0,0,0,0,0,0.0284926205157528,0,0,0,0,0,0,0,0,0,0,1.00513816513111,0,0,0,0,0,0,0,0.00485052669133039,0,0,0,0,0,0,0,0,0,0,0,0,0,0,0,0,0,0,0,0,1.2765167126766,0,0,0,0,0,0,0,0,0,0,0,0,0,0,0,0,0,0,0,0,0,0,0,0,0,0,0,0,0,0,0,0,0,0,0,0,0,0,0,0,0,0,0,0,0,0,0,0,0,0,0,0,0,0,0,0.0258150732405659,0,0,0,0,0,0,0,0,0,0,0,0,0,0,0,0,0,0,0,0,0,0,0,0,0,0,0,0,0,0,0,0,0,0.027397062361695,0,0,0,0,0,0,0,0,0,1.60249854240489,0,0,0,1.51587692214898,0,0,0.372242439806556,0,0,0,0,0,0,0,0,0,0,0,0,0.0746500345078226,0,0,0,1.03680023411674,0.884514223941237,0,0,0,0,0,0,0,0,0,0,0,0,0,0,0,0,0,0,0,0,0,0,0,0,0,0,0,0,0,0,0,0,0,0,0,0,0,0,0,0,0,0.00117609353108132,0,0,0,0,0,0,0,0,0,0,0,0.488689539336799,0.158084208215363,0,0,0,0,0,0,0,0,0,0,0,0,0,0,0,0,0,0,0,0,0,0,0,0,0,0,0,0,0,0.0510809432910725,0,0,0,0.00722091883879172,0,0,0,0,0,0,0,0,0,0,0,0,0,0,0.0120347856865846,0,0,0,0,0,0,0,0,0,0,0,0,0,0,0,0,0,0,0,0,0,0,0,0,0,0,0.0111597761375627,0.169864637297925,0,0,0,0,0,0,0,0,0,0,0,0,0,0,0,0,0,0,0,0,0,0,0,0,0,0,0,0,0,0,0,0,0,0,0,0,0,0,0,0,0,0,0,0,0,0,0,0,0,0,0,0,0,0,0,0,0,1.15060392915244,0,0,0,0,0,0,0,0,0,0,0,0,0,0,0,0,0,0,0,0,0,0,0,0,0,0,0,0.766564186996265,0.723920108921215,0,0,0,0,0,0,0,0,1.73297522070571,0,0,0,0,0,0,0,0.206162381199275,0,0,0,0,0,0,0,0,0,0,0,0,0,0,0,0,0,92.52100164,104.0748018,100.7891017,99.12570173,90.19540156,85.12010148,81.73430142,92.98260163,104.3786018,98.51400174,80.7726014,"KIN-00329"
"812",8991,"nSPC",2015,"PRIAs","Pacific Remote Island Areas","Kingman","Kingman",2015,"ForereefMid","Kingman","2015-04-27","Forereef","Mid",6.38804387,-162.47382168,13.9,17.5,5,2,2,67,6.5,0,0,NA,0.3525,0.239499407046115,0.7,2,1,3.64513017269486,4.01753723169328,4.74113098300506,7.19305879697836,19.5968571843716,1.46039354095531,0,0,0,0,0,0,0,0,0,0,0,0,0,0,0,0,0.00565884242104517,0,0,0.0141471060526129,0,0.00565884242104517,0,0,0,0,0,0,0,0,0,0,0,0,0,0,0,0,0,0,0,0,0,0,0,0,0,0,0,0,0,0,0,0,0,0,0,0,0,0,0,0,0,0,0,0.00282942121052258,0,0,0,0,0,0,0,0,0,0,0.00282942121052258,0,0,0,0,0,0,0,0,0,0.00848826363156775,0,0,0,0,0,0,0,0,0,0,0,0,0,0,0,0,0,0,0,0,0,0,0,0,0,0,0,0,0,0.00282942121052258,0,0,0,0,0,0,0,0,0,0,0,0,0,0,0,0,0,0,0,0.00848826363156775,0,0,0,0,0,0,0,0,0,0,0,0,0,0,0,0,0,0,0,0,0,0,0,0,0,0,0,0,0,0.00565884242104517,0,0,0,0,0,0.0113176848420903,0,0,0,0,0,0,0,0,0,0,0,0,0,0,0.00565884242104517,0,0.0113176848420903,0,0.00282942121052258,0,0.00848826363156775,0,0,0,0,0,0,0,0,0,0.67906109052542,0,0,0,0,0,0,0,0,0,0,0,0,0,0.00565884242104517,0,0,0,0,0,0,0,0,0,0,0,0.00848826363156775,0,0,0,0,0,0,0,0,0,0,0.0113176848420903,0,0,0,0,0,0,0,0.00282942121052258,0,0,0,0,0,0,0,0,0,0,0,0,0,0,0,0,0,0,0,0,0.0113176848420903,0,0,0,0,0,0,0,0,0,0,0,0,0,0,0,0,0,0,0,0,0,0,0,0,0,0,0,0,0,0,0,0,0,0,0,0,0,0,0,0,0,0,0,0,0,0,0,0,0,0,0,0,0,0,0,0.00565884242104517,0,0,0,0,0,0,0,0,0,0,0,0,0,0,0,0,0,0,0,0,0,0,0,0,0,0,0,0,0,0,0,0,0,0.00565884242104517,0,0,0,0,0,0,0,0,0,0.00282942121052258,0,0,0,0.00565884242104517,0,0,0.00282942121052258,0,0,0,0,0,0,0,0,0,0,0,0,0.0113176848420903,0,0,0,0.00848826363156775,0.00565884242104517,0,0,0,0,0,0,0,0,0,0,0,0,0,0,0,0,0,0,0,0,0,0,0,0,0,0,0,0,0,0,0,0,0,0,0,0,0,0,0,0,0,0.00565884242104517,0,0,0,0,0,0,0,0,0,0,0,0.00848826363156775,0.0169765272631355,0,0,0,0,0,0,0,0,0,0,0,0,0,0,0,0,0,0,0,0,0,0,0,0,0,0,0,0,0,0.00848826363156775,0,0,0,0.00282942121052258,0,0,0,0,0,0,0,0,0,0,0,0,0,0,0.00848826363156775,0,0,0,0,0,0,0,0,0,0,0,0,0,0,0,0,0,0,0,0,0,0,0,0,0,0,0.00282942121052258,0.0565884242104517,0,0,0,0,0,0,0,0,0,0,0,0,0,0,0,0,0,0,0,0,0,0,0,0,0,0,0,0,0,0,0,0,0,0,0,0,0,0,0,0,0,0,0,0,0,0,0,0,0,0,0,0,0,0,0,0,0,0.00565884242104517,0,0,0,0,0,0,0,0,0,0,0,0,0,0,0,0,0,0,0,0,0,0,0,0,0,0,0,0.00565884242104517,0.00282942121052258,0,0,0,0,0,0,0,0,1.56749935062951,0,0,0,0,0,0,0,0.0933708999472453,0,0,0,0,0,0,0,0,0,0,0,0,0,0,0,0,0,0,0,0,0,0,0,0,0,0,0,0,0,0,0,0,0,0.322106956458022,0,0,0.368749111151021,0,0.68583799174468,0,0,0,0,0,0,0,0,0,0,0,0,0,0,0,0,0,0,0,0,0,0,0,0,0,0,0,0,0,0,0,0,0,0,0,0,0,0,0,0,0,0,0,0.204882759234707,0,0,0,0,0,0,0,0,0,0,0.312297147030625,0,0,0,0,0,0,0,0,0,0.817541438148061,0,0,0,0,0,0,0,0,0,0,0,0,0,0,0,0,0,0,0,0,0,0,0,0,0,0,0,0,0,1.05377224459221,0,0,0,0,0,0,0,0,0,0,0,0,0,0,0,0,0,0,0,0.453909236282692,0,0,0,0,0,0,0,0,0,0,0,0,0,0,0,0,0,0,0,0,0,0,0,0,0,0,0,0,0,0.119323859908858,0,0,0,0,0,0.0364995336157413,0,0,0,0,0,0,0,0,0,0,0,0,0,0,0.217401603926528,0,0.434803207853057,0,0.309789611802869,0,0.0143909936236918,0,0,0,0,0,0,0,0,0,0.905188433670385,0,0,0,0,0,0,0,0,0,0,0,0,0,0.00603376847504995,0,0,0,0,0,0,0,0,0,0,0,0.0284926205157528,0,0,0,0,0,0,0,0,0,0,1.00513816513111,0,0,0,0,0,0,0,0.00485052669133039,0,0,0,0,0,0,0,0,0,0,0,0,0,0,0,0,0,0,0,0,1.2765167126766,0,0,0,0,0,0,0,0,0,0,0,0,0,0,0,0,0,0,0,0,0,0,0,0,0,0,0,0,0,0,0,0,0,0,0,0,0,0,0,0,0,0,0,0,0,0,0,0,0,0,0,0,0,0,0,0.0258150732405659,0,0,0,0,0,0,0,0,0,0,0,0,0,0,0,0,0,0,0,0,0,0,0,0,0,0,0,0,0,0,0,0,0,0.027397062361695,0,0,0,0,0,0,0,0,0,1.60249854240489,0,0,0,1.51587692214898,0,0,0.372242439806556,0,0,0,0,0,0,0,0,0,0,0,0,0.0746500345078226,0,0,0,1.03680023411674,0.884514223941237,0,0,0,0,0,0,0,0,0,0,0,0,0,0,0,0,0,0,0,0,0,0,0,0,0,0,0,0,0,0,0,0,0,0,0,0,0,0,0,0,0,0.00117609353108132,0,0,0,0,0,0,0,0,0,0,0,0.488689539336799,0.158084208215363,0,0,0,0,0,0,0,0,0,0,0,0,0,0,0,0,0,0,0,0,0,0,0,0,0,0,0,0,0,0.0510809432910725,0,0,0,0.00722091883879172,0,0,0,0,0,0,0,0,0,0,0,0,0,0,0.0120347856865846,0,0,0,0,0,0,0,0,0,0,0,0,0,0,0,0,0,0,0,0,0,0,0,0,0,0,0.0111597761375627,0.169864637297925,0,0,0,0,0,0,0,0,0,0,0,0,0,0,0,0,0,0,0,0,0,0,0,0,0,0,0,0,0,0,0,0,0,0,0,0,0,0,0,0,0,0,0,0,0,0,0,0,0,0,0,0,0,0,0,0,0,1.15060392915244,0,0,0,0,0,0,0,0,0,0,0,0,0,0,0,0,0,0,0,0,0,0,0,0,0,0,0,0.766564186996265,0.723920108921215,0,0,0,0,0,0,0,0,1.73297522070571,0,0,0,0,0,0,0,0.206162381199275,0,0,0,0,0,0,0,0,0,0,0,0,0,0,0,0,0,80.58970134,85.35250149,92.30530154,83.59580139,54.37730095,60.44490108,63.00620109,71.20790124,69.84460125,67.21220119,51.33350088,"KIN-00329"
"813",8992,"nSPC",2015,"PRIAs","Pacific Remote Island Areas","Kingman","Kingman",2015,"ForereefDeep","Kingman","2015-04-27","Forereef","Deep",6.39240012,-162.47924921,21.9,50,22.5,5,4,18,0.5,0,0,NA,0.4125,0.210733916679789,1,2,1,46.6961627363024,298.833820723746,13.3114842912598,12.2783921388138,371.119859890122,10.777701094481,0,0,0,0,0,0,0,0,0,0,0,0,0,0,0,0,0.0254647908947033,0,0,0,0,0,0,0,0,0.0282942121052258,0,0,0,0,0,0,0,0,0,0,0,0,0,0,0,0,0,0,0,0,0,0,0,0,0.00565884242104517,0,0,0,0,0,0.00282942121052258,0,0,0,0,0,0,0,0,0,0,0,0,0,0,0,0,0,0,0,0.0113176848420903,0,0,0,0,0,0,0,0,0,0.00848826363156775,0,0,0,0,0,0,0,0,0,0,0,0,0,0,0,0,0,0,0,0,0,0,0,0,0.198059484736581,0,0,0,0,0.0113176848420903,0,0,0,0.0848826363156775,0,0,0,0,0.0735649514735872,0,0,0,0,0,0,0,0,0,0,0.0141471060526129,0,0.254647908947033,0,0,0,0,0,0.00565884242104517,0,0,0,0,0,0,0,0,0,0,0,0,0,0,0,0,0,0,0,0,0,0,0,0,0,0,0,2.15036011999716,0.00565884242104517,0,0,0,0,0,0,0.0113176848420903,0,0,0,0,0,0,0,0,0.00565884242104517,0,0,0,0,0,0,0,0,0,0,0,0,0,0.169765272631355,0,0,0,0,0.067906109052542,0,0,0,0,0,0,0,0,0,0,0,0,0,0,0,0,0.00282942121052258,0,0,0,0,0,0,0,0,0,0,0,0.0113176848420903,0,0,0,0,0,0,0,0,0,0,0.033953054526271,0,0,0,0,0,0,0,0,0,0,0,0,0,0,0,0,0,0,0,0,0,0,0,0.00282942121052258,0,0,0,0,0,0.00282942121052258,0,0,0,0,0,0,0,0,0,0,0.00282942121052258,0,0,0,0,0,0,0,0,0,0.00565884242104517,0,0.00282942121052258,0,0,0,0,0,0,0,0,0,0,0,0,0,0,0,0,0,0.00282942121052258,0,0,0,0,0,0.0198059484736581,0,0,0,0,0,0,0.00565884242104517,0,0,0,0,0,0,0.0962003211577679,0,0,0,0,0,0,0,0,0,0,0,0,0,0,0,0,0,0,0,0.00282942121052258,0,0,0,0.00848826363156775,0,0,0,0,0,0,0,0,0.0848826363156775,0,0,0,0.0226353696841807,0,0.00282942121052258,0,0,0,0,0,0,0,0,0,0,0,0,0,0,0.00282942121052258,0.00282942121052258,0.00565884242104517,0,0,0,0,0,0,0.0594178454209743,0.132982796894561,0,0.0169765272631355,0.0905414787367227,0,0,0,0,0,0,0,0,0,0,0.067906109052542,0,0,0,0,0,0,0,0.0113176848420903,0,0,0,0,0,0,0,0.00282942121052258,0,0,0,0,0,0,0,0,0,0,0,0,0,0,0.00282942121052258,0,0,0,0,0,0,0.00282942121052258,0,0,0,0,0,0,0,0,0,0,0,0,0,0,0,0,0,0,0,0,0,0,0,0.0226353696841807,0,0,0,0,0.0905414787367227,0,0,0,0,0,0,0,0,0,0,0,0,0,0,0,0,0,0,0,0,0,0,0,0,0,0,0,0,0,0,0,0,0,0,0,0.0113176848420903,0,0,0,0,0.0481001605788839,0.311236333157484,0,0,0,0.0113176848420903,0,0,0,0,0,0,0,0,0,0,0.198059484736581,0,0,0,0,0,0,0,0,0,0,0,0,0,0,0,0,0,0.00282942121052258,0,0,0,0,0,0,0,0,0.00282942121052258,0,0,0,0,0,0,0,0,0,0,0,0,0,0,0,0,0,0,0,0,0,0,0,0,0,0,0,0,0,0,0,0,0,0,0,0,0,0,0,0,0,0,0,0,0,0,0,0,0,0,0,0,0,0.0424413181578388,0,0,0,0,0,0,0,0,0,0,0,0,0,0,0,0,0,0,0,0,0,0,0,0,0,0,0,0,0,0,0,0,0,0,0,0,0,0,0,0,0,1.23568640088287,0,0,0,0,0,0,0,0,0.876105944815908,0,0,0,0,0,0,0,0,0,0,0,0,0,0,0,0,0,0,0,0,0,0,0,0,0.0719134183130052,0,0,0,0,0,0.464201917351361,0,0,0,0,0,0,0,0,0,0,0,0,0,0,0,0,0,0,0,1.3911077187739,0,0,0,0,0,0,0,0,0,1.08295735865218,0,0,0,0,0,0,0,0,0,0,0,0,0,0,0,0,0,0,0,0,0,0,0,0,49.9578221793913,0,0,0,0,4.39378507542205,0,0,0,0.178510025939715,0,0,0,0,0.157052064001052,0,0,0,0,0,0,0,0,0,0,0.684293980456665,0,0.177387733372503,0,0,0,0,0,0.583555502051457,0,0,0,0,0,0,0,0,0,0,0,0,0,0,0,0,0,0,0,0,0,0,0,0,0,0,0,6.587435826969,10.2954604107075,0,0,0,0,0,0,0.805285941138042,0,0,0,0,0,0,0,0,0.447063356309831,0,0,0,0,0,0,0,0,0,0,0,0,0,0.226297108417596,0,0,0,0,0.463754045554736,0,0,0,0,0,0,0,0,0,0,0,0,0,0,0,0,0.00587752787039371,0,0,0,0,0,0,0,0,0,0,0,0.569273725963452,0,0,0,0,0,0,0,0,0,0,0.202849737951363,0,0,0,0,0,0,0,0,0,0,0,0,0,0,0,0,0,0,0,0,0,0,0,0.317952240025388,0,0,0,0,0,7.61926702543628,0,0,0,0,0,0,0,0,0,0,0.0777029799939765,0,0,0,0,0,0,0,0,0,0.0322864870451454,0,2.22856874750884,0,0,0,0,0,0,0,0,0,0,0,0,0,0,0,0,0,0.109390817412507,0,0,0,0,0,0.0791762596182956,0,0,0,0,0,0,0.64400047795956,0,0,0,0,0,0,5.12164171940445,0,0,0,0,0,0,0,0,0,0,0,0,0,0,0,0,0,0,0,0.0054076140822457,0,0,0,0.0102179543473019,0,0,0,0,0,0,0,0,0.2792103974177,0,0,0,30.7661718894511,0,1.10750287977166,0,0,0,0,0,0,0,0,0,0,0,0,0,0,0.690217876139193,0.387383452121338,2.4519306462816,0,0,0,0,0,0,8.18527590095888,15.1374941878164,0,1.26301180776501,6.95626343819173,0,0,0,0,0,0,0,0,0,0,142.226767097762,0,0,0,0,0,0,0,44.904172020212,0,0,0,0,0,0,0,0.155111134297816,0,0,0,0,0,0,0,0,0,0,0,0,0,0,0.508856465368495,0,0,0,0,0,0,0.0310176353076178,0,0,0,0,0,0,0,0,0,0,0,0,0,0,0,0,0,0,0,0,0,0,0,0.115241689309133,0,0,0,0,0.228184854823669,0,0,0,0,0,0,0,0,0,0,0,0,0,0,0,0,0,0,0,0,0,0,0,0,0,0,0,0,0,0,0,0,0,0,0,0.0408251527623883,0,0,0,0,0.157645780685078,1.0099930626298,0,0,0,0.0251070511451723,0,0,0,0,0,0,0,0,0,0,15.1564624575699,0,0,0,0,0,0,0,0,0,0,0,0,0,0,0,0,0,1.71981349420903,0,0,0,0,0,0,0,0,0.482240683773416,0,0,0,0,0,0,0,0,0,0,0,0,0,0,0,0,0,0,0,0,0,0,0,0,0,0,0,0,0,0,0,0,0,0,0,0,0,0,0,0,0,0,0,0,0,0,0,0,0,0,0,0,0,0.0306695112114595,0,0,0,0,0,0,0,0,0,0,0,0,0,0,0,0,0,0,0,0,0,0,0,0,0,87.99000148,87.65630153,97.62590161,91.0287015,62.5113011,62.08560113,63.74260109,82.95370146,74.69320134,70.46790125,59.19360104,"KIN-00306"
"814",8993,"nSPC",2015,"PRIAs","Pacific Remote Island Areas","Kingman","Kingman",2015,"ForereefDeep","Kingman","2015-04-27","Forereef","Deep",6.40430158,-162.46983005,25.8,40.5,26.5,3.5,4.5,24,1,0,0,NA,0.4325,0.282831501601044,1.05,2,1,45.0939675425914,242.425770407095,9.12120674563366,15.0850768012687,311.726021496588,7.26491209296018,0,0,0,0,0,0,0,0,0,0,0,0,0,0,0,0,0.00565884242104517,0,0,0,0,0,0,0,0,0.0424413181578388,0,0,0,0,0.00282942121052258,0,0,0,0,0,0,0,0,0,0,0,0,0,0,0,0,0,0,0,0,0,0,0,0,0,0.00848826363156775,0.00282942121052258,0,0,0,0,0,0,0,0,0,0,0,0,0,0,0,0,0,0,0.00282942121052258,0,0,0,0,0,0,0,0,0,0.00848826363156775,0,0,0,0,0,0,0,0,0,0,0,0,0,0,0,0,0,0,0,0,0,0,0,0,0.127323954473516,0,0,0,0,0.00848826363156775,0,0,0,0.00848826363156775,0,0,0,0,0.00848826363156775,0,0,0,0,0,0,0,0,0,0,0.0113176848420903,0,0.0282942121052258,0,0,0,0,0,0,0,0,0,0,0,0,0,0,0,0,0,0,0,0,0,0,0,0,0,0,0,0.0141471060526129,0,0,0,0,0,2.00888905947103,0.00565884242104517,0,0,0,0,0,0,0.0141471060526129,0,0,0,0.0113176848420903,0,0,0.00565884242104517,0,0.0113176848420903,0,0,0,0,0,0,0,0,0,0,0,0,0,0,0,0,0,0,0.0594178454209743,0,0,0,0,0,0,0,0,0,0,0,0,0,0,0,0,0,0,0,0,0,0,0,0,0,0,0,0,0.0509295817894065,0,0,0,0,0,0,0,0,0,0,0.0537590029999291,0,0,0,0,0,0,0,0,0,0,0,0,0,0,0,0,0,0,0,0,0,0,0,0,0,0,0,0,0,0.00282942121052258,0,0,0,0,0,0,0,0,0,0,0.00282942121052258,0,0,0,0,0,0,0,0,0,0.00282942121052258,0,0,0,0,0,0,0,0,0,0,0,0,0,0,0,0,0,0,0,0.00565884242104517,0,0,0,0,0,0.00848826363156775,0,0,0,0,0,0,0,0,0,0,0,0,0,0.0877120575262001,0,0,0,0,0,0,0,0,0,0,0,0,0,0,0,0,0,0,0,0.00282942121052258,0,0,0,0.00565884242104517,0,0,0,0,0,0,0,0,0,0,0,0,0.0254647908947033,0,0,0,0,0,0,0,0,0,0,0,0,0,0,0,0,0.0311236333157484,0,0.00565884242104517,0,0,0,0,0,0,0,0,0,0,0.0226353696841807,0,0,0.0311236333157484,0,0,0,0,0,0,0,0.15278874536822,0,0,0,0,0,0,0,0.0198059484736581,0,0,0,0,0,0,0,0,0,0,0,0,0,0,0,0.00565884242104517,0,0,0,0,0,0,0.00282942121052258,0,0,0,0,0,0,0.00565884242104517,0,0,0,0,0,0,0,0,0,0,0,0,0,0,0,0,0,0,0,0,0,0,0,0,0,0,0,0,0.0198059484736581,0,0,0,0,0,0,0,0,0,0,0,0,0,0,0,0,0,0,0,0,0,0,0,0,0,0,0,0,0,0,0,0,0,0,0,0.00565884242104517,0,0,0,0,0.00282942121052258,0.0169765272631355,0,0,0,0,0,0,0,0,0,0,0,0,0,0,0.622472666314968,0,0,0,0,0,0,0,0,0,0,0,0,0,0,0,0,0,0.00282942121052258,0,0,0,0,0,0,0,0,0,0,0,0,0,0,0,0,0,0,0,0,0,0,0,0,0,0,0,0,0,0,0,0,0,0,0,0,0,0,0,0,0,0,0,0,0,0,0,0,0,0,0,0,0,0,0,0,0,0,0,0,0,0,0,0,0,0,0,0,0.00282942121052258,0,0,0,0,0,0,0,0,0,0,0,0,0,0,0,0,0,0,0,0,0,0,0,0,0,0,0,0,0,0,0,0,0,0,0,0.287830723221435,0,0,0,0,0,0,0,0,1.50779573366627,0,0,0,0,0.461177549019434,0,0,0,0,0,0,0,0,0,0,0,0,0,0,0,0,0,0,0,0,0,0,0,0,0,1.88910126839175,0.360700343066254,0,0,0,0,0,0,0,0,0,0,0,0,0,0,0,0,0,0,0.474639722654202,0,0,0,0,0,0,0,0,0,1.05710229558765,0,0,0,0,0,0,0,0,0,0,0,0,0,0,0,0,0,0,0,0,0,0,0,0,12.8646159311673,0,0,0,0,6.21322798815217,0,0,0,0.064007445862519,0,0,0,0,0.0348398894234931,0,0,0,0,0,0,0,0,0,0,0.608351929690662,0,0.0197097481525003,0,0,0,0,0,0,0,0,0,0,0,0,0,0,0,0,0,0,0,0,0,0,0,0,0,0,0,0.307071183352117,0,0,0,0,0,6.42829786040436,7.26491209296018,0,0,0,0,0,0,0.895556462070528,0,0,0,0.17561498152761,0,0,0.163500585259839,0,0.49939026578024,0,0,0,0,0,0,0,0,0,0,0,0,0,0,0,0,0,0,0.426920760857915,0,0,0,0,0,0,0,0,0,0,0,0,0,0,0,0,0,0,0,0,0,0,0,0,0,0,0,0,1.46961659416604,0,0,0,0,0,0,0,0,0,0,0.56496356983756,0,0,0,0,0,0,0,0,0,0,0,0,0,0,0,0,0,0,0,0,0,0,0,0,0,0,0,0,0,5.63474007401179,0,0,0,0,0,0,0,0,0,0,0.0611154981472878,0,0,0,0,0,0,0,0,0,0.0706637519428109,0,0,0,0,0,0,0,0,0,0,0,0,0,0,0,0,0,0,0,0.299831693919031,0,0,0,0,0,0.0731928825844035,0,0,0,0,0,0,0,0,0,0,0,0,0,6.86807819446134,0,0,0,0,0,0,0,0,0,0,0,0,0,0,0,0,0,0,0,0.0136985311808475,0,0,0,0.0348384313074332,0,0,0,0,0,0,0,0,0,0,0,0,30.3325220243098,0,0,0,0,0,0,0,0,0,0,0,0,0,0,0,0,4.22396533109287,0,7.34833045246779,0,0,0,0,0,0,0,0,0,0,2.66141614202147,0,0,2.65819321679341,0,0,0,0,0,0,0,153.960733431755,0,0,0,0,0,0,0,19.6612277398212,0,0,0,0,0,0,0,0,0,0,0,0,0,0,0,0.767316336554267,0,0,0,0,0,0,0.195743433710495,0,0,0,0,0,0,0.220280824324715,0,0,0,0,0,0,0,0,0,0,0,0,0,0,0,0,0,0,0,0,0,0,0,0,0,0,0,0,0.10853232119926,0,0,0,0,0,0,0,0,0,0,0,0,0,0,0,0,0,0,0,0,0,0,0,0,0,0,0,0,0,0,0,0,0,0,0,0.0264134958265915,0,0,0,0,0.0181534692942321,0.0663334275659517,0,0,0,0,0,0,0,0,0,0,0,0,0,0,30.2064481361454,0,0,0,0,0,0,0,0,0,0,0,0,0,0,0,0,0,2.07776444179009,0,0,0,0,0,0,0,0,0,0,0,0,0,0,0,0,0,0,0,0,0,0,0,0,0,0,0,0,0,0,0,0,0,0,0,0,0,0,0,0,0,0,0,0,0,0,0,0,0,0,0,0,0,0,0,0,0,0,0,0,0,0,0,0,0,0,0,0,0.0975432900888749,0,0,0,0,0,0,0,0,0,0,0,0,0,0,0,0,0,0,0,90.34710153,90.88770158,97.71540163,95.50180157,69.34840121,64.07230114,60.39620102,86.46830152,80.79490142,70.85010125,64.61190111,"KIN-00308"
"815",9005,"nSPC",2015,"PRIAs","Pacific Remote Island Areas","Kingman","Kingman",2015,"BackreefDeep","Kingman","2015-04-28","Backreef","Deep",6.38513862,-162.36361323,25,6.5,0,2,1.5,90,0,0,0,NA,0.18875,0.191746913546645,0.8,2,1,20.7152974243528,0.416997010107004,11.85665830247,3.59067247683379,36.5796252137636,0.854071396934211,0,0,0,0,0,0,0,0,0,0,0,0,0,0,0,0,0.0962003211577679,0,0,0,0,0,0,0,0,0,0,0,0,0,0,0,0,0,0,0,0,0,0,0,0,0,0,0,0,0,0,0,0,0,0.0141471060526129,0,0,0,0,0,0,0,0,0,0,0,0,0,0.00282942121052258,0,0,0,0,0,0,0,0,0,0,0,0.00565884242104517,0,0,0,0,0,0,0.00282942121052258,0,0,0.00282942121052258,0,0,0,0,0,0,0,0,0,0,0,0,0,0,0,0,0,0,0,0,0.297089227104871,0,0,0,0,0,0,0,0,0.00848826363156775,0,0,0,0.0282942121052258,0,0,0,0,0,0,0,0,0,0,0,0,0,0,0,0,0,0,0,0,0,0,0,0.00848826363156775,0,0,0,0,0,0,0,0,0,0,0,0,0,0,0,0,0,0,0,0,0,0,0,0,0,0,0,0.127323954473516,0.00565884242104517,0,0,0,0,0,0,0,0,0,0,0,0,0,0,0,0,0,0,0,0,0,0,0,0,0,0,0,0,0,0,0,0,0,0,0.0311236333157484,0,0,0,0,0,0,0,0,0,0,0,0,0,0,0,0,0,0,0,0,0,0,0,0,0,0,0,0,0.0113176848420903,0,0,0,0,0.183912378683968,0,0,0,0,0,0,0,0,0,0,0,0,0,0,0,0,0,0,0,0,0,0,0,0,0,0,0,0,0,0,0,0,0,0,0,0,0,0,0,0,0,0,0,0,0,0,0,0,0,0,0,0,0,0,0,0,0,0,0,0,0,0,0,0,0,0,0,0,0,0,0,0,0,0,0,0,0.00282942121052258,0,0,0,0,0,0,0,0,0,0,0,0,0,0,0,0,0,0,0,0,0,0,0,0,0,0,0,0,0,0,0,0,0,0,0,0,0,0,0,0,0,0,0,0,0,0,0,0,0,0,0,0,0,0,0,0,0.0113176848420903,0,0.0113176848420903,0,0,0,0,0,0,0,0,0,0,0,0,0,0,0,0.00565884242104517,0.00282942121052258,0,0,0,0,0,0,0,0,0,0,0,0,0,0,0,0,0,0,0,0,0,0,0.00282942121052258,0,0,0,0,0,0,0,0,0,0,0,0,0,0,0.00282942121052258,0.00282942121052258,0,0,0,0,0,0,0,0,0,0,0,0,0,0.00282942121052258,0,0,0,0,0,0,0,0,0,0,0,0,0,0,0,0,0,0,0,0,0,0,0,0,0,0,0,0,0,0,0,0,0,0,0,0,0,0,0,0,0,0,0,0,0,0,0,0,0,0,0,0,0,0,0,0,0,0,0,0,0,0,0,0,0,0,0,0,0,0,0,0,0,0,0,0,0.0113176848420903,0,0,0,0,0,0,0,0,0,0,0,0,0,0,0,0,0,0,0,0,0,0,0,0,0,0,0,0,0,0,0,0,0,0,0,0,0,0,0,0,0,0,0,0,0,0,0.00282942121052258,0,0,0,0,0,0,0,0,0,0,0,0,0,0,0,0,0,0,0,0,0,0,0,0,0,0,0,0,0,0,0,0,0,0,0,0,0,0,0,0,0,0,0,0,0,0,0,0,0,0,0,0,0,0,0,0.00282942121052258,0,0,0,0,0,0,0,0,0,0,0,0,0,0,0,0,0,0,0,0,0,0,0,0,0,0,0,0,0,0,0,0,0,0,0,3.46934096256877,0,0,0,0,0,0,0,0,0,0,0,0,0,0,0,0,0,0,0,0,0,0,0,0,0,0,0,0,0,0,0,0,0,0.151604632591616,0,0,0,0,0,0,0,0,0,0,0,0,0,1.3721051744559,0,0,0,0,0,0,0,0,0,0,0,0.343603383272201,0,0,0,0,0,0,0.232429000294309,0,0,0.191525483086802,0,0,0,0,0,0,0,0,0,0,0,0,0,0,0,0,0,0,0,0,0.0670264462782574,0,0,0,0,0,0,0,0,5.33947756205021,0,0,0,0.153228807845346,0,0,0,0,0,0,0,0,0,0,0,0,0,0,0,0,0,0,0,0,0,0,0,0.524261570936078,0,0,0,0,0,0,0,0,0,0,0,0,0,0,0,0,0,0,0,0,0,0,0,0,0,0,0,0.183884650356105,0.50322316682941,0,0,0,0,0,0,0,0,0,0,0,0,0,0,0,0,0,0,0,0,0,0,0,0,0,0,0,0,0,0,0,0,0,0,0.166085913472641,0,0,0,0,0,0,0,0,0,0,0,0,0,0,0,0,0,0,0,0,0,0,0,0,0,0,0,0,0.254321376001794,0,0,0,0,6.34113760733781,0,0,0,0,0,0,0,0,0,0,0,0,0,0,0,0,0,0,0,0,0,0,0,0,0,0,0,0,0,0,0,0,0,0,0,0,0,0,0,0,0,0,0,0,0,0,0,0,0,0,0,0,0,0,0,0,0,0,0,0,0,0,0,0,0,0,0,0,0,0,0,0,0,0,0,0,0.01969301838698,0,0,0,0,0,0,0,0,0,0,0,0,0,0,0,0,0,0,0,0,0,0,0,0,0,0,0,0,0,0,0,0,0,0,0,0,0,0,0,0,0,0,0,0,0,0,0,0,0,0,0,0,0,0,0,0,13.9401076296756,0,0.855359717933753,0,0,0,0,0,0,0,0,0,0,0,0,0,0,0,0.668936070456246,0.863156111379449,0,0,0,0,0,0,0,0,0,0,0,0,0,0,0,0,0,0,0,0,0,0,0.115622081325843,0,0,0,0,0,0,0,0,0,0,0,0,0,0,0.246310736408107,0.0804231356975844,0,0,0,0,0,0,0,0,0,0,0,0,0,0.0636070581710619,0,0,0,0,0,0,0,0,0,0,0,0,0,0,0,0,0,0,0,0,0,0,0,0,0,0,0,0,0,0,0,0,0,0,0,0,0,0,0,0,0,0,0,0,0,0,0,0,0,0,0,0,0,0,0,0,0,0,0,0,0,0,0,0,0,0,0,0,0,0,0,0,0,0,0,0,0.0678923097038589,0,0,0,0,0,0,0,0,0,0,0,0,0,0,0,0,0,0,0,0,0,0,0,0,0,0,0,0,0,0,0,0,0,0,0,0,0,0,0,0,0,0,0,0,0,0,0.3508482301048,0,0,0,0,0,0,0,0,0,0,0,0,0,0,0,0,0,0,0,0,0,0,0,0,0,0,0,0,0,0,0,0,0,0,0,0,0,0,0,0,0,0,0,0,0,0,0,0,0,0,0,0,0,0,0,0.0144133771430532,0,0,0,0,0,0,0,0,0,0,0,0,0,0,0,0,0,0,0,0,0,0,0,0,0,0,0,0,0,0,"KIN-00261"
"816",9006,"nSPC",2015,"PRIAs","Pacific Remote Island Areas","Kingman","Kingman",2015,"BackreefMid","Kingman","2015-04-28","Backreef","Mid",6.40271514,-162.35091833,10.95,14,0,0.5,1.5,52,30,0,2,NA,0.4625,0.365622355405553,1.35,2,1,18.5165179009954,2.81347028880491,42.226321744483,11.6701933522715,75.2265032865548,20.1984489927847,0,0,0,0,0,0,0,0,0,0,0,0,0,0,0,0,0.0367824757367936,0,0,0,0,0.00282942121052258,0,0,0,0,0.24050080289442,0,0,0,0,0,0,0,0,0,0,0,0,0,0,0,0,0,0,0,0,0,0,0,0.00565884242104517,0,0,0,0,0,0.00565884242104517,0,0,0,0,0,0,0,0,0,0,0,0,0,0,0,0,0,0,0,0,0,0,0,0,0,0,0,0,0,0,0,0,0,0,0,0,0,0,0,0,0,0,0,0,0,0,0,0,0,0,0,0,0,0,0,0,0,0,0,0,0,0,0,0.0113176848420903,0,0,0,0,0,0,0,0,0,0,0,0,0,0,0,0.00282942121052258,0,0,0,0,0,0,0,0.00848826363156775,0,0,0,0,0,0,0,0,0,0,0,0,0,0,0,0,0,0,0,0,0,0,0,0.00282942121052258,0,0,0,0.135812218105084,0.033953054526271,0,0,0,0,0,0,0.00282942121052258,0,0.00282942121052258,0,0.0113176848420903,0,0.00848826363156775,0,0,0,0,0,0,0,0,0,0,0,0,0,0,0,0,0,0,0,0,0,0.0622472666314969,0,0,0,0,0,0,0,0,0,0,0,0,0,0,0,0,0,0,0.00565884242104517,0,0,0,0,0,0,0,0,0,0,0,0.00848826363156775,0.00282942121052258,0,0.178253536262923,0,0,0,0,0,0.0594178454209743,0,0,0,0,0,0,0,0,0,0,0,0,0,0,0,0,0,0,0,0,0,0,0,0,0,0,0,0,0,0,0,0,0,0,0,0,0,0,0,0,0,0,0,0,0,0,0,0,0,0,0.00282942121052258,0,0,0,0,0,0,0,0,0,0,0,0,0,0,0,0,0,0,0,0.00282942121052258,0,0,0,0,0,0,0,0,0,0,0,0,0,0,0,0,0,0,0,0,0,0,0,0,0,0,0,0,0,0,0,0,0,0,0,0,0,0,0.00565884242104517,0,0,0,0,0,0.00282942121052258,0,0,0,0,0,0,0,0,0,0,0,0.0113176848420903,0,0.0226353696841807,0,0,0,0,0,0,0,0,0,0,0,0,0,0,0,0,0.00565884242104517,0,0,0,0,0,0,0,0.00282942121052258,0,0,0,0,0,0,0,0,0,0,0,0,0,0,0.00565884242104517,0,0,0,0,0,0,0,0,0,0,0,0,0,0,0,0,0,0,0,0,0,0,0,0,0,0.00282942121052258,0,0,0,0.00282942121052258,0,0,0,0,0,0,0,0,0,0.00282942121052258,0,0.00565884242104517,0,0,0,0,0,0,0,0,0,0,0,0,0,0,0,0,0,0,0,0,0,0,0,0,0,0,0,0,0,0,0,0,0,0,0,0,0,0,0,0,0,0,0,0,0,0,0,0,0,0,0,0,0,0,0,0,0,0,0,0,0,0,0,0,0.00282942121052258,0,0,0,0,0,0,0,0,0,0,0,0,0,0,0,0,0,0,0,0,0,0,0,0,0,0,0,0,0,0,0,0,0,0,0,0,0,0,0,0,0,0,0.00282942121052258,0.00565884242104517,0,0,0,0,0,0,0,0,0.00282942121052258,0,0,0,0,0,0,0,0,0,0,0,0,0,0,0,0,0,0,0,0,0,0,0,0,0,0,0,0,0,0,0,0,0,0.00282942121052258,0,0,0,0,0,0,0,0,0,0,0,0,0,0,0.0198059484736581,0.00565884242104517,0,0,0,0,0,0,0,0,0,0,0,0,0,0,0.00282942121052258,0,0,0,0,0,0,0,0,0,0,0,0,0,0,0,0,0,0,0,0,2.24628517057853,0,0,0,0,0.750219642726459,0,0,0,0,8.28405082519016,0,0,0,0,0,0,0,0,0,0,0,0,0,0,0,0,0,0,0,0,0,0,0,0.143743651642421,0,0,0,0,0,0.701873299035258,0,0,0,0,0,0,0,0,0,0,0,0,0,0,0,0,0,0,0,0,0,0,0,0,0,0,0,0,0,0,0,0,0,0,0,0,0,0,0,0,0,0,0,0,0,0,0,0,0,0,0,0,0,0,0,0,0,0,0,0,0,0,0,0.145931344581002,0,0,0,0,0,0,0,0,0,0,0,0,0,0,0,0.234073399475583,0,0,0,0,0,0,0,0.643021595886738,0,0,0,0,0,0,0,0,0,0,0,0,0,0,0,0,0,0,0,0,0,0,0,0.00394811620236813,0,0,0,0.331123768962005,12.5937173843458,0,0,0,0,0,0,0.179111292414106,0,0.0875317383401884,0,0.140199789756601,0,0.00771575580756278,0,0,0,0,0,0,0,0,0,0,0,0,0,0,0,0,0,0,0,0,0,0.550721955081285,0,0,0,0,0,0,0,0,0,0,0,0,0,0,0,0,0,0,3.09290053555602,0,0,0,0,0,0,0,0,0,0,0,0.846819533748209,0.225166706934366,0,8.10180364818351,0,0,0,0,0,1.15734203100194,0,0,0,0,0,0,0,0,0,0,0,0,0,0,0,0,0,0,0,0,0,0,0,0,0,0,0,0,0,0,0,0,0,0,0,0,0,0,0,0,0,0,0,0,0,0,0,0,0,0,0.0569174580230593,0,0,0,0,0,0,0,0,0,0,0,0,0,0,0,0,0,0,0,0.0682112336509005,0,0,0,0,0,0,0,0,0,0,0,0,0,0,0,0,0,0,0,0,0,0,0,0,0,0,0,0,0,0,0,0,0,0,0,0,0,0,0.0503333019190848,0,0,0,0,0,0.00916732472209317,0,0,0,0,0,0,0,0,0,0,0,17.4046849580659,0,4.58769028336816,0,0,0,0,0,0,0,0,0,0,0,0,0,0,0,0,1.00568281397543,0,0,0,0,0,0,0,0.492860277831265,0,0,0,0,0,0,0,0,0,0,0,0,0,0,1.4275958797561,0,0,0,0,0,0,0,0,0,0,0,0,0,0,0,0,0,0,0,0,0,0,0,0,0,0.0708939778508539,0,0,0,0.104992266567861,0,0,0,0,0,0,0,0,0,0.653547673221794,0,0.373011175714573,0,0,0,0,0,0,0,0,0,0,0,0,0,0,0,0,0,0,0,0,0,0,0,0,0,0,0,0,0,0,0,0,0,0,0,0,0,0,0,0,0,0,0,0,0,0,0,0,0,0,0,0,0,0,0,0,0,0,0,0,0,0,0,0,0.0276693920656364,0,0,0,0,0,0,0,0,0,0,0,0,0,0,0,0,0,0,0,0,0,0,0,0,0,0,0,0,0,0,0,0,0,0,0,0,0,0,0,0,0,0,1.65786733943665,4.62008304432363,0,0,0,0,0,0,0,0,1.32678122467858,0,0,0,0,0,0,0,0,0,0,0,0,0,0,0,0,0,0,0,0,0,0,0,0,0,0,0,0,0,0,0,0,0,0.177412658647018,0,0,0,0,0,0,0,0,0,0,0,0,0,0,0.277474139726041,0.160661135941131,0,0,0,0,0,0,0,0,0,0,0,0,0,0,0.205664541618939,0,0,0,0,0,0,0,0,0,0,0,0,0,0,0,"KIN-00265"
"817",9007,"nSPC",2015,"PRIAs","Pacific Remote Island Areas","Kingman","Kingman",2015,"BackreefMid","Kingman","2015-04-28","Backreef","Mid",6.39014538,-162.34453292,9.2,50,0,1,1,33,0,0,15,NA,0.8625,0.542802586806602,2.35,2,1,49.1965336979066,1.87299583716843,8.85084660913437,11.5201104972951,71.4404866415045,5.18546373560424,0,0,0,0,0,0,0,0,0,0,0,0,0,0,0,0,0.0367824757367936,0,0,0,0,0,0,0,0,0,0,0,0,0,0,0,0,0,0,0,0,0,0,0,0,0,0,0,0,0,0,0,0,0,0,0,0,0,0,0,0.00282942121052258,0,0,0,0,0,0,0,0,0,0,0,0,0,0,0,0,0,0,0,0,0,0,0,0,0,0,0,0,0,0.00565884242104517,0,0,0,0,0,0,0,0,0,0,0,0,0,0,0,0,0,0,0,0,0,0,0,0,0,0,0,0,0,0.00848826363156775,0,0,0,0.00848826363156775,0,0,0,0,0,0,0,0,0,0,0,0,0,0,0,0,0,0,0,0,0,0,0,0.00565884242104517,0,0,0,0,0,0,0,0,0,0,0,0,0,0,0,0,0,0,0,0,0,0,0,0,0,0.00848826363156775,0,0.209377169578671,0.0198059484736581,0,0,0,0,0,0,0.00282942121052258,0,0,0,0.0282942121052258,0,0,0,0,0,0,0,0,0,0,0,0.00565884242104517,0,0,0,0,0,0,0,0,0,0,0,0.0877120575262001,0,0,0,0,0,0,0,0,0,0,0,0,0,0,0,0,0,0,0,0,0,0,0,0,0,0,0,0.00848826363156775,0.0141471060526129,0,0,0,0,0.0169765272631355,0,0,0,0,0,0.0141471060526129,0,0,0,0,0,0,0,0,0,0,0,0,0,0,0,0,0,0,0,0,0,0,0,0,0,0,0,0,0,0.00565884242104517,0,0,0,0,0,0,0,0,0,0,0.00565884242104517,0,0,0,0,0,0,0,0,0,0.00282942121052258,0,0,0,0,0,0,0,0,0,0,0,0,0,0,0,0,0,0,0,0.00282942121052258,0,0,0,0,0,0,0,0,0,0,0,0,0,0,0,0,0,0,0,0,0,0,0,0,0,0,0,0,0,0,0,0,0,0,0,0,0,0,0.00848826363156775,0.00565884242104517,0,0,0,0,0,0,0,0,0,0,0,0,0,0,0,0,0.0198059484736581,0,0.00565884242104517,0,0,0,0,0,0,0,0,0,0,0,0,0,0,0,0.00565884242104517,0.00565884242104517,0,0.0141471060526129,0,0,0,0,0,0,0,0,0,0,0,0,0,0,0,0,0,0,0,0,0,0,0,0,0,0,0,0,0,0,0,0,0,0,0,0,0,0,0,0,0,0,0,0,0,0,0.00282942121052258,0,0,0,0,0,0,0,0,0,0,0,0,0,0,0,0.00282942121052258,0,0,0,0,0,0,0,0,0,0,0,0,0,0,0,0,0,0,0,0,0,0,0,0.0113176848420903,0,0,0,0,0,0,0,0,0,0,0,0,0,0,0,0,0,0,0,0,0,0,0,0,0,0,0,0,0,0,0,0,0,0,0,0,0,0,0,0,0,0,0,0,0,0.0113176848420903,0,0,0,0,0,0.0113176848420903,0,0,0,0,0,0,0,0,0,0,0,0,0,0,0,0,0,0,0,0,0,0,0,0,0,0,0,0,0,0,0,0,0,0,0,0,0,0,0,0,0,0,0,0,0,0,0,0,0,0,0,0,0,0,0,0,0,0,0,0,0,0,0,0,0,0,0,0,0,0,0,0,0,0,0,0,0,0,0,0,0,0,0,0,0,0.0565884242104517,0,0,0,0,0.0169765272631355,0.00565884242104517,0,0.0113176848420903,0,0,0,0,0,0,0,0,0,0,0,0,0,0,0,0,0,0,0,0,0,0,0,0,0,0,0,0,0,0,0,0,0,1.85933021067593,0,0,0,0,0,0,0,0,0,0,0,0,0,0,0,0,0,0,0,0,0,0,0,0,0,0,0,0,0,0,0,0,0,0,0,0,0,0,0,0.316340609021267,0,0,0,0,0,0,0,0,0,0,0,0,0,0,0,0,0,0,0,0,0,0,0,0,0,0,0,0,0,0.522433249045467,0,0,0,0,0,0,0,0,0,0,0,0,0,0,0,0,0,0,0,0,0,0,0,0,0,0,0,0,0,5.77271899666155,0,0,0,0.0680020038822505,0,0,0,0,0,0,0,0,0,0,0,0,0,0,0,0,0,0,0,0,0,0,0,0.362116515592132,0,0,0,0,0,0,0,0,0,0,0,0,0,0,0,0,0,0,0,0,0,0,0,0,0,0.168783184444441,0,0.486319785896138,5.18546373560424,0,0,0,0,0,0,0.179111292414106,0,0,0,0.435138631193068,0,0,0,0,0,0,0,0,0,0,0,0.585058407339048,0,0,0,0,0,0,0,0,0,0,0,0.367439149763069,0,0,0,0,0,0,0,0,0,0,0,0,0,0,0,0,0,0,0,0,0,0,0,0,0,0,0,0.0999931545622253,0.319620260321514,0,0,0,0,0.693842950026958,0,0,0,0,0,0.0215349128600878,0,0,0,0,0,0,0,0,0,0,0,0,0,0,0,0,0,0,0,0,0,0,0,0,0,0,0,0,0,6.81683435973611,0,0,0,0,0,0,0,0,0,0,0.122230996294576,0,0,0,0,0,0,0,0,0,0.104031106789106,0,0,0,0,0,0,0,0,0,0,0,0,0,0,0,0,0,0,0,0.0871699903121249,0,0,0,0,0,0,0,0,0,0,0,0,0,0,0,0,0,0,0,0,0,0,0,0,0,0,0,0,0,0,0,0,0,0,0,0,0,0,0.0205177554745588,0.0225968114656179,0,0,0,0,0,0,0,0,0,0,0,0,0,0,0,0,36.2496131249351,0,3.43264773897272,0,0,0,0,0,0,0,0,0,0,0,0,0,0,0,0.624594294061249,5.02833570302405,0,0.144629743451637,0,0,0,0,0,0,0,0,0,0,0,0,0,0,0,0,0,0,0,0,0,0,0,0,0,0,0,0,0,0,0,0,0,0,0,0,0,0,0,0,0,0,0,0,0,0,0.0410266075525775,0,0,0,0,0,0,0,0,0,0,0,0,0,0,0,0.0864626346146619,0,0,0,0,0,0,0,0,0,0,0,0,0,0,0,0,0,0,0,0,0,0,0,0.0481166053163831,0,0,0,0,0,0,0,0,0,0,0,0,0,0,0,0,0,0,0,0,0,0,0,0,0,0,0,0,0,0,0,0,0,0,0,0,0,0,0,0,0,0,0,0,0,0.0251070511451723,0,0,0,0,0,0.0296613884341504,0,0,0,0,0,0,0,0,0,0,0,0,0,0,0,0,0,0,0,0,0,0,0,0,0,0,0,0,0,0,0,0,0,0,0,0,0,0,0,0,0,0,0,0,0,0,0,0,0,0,0,0,0,0,0,0,0,0,0,0,0,0,0,0,0,0,0,0,0,0,0,0,0,0,0,0,0,0,0,0,0,0,0,0,0,0.00940782552498759,0,0,0,0,0.958632774690002,0.125958602993086,0,0.019664477413132,0,0,0,0,0,0,0,0,0,0,0,0,0,0,0,0,0,0,0,0,0,0,0,0,0,0,0,0,"KIN-00264"
"818",9008,"nSPC",2015,"PRIAs","Pacific Remote Island Areas","Kingman","Kingman",2015,"BackreefShallow","Kingman","2015-04-28","Backreef","Shallow",6.38672515,-162.34476794,4.65,19,4,0.5,30,28.5,0.5,0,17.5,NA,0.625,0.394292841423002,1.55,2,1,13.4812888779598,1.85732531867764,14.2063102595868,6.07184996597677,35.616774422201,5.64792395472426,0,0,0,0,0,0,0,0,0,0,0,0,0,0,0,0,0.0509295817894065,0,0,0,0,0,0,0,0,0,0,0,0,0,0,0,0,0,0,0,0,0,0,0,0,0,0,0,0,0,0,0,0,0,0.00282942121052258,0,0,0,0,0,0,0,0,0,0,0,0,0,0,0,0,0,0,0,0,0,0,0,0,0,0,0,0,0,0,0,0,0,0,0,0,0,0,0,0,0,0,0,0,0,0,0,0,0,0,0,0,0,0,0,0,0,0,0,0,0,0,0,0,0,0.00565884242104517,0,0,0,0.0141471060526129,0,0,0,0,0,0,0,0,0,0,0,0,0,0,0,0,0,0,0,0,0,0,0,0.00565884242104517,0,0,0,0,0,0,0,0,0,0,0,0,0,0,0,0,0,0,0,0,0,0,0,0,0,0.00565884242104517,0,0.033953054526271,0.00565884242104517,0,0,0,0,0,0,0.00565884242104517,0,0,0,0,0,0,0.00848826363156775,0,0,0,0.00848826363156775,0,0,0,0,0.00282942121052258,0,0,0,0,0,0,0,0,0,0,0,0.0254647908947033,0.00282942121052258,0,0,0,0,0,0,0,0,0,0,0,0,0,0,0,0.00282942121052258,0,0.00282942121052258,0,0,0,0,0,0,0,0,0,0,0,0,0.00282942121052258,0,0.104688584789336,0,0,0,0,0,0.0367824757367936,0,0,0,0,0,0,0,0,0,0,0,0,0,0,0,0,0,0,0,0,0,0,0,0,0,0,0,0,0,0,0,0,0,0,0,0,0,0,0,0,0.00848826363156775,0,0,0,0,0,0,0,0,0,0.0141471060526129,0,0,0,0,0,0,0,0,0,0,0,0,0,0,0,0,0,0,0,0,0,0,0,0,0,0,0,0,0,0,0,0,0,0,0,0,0,0,0,0,0,0,0,0,0,0,0,0,0,0,0,0,0,0,0,0,0,0,0.00282942121052258,0.00848826363156775,0,0,0,0,0,0,0,0,0,0,0,0,0,0,0,0,0.0198059484736581,0,0.00565884242104517,0,0,0,0,0,0,0,0,0,0,0,0,0,0,0.00565884242104517,0.00282942121052258,0.00282942121052258,0,0,0,0,0,0,0,0,0,0,0,0,0,0,0,0,0,0,0,0,0,0,0.00282942121052258,0,0,0,0,0,0,0,0,0,0,0,0,0,0,0.00282942121052258,0,0,0,0,0,0,0,0,0,0,0,0,0,0,0.00565884242104517,0,0,0,0,0,0,0.00282942121052258,0,0,0,0,0,0,0,0,0,0,0,0,0,0,0,0,0,0,0,0,0,0,0,0.00848826363156775,0,0,0,0,0.00282942121052258,0,0,0,0,0,0,0,0,0,0,0,0,0,0.0282942121052258,0,0,0,0,0,0,0,0,0,0,0,0,0,0,0,0,0,0,0,0,0,0,0,0,0,0,0,0,0,0,0,0,0,0,0,0,0,0,0,0,0,0,0,0,0,0,0,0,0,0,0,0,0,0,0,0,0,0,0,0,0,0,0,0,0,0,0,0,0,0.00282942121052258,0.00282942121052258,0,0,0,0,0,0,0,0,0,0.00848826363156775,0,0,0,0,0,0,0,0,0,0,0,0,0,0,0,0,0,0,0,0,0,0,0.00565884242104517,0,0,0,0,0.00565884242104517,0,0,0,0,0,0,0,0,0,0,0,0,0,0,0.0707355302630646,0,0,0,0,0.00565884242104517,0.00565884242104517,0,0.0226353696841807,0,0,0,0,0,0,0,0,0,0,0,0,0.00282942121052258,0,0,0.00565884242104517,0,0,0,0,0,0,0,0,0,0,0,0,0,0,0,0,0,2.15852470348585,0,0,0,0,0,0,0,0,0,0,0,0,0,0,0,0,0,0,0,0,0,0,0,0,0,0,0,0,0,0,0,0,0,0.0553596065787217,0,0,0,0,0,0,0,0,0,0,0,0,0,0,0,0,0,0,0,0,0,0,0,0,0,0,0,0,0,0,0,0,0,0,0,0,0,0,0,0,0,0,0,0,0,0,0,0,0,0,0,0,0,0,0,0,0,0,0,0,0,0,0,0,0,1.09621664038419,0,0,0,0.161608644636605,0,0,0,0,0,0,0,0,0,0,0,0,0,0,0,0,0,0,0,0,0,0,0,0.692752429037273,0,0,0,0,0,0,0,0,0,0,0,0,0,0,0,0,0,0,0,0,0,0,0,0,0,0.217401603926528,0,0.107162630695817,1.51147995999327,0,0,0,0,0,0,0.364526009081771,0,0,0,0,0,0,0.363738954483632,0,0,0,1.1012781446651,0,0,0,0,0.43901399551134,0,0,0,0,0,0,0,0,0,0,0,0.219928800610572,0.0138457731417576,0,0,0,0,0,0,0,0,0,0,0,0,0,0,0,0.00587752787039371,0,0.951167548975928,0,0,0,0,0,0,0,0,0,0,0,0,0.1823629318176,0,4.35286179410537,0,0,0,0,0,0.748617138614109,0,0,0,0,0,0,0,0,0,0,0,0,0,0,0,0,0,0,0,0,0,0,0,0,0,0,0,0,0,0,0,0,0,0,0,0,0,0,0,0,0.155264488927427,0,0,0,0,0,0,0,0,0,0.128706344547374,0,0,0,0,0,0,0,0,0,0,0,0,0,0,0,0,0,0,0,0,0,0,0,0,0,0,0,0,0,0,0,0,0,0,0,0,0,0,0,0,0,0,0,0,0,0,0,0,0,0,0,0,0,0,0,0,0,0,0.0119901315272546,0.0280044255478636,0,0,0,0,0,0,0,0,0,0,0,0,0,0,0,0,11.8093289675582,0,1.33049523537858,0,0,0,0,0,0,0,0,0,0,0,0,0,0,0.506593494832668,0.575196051615958,0.390594687530355,0,0,0,0,0,0,0,0,0,0,0,0,0,0,0,0,0,0,0,0,0,0,0.666516956435011,0,0,0,0,0,0,0,0,0,0,0,0,0,0,0.212772475031298,0,0,0,0,0,0,0,0,0,0,0,0,0,0,0.513444202096085,0,0,0,0,0,0,0.0622990679213183,0,0,0,0,0,0,0,0,0,0,0,0,0,0,0,0,0,0,0,0,0,0,0,0.0838423788495265,0,0,0,0,0.0120291513290958,0,0,0,0,0,0,0,0,0,0,0,0,0,0.0561291640344782,0,0,0,0,0,0,0,0,0,0,0,0,0,0,0,0,0,0,0,0,0,0,0,0,0,0,0,0,0,0,0,0,0,0,0,0,0,0,0,0,0,0,0,0,0,0,0,0,0,0,0,0,0,0,0,0,0,0,0,0,0,0,0,0,0,0,0,0,0,0.644651903064651,0.425160166681635,0,0,0,0,0,0,0,0,0,1.96535378031961,0,0,0,0,0,0,0,0,0,0,0,0,0,0,0,0,0,0,0,0,0,0,0.077369244531691,0,0,0,0,0.0173133192291793,0,0,0,0,0,0,0,0,0,0,0,0,0,0,0.0154557133624796,0,0,0,0,0.189592603385762,0.192217872220317,0,0.177963520588844,0,0,0,0,0,0,0,0,0,0,0,0,0.264009106903639,0,0,0.360755131134846,0,0,0,0,0,0,0,0,0,0,0,0,"KIN-00364"
"819",9009,"nSPC",2015,"PRIAs","Pacific Remote Island Areas","Kingman","Kingman",2015,"BackreefDeep","Kingman","2015-04-28","Backreef","Deep",6.38519486,-162.35930267,22.2,6,0,12.5,2,79.5,0,0,0,NA,0.245,0.162531245118713,0.65,2,1,7.71859828083611,0.479440267845121,11.3880446031309,8.28873251787973,27.8748156696919,4.42467166829725,0,0,0,0,0,0,0,0,0,0,0,0,0,0,0,0,0.033953054526271,0,0,0,0,0.00282942121052258,0,0,0,0,0,0,0,0,0,0,0,0,0,0,0,0,0,0,0,0,0,0,0,0,0,0,0,0,0.00848826363156775,0,0,0,0,0,0,0,0,0,0,0,0,0,0,0,0,0,0,0,0,0,0,0,0,0,0.00565884242104517,0,0,0,0,0,0,0,0,0,0.0141471060526129,0,0,0,0,0,0,0,0,0,0,0,0,0,0,0,0,0,0,0,0,0,0,0,0,0,0,0,0,0,0,0,0,0,0.0141471060526129,0,0,0,0,0,0,0,0,0,0,0,0,0,0,0,0,0,0,0,0,0,0,0,0,0,0,0,0,0,0,0,0,0,0,0,0,0,0,0,0,0,0,0,0,0,0.00565884242104517,0,0,0,0.00565884242104517,0,0.0254647908947033,0.00282942121052258,0,0,0,0,0,0,0,0,0.00282942121052258,0,0.00848826363156775,0,0.00282942121052258,0.00565884242104517,0,0,0,0,0,0,0,0,0,0,0,0,0,0,0,0,0,0,0,0,0.0226353696841807,0,0,0,0,0,0,0,0,0,0,0,0,0,0,0,0,0,0,0,0,0,0,0,0,0.00282942121052258,0,0,0,0.0481001605788839,0,0,0.00565884242104517,0,0,0,0,0,0,0,0,0,0,0,0,0,0,0,0,0,0,0,0,0,0,0,0,0,0,0,0,0,0,0,0,0,0,0,0,0,0,0,0,0,0,0,0,0,0,0,0,0,0,0,0,0,0,0,0,0,0,0,0,0,0,0,0,0,0,0,0,0,0,0,0,0,0,0,0,0,0,0,0,0,0,0,0,0,0,0,0,0,0,0,0,0,0,0,0,0,0,0,0,0,0,0,0,0,0,0,0,0,0,0,0,0,0,0,0,0,0.00565884242104517,0.00565884242104517,0,0,0,0,0,0,0,0,0,0,0,0,0,0,0,0,0.00848826363156775,0,0.00848826363156775,0,0,0,0,0,0,0,0,0,0,0,0,0,0,0,0,0.0141471060526129,0,0,0,0,0,0,0,0,0,0,0,0,0,0,0,0,0,0,0,0,0,0,0.00282942121052258,0,0,0,0,0,0,0,0,0,0,0,0,0,0,0,0,0,0,0,0,0,0,0,0,0,0,0,0,0,0.0113176848420903,0,0,0,0,0,0,0,0,0,0,0,0.00282942121052258,0,0,0,0,0,0,0,0,0,0,0,0,0,0,0,0,0,0,0,0,0,0,0,0,0,0,0,0,0,0,0,0,0,0,0,0,0,0,0,0,0,0,0,0,0,0,0,0,0,0,0,0,0,0,0,0,0,0,0,0.00282942121052258,0,0,0,0,0.00848826363156775,0,0,0,0,0,0,0,0,0,0,0,0,0,0,0,0,0,0,0,0,0,0,0,0,0,0,0,0,0,0,0,0,0,0,0,0,0,0,0,0,0,0,0,0,0,0,0,0,0,0,0,0,0.00282942121052258,0.00282942121052258,0,0,0,0,0.00282942121052258,0,0,0,0,0,0,0,0,0,0,0,0,0,0,0,0,0,0,0,0,0,0,0,0,0,0,0,0,0,0,0,0,0,0,0,0,0,0,0,0,0,0,0.00848826363156775,0.00282942121052258,0,0,0,0,0,0,0,0,0,0,0,0,0,0,0,0,0,0,0,0,0,0,0,0,0,0,0,0,0,0,0,0,0,0,0,1.73529699160433,0,0,0,0,0.468452961248233,0,0,0,0,0,0,0,0,0,0,0,0,0,0,0,0,0,0,0,0,0,0,0,0,0,0,0,0,0.0427986740567278,0,0,0,0,0,0,0,0,0,0,0,0,0,0,0,0,0,0,0,0,0,0,0,0,0,1.28078863051189,0,0,0,0,0,0,0,0,0,1.59000686771549,0,0,0,0,0,0,0,0,0,0,0,0,0,0,0,0,0,0,0,0,0,0,0,0,0,0,0,0,0,0,0,0,0,0.0833283680217667,0,0,0,0,0,0,0,0,0,0,0,0,0,0,0,0,0,0,0,0,0,0,0,0,0,0,0,0,0,0,0,0,0,0,0,0,0,0,0,0,0,0,0,0,0,0.217401603926528,0,0,0,0.281988661853712,0,0.082123950635418,0.778896077180426,0,0,0,0,0,0,0,0,0.0501221051232641,0,0.191646146069215,0,0.00108526853728649,0.281988661853712,0,0,0,0,0,0,0,0,0,0,0,0,0,0,0,0,0,0,0,0,0.0901871327519652,0,0,0,0,0,0,0,0,0,0,0,0,0,0,0,0,0,0,0,0,0,0,0,0,0.179862911047468,0,0,0,2.93509242936664,0,0,0.3647258636352,0,0,0,0,0,0,0,0,0,0,0,0,0,0,0,0,0,0,0,0,0,0,0,0,0,0,0,0,0,0,0,0,0,0,0,0,0,0,0,0,0,0,0,0,0,0,0,0,0,0,0,0,0,0,0,0,0,0,0,0,0,0,0,0,0,0,0,0,0,0,0,0,0,0,0,0,0,0,0,0,0,0,0,0,0,0,0,0,0,0,0,0,0,0,0,0,0,0,0,0,0,0,0,0,0,0,0,0,0,0,0,0,0,0,0,0,0,0.0486581501351053,0.0289404263066379,0,0,0,0,0,0,0,0,0,0,0,0,0,0,0,0,7.54995116717294,0,0.673592995937448,0,0,0,0,0,0,0,0,0,0,0,0,0,0,0,0,3.34155850526073,0,0,0,0,0,0,0,0,0,0,0,0,0,0,0,0,0,0,0,0,0,0,1.37647632095751,0,0,0,0,0,0,0,0,0,0,0,0,0,0,0,0,0,0,0,0,0,0,0,0,0,0,0,0,0,0.168647113663169,0,0,0,0,0,0,0,0,0,0,0,0.0864626346146619,0,0,0,0,0,0,0,0,0,0,0,0,0,0,0,0,0,0,0,0,0,0,0,0,0,0,0,0,0,0,0,0,0,0,0,0,0,0,0,0,0,0,0,0,0,0,0,0,0,0,0,0,0,0,0,0,0,0,0,0.00590641677696589,0,0,0,0,0.0334793284126882,0,0,0,0,0,0,0,0,0,0,0,0,0,0,0,0,0,0,0,0,0,0,0,0,0,0,0,0,0,0,0,0,0,0,0,0,0,0,0,0,0,0,0,0,0,0,0,0,0,0,0,0,0.883268828928798,2.02440011034498,0,0,0,0,0.738106651843045,0,0,0,0,0,0,0,0,0,0,0,0,0,0,0,0,0,0,0,0,0,0,0,0,0,0,0,0,0,0,0,0,0,0,0,0,0,0,0,0,0,0,0.0897275805312094,0.169846133666718,0,0,0,0,0,0,0,0,0,0,0,0,0,0,0,0,0,0,0,0,0,0,0,0,0,0,0,0,0,0,"KIN-00262"
"820",9010,"nSPC",2015,"PRIAs","Pacific Remote Island Areas","Kingman","Kingman",2015,"LagoonMid","Kingman","2015-04-28","Lagoon","Mid",6.38951666,-162.35969234,7.25,34.5,1,2.5,39,14,0,0,6.5,NA,0.39625,0.249505399667154,1,2,1,4.73729396495742,2.16830325672939,17.058733295787,3.418713313848,27.3830438313218,14.1879512024957,0,0,0,0,0,0.00282942121052258,0,0,0,0,0,0,0,0,0,0,0.0396118969473162,0,0,0,0,0,0,0,0,0,0,0,0,0,0,0,0,0,0,0,0,0,0,0,0,0,0,0,0,0,0,0,0,0,0,0,0,0,0,0,0.00565884242104517,0,0,0,0,0,0,0,0,0,0,0,0,0,0,0,0,0,0,0,0,0,0,0,0,0,0,0,0,0,0.00848826363156775,0,0,0,0,0,0,0,0,0,0,0,0,0,0,0,0,0,0,0,0,0,0,0,0,0,0,0,0,0,0.00848826363156775,0,0,0,0.0254647908947033,0,0,0,0,0.00282942121052258,0,0,0,0,0,0,0,0,0,0,0.00565884242104517,0,0,0,0,0,0,0,0.0113176848420903,0,0,0,0,0,0,0,0,0,0,0,0,0,0,0,0,0,0,0,0,0,0,0,0,0,0,0,0.565884242104517,0.0254647908947033,0,0,0,0,0,0,0.00282942121052258,0,0,0,0,0,0,0,0,0,0,0.0141471060526129,0,0,0,0,0,0,0,0,0,0,0,0.00565884242104517,0,0,0,0,0,0,0,0,0,0,0,0,0,0,0,0,0,0,0,0,0,0,0,0,0,0,0,0,0,0,0,0,0,0.0481001605788839,0,0,0.0113176848420903,0,0.0113176848420903,0,0,0,0,0,0.0113176848420903,0,0,0,0,0,0,0,0,0,0,0,0,0,0,0,0,0,0,0,0,0,0,0,0,0,0,0,0,0,0,0,0,0,0,0,0,0,0,0,0,0.00282942121052258,0,0,0,0,0,0,0,0,0,0.00282942121052258,0,0,0,0,0,0,0,0,0,0,0,0,0,0,0,0,0,0,0,0,0,0,0,0,0,0,0,0,0,0,0,0,0,0,0,0,0,0,0,0,0,0,0,0,0,0,0,0,0,0,0,0,0,0,0,0,0,0,0.00282942121052258,0.00565884242104517,0,0,0,0.00282942121052258,0,0,0,0,0,0,0,0,0,0,0,0,0.00848826363156775,0,0.00282942121052258,0,0,0,0,0,0,0,0,0,0,0,0,0,0,0,0,0.00282942121052258,0,0,0,0,0,0,0,0,0,0,0,0,0,0,0,0,0,0,0,0,0,0,0.00282942121052258,0,0,0,0,0,0,0,0,0,0,0,0,0,0,0,0,0,0,0,0,0,0,0,0,0,0,0,0,0,0.00282942121052258,0.00282942121052258,0,0,0,0,0,0.00282942121052258,0,0,0,0,0,0,0,0,0,0,0,0.00282942121052258,0,0,0,0,0,0,0,0,0,0,0,0.0282942121052258,0,0,0,0,0.0113176848420903,0,0,0,0,0,0,0,0,0,0,0,0,0,0,0,0,0,0,0,0,0,0,0,0,0,0,0,0,0,0,0,0,0,0,0,0.0113176848420903,0,0,0,0,0.00565884242104517,0,0,0,0,0,0,0,0,0,0,0,0,0,0,0,0,0,0,0,0,0,0,0,0,0,0,0,0,0,0,0,0,0,0,0,0,0,0,0,0,0,0,0,0.00565884242104517,0,0,0,0,0,0,0,0,0,0.00282942121052258,0,0,0,0,0.0169765272631355,0,0,0,0,0,0,0,0,0,0,0,0,0,0,0,0,0,0,0,0,0,0,0,0,0,0,0,0,0,0,0,0,0,0,0,0,0,0.381971863420549,0,0,0,0,0,0.00282942121052258,0,0.0367824757367936,0,0,0,0,0,0,0,0,0,0,0,0,0,0,0,0,0,0,0,0,0,0,0.194098295041849,0,0,0,0,0,0,0,0,0,0,0.670241578048028,0,0,0,0,0,0,0,0,0,0,0,0,0,0,0,0,0,0,0,0,0,0,0,0,0,0,0,0,0,0,0,0,0,0,0,0,0,0,0,1.04091152500734,0,0,0,0,0,0,0,0,0,0,0,0,0,0,0,0,0,0,0,0,0,0,0,0,0,0,0,0,0,1.07437261647296,0,0,0,0,0,0,0,0,0,0,0,0,0,0,0,0,0,0,0,0,0,0,0,0,0,0,0,0,0,1.2371494611181,0,0,0,0.120588026530047,0,0,0,0,0.0133986696144496,0,0,0,0,0,0,0,0,0,0,0.645004181731569,0,0,0,0,0,0,0,0.744726531067405,0,0,0,0,0,0,0,0,0,0,0,0,0,0,0,0,0,0,0,0,0,0,0,0,0,0,0,1.68992840640882,8.8266904803529,0,0,0,0,0,0,0.140994330926856,0,0,0,0,0,0,0,0,0,0,1.35662869732111,0,0,0,0,0,0,0,0,0,0,0,0.00934388060562978,0,0,0,0,0,0,0,0,0,0,0,0,0,0,0,0,0,0,0,0,0,0,0,0,0,0,0,0,0,0,0,0,0,0.719009241919252,0,0,0.678040828411778,0,0.296956251570447,0,0,0,0,0,0.0323734678480109,0,0,0,0,0,0,0,0,0,0,0,0,0,0,0,0,0,0,0,0,0,0,0,0,0,0,0,0,0,0,0,0,0,0,0,0,0,0,0,0,0.0353677651315323,0,0,0,0,0,0,0,0,0,0.0347730779455959,0,0,0,0,0,0,0,0,0,0,0,0,0,0,0,0,0,0,0,0,0,0,0,0,0,0,0,0,0,0,0,0,0,0,0,0,0,0,0,0,0,0,0,0,0,0,0,0,0,0,0,0,0,0,0,0,0,0,0.0243290750675526,0.0370680613024324,0,0,0,0.00785111761276115,0,0,0,0,0,0,0,0,0,0,0,0,1.73542223754706,0,0.361690304072964,0,0,0,0,0,0,0,0,0,0,0,0,0,0,0,0,0.284077391500203,0,0,0,0,0,0,0,0,0,0,0,0,0,0,0,0,0,0,0,0,0,0,0.178449202155441,0,0,0,0,0,0,0,0,0,0,0,0,0,0,0,0,0,0,0,0,0,0,0,0,0,0,0,0,0,0.0477889242457264,0.0204346147065911,0,0,0,0,0,0.0310176353076178,0,0,0,0,0,0,0,0,0,0,0,0.0457968962889391,0,0,0,0,0,0,0,0,0,0,0,0.21594074071863,0,0,0,0,0.080118630866137,0,0,0,0,0,0,0,0,0,0,0,0,0,0,0,0,0,0,0,0,0,0,0,0,0,0,0,0,0,0,0,0,0,0,0,0.0462118048629811,0,0,0,0,0.0363069385884642,0,0,0,0,0,0,0,0,0,0,0,0,0,0,0,0,0,0,0,0,0,0,0,0,0,0,0,0,0,0,0,0,0,0,0,0,0,0,0,0,0,0,0,1.94741196131561,0,0,0,0,0,0,0,0,0,0.426715845172951,0,0,0,0,1.63050421833318,0,0,0,0,0,0,0,0,0,0,0,0,0,0,0,0,0,0,0,0,0,0,0,0,0,0,0,0,0,0,0,0,0,0,0,0,0,0.436657501866924,0,0,0,0,0,0.063117845852256,0,0.165535570863745,0,0,0,0,0,0,0,0,0,0,0,0,0,0,0,0,0,0,0,0,0,0,0,0,0,0,0,0,"KIN-00662"
"821",9011,"nSPC",2015,"PRIAs","Pacific Remote Island Areas","Kingman","Kingman",2015,"BackreefShallow","Kingman","2015-04-28","Backreef","Shallow",6.4106186,-162.35817245,5,27.5,5,4,9,47.5,5,0,2,NA,0.46,0.315233857422869,1.15,2,1,11.2510131568654,17.6780099267411,25.1882751274613,6.60980765777477,60.7271058688426,18.3282520982558,0,0,0,0,0,0,0,0,0,0,0,0,0,0,0,0,0.0452707393683613,0,0,0,0,0.00565884242104517,0,0,0,0,0,0,0,0,0,0,0,0,0,0,0,0,0,0,0,0,0,0,0,0,0,0,0,0,0,0,0,0,0,0,0.00565884242104517,0,0,0,0,0,0,0,0,0,0,0,0,0,0,0,0,0,0,0,0,0,0,0,0,0,0,0,0,0,0.00565884242104517,0,0,0,0,0,0,0,0,0,0,0,0,0,0,0,0,0,0,0,0,0,0,0,0,0,0,0,0,0,0.00565884242104517,0,0,0,0.0113176848420903,0,0,0,0,0,0,0,0,0,0,0,0,0,0,0,0,0,0,0,0,0,0,0,0,0,0,0,0,0,0,0,0,0,0,0,0,0,0,0,0,0,0,0,0,0,0,0,0,0,0,0,0.319724596789052,0.0367824757367936,0,0,0,0,0,0,0.00565884242104517,0,0,0,0,0,0,0,0,0,0,0,0,0,0,0,0,0,0,0,0,0,0,0.0735649514735872,0,0,0,0,0.00565884242104517,0,0,0,0,0,0,0,0,0,0,0,0,0,0,0,0,0,0,0,0,0.00282942121052258,0,0,0,0,0,0,0,0.0198059484736581,0,0,0.00282942121052258,0,0.0113176848420903,0,0,0,0,0,0.0396118969473162,0,0,0,0,0,0,0,0,0,0,0,0,0,0,0,0,0,0,0,0,0,0,0,0,0,0,0,0,0,0,0,0,0,0,0,0,0,0,0,0,0,0,0,0,0,0,0,0,0,0,0.00282942121052258,0,0,0,0,0,0,0,0,0,0,0,0,0,0,0,0,0,0,0,0.00565884242104517,0,0,0,0,0,0,0,0,0,0,0,0,0,0,0,0,0,0,0,0,0,0,0,0,0,0,0,0,0,0,0,0,0,0,0,0,0,0,0.00282942121052258,0.00565884242104517,0,0,0,0,0,0,0,0,0,0,0,0,0,0,0,0,0.00565884242104517,0,0.0113176848420903,0,0,0,0,0,0,0,0,0,0,0,0,0,0,0.067906109052542,0,0.00565884242104517,0,0,0,0,0,0,0,0,0,0,0,0,0,0,0,0,0,0,0,0,0,0,0,0,0,0,0,0,0.00282942121052258,0,0,0,0,0,0,0,0,0.00282942121052258,0,0,0,0,0,0,0,0,0,0,0,0,0,0,0,0,0,0,0,0,0,0.00282942121052258,0.00282942121052258,0,0.00282942121052258,0,0,0,0,0,0,0,0,0,0,0,0,0,0,0,0,0,0,0,0,0.0198059484736581,0,0,0,0,0.00565884242104517,0,0,0,0,0,0,0,0,0,0,0,0,0,0,0,0,0,0,0,0,0,0,0,0,0,0,0,0,0,0,0,0,0,0,0,0,0,0,0,0.00282942121052258,0.00282942121052258,0,0,0,0,0,0,0,0,0,0,0,0,0,0,0,0,0,0,0,0,0,0,0,0,0,0.00282942121052258,0,0,0,0,0,0,0,0,0,0,0,0,0,0,0,0,0,0.00282942121052258,0,0,0,0,0,0,0,0,0,0.00282942121052258,0,0,0,0,0.00282942121052258,0,0,0,0,0,0,0,0,0,0,0,0,0,0,0,0,0,0.0565884242104517,0,0,0,0,0,0,0,0,0,0,0.00282942121052258,0,0,0,0,0,0,0,0,0.481001605788839,0,0,0,0,0.00282942121052258,0,0,0.0424413181578388,0,0,0,0,0,0,0,0,0,0,0,0,0,0,0,0,0,0,0,0,0,0,0,0,0,0,0,0,0,0,0,0,0,2.5798915927044,0,0,0,0,1.13317882867332,0,0,0,0,0,0,0,0,0,0,0,0,0,0,0,0,0,0,0,0,0,0,0,0,0,0,0,0,0,0,0,0,0,0,0.267647684698779,0,0,0,0,0,0,0,0,0,0,0,0,0,0,0,0,0,0,0,0,0,0,0,0,0,0,0,0,0,0.470301922744035,0,0,0,0,0,0,0,0,0,0,0,0,0,0,0,0,0,0,0,0,0,0,0,0,0,0,0,0,0,1.80169709332255,0,0,0,0.0918668750565515,0,0,0,0,0,0,0,0,0,0,0,0,0,0,0,0,0,0,0,0,0,0,0,0,0,0,0,0,0,0,0,0,0,0,0,0,0,0,0,0,0,0,0,0,0,0,0,0,0,0,0,1.13542749171848,15.6226836854294,0,0,0,0,0,0,0.447063356309831,0,0,0,0,0,0,0,0,0,0,0,0,0,0,0,0,0,0,0,0,0,0,0.107965620435363,0,0,0,0,0.0301974388132075,0,0,0,0,0,0,0,0,0,0,0,0,0,0,0,0,0,0,0,0,0.00626202980325584,0,0,0,0,0,0,0,1.50174388339431,0,0,0.274258411104502,0,0.64644914231916,0,0,0,0,0,0.27426843723987,0,0,0,0,0,0,0,0,0,0,0,0,0,0,0,0,0,0,0,0,0,0,0,0,0,0,0,0,0,0,0,0,0,0,0,0,0,0,0,0,0,0,0,0,0,0,0,0,0,0,0.104031106789106,0,0,0,0,0,0,0,0,0,0,0,0,0,0,0,0,0,0,0,0.196560807724632,0,0,0,0,0,0,0,0,0,0,0,0,0,0,0,0,0,0,0,0,0,0,0,0,0,0,0,0,0,0,0,0,0,0,0,0,0,0,0.0243290750675526,0.0289404263066379,0,0,0,0,0,0,0,0,0,0,0,0,0,0,0,0,8.89321804921907,0,2.20937440631984,0,0,0,0,0,0,0,0,0,0,0,0,0,0,15.6127113556233,0,0.71997911052365,0,0,0,0,0,0,0,0,0,0,0,0,0,0,0,0,0,0,0,0,0,0,0,0,0,0,0,0,0.24278201525978,0,0,0,0,0,0,0,0,0.467461127643762,0,0,0,0,0,0,0,0,0,0,0,0,0,0,0,0,0,0,0,0,0,0.110140412162358,0.178309917462687,0,0.740718469869592,0,0,0,0,0,0,0,0,0,0,0,0,0,0,0,0,0,0,0,0,0.138295924685449,0,0,0,0,0.0261296657672941,0,0,0,0,0,0,0,0,0,0,0,0,0,0,0,0,0,0,0,0,0,0,0,0,0,0,0,0,0,0,0,0,0,0,0,0,0,0,0,0.326238805641032,0.0401284443440231,0,0,0,0,0,0,0,0,0,0,0,0,0,0,0,0,0,0,0,0,0,0,0,0,0,0.160122508939768,0,0,0,0,0,0,0,0,0,0,0,0,0,0,0,0,0,0.900131336651796,0,0,0,0,0,0,0,0,0,0.853949129567643,0,0,0,0,0.951487946606965,0,0,0,0,0,0,0,0,0,0,0,0,0,0,0,0,0,0.389852280693489,0,0,0,0,0,0,0,0,0,0,0.195846095096007,0,0,0,0,0,0,0,0,0.478051934176869,0,0,0,0,0.0393876487339628,0,0,0.308024374199299,0,0,0,0,0,0,0,0,0,0,0,0,0,0,0,0,0,0,0,0,0,0,0,0,0,0,0,0,"KIN-00272"
"822",9012,"nSPC",2015,"PRIAs","Pacific Remote Island Areas","Kingman","Kingman",2015,"BackreefMid","Kingman","2015-04-28","Backreef","Mid",6.39032325,-162.342779,13.5,35,0,3.5,2.5,51,0,0,8,NA,0.7075,0.455787536449215,1.75,2,1,22.1225209704173,0.599858205428426,19.9631038540537,4.81529021796674,47.5007732478662,15.2731782779287,0,0,0,0,0,0,0,0,0,0,0,0,0,0,0,0,0.0509295817894065,0,0,0,0,0.00282942121052258,0,0,0,0,0,0,0,0,0,0,0,0,0,0,0,0,0,0,0,0,0,0,0,0,0,0,0,0,0.00565884242104517,0,0,0,0,0,0,0,0,0,0,0,0,0,0,0,0,0,0,0,0,0,0,0,0,0,0.00282942121052258,0,0,0,0,0,0,0,0,0,0.00565884242104517,0,0,0,0,0,0,0,0,0,0,0,0,0,0,0,0,0,0,0,0,0,0,0,0,0,0,0,0,0,0.00565884242104517,0,0,0,0.0113176848420903,0,0,0,0,0,0,0,0,0,0,0,0,0,0,0,0,0,0,0,0,0,0,0,0.00565884242104517,0,0,0,0,0,0,0,0,0,0,0,0,0,0,0,0,0,0,0,0,0,0,0,0,0,0.00565884242104517,0,0.0509295817894065,0.0311236333157484,0,0,0,0,0,0,0.00565884242104517,0,0,0,0.0169765272631355,0,0,0,0,0,0,0,0,0,0,0,0,0,0,0,0,0,0,0,0,0,0,0,0.0113176848420903,0,0,0,0,0,0,0,0,0,0,0,0,0,0,0,0,0,0,0,0,0,0,0,0,0,0,0,0,0.0141471060526129,0,0,0,0,0.0282942121052258,0,0,0,0,0.0113176848420903,0.00282942121052258,0,0,0,0,0,0,0,0,0,0,0,0,0,0,0,0,0,0,0,0,0,0,0,0,0,0,0,0,0,0,0,0,0,0,0,0,0,0,0,0,0.00848826363156775,0,0,0,0,0,0,0,0,0,0,0,0,0,0,0,0,0,0,0,0,0,0,0,0,0,0,0,0,0,0,0,0,0,0,0,0,0,0,0,0,0,0,0,0,0,0,0,0,0,0,0,0,0,0,0,0,0,0,0,0,0,0,0,0,0,0,0,0,0,0.00848826363156775,0,0,0,0,0.00282942121052258,0,0,0,0,0,0,0,0,0,0,0,0.0113176848420903,0,0.00282942121052258,0,0,0,0,0,0,0,0,0,0,0,0,0,0,0,0,0,0,0,0,0,0,0,0,0,0,0,0,0,0,0,0,0,0,0,0,0,0,0,0,0,0,0,0,0,0,0,0,0,0,0,0,0,0,0,0,0,0,0,0,0,0,0,0,0,0,0,0,0,0.00282942121052258,0,0,0,0,0,0,0,0,0,0,0,0,0,0,0,0,0,0,0,0,0,0,0,0,0,0,0,0,0,0,0,0,0,0,0,0,0,0,0,0,0,0,0,0,0,0,0,0,0,0,0,0,0,0,0,0,0,0,0,0,0,0,0,0,0,0,0,0,0,0,0,0.00282942121052258,0,0,0,0,0.00565884242104517,0,0,0,0,0,0,0,0,0,0,0,0,0,0,0,0,0,0,0,0,0,0,0,0,0,0,0,0,0,0,0,0,0,0,0,0,0,0,0,0,0,0,0,0.0169765272631355,0,0,0,0,0,0,0,0,0,0.00282942121052258,0,0,0,0,0,0,0,0,0,0,0,0,0,0,0,0,0,0,0,0,0,0,0,0,0,0,0,0,0,0,0,0,0,0,0,0,0,0,0,0,0,0,0.0113176848420903,0,0,0,0,0.0141471060526129,0.00848826363156775,0,0,0,0,0,0,0,0,0,0,0,0,0,0,0.0113176848420903,0,0,0.00565884242104517,0,0,0,0,0,0,0,0,0,0,0,0,0,0,0,0,0,2.01926615718552,0,0,0,0,0.468452961248233,0,0,0,0,0,0,0,0,0,0,0,0,0,0,0,0,0,0,0,0,0,0,0,0,0,0,0,0,0.0355615804844531,0,0,0,0,0,0,0,0,0,0,0,0,0,0,0,0,0,0,0,0,0,0,0,0,0,0.387383452121338,0,0,0,0,0,0,0,0,0,0.882847133386155,0,0,0,0,0,0,0,0,0,0,0,0,0,0,0,0,0,0,0,0,0,0,0,0,0,0,0,0,0,1.77114565433195,0,0,0,0.0867567929165559,0,0,0,0,0,0,0,0,0,0,0,0,0,0,0,0,0,0,0,0,0,0,0,0.589454889909003,0,0,0,0,0,0,0,0,0,0,0,0,0,0,0,0,0,0,0,0,0,0,0,0,0,0.281988661853712,0,0.170744818254438,7.86163519745267,0,0,0,0,0,0,0.402642970569021,0,0,0,0.464810857324217,0,0,0,0,0,0,0,0,0,0,0,0,0,0,0,0,0,0,0,0,0,0,0,0.0727247888422886,0,0,0,0,0,0,0,0,0,0,0,0,0,0,0,0,0,0,0,0,0,0,0,0,0,0,0,0,0.497357242091453,0,0,0,0,1.26359215665168,0,0,0,0,0.0186487763883435,0.00485052669133039,0,0,0,0,0,0,0,0,0,0,0,0,0,0,0,0,0,0,0,0,0,0,0,0,0,0,0,0,0,0,0,0,0,0,0,0,0,0,0,0,0.274772167306874,0,0,0,0,0,0,0,0,0,0,0,0,0,0,0,0,0,0,0,0,0,0,0,0,0,0,0,0,0,0,0,0,0,0,0,0,0,0,0,0,0,0,0,0,0,0,0,0,0,0,0,0,0,0,0,0,0,0,0,0,0,0,0,0,0,0,0,0,0,0.0362953426464654,0,0,0,0,0.0564893944680834,0,0,0,0,0,0,0,0,0,0,0,20.2877682579143,0,0.186382651113008,0,0,0,0,0,0,0,0,0,0,0,0,0,0,0,0,0,0,0,0,0,0,0,0,0,0,0,0,0,0,0,0,0,0,0,0,0,0,0,0,0,0,0,0,0,0,0,0,0,0,0,0,0,0,0,0,0,0,0,0,0,0,0,0,0,0,0,0,0,0.0636070581710619,0,0,0,0,0,0,0,0,0,0,0,0,0,0,0,0,0,0,0,0,0,0,0,0,0,0,0,0,0,0,0,0,0,0,0,0,0,0,0,0,0,0,0,0,0,0,0,0,0,0,0,0,0,0,0,0,0,0,0,0,0,0,0,0,0,0,0,0,0,0,0,0.0102062881905971,0,0,0,0,0.0432319935963395,0,0,0,0,0,0,0,0,0,0,0,0,0,0,0,0,0,0,0,0,0,0,0,0,0,0,0,0,0,0,0,0,0,0,0,0,0,0,0,0,0,0,0,3.72990556917212,0,0,0,0,0,0,0,0,0,3.6816375113039,0,0,0,0,0,0,0,0,0,0,0,0,0,0,0,0,0,0,0,0,0,0,0,0,0,0,0,0,0,0,0,0,0,0,0,0,0,0,0,0,0,0,0.00916591001148791,0,0,0,0,0.323723385240538,0.358985001650023,0,0,0,0,0,0,0,0,0,0,0,0,0,0,0.804237833347449,0,0,0.354500266031522,0,0,0,0,0,0,0,0,0,0,0,0,"KIN-00361"
